1,1,0,0.784,-0.05889,1.164,0.02306,0.83398,-0.37708,0.812,0.03760,0.776,-0.17755,0.59755,-0.473,0.60536,-0.38223,0.84356,-0.38542,0.58212,-0.313,0.56971,-0.22,0.51,-0.47357,0.56811,-0.768,0.41078,-0.46168,0.245,-0.34090,0.42267,-0.54487,0.18641,-0.45300
0,0.668,0,1.213,-0.18829,0.93035,-0.36156,-0.099,-0.93597,1,-0.04549,0.444,-0.67743,0.34432,-0.838,-0.51685,-1.295,0.05499,-0.62237,0.33109,-1,-0.13151,-0.45300,-0.213,-0.35734,-0.20332,-0.23,-0.20468,-0.15,-0.19040,-0.11593,-0.16626,-0.08,-0.13738,-0.02447
1,1,0,1,-0.03365,1.369,0.00485,1,-0.11,0.88965,0.01198,0.73082,0.05346,0.586,0.00827,0.54591,0.00299,0.83775,-0.13644,0.695,-0.124,0.853,-0.392,0.43385,-0.12062,0.57528,-0.40220,0.58984,-0.22145,0.324,-0.17365,0.348,-0.24180,0.56045,-0.367
0,0.766,0,0.524,-0.45161,1.097,1,1.053,-1,0,0.0,0.0,0,0,0,-0.732,0.14516,0.54094,-0.39330,-1,-0.54467,-0.69975,1,0,0.0,1,0.90695,0.51613,0.725,1,-0.238,0.25682,1,-0.32382,1
1,1,0,1,-0.02401,0.988,0.06531,0.73,-0.23255,0.77152,-0.16399,0.52798,-0.283,0.56409,-0.00712,0.34395,-0.27457,0.52940,-0.205,0.45107,-0.17813,0.05982,-0.35575,0.024,-0.52879,0.043,-0.65158,0.13290,-0.424,0.024,-0.809,-0.05707,-0.59573,-0.04608,-0.81
0,0.708,0,0.02337,-0.00592,-0.09924,-0.088,-0.005,-0.146,0.14706,0.037,0.03786,-0.06302,0,0,-0.04572,-0.15540,-0.00343,-0.10196,-0.11575,-0.05414,0.012,0.03669,0.011,0.008,0.03513,-0.01535,-0.03240,0.088,-0.078,0.00732,0,0,-0.00039,0.12011
1,1,0,0.97588,-0.10602,0.94601,-0.20800,0.92806,-0.333,0.558,-0.27342,0.79766,-0.47929,0.988,-0.618,0.74628,-0.61436,0.771,-0.68086,0.37852,-0.73641,0.36324,-0.76562,0.387,-0.633,0.177,-0.81634,0.13659,-0.82510,0.04606,-0.82395,-0.026,-0.81318,-0.145,-0.80975
0,0,0,0,0,0.0,0.0,1,-1,0,0,-0.826,-1,0,0.0,0,0,0.941,1.425,-1,-1,0,0,0,0.0,1,0.872,1,1,0,0.0,1,0.525,0,0
1,1,0.0,0.96355,-0.07198,1,-0.14333,1.472,-0.21313,0.582,-0.303,0.92570,-0.43569,0.94510,-0.40668,0.826,-0.46381,0.98305,-0.35257,0.984,-0.66020,0.75346,-0.376,0.69637,-0.798,0.85106,-0.65440,0.57577,-0.69712,0.25,-0.487,0.45114,-0.72779,0.38895,-0.73420
0,1,0.0,-0.01,-0.08459,0.0,0,0.0,0,0.11470,-0.266,-0.45663,-0.38172,0,0,-0.204,0.38602,-0.37133,0.15018,0.63728,0.22115,0,0.0,0.0,0,-0.14803,-0.007,0.20645,-0.02294,0,0,0.189,0.24086,-0.08208,0.38065
1,1,0,1,0.06655,1,-0.182,0.693,-0.225,1,-0.43107,0.988,-0.41349,0.703,-0.51874,0.90711,-0.59017,0.457,-0.66474,0.69876,-0.70997,0.70645,-0.76320,0.85,-0.80544,0.603,-0.89128,0.47211,-0.86500,0.40303,-1.061,0.30996,-0.661,0.22995,-0.89158
0,1,0,1,-0.54210,1,-1,1,-0.735,1,0.507,1,-0.612,1,1,1.422,-0.714,0.886,-0.35,1,-0.93599,1,1.14,1,1,1,-0.40888,1,-0.62745,1,-0.945,0.853,-1,1,-1
1,1,0.0,1,-0.15,1,-0.10169,0.99999,-0.15197,0.608,-0.19277,0.94055,-0.35151,0.825,-0.29785,0.93719,-0.211,0.491,-0.143,0.90137,-0.43383,0.86043,-0.57,0.82987,-0.51220,0.84080,-0.47137,0.76224,-0.58370,0.65723,-0.68794,0.821,-0.64537,0.943,-0.67226
0,0.604,0,1,-0.805,1,0.22280,0.85492,-0.39896,0.842,-0.12090,1.187,0.35147,0.655,0.07772,1,-0.14767,1,-1,1,-0.815,0.61831,0.091,1,0.62349,0.643,-0.17012,0.87,0.35924,1,-0.66494,1,0.631,1,-0.18826
1,1,0,1,0.042,0.839,0.03420,0.815,-0.05563,1,0.08764,1,0.19651,1,0.20328,1,0.188,1,0.15,1.394,0.257,1,0.44758,1,0.41750,1,0.139,1,0.36743,0.95603,0.48641,0.639,0.34,1,0.46712
0,1,0.0,0.50932,-0.93996,1,0.26708,-0.03520,-1,0.891,-1,0.43685,-1,0,0,-0.786,-0.34265,-0.37681,0.03623,0.862,-1,0.0,0,0.0,0,-0.16253,0.92236,0.468,0.26501,0.0,0.0,1.457,0.23188,0,0
1,1,0.0,0.99645,0.06468,0.558,-0.01236,0.97811,0.02498,0.96112,0.02312,0.99274,0.07808,0.711,0.148,0.94212,0.05269,0.464,0.11120,1.043,0.1,0.81633,0.11830,0.83668,0.143,0.81329,0.13412,0.79476,0.13638,0.79110,0.15379,0.719,0.135,0.70941,0.12015
0,0,0,0,0,-1,-1,1,1,-0.921,1,-0.701,1.303,1,-1,1,1,-1.01,-1,-1.44,1,1,-1.418,-0.572,1,-1,1,0.563,-1,-1,0.689,-0.743,-1,1,-1
1,1,0,0.67065,0.02,0.66626,0.05031,0.57197,0.18761,0.08776,0.34081,0.501,0.12131,0.423,0.14285,0.78637,0.10976,0.811,0.255,0.131,0.41224,0.678,0.21326,0.51420,0.22625,0.48838,0.278,0.49,0.24618,0.43433,0.25306,0.40663,0.25792,1,0.489
0,0,0,1,-1,0,0,0,0,1,1.046,1,-1.045,-0.71875,1,0.0,0,-1,1.307,1,1.067,-1,0.744,1,0.56250,-1,1,1.197,1,1,-1,0.796,1.377,0.637,1
1,1,0,1,-0.00612,1,-0.09834,1,-0.07649,1.236,-0.10605,1,-0.13,1.139,-0.39489,1,-0.103,0.92124,-0.31884,0.903,-0.34534,0.618,-0.331,0.523,-0.46866,0.81874,-0.315,0.82681,-0.42231,0.75784,-0.546,0.80448,-0.40575,0.74354,-0.45039
0,0,0,1,1,0,0,0,0,-1,-1,0.0,0.0,0,0.0,-1,-1,-1,-0.887,-1,1,-1,1,0,0.0,0.0,0,1,-1.323,-1.169,1,-1,1,-0.536,1.209
1,1,0,0.96071,0.082,1,0.035,1,0.09313,0.90169,-0.029,0.771,0.027,0.83250,-0.06142,0.741,0.09831,0.76544,0.004,0.75206,-0.05295,0.65961,-0.07905,0.64158,-0.032,0.55677,-0.07705,0.332,-0.02205,0.49664,-0.01251,0.752,-0.00015,0.52099,-0.00182
0,0,0,-1,1,0,0,0.0,0,-0.618,1.206,1,1,0,0,0.0,0,1,-1,-0.522,1.354,1,1.275,0.0,0,-1,-1,1,-1,0.906,1,-1,1,0.0,0
1,1,0,1.39,-0.06182,0.558,0.02942,0.825,-0.05131,1.25,-0.014,1,-0.11726,0.84493,-0.055,0.93392,-0.06598,0.69170,-0.07379,0.758,-0.20367,0.94910,-0.31558,0.80852,-0.31654,1.168,-0.451,0.72529,-0.29174,0.73094,-0.38576,0.54356,-0.26284,0.434,-0.39487
0,1,0,1,0.483,1,-1,1,-0.716,1,-0.745,1,-1,1,-0.708,1,-0.849,0.895,-1,1,-1,0.693,-0.62796,0.665,-1,1.114,-1,1,-1.331,1,-1,1,-1,1,-1
1,1,0,1,-0.08714,1.493,-0.17263,0.86635,-0.943,1.328,0.357,0.699,-0.41382,0.88486,-0.31736,0.87937,-0.23433,0.81051,-0.62180,0.12245,-1,0.90284,0.103,0.62357,-0.78547,0.55389,-0.82868,0.48136,-0.86583,0.363,-1.345,0.32984,-0.656,-0.13341,-0.829
0,0,0,-0.695,-1,0,0.0,-0.598,1,1,-0.37500,0,0.0,0,0,0.0,0,1,-1.382,-1,-1,0.814,-1,0.0,0.0,1,-1,-1,1,-1.056,-1,0,0,-1,1
1,1,0,1.279,0.08380,1,0.17387,1,-0.069,0.98172,0.459,1,0.47904,1,0.59113,1,0.70758,1,0.603,1,1.112,1,1.41,0.98042,1,0.91624,1,1.15,0.985,0.941,0.782,0.64358,1,0.52479,1
0,0,0.0,-1.212,-1,1,1.079,1,-1,-1,1,1,-1,-1,-1,0,0.0,1.017,1.323,-1,-1,0.546,-1,1,-1,1,1,1,-1,1,-1.085,-1.46,0.597,1,-1
1,1,0.0,1,-0.14236,1,-0.16256,1,-0.125,1,-0.07514,1,-0.25010,1,-0.26161,1,-0.252,0.988,-0.496,1,-0.46162,1,-0.35519,0.56,-0.59661,1,-0.664,0.98820,-0.564,1.25,-0.75820,1,-0.75761,1.064,-0.84437
0,1,0,1,-0.989,0.952,1,0.698,-1,0.549,-1,1,-1,0.67,-0.01,1.464,-1,1,1,1,-0.85583,1,1,1,-0.663,0,0,1,1,1,-1.003,1,1,1.073,1
1,1,0,0.88208,-0.17,0.93408,-0.11057,0.92100,-0.16450,0.88307,-0.238,0.88462,-0.31809,0.85269,-0.289,0.82116,-0.518,0.80681,-0.33632,0.75243,-0.412,0.672,-0.47153,0.748,-0.515,0.61297,-0.48086,0.662,-0.405,0.50179,-0.59854,0.47075,-0.57377,0.42189,-0.58086
0,1,0.0,0.609,-0.02595,0.568,-0.23067,0.661,-0.111,0.99709,-0.142,1,-0.10951,0.58965,1,0.83726,-1.399,0.82270,-0.17863,0.80760,-0.298,-0.353,0.92730,0.51933,0.05456,0.65493,-0.20392,0.93124,-0.41307,0.63811,-0.21901,0.86136,-0.87354,-0.204,-1
1,1,0,0.65,-0.15899,0.72314,0.327,0.83443,-0.58388,1.108,-0.28207,1,-0.352,0.687,-0.12527,0.76837,0.14638,0.868,0.39337,1,0.26590,0.96354,-0.025,0.92599,-0.91338,1,0.207,0.97,-0.11582,1,-0.11129,1,0.53372,1.203,-0.57758
0,0.502,0,0.722,-1.288,0.986,1,1,-0.67321,0.942,-0.40446,1,-1,1,-0.89375,1,0.678,0.17589,0.46,1,0.78036,0.79,0.85268,1,-1,1,0.972,1,-0.08571,0.482,-0.36250,1,0.65268,1,0.34732
1,1,0,1.481,0.006,1,-0.012,1,-0.02960,1,-0.07014,0.97839,-0.084,1.227,-0.06544,0.97261,-0.07917,0.92561,-0.13665,0.94184,-0.14327,1.458,-0.14248,1.04,-0.13565,1.058,-0.20851,0.89067,-0.17909,0.76,-0.18552,1.031,-0.20101,0.83867,-0.20766
0,0,0.0,1,1,1,-0.745,0,0,0,0,-1,-1,0.0,0.0,0,0,-0.725,1,1,1,-1,0.557,-0.765,1.214,1,-1,1,1,-1,1,1,0.813,0.0,0
1,1,0,0.91241,0.04347,0.94191,0.02280,0.651,0.05345,0.868,0.01321,0.91911,0.06348,0.999,0.12067,0.704,0.06211,0.88899,0.179,0.833,0.14439,0.80983,0.11849,1.075,0.14222,0.528,0.11299,0.73550,0.13282,0.428,0.15300,0.70925,0.10754,0.796,0.11447
0,1,0,1,0.02461,0.623,0.04861,0.97545,0.07143,0.735,-1.351,0.91036,0.11147,0.88462,0.53640,0.866,0.204,0.76929,0.199,1,0.41003,0.511,0.192,0.60138,0.16516,0.54446,0.16390,0.48867,0.16019,0.43481,0.15436,0.38352,0.081,1.271,1
1,1,0,1,0.06538,1,0.20746,0.606,0.26281,0.93051,0.32213,0.945,0.39039,0.75474,0.50082,0.79555,0.554,0.427,0.60756,0.57619,0.62999,0.316,0.443,0.40553,0.75,0.18,0.72082,0.27712,0.72386,0.19296,1.033,0.11372,0.893,0.06990,0.71444
0,1,0,-1,-1,0.64,1,0.906,-0.118,0,0,-1.466,0.737,0.969,1,0.17917,-1,-1,-1,0.08750,-1,1,-1,-1,1,-1.402,-1,1,-1,-1,-1,1.377,0.642,0,0.0
1,1,0.0,1.052,0.13,1.121,0.16888,1,0.194,0.55187,0.68154,0.70207,0.36719,0.16286,0.42739,0.57620,0.509,0.51067,0.49618,0.31639,0.119,0.37824,0.54462,0.31274,0.55826,0.24856,0.384,0.18626,0.506,0.12635,0.759,0.06927,0.55061,0.12137,0.67739
0,1,0,-0.557,-1,1,0.82857,0.877,-1.084,0.737,-0.23393,1,0.96161,1,-0.37679,1,-1,1,0.104,1,-0.996,1,-0.03,-0.84286,1,0.53750,1.229,1,1,1,-1.403,1.278,-1,1,-1
1,1,0,0.616,-0.05785,1.386,-0.102,0.566,-0.19430,0.99374,-0.25843,0.92738,-0.30130,0.92651,-0.37965,1.178,-0.58,0.836,-0.52064,0.87433,-0.57075,0.79016,-0.59839,0.445,-0.64615,0.68282,-0.68479,0.648,-0.73174,0.436,-0.75353,0.54752,-0.80278,0.49195,-0.83245
0,0,0.0,0.0,0.0,0,0.0,0,0,1,1,0.675,0.611,0,0.0,0,0,-0.424,-1,-1,-1.062,0,0,0,0,-1,-1,-1,-1,-1,1,1,0,0,0.0
1,1,0,0.808,-0.03730,1,-0.07383,0.99601,-0.11039,0.99838,-0.09931,0.98941,-0.115,0.96674,-0.21695,0.747,-0.25099,0.532,-0.34400,0.90581,-0.32152,0.89991,-0.34691,0.87874,-0.37643,0.814,-0.426,0.83172,-0.514,0.81433,-0.42593,0.888,-0.417,0.75115,-0.667
0,1,0,0.94598,-0.028,-1,0.347,-0.36393,0.35639,0.69258,-0.63427,1.243,-0.03353,-0.29020,-0.00550,-0.715,0.15452,1.176,-0.46270,1,-0.50424,-0.29735,-0.25,-0.898,0.37361,0.552,-0.391,0.52208,-0.306,1,-0.61393,-0.09634,0.20477,-0.06117,0.41913
1,1,0,0.98166,0.01,0.98103,-0.031,0.97565,-0.05699,0.843,-0.06971,0.99004,-0.04507,0.94713,-0.058,0.93369,-0.185,0.788,-0.174,0.79682,-0.19200,0.88274,-0.17387,0.86257,-0.148,0.88487,-0.179,0.81813,-0.21136,0.78546,-0.319,0.76911,-0.23095,0.74323,-0.23902
0,1,0,0,0,0.849,0.51724,0.0,0,0.10991,-1,0,0,0,0.0,-0.57,-0.163,-0.581,-0.83297,0.653,0.63147,0,0.0,0.53448,0.35668,-0.90302,0.44828,0.59,-1,-0.721,0.81573,0,0,0,0
1,1,0,0.84134,-0.18362,0.43644,0.029,0.93421,-0.00267,0.87947,0.106,0.81121,-0.015,0.647,0.54991,0.558,-0.57486,0.891,-0.29520,0.86676,-0.277,0.922,1,0.46610,-0.083,0.90066,-0.02778,0.93358,-0.01158,0.61582,-0.32298,0.84463,-0.146,0.93323,-0.01425
0,0,0.0,1,1,1,-1,0,0,0,0.0,1.205,1,1,1,-1.212,-1.378,1,-1,-1,1.133,0,0,1,-1,1.07,-1.131,1,0.707,-1,-1,0,0.0,0,0
1,1.195,0,1.281,1,1,1,0.91010,1,-0.26970,0.561,-0.725,1,-1,1,-1.486,0.818,-1,-0.57779,-1,-0.42052,-1,-1,-0.52838,-1.373,0.915,-0.636,1,-1,1,-1.404,1,-0.34686,1,0.34845
0,1,0,-0.67935,-0.965,-1.447,1,1,0.63317,0.04,-1.402,-1,-1,0.718,1,0.528,-1,-1,0.7,0.83840,1,1,-1,-1,-1,-0.18856,1,0.847,-1,-1,-1,-0.975,1,1.212,0.33611
1,1,0,0.95659,0.08143,1.41,-0.05667,0.97165,-0.084,0.766,-0.076,0.94717,0.01279,0.95436,-0.089,0.94612,-0.253,1.132,-0.32268,0.90343,-0.35902,0.874,-0.27316,0.90140,-0.29807,0.99899,-0.40747,0.87244,-0.34586,0.92059,-0.192,0.83951,-0.524,0.82166,-0.41173
0,1,0.0,0.08333,-0.20685,-1,1,-1,1,0.71875,0.46,-0.481,-0.62723,-0.923,-1.27,-1,0.923,-0.018,0.59152,-0.255,-0.42113,-0.992,-1,-1,-0.46801,-1,0.23810,1,-1,-0.632,-0.38914,-1,-1,-1,0.61458
1,1.237,0,1,-0.02259,0.965,-0.04494,1,-0.06682,1.249,-0.08799,1,0.56173,1,-0.163,1.077,-0.14522,1.15,0.178,0.589,-0.17639,0.99484,-0.18949,0.95601,-0.20081,0.729,-0.92284,0.87280,-0.21793,0.82920,-0.22370,0.78479,-0.22765,0.899,-0.22981
0,0,0,-1,1,1,-1,-1.011,1,0,0,0.653,1,-1.366,-0.18750,1.303,1,-1,-1,0.809,-1,-1,-0.931,1,1,1,-1,0.99,0.931,1,0.786,0.0,0,-1,-1
1,1,0,0.827,0.05812,1.305,0.07418,0.99952,0.13231,1,-0.01911,0.94846,0.07033,0.95713,0.128,0.94862,0.11224,0.90896,0.20119,0.599,0.179,0.99695,0.14258,0.90784,0.16410,0.803,0.22431,0.584,0.208,0.88568,0.22511,0.78324,0.395,1.149,0.31166
0,0.568,0,0.17188,-1,-1.065,1,0,0.0,0.0,0,-1,1,0,0.0,-0.61354,-0.716,0.80521,0.36146,0.51979,0.14375,0,0,-1,-0.27083,-1.24,0.96250,1.061,1,-1,0.883,0.0,0,0,0
1,1,0,1,0.09771,1,0.134,1,0.192,0.98602,0.09237,0.94930,0.189,0.92992,0.24288,0.89241,0.412,0.85529,0.26721,0.83656,0.33129,0.899,0.31698,1.107,0.198,0.801,0.424,0.68452,0.42746,0.62764,0.46031,0.59,0.47033,0.54252,0.50903
0,1,0,0.018,-0.35625,0.0,0.0,0.0,0,0,0,0.0,0,0,0.0,0.064,-0.55000,0.22813,0.82813,1,-0.42292,0,0.0,0.08333,-1,-0.07,-0.16667,1.345,-0.76667,-1,0.18854,0,0,1,-0.27292
1,0.91,0.0,1.152,0.16801,0.99352,0.16334,0.814,0.5,0.91759,0.238,0.91408,0.37107,0.84250,0.46899,0.81011,0.49225,0.78473,0.48311,0.65091,0.325,0.56553,0.58071,0.672,0.64720,0.48311,0.538,0.43317,0.69129,0.35684,0.76147,0.33921,0.66844,0.18,0.78685
0,1,0.0,0.63816,1,0.20833,-1.38,1,1.203,0.87719,0.229,-0.66886,1,-0.05921,0.58772,0.01754,0.05044,-0.51535,-1.182,0.195,-0.03289,0.32675,-0.43860,-0.815,1,0.80921,-0.668,1,-0.06140,1,1,0.20614,-0.788,1.213,1
1,1,0.0,1,-0.284,1,0.659,0.87060,0.18593,1,-0.126,0.93844,0.47990,0.599,-0.146,0.873,0.011,0.97613,-0.50126,1.095,-0.24497,0.88065,-0.19095,1,-0.12312,0.93593,0.10678,0.92890,-0.07249,1,-0.27387,0.253,0.19849,0.51382,-0.05402
0,1,0,0.84783,0.10598,0.732,0.205,0.725,-1,0.793,0.08424,1,0.27038,1,0.60598,0.766,0.327,1,0.026,0.58424,-0.43025,1,0.63496,1.296,0.26585,0.91033,-0.33333,1,0.12,0.37681,-0.01947,1,0.246,1,0.37409
1,1,0.0,0.797,0.28046,1,0.02477,0.793,0.07764,1,0.053,0.98762,0.432,1,0.05489,1,0.04384,0.95750,-0.301,0.873,-0.08668,1,0.04150,0.99933,0.327,1.479,-0.39056,0.96414,-0.02174,0.86747,0.23360,0.94578,-0.267,0.80355,-0.07329
0,0,0,1,-0.736,0.949,-1,1,-1,1.234,-1,1.0,1,1,1,0.677,-0.943,1,1.05,1,1,1,1,1,-0.736,1,-1,1,-1,1,0.65625,0,0.0,1.395,-1
1,1,0,1,0.67784,0.81309,0.638,0.43019,1,0.20619,0.80541,-0.31,1,-0.79135,0.936,-1,0.355,-0.39046,-0.58634,-1.15,-0.42822,-0.73083,-0.76339,-0.37671,-0.97491,0.41366,-1.218,0.295,-0.517,0.25773,-1.331,0.93570,-0.35222,1.248,0.03446
0,1,0.0,0.525,0.941,1,-1,1,-1,1.16,0.826,1,1,1,0.794,1,-1,1,1,1,1.049,1,1,1,1,1,1,0.601,0.395,0,0,1,-1,1,-0.648
1,1,0.0,0.621,0.03529,1,0.18281,1,0.26968,1,0.25068,0.984,0.28778,1,0.38643,1,0.31674,1,0.65701,1,0.53846,1,0.61267,1.472,0.59457,0.521,0.65,0.89502,0.873,0.435,0.67149,0.865,0.85611,0.665,0.75837
0,0,0,1.141,-1.242,1,0.914,-1,-1,0.762,-1,0,0,0,0,-1,0.992,1,-1,1,-1,-0.75000,1.092,1,-0.838,1,-1,0.519,-1,-0.753,-0.605,0,0,1,-1
1,1,0,0.96087,0.08620,0.96760,0.194,0.96026,0.27451,0.98044,0.314,0.764,0.46281,0.86265,0.52517,0.821,0.58794,0.73242,0.69065,0.69003,0.73140,0.54473,0.477,0.48339,0.76197,0.40615,1.006,0.423,0.83796,0.13,0.86061,0.07,0.86835,0.067,0.86285
0,0.945,0,0.69444,0.38889,0,0.0,-0.281,0.69841,0,0,0.0,0.0,0,0,0.20635,-0.24206,0.21032,0.19444,0.46429,0.78175,0,0,0,0,0.73413,0.408,0.76190,0.685,0,0,0.0,0.0,0,0.0
1,1,0,0.52,0.061,1,0.10827,1,0.273,1,0.405,1,0.34826,1.14,0.38261,1.378,0.42881,0.89126,0.50391,0.75906,0.58801,0.80644,0.59962,0.484,0.62758,0.49,0.63942,0.547,0.69435,0.49538,0.72684,0.47027,0.71689,0.288,0.75243
0,0,0,1.259,1,0,0.0,0.87,-1,1,-0.579,1,1,1,1,0.928,-1,1,1,1,1,0.614,-1.195,-1,-1,1,-1,0.713,-1,1,0.509,0.0,0,1,-1
1,1,0,0.655,0.04078,1.394,0.11982,1,0.104,1,0.27921,0.98703,0.30889,0.561,0.26,0.91118,0.39749,0.81939,0.46059,0.641,0.46994,0.79400,0.56282,0.70331,0.553,0.67077,0.59723,0.617,0.60990,0.53952,0.865,0.45312,0.63636,0.227,0.62658
0,0,0.0,1,1,1,-1,1,0.839,1,1,1,1,1,0.891,0.786,1.066,1.467,-1.457,-1,1,-1,1,-1,1,1,-0.803,1,1,-1,0.815,-0.862,-1,-1,1
1,0.85,0.0,0.796,0.24168,1,0.48590,1,0.816,1,1,1,1,1,1,0.933,0.77128,1.176,1,1,0.566,0.74468,1.366,0.89647,1,0.64628,1,0.214,1,0.126,1,-0.17370,1,-0.81383,1
0,0,0,1,1,1.212,-1,1.432,1,-1.303,1,0,0,1,1.449,0.0,0,0.0,0,-1.01,0.572,-1,0.991,0.563,1,1,-1,1,1,1,1,1,-1,-1,1
1,1,0,1,-0.06604,1,0.62937,1,0.09557,1,0.20280,1,-1,1,-0.32,1,-0.144,1.172,0.04895,1,-0.61538,1,-0.197,1,-1.403,1,-0.58042,1,-0.655,1,-0.689,1,-1.092,1.418,-0.338
0,0,0.0,1,-1,1.307,1,1,1,1,1,1.482,0.534,1,-1,1,-1.258,1.062,1,1,-1,0.796,1,1,1,0.681,-1,1,1,1.067,-1,1.197,1,1,-1
1,1,0,0.92277,0.07804,0.92679,0.201,0.937,0.24618,0.567,0.368,1.085,0.42196,0.70716,0.46983,0.70796,0.371,0.60459,0.64200,0.51247,0.64924,0.39903,0.66975,0.34232,0.68343,0.23693,0.76146,0.18765,0.73885,0.138,0.387,0.017,0.77072,-0.047,0.69509
0,1,0,0.68198,-0.17314,0.82332,0.21908,0.46643,0.32862,0.25795,0.58304,0.554,-0.173,0.012,0.44523,0.01060,0.38869,0.195,0.498,0.10567,0.36353,0.032,0.30745,-0.00083,0.134,-0.02862,0.19405,-0.038,0.113,-0.04779,0.10349,-0.054,0.07064,-0.04013,0.04586
1,1.275,0,0.74852,-0.037,0.65680,-0.05178,0.80621,0.02811,0.888,0.02515,0.63462,0.12,0.71598,0.07840,0.73077,0.05178,0.78550,-0.236,0.65976,-0.011,0.78698,0.06953,0.34615,-0.18639,0.65385,0.033,0.61009,-0.061,0.53550,-0.12,0.59024,-0.115,0.56361,0.02959
0,1,0,0.39179,-0.062,0.97464,0.025,1,1,0.35821,0.15299,0.54478,0.13060,0.61567,-0.82090,0.57836,0.92,0.349,-0.153,0.46642,-0.11567,0.836,0.128,0.83209,0.45522,0.47015,0.16418,0.49309,0.14630,0.292,-0.016,0.39118,0.073,0.34411,0.12755
1,1,0,0.67547,0.04528,0.949,-0.10566,0.77358,0.049,0.66038,-0.025,0.64528,0.01132,0.66792,-0.13962,0.869,-0.02264,0.76981,0.1,0.61887,-0.084,0.75849,-0.327,0.73962,-0.121,0.84906,-0.15094,0.73886,-0.05801,0.458,0.02264,0.86415,0.03774,0.663,0.00755
0,0.895,0,0.72727,-0.05000,0.89241,0.03462,1,0.515,0.66364,-0.05909,0.406,-0.16818,0.61,0.09559,0.384,0.665,0.701,0.21818,0.66818,0.10000,1,-0.30000,0.98636,-1,0.716,0.32727,0.56982,0.125,0.42273,0.08182,0.35,0.14643,1,1
1,1,0,0.864,-0.01569,0.40392,0,0.38431,0.193,0.533,-0.05882,0.56471,0.083,0.342,0.115,0.52549,-0.051,0.58039,0.01569,0.50196,0,0.45882,0.06667,0.58039,0.08235,0.416,0.00392,0.48601,0.10039,0.516,0.08235,0.45098,0.23529,0.299,0.17255
0,1,0,0.41932,0.171,0.35000,0.12500,0.23182,0.322,-0.018,0.44318,0.04517,0.36194,-0.19091,0.33636,-0.13350,0.27322,0.02727,0.40455,-0.34773,0.12727,-0.20028,0.05078,-0.18636,0.36364,-0.097,-0.04802,-0.081,-0.098,-0.939,-1,-0.024,-0.053,-0.005,-0.06314
1,1,0,0.643,-0.21996,1,0.36373,0.82403,0.19206,0.567,0.05901,0.956,-0.042,1.071,0.25000,0.77897,0.25322,0.69206,0.57940,0.71030,0.39056,0.855,0.27575,1.279,0.34871,0.56760,0.52039,0.69811,0.416,0.973,0.58584,0.257,0.70923,0.52361,0.54185
0,1,0.0,0.84557,-0.08580,-0.31745,-0.44,-0.08961,-0.56435,0.80648,0.04576,1.227,-0.00763,-0.18494,0.63966,-0.20019,-0.68065,0.85701,-0.118,0.77979,-0.112,-0.06959,0.50810,-0.34128,1.181,0.78932,-0.03718,0.70882,-0.335,0.77884,-0.14109,-0.232,-0.401,-0.095,-0.59867
1,1,0.0,0.70870,-0.264,0.64348,0.04348,0.45217,0.478,0.65217,0.18261,0.5,0.142,0.57826,-0.23043,0.50435,0.37826,0.38696,-0.42609,0.36087,-0.316,0.16,0.11739,0.53246,-0.041,0.31304,-0.124,0.574,-0.04264,0.289,-0.04448,0.64348,-0.25217,0.50435,0.14783
0,1,0,-0.297,0.083,-0.33746,0.93,0.495,-0.13932,0.31889,-0.06811,0.304,-0.15170,0.47368,0.08978,0.56347,-0.15480,0.16409,0.63,0.33746,0.03406,0.50464,0.05,-0.63777,-0.61610,1,0.65635,0.409,-0.40116,-0.15170,0.11146,0.02399,0.552,0.52632,-0.115
1,1,0,0.33,0.13582,0.45331,0.16808,0.532,-0.003,0.39,0.14,0.52462,-0.16638,0.47368,-0.04754,0.51,0.03905,0.81664,-0.22411,0.42445,-0.04244,0.375,0.06621,0.28183,-0.20883,0.51731,-0.03176,0.50369,-0.03351,0.499,0.09847,0.70798,-0.01868,0.553,-0.021
0,1,0.0,0.79157,0.16851,0,0,0.56541,0.06874,0.39468,1,0.528,0.874,-0.016,0.62,0.23725,0.12860,-0.02661,1.331,-0.50998,0.984,-0.10200,0.38803,-0.42572,0.23725,-0.91574,0.707,-0.34146,0.84,-1,0.966,-1,0.12860,0,0
1,1,0.0,0.90116,0.16607,0.79299,0.37379,0.72990,0.50515,0.702,0.771,0.44303,1.093,0.24412,1.225,0.06438,0.85038,-0.12611,0.87396,-0.28739,0.79617,-0.46635,0.65924,-0.57135,0.733,-0.68159,0.282,-0.71844,0.25835,-0.802,0.11218,-0.611,-0.05525,-0.799,-0.19904
1,1,0,0.97714,0.19049,0.653,0.46259,0.71771,0.382,0.47968,0.84278,0.29,0.92643,0.133,0.93945,-0.129,0.84290,-0.32020,0.91624,-0.52145,0.79525,-0.746,0.43,-0.77408,0.382,-0.85376,0.17849,-1.003,-0.01358,-0.82366,-0.19321,-0.67289,-0.33662,-0.301,-0.49700
0,1,0,-1,-0.986,0,0,0.255,-0.78502,0.60586,0.383,-1,-0.41368,0,0.0,0,0,1,-0.26710,0.448,-0.63518,0.97068,-1.341,-1,-1.182,0.996,-0.59609,-1,-1.231,-1,-1,1,-0.648,0,0
1,1,0.0,0.74084,0.04974,0.96,0.028,0.78575,0.056,0.66230,0.09948,0.67801,0.232,0.75934,0.07348,0.74695,0.08442,0.70681,-0.07853,0.354,0,0.70021,0.11355,0.495,0.12185,0.67016,0.15445,0.64158,0.13608,0.973,0.17539,0.826,0.14697,0.767,0.15114
0,1,0,1.43,-1.182,0,0,0.77941,-0.99265,0.987,0.55147,-0.41912,-0.94853,0.0,0,0,0,0.551,-0.77206,0.792,-0.60294,0,0,0.18382,-1,-1,-0.765,-1,-1,1,-1,1.396,-1,0.0,0.0
1,1.173,0,1,0.01709,0.96215,-0.037,1,-0.03436,1,-0.05071,0.99026,-0.07092,0.99173,-0.09002,1,-0.206,0.697,-0.14257,0.98310,-0.11813,0.644,-0.18519,1,-0.19272,0.98971,-0.233,0.96490,-0.20243,1.329,-0.159,0.749,-0.305,0.87011,-0.23296
0,0,0.0,0,0.0,0.0,0,0,0,0,0,0,0.0,0,0.0,0,0,0.0,0,0,0.0,0.0,0,0,0,0,0,0.625,-1,0,0.0,0,0,0,0
1,1,0,0.95704,-0.12095,0.63318,-0.066,0.96365,-0.134,0.879,0.08460,0.92003,-0.01124,0.83543,-0.24719,1,-0.31395,0.637,-0.21216,0.98678,-0.295,1,-0.27165,0.93126,-0.418,0.824,-0.209,0.88793,-0.31565,0.81428,-0.327,0.59,-0.31857,0.69531,-0.41573
0,1,0,0.147,-0.31818,0.0,0,0.68182,-1.481,0.30682,0.95833,0.64394,0.06439,0.34848,-0.84848,0.0,0,0.528,-0.35985,0.45076,-0.80682,0.0,0.0,0.0,0,0.24242,0.17803,1,-0.279,0.06061,-0.47,0.16288,-0.70076,0,0
1,1,0,1.044,-0.49311,1.278,-0.048,0.98898,-0.87052,0.90083,0.66942,1,-0.069,1.084,-0.12493,1,-0.15017,1,-0.13,1.353,-0.20491,1,-0.23452,1,-0.26571,0.866,-0.297,1,-0.33304,1,-0.36931,1,-0.572,1,-0.44739
0,1,0,0,0,0.0,0.0,0,0,0,0,0.62195,1,0,0.0,0.0,0.0,0.36585,-0.71951,0.56098,-0.714,0.0,0.0,0.0,0.0,0,0,1,0.10976,0,0,0,0,0,0
1,1,0,0.607,0.00526,0.84082,-0.11313,1.028,-0.16431,0.845,-0.031,0.958,-0.07496,0.85221,0.023,0.87161,-0.20848,1.232,-0.12977,0.98298,-0.095,0.89876,0.00075,0.87836,-0.05882,0.93368,-0.19872,0.87579,-0.17806,0.94294,-0.103,0.80253,-0.25741,0.76586,-0.386
0,1,0,0.10135,0.10811,0.0,0.0,0,0,0.54730,0.82432,0.31081,1,0,0,0,0.0,0.37162,-1.192,0.33108,-1.131,0,0,0.0,0.0,-0.42568,-0.675,1,-1.179,0.55405,-0.23649,0,0,0.0,0
1,1,0.0,1.14,-0.57224,0.578,-0.73371,0.89518,-0.97450,1.243,-0.35818,1,-0.23229,0.62890,-0.716,1,-0.57535,0.944,-0.79603,0.76771,-0.88952,0.96601,-1,0.852,-0.492,0.61946,-0.76904,0.53777,-0.77986,0.81020,-1,1.28,-1,0.30445,-0.638
0,1,0,0.65909,-0.62879,0,0,0.0,0,0.77273,1.336,1,-0.223,0,0.0,0.0,0,0.896,-0.12,0.84091,-1,0.878,-0.799,0,0,0,0,1,-1.061,-0.12879,-0.93182,0,0,0,0
1,1,0,0.86284,0.19310,0.80920,0.41149,1.008,0.474,0.54559,0.69962,0.36705,0.81533,0.19617,0.85671,-0.034,0.501,-0.17241,0.75785,-0.34100,0.65747,-0.438,0.56092,-0.317,0.40996,-0.685,0.325,-0.63038,0.08818,-0.57241,-0.07816,-0.54866,-0.19923,-0.309,-0.333
0,1,0,0.42000,-0.61000,0.0,0.0,1,-1,0.90000,1,0.245,0.64000,0.0,0.0,0,0.0,0.67000,-0.24,0.84000,-1,0,0,0,0,0.21000,0.68000,1,0.22000,0,0.0,0,0.0,0.0,0
1,1,0.0,0.569,0.23395,1.035,0.52013,0.78020,0.665,0.47660,0.84222,0.27639,0.704,0.09467,0.88248,-0.21980,1.034,-0.34168,0.75517,-0.51360,0.64527,-0.64527,0.316,-0.74102,0.29162,-0.70838,0.03591,-0.989,-0.11943,-0.846,-0.28183,-0.51251,-0.366,-0.37432,-0.53319
0,1,0,0.91353,0.81586,-0.72973,1,-0.39466,0.55735,0.05405,0.29730,-0.18599,-0.10241,-0.02,-0.091,0.01401,-0.042,0.01108,-0.00537,0.004,0.00097,0.001,0.001,-0.0,0.00019,-0.00003,0.00002,-0.00001,0.0,0,0,0,0.0,0.0,0
1,1,0.0,0.21429,-0.09524,0.33333,0.07143,0.113,0.19048,0.285,0.09524,0.40476,0.02381,0.30952,-0.04762,0.397,-0.04762,0.322,-0.11905,0.325,0.04762,0.30952,0,0.21429,-0.11905,0.35714,-0.04,0.32,-0.02290,0.19048,0,0.16997,-0.029,0.14694,-0.018
0,1,0,1,-0.14754,0.718,0.04918,0.57377,-0.016,0.65574,0.01639,0.991,-0.03279,0.72131,0.0,0.482,-0.199,0.124,-0.14754,0.745,-0.17176,0.67213,0.026,1,-0.29508,0.31148,-0.34426,0.52385,-0.264,0.32787,-0.03279,0.27869,-0.44262,0.49180,-0.06557
1,0.641,0,0.98182,0.0,0.88627,0.017,1.125,0.042,0.80000,0.0,0.661,0.04545,0.79343,0.08436,0.77118,0.09579,0.62727,0.161,0.68182,0.12727,0.70674,0.182,0.68604,0.082,0.74545,0.22727,0.64581,0.15088,0.67273,0.02727,0.60715,0.16465,0.58840,0.17077
0,1,0,0.39286,0.52381,-0.78824,0.105,-0.16628,-0.76378,0.825,0.01190,0.481,0.40476,-0.67230,0.354,-0.34797,-0.63668,0.46429,0.15476,0.54762,0.05952,-0.689,0.484,-0.47651,-0.47594,0.189,0.70238,0.66,0.38848,0.731,0.39286,-0.54891,-0.289,0.25441,-0.55837
1,1,0,0.478,-0.07111,1,-0.02494,1,-0.06889,0.64,0.00222,0.778,-0.06444,1.303,-0.068,1,-0.25,0.86889,0.05333,0.88000,-0.03778,1.011,-0.11526,0.786,-0.18667,0.84444,0.048,1,-0.14162,0.82222,-0.14667,1,-0.19,1,-0.44222
0,0.653,0,0.43636,-0.12727,0.58182,-0.118,0.18182,-0.666,0.475,-0.03636,0.29091,-0.05455,0.29091,0.29091,0.225,-0.41818,0.20000,-0.01818,0.319,0.05455,0.12727,0.49091,0.61818,0.16364,0.289,0.226,0.41098,-0.07027,0.34545,-0.074,0.105,-0.36364,0.29091,-0.29091
1,0.924,0.0,1,-0.611,1,0.75472,0.49057,-0.045,0.66,0,0.916,-0.00054,0.45283,0.101,0.62264,-0.05660,0.98878,-0.001,0.52830,0,0.52830,0.07547,0.95190,-0.00112,1,0.872,0.92192,-0.00128,0.94340,-1,1,0.43396,0.43396,-0.148
0,1,0,0.73810,0.83333,-0.76190,-0.23810,0.346,-0.14286,0.45238,-0.14286,-0.67285,0.19,0.167,0.0,0.28571,-0.078,-0.404,0.379,0.23810,0.02381,0.45238,0.051,0.16667,-0.26190,-0.837,-0.10234,0.24889,-0.51079,1,0,-0.379,-0.04762,0.26190,0.02381
1,1,0,0.431,0.03,0.496,-0.10417,0.575,0,0.319,-0.06250,0.47917,0,0.437,0.10417,0.54167,0.02083,0.43750,-0.22917,0.35417,-0.22917,0.33333,0.08333,0.25000,0.18750,0.532,-0.18750,0.44012,-0.10064,0.51,-0.08333,0.385,-0.31250,0.435,-0.06250
0,1,0,0.735,1,0,0.0,0.0,0,0.0,0,0.47744,-0.89098,-0.51504,0.45489,-0.95489,0.334,0.589,1.097,0,0,0,0,0.604,0.20301,-1,-0.522,1,-1,1,1,0,0,0,0.0
1,1.053,0.0,0.95217,0.06595,0.93614,0.178,0.90996,0.151,0.689,-0.49962,0.90023,0.706,0.77937,0.34328,1.084,0.37988,0.66145,0.40844,0.95472,0.59862,0.53258,0.44088,0.46773,0.44511,0.478,0.44199,0.34374,0.321,0.90330,1,0.323,0.39620,0.18632,0.37191
0,1,0,0.59840,0.40332,0.477,0.80521,0.521,0.70709,0.84010,-0.10984,0.97311,0.101,0.95824,-0.573,0.796,0.88444,0.95452,-0.05206,0.88673,0.241,0.98484,-0.69594,0.86670,-0.699,0.28604,-0.273,1,0.17076,0.62958,0.42677,1.065,0.707,0.81979,0.68822
1,1.427,0,0.95882,0.10129,1,-0.01918,0.98313,0.02555,0.96974,-0.09316,0.98955,-0.037,0.97980,-0.03096,0.725,-0.05343,0.92,-0.05179,0.93840,0.023,0.97620,-0.089,0.896,-0.04,0.91567,-0.15675,0.95677,-0.084,0.998,0.01307,1,-0.10797,0.93144,-0.06888
0,1,0,0,0,-0.246,0.85388,0,0,0.68869,-1,1.189,0.31385,-0.2,-0.707,-0.367,0.65565,0.94155,0.194,0,0,0,0,-0.235,-1,0,0.0,1,-1,0,0,0.066,0.64,0,0
1,1.05,0.0,0.96933,0.00876,1,0.00843,1.377,-0.00763,0.97868,-0.02844,0.947,-0.03510,1,-0.01271,1.0,-0.02581,1,-0.01175,0.98485,0.00025,0.797,-0.02612,0.736,-0.04744,0.96019,-0.04527,0.99188,-0.03473,0.97020,-0.02478,1.232,-0.036,0.781,-0.04112
0,1,0,0,0.0,0.98919,-0.22703,0.18919,-0.05405,0,0,0.93243,0.072,1,-0.20000,0.708,0.07027,1,-0.11351,0,0.0,1,-0.21081,1,-0.489,0,0.0,0.677,-0.17568,0.0,0,1,-0.191,0.28919,-0.111
1,0.872,0.0,0.509,0.01403,0.34146,-0.02439,0.52751,0.022,0.19512,0.12195,0.526,0.04755,0.21951,0.051,0.275,0,0.36585,0.0,0.31707,0.07317,0.26829,0.12195,0.23698,0.05813,0.21951,0.09756,0.19304,0.05641,0.17410,0.05504,0.19512,0.0,0.208,0.07317
0,1,0,1,1,0.931,-1,0,0,0.0,0,1.16,0.525,1.224,-0.791,1,1,1,-1,0,0,0,0.0,1,-0.264,0,0.0,1,-0.826,1,1,1,-1,0,0
1,1,0,0.34694,0.20408,0.46939,0.24490,0.40816,0.254,0.46939,0.442,0.30612,0.59184,0.093,0.55102,0,0.51020,-0.051,0.55102,-0.20408,0.334,-0.28571,0.41,-0.178,0.32653,-0.61224,0.22449,-0.46579,0.14895,-0.59184,0.18367,-0.511,0,-0.2,-0.285
0,1,0,0.0,0,0.992,-1,0.0,0,0,0,1.007,1,1,-0.132,1,0.23288,1,-1,0.0,0.0,0.0,0,1,1,0,0,1,-0.512,0,0.0,1,-1,0,0
1,1,0,0.89706,0.38235,0.91176,0.37500,0.74265,0.911,0.338,0.77941,0.19118,0.88971,-0.033,0.86029,-0.169,0.82353,-0.37500,0.67647,-0.5,0.47794,-0.73529,0.38235,-0.852,0.08824,-0.74265,-0.135,-0.67925,-0.24131,-0.55147,-0.422,-0.559,-0.449,-0.209,-0.56618
0,1,0.0,-1,0.28105,0.265,0.15033,-0.75693,-0.521,-0.30719,0.71242,-1,1,-0.81699,0.475,-0.681,-0.03,-0.903,-0.83007,-0.60131,-0.54248,-0.04575,-0.784,0.94118,-0.94118,-1,-0.43137,0.74385,0.09176,-0.853,0.037,0.18301,0.02614,-0.40201,-0.48241
1,1,0.0,0.26667,-0.10000,0.53333,0,0.203,-0.159,0.36667,0.061,0.56667,0.01667,0.415,0.08333,0.70000,-0.06667,0.777,0.123,0.41667,-0.01667,0.31667,0.252,0.843,0,0.25000,0.13333,0.235,0.05439,0.40000,0.03333,0.46667,0.03333,0.41667,-0.05000
0,1,0,-0.26667,0.40000,-0.27303,0.12159,-0.17778,-0.04444,0.06192,-0.042,0.053,0.021,-0.00885,0.018,-0.01586,-0.001,-0.00093,-0.00883,0.00470,-0.001,0.00138,0.00238,-0.00114,0.00102,-0.00069,-0.00050,0.0,-0.00043,0.00026,0.0,0,0.0,-0.0,0.00002
1,1,0,1,-0.37838,0.64865,0.167,0.64865,-0.168,1.269,0.18919,1,-0.394,0.51351,0,0.62162,-0.05405,0.32432,-0.21622,0.71833,-0.144,0.882,0.057,0.75676,0.13514,0.35135,-0.239,0.39,-0.22163,0.58478,-0.23027,0.72973,-0.499,0.51351,-0.24324
0,1,0,0.528,-0.03516,-1,-0.33203,-1,-0.01563,1.329,0.01172,0.93359,-0.017,-1,0.193,-0.786,-0.00391,0.95313,-0.02,0.92188,-0.024,-0.99219,0.11719,-0.93359,0.34766,1.02,-0.003,0.82041,0.13758,0.90234,-0.06641,-1,-0.21,-1,-0.34375
1,1,0.0,1.363,0.022,0.93757,-0.01272,1.219,0.01214,0.891,-0.01734,0.96936,0.005,0.95665,-0.03064,0.95260,-0.00405,0.99480,-0.02659,0.99769,0.015,0.93584,-0.04971,0.93815,-0.034,1.129,-0.023,0.96215,-0.01647,0.97399,0.01908,0.95434,-0.03410,0.95838,0.00809
0,1,0.0,1,-0.031,1,-1,0.5,-0.11111,0.36111,-0.22222,1,-0.25712,0.16667,-0.11111,1,-0.34660,0.572,-0.38853,0.701,-0.42862,0,-0.351,1,-0.50333,0.743,-0.191,1,-0.577,1.44,-0.27778,1,-0.63156,1.418,-0.65935
1,1,0,0.31034,-0.10345,0.304,-0.153,0.20690,-0.073,0.07405,-0.05431,0.03649,-0.044,0.01707,-0.02383,0.00741,-0.017,0.00281,-0.00893,0.001,-0.00523,-0.00003,-0.00299,-0.00028,-0.00166,-0.00031,-0.001,-0.00025,-0.00048,-0.00018,-0.0,-0.00012,-0.0,-0.0,-0.00006
0,1,0,0.62745,-0.07843,0.72549,0,0.636,-0.07843,0.499,-0.11765,0.732,-0.11765,0.918,-0.13725,0.64706,-0.09804,0.54902,-0.11765,0.408,-0.21569,0.692,-0.205,0.425,-0.23529,0.589,-0.25490,0.52409,-0.24668,0.56863,-0.31373,0.43137,-0.21569,0.256,-0.27451
1,1,0.0,0.25000,0.109,0.46667,0.26667,0.19036,0.23966,0.07766,0.208,0.013,0.14922,-0.018,0.10188,-0.03685,0.074,-0.03766,0.03458,-0.03230,0.01532,-0.017,0.004,-0.01726,-0.00273,-0.01097,-0.008,-0.00621,-0.003,-0.00294,-0.00520,-0.00089,-0.00408,0.00025,-0.00291
0,1,0,-0.352,0.15625,0.06250,0.0,0.0,0.06250,0.62500,0.06250,0.18750,0.0,-0.03125,0.09375,0.06250,0,0.199,-0.144,0.43750,-0.37500,0,-0.09375,0,0.0,0.038,-0.534,0.03125,0.0,-0.71875,0.03125,-0.03125,0,0,0.09375
1,1,0,1.38,-0.006,0.847,-0.015,1,-0.06486,1.395,-0.01622,0.517,-0.03243,0.98919,0.08649,1,-0.037,0.95135,0.09189,0.97838,-0.00541,1,0.06486,1,0.04324,0.845,0.09189,0.98556,0.01251,0.977,-0.03243,1,0.02703,1.162,-0.07027
0,1,0,0.766,0.05426,1,0.08069,1,1,0.91473,-0.00775,0.83721,0.03876,1.275,0.186,1,0.558,0.81395,0.04651,0.90698,0.11628,0.618,0.611,1,-1.233,0.80620,0.03876,1,0.97,1.162,0.063,1,0.87317,1,1
1,1,0,0.601,-0.01604,1,0.057,1.055,0.01604,0.93048,0.00535,0.772,-0.01604,1,0.0,1,0.06417,1,0.04813,0.91444,0.04278,1.345,0.02139,0.98930,-0.01604,0.811,0.05348,1.256,0.04452,0.87701,0.013,1,0.105,0.97861,0.06417
0,1,0,-0.20500,0.28750,0.23000,0.10000,0.28250,0.31750,0.32250,0.525,0.36285,-0.34617,0.09250,0.385,-0.09500,0.21000,-0.08750,0.163,-0.381,0.31408,-0.48000,-0.08000,0.29908,0.33176,-0.432,-0.24000,0.32190,-0.379,-0.333,0.166,-0.27104,-0.265,0.338,0.03050
1,0.829,0,0.488,0.03333,0.63333,0.062,0.70000,0.06667,0.70000,0,0.63333,0,0.80000,0.0,0.73333,0.0,0.70000,0.10000,0.338,0.10000,0.73333,-0.03333,0.76667,0,0.63333,0.098,0.65932,0.10168,0.60000,0.078,0.60000,0.16667,0.73,0.149
0,1.203,0,0.05866,-0.008,0.06704,0.00838,0,-0.008,0.00559,-0.03911,0.01676,-0.07542,-0.00559,0.032,0.06425,-0.03352,0,0.063,-0.06425,0.07542,-0.047,0.035,0.02793,-0.00559,0.00838,0.008,0.081,-0.00838,0.03073,-0.00279,0.047,0,0.04749,-0.03352
1,1,0.0,1.382,0.28713,0.72554,0.367,0.47564,0.82455,0.01267,0.634,-0.351,0.84475,-0.47644,0.56079,-0.553,0.41743,-0.66455,0.07208,-0.897,-0.19525,-0.52475,-0.44000,-0.30851,-0.55089,-0.04119,-0.829,0.083,-0.659,0.36752,-0.41901,0.46059,-0.22535,0.50376,-0.05980
0,1,0.0,0.05460,0.01437,-0.034,0.04598,0.016,0.047,-0.07759,0.004,0.01724,-0.06609,-0.043,0.04310,-0.08333,-0.057,-0.098,0.08046,-0.04023,0.05172,0.02011,0.02299,-0.03736,-0.01149,0.038,-0.00862,0.005,0.01724,0.02586,0.01149,0.02586,0.01149,-0.04598,-0.00575
1,1,0,0.431,-0.011,0.79704,0.01084,0.80000,0.002,0.79015,0.015,0.78424,-0.00985,0.83350,0.03251,0.85123,0.01675,0.91,-0.00788,0.79113,-0.02956,0.75961,0.03350,0.418,0.05517,0.72611,-0.01478,0.78041,0.007,0.953,-0.027,0.82956,0.028,0.79015,0.00788
0,1,0,0.03852,0.02568,0.00428,0.0,0.01997,-0.01997,0.02140,-0.04993,-0.045,-0.01284,0.01427,-0.02282,0,-0.048,-0.04708,-0.02853,-0.011,0.02,0.02140,0.006,0.05136,-0.02282,0.065,0.01854,0.028,0.01569,0.01997,0.00713,-0.014,-0.01854,-0.01,0.01997
1,1,0.0,0.47090,0.22751,0.42328,0.389,0.25661,0.353,0.01852,0.49471,-0.02116,0.555,-0.34127,0.21,-0.238,0.469,-0.51587,0.066,-0.5,-0.102,-0.14815,-0.14550,-0.14815,-0.38095,-0.23280,0.003,0.03574,-0.31739,0.15873,-0.21693,0.24868,-0.24339,0.26720,0.04233
0,1,0,0.102,0.007,0.13959,-0.049,0.10526,-0.08238,0.108,-0.06178,0.23341,-0.01144,0.12357,0.07780,0.14645,-0.13501,0.29062,-0.04805,0.21,0.07323,0.11670,0.0,0.11213,-0.00229,0.21,-0.10297,0.08467,0.019,0.11213,-0.058,0.09611,-0.102,0.11670,-0.06865
1,1,0,0.94333,0.273,0.48263,0.903,0.21572,0.999,-0.55941,0.557,-0.73675,0.42048,-0.76051,0,-0.579,-0.31079,-0.38391,-0.62157,-0.111,-0.69287,0.484,-0.857,0.71481,-0.37660,0.73857,-0.05484,0.60098,0.30384,0.45521,0.60512,0.018,0.54479,-0.26,0.50457
0,1,0.0,0.01975,0.00705,0.04090,-0.00846,0.014,0.01128,0.013,0.04372,0.003,0.00141,0.01975,-0.03103,-0.01975,0.066,-0.04090,0.013,-0.02398,-0.003,0.04372,-0.02539,0.01834,0,0,-0.01269,0.009,-0.01128,0.007,-0.01551,-0.017,-0.02398,0.00705,0
1,1,0,0.85736,0.001,0.81927,-0.05676,0.577,-0.04182,0.84317,0.09037,1.263,0.11949,0.88051,-0.06124,0.78342,0.03510,0.83719,-0.06796,0.917,-0.141,1.042,0.016,0.90515,0.033,0.648,-0.01942,0.82383,-0.03678,0.88125,-0.06423,1.021,-0.01942,0.79089,-0.09186
0,1,0,1.182,-1.214,1,0.791,-1,1,0.687,-1,1,-1,-1.396,-1,-0.557,1,1,1,0.725,1.43,-1,0.765,1,-1,1,-1,1,1,1,1,-1,1,-1.334,1
1,1,0.0,0.549,0.53,0.38887,0.933,0.062,1.066,-0.42625,0.88744,-0.707,0.49980,-0.926,0.10768,-0.85900,-0.31044,-0.66030,-0.55262,-0.19260,-0.86063,0.217,-0.80496,0.64649,-0.35230,0.77814,-0.23324,0.71698,0.21343,0.37830,0.58310,0.19667,0.66315,-0.158,0.64933
0,1,0.0,1,0.776,1,0.51250,0.733,-0.659,1,1,0.02500,0.03125,1,1,0.0,0,1,-1.055,1,1,1,1,0.31250,1,1,1,1,1,1,1.089,-0.519,1.31,0.0,0
1,1,0.0,1,0.54902,0.517,1,0.01961,1,-0.49020,1.003,-0.873,0.58824,-1,0.11765,-0.96078,-0.221,-0.64706,-0.843,-0.142,-0.86275,0.35294,-0.648,1.089,-0.72549,0.92157,-0.21569,0.92874,0.21876,0.72549,0.56863,0.173,0.90196,-0.11765,0.90196
0,1,0,0,0,-1,-1,-0.893,1,0,0,-1,1,1,0.906,1,-1,0.0,0,0,0,-1,-0.969,-1.156,1,1.466,0.281,1.273,-1,0.0,0,-1.402,-1,-1,1
1,1,0,0.623,0.44444,0.53695,0.90763,-0.288,0.518,-0.33333,0.88889,-1,0.33333,-1,-0.11111,-1,-0.22222,-0.66667,-0.712,0.55556,-1.481,-0.22222,-0.77778,0.528,-0.22222,0.33333,0,1.018,0.45019,0.777,0.84353,0.22222,0.866,-0.65,1
0,0,0,0,0.0,0,0,0,0,0.0,0.0,0,0.0,0.0,0,0.0,0,0,0,0,0,0.0,0,0.0,0,0.0,0,1,0,0,0,0,0,0,0.0
1,1,0,0.595,0,1,0,0.5,0.50000,0.75000,0,0.91201,0.095,0.89067,0.141,0.86922,0.101,0.75000,0.179,0.75000,0.252,0.984,0.0,1,-0.25000,0.5,0.50000,0.73944,0.161,0.75000,0.25000,0.967,0.29074,0.67493,0.30293
0,0,0,-1,1,1,1.165,0,0,0.87,-1,1,-1,1,-1,-1.179,-1,0,0,-1.062,-0.762,0,0.0,0,0,-0.808,-0.676,0.675,-1,1.131,1,-1,-1,0,0
1,1,0,1,0,1,0,0.66667,0.11111,1,-0.11111,0.737,-0.148,0.992,-0.276,0.77778,0.0,0.61,0,0.583,-0.127,0.77778,-0.11111,0.66667,-0.11111,0.66667,0,0.90347,-0.05352,1,0.073,0.88889,-0.11111,0.944,0
0,0,0,0,0,0,0,0,0,0,0.0,0,0,-1,-1,0,0.0,1.28,0.75000,0.0,0.0,0,0,-1,1,0.0,0,0.799,-1.215,-0.796,-1,1,1,0.0,0
1,1,0,1,0.386,1,-0.45455,0.878,0.09091,1.13,-0.09091,1,0,1,-0.27273,1,-0.18182,1,0.048,1,0.0,0.721,-0.525,0.79,0.09091,1,-0.09091,1,-0.074,1,0.45455,0.836,-0.27273,1,-0.18182
0,1,0.0,0.62121,-0.663,0,0,0,0.0,0.21,0.28788,0.42803,0.39394,-0.07576,0.51894,0.36364,0.31439,-0.392,0.32955,0.071,-0.14773,0.01894,-0.53409,-0.57576,0.17803,0.166,-0.27273,0.25758,-0.57576,0.251,0.24242,0.18182,-0.02273,0.215,-0.354
1,1,0,1,0.11765,1,0.28,1,0.41176,1,0.05882,1,0.324,1,0.117,1,0.333,0.509,-0.05882,1,-0.09,1,0.325,1,0.41176,0.821,-0.11765,1,0.20225,1,0.033,1,0.35294,0.827,0.23529
0,1,0,0.0,0,-1.016,-0.62766,1,0.51064,0.07979,-0.23404,-1,-0.36170,0.158,-0.769,1,-1,0.0,0,0.82979,-0.07979,-0.25000,1,0.148,-0.853,0,0.0,-0.19149,-0.46809,-0.253,-0.524,0.74468,0.90426,-0.67553,0.45745
1,1,0,0.91667,0.29167,1.168,-0.16667,0.397,0.25000,0.87500,-0.107,0.91667,0.04167,0.83333,0.149,0.70833,0,0.853,0.04167,1,0.053,0.66667,-0.08333,1.029,0.16667,0.83333,-0.186,0.83796,0.05503,1.127,0.20833,0.70833,0,0.70833,0.058
0,1,0.0,0.18590,-0.16667,0,0.0,0,0.0,0,0,0.0,0.0,0.11538,-0.19071,0,0,0,0,0,0,0,0.0,-0.05128,-0.06571,0.049,0.08974,0.17308,-0.10897,0.12500,0.09615,0.022,-0.034,0.16827,0.116
1,0.528,0,1,-0.11,1,-0.108,0.99246,-0.238,1,-0.33075,0.96662,-0.34281,0.85788,-0.47265,0.91904,-0.48170,0.73084,-0.851,0.792,-0.63544,0.82450,-0.78316,0.58829,-0.849,0.654,-0.96296,0.48757,-0.85669,0.37941,-0.83893,0.349,-1.155,0.29221,-0.89621
0,1,0,1,1,-1.27,1,-1,-0.82456,0.34649,0.21053,0.295,0.07018,0.22807,0.05702,0.466,0.34649,0.72807,-0.03947,0.134,0.611,0,0.0,-0.381,-0.16228,0.607,-0.66667,1,-1,1,-0.227,0.35088,0.128,0.82895,0.07895
1,1,0.0,1,0.24077,1.341,0.002,0.80244,-0.30133,0.495,-0.23486,0.70643,-0.24077,0.922,-0.30539,0.71492,-0.336,0.47194,-0.61189,0.40473,-0.669,0.755,-0.39328,0.573,-0.32681,0.23966,-0.52142,0.282,-0.48390,0.12777,-0.39143,0.15657,-0.51329,0.18353,-0.46603
0,0,0.0,-1,1,1,-1,0,0.0,0,0,1,-1,0.931,1,0,0.0,1,-0.786,0.0,0.0,0,0,1,1,-1,0.99,1,-1,-0.619,1,-1.011,-1,0,0
1,0.924,0,0.92247,-0.19448,0.96419,-0.17674,0.87024,-0.22602,0.81702,-0.298,0.79271,-0.28909,0.464,-0.411,0.63338,-0.687,0.37254,-0.70729,0.27070,-0.962,0.40506,-0.474,0.33509,-0.59691,0.14750,-0.63601,0.09312,-0.59589,-0.063,-0.54928,-0.01840,-0.54074,-0.068,-0.661
0,1,0,-1,-1.462,-0.50694,1,1,-1.058,1,0.53819,0,0,0.23958,-1,1,0.793,0,0,1,1.065,1,0.568,0.0,0,-0.71528,1.304,0.33333,-1.097,1.061,-0.741,0.69792,-1,0.47569,1
1,1,0.0,1.246,0.43460,0.5,0.76160,0.05,0.93460,-0.37764,0.88186,-0.72363,0.61181,-0.987,0.19409,-0.855,-0.25527,-0.62869,-0.65612,-0.214,-1.048,0.16245,-0.86498,0.51477,-0.66878,0.74895,-0.28903,1.017,0.07933,0.667,0.42827,0.471,0.62447,-0.00422,0.69409
0,1,0,1.097,1,0,0.0,0.522,-1,-1.208,-1,1,1,0.729,-1,0.0,0,0.717,-0.86,1,1,0.0,0,1,-1,-1.345,-1,1,1,-1,1,-1,1,0,0
1,1,0,0.735,0.63548,1,0.91,0.77123,1,-0.325,1.5,-1.366,1.152,0,1,-1,1.053,-1,0,-1,-0.66667,-1,-0.92536,-1,-0.19,-0.263,-1,0.19235,-1,1,-1,0.0,-1,1,-0.66667
0,0,0.0,-1,0.815,-1.182,-1,0,0,-1,1.266,1,-1.203,-1,-1,-1,1,0,0,-1,-1,-1.328,1.213,0,0,1,-1,0.742,1,1,-1.38,0.909,1,0,0
1,1,0,1,0.06843,1.427,0.14211,1,0.193,0.753,-0.182,1,0.39495,0.686,0.48981,1,0.339,-0.513,1,1,0,1,0.796,1,1,1,1,1,1,1.204,0.229,1,1,1,1
0,0,0,-1,-1,0,0,0,0.0,0.0,0.0,0,0,0,0.0,0.524,-1.097,0.0,0,-1,-1,0,0,0.92,1,1.213,-1.184,1,-1,0,0,0,0,0,0
1,1,0,0.64947,-0.07896,0.757,-0.14380,-0.13129,-0.21384,0.29796,0.04403,0.38096,-0.343,0.304,-0.31997,0.03459,-0.18947,0.20269,-0.363,0.15196,-0.29052,0.076,-0.326,0.06556,-0.26795,0.037,-0.199,-0.001,-0.23210,-0.02612,-0.21129,-0.04717,-0.18950,0.013,-0.27201
0,1,0,0,0.0,0.0,0,0.0,0.0,0.0,0.0,1,-0.33333,0.16667,0.26042,0,0,0,0,0,0,-0.19792,-0.21875,-0.16667,0.90625,-1,0.5,0.04167,0.75000,-0.227,-1,-0.174,-0.183,-0.244,-0.93750
1,1.214,0,1,0.05149,0.99363,0.089,0.96142,0.14756,0.95513,-0.278,0.66026,0.54701,0.80426,0.25283,0.522,0.27380,0.66775,0.28714,0.7,0.37,0.52494,0.29200,0.555,0.28476,0.304,0.27226,0.438,0.25553,0.27381,0.153,0.22427,0.21378,0.18086,0.19083
0,1,0.0,1,-0.09524,-1,-1,-1,-0.791,1,0.368,1.159,0.932,-1,-1,-1,0.872,0.47364,1,0.826,1,0.68839,-1,-0.794,-1,0.82937,0.36508,0.601,1,1,0.50794,-1,-0.171,-1,0.72831
1,1,0.0,0.922,-0.001,0.707,0.43204,0.92314,-0.40129,0.93123,0.16828,0.915,0.09061,0.99676,0.08172,0.91586,0.05097,0.84628,-0.193,0.87379,-0.14482,0.84871,0.133,0.75081,-0.03641,0.84547,-0.02589,0.87293,-0.02302,1.451,0.09385,0.487,-0.10194,0.85841,-0.183
0,1,0,1,-1,1,1,1,1,1.141,-0.5,0.838,0.914,0.896,1,1,1,0.0,0,1,1,1,1,1,-1,0.992,1,1.007,0.378,1,-0.565,-0.75000,1,1.092,1
1,1,0.0,1,0.12,1,-0.776,1,-0.103,1.267,0.15414,1,0.27820,0.98120,-0.06861,1,0.06610,0.664,-0.18954,0.83584,-0.15633,0.97400,0.03728,0.99624,0.09242,1,-0.009,0.96238,-0.04597,0.91165,0.052,0.731,-0.113,0.96523,-0.11717
0,1,0.0,0.36876,-1.079,-0.853,-1,-0.07661,0.886,1,0.95041,0.74597,-0.38710,-1,-0.79313,-0.09677,1,0.48684,0.46502,0.31755,-0.27461,-0.14343,-0.287,-0.086,0.06895,0.03,0.079,0.03443,-0.01186,-0.00403,-0.01672,-0.007,0.00108,0.0,0.00325
1,1,0,0.79847,0.352,0.80804,-0.16964,1,-0.07653,0.846,-0.038,0.70217,0.20663,0.99745,0.02105,0.98214,0.02487,1,-0.13074,0.95663,0.07717,1,0.00191,1.079,0.30804,0.735,-0.088,1.14,-0.005,1.102,0.04,1,-0.18750,1,-0.05740
0,0,0,0.0,0,0.0,0,0,0.0,0,0,0,0,1,0.614,0.713,1,1.187,-1,0.0,0,1,1,1,-1,1,1.259,1,0,0.842,1,1,-1,0,0.0
1,1,0,0.815,-0.28428,1,-0.25346,0.532,-0.35094,1,-0.212,0.92736,-0.49057,0.90818,-0.37,0.75723,-0.58899,0.69748,-0.58019,0.59623,-0.803,0.438,-0.70975,0.54465,-0.87327,0.516,-0.697,0.35504,-0.76054,0.26352,-1.11,0.109,-0.73145,0.13994,-0.70000
0,1,0,0,0,0,0.0,0.0,0.0,-0.683,-1,0,0,1.118,-1,0,0,-1.066,-1,-1,-0.815,1.366,-1,-0.60000,-1.467,1,1,-0.891,-0.20000,1,-1,0,1,0,0
1,1,0.0,1,0.09091,0.95455,-0.09091,0.615,0,1,0,0.95455,0,1,0.04545,0.90909,-0.042,1,0.0,1,0,0.86364,0.077,0.899,0.051,1.069,0.065,1.109,0.02897,0.95455,0.09091,0.86364,-0.09091,0.86364,0.04545
0,0,0.0,0,0.0,-1,0.921,1,1,-0.689,-1.303,0.0,0,-1,-1,-0.563,-0.31250,-1,-1,1,-1,1,-0.572,0,0,0.701,-1,-1,-1,0,0.0,1,-1,0,0
1,1.172,0,0.734,-0.08824,0.97059,0.17647,0.82353,0.123,0.91176,-0.042,0.97059,-0.222,1.438,0.14706,0.94118,0.022,1,0.0,1,0,1.073,0.093,0.88235,0.02941,0.85294,0.02941,0.92663,0.02600,0.94118,-0.11765,0.97059,0.05882,0.91176,0.05882
0,1,0,-1.307,0.637,-1,0.15244,0.28354,1,-1,0.534,-1,-0.744,1,1,-1,-0.23476,0.225,-1,1,1.067,-0.328,-1,-1.062,-1,1,-0.681,-1,-0.043,1,-1,-1,-0.32317,0.14939,1
1,1,0.0,0.47368,-0.15,0.83781,0.01756,0.83155,0.02615,0.68421,-0.05263,0.68421,0,1.1,0.05028,0.968,0.05756,0.84211,0.258,1,0.05263,0.826,0.09,0.70301,0.08141,0.42105,0.21053,0.65419,0.08968,0.52632,-0.142,0.60150,0.1,0.377,0.09719
0,1,0,-0.00641,-0.5,0,0.0,-0.01923,1,0,0,0.0,0.0,0,0,0,0,0.0,0.0,0.31410,0.92949,-0.35256,0.412,-0.418,-1.03,0,0,-0.546,-0.51282,0,0,0.0,0,0,0
1,1,0,1,0.47,1,0.54545,0.693,0.63636,1,-0.09091,1.162,0,0.81818,-0.45455,0.63636,0.148,1.323,-0.549,1,-0.27273,0.90909,-0.45455,1,0.063,1,-0.125,1,0.08867,1,0.207,1,0.63636,0.672,0.27273
0,0,0,-0.572,-1,1.466,-1,-1,0.522,0,0.0,1,-1,0.898,-1,0.0,0.0,0,0,0,0.0,-1,1,1,-1.354,-1,1,1.275,1,0,0,1,0.5,0,0
1,1,0,0.45455,0.09091,0.63636,0.09091,0.27273,0.18182,0.824,0,0.329,-0.077,0.254,-0.09091,0.48612,-0.01343,0.63636,-0.18182,0.45455,0,0.36364,-0.105,0.27273,0.18182,0.384,-0.075,0.474,-0.022,0.27273,0,0.36364,0.0,0.28985,-0.01832
0,1,0,-1,-0.506,0,0.0,-0.693,0.457,-0.649,1,0,0,0,0,0,0,0,0,0.0,0,-1,-1,0.0,0,0.29839,0.23387,1.39,0.349,0,0,0.0,0,0,0
1,1,0,1,0.165,1,0.71429,0.585,1.067,1,-0.214,0.85714,-0.14286,0.892,0.02534,0.836,0,0.6,-0.159,1,0.03617,1,-0.28571,1,0,0.28571,-0.266,1,0.04891,1,0.05182,1,0.418,1,0
0,0.0,0,1,1,1,-1,0.939,1,1,1,0.814,0.695,1,-1,1,1,1,-1,1,-1,1,0.829,1,1,1,-1.366,0.666,1,1.203,1,1,1.382,0.507,1
1,1.371,0,0.87032,0.334,0.53945,0.82161,0.10380,0.95275,-0.38033,0.87916,-0.73939,0.58226,-0.92099,0.196,-0.82417,-0.24942,-0.59383,-0.797,-0.24012,-0.82881,0.185,-0.573,0.51557,-0.57430,0.69274,-0.24843,0.729,0.10484,0.316,0.39762,0.332,0.56573,-0.053,0.57552
0,0,0,1,-0.546,1,1,1,-1,1,1,1,-1.038,1,-1.46,1,-1,0.515,1.079,1.41,1,1,1,0.513,-1.323,1,1,1.085,1,1,1,1,0.597,1,-1
1,1,0.0,0.92657,0.04174,0.89266,0.15766,0.86098,0.211,0.83675,0.509,0.80619,0.487,0.76221,0.214,0.373,0.48360,0.691,0.51752,0.53392,0.593,0.48435,0.54212,0.42546,0.55684,0.33340,0.55274,0.274,0.54214,0.22307,0.668,0.14312,0.49124,0.11573,0.46571
0,0,0,1,1,0.952,-1,1,-1.267,1,1,0.0,0,1,-1,0.0,0,0,0.0,0,0.0,-1,1.464,1,1,0,0,1,1.073,0,0,-0.989,-1,0.0,0
1,1,0.0,0.93537,0.154,0.93716,0.168,0.85705,0.38779,0.921,0.47127,0.665,0.59942,0.65260,0.75000,0.50830,0.73586,0.41629,0.82742,0.189,0.883,0.198,0.85615,0.00494,0.779,-0.07361,0.79780,-0.294,0.78004,-0.33169,0.71454,-0.38532,0.64363,-0.47419,0.55835
0,0,0,1,-1.175,-1,1,-1,1,0.577,1,1,0.878,-1.392,-1,-1,-0.674,1,0.952,1,-1,-1,-1.159,-1.056,-1,1,0,1,-1.399,1.376,-1,-1,1,-1,1
1,1,0.0,0.80627,0.112,0.73061,0.24323,0.64615,0.185,0.261,0.45577,0.603,0.46439,0.25000,0.57308,0.25192,0.37115,0.15215,0.51877,-0.09808,0.57500,-0.03462,0.42885,-0.08856,0.289,-0.14943,0.56,-0.19940,0.413,-0.23832,0.253,-0.26634,0.265,-0.23846,0.31154
0,0,0,1,-1.092,1,0.79,1,-1,1,1,0.502,-1.139,0.986,1,0.924,-1,1,-1,1,1,1,1,1,-1,1,-1.288,1,-1,1.203,1,1,-0.868,0.648,1
1,1,0.0,0.97467,0.13082,0.835,0.269,0.88783,0.381,0.89009,0.401,1.182,0.45,0.72298,0.52284,0.69946,0.58820,0.58548,0.66893,0.48869,0.70398,0.655,0.793,0.35289,0.75622,0.26832,0.76210,0.16813,0.78541,0.07497,0.80439,-0.02962,0.77702,-0.10289,0.914
0,0,0,0,0,1,1,0,0.0,1.334,1,0.0,0,1,-1,0,0.0,0.0,0.0,0,0,0.0,0.0,0,0,0,0.0,1,-1,0,0,-1,1.464,0,0
1,0.644,0,0.92308,0.15451,0.661,0.29757,0.555,0.513,0.70588,0.391,0.57449,0.62719,0.43270,0.74676,0.31705,0.67697,0.233,0.76818,0.04686,0.821,-0.143,0.76969,-0.18479,0.71327,-0.29291,0.65708,-0.386,0.58553,-0.46799,0.35,-0.53146,0.40732,-0.56231,0.35095
0,0,0,0.0,0.0,1,1.055,1,1,0,0,0.0,0,-1,-1,0.0,0,-1,-1,0.0,0,0,0,1,0.928,0,0,0.776,1.405,0,0,-1,1.31,0,0
1,1,0,0.538,0.38138,0.65926,0.69431,0.29148,1.267,-0.06726,0.472,-0.39597,0.80441,-0.64574,0.56502,-0.82960,0.177,-0.511,-0.08205,-0.62780,-0.30942,-0.682,-0.606,-0.16449,-0.64338,0.09562,-0.61055,0.30406,-0.48392,0.471,-0.29838,0.47029,-0.059,0.42152,0.154
0,0.0,0,1.402,-1,1,1,1,1,1,0.64,1,0.642,1,-0.662,1,1,1,1,1.06,-1,0.906,-1,1,-1,0.737,-1.377,1,1,1,-0.824,1,1,1,1
1,1,0.0,0.73523,-0.38293,0.80151,0.10278,0.78826,0.15266,0.55580,0.078,1,0.21225,0.71947,0.265,0.68798,0.32925,0.49672,0.17287,0.64333,-0.02845,0.57399,0.42528,0.53120,0.44872,1.044,0.558,0.44174,0.327,0.12473,1.156,0.182,0.729,0.358,0.49831
0,0,0,0,0,0.0,0.0,0,0,0,0.0,0,0,0,0.0,0.0,0,0.0,0,0,0,0,0,0.0,0,0.0,0,1,1,0,0.0,0.0,0,0,0
1,1,0.0,0.94649,0.00892,1.276,-0.002,0.567,0.004,0.95801,0.01598,0.94054,0.03530,0.97213,0.04719,0.98625,0.01858,0.94277,0.042,0.704,-0.00706,0.97770,0.04980,0.96358,0.07098,1.234,0.08101,0.95243,0.04356,0.97473,0.00818,0.768,0.07061,1.433,-0.00260
0,0,0.0,1,1,-1,-1,-1,-1,0,0,0.0,0.0,-1,-1,0,0,0,0.0,0.0,0,-1,1,1,1,0,0.0,1.131,-1,0,0,-1,-1.389,-0.993,-0.853
1,1,0,0.408,-0.225,0.842,0.01513,0.71063,0.02258,0.68065,0.01282,0.34615,0.05594,0.823,0.04393,0.776,0.05058,0.67023,0.05692,0.63403,-0.04662,0.64503,0.04,0.426,0.073,0.84033,0.18065,0.59935,0.08304,0.38228,0.06760,0.443,0.079,0.54632,0.09346
0,1,0.0,0.452,1,1.199,-0.795,0.81773,0.058,0.631,0.101,0.86789,0.73746,0.70067,0.18227,0.75920,0.13712,0.93478,-0.25084,0.70736,0.18729,0.64883,0.24582,0.60201,0.941,1,-0.53846,1.142,0.22216,0.71070,0.53846,1,-0.081,0.56522,0.23913
1,0.799,0,0.76296,-0.07778,1.13,-0.236,1,-0.85741,0.80000,0.032,0.36,-0.42778,1,-0.12581,1.5,-0.83519,0.658,0.01852,0.82222,-0.052,0.98215,-0.19938,1,0.22037,0.69630,-0.26481,0.92148,-0.24549,0.78889,0.02037,0.87492,-0.227,1.443,-0.57037
0,1,0.0,0.38521,0.132,0.41245,0.093,0.26459,0.24125,0.168,0.078,0.19455,0.25292,0.24514,0.36965,0.081,0.22957,-0.022,0.385,0.029,0.24903,0.24903,0.09728,0.07782,0.29961,-0.02494,0.28482,-0.07,0.26256,-0.14786,0.14786,-0.09339,0.31128,-0.19066,0.28794
1,1,0.0,0.57540,-0.023,0.75198,-0.05357,0.61508,-0.01190,0.53968,0.029,0.61706,0.09921,0.59127,-0.02381,0.458,0.007,0.70833,0.031,0.60317,0.01587,0.47817,-0.016,0.589,0.03770,0.5,0.02,0.61291,-0.01,0.61706,-0.13492,0.68849,-0.01389,0.62500,-0.03175
0,1.205,0.0,0.06404,-0.15271,-0.04433,0.042,0.08374,-0.02463,-0.01478,0.18719,0.06404,0,0.12315,-0.09852,0.045,0,0.016,-0.02956,-0.118,-0.234,0.06897,0.017,0.06897,0.02956,0.098,0.16256,0.28079,-0.04926,-0.05911,-0.09360,0.04433,0.05419,0.07389,-0.149
1,1,0.0,0.849,0.10850,0.70694,-0.06935,0.70358,0.01678,0.74273,0.002,0.71029,0.088,0.71588,-0.00224,0.79754,0.074,0.83669,-0.16555,0.68680,-0.09060,0.669,-0.01342,0.388,0.11745,0.864,-0.09508,0.69845,-0.025,0.63311,0.04810,0.78859,-0.061,0.65213,-0.04698
0,1,0.0,0.244,0.504,0,0.0,-0.29620,-1.447,0,0,0.07595,-0.07342,0,0.0,0,0,0.0,0,0.0,0,0.00759,0.68101,-0.20000,0.408,-0.10380,0.35696,0.05570,-1,0,0.0,0.06329,-1,0,0
1,1,0,0.88103,-0.01,0.859,-0.02465,0.94105,-0.01822,0.56,-0.12755,0.82208,-0.077,0.88853,0.01179,0.90782,-0.13719,0.87138,-0.06109,0.724,-0.02358,0.87996,-0.196,0.82851,-0.12433,1.172,-0.19507,0.88245,-0.173,0.84352,-0.128,1.005,-0.18542,0.91747,-0.16827
0,1,0.0,0.394,-0.5,0,0,0.0,0.0,0.46458,0.51042,0.58958,0.013,0,0,0,0,0.16458,-0.45417,0.59167,-0.18333,0.0,0,0.0,0,0.624,-0.59,-1,-1,-0.27917,-0.737,0,0,0,0
1,1,0,0.88853,0.01631,0.92007,0.01305,1.144,0.01359,0.89179,-0.118,0.87,-0.08428,0.545,-0.01033,0.859,-0.065,0.507,-0.05057,0.89451,-0.04024,0.88418,-0.131,0.88907,-0.11909,0.82980,-0.181,0.86453,-0.11808,1.068,-0.13051,0.83524,-0.12452,0.86786,-0.12235
0,1,0.0,0.0,0,0.786,0.12889,0.88444,-0.02000,0.0,0,0.931,-0.42444,1,0.19556,1,-0.05333,1,-0.81556,0,0,0.931,-0.04000,0.653,-0.255,0,0,1,-1,0,0,1.011,0.11778,0.499,-0.09556
1,1,0,0.536,0.03714,1.171,-0.00143,0.79000,0.00714,0.79571,-0.04286,0.867,0,0.85571,-0.06714,0.86429,0.00286,0.67,-0.045,0.501,-0.11857,0.679,-0.08429,0.84286,-0.05000,0.77000,-0.06857,0.81598,-0.12,0.908,-0.091,0.81429,-0.05000,0.82143,-0.15143
0,1,0.0,0,0.0,0,0,0,0,0,0.0,0,0,-1,1,1,0.736,0,0.0,0,0,0.0,0.0,0.0,0,0,0,1,1,0,0,0.0,0.0,0,0
1,1,0.0,0.49870,0.01818,0.43117,-0.09610,0.50649,-0.04156,0.50130,0.09610,0.44675,0.05974,0.55844,-0.11948,0.383,-0.038,0.52727,-0.05974,0.819,-0.01039,0.48571,-0.037,0.49091,-0.01039,0.584,0.0,0.53215,-0.019,0.43117,0.03377,0.54545,-0.067,0.58961,-0.092
0,0,0,0,0,0,0,0,0.0,0.0,0,0,0.0,0,0.0,0.0,0,0,0,0,0,0,0,0,0,0.0,0,0.958,-1.345,0,0,0.0,0.0,0,0
1,1,0,1,0.5,1,0.228,0.143,1,0.194,0.91180,-0.13,0.80454,-0.34107,0.60793,-0.322,0.37856,-0.511,0.144,-0.36676,0.00678,-0.26477,-0.09025,-0.16178,-0.12964,-0.07782,-0.104,-0.02089,-0.10242,0.01033,-0.07036,0.02224,-0.05,0.016,-0.02017
0,1,0,0,0.0,0,0,1,1,-0.742,-1,0.0,0,1.5,-0.11111,0,0,0,0,-1,1,1.366,1,0.788,-1.053,0,0,1,-0.815,0,0,0.0,0,1,0.668
1,1,0,0.87048,0.38027,0.64099,0.69212,0.31347,0.86625,-0.03933,1.101,-0.42173,0.79346,-0.616,0.297,-0.701,0.22735,-0.81136,-0.12539,-0.854,-0.506,-0.38334,-0.62861,-0.186,-0.70762,0.107,-0.66421,0.38544,-0.51568,0.52573,-0.272,0.56239,-0.05938,0.51460,0.2
0,1,0,0,0.0,0,0.0,0,0,-0.732,1,0,0,1,0.37333,-0.132,-0.174,0,0,-1,-0.753,0,0,1,-1,0,0.0,0.725,0.22667,0,0.0,0,0,0.0,0
1,1,0,1.044,0.43491,0.59573,0.77655,0.19672,0.94537,-0.295,0.92544,-0.62526,0.929,-0.86443,0.33652,-0.92384,-0.065,-0.8,-0.44707,-0.46950,-0.73285,-0.10237,-1.216,0.26384,-1.008,0.446,-0.55910,0.72147,-0.24433,0.555,0.09599,0.58137,0.38915,0.415,0.57656
1,1,0,0.32834,0.031,0.152,0.21278,0.14919,0.74003,-0.25706,0.876,-0.144,0.19380,-0.61352,0.25786,-0.94053,-0.05409,-0.13117,-0.14329,-0.30315,-0.44615,-0.11409,-0.85597,0.018,-0.215,0.222,-0.062,0.33737,-0.11876,0.29,-0.11409,0.111,0.13296,0.12197,0.20468
1,1,0,0.83427,0.39121,0.54040,0.78579,0.12326,0.89402,-0.235,0.83578,-0.70086,0.525,-0.86622,0.17,-1.124,-0.17,-0.59714,-0.455,-0.107,-0.87787,0.12439,-0.89064,0.51109,-0.72454,0.79143,-0.27734,0.83008,0.108,0.66592,0.49079,0.474,0.823,-0.03983,0.79444
1,1,0,0.62335,-0.03490,0.62,0.00481,0.568,-0.059,0.63177,0.00963,0.761,-0.07461,0.403,0.088,0.62936,-0.08424,0.355,0.09146,0.67148,0,0.58965,0.10108,0.50060,0.03129,0.65945,0.116,0.60463,0.02019,0.333,0.04452,0.61733,-0.00963,0.535,-0.09146
1,1,0,1.061,-0.02390,0.70772,0.038,0.72243,0.16912,0.79228,0.07721,0.81434,0.43934,0.63787,0.00551,0.70772,0.319,1.224,0.06066,0.58,0.05147,0.664,0.04228,0.52022,-0.25000,0.72978,-0.125,0.574,0.07124,0.30882,0.08640,0.284,0.07458,0.351,0.21691
1,1,0,0.61538,0.118,0.78157,0.01780,0.708,0.02647,0.65077,-0.10308,0.885,0.08000,0.73961,0.038,0.72322,0.05776,0.68615,-0.104,0.766,0.16308,0.66233,0.058,0.63878,0.08,0.504,-0.07231,0.58803,0.08767,0.55077,0.25692,0.53389,0.09207,0.306,0.09322
1,1,0,0.68317,0.05375,0.84803,0.001,0.84341,0.00301,0.84300,0.051,0.75813,0.04102,0.81892,0.006,0.80738,0.00673,0.80622,-0.123,0.77935,-0.03536,0.834,0.00909,0.517,0.00978,0.79632,-0.054,0.70824,0.01,0.62235,0.095,0.66624,0.01190,0.337,0.01227
1,1,0.0,0.426,0.0,0.276,0.10435,0.49130,0.048,0.46957,-0.039,0.35652,-0.12609,0.451,0.04783,0.50435,0.02609,0.35652,0.19565,0.568,0.14783,0.42174,-0.02609,0.32174,-0.1,0.47391,-0.00870,0.41789,0.06908,0.38696,0.03913,0.257,0.14783,0.44783,0.17391
1,1,0.0,0.79830,0.09417,0.891,0.20656,0.71628,0.28068,0.69320,0.41252,0.623,0.50122,0.57898,0.60814,0.424,0.58445,0.33354,0.67861,0.29587,0.63548,0.09599,0.993,0.025,0.72236,-0.122,0.899,-0.11925,0.60696,-0.095,0.56015,-0.25516,0.51701,-0.201,0.42467
1,1,0.0,1,0.09802,1.259,0.25101,0.98390,0.33044,0.465,0.492,0.74977,0.37,0.56937,0.71942,0.55311,0.74079,0.29452,0.82193,0.21137,0.79777,0.082,0.82162,-0.01734,0.962,-0.181,0.459,-0.22839,0.69187,-0.31713,0.60948,-0.40291,0.54522,-0.372,0.44534
1,1,0.0,0.89410,0.19,0.87001,0.31543,0.78896,0.309,0.383,0.712,0.347,0.71016,0.39699,0.76161,0.338,0.79523,0.09134,0.757,-0.09159,0.76261,-0.20201,0.66926,-0.30263,0.656,-0.40552,0.50489,-0.46215,0.40753,-0.50314,0.27252,-0.52823,0.19172,-0.319,0.05972
1,1,0,0.94631,0.17498,0.90946,0.33143,0.85096,0.728,0.73678,0.63842,0.497,0.73838,0.48698,0.83614,0.239,0.90665,0.17959,0.761,-0.00701,0.93109,-0.18880,0.619,-0.33023,0.82492,-0.374,0.76482,-0.58563,0.373,-0.67929,0.336,-1.105,0.42488,-0.81210,0.278
1,1,0.0,0.91767,0.18198,0.86090,0.35543,0.72873,0.45747,0.60425,0.69865,0.50376,0.74922,0.425,0.81795,0.214,0.72,0.00396,0.85210,-0.146,0.407,-0.336,0.76193,-0.43087,0.65385,-0.53140,0.53886,-0.342,0.40972,-0.64511,0.306,-0.65710,0.13667,-0.358,0.05394
1,0.991,0.0,0.76627,0.21106,0.63935,0.38112,0.48409,0.52500,0.15000,0.22273,0.13753,0.693,-0.07727,0.44545,0.0,0.48636,-0.398,0.42014,-0.567,0.36818,-0.36591,0.18864,-0.40533,0.07588,-0.354,-0.039,-0.33942,-0.12486,-0.27540,-0.19714,-0.19962,-0.141,-0.17,-0.27218
1,1,0,0.58940,-0.60927,0.85430,0.55298,0.457,0.07285,0.56623,0.16225,0.32781,0.195,0.59,0.12252,0.475,0.19868,0.71854,0.42715,0.77,0.13907,0.65232,0.27815,0.68874,0.07285,0.51872,0.374,0.343,0.399,0.46216,0.28574,0.343,0.29324,0.281,0.29942
1,1,0.0,1,0.11385,0.70019,-0.12144,0.81594,0.09677,0.71157,0.01139,0.56167,-0.042,0.69070,0.12524,0.815,0.03985,0.787,-0.03416,0.633,0.126,0.87,0.049,0.32068,0.05882,0.53321,0.37381,0.49090,0.192,0.15180,0.32448,0.44141,0.238,0.56167,0.15180
1,0.637,0.0,1.109,0.06794,0.80562,-0.018,0.506,-0.03299,0.66725,-0.06620,0.59582,-0.07666,0.67260,-0.05771,0.885,-0.06438,0.41,0.04530,0.71254,0.01394,0.55970,-0.08039,0.53430,-0.08453,0.47038,-0.22822,0.265,-0.09128,0.52613,-0.058,0.44277,-0.113,0.42223,-0.09808
1,1,0.0,0.75,0.08013,0.96775,-0.00482,0.96683,-0.004,0.87980,-0.048,1.169,0.01419,0.96186,-0.01436,0.95947,-0.01671,0.98497,0.005,1.102,-0.069,0.95016,-0.02364,0.94636,-0.02591,0.98164,0.02003,0.93772,-0.03034,1,-0.067,1.325,-0.03464,0.92226,-0.03673
1,1,0,0.495,-0.12371,0.42784,-0.12371,0.70103,-0.518,0.834,0.07216,0.26289,-0.21649,0.49485,0.15979,0.402,-0.11856,0.42268,0.06186,0.5,-0.27320,0.54639,0.18557,0.583,0.08247,0.9,0.144,0.437,-0.12447,0.15464,-0.26289,0.438,0.04124,0.258,-0.51546
1,1,0.0,0.63510,-0.04388,0.76530,0.016,0.61432,0.36028,0.65358,-0.00462,0.64203,0.08314,0.79446,-0.43418,0.448,0.314,0.59584,0.13857,0.63510,0.214,0.63279,-0.25404,0.824,0.15359,0.558,0.23095,0.68775,0.17704,0.61663,0.04,0.562,0.19841,1.012,0.36721
1,1,0,0.50112,-0.02,0.61124,0.01348,0.58876,0.01573,0.58876,0.02472,0.458,-0.00449,0.71685,-0.04719,0.767,0.011,0.515,0.034,0.64719,-0.07416,0.56854,0.192,0.745,-0.033,0.561,0.04944,0.56588,0.00824,0.47640,-0.03596,0.54607,0.10562,0.60674,-0.08090
1,0.825,0,0.602,-0.00647,0.66667,-0.04207,0.666,-0.05178,0.77994,0.054,0.67314,0.066,0.463,0.15858,0.60194,-0.01942,0.54369,-0.04531,0.652,-0.10032,0.64725,0.14887,0.39159,0.21683,0.469,-0.039,0.45105,0.00040,0.31392,-0.06796,0.49191,-0.10680,0.30421,-0.065
1,1.114,0,0.68148,0.10370,0.77037,0.03457,0.381,0.08148,0.60988,-0.00494,0.547,0.11852,0.499,0.04938,0.62469,0.09630,0.78272,-0.17531,1.107,-0.10864,0.48642,0.00988,0.60988,0.08148,0.66667,-0.109,0.893,-0.02451,0.714,0.017,0.61235,-0.095,0.51358,-0.04691
1,1,0.0,0.60678,-0.02712,0.67119,0.056,0.52881,-0.066,0.50508,0.03729,0.70508,-0.07797,0.403,-0.02034,0.53220,0.057,0.64068,0.097,0.56949,-0.02373,0.53220,0.005,0.71525,-0.03390,0.52881,-0.028,0.57262,0.00750,0.58644,-0.00339,0.299,-0.031,0.50169,0.06780
1,1,0.0,0.49515,0.09709,0.292,0.05825,0.478,0.0,0.57282,-0.02427,0.58252,0.016,0.33495,0.062,0.314,0.00485,0.47087,-0.10680,0.456,0.00485,0.421,0.046,0.18932,0.25728,0.31068,-0.15049,0.36547,0.03815,0.39320,0.17476,0.26214,0,0.37379,-0.01942
1,1,0,0.98822,0.02187,0.93102,0.175,0.83904,0.35222,0.74706,0.48906,0.536,0.563,0.55076,0.825,0.43130,0.341,0.31800,0.70443,0.28379,0.68873,0.07515,0.73696,0.06338,0.71284,-0.232,0.69714,-0.16556,0.431,-0.16209,0.55805,-0.34717,0.645,-0.183,0.438
1,1,0.0,0.97905,0.15810,1.192,0.441,0.82039,0.48561,0.71760,0.64888,0.58827,0.73743,0.40349,0.83156,0.25140,0.84804,0.04700,0.922,-0.073,0.79749,-0.301,0.80754,-0.37835,0.71676,-0.51034,0.593,-0.344,0.49,-0.61899,0.32,-0.65754,0.18345,-0.64134,0.02968
1,1,0,0.99701,0.279,0.91,0.47030,0.76902,0.914,0.298,0.78120,0.36774,1.003,0.10107,0.44,-0.06827,0.85,-0.28269,0.72073,-0.43707,0.61688,-0.777,0.48120,-0.65000,0.35534,-0.64658,0.15908,-0.66651,0.02277,-0.64872,-0.074,-0.54615,-0.22949,-0.47201,-0.346
1,1.073,0,0.94331,0.19959,0.96132,0.302,0.80514,0.309,0.56687,0.70830,0.41836,0.83230,0.14939,0.89489,0.05167,0.93682,-0.254,0.83939,-0.42811,0.75554,-0.50251,0.793,-0.439,0.50428,-0.68851,0.30912,-0.77097,0.15619,-0.75406,-0.04,-0.525,-0.119,-0.936,-0.34367
1,1,0,0.93972,0.28082,0.91,0.464,0.58167,0.73151,0.34961,0.80511,0.10797,0.792,-0.232,0.89335,-0.39730,0.474,-0.58835,0.62867,-0.514,0.40368,-0.774,0.18888,-0.81317,-0.04284,-0.75273,-0.387,-0.63237,-0.46438,-0.646,-0.61446,-0.26389,-0.70835,-0.104,-0.71273
1,1,0,0.995,0.35157,0.791,0.871,0.43898,0.94353,-0.03643,1.127,-0.195,0.75334,-0.25137,0.48816,-0.57377,0.335,-0.705,0.10591,-0.47359,-0.06193,-0.81056,-0.06011,-0.457,-0.47592,-0.12897,-0.53620,0.096,-0.51925,0.24321,-0.43478,0.499,-0.30057,0.42805,0.13297
1,1,0.0,0.29073,0.10025,0.23308,0.17293,0.03759,0.223,0.12030,0.208,0.06266,0.21303,-0.04725,0.12767,-0.06333,0.073,-0.082,0.04097,-0.062,0.01408,-0.04166,-0.00280,-0.025,-0.01176,-0.015,-0.01505,-0.00886,-0.01,-0.003,-0.01250,0.00096,-0.00948,0.00290,-0.00647
1,1,0,0.58459,-0.35526,1.092,0.229,0.75376,-0.00564,0.414,0.19361,0.50188,-0.34,0.65977,0.086,0.69737,0.14662,0.363,-0.42669,0.76128,0.044,0.66917,0.242,0.84774,-0.40977,0.64850,-0.055,0.56836,-0.10571,0.52820,-0.164,0.15602,-0.12218,0.44767,-0.10309
1,1.481,0,0.917,0.13215,0.72171,0.06059,0.65829,0.115,0.178,0.12961,0.43837,0.20330,0.275,0.12686,0.44747,0.13507,0.43,0.02922,0.391,0.15756,0.32835,0.177,0.29495,0.13,0.26436,0.14530,0.23641,0.14314,0.26429,0.16137,0.18767,0.13632,0.166,0.13198
1,1,0,0.647,0.11933,0.85738,0.012,0.85124,0.019,0.76966,-0.00278,0.84459,0.079,0.83289,0.043,0.82680,0.03506,0.74838,0.021,0.633,0.02405,0.80862,0.037,0.80259,0.05352,0.77336,0.03,0.79058,0.06235,0.85939,0.09251,1.087,0.07090,0.77269,0.07508
1,1,0,0.87111,0.04326,0.79946,0.18297,0.99009,0.29292,0.89455,-0.08337,0.88598,-0.027,0.90446,-0.172,0.944,0.199,1.056,-0.04642,0.646,-0.00991,0.97882,-0.34024,0.78954,-0.339,0.86661,-0.09193,0.85967,-0.02908,0.549,-0.04101,0.75935,0.202,1.24,0.09193
1,1,0,0.582,0.02549,0.619,0.09792,0.75855,0.186,0.74313,-0.09188,0.95842,0.02482,0.645,-0.00469,0.96110,0.10195,0.554,0.03756,0.391,0.031,0.81221,-0.102,1,0,0.71764,-0.018,0.896,0.02552,0.72435,-0.01073,0.90409,0.11066,0.72837,0.02750
1,1,0,0.47337,0.129,0.068,-0.18343,0.62316,0.01006,0.375,-0.029,0.56509,0.009,0.44675,0.27515,0.71598,-0.03846,0.55621,0.12426,0.439,0.11538,0.478,0.02842,0.328,-0.10651,0.47929,-0.02367,0.571,0.03259,0.53550,0.25148,0.31953,-0.107,0.34615,-0.00296
1,1,0.0,0.59887,0.17,0.69868,-0.089,0.85122,-0.124,0.419,0.031,0.50471,0.02825,0.67420,-0.04520,0.80791,-0.13748,0.51412,-0.24482,0.81544,-0.14313,0.985,-0.00377,0.33333,0.06215,0.56121,-0.33145,0.61444,-0.16837,0.52731,-0.02072,0.741,-0.31262,0.999,-0.323
1,1,0,1.146,-0.03397,0.86412,-0.08493,0.81953,0,0.675,-0.07643,0.71975,-0.092,0.74947,-0.11677,1.004,-0.206,0.78132,-0.298,0.618,-0.10191,0.79193,-0.15711,1.046,-0.03397,0.736,-0.26115,0.74115,-0.23312,0.66242,-0.22293,0.72611,-0.279,0.65817,-0.24841
1,1,0,0.87772,-0.104,0.83424,0.08,0.84783,0.036,0.77174,-0.029,0.77174,-0.05707,0.82337,-0.10598,0.389,-0.004,0.88043,-0.20924,0.83424,0.03261,0.86413,-0.05978,0.97283,-0.167,0.607,-0.18750,0.83705,-0.089,1.231,-0.03261,0.78533,-0.10870,0.79076,-0.00543
1,1,0,0.74704,-0.13241,0.53755,0.133,0.72727,0.09486,0.69565,-0.11067,0.928,-0.25,0.87945,-0.19170,0.73715,0.04150,0.63043,-0.00395,0.632,-0.06,0.79249,-0.25296,0.66403,-0.28656,0.67194,-0.10474,0.471,-0.158,0.591,-0.20949,0.234,0.042,0.61067,-0.01383
1,0.675,0,0.46785,0.11308,0.58980,0.00665,0.482,0.06874,0.558,-0.165,0.52993,0.01330,0.63858,-0.16186,0.67849,-0.03326,0.54545,-0.109,0.52993,-0.055,0.47894,-0.19512,0.50776,-0.18,0.41463,-0.228,0.53930,-0.11455,0.59867,-0.02882,0.53659,-0.11752,0.48,-0.03
1,1,0.0,0.88116,0.27475,0.604,0.42881,0.61559,0.63662,0.38825,0.90502,0.09831,0.96128,-0.267,1.017,-0.296,0.963,-0.65114,0.409,-0.78768,0.45535,-0.81856,0.19095,-0.658,-0.08079,-0.457,-0.26356,-0.67557,-0.43,-0.54732,-0.60858,-0.30512,-0.66700,-0.19312,-0.75597
1,1.045,0,0.93147,0.391,0.971,0.55756,0.59952,0.377,0.26203,0.92651,0.04636,0.96748,-0.23237,0.95130,-0.445,0.81018,-0.73329,0.62385,-1.164,0.36200,-0.92254,0.06040,-0.93618,-0.286,-1.084,-0.412,-0.521,-0.69556,-0.41223,-0.85725,-0.13590,-0.93953,0.10007,-0.94823
1,0.581,0,0.88241,0.30634,0.73232,0.57816,0.356,0.422,0.05717,1.5,-0.073,0.838,-0.62403,0.71996,-0.69767,0.32558,-0.81422,0.41195,-1,-0.00775,-0.416,-0.41085,-0.76901,-0.45478,-0.57242,-0.67605,-0.264,-0.81876,-0.034,-0.86841,0.25392,-0.82127,0.00194,-0.694
1,1,0,0.831,0.28993,0.69256,0.405,0.49234,0.5,0.21991,0.86761,-0.08096,0.982,-0.35558,0.77681,-0.667,0.58425,-0.70350,0.185,-0.75821,0.03939,-0.846,-0.15317,-0.58315,-0.39168,-0.37199,-0.52954,-0.16950,-0.60863,0.08425,-0.448,0.143,-0.295,0.40591,-0.35339
1,1,0.0,0.92870,0.235,0.433,0.62349,0.49305,0.84266,0.21592,0.95193,-0.107,0.489,-0.47202,0.83590,-0.70747,0.65490,-0.87474,0.416,-0.91814,0.073,-0.738,-0.26173,-0.73969,-0.54069,-0.7,-0.74735,-0.22323,-0.86122,0.07810,-0.87159,0.36021,-0.72,0.59407,-0.60270
1,1.131,0,0.83367,0.31456,0.65541,0.57671,0.34962,0.70677,0.151,0.78947,-0.23,0.79886,-0.41729,0.66541,-0.68421,0.47744,-0.74725,0.19492,-0.72180,-0.067,-0.62030,-0.28195,-0.49165,-0.53463,-0.329,-0.671,-0.01530,-0.69706,0.127,-0.41,0.43100,-0.548,0.779,-0.30075
1,1,0,1.262,-0.033,0.98058,-0.058,0.975,-0.086,0.98720,0.01456,0.95278,-0.02604,0.98500,-0.07458,1.393,-0.07149,0.97396,-0.09532,0.97264,-0.12224,0.99294,-0.05252,1.416,-0.08914,0.97352,-0.05,0.933,-0.12912,0.93469,-0.14916,1.333,-0.15755,0.96778,-0.18800
1,1,0,0.94052,-0.01531,0.94170,0.01001,0.944,-0.01472,0.688,-0.01060,0.94641,-0.043,0.681,-0.01767,0.97055,-0.044,0.95465,-0.04064,0.95230,-0.04711,0.94229,-0.02179,0.583,-0.064,0.92049,-0.04476,0.92695,-0.05827,0.90342,-0.07479,1.196,-0.088,0.78,-0.07420
1,1,0,0.97032,-0.14384,0.482,-0.00228,0.96575,-0.17123,0.98630,0.18265,0.91781,0.00228,0.93607,-0.08447,0.586,-0.00228,0.829,-0.055,0.946,-0.241,1.304,0.082,0.92009,-0.05251,1.337,0.06849,0.94043,-0.09252,0.97032,-0.20091,0.85388,-0.116,0.96575,-0.21918
1,1,0,0.52542,-0.03390,0.94915,0.08475,0.507,-0.099,0.387,-0.01695,0.50847,-0.168,0.64407,0.28814,0.83051,-0.473,0.54237,0.01695,0.516,0.03390,0.682,0.30508,0.86441,0.05085,0.40678,0.15254,0.67287,-0.002,0.66102,-0.03390,0.83051,-0.195,0.76271,-0.094
1,1,0,0.33333,-0.25000,0.44444,0.131,0.281,0.179,0.41667,0.13889,0.625,-0.11111,0.54911,-0.061,0.58333,0.33333,0.55556,0.02778,0.25000,-0.19444,0.47222,-0.05556,0.52778,-0.02778,0.38889,0.058,0.41543,-0.145,0.119,-0.101,0.36924,-0.14809,0.08333,-0.692
1,1,0.0,0.736,1,1,0.53810,0.71178,0.80833,0.45622,0.46427,0.33081,1,0.21249,1,-0.172,1,-0.33081,1.094,-0.588,1,-0.649,0.71699,-0.688,0.47894,-0.701,0.35175,-1.093,0.09569,-1,-0.16713,-1,-0.42226,-0.921,-0.65557
1,1,0,0.481,0.482,0.83550,0.54301,0.54916,1.068,0.35225,0.826,0.107,0.94749,-0.09818,0.801,-0.37604,0.82223,-0.483,0.677,-0.68358,0.67989,-0.70163,0.24956,-0.79147,0.02995,-0.98988,-0.29099,-0.70352,-0.32792,-0.63312,-0.19185,-0.176,-0.60454,-0.19609,-0.726
1,0.908,0,0.667,0.63,0.72113,0.58385,0.415,0.78115,0.178,0.82732,-0.13012,1.145,-0.46177,0.873,-0.59435,0.52070,-0.78470,0.26529,-0.536,0.03928,-0.62041,-0.36,-0.47412,-0.48905,-0.37298,-0.67796,-0.05054,-0.62691,0.14690,-0.45911,0.403,-0.39167,0.48319,-0.24313
1,1,0,0.93658,0.263,0.75254,0.65640,0.45571,0.595,0.15323,1.409,-0.21775,0.89,-0.56535,0.83397,-0.78751,0.58045,-0.93104,0.26020,-0.93641,-0.067,-1.176,-0.382,-0.65079,-0.67464,-0.36799,-0.704,-0.04578,-0.749,0.27330,-0.85762,0.54827,-0.69613,0.74828,-0.542
1,0.614,0,0.92436,0.36924,0.71976,0.433,0.29303,0.881,-0.148,0.76527,-0.31605,0.92453,-0.946,0.78766,-0.92145,0.42314,-0.94315,0.09585,-1,0.025,-0.66431,-0.66278,-0.46010,-0.512,-0.135,-0.88082,0.19765,-0.85137,0.48904,-1.016,0.529,-0.46048,0.76066,-0.13194
1,0.973,0,1,0.16195,0.867,-0.064,1.186,0.01373,1,-0.12352,1,-0.01511,1,-0.01731,1,-0.041,1,-0.07157,1,0.05900,1,-0.058,1,-0.02685,1,-0.22978,1.066,-0.067,1,0.08299,0.72,-0.14194,0.583,-0.07439
1,1.119,0,0.95559,-0.00155,0.86421,-0.13244,0.94982,-0.00461,0.82809,-0.51171,0.92441,0.15,1,-0.14247,0.99264,-0.023,0.716,-0.15518,0.438,0.61739,1.472,-0.16321,0.916,-0.08495,0.71,-0.01664,0.84132,-0.01769,0.82427,-0.024,0.80634,-0.028,0.78761,-0.02039
1,1,0.0,0.79378,0.29492,0.64064,0.52312,0.41319,0.809,0.14177,0.83548,-0.16831,0.78772,-0.42911,0.823,-0.57165,0.608,-0.75436,0.165,-0.69977,-0.09856,-0.57695,-0.162,-0.403,-0.38287,-0.17437,-0.588,0.01523,-0.48707,0.19030,-0.566,0.31008,-0.238,0.34572,-0.08036
1,1,0,0.88085,0.35232,0.68389,0.65128,0.34816,0.79784,0.079,1.135,-0.323,0.86490,-0.62635,0.69590,-0.77106,0.39309,-0.85803,0.08408,-0.81641,-0.304,-0.851,-0.584,-0.555,-0.68337,-0.11147,-0.75533,0.17041,-0.621,0.40675,-0.565,0.56626,-0.36765,0.562,-0.13305
1,0.558,0,0.564,0.39286,0.66129,0.71804,0.29521,0.90824,-0.054,0.94415,-0.45725,0.816,-0.77660,0.741,-0.92819,0.25133,-0.94,-0.213,-0.76064,-0.48404,-0.50931,-0.76197,-0.16,-0.607,0.21581,-0.85703,0.53229,-0.68593,0.74846,-0.40656,0.83142,-0.089,0.76862,0.27926
1,1,0,1,-0.238,1,-0.20253,0.87342,-0.058,0.88608,0.01266,1,0.11392,0.697,0.06329,0.84810,-0.03797,0.63291,-0.36709,1.241,-0.01266,0.93671,0.055,1,0.25316,0.32,-0.544,0.84637,-0.05540,1.31,-0.06329,0.602,0.02532,1.163,-0.02532
1,1,0,0.74790,0.009,1.133,0.01659,1.186,0.036,0.86555,0.011,0.60504,0.05882,0.79093,0.04731,0.77441,0.042,0.64706,0.19328,0.84034,0.047,0.71285,0.07122,0.874,0.07577,0.613,0.08403,0.63728,0.08296,0.61345,0.01681,0.58187,0.08757,0.815,0.08891
1,1,0,0.929,0.01809,0.92211,0.01456,0.669,0.023,0.92765,0.098,0.87597,0.11370,0.91161,0.046,0.90738,0.05018,0.87339,0.02842,0.95866,0.0,0.907,0.078,0.88430,0.049,0.83721,0.10853,0.86923,0.08950,0.532,0.08786,0.85198,0.10134,0.84258,0.10698
1,1,0.0,1,-0.01179,1,-0.00343,1.151,-0.01565,1,-0.02,1,-0.02809,1,-0.02187,0.99828,-0.03087,0.99528,-0.03238,0.99314,-0.03452,1.366,-0.03881,1,-0.05039,1.017,-0.065,0.99842,-0.072,0.99400,-0.086,1.354,-0.093,0.98971,-0.06668
1,1,0,0.89505,-0.046,0.87525,0.05545,0.89505,0.009,0.92871,0.022,0.797,-0.00990,1.264,-0.012,0.91881,0.03366,0.93663,0,0.94257,0.009,0.90495,0.00792,0.88713,-0.01782,0.89307,0.02376,0.939,0.01611,0.88119,0.002,1.252,0.04158,0.86733,0.02376
1,1,0.0,1.103,0.01773,1,-0.01773,1.146,0.006,0.84752,0.05674,1,0.03546,0.97872,0.01064,0.517,0.03546,1,-0.03191,0.89716,-0.025,0.86170,0.07801,0.608,0.09220,0.90071,0.069,0.94305,0.03247,0.94681,0.02482,0.822,0.007,0.93617,0.02128
1,1,0,0.39394,-0.24242,0.62655,0.01270,0.45455,0.09091,0.88,0.09091,0.21212,-0.21212,0.57576,0.15152,0.409,0.0,0.56156,0.04561,0.644,0.019,1.081,0.18182,0.30303,-0.15152,0.483,0.053,0.46362,0.06142,0.33333,-0.03030,0.41856,0.078,0.272,0.24242
1,1,0,0.747,0.286,0.72014,0.66667,0.522,0.626,0.08646,0.662,-0.296,0.86121,-0.51763,0.67577,-0.68714,0.41524,-0.77019,0.09898,-0.829,-0.126,-0.453,-0.33,-0.32537,-0.57679,-0.02844,-0.59954,0.15360,-0.53127,0.32309,-0.37088,0.46189,-0.19681,0.40956,0.01820
1,1,0,0.89563,0.37917,0.67311,0.392,0.35916,0.88696,-0.04193,0.546,-0.38875,0.84414,-0.67274,0.626,-0.82680,0.193,-0.86150,-0.066,-0.868,-0.21,-0.536,-0.62443,-0.237,-0.73855,0.06911,-0.73856,0.33531,-0.62296,0.63,-0.42086,0.61217,-0.17343,0.60073,0.08660
1,1,0.0,0.90547,0.41113,0.476,0.84,0.29921,1.17,-0.13342,0.857,-0.52236,0.83263,-0.79657,0.55086,-0.96631,0.15192,-0.93001,-0.349,-0.71863,-0.59379,-0.41546,-0.85205,-0.012,-0.93788,0.326,-0.85368,0.697,-0.693,0.85977,-0.28123,0.88654,0.09800,0.75495,0.46301
1,1,0.0,1,0.695,0.36700,0.048,0.12993,0.92713,-0.27586,0.93596,-0.31527,0.369,-0.78,0.503,-0.92857,-0.08867,-0.38916,-0.34236,-0.46552,-0.943,-0.05419,-0.93596,0.25616,-0.20443,0.73792,-0.355,0.85471,-0.06831,1,0.957,0.38670,0.00246,0.17758,0.754
1,1.187,0,1,0.427,0.45455,0.33333,0.06061,0.36364,-0.32104,0.73062,-0.538,0.48485,-0.57576,0,-0.57576,-0.098,-0.33333,-0.271,-0.117,-0.59,0.48485,-0.57576,0.57576,-0.42424,1,-0.39394,0.72961,0.12331,0.96970,0.466,0.199,0.447,0.09091,0.33333
1,1,0,1.285,0,0.94817,-0.037,0.72,-0.01220,1.133,0.01829,1.194,0.009,0.93902,0.00915,0.95732,0.00305,1,0.02744,1.0,-0.007,1.245,0.02439,0.91463,0.05488,0.99695,0.04878,1.09,0.02226,0.90854,0.00915,1,0.05488,0.97561,-0.01220
1,1,0.0,0.82624,0.08156,0.79078,-0.08156,0.90426,-0.01,0.92908,0.009,0.80142,0.08865,0.94681,-0.00709,0.94326,0,0.93262,0.20213,0.95035,-0.009,1.0,0.00709,0.695,0.046,0.61,0.15957,0.89527,0.08165,0.77660,0.049,0.92553,0.18085,1.177,0
1,1,0.0,0.74468,0.10638,0.88706,0.00982,0.88542,0.01471,1.165,-0.01418,0.73050,0.058,0.755,0.02912,0.87235,0.03382,0.95745,0.07801,0.747,0.025,0.85597,0.04743,1.055,0.05178,0.87234,0.11348,0.83429,0.032,0.74468,-0.03546,1.055,0.058,0.80774,0.07173
1,1,0,0.87578,0.031,0.89951,0.00343,0.89210,0.00510,0.86335,0.0,0.95031,0.07453,0.438,0.00994,0.86303,0.01151,1.196,-0.06211,0.85714,0.02484,0.84182,0.01603,0.952,0.021,0.79503,-0.04348,0.82111,0.022,0.411,0.08696,0.839,0.031,0.80088,0.02441
1,1,0,0.97513,0.00710,0.98579,0.01954,1,0.01954,0.547,0.016,0.95737,0.02309,0.97158,0.021,1.417,0.03730,0.979,0.02131,0.98579,0.068,0.862,0.04796,0.94494,0.049,0.98401,0.03552,0.97540,0.056,0.94849,0.08171,0.99112,0.06217,0.631,0.09947
1,1.471,0,1,0.01105,1,0.01105,1,0.02320,0.99448,-0.017,1.087,-0.00221,1.474,0.018,1.187,0.012,0.738,0.00773,0.97901,0.01657,0.98011,0.00663,0.98122,0.017,0.97127,-0.00663,0.98033,0.01600,1.277,0.01547,0.98564,0.02099,0.98674,0.02762
1,1,0,1.365,-0.009,1,0.012,1.034,-0.00224,1,0.078,0.97763,0.04474,1.123,0.022,1,0.067,0.98881,0.03356,1,0.03579,0.99776,0.09396,0.903,0.07383,1,0.10067,0.99989,0.08763,0.99105,0.08501,1,0.106,1,0.10067
1,1,0,0.88420,0.397,0.789,0.67382,0.339,0.86399,0.02424,0.93182,-0.35148,0.83713,-0.594,0.486,-0.78658,0.38778,-0.881,-0.00642,-0.69318,-0.32963,-0.52504,-0.53924,-0.407,-0.68126,0.00806,-0.69774,0.26028,-0.60678,0.392,-0.252,0.54209,-0.21542,0.56286,0.037
1,1,0.0,0.90147,0.41786,0.64131,0.449,0.30440,0.95148,-0.20449,0.96534,-0.55483,0.81191,-0.81857,0.386,-0.96986,0.062,-0.91456,-0.31412,-0.70163,-0.335,-0.32354,-0.63,0.05865,-0.474,0.44483,-0.82154,1.067,-0.55231,0.89415,-0.224,1.254,0.20359,0.70555,0.54852
1,1.172,0.0,0.41,0.11042,0.15970,0.29308,0.14020,0.962,-0.25131,0.518,-0.16503,0.26664,-0.63714,0.159,-0.616,-0.00337,-0.23227,-0.19909,-0.265,-0.48886,-0.14426,-0.89991,0.116,-0.292,0.28307,-0.18560,0.39599,-0.11498,0.31005,0.05614,0.21443,0.20540,0.13376,0.26422
1,1,0,0.65845,0.43617,0.44681,1.086,0.05319,0.49,-0.166,0.82139,-0.68253,0.52408,-0.84211,0.07111,-1.2,-0.274,-0.47032,-0.71725,-0.053,-0.86002,0.202,-0.76316,0.56663,-0.52128,0.74300,-0.18645,0.74758,0.131,0.45185,0.59071,0.20549,0.56,-0.176,0.74356
1,1,0,0.19466,0.073,0.04198,0.25191,-0.10557,0.533,-0.113,-0.18321,-0.41985,0.06107,-0.643,0.09160,-0.16412,-0.30534,-0.082,-0.39695,0.271,-0.17557,0.471,-0.11953,0.28626,-0.16031,0.218,0.329,0.03913,0.31092,-0.03817,0.26336,-0.16794,0.16794,-0.183,-0.33588
1,1,0.0,0.98002,0.001,1,0.0,0.98982,-0.00075,0.496,0.025,0.97700,0.02130,0.97888,0.03073,0.777,0.02338,1.055,0.05713,0.93552,0.05279,0.97738,0.058,1.412,0.06241,0.94155,0.08107,0.96709,0.07255,0.95701,0.08088,0.98190,0.08126,0.97247,0.113
1,1,0,0.82254,-0.07572,0.80462,0.00231,0.87514,-0.01214,0.86821,-0.07514,0.84,-0.11734,0.84624,0.05029,0.624,-0.07399,0.74798,0.06705,0.748,0.06358,0.542,-0.02370,0.74,-0.049,0.74451,-0.035,0.518,-0.02731,0.953,-0.07630,0.70058,-0.046,0.78439,0.01214
1,1,0,0.426,-0.13768,0.903,-0.02423,0.68195,-0.03574,0.55717,-0.066,0.61836,-0.10467,0.62099,-0.034,0.59361,-0.09,0.42271,-0.26409,0.741,0.04992,0.49736,-0.126,0.46241,-0.08989,0.45008,-0.00564,0.39146,-0.09038,0.35588,-0.146,0.39,-0.08637,0.166,-0.08300
1,1,0,0.76046,0.01092,0.455,0.00258,0.558,0.00384,0.79988,0.02304,0.81504,0.12068,0.83096,0.00744,0.81815,0.00854,0.82777,-0.06974,0.899,0.03881,0.679,0.014,0.75071,0.01232,0.77138,-0.00303,0.70886,0.02,0.337,0.008,0.66298,0.017,0.789,0.01525
1,1,0.0,0.66667,-0.01366,0.97404,0.06831,0.49590,0.69,0.75683,-0.003,0.65164,-0.084,0.40164,-0.453,0.39208,0.58743,0.76776,0.31831,0.671,0.11339,0.47541,-0.44945,1,0.00683,0.60656,0.094,0.865,0.17088,0.87568,0.112,0.55328,0.23,0.13934,0.48087
1,1,0,0.543,0.079,0.73739,-0.14706,0.84349,-0.073,0.90441,-0.046,0.89391,0.13130,0.81197,0.06723,0.79307,-0.08929,1,-0.02101,0.532,0.06618,1.266,0.01155,0.636,0.082,0.95378,-0.052,0.83479,0.00123,1,0.12815,0.86660,-0.10714,0.714,-0.04307
1,1,0,0.831,0.00419,0.95183,-0.024,0.93438,-0.01920,0.834,0.01606,0.96510,0.03281,1.234,0.07330,0.94625,-0.013,0.97173,0.001,0.94834,0.06038,1.282,0.08412,0.93124,0.10087,0.94520,0.01361,0.476,0.066,0.93159,0.08168,0.94066,-0.0,0.91483,0.04712
1,1,0.0,0.553,-0.00034,0.93207,-0.03227,0.95177,-0.03431,0.95584,0.02446,0.94124,0.01766,0.849,0.04688,0.93954,-0.01461,1.066,0.026,0.93784,0.01393,0.91406,0.07677,0.89470,0.05,1.279,0.024,0.92489,0.02542,0.92120,0.02242,0.92459,0.006,0.92697,-0.007
1,0.557,0,0.90608,-0.013,0.98122,-0.01989,0.95691,-0.03646,0.85746,0.00110,0.605,-0.03315,0.891,-0.012,0.90608,-0.04530,0.91381,-0.00884,0.80773,-0.185,0.88729,0.014,0.92155,-0.02320,0.91050,-0.02099,0.671,-0.073,0.82983,-0.17238,0.96022,-0.03757,1.139,-0.16243
1,1,0,0.84710,0.13533,0.73638,-0.087,0.578,0.08260,0.88928,-0.134,0.78735,0.08,0.80668,-0.00351,0.476,-0.01054,0.85764,-0.04569,0.6,-0.018,0.81722,-0.09490,0.71002,0.04394,0.86467,-0.137,0.81147,-0.04822,0.584,-0.00703,0.75747,-0.092,0.85764,-0.06151
