1,1,0,0.99539,-0.05889,0.665,0.02306,0.83398,-0.37708,1,0.03760,0.85243,-0.233,0.59755,-0.44945,0.60536,-0.544,0.84356,-0.38542,0.58212,-0.352,0.413,-0.328,0.36946,-0.548,0.56811,-0.511,0.41078,-0.404,0.21266,-0.34090,0.247,-0.54487,0.253,-0.45300
0,1,0,1.1,-0.18829,0.93035,-0.36156,-0.10868,-0.734,1,-0.04549,0.50874,-0.67743,0.216,-0.69707,-0.51685,-0.97515,0.05499,-0.62237,0.33109,-0.536,-0.095,-0.45300,-0.139,-0.232,-0.20332,-0.26569,-0.133,-0.18401,-0.19040,-0.134,-0.206,-0.061,-0.13738,-0.02447
1,1,0,1,-0.02,1.403,0.003,1.395,-0.144,0.88965,0.01198,0.768,0.05346,0.86,0.00827,0.54591,0.00299,0.732,-0.13644,0.75535,-0.103,0.70887,-0.27502,0.43385,-0.12062,0.57528,-0.293,0.58984,-0.22145,0.43100,-0.17365,0.60436,-0.258,0.56045,-0.38238
0,1,0,1.167,-0.45161,1,1,0.407,-0.994,0,0,0,0,0,0.0,-0.95,0.14516,0.54094,-0.39330,-0.658,-0.54467,-0.69975,1,0.0,0,1,0.90695,0.591,0.52,1,-0.20099,0.196,1,-0.32382,0.662
1,1,0,1,-0.02401,0.94140,0.06531,0.92106,-0.23255,0.77152,-0.16399,0.287,-0.14,0.56409,-0.008,0.34395,-0.27457,0.649,-0.256,0.45107,-0.17813,0.056,-0.278,0.02309,-0.52879,0.03286,-0.65158,0.08,-0.679,0.02431,-0.375,-0.05707,-0.59573,-0.043,-0.65697
0,1,0,0.016,-0.008,-0.09924,-0.11949,-0.00763,-0.11824,0.14706,0.06637,0.03786,-0.06302,0,0.0,-0.066,-0.121,-0.002,-0.10196,-0.11575,-0.05414,0.023,0.052,0.01519,0.00888,0.03513,-0.015,-0.03240,0.09223,-0.092,0.00732,0,0,-0.00039,0.114
1,1,0.0,0.97588,-0.10602,0.94601,-0.288,1.022,-0.28350,0.85996,-0.27342,0.79766,-0.47929,0.78225,-0.50764,0.74628,-0.61436,0.57945,-0.68086,0.37852,-0.461,0.527,-1.0,0.235,-0.79753,0.162,-1.141,0.13659,-0.82510,0.04606,-1.149,-0.041,-0.81318,-0.13832,-0.80975
0,0,0.0,0,0,0.0,0,1.436,-1,0,0.0,-0.83,-1,0,0,0.0,0,1,1,-1,-1,0.0,0,0.0,0.0,1,1.251,1,1.266,0,0,1,1,0,0
1,1,0,1.081,-0.055,1,-0.14333,1,-0.119,1.345,-0.36174,0.549,-0.477,0.94510,-0.305,1.202,-0.46381,0.98305,-0.35257,0.84537,-0.66020,0.75346,-0.60589,0.69637,-0.425,0.85106,-0.65440,0.333,-0.69712,0.25435,-0.435,0.45114,-0.72779,0.38895,-0.73420
0,1,0.0,-0.01864,-0.114,0.0,0,0,0,0.123,-0.26810,-0.45663,-0.38172,0.0,0.0,-0.471,0.513,-0.37133,0.15018,0.63728,0.3,0.0,0,0,0,-0.14803,-0.01326,0.20645,-0.02294,0,0.0,0.16595,0.24086,-0.08208,0.38065
1,1.053,0.0,1.326,0.06655,1,-0.18388,1,-0.27320,1,-0.43107,0.552,-0.41349,0.96232,-0.51874,0.748,-0.59017,0.89230,-0.66474,0.554,-0.71,0.943,-0.76320,0.63081,-0.815,0.55867,-0.922,0.467,-0.86500,0.40303,-0.83675,0.30996,-0.89093,0.22995,-0.89158
0,1,0,1,-0.54210,1,-1,1,-1,1,0.36217,1,-0.41119,1,1,1,-1,1,-0.415,1,-1.201,1,0.748,1,0.765,0.718,-0.40888,1,-0.717,1.473,-0.564,0.634,-1.146,0.965,-1
1,1,0.0,1,-0.16316,1,-0.056,0.99999,-0.15197,1.037,-0.19277,0.94055,-0.35151,0.95735,-0.158,0.93719,-0.34412,0.509,-0.28106,0.90137,-0.43383,0.86043,-0.47308,1.227,-0.51220,0.84080,-0.607,0.527,-0.789,0.65723,-0.68794,0.68714,-0.64537,0.683,-0.819
0,1,0,1,-0.564,1,0.22280,0.984,-0.39896,1,-0.12090,1,0.35147,0.894,0.07772,1,-0.193,1,-0.527,1,-1.337,0.61831,0.101,1,0.62349,1,-0.17012,0.891,0.249,1,-0.66494,1,0.88428,1.423,-0.134
1,1,0,1,0.07380,1.392,0.048,1,-0.05563,1,0.08764,1.366,0.19651,1.184,0.20328,1.268,0.083,1,0.10561,1,0.249,1,0.44758,1,0.483,1,0.20033,0.697,0.36743,1.25,0.48641,1,0.303,1,0.46712
0,1,0,0.50932,-0.93996,1,0.187,-0.048,-0.668,1,-0.894,0.43685,-0.585,0,0.0,-1,-0.34265,-0.202,0.029,1,-1,0,0,0,0.0,-0.133,0.92236,0.579,0.26501,0,0,1,0.23188,0,0
1,1,0,0.99645,0.06468,1,-0.018,0.97811,0.02498,0.96112,0.02312,0.99274,0.07808,0.64,0.105,0.94212,0.038,0.88809,0.11120,0.86104,0.08631,0.818,0.072,0.584,0.112,0.81329,0.13412,0.618,0.13638,0.79110,0.15379,0.964,0.221,0.70941,0.12015
0,0.0,0.0,0,0,-0.916,-1,0.958,0.988,-1,1,-1.231,1,1,-1.482,1,1,-1,-1,-1,0.854,0.701,-1,-1,1,-1,1.093,1,-1,-1,1,-1,-0.627,1,-1
1,1,0,0.783,0.028,0.66626,0.032,0.57197,0.18761,0.08776,0.271,0.63621,0.12131,0.62099,0.091,0.78637,0.119,0.673,0.18151,0.14395,0.41224,0.53888,0.21326,0.51420,0.22625,0.48838,0.188,0.238,0.234,0.43433,0.25306,0.40663,0.279,1,0.33036
0,0,0,1,-1,0.0,0,0,0,1,1,1,-0.924,-0.71875,1.467,0.0,0,-1,1,0.933,1.226,-1,1,1,0.511,-1.351,1,1,0.909,1,-1,1.472,1.316,1,1
1,1.049,0.0,0.796,-0.00612,0.633,-0.082,1.004,-0.057,1,-0.10605,0.614,-0.11073,1,-0.39489,1,-0.15616,0.92124,-0.31884,0.86473,-0.49,0.91693,-0.44072,0.63,-0.46866,0.81874,-0.40372,0.82681,-0.42231,0.75784,-0.38231,1.072,-0.40575,0.74354,-0.45039
0,0,0.0,1,1.446,0,0,0.0,0.0,-1,-1,0.0,0.0,0,0,-1,-1,-1,-1,-1,0.976,-1,1,0.0,0.0,0,0,0.867,-1,-1.146,1,-1,1,-1,1
1,1,0,1.006,0.07088,1,0.04296,1,0.07,0.525,-0.027,0.514,0.023,1.225,-0.06142,0.87534,0.11,0.76544,0.004,0.75206,-0.05295,0.65961,-0.07905,0.531,-0.05929,0.55677,-0.07705,0.58051,-0.031,0.49664,-0.01251,0.51310,-0.00015,0.52099,-0.00182
0,0,0,-1,1,0.0,0.0,0,0,-1,1,1,1.028,0,0,0.0,0,1,-1,-1,1,1,0.691,0.0,0,-1,-0.992,1,-1.138,1.187,1,-1,0.986,0.0,0
1,1,0,0.895,-0.06182,1,0.03,1,-0.05131,1,-0.01707,1,-0.11726,1.18,-0.05202,0.811,-0.06598,0.934,-0.092,0.65731,-0.20367,0.94910,-0.4,0.877,-0.31654,0.832,-0.34838,0.847,-0.29174,0.73094,-0.38576,0.717,-0.26284,0.64207,-0.39487
0,1,0,1.389,0.57820,1,-1,1.136,-1.272,1,-1,1,-1,1.267,-1,1,-1,1,-0.629,1,-1,1,-0.62796,1.31,-0.965,1,-1,1,-1.132,0.558,-0.685,1,-1,1,-1.078
1,1,0,1,-0.08714,1,-0.176,0.86635,-0.81779,0.94817,0.61053,0.721,-0.41382,0.875,-0.31736,1.196,-0.297,0.418,-0.62180,0.12245,-1.421,1.294,0.11053,0.62357,-0.78547,0.55389,-0.714,0.48136,-0.86583,0.231,-0.89674,0.32984,-1.283,-0.13341,-1
0,0,0,-1,-1,0.0,0,-1,1,0.635,-0.238,0,0.0,0,0.0,0,0.0,1,-1.474,-1.112,-1,1,-1,0,0,1,-0.608,-1,0.78,-1,-1.435,0,0,-1,1
1,1,0.0,1,0.043,1.068,0.17387,1.057,-0.182,0.98172,0.64520,1,0.47904,1.092,0.59113,1,0.70758,1,0.82777,1,0.95099,0.726,1.017,0.98042,1.363,0.91624,1.222,0.83899,1,0.74822,1,0.64358,1,0.52479,0.881
0,0,0,-1,-1,0.874,1,1.306,-1.447,-1,1,1,-1.151,-1.314,-1.055,0.0,0,1,1,-1,-0.64,1,-1,1.247,-1,0.81,1.344,1,-1,1,-1,-1,1,1,-1
1,1,0,1,-0.14236,1,-0.16256,1,-0.23656,1,-0.07514,1,-0.25010,0.627,-0.139,1,-0.21975,1,-0.334,0.683,-0.281,1,-0.35519,0.822,-0.492,1.11,-0.47643,0.98820,-0.49687,1,-0.75820,0.781,-1.086,1,-1.034
0,1,0.0,1,-1,1,1,1,-1.492,1,-1,0.691,-1.272,1,-0.01840,1,-1.383,1,1,0.613,-1.07,1,1,1,-1,0.0,0.0,1,1,1,-1.086,1,1.481,1,1
1,1,0.0,0.88208,-0.178,0.93408,-0.11057,0.694,-0.16450,0.88307,-0.156,0.88462,-0.31809,0.85269,-0.376,0.853,-0.35924,0.80681,-0.311,0.75243,-0.47022,0.70555,-0.47153,0.66150,-0.50085,0.488,-0.376,0.697,-0.54629,0.50179,-0.59854,0.47075,-0.57377,0.592,-0.58086
0,1,0,0.71253,-0.02595,0.253,-0.23067,0.98019,-0.09473,0.99709,-0.103,1.202,-0.135,0.58965,1.036,0.83726,-1,0.524,-0.17863,0.80760,-0.28257,-0.25914,0.523,0.447,0.05456,0.65493,-0.119,0.93124,-0.487,0.63811,-0.221,0.86136,-0.87354,-0.23186,-1
1,1.364,0,0.515,-0.15899,0.72314,0.27686,0.83443,-0.58388,1,-0.315,1.032,-0.49863,0.79962,-0.12527,0.56,0.14638,1,0.344,1,0.26590,0.96354,-0.01891,0.92599,-0.705,1,0.14803,0.897,-0.11582,1,-0.154,1.123,0.651,1,-0.57758
0,1,0.0,0.66161,-1,0.895,0.782,1,-0.67321,0.562,-0.226,1,-1,1,-0.89375,0.957,0.73393,0.17589,0.70982,1,0.78036,1,0.85268,1,-0.945,0.725,0.85357,1.143,-0.06,0.95982,-0.354,1,0.65268,1,0.34732
1,1,0.0,1,0.00433,1,-0.01209,1.229,-0.024,1,-0.058,0.97839,-0.06256,1,-0.06544,0.97261,-0.065,1.239,-0.13665,0.94184,-0.14327,0.99589,-0.14248,1.222,-0.144,0.89469,-0.247,0.89067,-0.17909,0.483,-0.18552,0.83777,-0.162,0.83867,-0.20766
0,0,0,1,1,1,-1.259,0,0,0,0.0,-1,-0.84,0,0,0,0.0,-1,1,1,0.516,-0.769,1,-1,1,0.654,-1.459,1,1,-1.215,1.323,1,1.256,0,0
1,1,0,0.997,0.04347,0.94191,0.02280,0.503,0.036,0.93582,0.016,0.91911,0.06348,0.514,0.12067,0.92048,0.06211,0.88899,0.17,0.83744,0.14439,0.80983,0.11849,0.77041,0.14222,0.595,0.136,0.73550,0.13282,0.66387,0.132,0.902,0.10754,0.563,0.11447
0,1,0,1.08,0.021,0.99672,0.028,0.97545,0.038,0.61745,-1,0.91036,0.11147,0.88462,0.557,0.427,0.14137,0.417,0.15189,1.427,0.206,0.65850,0.16371,0.60138,0.16516,0.621,0.16390,0.48867,0.16019,0.43481,0.15436,0.38352,0.19,1,1
1,1,0.0,0.503,0.042,1,0.253,1,0.26281,0.93051,0.286,0.86773,0.348,0.742,0.50082,0.656,0.52321,0.65954,0.60756,0.57619,0.62999,0.47807,0.67135,0.40553,0.68840,0.469,0.858,0.27712,0.72386,0.19296,0.70682,0.11372,0.727,0.06990,0.71444
0,1,0.0,-1,-1,1,1,1,-0.14375,0,0.0,-1,1,1,0.757,0.17917,-0.551,-0.77,-1.206,0.08750,-1,1,-1,-1.304,1.417,-1,-1,1.498,-1,-1,-1,1,1.471,0.0,0
1,1,0,0.90932,0.08791,0.895,0.159,1,0.16598,0.55187,0.68154,0.70207,0.36719,0.16286,0.33,0.57620,0.363,0.697,0.49618,0.332,0.12967,0.37824,0.363,0.31274,0.732,0.24856,0.56527,0.18626,0.56605,0.131,0.56101,0.076,0.55061,0.12137,0.793
0,1,0.0,-0.64286,-1,1,0.82857,0.985,-1,1,-0.23393,0.879,1.017,1,-0.37679,1,-1.081,1.245,0.13839,1.486,-0.58,1,-0.03393,-0.84286,1,0.53750,0.85714,0.826,1,1,-1,0.855,-1.294,1,-1
1,0.708,0,0.99025,-0.029,0.99793,-0.067,0.747,-0.242,0.99374,-0.25843,0.92738,-0.30130,0.92651,-0.546,0.698,-0.524,0.84922,-0.52064,0.87433,-0.57075,0.79016,-0.361,0.74725,-0.64615,0.68282,-0.68479,0.387,-0.73174,0.61010,-1.075,0.54752,-0.80278,0.49195,-0.83245
0,0,0,0,0,0.0,0.0,0,0.0,1,1.251,1,0.638,0,0.0,0.0,0.0,-0.37500,-1,-1,-0.519,0,0,0,0,-1,-1,-1,-1,-1,0.631,0.955,0,0,0
1,0.618,0,1,-0.03730,1,-0.07383,0.99601,-0.16,0.99838,-0.09931,0.98941,-0.13814,0.96674,-0.21695,0.95288,-0.201,0.91236,-0.383,0.90581,-0.177,0.89991,-0.34691,0.87874,-0.37643,0.86213,-0.42990,0.504,-0.248,0.81433,-0.31,0.738,-0.417,1.09,-0.50152
0,1,0,1.309,-0.02685,-1.395,0.26131,-0.484,0.35639,0.755,-0.63427,1,-0.03353,-0.29020,-0.006,-0.54852,0.15452,0.91921,-0.46270,1.008,-0.50424,-0.29735,-0.444,-0.73864,0.542,1.188,-0.244,0.52208,-0.58130,1,-0.783,-0.09634,0.20477,-0.06117,0.41913
1,1.123,0,1.124,0.00874,0.768,-0.03818,0.97565,-0.05699,0.95947,-0.073,0.99004,-0.04507,0.94713,-0.104,0.93369,-0.12790,0.94217,-0.11583,0.538,-0.19200,0.88274,-0.17387,0.86257,-0.152,1.279,-0.19689,0.81813,-0.21136,0.78546,-0.23864,0.846,-0.302,0.71,-0.23902
0,1,0,0.0,0,1.087,0.624,0,0,0.10991,-1.233,0,0.0,0,0.0,-1,-0.22414,-0.717,-0.83297,0.76940,0.63147,0,0,0.769,0.412,-0.90302,0.44828,1,-0.75,-1,0.81573,0.0,0,0,0
1,0.65,0,0.84134,-0.097,0.43644,0.037,0.93421,-0.00267,0.87947,0.13795,0.81121,-0.01789,0.88559,0.288,1.314,-0.57486,0.75000,-0.26,0.86676,-0.20104,1.235,1,0.413,-0.16290,0.90066,-0.033,0.93358,-0.01158,0.61582,-0.32298,0.84463,-0.147,1.323,-0.01425
0,0,0,1,1.259,1,-1,0.0,0.0,0,0.0,1.245,1,1,1,-1.195,-1,1.437,-1,-1,1,0,0,1,-0.854,1.375,-1,1,0.596,-1,-1,0,0.0,0,0
1,1,0.0,1.236,1,0.65,0.821,0.91010,1,-0.26970,1.304,-0.83152,1,-1,1,-1,0.72526,-0.55,-0.57779,-1,-0.42052,-1.003,-1,-0.52838,-0.956,0.709,-1,1,-1.446,1,-1,1.479,-0.34686,1,0.34845
0,1,0.0,-0.67935,-1,-1,1,0.509,0.63317,0.03515,-1.238,-0.968,-1,1,1,0.88683,-1.384,-1,1,0.732,1.345,0.882,-1,-1,-1,-0.18856,1,1,-1,-0.872,-1,-1,0.649,1.015,0.33611
1,1,0,1.302,0.08143,0.97487,-0.05667,0.97165,-0.121,1.08,-0.06,0.94717,0.01279,0.95436,-0.16795,0.94612,-0.19497,0.99630,-0.32268,0.68,-0.21,0.91428,-0.36,0.663,-0.243,0.99899,-0.40747,0.87244,-0.34586,0.92059,-0.371,0.83951,-0.39061,0.656,-0.41173
0,1,0,0.075,-0.20685,-0.817,1,-1,1,0.377,0.263,-0.82143,-0.62723,-1,-1,-1,1.001,-0.019,0.59152,-0.42113,-0.42113,-0.887,-0.756,-1,-0.46801,-1.303,0.23810,1,-1,-1,-0.366,-1,-1,-1.429,0.61458
1,1,0,1,-0.032,1,-0.04494,1,-0.06682,1,-0.053,1,0.799,0.657,-0.12738,1,-0.2,1,0.475,1,-0.17639,0.99484,-0.13,0.95601,-0.118,1,-0.92284,0.87280,-0.163,0.988,-0.22370,0.78479,-0.178,0.73992,-0.22981
0,0,0,-0.767,1.106,1.157,-1,-1,1,0.0,0,1,1,-1,-0.18750,0.966,1,-0.874,-1,1,-1,-1.31,-1,1,0.723,1,-0.999,1,1,1,1,0.0,0,-0.725,-1
1,1,0,0.626,0.05812,0.94525,0.07418,0.99952,0.13231,1,-0.01911,0.94846,0.038,0.95713,0.115,1.176,0.11224,0.90896,0.20119,0.96741,0.096,0.99695,0.152,0.589,0.189,0.91667,0.22431,0.88423,0.206,0.88568,0.248,0.78324,0.193,0.83574,0.31166
0,0.951,0.0,0.17188,-1,-1,1,0,0,0.0,0,-1,1,0,0,-0.734,-0.95,0.847,0.36146,0.523,0.201,0,0,-1,-0.198,-0.84792,0.96250,1,1,-1,0.67708,0,0.0,0.0,0
1,1,0.0,1,0.09771,0.658,0.074,1,0.224,0.98602,0.09237,0.94930,0.19211,0.92992,0.278,0.591,0.28343,0.445,0.185,0.455,0.33129,0.973,0.31698,0.74829,0.39597,0.76193,0.34658,0.68452,0.42746,0.744,0.46031,0.56791,0.47033,0.54252,0.50903
0,1,0,0.02,-0.35625,0,0.0,0,0,0,0.0,0,0,0.0,0,0.116,-0.55000,0.291,0.82813,1,-0.42292,0,0.0,0.08333,-1.175,-0.10625,-0.16667,0.536,-0.76667,-1,0.261,0,0.0,1,-0.27292
1,1,0,1,0.165,0.99352,0.16334,0.94616,0.33347,0.91759,0.22610,0.674,0.37107,0.84250,0.446,0.81011,0.49225,0.552,0.684,0.65091,0.56977,0.579,0.58071,0.55586,0.761,0.48311,0.55236,0.43317,0.964,0.35684,0.76147,0.422,0.419,0.22101,1.131
0,1,0.0,0.63816,1.266,0.272,-1,1,1,0.449,0.341,-0.66886,1,-0.05921,0.58772,0.025,0.071,-0.51535,-1,0.197,-0.03289,0.32675,-0.424,-1,1,0.80921,-1,1,-0.06140,0.711,1,0.20614,-1,1,1.019
1,1,0,1,-0.41457,1.436,0.76131,1.277,0.18593,1,-0.112,0.542,0.47990,0.818,-0.16080,1,0.00879,0.97613,-0.50126,0.946,-0.24497,0.88065,-0.19095,1,-0.135,0.93593,0.081,0.92890,-0.07249,1,-0.377,0.43970,0.19849,0.697,-0.045
0,1,0.0,0.84783,0.10598,1,0.526,1,-1,0.751,0.118,1,0.27038,1,0.455,0.593,0.35507,1,0.02672,0.584,-0.43025,1,0.63496,0.89130,0.148,1.21,-0.33333,1,0.15942,0.37681,-0.013,1,0.22464,0.662,0.37409
1,1,0,1,0.28046,1,0.02477,1,0.07764,1,0.04317,1.15,0.33266,1,0.074,1.035,0.049,0.95750,-0.24598,0.834,-0.12,1,0.04150,0.99933,0.27376,1.011,-0.39056,1.031,-0.016,0.86747,0.317,0.734,-0.22021,0.80355,-0.07329
0,0,0.0,1,-1,1.334,-0.552,1,-1,1,-1,1.142,0.824,1.0,1,1.452,-1,1.146,1,0.793,1,1,1,1,-1,1,-1,1,-1,1,0.37,0,0.0,1,-1
1,1,0,1.413,0.67784,0.81309,0.82021,0.43019,1,0.131,0.579,-0.423,1,-0.79135,0.77092,-0.748,0.40268,-0.575,-0.58634,-0.97907,-0.42822,-0.73083,-0.76339,-0.37671,-0.97491,0.41366,-1,0.433,-0.93296,0.331,-1,1.205,-0.27,1.461,0.03446
0,1,0,1.307,1,1,-0.532,1,-1.055,1,1.15,1,1,1,1,1,-1,0.538,1.218,1,1,1,1.351,0.55,1,1,0.639,1,0.356,0,0,1,-1,0.691,-1
1,1,0,1,0.03529,1,0.21,0.919,0.26968,1,0.25068,0.651,0.28778,1.337,0.38643,1,0.451,1,0.585,1,0.53846,1,0.61267,1,0.59457,1.036,0.68326,0.89502,0.71374,0.85611,0.601,0.517,0.451,0.977,0.75837
0,0,0,0.652,-1,1,1,-1,-1,1,-1,0,0.0,0.0,0,-1.184,1,1,-0.585,1,-1,-1.044,1,0.932,-1.307,1,-1,1.268,-1,-1.398,-0.697,0,0,1,-1
1,1,0,0.96087,0.08620,0.59,0.19279,0.96026,0.213,0.98044,0.35052,0.648,0.46281,0.86265,0.757,0.496,0.58794,0.73242,0.948,0.69003,0.73140,0.54473,0.68820,0.48339,0.76197,0.40615,0.612,0.33401,0.588,0.24944,0.688,0.13756,0.86835,0.06,0.771
0,1,0,0.69444,0.559,0,0,-0.456,0.69841,0.0,0.0,0.0,0,0,0,0.20635,-0.232,0.152,0.139,0.473,0.78175,0,0,0,0.0,0.73413,0.27381,0.76190,0.63492,0,0,0,0,0.0,0
1,1,0.0,1,0.05070,0.515,0.10827,0.854,0.19498,1,0.28453,1,0.34826,1,0.38261,0.94575,0.636,0.987,0.50391,0.75906,0.642,0.80644,0.59962,0.757,0.62758,0.66643,0.63942,0.545,0.855,0.49538,0.838,0.33,0.71689,0.33381,0.75243
0,0,0.0,1,1.167,0,0,1,-1,0.637,-1,1,1,1,1,1,-1.15,1,1,1,0.909,1,-1.081,-1.112,-1,1,-1,1.086,-1,0.794,1,0.0,0.0,1,-1
1,1,0,1,0.027,1,0.158,1,0.16159,1.049,0.27921,0.738,0.417,0.92745,0.37639,0.91118,0.39749,0.81939,0.46059,0.734,0.46994,0.79400,0.511,0.70331,0.713,0.67077,0.59723,0.58903,0.60990,0.53952,0.897,0.372,0.63636,0.40442,0.579
0,0,0,0.614,1,1,-1,1,1.004,1,1,1,1,1,1,0.757,0.796,0.655,-0.633,-1,1,-1,1,-0.937,1,1,-0.829,1,1.332,-1,1.42,-1,-1,-1,1.446
1,1.186,0.0,1,0.24168,0.867,0.48590,0.583,0.468,1.047,1,1,1,1,1,1,0.77128,1,1,1.146,1,0.74468,1,0.89647,1,0.64628,1,0.372,1,0.10819,1.066,-0.1,0.72,-0.81383,1
0,0,0.0,1.428,1.472,1,-1,1,1,-1,1,0,0,1,1.466,0.0,0,0,0,-1,1,-1.119,1,0.888,1,1,-0.828,1,1,0.747,1,0.522,-1,-1.187,1
1,1,0,1.267,-0.06604,1,0.62937,1,0.094,0.691,0.20280,1,-1.028,1.138,-0.40559,1,-0.157,0.621,0.04895,1,-0.61538,1,-0.26573,1,-1,1,-0.58042,1.486,-1.017,1,-1.119,1.085,-0.78555,1,-0.48252
0,0.0,0,1,-1,1,1.167,0.685,1,0.895,1,1,1,1.019,-1,1.35,-1,0.868,1,1,-1,1,1,1,1,0.98,-1.318,1,1,1,-1,1,0.558,0.629,-1
1,1,0.0,1.209,0.07804,1.287,0.157,0.89702,0.312,1.07,0.399,0.78801,0.42196,0.70716,0.46983,0.70796,0.56476,0.312,0.64200,0.292,0.7,0.39903,0.66975,0.34232,0.68343,0.23693,0.76146,0.18765,0.839,0.09694,0.71038,0.02735,0.77072,-0.04023,0.69509
0,1,0,0.674,-0.17314,0.71,0.247,0.46643,0.32862,0.25795,0.58304,1,-0.097,0.013,0.336,0.01060,0.529,0.18681,0.41168,0.10567,0.36353,0.034,0.441,-0.00083,0.24936,-0.029,0.19405,-0.06,0.14481,-0.04779,0.10349,-0.04585,0.07064,-0.04013,0.04586
1,1,0,0.818,-0.02811,0.65680,-0.05178,0.896,0.02811,0.85947,0.037,0.671,0.08728,0.71598,0.048,0.73077,0.05178,0.78550,-0.27811,0.419,-0.01479,1.16,0.1,0.34615,-0.199,0.603,0.02811,0.61009,-0.06637,0.53550,-0.21154,0.601,-0.14053,0.56361,0.02959
0,1,0,0.536,-0.06343,1.331,0.054,1,1,0.35821,0.187,0.281,0.13060,0.61567,-1.119,0.57836,0.782,0.66791,-0.10448,0.46642,-0.084,0.65574,0.13,0.83209,0.45522,0.47015,0.16418,0.49309,0.14630,0.32463,-0.02612,0.39118,0.13521,0.491,0.13
1,1,0.0,0.67547,0.04528,0.76981,-0.10566,0.604,0.03774,0.868,-0.04528,0.934,0.01132,0.958,-0.13962,0.461,-0.02264,0.812,0.08679,0.61887,-0.07925,0.663,-0.23774,0.599,-0.14717,1.141,-0.15094,0.73886,-0.064,0.66792,0.02264,0.86415,0.03774,0.73208,0.00755
0,1,0,0.598,-0.031,0.473,0.03462,0.683,0.72727,0.66364,-0.05909,0.48182,-0.16818,0.81809,0.058,0.56818,0.866,0.50455,0.278,0.66818,0.10000,1,-0.367,0.98636,-0.825,0.57273,0.488,0.56982,0.117,0.42273,0.08182,0.48927,0.14643,1,1
1,1.383,0.0,0.57647,-0.01569,0.40392,0,0.38431,0.12941,0.549,-0.05882,0.562,0.172,0.46667,0.074,0.52549,-0.057,0.58039,0.01569,0.50196,0,0.45882,0.06667,0.58039,0.08235,0.737,0.00392,0.48601,0.092,0.46275,0.08235,0.45098,0.162,0.54,0.17255
0,1.01,0.0,0.41932,0.12482,0.35000,0.116,0.23182,0.27955,-0.03636,0.44318,0.034,0.36194,-0.19091,0.206,-0.115,0.27322,0.02727,0.312,-0.34773,0.12727,-0.20028,0.071,-0.18636,0.36364,-0.14003,-0.04802,-0.079,-0.087,-1,-1,-0.02916,-0.089,-0.00526,-0.06314
1,0.897,0,0.88305,-0.21996,1,0.36373,0.82403,0.122,0.858,0.05901,0.90558,-0.04292,0.85193,0.25000,0.77897,0.25322,0.69206,0.714,0.71030,0.39056,0.428,0.325,1,0.419,0.56760,0.52039,0.723,0.595,0.80901,0.58584,0.243,0.365,0.52361,0.54185
0,1,0.0,0.84557,-0.08580,-0.23,-0.705,-0.08961,-0.56435,0.80648,0.04576,1.005,-0.00763,-0.18494,0.63966,-0.20019,-0.68065,0.85701,-0.138,0.77979,-0.15729,-0.06959,0.50810,-0.34128,0.625,0.772,-0.03718,0.70882,-0.345,0.803,-0.14109,-0.156,-0.78170,-0.175,-0.59867
1,1,0,0.70870,-0.24783,0.64348,0.05,0.45217,0.38261,0.65217,0.15,0.5,0.26957,0.57826,-0.23043,0.687,0.339,0.38696,-0.238,0.345,-0.26087,0.26957,0.11739,0.431,-0.03845,0.31304,-0.12174,0.39,-0.04264,0.594,-0.031,0.447,-0.25217,0.50435,0.14783
0,1,0,-0.54180,0.14861,-0.33746,0.73375,0.688,-0.13932,0.31889,-0.06811,0.172,-0.15170,0.47368,0.116,0.318,-0.15480,0.16409,0.45201,0.4,0.04,0.50464,0.07121,-0.63777,-0.61610,1.256,0.65635,0.553,-0.40116,-0.15170,0.09,0.02399,0.593,0.64,-0.08978
1,1,0,0.29202,0.13582,0.45331,0.214,0.51783,-0.00509,0.52632,0.20883,0.661,-0.16638,0.47368,-0.04754,0.286,0.028,0.453,-0.22411,0.619,-0.036,0.34975,0.06621,0.28183,-0.20883,0.338,-0.03176,0.50369,-0.046,0.34635,0.09847,0.70798,-0.014,0.39559,-0.028
0,1.243,0.0,0.79157,0.225,0,0,0.307,0.06874,0.431,1.207,0.38359,0.99557,-0.02439,0.53215,0.23725,0.12860,-0.02661,0.95122,-0.271,0.84922,-0.055,0.334,-0.42572,0.159,-0.91574,0.80710,-0.199,0.88248,-1,0.69401,-1,0.12860,0,0
1,1,0,0.90116,0.16607,1.131,0.37379,0.72990,0.50515,0.59784,0.72997,0.46,0.81152,0.24412,1.13,0.06438,0.729,-0.12611,0.87396,-0.28739,0.79617,-0.385,0.331,-0.57135,0.734,-0.68159,0.456,-0.71844,0.135,-0.781,0.11218,-0.872,-0.05525,-0.67699,-0.19904
1,1,0,0.623,0.19049,0.82683,0.46259,0.718,0.524,0.47968,0.84278,0.271,0.92643,0.052,0.924,-0.13254,0.84290,-0.454,1.091,-0.52145,0.79525,-0.68274,0.49508,-0.77408,0.196,-0.85376,0.17849,-0.83314,-0.01358,-0.82366,-0.106,-0.67289,-0.33662,-0.532,-0.49700
0,1,0,-1.365,-1,0,0,0.603,-0.78502,0.60586,0.493,-1,-0.41368,0,0,0,0.0,1.093,-0.202,0.36482,-0.521,0.97068,-1,-1,-1,1,-0.59609,-1,-1.311,-0.77,-1,1,-1.304,0.0,0
1,1.17,0,0.74084,0.04974,0.79074,0.02543,0.618,0.03793,0.695,0.09948,0.67801,0.294,0.75934,0.07348,0.807,0.065,0.70681,-0.07853,0.63613,0,0.70021,0.11355,0.708,0.12185,0.67016,0.136,0.799,0.091,0.65707,0.17539,0.59759,0.14697,0.594,0.15114
0,1,0,1,-1.058,0,0,0.462,-0.978,0.80882,0.787,-0.41912,-0.94853,0.0,0,0,0,0.72059,-0.77206,0.426,-0.60294,0.0,0,0.18382,-1,-0.826,-1,-1,-1,1,-1,1.439,-0.855,0.0,0
1,1,0.0,1,0.012,0.493,-0.03142,1.292,-0.03436,1,-0.05071,0.749,-0.07092,0.77,-0.051,1,-0.184,1.243,-0.14257,0.98310,-0.11813,1,-0.18519,0.604,-0.19272,0.98971,-0.22083,0.96490,-0.242,0.94599,-0.17123,0.96436,-0.22561,0.87011,-0.23296
0,0,0,0,0.0,0.0,0,0,0,0,0,0,0.0,0,0.0,0,0,0,0.0,0,0,0,0,0.0,0,0,0.0,1.452,-1,0,0,0.0,0,0.0,0.0
1,1,0.0,0.95704,-0.12095,0.63318,-0.169,1.072,-0.101,0.97026,0.051,0.92003,-0.016,0.83543,-0.24719,1.091,-0.31395,0.99273,-0.21216,0.568,-0.13,1,-0.27165,0.93126,-0.39458,1.45,-0.19233,0.88793,-0.31565,0.81428,-0.23728,0.89095,-0.31857,0.69531,-0.332
0,1,0.0,0.28409,-0.44,0,0.0,0.68182,-1.123,0.30682,0.95833,0.64394,0.06439,0.365,-0.84848,0.0,0.0,0.676,-0.35985,0.45076,-0.80682,0,0,0,0,0.24242,0.257,1,-0.24,0.06061,-0.677,0.16288,-0.70076,0,0
1,1,0.0,0.94490,-0.49311,1,-0.03692,0.98898,-0.87052,0.991,0.524,1,-0.10104,1.308,-0.12493,1,-0.15017,1,-0.17681,1,-0.166,1.052,-0.23452,0.955,-0.26571,1,-0.29852,1,-0.33304,1.493,-0.36931,1,-0.275,0.625,-0.42
0,1.206,0,0,0,0,0,0.0,0,0.0,0.0,0.895,1.273,0,0,0,0,0.36585,-0.71951,0.421,-1,0,0,0,0,0,0.0,1.087,0.10976,0,0.0,0,0,0.0,0
1,1,0,0.646,0.00526,0.84082,-0.06,1.264,-0.16431,0.99061,-0.06257,0.96484,-0.07496,0.85221,0.02966,0.87161,-0.20848,1.33,-0.115,0.98298,-0.046,0.89876,0.00075,0.87836,-0.05882,1.096,-0.176,1.082,-0.201,0.94294,-0.198,0.80253,-0.25741,0.76586,-0.27794
0,1,0,0.10135,0.10811,0,0,0,0,0.736,0.82432,0.31081,1,0,0,0,0.0,0.37162,-1,0.33108,-1.259,0,0,0,0,-0.394,-1,1,-0.854,0.69,-0.325,0.0,0.0,0.0,0.0
1,1,0.0,1.31,-0.451,0.99150,-0.73371,0.89518,-0.536,1,-0.35818,1,-0.23229,0.62890,-1.07,0.956,-0.57535,1,-1.151,0.76771,-0.776,0.96601,-1.003,0.70120,-0.74896,0.509,-0.76904,0.53777,-0.77986,0.81020,-1,1.236,-1,0.30445,-0.76112
0,1,0,0.65909,-0.62879,0.0,0.0,0.0,0,0.502,1,1.384,-0.228,0.0,0,0,0,0.62121,-0.22727,0.84091,-1,1,-1.423,0,0,0,0,1,-0.93939,-0.12879,-0.93182,0.0,0,0.0,0.0
1,1,0,0.86284,0.113,0.91,0.41149,0.885,0.411,0.661,0.69962,0.36705,0.81533,0.19617,0.85671,-0.04061,0.86284,-0.17241,0.75785,-0.34100,0.65747,-0.48199,0.56092,-0.60230,0.277,-0.59234,0.206,-0.63038,0.072,-0.431,-0.072,-0.54866,-0.19923,-0.559,-0.31954
0,1,0.0,0.42000,-0.61000,0.0,0,0.524,-1,0.619,0.905,0.43000,0.761,0,0.0,0,0,0.67000,-0.29000,0.84000,-1.001,0,0.0,0,0,0.21000,0.68000,0.756,0.22000,0.0,0,0,0,0,0
1,1,0.0,1,0.205,0.91404,0.619,0.609,0.72144,0.47660,1.236,0.27639,0.91730,0.062,1.199,-0.21980,0.91404,-0.34168,0.454,-0.51360,0.64527,-0.64527,0.487,-0.553,0.29162,-0.70838,0.03591,-0.71731,-0.07,-0.64962,-0.28183,-0.51251,-0.44505,-0.37432,-0.53319
0,1,0.0,0.91353,0.81586,-0.391,1,-0.303,0.616,0.054,0.29730,-0.18599,-0.118,-0.03158,-0.058,0.01401,-0.03403,0.01108,-0.004,0.002,0.00097,0.00048,0.00075,-0.00003,0.00019,-0.00003,0.00002,-0.00001,0.0,0,0,0,0,0.0,0
1,0.785,0,0.21429,-0.09524,0.413,0.062,0.113,0.124,0.23810,0.09524,0.40476,0.02381,0.33,-0.03,0.30952,-0.052,0.399,-0.11905,0.33333,0.04762,0.30952,0.0,0.21429,-0.11905,0.35714,-0.04762,0.22109,-0.014,0.19048,0,0.16997,-0.02034,0.14694,-0.01877
0,1.186,0,1,-0.14754,1,0.028,0.57377,-0.01639,0.65574,0.01639,0.85246,-0.031,0.72131,0,0.966,-0.16393,0.19672,-0.155,0.66,-0.17176,0.445,0.03279,0.951,-0.29508,0.31148,-0.34426,0.52385,-0.20325,0.392,-0.03279,0.27869,-0.323,0.49180,-0.043
1,1,0.0,0.679,0,0.88627,0.016,0.86249,0.04572,0.80000,0,0.69091,0.04545,0.605,0.103,0.77118,0.09579,0.341,0.25455,0.68182,0.127,0.824,0.12608,0.68604,0.13493,0.74545,0.22727,0.74,0.15088,0.67273,0.02727,0.60715,0.155,0.355,0.17077
0,0.536,0,0.39286,0.616,-1.091,0.11342,-0.17,-0.594,0.784,0.01190,0.82143,0.40476,-0.67230,0.30729,-0.34797,-0.63668,0.46429,0.15476,0.54762,0.05952,-0.406,0.44961,-0.47651,-0.47594,0.462,0.70238,0.51971,0.38848,0.57143,0.39286,-0.701,-0.29915,0.238,-0.657
1,1,0,0.86889,-0.068,0.711,-0.035,1.395,-0.096,0.87778,0.003,0.83556,-0.06444,0.703,-0.072,0.512,-0.20000,0.641,0.05333,0.88000,-0.03778,1,-0.11526,1,-0.18667,0.84444,0.03556,1,-0.14162,0.515,-0.14667,1,-0.15609,1,-0.44222
0,1,0,0.43636,-0.12727,0.58182,-0.213,0.18182,-0.67273,0.34545,-0.05,0.368,-0.053,0.297,0.154,0.36364,-0.41818,0.166,-0.01818,0.36364,0.05455,0.12727,0.49091,0.61818,0.16364,0.32727,0.18,0.41098,-0.07027,0.34545,-0.068,0.12727,-0.36364,0.38,-0.422
1,1,0.0,1,-0.92453,1.436,0.75472,0.552,-0.05660,0.62264,0,1,-0.001,0.45283,0.07547,0.62264,-0.05660,0.98878,-0.001,0.716,0,0.401,0.042,0.95190,-0.00112,1,0.595,1.271,-0.00128,0.559,-1,1,0.43396,0.43396,-0.11321
0,1,0.0,0.73810,0.83333,-0.519,-0.23810,0.33333,-0.14286,0.607,-0.143,-0.67285,0.144,0.33333,0,0.321,-0.07143,-0.38214,0.51163,0.23810,0.02381,0.45238,0.04762,0.16667,-0.348,-0.379,-0.10234,0.24889,-0.396,1,0.0,-0.66667,-0.04762,0.26190,0.032
1,1,0.0,0.43750,0.04167,0.577,-0.111,0.39583,0.0,0.33333,-0.06250,0.47917,0,0.302,0.10417,0.748,0.02083,0.324,-0.22917,0.35417,-0.126,0.33333,0.08333,0.25000,0.18750,0.39583,-0.18750,0.44012,-0.137,0.41667,-0.08333,0.679,-0.31250,0.484,-0.06250
0,1,0,1,1,0,0.0,0.0,0,0,0,0.47744,-1.021,-0.51504,0.45489,-0.95489,0.28571,0.953,1,0,0.0,0,0,0.62030,0.20301,-1.053,-1,1,-1.0,1.142,1,0,0.0,0.0,0.0
1,1,0.0,1.287,0.05,0.93614,0.13030,0.90996,0.271,0.84881,-0.49962,0.90023,0.61320,0.77937,0.34328,0.72254,0.37988,0.66145,0.40844,0.95472,0.43,0.53258,0.44088,0.46773,0.44511,0.40440,0.569,0.183,0.43221,1.335,1.037,0.126,0.39620,0.239,0.37191
0,1,0.0,0.59840,0.40332,0.82809,0.80521,0.68,0.70709,0.84010,-0.10984,0.97311,0.07981,0.665,-0.61,0.91962,1.156,0.503,-0.033,0.88673,0.18135,0.98484,-0.69594,0.997,-0.593,0.28604,-0.165,1,0.17076,0.62958,0.42677,1.069,0.81007,0.81979,0.68822
1,1,0,0.624,0.10129,1.156,-0.017,0.98313,0.02555,0.96974,-0.09316,0.98955,-0.037,0.97980,-0.029,1,-0.05343,1,-0.066,1.08,0.01557,0.97620,-0.09284,0.97889,-0.05318,1.303,-0.15675,0.95677,-0.06995,1.216,0.01307,1,-0.099,0.93144,-0.09
0,1,0.0,0,0,-0.33672,0.85388,0,0,0.48,-1,0.97078,0.251,-0.26048,-0.318,-0.30241,0.65565,0.94155,0.239,0,0,0,0.0,-0.18043,-0.599,0.0,0,1.392,-1,0.0,0,0.04447,0.61881,0,0.0
1,1,0,0.96933,0.00876,1.019,0.00843,1.366,-0.00763,0.97868,-0.02,0.99820,-0.03510,0.698,-0.01271,1,-0.023,0.778,-0.008,0.98485,0.00025,0.717,-0.02612,1.441,-0.04744,0.586,-0.04527,0.99188,-0.03473,0.97020,-0.02478,0.82,-0.03855,0.98420,-0.04112
0,1,0.0,0.0,0.0,0.98919,-0.22703,0.18919,-0.05405,0.0,0,0.93243,0.07297,1,-0.20000,0.958,0.07027,1,-0.11351,0,0,1,-0.152,0.777,-0.512,0.0,0.0,1.437,-0.17568,0,0,1,-0.25946,0.28919,-0.15676
1,1.167,0,0.622,0.016,0.506,-0.02439,0.52751,0.033,0.19512,0.12195,0.43313,0.04755,0.21951,0.04878,0.29268,0.0,0.36585,0,0.31707,0.07317,0.213,0.12195,0.23698,0.05813,0.21951,0.09756,0.165,0.036,0.17410,0.05504,0.179,0.0,0.17073,0.07317
0,0.796,0,0.908,1,1.086,-1,0,0,0,0.0,1,1,1.112,-1,1.472,1,1.081,-1,0,0.0,0,0,1.316,-0.27778,0,0,1,-1,1.467,1,1,-1,0.0,0
1,1,0,0.364,0.20408,0.315,0.24490,0.40816,0.20408,0.46939,0.44898,0.251,0.59184,0.12245,0.55102,0,0.626,-0.06122,0.55102,-0.169,0.55102,-0.28571,0.294,-0.28571,0.302,-0.571,0.22449,-0.46579,0.211,-0.443,0.18367,-0.34694,0,-0.26531,-0.331
0,1,0.0,0,0.0,1,-1,0,0,0.0,0,1.004,0.72,1,-0.25342,1,0.23288,0.757,-1,0.0,0,0,0,0.796,1,0,0,1,-1,0,0.0,1,-0.937,0,0.0
1,1,0,0.89706,0.38235,0.91176,0.37500,0.725,0.67647,0.486,0.77941,0.19118,0.88971,-0.02,0.86029,-0.12,0.922,-0.37500,0.587,-0.5,0.47794,-0.424,0.563,-0.901,0.08824,-0.74265,-0.12500,-0.661,-0.24131,-0.55147,-0.42647,-0.44118,-0.50735,-0.34,-0.56618
0,1,0,-1,0.28105,0.22222,0.194,-0.75693,-0.70984,-0.305,0.532,-1,1.428,-0.81699,0.33987,-0.79085,-0.016,-0.967,-0.83007,-0.872,-0.795,-0.04575,-0.83007,0.94118,-0.94118,-1,-0.512,0.388,0.09176,-0.828,0.05229,0.18301,0.02614,-0.40201,-0.48241
1,1,0,0.26667,-0.10000,0.53333,0,0.33333,-0.13333,0.417,0.11667,0.56667,0.01667,0.71667,0.106,0.70000,-0.06667,0.369,0.174,0.41667,-0.017,0.31667,0.20000,0.626,0,0.25000,0.149,0.46214,0.081,0.54,0.036,0.583,0.03333,0.41667,-0.05000
0,1.078,0,-0.168,0.40000,-0.381,0.12159,-0.172,-0.04444,0.072,-0.047,0.04461,0.02575,-0.009,0.02726,-0.01586,-0.00166,-0.00093,-0.01,0.00470,-0.002,0.001,0.00238,-0.00114,0.00102,-0.00069,-0.00050,0.0,-0.00043,0.00026,0.00005,0,0.00015,-0.00008,0.00002
1,1,0.0,1,-0.37838,0.64865,0.294,0.64865,-0.24324,0.86486,0.18919,1,-0.27027,0.51351,0,0.62162,-0.031,0.32432,-0.283,0.71833,-0.17666,0.883,0.05405,0.962,0.117,0.181,-0.377,0.61031,-0.251,0.814,-0.23027,0.72973,-0.59459,0.51351,-0.24324
0,1,0,0.94531,-0.027,-1,-0.33203,-1,-0.022,1.234,0.01172,0.93359,-0.029,-0.635,0.167,-1,-0.00391,1.297,-0.03516,0.92188,-0.031,-0.99219,0.108,-0.93359,0.34766,0.95703,-0.00391,0.82041,0.107,0.90234,-0.06641,-1,-0.269,-1,-0.34375
1,0.636,0.0,0.95202,0.02254,0.93757,-0.016,0.93526,0.013,0.984,-0.01734,0.96936,0.00520,0.95665,-0.03064,0.95260,-0.003,0.99480,-0.02659,1.09,0.01792,0.93584,-0.04971,1.383,-0.02370,0.97052,-0.04451,1.017,-0.01647,0.858,0.01908,0.95434,-0.03410,0.95838,0.005
0,1,0.0,1,-0.076,0.515,-1.428,0.5,-0.11111,0.36111,-0.22222,1,-0.25712,0.16667,-0.146,1.366,-0.34660,1,-0.38853,1.247,-0.42862,0,-0.25000,1,-0.50333,1,-0.379,1.306,-0.58,1,-0.27778,1,-0.63156,1,-0.954
1,1,0,0.31034,-0.10345,0.24138,-0.10345,0.179,-0.06897,0.07405,-0.05431,0.023,-0.039,0.012,-0.019,0.00741,-0.01482,0.00281,-0.00893,0.00078,-0.00523,-0.00003,-0.004,-0.0,-0.002,-0.00031,-0.001,-0.0,-0.00048,-0.00018,-0.00024,-0.0,-0.00012,-0.00008,-0.00006
0,1,0.0,0.385,-0.07843,0.72549,0,0.60784,-0.07843,0.62745,-0.11765,0.68627,-0.176,0.987,-0.175,0.394,-0.09804,0.54902,-0.062,0.54902,-0.21569,0.58824,-0.161,0.66667,-0.23529,0.283,-0.25490,0.52409,-0.24668,0.56863,-0.392,0.344,-0.21569,0.47059,-0.27451
1,1,0,0.25000,0.173,0.46667,0.369,0.19036,0.23966,0.07766,0.242,0.01070,0.14922,-0.022,0.10188,-0.03685,0.06317,-0.03766,0.03458,-0.03230,0.01532,-0.019,0.00357,-0.013,-0.003,-0.01097,-0.00539,-0.00621,-0.00586,-0.002,-0.005,-0.00089,-0.00408,0.0,-0.003
0,1,0,-0.65625,0.15625,0.06250,0.0,0,0.06250,0.384,0.06250,0.149,0,-0.03125,0.055,0.06250,0.0,0.193,-0.15625,0.377,-0.379,0,-0.09375,0,0,0.038,-0.575,0.044,0,-0.71875,0.03125,-0.03125,0,0,0.09375
1,1.18,0,0.897,-0.01081,0.564,-0.02703,1,-0.06486,0.606,-0.02,1.368,-0.034,0.98919,0.08649,1,-0.06486,0.95135,0.09189,0.97838,-0.006,1,0.06486,1,0.04324,0.987,0.047,0.98556,0.01251,1,-0.03243,0.729,0.02703,1,-0.07027
0,1,0,0.763,0.074,1,0.08069,1,0.695,0.706,-0.006,0.83721,0.03876,1,0.27153,0.978,1,0.81395,0.04651,1.237,0.11628,1,0.50670,1,-1.123,0.80620,0.03876,1,0.627,0.872,0.066,1,0.87317,1,1
1,1,0,0.90374,-0.01604,0.819,0.065,1,0.02,0.93048,0.00535,0.896,-0.01604,1,0,1,0.036,1,0.04813,0.91444,0.04278,0.96791,0.028,0.98930,-0.01604,0.96257,0.05348,1.108,0.036,0.87701,0.007,0.782,0.108,0.97861,0.06417
0,1,0,-0.20500,0.28750,0.23000,0.10000,0.335,0.179,0.405,0.35000,0.36285,-0.34617,0.112,0.27500,-0.09500,0.21000,-0.08750,0.23500,-0.34187,0.416,-0.48000,-0.08000,0.29908,0.171,-0.795,-0.321,0.342,-0.28475,-0.389,0.142,-0.27104,-0.31228,0.40445,0.03050
1,1,0.0,0.60000,0.03333,0.63333,0.06667,0.604,0.056,0.70000,0,0.797,0,0.80000,0,0.73333,0,0.89,0.109,0.66667,0.10000,0.73333,-0.049,0.76667,0,0.63333,0.087,0.442,0.074,0.724,0.13333,0.60000,0.16667,0.63333,0.16667
0,1,0.0,0.076,-0.01,0.06704,0.004,0,-0.01117,0.00559,-0.052,0.01676,-0.07542,-0.00559,0.031,0.06425,-0.03352,0.0,0.09497,-0.034,0.07542,-0.04749,0.02514,0.02793,-0.00559,0.01,0.00559,0.10335,-0.007,0.026,-0.00279,0.04469,0,0.04749,-0.03352
1,1.365,0,0.94653,0.28713,0.72554,0.35,0.47564,0.825,0.01267,0.791,-0.125,0.84475,-0.47644,0.582,-0.75881,0.41743,-0.548,0.078,-0.65426,-0.19525,-0.52475,-0.44000,-0.30851,-0.55089,-0.04119,-0.79,0.16085,-0.56420,0.36752,-0.598,0.46059,-0.22535,0.50376,-0.03
0,1,0.0,0.077,0.01437,-0.038,0.04598,0.017,0.04598,-0.07759,0.00862,0.01724,-0.06609,-0.03736,0.027,-0.08333,-0.041,-0.09483,0.08046,-0.033,0.05172,0.02011,0.02,-0.03736,-0.01149,0.03161,-0.005,0.00862,0.02,0.02586,0.01149,0.02586,0.01149,-0.04598,-0.003
1,1,0.0,0.944,-0.01084,0.79704,0.01084,0.80000,0.001,0.79015,0.01084,1.028,-0.00985,0.83350,0.03251,0.85123,0.02,0.80099,-0.00788,1.186,-0.02956,0.83,0.03350,1.02,0.052,0.72611,-0.01478,0.78041,0.006,0.573,-0.05025,0.82956,0.02956,0.79015,0.00788
0,1,0,0.042,0.03,0.00428,0.0,0.025,-0.01997,0.017,-0.04993,-0.04850,-0.01284,0.01427,-0.024,0,-0.03281,-0.05,-0.025,-0.01712,0.03566,0.02140,0.004,0.05136,-0.02282,0.05136,0.01854,0.03994,0.01569,0.01997,0.00713,-0.03,-0.015,-0.01427,0.01997
1,1,0,0.47090,0.22751,0.42328,0.195,0.25661,0.47619,0.027,0.49471,-0.02116,0.53968,-0.34127,0.31217,-0.41270,0.32540,-0.401,0.052,-0.5,-0.11640,-0.088,-0.14550,-0.14815,-0.38095,-0.23280,0.003,0.051,-0.313,0.15873,-0.322,0.24868,-0.24339,0.137,0.036
0,1,0.0,0.076,0.00686,0.13959,-0.029,0.10526,-0.053,0.163,-0.072,0.23341,-0.01144,0.12357,0.07780,0.14645,-0.13501,0.29062,-0.027,0.18993,0.07323,0.11670,0,0.11213,-0.003,0.15103,-0.123,0.043,0.017,0.11213,-0.06636,0.09611,-0.07323,0.11670,-0.06865
1,1,0,0.94333,0.38574,0.604,0.64534,0.124,0.489,-0.55941,0.64899,-0.704,0.42048,-0.76051,0.0,-0.62706,-0.31079,-0.364,-0.62157,-0.066,-0.69287,0.555,-0.642,0.71481,-0.37660,0.73857,-0.05484,0.871,0.30384,0.45521,0.60512,0.02742,0.54479,-0.313,0.50457
0,1,0,0.01975,0.00705,0.04090,-0.009,0.02116,0.01128,0.01128,0.04372,0.002,0.001,0.01975,-0.03103,-0.01975,0.06065,-0.045,0.02680,-0.015,-0.00423,0.035,-0.02539,0.024,0,0,-0.018,0.027,-0.01128,0.008,-0.01551,-0.009,-0.02398,0.00705,0
1,1,0.0,0.85736,0.001,1.071,-0.05676,0.77521,-0.04182,0.965,0.09037,0.86258,0.11949,1.122,-0.06124,0.88,0.037,0.438,-0.095,0.83570,-0.14190,0.88125,0.01195,0.709,0.032,0.79686,-0.01942,0.82383,-0.03678,0.88125,-0.06423,0.73936,-0.01942,0.79089,-0.09186
0,1,0,1,-0.75,1,0.676,-1,1,1,-1,1,-1,-1,-0.81,-1,1.288,1,1.154,1.233,1,-1,1,1,-1,1,-1,0.939,0.955,1.493,1,-1.1,1,-1,0.625
1,0.572,0,0.85209,0.565,0.423,0.924,0.046,0.98903,-0.611,0.88744,-0.76229,0.49980,-0.93092,0.10768,-0.558,-0.404,-0.66030,-0.55262,-0.19260,-0.86063,0.28444,-0.80496,0.64649,-0.449,0.77814,-0.23324,0.71698,0.257,0.37830,0.58310,0.279,0.66315,-0.11215,0.64933
0,1.195,0.0,0.854,1,1,0.51250,0.705,-0.527,0.882,1,0.02500,0.037,1,1,0.0,0,1,-1,1,1,1,1,0.31250,1,1,0.596,1,1,1,1,-0.94375,1.437,0.0,0
1,1,0,0.788,0.738,0.345,1.375,0.01961,1.304,-0.49020,0.861,-0.82353,0.58824,-1,0.174,-0.96078,-0.33333,-0.64706,-0.68627,-0.23529,-0.86275,0.35294,-1,0.74510,-0.72549,0.92157,-0.312,0.92874,0.21876,0.72549,0.716,0.293,0.835,-0.11765,0.90196
0,1,0,0.0,0,-1,-1,-0.872,1,0.0,0,-1,0.821,1,1,1.015,-0.509,0,0.0,0,0,-1.238,-1,-1,0.956,1,0.43750,1,-1,0.0,0,-1,-1,-1,1.003
1,1,0.0,0.44444,0.44444,0.493,0.801,-0.22222,1,-0.33333,0.88889,-1,0.291,-1,-0.11111,-1,-0.307,-0.66667,-1.046,0.55556,-1,-0.22222,-0.77778,1.059,-0.181,0.33333,0.0,0.92120,0.436,0.57454,0.84353,0.22222,1,-0.791,1
0,0,0,0.0,0,0,0,0.0,0,0,0,0,0,0.0,0.0,0.0,0.0,0.0,0.0,0,0,0.0,0,0,0,0,0,1,0.0,0,0.0,0,0,0,0
1,1,0,0.905,0,0.747,0,0.5,0.50000,1.072,0.0,0.91201,0.083,1.265,0.14210,0.86922,0.16228,0.75000,0.25000,0.75000,0.5,0.75000,0,1,-0.297,0.5,0.3,0.695,0.314,0.75000,0.25000,0.69635,0.29074,0.928,0.30293
0,0,0,-0.78,1,1,1,0,0,1,-1.106,1,-1,1,-1,-1,-1,0.0,0.0,-1,-1.423,0.0,0,0.0,0,-1,-1,1,-1.467,1,1,-1.359,-0.657,0.0,0
1,1,0,1,0.0,1,0.0,0.66667,0.11111,1,-0.11111,0.643,-0.11111,1,-0.22222,0.77778,0.0,0.964,0,1,-0.085,0.77778,-0.087,0.66667,-0.122,0.873,0,0.484,-0.05352,1,0.11111,1.026,-0.11111,1,0
0,0,0.0,0,0.0,0,0,0,0,0,0,0,0.0,-1.196,-1,0,0.0,1.007,0.75000,0.0,0.0,0.0,0,-1,1,0,0.0,1.067,-1,-1,-1,1,1,0,0
1,1,0,1,0.45455,1,-0.45455,1,0.09091,1,-0.106,0.572,0,1,-0.27273,0.95,-0.18182,0.52,0.09091,1,0,0.658,-0.346,1,0.128,1.052,-0.09091,1.146,-0.058,1,0.45455,1,-0.181,1,-0.18182
0,0.544,0,0.62121,-0.485,0,0,0,0,0.34470,0.28788,0.403,0.39394,-0.046,0.51894,0.427,0.313,-0.53788,0.421,0.12121,-0.138,0.01894,-0.53409,-0.57576,0.107,0.202,-0.27273,0.25758,-0.705,0.43182,0.24242,0.18182,-0.02273,0.17045,-0.41667
1,1,0,1,0.11765,1,0.23529,1.384,0.484,1,0.05882,1,0.184,1,0.063,1,0.47059,1.023,-0.05882,1,-0.092,1,0.439,1.437,0.41176,1,-0.11765,0.703,0.20225,1,0.069,1,0.35294,0.984,0.23529
0,0.711,0,0,0,-1.398,-0.62766,1,0.51064,0.07979,-0.23404,-0.627,-0.36170,0.178,-0.59043,1,-1,0,0.0,0.914,-0.07979,-0.25000,0.737,0.241,-0.70745,0,0,-0.098,-0.46809,-0.22340,-0.48936,0.74468,0.875,-0.67553,0.435
1,1,0,0.91667,0.29167,0.83333,-0.16667,0.981,0.25000,1.094,-0.044,0.91667,0.04167,1.21,0.183,0.976,0,1.257,0.04167,1,0.08333,0.66667,-0.08333,0.75000,0.16667,1.055,-0.148,0.83796,0.05503,1.019,0.20833,0.588,0,0.70833,0.04167
0,1.094,0,0.18590,-0.16667,0,0,0,0.0,0,0,0,0.0,0.11538,-0.19071,0,0.0,0,0.0,0,0,0,0.0,-0.035,-0.06571,0.07853,0.08974,0.17308,-0.061,0.083,0.09615,0.035,-0.065,0.16827,0.19551
1,1.07,0,1,-0.092,1,-0.113,0.99246,-0.29802,1,-0.373,0.96662,-0.34281,1.152,-0.662,0.91904,-0.48170,0.73084,-0.65224,0.528,-0.63544,0.82450,-0.78316,0.685,-0.74785,0.67033,-0.96296,0.662,-0.85669,0.37941,-1.115,0.24117,-0.88846,0.29221,-1.19
0,1.011,0.0,1,1,-1.053,1,-1.381,-1.197,0.34649,0.21053,0.341,0.07018,0.22807,0.059,0.468,0.34649,0.72807,-0.03947,0.22807,0.53070,0,0,-0.29825,-0.16228,1,-0.66667,1.0,-1,1,-0.24561,0.35088,0.199,0.457,0.07895
1,0.965,0,1.146,0.355,0.99815,0.00369,0.509,-0.30133,0.89919,-0.23486,0.56,-0.24077,0.73855,-0.30539,0.71492,-0.276,0.667,-0.61189,0.462,-0.55059,0.61041,-0.39328,0.53176,-0.184,0.23966,-0.52142,0.29208,-0.48390,0.164,-0.39143,0.15657,-0.51329,0.18353,-0.384
0,0,0,-1,1,1,-1.287,0,0,0,0,1,-1,1,0.718,0.0,0.0,1,-1,0,0,0,0.0,1.478,0.55,-1,1,1,-0.691,-1,0.748,-1,-0.532,0.0,0
1,1,0,0.92247,-0.19448,0.96419,-0.203,0.87024,-0.275,0.81702,-0.362,0.706,-0.28909,0.70302,-0.49639,0.63338,-0.653,0.37254,-0.373,0.27070,-0.501,0.40506,-0.54172,0.33509,-0.59691,0.14750,-0.63601,0.066,-0.59589,-0.064,-0.351,-0.01840,-0.54074,-0.07457,-0.682
0,1,0,-1,-1,-0.50694,1,1,-0.932,1,0.622,0.0,0,0.23958,-1.184,1.366,1,0,0.0,1,1,1.268,1.307,0.0,0,-0.71528,1.398,0.33333,-1,1,-1,0.454,-1,0.47569,1
1,1,0,0.672,0.43460,0.5,0.76160,0.09916,0.93460,-0.37764,0.88186,-0.72363,0.61181,-0.93882,0.19409,-0.604,-0.355,-0.915,-0.65612,-0.168,-0.85654,0.087,-0.773,0.51477,-0.66878,0.74895,-0.28903,0.77937,0.065,0.384,0.42827,0.431,0.365,-0.00422,0.69409
0,1,0.0,0.778,0.698,0.0,0,1,-1,-1.441,-0.717,1,1,1,-1.385,0,0,1,-0.61,1,1.437,0,0,1,-1,-1,-1,1,1,-1.019,1,-1,1,0.0,0
1,1,0,1,0.63548,1,1,0.77123,0.627,-0.259,1,-1.002,1.108,0,1,-1,1,-1,0.0,-1,-0.66667,-0.958,-0.649,-1,-0.33333,-0.33333,-1,0.19235,-1.093,0.988,-1,0.0,-1.231,1,-0.66667
0,0.0,0,-1,1,-1,-1,0.0,0,-0.854,1,1,-1,-1,-1,-1,1,0,0.0,-1,-1.482,-1,1,0.0,0.0,1,-1,1.167,1.153,1,-1,1,0.638,0.0,0
1,1,0,1.472,0.06843,1,0.14211,1.15,0.22108,1,-0.116,1.467,0.39495,1.081,0.445,1,0.58986,-0.494,0.909,1,0,1,0.92001,1,1.112,1.351,1,1,1,1,0.25000,0.671,1,1,1
0,0,0.0,-1,-0.655,0.0,0,0,0,0,0,0.0,0,0.0,0,1,-1,0,0.0,-1,-1,0,0.0,1,0.821,1,-0.633,1,-1.004,0,0.0,0,0,0,0
1,1,0,0.64947,-0.07896,0.58264,-0.153,-0.099,-0.131,0.29796,0.04403,0.38096,-0.26339,0.208,-0.31997,0.03459,-0.185,0.13,-0.29441,0.15196,-0.29052,0.09513,-0.31525,0.06556,-0.26795,0.04,-0.218,-0.001,-0.23210,-0.02612,-0.21129,-0.044,-0.18950,0.019,-0.27201
0,1,0,0,0.0,0,0,0,0,0,0.0,1,-0.33333,0.16667,0.26042,0.0,0,0,0,0,0,-0.19792,-0.114,-0.16667,0.90625,-1.047,0.444,0.024,0.75000,-0.22917,-0.973,-0.148,-0.158,-0.283,-0.93750
1,1,0.0,1,0.05149,0.99363,0.10123,0.96142,0.14756,1.23,-0.314,0.655,0.54701,0.80426,0.25283,0.51,0.401,0.415,0.28714,0.59615,0.425,0.435,0.29200,0.45582,0.28476,0.39023,0.28,0.32930,0.25553,0.27381,0.23568,0.22427,0.318,0.18086,0.19083
0,1,0,1,-0.09524,-1.396,-1,-1,-1.119,1,0.429,0.81349,0.76190,-1,-1.167,-1,0.895,0.47364,1,1,1.138,0.68839,-1.25,-1,-0.868,0.899,0.36508,0.98,1.267,1,0.50794,-1,-0.32540,-1,0.72831
1,1,0,0.93669,-0.00190,0.60761,0.43204,0.92314,-0.40129,0.93123,0.16828,0.96197,0.098,1.268,0.08172,0.91586,0.071,0.84628,-0.25324,0.843,-0.14482,0.473,0.26133,0.75081,-0.023,1.071,-0.034,0.87293,-0.02302,1.004,0.09385,0.89,-0.10194,0.588,-0.14725
0,1,0.0,0.516,-1,0.569,1,1,1,1,-0.5,0.755,1,1,1,1,1,0,0,1.421,1.392,1.132,0.989,1,-1,1,1,1.31,0.62500,1.361,-0.647,-0.75000,1,1,1
1,1.268,0,1.112,0.213,1,-0.78509,1,-0.10401,1,0.221,1,0.283,0.98120,-0.044,1,0.06610,1.412,-0.18954,0.652,-0.095,0.97400,0.03728,0.99624,0.09242,1.474,-0.01253,1.084,-0.04597,0.91165,0.03885,1,-0.13722,0.96523,-0.11717
0,1,0,0.268,-1,-1,-1,-0.07661,1,1,0.95041,0.911,-0.38710,-1.018,-0.79313,-0.09677,1,0.666,0.41,0.31755,-0.27461,-0.153,-0.128,-0.127,0.075,0.03021,0.06639,0.03443,-0.01186,-0.005,-0.01672,-0.00761,0.00108,0.0,0.00325
1,1.306,0,0.919,0.38265,0.80804,-0.16964,1,-0.07653,0.98151,-0.107,0.70217,0.20663,1.311,0.02105,0.629,0.031,1,-0.13074,0.95663,0.07717,1,0.00191,0.953,0.30804,1,-0.14541,0.515,-0.00394,0.769,0.07908,1.366,-0.18750,1.344,-0.05740
0,0.0,0,0,0.0,0,0,0.0,0.0,0,0,0,0.0,1,1,1,1,1,-1,0,0.0,0.825,1,1,-0.53,1,1,0.781,0,1.224,1,1,-1.434,0,0
1,0.822,0,1.272,-0.28428,1,-0.25346,0.94623,-0.524,1,-0.30566,1.283,-0.49057,0.90818,-0.352,0.75723,-0.737,0.427,-0.577,0.538,-0.35,0.68459,-0.70975,0.54465,-0.87327,0.49214,-0.73333,0.35504,-0.76054,0.26352,-0.78239,0.16604,-0.73145,0.207,-0.70000
0,1,0,0,0.0,0,0,0,0.0,-0.85000,-1,0,0,1,-1.038,0,0.0,-1,-1.195,-0.915,-1,1,-1.216,-0.60000,-1.404,1.227,1,-1,-0.20000,1,-1.372,0,1,0,0.0
1,1,0,0.861,0.09091,0.736,-0.092,0.77273,0,1.233,0,0.95455,0,1,0.047,0.513,-0.055,1,0.0,0.637,0,0.86364,0.09091,0.77273,0.09091,0.90909,0.04545,0.91541,0.02897,0.95455,0.09091,0.86364,-0.072,0.86364,0.027
0,0,0,0,0,-1,1,1.364,1,-0.897,-1,0,0,-1,-1,-1,-0.351,-1,-1.18,1.008,-1,1.118,-1,0,0,1.383,-1,-1,-1.22,0,0.0,1,-0.515,0,0.0
1,1,0.0,0.91176,-0.08824,0.97059,0.173,0.573,0.08824,1.042,-0.02941,0.97059,-0.17647,0.97059,0.14706,0.94118,0.02941,1,0,0.782,0.0,0.789,0.11765,0.88235,0.023,0.619,0.02941,0.92663,0.025,0.94118,-0.11765,0.97059,0.05882,1.242,0.05882
0,1.229,0,-1,1,-1,0.126,0.28354,1,-0.809,1,-1,-1,1,1,-1,-0.131,0.28301,-1,1,1.289,-0.372,-1.187,-0.806,-1.338,1,-0.695,-1,-0.03578,0.819,-1,-1,-0.32317,0.14939,1
1,1,0,0.47368,-0.081,1.052,0.01756,0.883,0.02615,0.68421,-0.038,0.68421,0,0.79856,0.05028,0.78315,0.05756,0.84211,0.47368,1,0.05263,0.72550,0.101,0.963,0.046,0.42105,0.109,0.795,0.131,0.663,-0.21053,0.60150,0.09534,0.57418,0.09719
0,1,0.0,-0.004,-0.5,0,0,-0.01923,1.271,0,0,0,0,0,0.0,0,0.0,0,0.0,0.39,0.92949,-0.187,0.74359,-0.34615,-0.448,0.0,0,-0.517,-0.51282,0,0,0,0,0,0
1,1,0,1,0.587,1,0.54545,1.092,0.63636,0.862,-0.09091,1,0.0,0.444,-0.265,0.63636,0.27273,0.537,-0.908,1,-0.27273,0.90909,-0.45455,1,0.066,0.521,-0.09091,1,0.101,1,0.36364,1,0.63636,0.72727,0.27273
0,0,0.0,-1,-1,1,-1.0,-1,1,0.0,0,1,-1,1,-1,0,0,0.0,0,0,0,-0.503,1.365,1,-0.888,-1,0.637,1,1.038,0,0,0.864,0.5,0.0,0
1,1.417,0,0.548,0.108,0.758,0.09091,0.27273,0.268,0.63636,0.0,0.36364,-0.09091,0.45455,-0.09091,0.48612,-0.01343,0.63636,-0.162,0.45455,0,0.36364,-0.09091,0.159,0.18182,0.36364,-0.07,0.34442,-0.01768,0.27273,0,0.2,0.0,0.28985,-0.01832
0,1,0,-1,-0.782,0,0,-1.049,0.499,-0.87097,1,0.0,0,0,0.0,0.0,0.0,0.0,0,0.0,0.0,-1,-1,0,0,0.29839,0.23387,1,0.51613,0,0,0,0.0,0,0
1,1,0.0,1,0.083,0.667,0.71429,1,0.71429,1,-0.118,0.85714,-0.185,1,0.022,1.245,0,0.42857,-0.167,1,0.03617,1,-0.302,1,0,0.28571,-0.28571,1,0.04891,1,0.051,1.081,0.57143,1,0
0,0,0,0.604,1,1,-1,1,1,1,1,0.777,0.512,1,-1,1,0.503,1,-0.855,0.708,-0.757,1.439,1.427,0.593,1,1,-1,1,1,1,1,1,1,1.486,1
1,1.243,0.0,0.757,0.46972,0.53945,0.82161,0.058,0.95275,-0.38033,0.87916,-0.73939,0.58226,-0.92099,0.16731,-0.82417,-0.24942,-0.59383,-0.63342,-0.31,-0.82881,0.221,-1.095,0.52,-0.57430,0.69274,-0.24843,0.827,0.10484,0.52798,0.39762,0.164,0.361,-0.06739,0.57552
0,0,0,1.452,-1,1,0.947,1,-1,0.869,1,0.955,-1,0.729,-0.552,1,-1,1,1.113,0.519,1,1,1,1,-0.8,1,1,1,1,1,1,1.449,1,1,-0.576
1,1,0,0.92657,0.056,0.541,0.15766,0.86098,0.274,0.83675,0.36526,0.812,0.40198,0.972,0.574,0.66586,0.48360,0.63,0.751,0.754,0.52180,0.48435,0.54212,0.42546,0.55684,0.206,0.55274,0.26978,0.54214,0.243,0.53448,0.14312,0.49124,0.11573,0.46571
0,0,0,1,1,1.308,-1,1,-1.123,1,1,0.0,0,1,-1.052,0,0,0.0,0,0.0,0,-1,1,1,1,0.0,0,1,1,0.0,0,-1.145,-0.676,0,0.0
1,1,0,0.93537,0.157,0.703,0.25359,0.85705,0.38779,0.79039,0.568,0.679,0.59942,0.84,0.75000,0.50830,0.73586,0.337,0.82742,0.25539,1.284,0.197,0.85615,0.00494,0.88869,-0.07361,0.79780,-0.20995,0.943,-0.207,0.71454,-0.38532,0.794,-0.47419,0.55835
0,0,0,1,-1,-1,1,-1,1.273,1,1,1,1,-1.302,-1.087,-1,-1,0.65,1,1,-1,-0.527,-1,-1,-1.433,0.572,0.0,1,-1,0.525,-0.882,-1,1.235,-1,1
1,1,0,0.481,0.13069,0.858,0.24323,0.552,0.19038,0.36923,0.45577,0.44793,0.46439,0.25000,0.57308,0.25192,0.37115,0.15215,0.51877,-0.111,0.687,-0.03462,0.42885,-0.045,0.44424,-0.14943,0.40006,-0.19940,0.31,-0.297,0.29541,-0.246,0.23896,-0.328,0.448
0,0,0,1.446,-1,1,1,1,-1,1,1,1,-1.236,1,1.304,1,-1,0.821,-1,1,1.345,0.788,0.956,1,-1.259,1,-1,1,-1.479,1,0.55,1,-0.934,1,1
1,1.384,0.0,0.977,0.13082,0.94120,0.20036,0.452,0.32248,0.89009,0.32711,0.85550,0.45217,0.72298,0.52284,0.69946,0.58820,0.58548,0.66893,0.48869,0.70398,0.44245,0.66,0.229,0.492,0.234,0.76210,0.16813,0.78541,0.076,0.703,-0.02962,0.962,-0.10289,0.74242
0,0,0,0.0,0,1.124,1,0.0,0.0,1,1,0,0.0,1,-1,0,0,0,0,0,0.0,0,0,0.0,0.0,0,0,1,-1,0,0.0,-1,1,0.0,0.0
1,1,0,0.868,0.104,0.86399,0.425,0.72582,0.36790,0.70588,0.56830,0.57449,0.62719,0.327,0.74676,0.31705,0.805,0.19128,1.001,0.04686,0.573,-0.146,0.76969,-0.18479,0.582,-0.29291,0.65708,-0.38798,0.58553,-0.26,0.50131,-0.53146,0.408,-0.56231,0.35095
0,0.0,0,0,0,0.524,1,1,1,0,0,0,0.0,-1,-1,0,0,-1,-1,0.0,0,0.0,0,1,0.601,0,0.0,0.688,0.747,0,0.0,-1,1,0,0.0
1,1.423,0.0,0.644,0.38138,0.72,0.69431,0.29148,0.87892,-0.06726,0.90135,-0.438,0.628,-0.645,0.56502,-0.82960,0.26906,-0.78940,-0.08205,-0.62780,-0.271,-0.46637,-0.55605,-0.223,-0.64338,0.09562,-0.61055,0.30406,-0.56,0.43227,-0.29838,0.47029,-0.124,0.42152,0.12556
0,0,0.0,1,-1,1,1,1.239,1,1,0.626,1,0.767,1,-1,0.649,1,0.785,1,0.536,-1,1,-1,1.154,-1,1,-0.652,1,1,1,-0.966,1,1,1,0.874
1,1,0.0,0.436,-0.38293,0.80151,0.144,0.78826,0.15266,0.55580,0.056,1,0.21225,0.71947,0.304,0.68798,0.32925,0.49672,0.17287,0.648,-0.04,0.57399,0.42528,0.505,0.44872,0.558,0.57549,0.44174,0.48200,0.12473,1.204,0.419,0.49721,0.30588,0.49831
0,0,0.0,0,0,0,0,0,0,0.0,0,0,0.0,0,0,0.0,0.0,0,0.0,0,0.0,0,0,0.0,0.0,0,0,1,1,0,0.0,0,0,0.0,0
1,1,0,0.94649,0.00892,0.97287,-0.00260,0.98922,0.00372,0.897,0.02,1.301,0.03530,0.97213,0.026,0.98625,0.022,0.887,0.07135,0.98551,-0.009,0.97770,0.04980,0.754,0.07098,0.93274,0.08101,0.95243,0.04356,0.97473,0.006,0.97845,0.043,1.177,-0.00260
0,0,0,0.984,1,-1,-1,-0.536,-1,0,0.0,0,0,-1,-1,0,0.0,0,0,0,0,-1.243,1,1.395,1,0,0.0,0.703,-1,0.0,0,-1,-1.177,-1,-0.952
1,1,0.0,0.50466,-0.16900,0.366,0.01513,0.783,0.02258,0.502,0.018,0.34615,0.05594,0.69050,0.04393,0.68101,0.07,0.67023,0.05692,0.63403,-0.04662,0.64503,0.06856,0.63077,0.07381,1.22,0.18065,0.59935,0.08304,0.272,0.088,0.56466,0.057,0.529,0.09346
0,1.467,0,0.68729,1,1.247,-0.76087,0.81773,0.04348,0.632,0.10702,0.86789,0.73746,0.828,0.205,0.439,0.13712,0.93478,-0.25084,0.70736,0.18729,0.64883,0.339,0.60201,0.77425,1.251,-0.682,0.91,0.22216,1.021,0.53846,1,-0.06522,0.56522,0.23913
1,1.345,0,0.76296,-0.07778,1,-0.29630,0.559,-0.85741,0.80000,0.06111,0.45556,-0.468,1,-0.141,1.4,-0.83519,0.292,0.013,0.624,-0.05926,0.98215,-0.19938,1,0.22037,0.69630,-0.199,1.225,-0.24549,0.78889,0.02037,0.87492,-0.27105,0.662,-0.57037
0,1,0,0.38521,0.175,0.548,0.055,0.26459,0.324,0.322,0.13230,0.264,0.25292,0.24514,0.395,0.08949,0.23,-0.03891,0.36965,0.05058,0.24903,0.24903,0.09728,0.07782,0.29961,-0.029,0.28482,-0.062,0.26256,-0.14786,0.115,-0.09339,0.31128,-0.19066,0.28794
1,1,0.0,0.657,-0.031,0.75198,-0.05357,0.61508,-0.01190,0.53968,0.049,0.61706,0.104,0.59127,-0.02381,0.62698,0.01,0.70833,0.026,0.60317,0.021,0.47817,-0.015,0.784,0.03770,0.5,0.03968,0.61291,-0.01237,0.617,-0.13492,0.68849,-0.01389,0.62500,-0.03175
0,0.564,0.0,0.06404,-0.15271,-0.04433,0.068,0.08374,-0.02463,-0.019,0.18719,0.049,0,0.12315,-0.071,0.05911,0.0,0.01970,-0.02956,-0.124,-0.20690,0.06897,0.01478,0.06897,0.02956,0.07882,0.209,0.28079,-0.037,-0.05911,-0.09360,0.04433,0.077,0.07389,-0.10837
1,1,0,0.836,0.10850,0.70694,-0.06935,0.70358,0.01678,0.513,0.00224,0.71029,0.15772,0.385,-0.003,0.79754,0.036,0.83669,-0.172,0.68680,-0.09060,0.62528,-0.007,0.643,0.11745,0.71253,-0.09508,0.69845,-0.01673,0.728,0.071,0.78859,-0.063,0.65213,-0.04698
0,1,0.0,0.226,0.35949,0,0.0,-0.29620,-1,0.0,0,0.108,-0.051,0,0,0,0,0.0,0,0.0,0,0.00759,0.68101,-0.20000,0.33671,-0.10380,0.188,0.036,-1,0.0,0,0.06329,-1,0,0
1,1,0.0,0.88103,-0.006,0.626,-0.029,0.94105,-0.01822,0.89175,-0.12755,0.82208,-0.139,0.88853,0.01179,0.90782,-0.13719,0.87138,-0.033,0.90782,-0.02358,1.15,-0.203,0.82851,-0.12433,1.042,-0.19507,0.88245,-0.208,0.84352,-0.12862,0.88424,-0.253,0.91747,-0.16827
0,1,0.0,0.285,-0.5,0,0.0,0,0,0.46458,0.299,0.58958,0.02083,0.0,0.0,0,0,0.16458,-0.45417,0.59167,-0.129,0,0.0,0,0.0,0.98750,-0.40833,-1,-1.441,-0.406,-0.75625,0,0,0,0
1,1,0,0.88853,0.013,0.92007,0.01305,0.92442,0.014,0.89179,-0.10223,1.294,-0.08428,0.568,-0.01033,0.93094,-0.08918,0.86025,-0.05057,0.89451,-0.056,0.88418,-0.152,0.642,-0.11909,0.82980,-0.14138,0.86453,-0.085,0.597,-0.13051,0.83524,-0.125,0.86786,-0.077
0,1,0.0,0,0,1.153,0.12889,0.811,-0.02000,0.0,0.0,1,-0.42444,1,0.19556,1,-0.05333,0.701,-0.781,0.0,0,0.971,-0.04,1,-0.207,0,0,1,-1,0,0,1,0.11778,0.90667,-0.09556
1,0.515,0.0,0.81143,0.03714,0.542,-0.00143,0.79000,0.008,0.79571,-0.049,0.87571,0,0.546,-0.06714,0.86429,0.003,0.82857,-0.043,0.81000,-0.11857,0.76857,-0.08429,0.84286,-0.048,0.77000,-0.06857,0.649,-0.08669,0.82571,-0.10429,0.81429,-0.05000,0.892,-0.15143
0,1,0,0,0,0,0.0,0.0,0,0,0.0,0,0,-1,1,1.351,0.55172,0,0,0.0,0,0,0,0.0,0,0.0,0.0,0.909,1,0.0,0,0.0,0,0,0
1,1,0.0,0.49870,0.014,0.43117,-0.09610,0.50649,-0.027,0.412,0.09610,0.44675,0.05974,0.55844,-0.11948,0.51688,-0.03636,0.52727,-0.05974,0.55325,-0.01,0.69,-0.035,0.49091,-0.008,0.375,0,0.53215,-0.03280,0.358,0.03377,0.54545,-0.073,0.58961,-0.08571
0,0,0,0.0,0.0,0,0,0,0.0,0,0.0,0,0,0,0,0,0,0,0.0,0.0,0.0,0.0,0,0,0,0.0,0,0.976,-1,0,0,0,0.0,0,0
1,1,0,1,0.5,1,0.362,0.368,0.888,0.16851,0.91180,-0.13336,0.80454,-0.34107,0.868,-0.252,0.487,-0.228,0.125,-0.36676,0.006,-0.26477,-0.095,-0.16178,-0.12964,-0.07782,-0.12744,-0.023,-0.10242,0.01033,-0.07036,0.02224,-0.04142,0.02249,-0.02017
0,0.986,0,0,0,0,0.0,0.691,1.119,-1,-1.028,0.0,0,1,-0.11111,0,0.0,0,0.0,-0.992,1,1,1.138,1,-1,0.0,0,1,-1,0,0,0,0,1,1
1,1,0.0,0.87048,0.38027,0.64099,0.69212,0.31347,0.883,-0.039,0.90740,-0.42173,0.79346,-0.70561,0.51560,-0.879,0.307,-0.81136,-0.165,-0.67474,-0.38102,-0.343,-0.62861,-0.13013,-0.70762,0.15552,-0.66421,0.38544,-0.72,0.36,-0.259,0.56239,-0.074,0.51460,0.16645
0,1.136,0,0.0,0,0.0,0,0,0,-1,1.078,0,0.0,1,0.37333,-0.12000,-0.12000,0,0,-1.267,-1,0,0.0,1,-1,0.0,0,1,0.22667,0,0.0,0,0.0,0.0,0
1,1,0,0.872,0.618,0.59573,0.77655,0.282,0.94537,-0.24103,0.92544,-0.488,0.71257,-0.86443,0.29,-0.697,-0.05338,-1.052,-0.567,-0.46950,-0.73285,-0.143,-0.82217,0.268,-0.442,0.55984,-0.55910,0.72147,-0.24433,0.72478,0.09599,0.58137,0.38915,0.34749,0.57656
1,1.474,0,0.32834,0.02520,0.15236,0.21278,0.22,0.74003,-0.25706,0.92324,-0.063,0.19380,-0.881,0.238,-0.94053,-0.05409,-0.148,-0.14329,-0.30315,-0.44615,-0.11409,-0.544,0.03,-0.232,0.298,-0.06295,0.33737,-0.11876,0.27657,-0.11409,0.096,0.13296,0.12197,0.20468
1,1,0,0.83427,0.39121,0.571,0.78579,0.12326,1.092,-0.33221,0.83578,-0.874,0.307,-0.629,0.21909,-0.84442,-0.213,-0.814,-0.61894,-0.19354,-0.87787,0.17,-0.89064,0.73,-0.791,0.79143,-0.27734,0.83008,0.08718,0.66592,0.49079,0.37542,0.712,-0.03983,0.79444
1,1.306,0.0,0.62335,-0.039,0.59085,0.00481,0.60409,-0.086,0.63177,0.00963,0.904,-0.07461,0.67028,0.063,0.62936,-0.08424,0.547,0.09146,0.67148,0,0.58965,0.10108,0.50060,0.042,0.65945,0.14079,0.387,0.027,0.51384,0.04452,0.61733,-0.00963,0.838,-0.09146
1,1,0,0.74449,-0.02390,0.584,0.018,0.72243,0.16912,0.79228,0.07721,0.81434,0.559,0.781,0.004,0.484,0.21691,1.434,0.06066,0.371,0.05147,0.67463,0.04228,0.45,-0.25000,0.72978,-0.15809,0.507,0.07124,0.30882,0.08640,0.55916,0.047,0.60294,0.21691
1,1.038,0,0.612,0.18923,0.78157,0.022,0.77486,0.018,0.65077,-0.10308,0.77538,0.08000,0.73961,0.031,0.72322,0.05776,1.024,-0.08923,0.61692,0.16308,0.66233,0.07573,0.576,0.111,0.48,-0.07231,0.58803,0.08767,0.55077,0.25692,0.79,0.126,0.50609,0.09322
1,0.783,0,0.68317,0.05375,0.84803,0.002,0.84341,0.00301,0.84300,0.09901,0.75813,0.05,0.81892,0.00585,0.80738,0.00673,0.746,-0.12447,0.957,-0.028,0.76365,0.013,0.74635,0.00978,0.728,-0.037,0.70824,0.01096,0.62235,0.087,0.66624,0.01190,0.769,0.01227
1,1,0.0,0.5,0,0.38696,0.10435,0.49130,0.037,0.46957,-0.039,0.35652,-0.12609,0.45652,0.04783,0.50435,0.027,0.219,0.19565,0.42174,0.14783,0.269,-0.02609,0.32174,-0.101,0.47391,-0.00870,0.41789,0.07,0.38696,0.023,0.423,0.174,0.44783,0.17391
1,0.876,0,0.79830,0.09417,0.78129,0.232,0.739,0.28068,0.69320,0.318,0.65917,0.50122,0.57898,0.313,0.601,0.58445,0.33354,0.67861,0.29587,0.63548,0.133,0.68104,0.02066,0.72236,-0.08748,0.63183,-0.163,0.60696,-0.133,0.548,-0.25516,0.51701,-0.306,0.42467
1,1,0.0,1,0.09802,1,0.25101,0.98390,0.23,0.759,0.369,0.74977,0.60297,0.56937,0.98,0.55311,0.74079,0.29452,0.643,0.21137,0.79777,0.09709,1.01,-0.01734,0.79870,-0.136,0.548,-0.22839,0.387,-0.31713,0.696,-0.40291,0.54522,-0.42815,0.44534
1,1,0,0.89410,0.13425,0.87001,0.31543,0.78896,0.527,0.673,0.491,0.54003,0.573,0.39699,0.616,0.313,0.79523,0.09134,0.79598,-0.09159,0.76261,-0.114,0.66926,-0.30263,0.743,-0.40552,0.50489,-0.46215,0.40753,-0.50314,0.226,-0.52823,0.257,-0.578,0.05972
1,1,0,1.189,0.17498,0.90946,0.33143,0.85096,0.49960,0.73678,0.804,0.59215,1.077,0.48698,0.83614,0.30459,0.90665,0.17959,0.718,-0.00701,0.93109,-0.18880,1.225,-0.437,0.82492,-0.46534,0.76482,-0.427,0.434,-0.351,0.668,-0.75321,0.357,-0.81210,0.26092
1,1,0.0,0.91767,0.18198,0.86090,0.35543,0.72873,0.45747,0.60425,0.375,0.50376,0.646,0.36100,0.435,0.105,0.83558,0.002,0.85210,-0.16390,0.77853,-0.35996,0.76193,-0.43087,0.65385,-0.581,0.67,-0.60328,0.40972,-0.507,0.27338,-0.877,0.13667,-0.553,0.05394
1,1,0.0,0.76627,0.21106,0.63935,0.38112,0.262,0.45,0.15000,0.22273,0.072,0.59565,-0.07727,0.635,0.0,0.525,-0.27491,0.42014,-0.56136,0.36818,-0.36591,0.18864,-0.40533,0.07588,-0.38483,-0.03229,-0.198,-0.12486,-0.27540,-0.225,-0.207,-0.24648,-0.11894,-0.136
1,1,0,0.486,-0.336,0.85430,0.658,0.81126,0.07285,0.566,0.16225,0.32781,0.33,0.435,0.12252,0.63907,0.19868,0.362,0.42715,0.54305,0.137,0.65232,0.27815,0.68874,0.07285,0.51872,0.26653,0.435,0.27687,0.46216,0.28574,0.277,0.29324,0.40821,0.267
1,1,0,1.417,0.11385,0.70019,-0.12144,0.476,0.09677,0.71157,0.01139,0.677,-0.117,0.69070,0.12524,0.863,0.044,0.63,-0.03416,0.525,0.22,0.72676,0.07211,0.247,0.048,0.53321,0.37381,0.49090,0.17951,0.15180,0.32448,0.44141,0.18897,0.56167,0.15180
1,1.245,0,0.84843,0.053,1.056,-0.022,0.77031,-0.03299,0.66725,-0.06620,0.59582,-0.07666,0.67260,-0.079,0.64260,-0.067,0.39199,0.047,0.71254,0.009,0.55970,-0.08039,0.53430,-0.08453,0.47038,-0.22822,0.48659,-0.096,0.414,-0.08537,0.44277,-0.09621,0.42223,-0.115
1,1,0.0,1.081,0.094,0.561,-0.00482,0.953,-0.00722,0.87980,-0.051,1,0.01419,0.845,-0.01436,0.95947,-0.025,0.98497,0.011,0.91152,-0.08848,0.95016,-0.02,0.94636,-0.02591,0.98164,0.02003,0.93772,-0.03034,1,-0.05843,0.92774,-0.03464,0.789,-0.03673
1,1,0,0.684,-0.12371,0.303,-0.094,0.70103,-0.197,0.876,0.07216,0.26289,-0.21649,0.49485,0.15979,0.45361,-0.092,0.42268,0.077,0.256,-0.27320,0.64,0.18557,0.42268,0.08247,0.70619,0.19588,0.53396,-0.075,0.15464,-0.378,0.47423,0.04124,0.45361,-0.51546
1,1,0.0,0.63510,-0.044,0.76530,0.02968,0.61432,0.501,0.65358,-0.006,0.64203,0.047,0.79446,-0.43418,0.72517,0.54965,0.376,0.13857,0.63510,0.14,0.63279,-0.25404,0.617,0.198,0.64665,0.23095,0.973,0.17704,0.61663,0.07621,0.66316,0.137,0.69053,0.36721
1,1,0,0.3,-0.03596,0.599,0.016,0.58876,0.01573,0.852,0.02472,0.66742,-0.003,0.394,-0.04719,0.383,0.00899,0.426,0.02472,0.64719,-0.07416,0.378,0.134,0.57528,-0.03596,0.684,0.04944,0.56588,0.00824,0.47640,-0.03596,0.54607,0.10562,0.60674,-0.08090
1,1.391,0.0,0.71521,-0.00647,0.59,-0.04207,0.63107,-0.05178,0.77994,0.08091,0.67314,0.094,0.64725,0.104,0.60194,-0.01942,0.54369,-0.04531,0.46926,-0.10032,0.64725,0.162,0.437,0.21683,0.52427,-0.05502,0.607,0.00040,0.31392,-0.06796,0.667,-0.159,0.30421,-0.048
1,1,0,0.68148,0.10370,0.437,0.036,0.65185,0.08148,0.886,-0.004,0.79012,0.11852,0.59753,0.04938,0.62469,0.09630,0.634,-0.17531,0.537,-0.10864,0.48642,0.011,0.60988,0.08148,0.66667,-0.097,0.63773,-0.032,0.76543,0.02222,0.571,-0.07160,0.376,-0.04691
1,0.563,0.0,0.60678,-0.02712,0.696,0.04068,0.287,-0.04407,0.50508,0.03729,0.379,-0.084,0.57966,-0.02034,0.53220,0.081,0.64068,0.142,0.569,-0.02373,0.53220,0.00678,0.71525,-0.03390,0.52881,-0.026,0.57262,0.00750,0.797,-0.00339,0.58983,-0.02712,0.50169,0.06780
1,1,0,0.431,0.054,0.322,0.05825,0.478,0,0.57282,-0.02427,0.58252,0.02427,0.33495,0.04854,0.52427,0.003,0.47087,-0.10680,0.43204,0.004,0.34951,0.03,0.18932,0.25728,0.31068,-0.093,0.36547,0.02,0.435,0.17476,0.26214,0,0.4,-0.01942
1,1.418,0,0.98822,0.02187,0.93102,0.34100,0.83904,0.35222,0.74706,0.498,0.889,0.51879,0.696,0.686,0.503,0.66237,0.31800,0.70443,0.28379,0.68873,0.07515,0.73696,0.06338,0.71284,-0.162,0.69714,-0.16556,0.42,-0.16209,0.55805,-0.34717,0.438,-0.278,0.521
1,1,0,0.662,0.15810,0.855,0.35237,0.71,0.48561,0.929,0.64888,0.58827,0.73743,0.269,0.83156,0.25140,0.439,0.04700,0.628,-0.12193,0.79749,-0.26180,0.467,-0.37835,0.76,-0.51034,0.333,-0.57587,0.46040,-0.61899,0.257,-0.65754,0.18345,-0.64134,0.02968
1,1,0.0,0.737,0.21677,0.91966,0.47030,1.123,0.626,0.53312,0.78120,0.36774,0.68,0.078,0.83312,-0.076,0.89274,-0.28269,0.72073,-0.43707,0.61688,-0.55769,0.48120,-0.65000,0.35534,-0.64658,0.15908,-0.613,0.034,-0.725,-0.13462,-0.54615,-0.336,-0.47201,-0.35032
1,1,0.0,1.236,0.125,0.96132,0.40803,0.80514,0.56569,0.477,0.36,0.41836,1.121,0.14939,0.89489,0.052,0.93682,-0.24742,0.748,-0.42811,0.75554,-0.50251,0.62563,-0.47,0.50428,-0.68851,0.30912,-0.77097,0.15619,-0.961,-0.066,-0.75199,-0.17921,-0.66932,-0.34367
1,1,0,0.93972,0.28082,0.80486,0.418,0.58167,0.987,0.34961,0.687,0.087,0.90403,-0.193,0.89335,-0.39730,0.82163,-0.58835,0.63,-0.596,0.41,-0.81262,0.18888,-0.81317,-0.04284,-0.834,-0.26883,-0.63237,-0.46438,-0.46422,-0.328,-0.26389,-0.70835,-0.127,-0.71273
1,1,0,0.89835,0.35157,0.67333,0.776,0.43898,1.113,-0.03643,0.80510,-0.224,0.75334,-0.28,0.48816,-0.57377,0.333,-0.66750,0.10591,-0.47359,-0.044,-0.81056,-0.06011,-0.33197,-0.47592,-0.12897,-0.53620,0.07,-0.51925,0.345,-0.37,0.308,-0.263,0.42805,0.13297
1,0.606,0.0,0.381,0.10025,0.23308,0.17293,0.03759,0.495,0.075,0.26316,0.06266,0.21303,-0.04725,0.12767,-0.06333,0.07907,-0.06328,0.04097,-0.05431,0.01408,-0.043,-0.00280,-0.023,-0.01176,-0.012,-0.017,-0.00886,-0.01475,-0.00280,-0.007,0.00096,-0.00948,0.003,-0.00647
1,1,0,0.424,-0.35526,1.369,0.275,0.75,-0.00564,0.82519,0.19361,0.50188,-0.27632,0.938,0.06391,0.69737,0.169,0.72368,-0.548,0.692,0.04511,0.933,0.20489,0.84774,-0.40977,0.64850,-0.04699,0.56836,-0.076,0.52820,-0.13346,0.15602,-0.12218,0.341,-0.10309
1,1,0,0.83609,0.13215,0.416,0.074,0.65829,0.066,0.178,0.135,0.43837,0.20330,0.49418,0.12686,0.44747,0.12,0.29352,0.017,0.322,0.15756,0.32835,0.14616,0.29495,0.191,0.26436,0.14530,0.181,0.14314,0.26429,0.225,0.18767,0.13632,0.16655,0.13198
1,1,0,1.054,0.11933,0.85738,0.007,0.85124,0.01546,0.76966,-0.00278,0.603,0.10916,0.83289,0.026,0.82680,0.03506,0.74838,0.024,0.81,0.02405,1.039,0.04901,0.80259,0.05352,0.77336,0.02220,0.791,0.06235,0.85939,0.127,0.896,0.062,0.77269,0.07508
1,1,0,1.013,0.053,0.79946,0.18297,0.99009,0.29292,0.89455,-0.08337,0.88598,-0.013,0.90446,-0.26724,0.89410,0.19964,0.634,-0.038,0.84452,-0.007,1.42,-0.34024,0.78954,-0.25101,0.86661,-0.09193,0.85967,-0.02908,0.676,-0.032,0.75935,0.309,1.179,0.09193
1,1,0.0,0.74916,0.02549,0.98994,0.09792,0.75855,0.12877,0.894,-0.09188,0.762,0.02482,0.97921,-0.00469,1.008,0.081,0.91482,0.024,0.71026,0.02683,0.81221,-0.08048,1,0,0.71764,-0.01,0.816,0.02552,0.44,-0.01073,0.594,0.11066,0.474,0.02750
1,1.16,0,0.332,0.19527,0.06213,-0.176,0.727,0.01006,0.45562,-0.04438,0.586,0.01775,0.44675,0.351,0.71598,-0.03846,0.55621,0.12426,0.41420,0.067,0.52767,0.02842,0.51183,-0.10651,0.266,-0.033,0.46514,0.03259,0.53550,0.28,0.31953,-0.14497,0.34615,-0.002
1,1.01,0,0.59887,0.14689,0.69868,-0.13936,0.85122,-0.13936,1.106,0.02448,0.50471,0.02825,0.84,-0.04520,0.671,-0.13748,0.51412,-0.24482,0.81544,-0.182,0.70245,-0.00377,0.351,0.068,0.56121,-0.326,0.61444,-0.198,0.295,-0.02072,0.525,-0.31262,0.67420,-0.22034
1,0.557,0,0.84713,-0.03397,0.86412,-0.08493,0.81953,0,0.73673,-0.107,0.71975,-0.13588,0.74947,-0.155,0.77495,-0.18684,0.78132,-0.199,0.842,-0.074,0.79193,-0.15711,0.89384,-0.017,0.898,-0.28,0.49,-0.23312,0.636,-0.22293,0.72611,-0.37792,0.65817,-0.24841
1,1,0.0,0.87772,-0.08152,0.944,0.07337,0.84783,0.04076,0.77174,-0.02174,1.015,-0.045,0.82337,-0.10598,0.936,-0.00543,0.88043,-0.20924,0.83424,0.03261,0.86413,-0.05978,0.97283,-0.27989,0.532,-0.168,0.83705,-0.10211,1.004,-0.02,1.067,-0.10870,0.97,-0.00543
1,1.354,0.0,0.811,-0.13241,0.53755,0.16996,0.72727,0.074,0.69565,-0.081,0.969,-0.23518,0.87945,-0.15,0.73715,0.04150,0.63043,-0.006,0.467,-0.11858,1.055,-0.25296,0.66403,-0.28656,0.67194,-0.10474,0.61847,-0.12041,0.60079,-0.308,0.37549,0.06917,0.61067,-0.01383
1,1.473,0,0.46785,0.114,0.58980,0.00665,0.55432,0.06874,0.47894,-0.13969,0.52993,0.009,0.63858,-0.16186,0.698,-0.03326,0.738,-0.13525,0.52993,-0.045,0.47894,-0.19512,0.50776,-0.13525,0.537,-0.20177,0.667,-0.157,0.59867,-0.02882,0.614,-0.11752,0.786,-0.04435
1,1,0.0,0.88116,0.27475,0.893,0.609,0.61559,0.63662,0.38825,0.822,0.09831,0.966,-0.20097,0.89200,-0.35737,0.77500,-0.65114,0.62210,-0.78768,0.45535,-0.81856,0.131,-0.56,-0.041,-0.521,-0.26356,-0.67557,-0.413,-0.301,-0.60858,-0.30512,-0.66700,-0.19312,-0.75597
1,0.531,0,0.513,0.29282,0.79917,0.55756,0.59952,0.71596,0.26203,0.92651,0.057,0.96748,-0.23237,1.226,-0.55926,0.81018,-0.73329,0.383,-1.288,0.36200,-0.92254,0.06040,-0.93618,-0.206,-0.814,-0.326,-0.65165,-0.69556,-0.525,-0.85725,-0.13590,-0.93953,0.10007,-0.963
1,1,0,1.274,0.30634,0.73232,0.57816,0.34109,0.32,0.06,0.593,-0.09238,0.92118,-0.676,0.39,-0.69767,0.32558,-0.81422,0.41195,-1.498,-0.00775,-0.78973,-0.41085,-0.959,-0.45478,-0.57242,-0.67605,-0.162,-0.838,-0.02979,-0.86841,0.25392,-0.558,0.00194,-0.81686
1,1,0,0.83479,0.28993,0.69256,0.47702,0.49234,0.348,0.21991,0.787,-0.08096,0.958,-0.35558,0.839,-0.52735,0.58425,-0.70350,0.31291,-0.75821,0.027,-0.71225,-0.117,-0.673,-0.243,-0.37199,-0.52954,-0.085,-0.60863,0.08425,-0.61488,0.25164,-0.706,0.584,-0.35339
1,1,0,0.92870,0.33164,0.76168,0.532,0.49305,0.84266,0.21592,1.286,-0.13956,0.737,-0.47202,0.83590,-0.70747,0.65490,-1.173,0.237,-1.345,0.08,-0.61,-0.26173,-0.73969,-0.664,-0.50757,-0.449,-0.22323,-0.86122,0.07810,-0.87159,0.36021,-0.78057,0.453,-0.60270
1,1,0,0.569,0.241,0.65541,0.57671,0.194,0.70677,0.17293,0.78947,-0.18976,0.965,-0.41729,0.66541,-0.827,0.597,-0.74725,0.19492,-0.72180,-0.04887,-0.62030,-0.175,-0.49165,-0.617,-0.272,-0.66014,-0.01530,-0.69706,0.234,-0.64428,0.43100,-0.51206,0.777,-0.30075
1,1,0.0,1.441,-0.02736,0.98058,-0.04104,1,-0.07635,0.98720,0.01456,0.614,-0.02604,0.802,-0.07458,1.067,-0.07149,0.97396,-0.09532,0.97264,-0.157,0.99294,-0.05252,0.886,-0.08914,0.97352,-0.101,0.96653,-0.12912,0.93469,-0.156,1.2,-0.172,0.96778,-0.18800
1,1,0.0,0.94052,-0.01531,0.94170,0.01001,1.218,-0.01472,0.639,-0.01060,0.94641,-0.03710,1.117,-0.01767,0.734,-0.03887,0.95465,-0.04064,0.95230,-0.04711,0.94229,-0.02179,0.92815,-0.04417,0.92049,-0.049,1.192,-0.05827,0.744,-0.07479,1.237,-0.07244,0.525,-0.058
1,1,0,0.978,-0.14384,0.91324,-0.00228,0.96575,-0.17123,0.98630,0.18265,0.861,0.003,0.93607,-0.077,0.91324,-0.00228,0.86758,-0.08676,1.307,-0.197,0.603,0.055,0.92009,-0.072,0.92466,0.06849,0.531,-0.09252,0.97032,-0.127,0.85388,-0.08676,0.96575,-0.21918
1,1,0,0.604,-0.03390,0.94915,0.059,0.52542,-0.16949,0.30508,-0.017,0.50847,-0.13559,0.52,0.148,0.988,-0.35593,0.54237,0.01695,0.55932,0.03390,0.59322,0.44,0.86441,0.05085,0.40678,0.194,0.496,-0.00266,0.66102,-0.03390,0.83051,-0.084,0.76271,-0.094
1,1,0.0,0.33333,-0.224,0.44444,0.326,0.38889,0.16667,0.41667,0.13889,0.36,-0.11111,0.54911,-0.08443,0.58333,0.415,0.397,0.02778,0.25000,-0.19444,0.47222,-0.05556,0.52778,-0.039,0.482,0.08333,0.41543,-0.136,0.19444,-0.075,0.36924,-0.14809,0.083,-0.5
1,1.361,0.0,0.483,1,1,0.53810,0.71178,0.80833,0.45622,0.46427,0.478,1,0.21249,1,-0.17416,1,-0.33081,1.399,-0.502,1,-0.52674,0.773,-1.054,0.47894,-1.007,0.35175,-1,0.09569,-1.332,-0.085,-1,-0.42226,-0.91903,-0.65557
1,1,0,0.75564,0.49638,0.83550,0.805,0.54916,0.72063,0.32,0.70792,0.13469,0.94749,-0.09818,1.003,-0.37604,0.82223,-0.598,0.879,-0.722,0.67989,-0.966,0.166,-0.79147,0.027,-0.583,-0.29099,-0.70352,-0.32792,-0.63312,-0.19185,-0.45,-0.60454,-0.19609,-0.62956
1,1,0,0.83789,0.42904,0.898,0.58385,0.346,0.78115,0.16470,0.82732,-0.13012,0.86947,-0.432,0.843,-0.59435,0.52070,-0.731,0.26529,-0.84014,0.02,-0.426,-0.31351,-0.47412,-0.311,-0.37298,-0.67796,-0.069,-0.62691,0.102,-0.45911,0.282,-0.39167,0.48319,-0.24313
1,1,0.0,0.93658,0.35107,0.493,0.338,0.45571,0.88576,0.15323,0.95776,-0.21775,0.96301,-0.56535,0.83397,-0.671,0.58045,-0.93104,0.322,-0.841,-0.06418,-0.87028,-0.40949,-0.49,-0.859,-0.43,-0.84951,-0.04578,-0.91221,0.27330,-0.85762,0.678,-0.69613,0.416,-0.44173
1,1,0.0,0.92436,0.36924,0.71976,0.68420,0.29303,0.582,-0.119,0.76527,-0.31605,0.802,-0.66616,0.897,-0.92145,0.42314,-0.94315,0.09585,-1,0.035,-0.66431,-0.752,-0.46010,-0.78174,-0.13486,-1.022,0.107,-0.85137,0.48904,-0.414,0.69886,-0.657,0.76066,-0.13194
1,1,0,1,0.16195,1,-0.05558,1,0.01373,0.884,-0.12352,1,-0.01511,0.673,-0.019,1,-0.06374,1,-0.054,1,0.05900,1,-0.089,1,-0.035,1,-0.22978,1,-0.087,1.05,0.08299,0.895,-0.092,1.247,-0.07439
1,1.204,0,0.95559,-0.00155,0.772,-0.13244,1.254,-0.00461,0.82809,-0.565,0.593,0.151,1,-0.14247,0.777,-0.02542,1.034,-0.15518,0.84013,0.61739,0.966,-0.16321,0.87492,-0.08495,0.85741,-0.01664,0.84132,-0.01769,0.82427,-0.01867,0.80634,-0.01957,0.941,-0.029
1,1.161,0.0,0.79378,0.29492,0.64064,0.52312,0.41319,0.68158,0.14177,0.83548,-0.16831,0.78772,-0.356,0.72328,-0.57165,0.293,-0.75436,0.16755,-0.69977,-0.09856,-0.689,-0.168,-0.40637,-0.533,-0.17437,-0.52540,0.01523,-0.48707,0.19030,-0.268,0.339,-0.141,0.413,-0.08036
1,1,0,0.88085,0.494,0.68389,0.65128,0.34816,0.79784,0.042,0.473,-0.29784,0.86490,-0.744,0.69590,-0.77106,0.39309,-1.046,0.08408,-0.81641,-0.197,-0.64579,-0.50022,-0.39766,-0.68337,-0.119,-0.75533,0.244,-0.771,0.316,-0.831,0.56626,-0.36765,0.62765,-0.13305
1,1,0,0.819,0.39286,0.66129,0.71804,0.304,0.906,-0.04787,0.94415,-0.45725,0.84605,-0.77660,0.58511,-0.92819,0.22,-1.187,-0.15315,-0.76064,-0.48404,-0.574,-0.76197,-0.122,-0.88591,0.21581,-0.85703,0.773,-0.68593,0.808,-0.221,0.834,-0.07029,0.76862,0.27926
1,1,0.0,1,-0.24051,1,-0.155,0.87342,-0.10127,0.88608,0.009,1,0.11392,0.92405,0.06329,0.642,-0.041,0.63291,-0.36709,0.755,-0.013,1.083,0.06329,1,0.377,0.62025,-0.37975,0.84637,-0.05540,1,-0.086,0.53165,0.02532,1.063,-0.02532
1,1,0.0,0.553,0.005,0.83312,0.01659,0.82638,0.02469,0.86555,0.015,0.60504,0.05882,1.077,0.067,0.77441,0.05407,0.64706,0.175,1.024,0.04202,0.71285,0.07122,0.68895,0.07577,0.814,0.08403,0.816,0.08296,0.61345,0.025,0.58187,0.08757,0.55330,0.08891
1,1,0.0,0.85013,0.01809,0.92211,0.01456,0.92046,0.02180,0.92765,0.08010,1.258,0.11370,0.58,0.04320,0.90738,0.05018,0.87339,0.039,0.924,0,1.227,0.07047,0.88430,0.07697,1.07,0.10853,0.86923,0.097,0.87597,0.108,1.15,0.093,0.84258,0.10698
1,1,0.0,1,-0.01179,0.81,-0.00343,1.298,-0.013,0.705,-0.01565,1,-0.02809,1.007,-0.02187,0.99828,-0.03087,0.99528,-0.03238,0.99314,-0.03452,1,-0.054,0.646,-0.041,1,-0.04931,0.831,-0.05527,0.99400,-0.06304,0.99057,-0.06497,0.98971,-0.072
1,1,0,0.89505,-0.03168,0.87525,0.05545,0.89505,0.015,0.888,0.02772,0.91287,-0.00990,0.94059,-0.01584,0.955,0.019,0.982,0,0.94257,0.02,1.019,0.007,0.834,-0.01782,0.89307,0.034,0.89002,0.009,0.88119,0.00198,0.87327,0.04158,0.86733,0.02376
1,1,0,0.90071,0.01773,1,-0.026,0.90071,0.005,0.84752,0.034,1,0.043,0.97872,0.01064,0.97518,0.03546,0.59,-0.03191,0.89716,-0.03191,0.86170,0.086,1,0.09220,0.767,0.04610,0.526,0.033,0.94681,0.02482,1.432,0.01064,1.312,0.02128
1,0.807,0.0,0.39394,-0.24242,0.62655,0.014,0.307,0.09091,0.63636,0.087,0.21212,-0.21212,0.57576,0.15152,0.39394,0,0.56156,0.027,0.734,0.03030,0.78788,0.18182,0.30303,-0.15152,0.712,0.061,0.46362,0.06142,0.33333,-0.032,0.41856,0.06410,0.394,0.24242
1,1.162,0,0.932,0.35950,0.72014,0.66667,0.37201,0.83049,0.08646,0.98,-0.24118,0.86121,-0.51763,0.713,-0.68714,0.41524,-1.02,0.111,-0.69397,-0.13652,-0.49488,-0.42207,-0.32537,-0.676,-0.02844,-0.499,0.15360,-0.595,0.444,-0.37088,0.46189,-0.19681,0.228,0.01820
1,1,0.0,0.952,0.37917,0.874,0.69438,0.35916,0.849,-0.04193,1.236,-0.38875,0.595,-0.67274,0.62078,-1.097,0.30356,-0.86150,-0.05365,-0.392,-0.34275,-0.51778,-0.62443,-0.23428,-0.56,0.06911,-0.73856,0.33531,-0.62296,0.52414,-0.395,0.881,-0.17343,0.60073,0.08660
1,1,0,0.90547,0.269,0.65354,0.74761,0.292,0.95905,-0.13342,1.37,-0.608,0.526,-0.662,0.55086,-0.96631,0.15192,-0.93001,-0.28,-0.859,-0.59379,-0.41546,-0.85205,-0.02250,-0.93788,0.416,-0.537,0.67538,-0.418,0.85977,-0.28123,0.88654,0.09800,0.75495,0.46301
1,1,0,0.795,1,0.202,0.06158,0.133,1.137,-0.27586,0.93596,-0.203,0.37685,-1.135,0.36946,-0.92857,-0.08867,-0.38916,-0.288,-0.46552,-0.82512,-0.05419,-1.082,0.25616,-0.20443,0.73792,-0.246,0.85471,-0.06831,1.052,1,0.38670,0.003,0.17758,0.79790
1,1,0,1,0.51515,0.585,0.33333,0.059,0.36364,-0.32104,0.692,-0.45455,0.576,-0.57576,0,-0.57576,-0.104,-0.33333,-0.48485,-0.111,-0.589,0.48485,-0.57576,0.57576,-0.532,0.912,-0.39394,0.72961,0.12331,0.96970,0.57576,0.24242,0.352,0.109,0.33333
1,1,0,0.821,0.0,0.94817,-0.02744,0.93598,-0.008,0.90244,0.027,1.306,0.01829,0.93902,0.00915,0.556,0.00305,1,0.02744,0.522,-0.014,0.90854,0.017,0.68,0.05488,0.99695,0.04878,0.89666,0.02226,0.90854,0.00915,1.015,0.05488,0.97561,-0.01220
1,1,0.0,1.215,0.08156,0.79078,-0.077,1.343,-0.01773,0.92908,0.01064,0.80142,0.053,0.94681,-0.00709,0.543,0,0.93262,0.20213,1.035,-0.005,0.91489,0.00709,0.789,0.082,0.91135,0.15957,1.181,0.08165,0.77660,0.06738,0.92553,0.18085,0.92553,0
1,1,0,0.74468,0.10638,0.88706,0.00982,0.88542,0.01471,1.183,-0.01418,0.706,0.10638,0.87657,0.02912,0.773,0.025,0.985,0.07801,0.95035,0.04255,1.151,0.04743,0.555,0.048,0.87234,0.126,0.83429,0.084,0.83,-0.03546,0.81710,0.06800,0.80774,0.07173
1,1,0,1.134,0.03727,0.89951,0.002,0.89210,0.00510,0.902,0,0.848,0.07453,0.87021,0.00994,0.468,0.01151,0.679,-0.06211,0.85714,0.02484,0.785,0.01603,1.213,0.01749,0.79503,-0.04348,0.82111,0.02,0.81988,0.08696,0.588,0.017,0.80088,0.02441
1,1,0,1.078,0.00710,0.98579,0.01954,1,0.01954,0.99290,0.01599,0.95737,0.02309,1.32,0.037,0.563,0.028,0.97869,0.02131,1.066,0.05684,0.97158,0.025,0.94494,0.05506,0.745,0.03552,0.97540,0.06477,1.132,0.08171,0.99112,0.039,0.98934,0.053
1,1,0.0,1,0.012,1,0.01105,0.843,0.02320,0.99448,-0.01436,0.691,-0.00221,0.816,0.032,1,0.01,0.97569,0.00773,0.97901,0.01657,0.98011,0.00663,0.98122,0.012,0.846,-0.004,0.98033,0.01600,0.97901,0.01547,0.98564,0.02099,1.005,0.02762
1,1.139,0,0.98,-0.01342,1.391,0.01566,1,-0.00224,1,0.06264,1.235,0.04474,0.95973,0.02908,1.209,0.06488,0.98881,0.03356,1,0.03579,0.99776,0.09396,0.95749,0.086,0.866,0.052,0.99989,0.087,0.99105,0.08501,1,0.143,0.676,0.10067
1,1,0.0,0.88420,0.209,0.67123,0.67382,0.33,0.86399,0.02424,0.93182,-0.392,0.83713,-0.60316,0.58842,-0.78658,0.38778,-0.83285,-0.00642,-0.69318,-0.32963,-0.52504,-0.53924,-0.27377,-0.68126,0.005,-0.903,0.26028,-0.60678,0.44569,-0.321,0.314,-0.228,0.433,0.021
1,1,0,0.565,0.41786,0.64131,1.108,0.30440,0.876,-0.20449,0.96534,-0.55483,0.814,-0.81857,0.50949,-0.96986,0.10345,-0.91456,-0.31412,-0.542,-0.956,-0.32354,-0.638,0.031,-0.792,0.497,-0.82154,1.093,-0.55231,0.89415,-0.18725,0.87893,0.20359,0.70555,0.54852
1,1,0,0.32789,0.11042,0.15970,0.295,0.14020,0.95,-0.25131,0.91993,-0.16503,0.26664,-0.63714,0.133,-0.97650,-0.002,-0.23227,-0.19909,-0.30522,-0.659,-0.14426,-0.89991,0.09345,-0.229,0.28307,-0.18560,0.39599,-0.151,0.31005,0.05614,0.191,0.198,0.114,0.394
1,1,0,0.934,0.341,0.44681,0.74804,0.05319,0.85106,-0.32027,0.823,-0.68253,0.52408,-0.84211,0.07111,-0.977,-0.28723,-0.47032,-0.383,-0.04759,-1.16,0.23292,-0.76316,0.56663,-0.578,0.829,-0.18645,0.74758,0.23713,0.458,0.691,0.165,0.76764,-0.18533,0.74356
1,1,0,0.276,0.05725,0.04198,0.215,-0.089,0.48866,-0.18321,-0.18321,-0.41985,0.06107,-0.45420,0.09160,-0.16412,-0.30534,-0.105,-0.39695,0.233,-0.17557,0.34012,-0.105,0.28626,-0.115,0.21645,0.24692,0.03913,0.31092,-0.03817,0.163,-0.114,0.165,-0.295,-0.33588
1,1,0,0.98002,0.00075,0.582,0.0,0.98982,-0.00075,0.94721,0.017,0.97700,0.024,1.41,0.031,0.99170,0.02338,0.715,0.05713,0.93552,0.05279,0.97738,0.05524,1,0.06241,0.571,0.091,0.96709,0.054,0.95701,0.08088,0.98190,0.107,0.97247,0.08616
1,1,0,0.82254,-0.097,0.537,0.00231,0.87514,-0.01214,0.628,-0.07514,0.72832,-0.143,0.84624,0.05029,0.83121,-0.07399,0.74798,0.052,0.78324,0.087,0.86763,-0.033,0.78844,-0.06012,1.058,-0.02370,0.76717,-0.022,0.855,-0.07630,0.70058,-0.038,0.78439,0.01214
1,1,0,0.461,-0.13768,0.69387,-0.021,0.68195,-0.03574,0.55717,-0.036,0.61836,-0.10467,0.62099,-0.06527,0.59361,-0.07289,0.244,-0.26409,0.608,0.044,0.49736,-0.08771,0.46241,-0.067,0.45008,-0.007,0.536,-0.09038,0.495,-0.10306,0.32232,-0.08637,0.221,-0.08300
1,1,0.0,0.512,0.01092,0.86335,0.002,0.85821,0.00384,1.027,0.023,0.81504,0.171,0.83096,0.009,0.81815,0.007,0.82777,-0.06974,0.76531,0.03881,0.76979,0.01148,0.75071,0.01232,0.781,-0.00303,0.70886,0.01375,0.66161,0.00849,0.743,0.01484,0.63887,0.013
1,0.795,0.0,0.66667,-0.01,0.966,0.06831,0.49590,0.50137,0.75683,-0.00273,0.65164,-0.14071,0.467,-0.48907,0.39208,0.371,0.76776,0.224,0.78552,0.138,0.432,-0.44945,0.769,0.00683,0.60656,0.06967,0.68656,0.248,0.87568,0.07787,0.55328,0.24590,0.13934,0.48087
1,1,0,0.83508,0.1,0.73739,-0.14706,0.84349,-0.05567,0.55,-0.04622,0.938,0.086,0.777,0.06723,0.79307,-0.08929,1,-0.02101,0.96639,0.077,0.707,0.01155,0.77521,0.06618,0.627,-0.04202,0.83479,0.001,1,0.12815,0.564,-0.10714,0.90546,-0.05
1,1,0.0,0.667,0.006,0.95183,-0.02723,0.969,-0.01920,0.94590,0.01606,0.949,0.018,0.94171,0.07330,0.94625,-0.01326,0.97173,0.001,0.94834,0.034,0.92670,0.08412,0.93124,0.10087,0.94520,0.01361,0.93522,0.048,0.537,0.08168,1.048,-0.00035,0.91483,0.04712
1,1,0.0,0.94701,-0.00034,1.161,-0.03227,0.95177,-0.03431,1.298,0.026,0.94124,0.01766,0.979,0.04688,0.881,-0.01461,0.94837,0.026,0.93784,0.015,0.91406,0.07677,0.89470,0.06148,0.93988,0.03193,0.768,0.02542,0.92120,0.031,0.92459,0.004,0.92697,-0.00577
1,1,0,0.505,-0.01657,0.98122,-0.01989,0.692,-0.03646,0.85746,0.00110,0.861,-0.03315,0.89061,-0.01436,0.90608,-0.049,0.91381,-0.006,0.99,-0.12928,0.447,0.01215,1.242,-0.02320,0.91050,-0.02099,1.186,-0.07760,0.82983,-0.155,1.34,-0.03757,0.87403,-0.16243
1,1,0,0.516,0.153,0.73638,-0.072,0.87873,0.08260,1.306,-0.09139,0.78735,0.06678,0.80668,-0.00351,0.79262,-0.01054,0.85764,-0.04569,0.546,-0.03515,0.81722,-0.125,0.965,0.04394,1.191,-0.15114,0.639,-0.04822,0.78207,-0.00703,0.75747,-0.06678,1.161,-0.045
