1,1,0,0.772,-0.05889,0.668,0.032,0.648,-0.37708,1.236,0.03760,0.85243,-0.17755,0.615,-0.44945,0.60536,-0.279,1.224,-0.513,0.58212,-0.32192,0.56971,-0.29674,0.36946,-0.47357,0.56811,-0.336,0.41078,-0.46168,0.21266,-0.37,0.42267,-0.54487,0.18641,-0.613
0,1,0,0.907,-0.18829,0.93035,-0.468,-0.10868,-0.93597,1.144,-0.04549,0.50874,-0.67743,0.313,-0.957,-0.51685,-0.944,0.081,-0.628,0.33109,-1,-0.067,-0.45300,-0.18056,-0.499,-0.20332,-0.26569,-0.20468,-0.18401,-0.127,-0.11593,-0.16626,-0.089,-0.13738,-0.02447
1,1,0.0,1,-0.03365,1,0.00485,1,-0.12062,1.023,0.01198,0.73082,0.05346,0.85443,0.00827,0.54591,0.002,0.83775,-0.095,0.504,-0.08540,0.70887,-0.146,0.239,-0.12062,0.57528,-0.221,0.58984,-0.274,0.433,-0.17365,0.855,-0.24180,0.722,-0.38238
0,1,0,1,-0.45161,1.272,1.246,0.71216,-1,0.0,0,0,0,0,0,-1,0.14516,0.54094,-0.402,-1.498,-0.298,-0.69975,1.224,0,0.0,0.679,0.90695,0.51613,1,1,-0.204,0.371,1.04,-0.32382,1
1,1,0.0,1,-0.012,0.94140,0.06531,1.342,-0.126,0.7,-0.102,0.52798,-0.20275,0.56409,-0.01,0.34395,-0.14,0.52940,-0.21780,0.45107,-0.17813,0.046,-0.386,0.02309,-0.52879,0.03286,-0.65158,0.13290,-0.53206,0.02431,-0.62197,-0.029,-0.59573,-0.048,-0.65697
0,1.426,0,0.02337,-0.00592,-0.09924,-0.11949,-0.00763,-0.145,0.14706,0.045,0.024,-0.06302,0.0,0,-0.04572,-0.093,-0.005,-0.078,-0.155,-0.05414,0.01838,0.03669,0.01519,0.00888,0.03513,-0.01535,-0.03240,0.104,-0.07859,0.00732,0.0,0,-0.0,0.12011
1,1.202,0.0,0.97588,-0.10602,0.94601,-0.20800,0.92806,-0.28350,0.881,-0.27342,0.79766,-0.327,0.78225,-0.433,0.901,-0.709,0.57945,-0.68086,0.37852,-0.5,0.36324,-0.76562,0.31898,-0.441,0.22792,-0.81634,0.141,-0.82510,0.04606,-0.632,-0.053,-0.81318,-0.13832,-0.80975
0,0,0.0,0,0,0,0.0,1,-1,0.0,0,-1,-1,0,0.0,0.0,0,1,1,-0.644,-0.815,0,0.0,0,0.0,1,1,0.854,1,0,0,1.464,1.094,0,0
1,1,0,0.96355,-0.07198,0.539,-0.14333,0.571,-0.21313,1.106,-0.465,0.92570,-0.43569,0.94510,-0.40668,0.744,-0.46381,1.322,-0.35257,0.84537,-0.66020,0.75346,-0.60589,0.69637,-0.64225,0.85106,-0.65440,0.57577,-0.547,0.25435,-0.82,0.519,-0.492,0.259,-0.555
0,1,0,-0.01864,-0.08459,0.0,0,0.0,0.0,0.11470,-0.26810,-0.258,-0.354,0,0.0,-0.33656,0.389,-0.37133,0.15018,0.598,0.14,0,0.0,0,0,-0.14803,-0.01326,0.278,-0.02294,0,0,0.16595,0.132,-0.08208,0.38065
1,1,0,1,0.054,1,-0.18388,1,-0.28,1,-0.622,0.996,-0.492,0.96232,-0.51874,0.636,-0.422,0.89230,-0.66474,0.69876,-0.70997,0.70645,-0.713,0.803,-0.414,0.55867,-1.025,0.47211,-0.86500,0.40303,-0.83675,0.30996,-0.89093,0.22995,-0.827
0,1,0.0,1.239,-0.54210,1,-1.409,1,-1,0.539,0.36217,1,-0.41119,1,0.953,1,-1,1,-0.295,1,-0.93599,0.72,1,1,1,0.509,-0.6,1,-0.513,1,-1,1,-1.245,1.079,-1
1,1,0,1,-0.222,1.056,-0.10169,0.99999,-0.15197,1,-0.19277,0.94055,-0.35151,1.141,-0.29785,0.93719,-0.34412,0.94486,-0.398,0.90137,-0.43383,0.86043,-0.446,1.025,-0.302,1.215,-0.47137,1.027,-0.58370,0.745,-0.68794,0.68714,-0.586,0.862,-0.67226
0,1,0,1,-0.86701,1,0.169,0.85492,-0.39896,1,-0.12090,1.375,0.35147,1,0.053,1,-0.14767,1,-1,1,-1.317,0.41,0.15803,1,0.62349,0.635,-0.17012,1.245,0.35924,0.693,-0.66494,1.482,0.946,1.377,-0.171
1,1,0,1,0.07380,1,0.029,1,-0.042,1,0.108,1,0.19651,1.074,0.20328,0.515,0.12785,0.753,0.059,1,0.27087,0.515,0.523,1,0.391,1,0.187,1,0.346,0.95603,0.48641,1,0.32492,1,0.46712
0,1,0.0,0.50932,-1.003,1,0.26708,-0.03520,-1.237,1,-0.542,0.43685,-1,0.0,0.0,-0.619,-0.34265,-0.37681,0.03623,1.134,-1,0,0,0,0.0,-0.16253,0.92236,0.357,0.26501,0,0,1.139,0.214,0,0
1,1,0,0.752,0.057,1,-0.01236,0.97811,0.02498,1.075,0.02312,0.99274,0.1,0.89323,0.091,1.093,0.055,1.163,0.11120,0.86104,0.08631,0.81633,0.11830,0.83668,0.14442,1.16,0.13412,0.535,0.15,0.79110,0.15379,0.77122,0.15930,0.635,0.12015
0,0.0,0,0,0.0,-1,-1,0.893,1,-1,1,-1,1,1.105,-1.247,1,1.418,-0.966,-1,-0.642,1,1,-1,-1.321,1,-1,1,1,-0.783,-1,1.204,-0.649,-1,1,-1
1,1,0,0.801,0.02528,0.66626,0.036,0.403,0.114,0.08776,0.34081,0.63621,0.12131,0.62099,0.14285,0.78637,0.10976,0.58373,0.18151,0.14395,0.41224,0.53888,0.255,0.51420,0.187,0.48838,0.23724,0.329,0.24618,0.504,0.353,0.439,0.282,1.204,0.33036
0,0,0.0,1.187,-1,0,0,0.0,0.0,1.064,1,1.078,-0.722,-0.71875,1.219,0,0.0,-1,1,1,1,-1,1,1.442,0.56250,-1,1,1,1,1.402,-1,1,1,1,0.819
1,1,0,1,-0.00612,1.286,-0.09834,1.003,-0.111,1,-0.10605,1.491,-0.11073,1,-0.346,1,-0.161,0.92124,-0.318,0.86473,-0.34534,0.91693,-0.44072,0.96060,-0.46866,0.81874,-0.219,0.82681,-0.347,0.693,-0.38231,0.93,-0.40575,0.74354,-0.486
0,0,0,1.065,1.218,0,0,0,0.0,-1,-1,0.0,0.0,0.0,0,-1,-1,-1.393,-1,-0.906,1,-1,1,0,0,0,0.0,1,-0.864,-0.687,1,-0.764,1,-1,1
1,1,0.0,0.96071,0.1,0.918,0.04296,0.74,0.09313,0.90169,-0.071,1.094,0.02580,0.83250,-0.06142,0.87534,0.09,0.76544,0.00280,0.75206,-0.05295,0.65961,-0.106,0.883,-0.05929,0.713,-0.07705,0.58051,-0.02205,0.49664,-0.017,0.51310,-0.00015,0.52099,-0.002
0,0,0,-0.636,1,0.0,0,0,0,-1.437,0.698,1,0.646,0,0,0.0,0,1,-1.298,-1,0.81,1,1,0,0,-1.349,-1,1.226,-1,0.832,1,-1,1,0.0,0
1,1,0.0,1,-0.064,1,0.033,1,-0.05131,1,-0.014,1,-0.11,0.84493,-0.072,0.93392,-0.063,0.69170,-0.07379,0.65731,-0.20367,0.94910,-0.169,0.668,-0.261,0.84932,-0.34838,0.72529,-0.206,0.792,-0.38576,0.54356,-0.26284,0.64207,-0.39487
0,1,0.0,1,0.57820,1,-1,1,-1,1.101,-1,1.412,-1.401,1,-1,1.098,-1,1.435,-1,1,-1,1,-0.62796,1,-0.558,0.59,-1.014,1,-1,0.577,-1,1,-0.736,1.452,-1
1,1,0,1.432,-0.08714,1,-0.173,0.523,-0.81779,0.94817,0.736,0.95473,-0.41382,0.88486,-0.347,0.87937,-0.23433,0.81051,-0.912,0.12245,-1,0.90284,0.11053,0.64,-0.78547,0.333,-0.82868,0.48136,-0.86583,0.346,-0.724,0.32984,-0.623,-0.14,-1
0,0,0,-1,-1,0.0,0.0,-1,1,1.162,-0.37500,0,0,0,0.0,0.0,0,0.556,-1.055,-1,-1,1,-1,0.0,0,1.324,-1,-1,1,-1.126,-1,0.0,0,-1,1.173
1,1,0,0.758,0.08380,1,0.179,1,-0.13308,0.921,0.838,1,0.47904,1,0.635,1,0.499,1,0.82777,1.063,0.95099,0.533,1,1.411,1,1.216,1,0.83899,1,0.622,1,0.64358,0.957,0.52479,1
0,0,0,-1.165,-1,1,1.324,1,-1.196,-0.975,1,1,-0.831,-0.654,-1,0,0,1,1,-1,-1,0.629,-1,0.674,-1,1.4,1,1.094,-1,1.146,-1,-1,1,1,-0.632
1,0.551,0,1,-0.14236,1,-0.16256,1,-0.199,1,-0.069,1,-0.25010,1,-0.35,1,-0.21975,1.052,-0.446,1,-0.367,1.026,-0.435,1,-0.59661,0.535,-0.47643,1.286,-0.49687,1,-0.75820,1,-0.487,1,-0.84437
0,1,0,1.254,-1.188,1,0.973,1,-0.969,1,-1,1,-0.948,0.932,-0.022,1,-1,1,1.287,1.22,-0.594,0.857,1,1,-1,0,0,1,1,1,-0.913,1,1,1,1
1,1,0.0,1.277,-0.14639,0.93408,-0.164,0.92100,-0.122,0.88307,-0.17036,0.88462,-0.31809,0.85269,-0.319,0.82116,-0.199,0.80681,-0.33632,0.75243,-0.329,0.41,-0.446,0.66150,-0.50085,0.61297,-0.48086,0.56804,-0.631,0.50179,-0.358,0.666,-0.57377,0.42189,-0.58086
0,1,0.0,0.71253,-0.02595,0.41287,-0.23067,1.318,-0.09473,0.663,-0.10236,0.653,-0.107,0.778,1,1.243,-1,0.77,-0.263,0.715,-0.28257,-0.149,0.92730,0.51933,0.05456,0.65493,-0.20392,0.93124,-0.41307,0.63811,-0.21901,0.86136,-0.48,-0.23186,-1
1,1,0.0,1,-0.216,0.72314,0.27686,0.83443,-0.58388,1,-0.28207,1.029,-0.49863,0.79962,-0.12527,0.76837,0.14638,0.732,0.319,1.453,0.26590,0.96354,-0.01891,1.288,-0.91338,0.932,0.111,0.567,-0.129,1.115,-0.11129,1,0.53372,1,-0.57758
0,0.563,0,0.66161,-0.542,1.081,1,1,-0.67321,0.808,-0.40446,1.044,-0.728,1,-0.89375,1,0.655,0.17589,0.70982,0.537,0.78036,1,0.85268,1,-1,1.037,0.646,1,-0.08571,0.95982,-0.36250,0.757,0.845,1,0.34732
1,1,0.0,1,0.00433,0.619,-0.014,0.665,-0.02960,0.871,-0.036,0.97839,-0.06256,1,-0.055,1.057,-0.088,0.92561,-0.13665,1.009,-0.14327,0.99589,-0.14248,0.94815,-0.13565,0.89469,-0.117,0.89067,-0.17909,1.164,-0.18552,0.83777,-0.20101,0.83867,-0.20766
0,0.0,0,1.263,1,1,-1.139,0,0,0,0.0,-0.695,-1,0.0,0,0,0.0,-1,1,1,1,-0.829,1,-1,1,1,-1,1.166,0.508,-1,0.98,1.418,1,0,0
1,1,0,0.528,0.04347,0.999,0.02280,0.94705,0.05345,0.688,0.01321,0.91911,0.043,1.034,0.12067,0.92048,0.06211,0.77,0.12722,0.433,0.14439,0.80983,0.099,0.77041,0.14222,0.75755,0.107,0.73550,0.076,0.66387,0.102,0.70925,0.10754,0.845,0.11447
0,1.475,0,1,0.02461,0.99672,0.054,0.518,0.07143,0.902,-1,0.91036,0.11147,0.88462,0.53640,0.82077,0.14137,0.569,0.15189,1,0.317,0.964,0.164,0.60138,0.16516,0.419,0.16390,0.48867,0.16019,0.43481,0.15436,0.24,0.135,0.841,1
1,1,0.0,1.347,0.06538,1,0.20746,1,0.26281,0.93051,0.325,0.86773,0.348,0.598,0.50082,0.425,0.52321,0.65954,0.60756,0.735,0.608,0.47807,0.67135,0.40553,0.68840,0.34384,0.72082,0.413,0.72386,0.165,0.359,0.082,0.72688,0.06990,0.71444
0,1,0,-1,-0.802,1,1.18,0.534,-0.14375,0,0,-1,1,1.014,1,0.254,-0.852,-1,-1,0.088,-1.108,1,-1.17,-1,1,-1.115,-1,1,-1,-1,-1.349,1,1,0.0,0
1,1,0,0.90932,0.06,0.883,0.16888,1,0.16598,0.55187,0.849,0.566,0.36719,0.16286,0.265,0.816,0.46086,0.51067,0.49618,0.266,0.12967,0.271,0.54462,0.31274,0.55826,0.243,0.56527,0.163,0.56605,0.12635,0.56101,0.091,0.55061,0.119,0.67739
0,1,0,-0.64286,-1,1,0.82857,1,-1,1,-0.23393,1,1.367,1.44,-0.417,1,-1.118,0.606,0.13839,1,-1,0.582,-0.03393,-0.61,1,0.398,0.85714,0.726,1,1.284,-0.761,1,-1,0.995,-1
1,1,0,0.99025,-0.05785,0.575,-0.13009,0.98663,-0.19430,0.99374,-0.235,0.92738,-0.30130,0.92651,-0.37965,0.89812,-0.43796,0.499,-0.52064,0.679,-0.57075,0.79016,-0.59839,0.499,-0.64615,0.95,-0.68479,0.65247,-1.002,0.638,-0.921,0.436,-0.927,0.49195,-1.161
0,0,0.0,0.0,0,0,0,0,0,1.242,1.121,1,1.0,0,0,0,0.0,-0.37500,-1,-0.673,-1,0,0.0,0.0,0.0,-0.876,-1,-1,-1,-1,1,1,0,0.0,0
1,1,0,1,-0.03730,0.811,-0.07383,0.99601,-0.11039,0.99838,-0.121,0.849,-0.177,0.743,-0.29,0.95288,-0.254,0.91236,-0.34400,0.90581,-0.455,0.644,-0.34691,0.87874,-0.238,0.86213,-0.42990,0.83172,-0.37,0.81433,-0.42593,0.77919,-0.47977,1.089,-0.50152
0,1,0.0,0.94598,-0.02685,-0.651,0.17,-0.36393,0.283,0.69258,-0.63427,0.657,-0.03353,-0.29020,-0.004,-0.54852,0.15452,0.91921,-0.46270,1,-0.50424,-0.29735,-0.366,-0.73864,0.37361,0.589,-0.46734,0.52208,-0.469,0.608,-0.558,-0.09634,0.20477,-0.061,0.41913
1,1,0,0.688,0.00874,0.98103,-0.046,0.807,-0.05699,0.95947,-0.06971,0.99004,-0.04507,0.94713,-0.156,0.93369,-0.149,0.94217,-0.11583,0.79682,-0.223,0.88274,-0.17387,0.86257,-0.18739,0.918,-0.188,0.81813,-0.21136,0.78546,-0.266,0.76911,-0.128,0.949,-0.138
0,1,0,0,0,1,0.43,0.0,0.0,0.10991,-1.177,0,0,0.0,0.0,-1,-0.22414,-0.55711,-0.83297,0.76940,0.63147,0,0.0,0.681,0.35668,-0.888,0.558,1,-1.365,-1,0.824,0,0,0,0
1,1,0,0.84134,-0.18362,0.419,0.02919,0.93421,-0.00267,0.93,0.13795,0.81121,-0.022,0.88559,0.54991,0.91714,-0.57486,0.496,-0.29520,0.813,-0.20104,0.557,1.33,0.46610,-0.16290,0.965,-0.02,0.47,-0.01158,0.552,-0.32298,0.84463,-0.25706,0.93323,-0.02
0,0.0,0.0,1,1,1,-1,0.0,0.0,0,0,1.169,1,1,1,-0.626,-1.469,1.378,-1,-1.359,1,0,0,1,-1,1,-1,1,0.787,-1,-1,0,0,0.0,0.0
1,1,0,1,1.354,1,1,0.91010,0.776,-0.26970,1,-0.903,1.451,-1.332,0.783,-1,0.746,-1.395,-0.714,-1,-0.42052,-1,-0.657,-0.52838,-1,0.90014,-1,1,-1,1,-1,0.777,-0.34686,0.73,0.34845
0,1,0,-0.88,-1,-1,1,1,0.63317,0.032,-1.473,-1,-1.396,0.907,1.419,0.88683,-0.666,-1.01,1,0.83840,1.144,0.511,-1.372,-1,-1,-0.18856,1,0.968,-1,-1,-1,-1,1,1,0.33611
1,1,0,0.961,0.057,0.97487,-0.05667,0.97165,-0.08484,0.96097,-0.06561,1.089,0.009,0.525,-0.16795,0.94612,-0.19497,0.529,-0.32268,0.90343,-0.198,0.61,-0.27316,0.90140,-0.29807,1.287,-0.40747,1.235,-0.34586,0.92059,-0.379,0.83951,-0.24,0.82166,-0.41173
0,1,0,0.057,-0.258,-1,1,-1,1.016,0.915,0.491,-0.82143,-0.62723,-1,-1,-1,1,-0.028,0.886,-0.42113,-0.412,-1.077,-1,-1,-0.256,-1,0.23810,1,-1,-1,-0.476,-0.593,-1,-1,0.61458
1,0.503,0.0,1,-0.02259,1.457,-0.04494,1,-0.06682,0.62,-0.08799,0.541,0.56173,1,-0.116,1,-0.14522,1,0.32407,0.509,-0.17639,0.99484,-0.205,0.95601,-0.289,1,-0.92284,0.87280,-0.21793,0.863,-0.172,0.78479,-0.117,0.73992,-0.22981
0,0,0.0,-1,1,1.426,-0.766,-1,0.644,0,0.0,1,1,-1,-0.18750,1,1.341,-1,-1,1,-1,-0.682,-1,1.126,1,0.601,-1.228,1,1,1.351,1,0,0,-1,-0.763
1,1.208,0,1,0.05812,0.523,0.07418,1.03,0.13231,1.208,-0.01911,1.14,0.07033,0.95713,0.14644,0.94862,0.11224,0.90896,0.20119,0.991,0.16265,0.85,0.14258,0.90784,0.205,0.91667,0.152,0.603,0.23571,0.88568,0.22511,0.601,0.341,0.83574,0.31166
0,1,0,0.17188,-1,-1,1,0.0,0.0,0,0.0,-1,0.62,0,0,-0.61354,-0.578,0.80521,0.233,0.51979,0.14375,0,0.0,-1.284,-0.27083,-0.927,0.895,1,1,-1,0.822,0,0,0,0.0
1,1,0,0.823,0.09771,0.677,0.081,1.106,0.22574,0.98602,0.09237,0.94930,0.19211,0.92992,0.24288,0.89241,0.326,0.488,0.26721,0.451,0.33129,0.83393,0.408,0.74829,0.39597,0.76193,0.466,0.68452,0.323,0.805,0.361,0.56791,0.47033,0.54252,0.50903
0,1,0,0.012,-0.35625,0,0,0,0.0,0.0,0,0.0,0.0,0,0,0.169,-0.55000,0.22813,0.82813,0.938,-0.42292,0,0,0.08333,-0.55,-0.10625,-0.16667,1.347,-0.76667,-1,0.107,0.0,0,1,-0.275
1,1,0.0,1,0.172,0.99352,0.153,0.94616,0.33347,0.91759,0.22610,0.737,0.37107,0.84250,0.46899,0.81011,0.49225,0.78473,0.48311,0.775,0.56977,0.56553,0.58071,0.55586,0.64720,0.248,0.55,0.625,0.88,0.35684,0.706,0.33921,0.769,0.22101,0.563
0,1,0.0,0.63816,1,0.20833,-0.894,1.245,1,0.87719,0.30921,-0.66886,1,-0.048,0.58772,0.019,0.05044,-0.51535,-1,0.14254,-0.03289,0.32675,-0.43860,-1,1,0.437,-1.467,1,-0.059,0.72,1.007,0.255,-1,0.509,1
1,1,0.0,1,-0.559,1,0.76131,0.87060,0.18593,1,-0.09925,0.93844,0.47990,0.691,-0.16080,1,0.005,0.97613,-0.597,0.80025,-0.278,1.088,-0.19095,1,-0.12312,1.247,0.151,0.92890,-0.105,1,-0.27387,0.415,0.27,0.51382,-0.05402
0,0.693,0.0,0.84783,0.10598,1,0.297,0.663,-1,0.882,0.08424,1,0.27038,1,0.60598,1,0.35507,1,0.037,0.58424,-0.273,1,0.63496,1.11,0.26585,0.91033,-0.229,1,0.236,0.37681,-0.021,1.377,0.22464,1,0.37409
1,1,0,0.936,0.28046,0.931,0.02477,0.852,0.091,0.515,0.04317,0.98762,0.33266,1,0.05489,1,0.04384,0.95750,-0.24598,0.435,-0.082,0.758,0.04150,0.99933,0.27376,1,-0.294,0.96414,-0.02174,0.932,0.23360,1.169,-0.122,0.80355,-0.07329
0,0,0.0,1,-1.134,0.898,-1,1,-1,1,-1,0.867,1,1,1,0.924,-1.139,1,1,0.655,1,0.619,1.273,1,-0.589,1.237,-1,1,-1,1,0.65625,0,0,1.067,-1
1,1,0,1.16,0.607,0.81309,0.725,0.43019,0.673,0.20619,0.80541,-0.43872,1.279,-0.79135,0.77092,-1,0.423,-0.39046,-0.644,-0.97907,-0.42822,-0.73083,-0.76339,-0.331,-1.091,0.41366,-0.755,0.41778,-0.93296,0.25773,-1,0.93570,-0.461,1.409,0.03446
0,1,0.0,1.418,1,1.247,-1,0.642,-1,0.966,0.783,1,1,1,1,1,-1.204,1,0.893,1,1.105,1,1,1,1,1,0.649,1,0.5,0.0,0,1,-1,1.321,-1
1,1,0,1,0.038,1.161,0.255,1.195,0.26968,1,0.299,1,0.28778,1,0.465,0.829,0.31674,1,0.399,1,0.53846,1,0.61267,1,0.59457,0.89593,0.68326,0.633,0.509,0.85611,0.473,0.74389,0.85611,0.783,0.75837
0,0.0,0.0,0.722,-1,1,1,-1.078,-1.219,0.521,-1,0,0,0,0,-1.064,1,1,-1,1,-0.819,-0.75000,1,1,-1,0.776,-1,1,-1.127,-1,-1,0.0,0.0,1,-1
1,0.822,0.0,0.96087,0.08620,1.118,0.19279,0.96026,0.27451,0.858,0.35052,1.384,0.46281,0.788,0.285,1.202,0.58794,0.73242,0.69065,0.69003,0.73140,0.547,0.743,0.498,0.76197,0.40615,0.74689,0.333,0.83796,0.24944,0.86061,0.13756,0.86835,0.09048,0.86285
0,1,0,0.525,0.297,0,0,-0.32937,0.69841,0,0,0,0,0,0,0.20635,-0.24206,0.191,0.19444,0.46429,0.78175,0.0,0.0,0,0,0.796,0.27381,0.76190,0.549,0,0.0,0.0,0.0,0.0,0.0
1,1,0,0.74,0.047,1,0.10827,1,0.19498,1,0.28453,1,0.34826,1.377,0.38261,0.94575,0.577,0.859,0.693,0.75906,0.832,0.80644,0.735,0.79578,0.854,0.66643,0.937,0.59417,0.69435,0.453,0.72684,0.47027,0.918,0.33381,0.75243
0,0.0,0.0,1.278,1,0,0.0,1,-0.832,1,-1,1,1,1,1,0.636,-1,1,1,0.81,1.292,1.226,-1,-1,-1.298,1,-1,1,-1,1,1.079,0,0.0,1,-1
1,1.039,0,1,0.041,0.826,0.064,1,0.133,1,0.303,1.367,0.30889,0.654,0.37639,0.91118,0.38,0.81939,0.46059,0.78619,0.46994,0.79400,0.56282,0.661,0.58129,0.67077,0.59723,0.58903,0.499,0.53952,0.686,0.45312,0.63636,0.40442,0.62658
0,0,0,1,1,1,-1.098,1,1.101,1,1,0.736,1.412,1,1,1,1,1,-1,-1.401,0.558,-1.435,1.014,-1,1,0.577,-1,1,1,-1.452,1.048,-0.59,-1,-1,1
1,1,0,1.432,0.24168,1.205,0.487,1.466,0.72973,1.027,1.048,1,1,1,1,1,0.656,1,0.602,1.094,0.676,0.74468,1,0.89647,1,0.64628,1,0.38255,1,0.10819,0.604,-0.17370,1,-0.657,1
0,0,0,1,1,0.955,-1,1,0.556,-1,1.324,0,0.0,1,1,0.0,0,0,0.0,-1,1,-1.055,1.141,1,1.2,1,-1.374,1,1.173,1,1.162,1,-1,-1,1
1,1,0,1,-0.06604,0.705,0.62937,1,0.127,1,0.216,1,-0.758,1,-0.40559,1,-0.17,0.957,0.04895,1,-0.61538,1,-0.26573,1.299,-1,0.533,-0.835,1.028,-0.81372,1,-1,0.832,-0.737,1,-0.48252
0,0,0.0,1.165,-1,1,1.146,1,0.629,1,1,1,0.831,1,-1,0.674,-1,0.632,1,1,-1,1,1,0.975,1,1.4,-1.324,1,1,1,-1,1,1,1.196,-1.094
1,1.302,0,0.92277,0.082,0.511,0.188,0.89702,0.24618,0.84111,0.35197,0.966,0.42196,0.70716,0.46983,0.947,0.302,0.389,0.659,0.51247,0.64924,0.336,0.66975,0.272,0.623,0.23693,0.76146,0.18765,0.73885,0.09694,0.71038,0.02735,0.77072,-0.04023,0.69509
0,1,0,0.68198,-0.17314,0.82332,0.21908,0.46643,0.32862,0.25795,0.58304,1.154,-0.15194,0.01,0.44523,0.01060,0.333,0.234,0.41168,0.10567,0.36353,0.04325,0.30745,-0.001,0.24936,-0.035,0.25,-0.042,0.14481,-0.057,0.123,-0.04585,0.07064,-0.037,0.045
1,1,0,1.059,-0.019,0.972,-0.05178,0.80621,0.029,0.85947,0.036,0.63462,0.08728,0.71598,0.07840,0.73077,0.036,0.907,-0.27811,0.65976,-0.009,0.78698,0.052,0.34615,-0.18639,0.65385,0.02811,0.61009,-0.063,0.297,-0.21154,0.353,-0.14053,0.56361,0.02959
0,1.485,0,0.527,-0.093,0.97464,0.04328,1,1,0.35821,0.084,0.54478,0.13060,0.61567,-0.894,0.57836,0.444,0.625,-0.10448,0.46642,-0.11567,0.642,0.14792,0.83209,0.303,0.271,0.16418,0.437,0.193,0.32463,-0.02612,0.39118,0.13521,0.34411,0.12755
1,1,0.0,0.67547,0.066,0.76981,-0.102,0.77358,0.039,0.616,-0.04528,0.366,0.01132,0.66792,-0.13962,0.72075,-0.025,0.624,0.08679,0.61887,-0.07925,0.75849,-0.23774,0.73962,-0.14717,0.84906,-0.15094,0.73886,-0.081,0.66792,0.025,1.172,0.03774,0.536,0.00755
0,1,0,0.72727,-0.05000,0.932,0.031,1,0.72727,0.66364,-0.061,0.481,-0.127,0.619,0.103,0.32,1,0.50455,0.159,0.66818,0.10000,1,-0.30000,0.535,-1,0.57273,0.32727,0.56982,0.14673,0.42273,0.08182,0.48927,0.19,0.537,1
1,1,0,0.57647,-0.01569,0.40392,0.0,0.418,0.109,0.40000,-0.065,0.56471,0.14118,0.46667,0.08235,0.269,-0.075,0.359,0.01,0.50196,0,0.45882,0.058,0.622,0.046,0.49804,0.00392,0.48601,0.10039,0.46275,0.08235,0.45098,0.23529,0.515,0.17255
0,0.695,0,0.41932,0.12482,0.35000,0.12500,0.293,0.397,-0.03636,0.368,0.04517,0.358,-0.19091,0.383,-0.13350,0.278,0.032,0.396,-0.34773,0.12727,-0.20028,0.05078,-0.18636,0.36364,-0.169,-0.04802,-0.09971,-0.07114,-1.391,-1,-0.02916,-0.038,-0.00526,-0.06314
1,1,0,0.511,-0.21996,1,0.36373,0.82403,0.19206,0.85086,0.05901,0.517,-0.029,0.85193,0.184,0.77897,0.25322,0.462,0.57940,0.71030,0.39056,0.379,0.27575,1,0.389,0.56760,0.451,0.662,0.443,1.047,0.621,0.43026,0.70923,0.52361,0.54185
0,0.77,0,0.84557,-0.086,-0.31745,-0.80553,-0.075,-0.56435,0.80648,0.04576,1.31,-0.006,-0.18494,0.63966,-0.20019,-0.68065,0.85701,-0.088,0.414,-0.099,-0.06959,0.749,-0.34128,0.80934,0.78932,-0.03718,0.70882,-0.25288,0.77884,-0.158,-0.312,-0.78170,-0.17,-0.59867
1,1,0.0,0.684,-0.24783,0.64348,0.04348,0.45217,0.38261,0.65217,0.093,0.358,0.26957,0.57826,-0.23043,0.50435,0.337,0.38696,-0.42609,0.36087,-0.26087,0.144,0.093,0.537,-0.03845,0.422,-0.12174,0.49930,-0.04264,0.721,-0.038,0.64348,-0.33,0.50435,0.14783
0,1,0,-0.54180,0.149,-0.33746,0.73375,0.52012,-0.13932,0.356,-0.069,0.245,-0.205,0.47368,0.08978,0.48,-0.15480,0.182,0.363,0.33746,0.027,0.50464,0.07121,-0.63777,-0.61610,1,0.351,0.41348,-0.40116,-0.15170,0.158,0.02399,0.653,0.52632,-0.08978
1,1,0,0.29202,0.13582,0.45331,0.147,0.418,-0.00509,0.443,0.13,0.52462,-0.16638,0.47368,-0.04754,0.55518,0.04,0.81664,-0.22411,0.42445,-0.056,0.34975,0.065,0.191,-0.20883,0.51731,-0.04,0.50369,-0.024,0.34635,0.096,1.003,-0.01868,0.39559,-0.03226
0,1,0.0,0.79157,0.16851,0,0.0,0.329,0.076,0.39468,1.44,0.38359,0.99557,-0.031,0.385,0.144,0.12860,-0.038,0.95122,-0.50998,0.84922,-0.10200,0.38803,-0.315,0.23725,-0.91574,0.80710,-0.34146,0.88248,-1,0.528,-0.726,0.12860,0,0
1,1,0.0,0.90116,0.231,0.79299,0.457,1.018,0.50515,0.59784,0.843,0.44303,0.542,0.19,0.87493,0.06438,0.85038,-0.12611,0.794,-0.28739,0.79617,-0.487,0.65924,-0.57135,0.737,-0.68159,0.235,-0.71844,0.25835,-0.72369,0.11218,-0.71475,-0.032,-0.67699,-0.19904
1,0.745,0,0.97714,0.136,0.82683,0.46259,0.718,0.58732,0.552,1.153,0.39,1.038,0.10289,0.93945,-0.173,0.746,-0.32020,0.91624,-0.52145,0.79525,-0.68274,0.379,-0.77408,0.33537,-0.748,0.17849,-0.561,-0.01358,-0.82366,-0.19321,-0.67289,-0.33662,-0.59943,-0.49700
0,1,0.0,-1,-1,0.0,0,0.50814,-0.78502,0.60586,0.32899,-0.769,-0.41368,0,0.0,0,0,1.215,-0.387,0.36482,-0.643,1.297,-1,-1,-1,1,-0.59609,-1,-1,-0.811,-1.284,1,-0.859,0.0,0
1,1,0.0,0.74084,0.04974,0.79074,0.02543,0.78575,0.03793,0.66230,0.116,0.412,0.31152,0.753,0.07348,0.74695,0.067,0.70681,-0.07853,0.418,0,0.637,0.11355,0.68183,0.12185,0.436,0.101,0.64158,0.11,0.689,0.17539,0.59759,0.14697,0.457,0.15114
0,1.166,0,1,-0.957,0,0,0.77941,-0.99265,0.80882,0.55147,-0.232,-1.141,0,0,0.0,0.0,0.72059,-0.77206,0.939,-0.60294,0.0,0,0.18382,-1,-1.16,-1,-1.037,-1,1.114,-0.577,1,-1,0,0
1,1,0,0.559,0.018,0.96215,-0.03142,0.983,-0.038,1,-0.05071,1.0,-0.07092,1.263,-0.09002,1.358,-0.15727,1,-0.178,0.98310,-0.11813,1,-0.18519,1.177,-0.19272,0.98971,-0.22083,0.801,-0.20243,1.292,-0.17123,0.96436,-0.22561,0.848,-0.23296
0,0,0,0,0,0,0.0,0,0,0,0,0.0,0,0.0,0.0,0,0.0,0,0.0,0.0,0,0,0,0.0,0,0,0,1,-1.072,0.0,0.0,0,0.0,0,0
1,1,0,1.119,-0.12095,0.396,-0.077,1.267,-0.18242,0.97026,0.114,1.351,-0.01124,0.83543,-0.341,0.735,-0.355,0.99273,-0.21216,0.98678,-0.21018,1,-0.27165,0.93126,-0.536,1,-0.19233,0.88793,-0.31565,0.81428,-0.23728,1.206,-0.251,0.69531,-0.41573
0,1,0,0.28409,-0.31818,0.0,0,0.68182,-1,0.316,0.95833,0.64394,0.06439,0.273,-1.049,0,0.0,0.59091,-0.35985,0.45076,-0.589,0.0,0.0,0,0.0,0.24242,0.17803,1.354,-0.23864,0.06061,-0.48485,0.126,-0.70076,0,0.0
1,1,0.0,0.94490,-0.49311,1.295,-0.052,1.404,-0.87052,0.90083,0.66942,1,-0.052,0.666,-0.12493,0.968,-0.15017,1.144,-0.17681,1,-0.302,1,-0.23452,1,-0.26571,1,-0.271,1,-0.33304,1,-0.36931,1.372,-0.40740,1,-0.452
0,1,0.0,0,0,0,0,0,0.0,0,0,0.62195,0.667,0,0,0,0,0.36585,-0.442,0.56098,-1,0.0,0,0.0,0.0,0.0,0.0,1.005,0.10976,0,0.0,0,0,0.0,0
1,1,0,0.99449,0.007,0.84082,-0.067,0.88237,-0.16431,1.43,-0.06257,0.655,-0.07496,0.85221,0.02966,0.87161,-0.20848,0.93881,-0.12977,0.98298,-0.08935,0.491,0.001,0.86,-0.05882,1.143,-0.253,0.87579,-0.267,0.94294,-0.16581,0.835,-0.263,0.76586,-0.27794
0,1,0,0.10135,0.10811,0,0.0,0.0,0,0.42,0.82432,0.158,1.041,0,0,0.0,0.0,0.37162,-1,0.359,-1,0.0,0,0,0,-0.42568,-1,1,-1,0.55405,-0.23649,0.0,0.0,0.0,0
1,1,0.0,1,-0.57224,0.99150,-0.73371,0.89518,-0.97450,1,-0.244,1,-0.314,0.62890,-0.86402,1.465,-0.57535,1.228,-1.135,0.494,-0.682,0.96601,-1,0.70120,-0.74896,0.61946,-0.586,0.721,-0.77986,0.487,-1,1.155,-1,0.30445,-0.76112
0,1,0.0,0.65909,-0.62879,0,0.0,0,0,0.929,0.554,1,-0.28030,0.0,0,0,0.0,0.422,-0.234,0.84091,-1,1,-1,0,0,0,0.0,1,-0.963,-0.12879,-1.166,0,0,0.0,0
1,1,0.0,0.86284,0.19310,0.869,0.41149,0.67203,0.55785,0.507,0.69962,0.36705,0.81533,0.215,0.531,-0.052,0.86284,-0.17241,0.75785,-0.34100,0.812,-0.48199,0.56092,-0.60230,0.40996,-0.62,0.25747,-0.923,0.08818,-0.489,-0.07816,-0.447,-0.19923,-0.276,-0.31954
0,1,0.0,0.284,-0.61000,0,0,1,-1,0.485,1,0.43000,0.64000,0,0,0,0.0,0.67000,-0.29000,0.84000,-1.149,0,0,0,0,0.14,0.68000,1.106,0.296,0.0,0.0,0.0,0,0.0,0
1,1,0,1,0.132,0.91404,0.52013,0.78020,0.72144,0.47660,0.84222,0.204,0.832,0.057,0.485,-0.21980,0.91404,-0.317,0.75517,-0.707,0.64527,-0.64527,0.44614,-0.74102,0.273,-0.886,0.03591,-0.71731,-0.076,-0.64962,-0.284,-0.51251,-0.44505,-0.504,-0.53319
0,1,0,0.936,0.81586,-0.375,0.996,-0.39466,0.55735,0.062,0.354,-0.174,-0.083,-0.023,-0.114,0.01401,-0.03403,0.01108,-0.00537,0.003,0.00097,0.00048,0.00075,-0.0,0.00019,-0.00003,0.00002,-0.00001,0,0,0.0,0,0,0,0
1,1.007,0.0,0.21429,-0.09524,0.33333,0.07143,0.19048,0.205,0.23810,0.069,0.40476,0.02381,0.30952,-0.04762,0.30952,-0.04762,0.403,-0.11905,0.415,0.024,0.277,0.0,0.21429,-0.11905,0.35714,-0.04762,0.22109,-0.028,0.103,0,0.162,-0.02034,0.14694,-0.01877
0,1,0,1.417,-0.14754,1.056,0.04918,0.829,-0.01639,0.65574,0.01639,0.502,-0.03279,0.72131,0,0.68852,-0.16393,0.19672,-0.201,0.743,-0.231,0.67213,0.03279,1,-0.268,0.294,-0.425,0.52385,-0.271,0.32787,-0.03279,0.27869,-0.527,0.49180,-0.06557
1,1,0,0.98182,0.0,1.168,0.024,1.186,0.029,0.80000,0,0.69091,0.04545,0.79343,0.125,1.062,0.09579,0.62727,0.25455,0.68182,0.087,0.70674,0.12608,0.455,0.144,0.74545,0.22727,0.64581,0.137,0.466,0.02727,0.60715,0.16465,0.58840,0.17077
0,0.515,0,0.296,0.27,-0.921,0.11342,-0.142,-0.76378,0.66667,0.01190,0.456,0.40476,-0.67230,0.30729,-0.34797,-0.63668,0.46429,0.144,0.54762,0.045,-0.51830,0.44961,-0.47651,-0.47594,0.397,0.70238,0.51971,0.38848,0.57143,0.37,-0.514,-0.29915,0.273,-0.55837
1,0.589,0,0.86889,-0.044,1,-0.02494,0.924,-0.06889,0.999,0.00222,0.83556,-0.06444,1.273,-0.048,1,-0.20000,0.86889,0.05333,0.88000,-0.034,1,-0.11526,1,-0.199,0.458,0.031,1,-0.14162,0.82222,-0.166,1,-0.193,1,-0.44222
0,1.16,0,0.43636,-0.086,0.58182,-0.14545,0.18182,-0.67273,0.305,-0.038,0.29091,-0.05455,0.29091,0.22,0.36364,-0.41818,0.256,-0.01818,0.518,0.05455,0.12727,0.49091,0.809,0.146,0.359,0.183,0.41098,-0.07027,0.34545,-0.048,0.12727,-0.36364,0.29091,-0.29091
1,1,0,1,-1.311,1,0.75472,0.542,-0.068,0.62264,0,1,-0.00054,0.598,0.07547,0.62264,-0.05660,0.98878,-0.00085,0.51,0,0.52830,0.07547,0.745,-0.001,1,0.508,1.15,-0.002,0.94340,-0.649,1,0.631,0.43396,-0.11321
0,1,0,0.73810,0.83333,-0.76190,-0.23810,0.235,-0.14286,0.54,-0.14286,-0.67285,0.12808,0.33333,0,0.332,-0.07143,-0.46,0.424,0.17,0.028,0.45238,0.04762,0.16667,-0.365,-0.405,-0.11,0.24889,-0.51079,1.095,0,-0.66667,-0.04762,0.159,0.02381
1,1,0,0.43750,0.022,0.711,-0.124,0.39583,0,0.359,-0.06250,0.346,0,0.409,0.10417,0.576,0.03,0.358,-0.22917,0.35417,-0.328,0.33333,0.08333,0.25000,0.18750,0.39583,-0.18750,0.496,-0.10064,0.323,-0.08333,0.58333,-0.31250,0.33333,-0.06250
0,1,0,1,0.914,0,0.0,0.0,0,0.0,0,0.47744,-0.89098,-0.51504,0.45489,-0.95489,0.28571,0.747,1,0.0,0.0,0,0.0,0.62030,0.20301,-1,-0.875,1,-1,1,0.997,0,0,0.0,0.0
1,1,0,0.95217,0.06595,0.809,0.13030,0.90996,0.174,0.84881,-0.378,0.90023,0.78,0.451,0.34328,0.72254,0.261,0.66145,0.498,0.95472,0.59862,0.742,0.597,0.46773,0.34,0.40440,0.44199,0.34374,0.43221,0.90330,1.065,0.23405,0.39620,0.202,0.37191
0,1,0,0.59840,0.517,0.76,0.736,1.114,0.70709,0.84010,-0.106,0.97311,0.11,0.95824,-0.85727,0.91962,1.084,0.95452,-0.074,0.88673,0.18135,1.341,-0.515,0.86670,-0.85755,0.28604,-0.30063,1,0.17076,0.62958,0.587,1.181,0.81007,0.81979,0.68822
1,1,0,0.95882,0.10129,1.437,-0.021,0.98313,0.033,0.807,-0.09316,1.335,-0.035,0.97980,-0.04,1,-0.043,1,-0.05179,0.93840,0.011,0.97620,-0.06,0.97889,-0.05318,0.91567,-0.15675,0.95677,-0.06995,0.579,0.01307,1.226,-0.10797,0.93144,-0.06888
0,1,0,0,0,-0.238,0.704,0.0,0,0.647,-1,0.97078,0.31385,-0.361,-0.667,-0.30241,0.65565,0.94155,0.16391,0.0,0,0,0,-0.18043,-1.084,0.0,0.0,1,-1,0,0,0.043,0.61881,0,0.0
1,1.101,0,0.96933,0.009,1,0.009,0.98658,-0.00763,0.577,-0.04,1.409,-0.03510,1,-0.01271,1,-0.02581,1,-0.01175,0.568,0.0,1,-0.038,1,-0.04744,0.536,-0.04527,0.99188,-0.05,0.97020,-0.02478,1,-0.03855,1.032,-0.04112
0,1,0,0.0,0.0,0.98919,-0.22703,0.18919,-0.055,0,0.0,0.93243,0.07297,1,-0.20000,1,0.07027,1,-0.114,0.0,0.0,0.851,-0.231,1,-0.41622,0.0,0.0,0.676,-0.17568,0,0,1,-0.25946,0.28919,-0.15676
1,1,0.0,0.745,0.008,0.34146,-0.02439,0.52751,0.03466,0.19512,0.161,0.52,0.04755,0.302,0.04878,0.29268,0,0.36585,0.0,0.31707,0.077,0.26829,0.139,0.23698,0.05813,0.21951,0.09756,0.19304,0.063,0.166,0.05504,0.22,0,0.17073,0.07317
0,1,0.0,1,1.063,1.075,-1,0.0,0,0,0,0.705,0.758,1.439,-1,1,0.957,1,-0.939,0.0,0,0,0,1,-0.27778,0,0.0,1,-1.028,1,1,1,-1,0,0
1,1,0,0.34694,0.133,0.46939,0.24490,0.40816,0.20408,0.621,0.44898,0.206,0.59184,0.12245,0.347,0,0.51020,-0.06122,0.55102,-0.20408,0.772,-0.333,0.44898,-0.28571,0.319,-0.61224,0.142,-0.557,0.171,-0.59184,0.18367,-0.34694,0.0,-0.26531,-0.268
0,0.643,0,0,0,1,-0.551,0.0,0.0,0,0,1.156,1,1,-0.25342,1,0.23288,1,-1.302,0,0,0.0,0,1,1.026,0,0.0,1,-1.226,0,0,1,-0.535,0.0,0
1,1,0,0.89706,0.38235,0.91176,0.47,0.636,0.67647,0.45588,0.77941,0.233,0.88971,-0.028,1.022,-0.247,0.82353,-0.26,0.67647,-0.5,0.445,-0.712,0.38235,-0.86029,0.08824,-0.74265,-0.12500,-0.644,-0.24131,-0.55147,-0.42647,-0.429,-0.50735,-0.331,-0.56618
0,1,0,-1,0.324,0.123,0.15033,-0.75693,-0.70984,-0.213,0.71242,-1,1,-0.81699,0.33987,-1.145,-0.025,-0.98039,-0.482,-0.851,-0.403,-0.068,-0.497,0.94118,-0.94118,-1,-0.43137,0.74385,0.09176,-0.699,0.05229,0.186,0.02614,-0.40201,-0.48241
1,1,0,0.396,-0.055,0.53333,0,0.448,-0.13333,0.36667,0.103,0.56667,0.01667,0.71667,0.048,0.457,-0.06667,0.53333,0.20000,0.454,-0.011,0.31,0.20000,0.923,0,0.25000,0.13333,0.46214,0.05439,0.40000,0.03333,0.46667,0.031,0.613,-0.05000
0,1,0,-0.216,0.40000,-0.27303,0.12159,-0.17778,-0.04444,0.06192,-0.077,0.025,0.02575,-0.012,0.021,-0.022,-0.00166,-0.00093,-0.009,0.00470,-0.00153,0.001,0.00238,-0.00114,0.00102,-0.00069,-0.00050,0.00019,-0.0,0.00026,0.0,0,0.0,-0.0,0.00002
1,1,0,1,-0.338,0.64865,0.29730,0.472,-0.263,1.12,0.18919,0.757,-0.27027,0.51351,0,0.645,-0.05405,0.339,-0.21622,0.71833,-0.095,0.62162,0.05405,0.75676,0.13514,0.266,-0.29730,0.61031,-0.22163,0.329,-0.125,0.72973,-0.59459,0.51351,-0.243
0,1,0,0.94531,-0.03516,-1.105,-0.17,-1,-0.01563,0.82,0.01172,0.93359,-0.01953,-0.665,0.16406,-0.56,-0.004,1.305,-0.03516,0.92188,-0.02734,-0.614,0.102,-0.93359,0.472,0.95703,-0.00391,0.979,0.147,0.90234,-0.06641,-1,-0.18750,-1,-0.34375
1,1,0,0.95202,0.02254,0.93757,-0.01272,0.953,0.017,0.96705,-0.017,0.96936,0.00520,1.208,-0.03064,0.95260,-0.003,0.99480,-0.02659,0.506,0.021,0.93584,-0.04971,1.331,-0.02370,0.951,-0.04451,0.96215,-0.014,0.97399,0.022,0.95434,-0.041,0.95838,0.00809
0,1,0,0.735,-0.05529,1,-1,0.5,-0.11111,0.301,-0.22222,1,-0.25712,0.111,-0.057,1,-0.234,1,-0.38853,1.061,-0.42862,0,-0.25000,1,-0.50333,1,-0.263,1,-0.636,1.294,-0.27778,0.866,-0.365,0.57,-0.65935
1,1,0,0.165,-0.10345,0.356,-0.10345,0.20690,-0.06897,0.07405,-0.05431,0.03649,-0.03689,0.01707,-0.02383,0.00741,-0.014,0.00281,-0.009,0.00078,-0.00523,-0.00003,-0.002,-0.00028,-0.001,-0.00031,-0.00090,-0.00025,-0.0,-0.0,-0.0,-0.0,-0.0,-0.0,-0.00006
0,1,0,0.62745,-0.1,0.575,0,0.436,-0.067,0.335,-0.11765,1.024,-0.11765,0.66667,-0.185,0.64706,-0.09804,0.54902,-0.11765,0.54902,-0.217,0.58824,-0.19608,0.66667,-0.12,0.45098,-0.25490,0.52409,-0.24668,0.507,-0.411,0.43137,-0.21569,0.454,-0.27451
1,1,0,0.295,0.16667,0.467,0.26667,0.19036,0.23966,0.086,0.19939,0.01070,0.14922,-0.02367,0.145,-0.03685,0.06317,-0.042,0.028,-0.03230,0.01532,-0.025,0.00357,-0.023,-0.00273,-0.01097,-0.00539,-0.005,-0.00586,-0.003,-0.00520,-0.001,-0.002,0.00025,-0.00291
0,1,0,-0.65625,0.15625,0.06250,0.0,0,0.078,0.62500,0.06250,0.18750,0.0,-0.03125,0.076,0.06250,0.0,0.15625,-0.106,0.446,-0.37500,0,-0.133,0,0,0.027,-0.615,0.019,0,-0.71875,0.03125,-0.03125,0.0,0,0.09375
1,1,0,1,-0.01081,1,-0.02,1.422,-0.047,0.724,-0.01622,0.98919,-0.03243,1.106,0.08649,1,-0.06486,0.95135,0.09189,0.97838,-0.008,1,0.06486,0.582,0.032,0.97838,0.09189,0.598,0.016,1,-0.03243,1,0.027,1.107,-0.07027
0,1,0,0.85271,0.063,1,0.08069,1,1.395,0.91473,-0.00775,0.651,0.03876,1,0.27153,1.222,1,0.81395,0.049,1.242,0.068,1,0.50670,0.796,-1,0.80620,0.035,1,0.71613,0.487,0.06977,1,1.215,0.668,1
1,1,0.0,0.90374,-0.012,1,0.08021,1,0.01604,1.043,0.004,0.93583,-0.01604,1,0,1,0.06417,1.368,0.04813,0.681,0.04278,0.848,0.02139,1.229,-0.021,0.852,0.05348,0.96974,0.04452,0.87701,0.01070,1.0,0.09091,0.659,0.06417
0,1,0.0,-0.20500,0.384,0.23000,0.086,0.28250,0.257,0.457,0.35000,0.36285,-0.34617,0.09250,0.399,-0.09500,0.255,-0.08750,0.238,-0.34187,0.31408,-0.48000,-0.08000,0.29908,0.33176,-0.58000,-0.24000,0.32190,-0.366,-0.47000,0.117,-0.233,-0.24,0.40445,0.03050
1,0.992,0,0.60000,0.03333,0.63333,0.06667,0.70000,0.06667,0.70000,0,0.412,0.0,0.80000,0.0,0.73333,0,0.70000,0.10000,0.538,0.061,0.73333,-0.03333,0.76667,0.0,0.63333,0.14,0.65932,0.10168,0.477,0.13333,0.60000,0.11,0.576,0.194
0,1,0,0.05866,-0.00838,0.06704,0.00838,0,-0.013,0.006,-0.03911,0.02,-0.07542,-0.007,0.05307,0.06425,-0.03352,0.0,0.091,-0.06425,0.07542,-0.04749,0.02514,0.016,-0.00559,0.009,0.006,0.085,-0.006,0.03073,-0.002,0.04469,0,0.04749,-0.03352
1,1,0.0,0.94653,0.39,0.72554,0.792,0.47564,0.82455,0.01267,0.939,-0.31,0.84475,-0.47644,0.56079,-0.739,0.41743,-0.66455,0.092,-0.661,-0.19525,-0.293,-0.44000,-0.30851,-0.55089,-0.04119,-0.64792,0.16085,-0.56420,0.403,-0.41901,0.46059,-0.187,0.495,-0.05980
0,0.557,0,0.05460,0.01437,-0.027,0.04598,0.01437,0.04598,-0.07759,0.009,0.011,-0.06609,-0.03736,0.04310,-0.08333,-0.04598,-0.126,0.112,-0.04023,0.05172,0.02011,0.02299,-0.027,-0.01,0.03161,-0.008,0.00862,0.021,0.013,0.011,0.02586,0.01149,-0.04598,-0.00575
1,1,0,0.819,-0.007,1.048,0.01084,0.80000,0.00197,0.79015,0.01084,0.491,-0.00985,0.83350,0.03251,0.85123,0.023,0.936,-0.00788,0.79113,-0.023,1.047,0.045,0.74778,0.081,0.72611,-0.01478,0.78041,0.00612,0.544,-0.05025,0.82956,0.02956,0.79015,0.011
0,0.783,0,0.03,0.02568,0.003,0,0.01997,-0.01997,0.02140,-0.04993,-0.04850,-0.013,0.01427,-0.03,0.0,-0.03281,-0.058,-0.02853,-0.01712,0.03566,0.02140,0.006,0.05136,-0.025,0.037,0.01854,0.03994,0.01569,0.01997,0.00713,-0.02568,-0.014,-0.019,0.01997
1,1.372,0,0.427,0.335,0.42328,0.33598,0.25661,0.47619,0.012,0.566,-0.02116,0.53968,-0.34127,0.31217,-0.576,0.32540,-0.51587,0.06878,-0.255,-0.151,-0.14815,-0.14550,-0.143,-0.541,-0.23280,0.00265,0.03574,-0.31739,0.15873,-0.197,0.24868,-0.246,0.26720,0.04233
0,1,0,0.06,0.009,0.13959,-0.051,0.10526,-0.08238,0.084,-0.06178,0.128,-0.01144,0.12357,0.07780,0.14645,-0.13501,0.29062,-0.048,0.18993,0.07323,0.11670,0,0.11213,-0.001,0.093,-0.10297,0.08467,0.019,0.11213,-0.076,0.066,-0.07323,0.064,-0.06865
1,1,0,1.176,0.491,0.48263,0.64534,0.21572,0.77514,-0.55941,0.64899,-0.902,0.42048,-0.76051,0.0,-0.637,-0.31079,-0.393,-0.62157,-0.12797,-0.69287,0.296,-0.63620,0.71481,-0.37660,0.723,-0.05484,0.868,0.166,0.682,0.629,0.02742,0.54479,-0.21572,0.50457
0,0.541,0,0.01975,0.00705,0.04090,-0.012,0.02116,0.01128,0.01128,0.027,0.003,0.00141,0.021,-0.03103,-0.01975,0.06065,-0.04090,0.039,-0.02398,-0.002,0.04372,-0.02539,0.014,0,0,-0.014,0.01834,-0.01128,0.006,-0.008,-0.01693,-0.012,0.00705,0
1,0.766,0,0.85736,0.00075,0.528,-0.05676,0.77521,-0.04182,0.974,0.09037,0.86258,0.11949,1.29,-0.06124,0.471,0.047,0.83719,-0.06796,1.129,-0.14190,0.993,0.01195,0.90515,0.032,0.608,-0.01942,0.82383,-0.03678,0.88125,-0.079,0.73936,-0.013,0.79089,-0.09186
0,1,0,1,-1,1.251,0.679,-1,0.682,1,-1,1.031,-1,-1.154,-1,-1,1,1,1,1,1,-1,1.025,1.202,-1,1.208,-1,0.853,0.554,1,1,-1,1.208,-0.767,1
1,1,0,1.247,0.39252,0.38887,0.76432,0.095,0.98903,-0.42625,0.88744,-0.76229,0.322,-1.15,0.113,-0.85900,-0.34,-0.66030,-0.55262,-0.119,-0.86063,0.28444,-0.977,0.601,-0.287,0.77814,-0.199,0.921,0.21343,0.37830,0.58310,0.19667,0.66315,-0.11215,0.64933
0,1,0,1,1,1,0.422,0.337,-0.784,1,1.283,0.017,0.018,1,1,0.0,0.0,1,-1,1,1.149,1.106,0.666,0.42,1,1,1,1,1,1,1,-0.94375,1,0,0
1,1,0.0,0.633,0.54902,0.62745,1,0.01961,1,-0.49020,0.856,-1.109,0.593,-1,0.107,-0.96078,-0.33333,-0.366,-0.68627,-0.324,-0.474,0.35294,-1,0.74510,-0.72549,0.92157,-0.202,0.92874,0.21876,0.72549,0.711,0.23529,0.665,-0.11765,0.90196
0,0.807,0,0.0,0.0,-1,-1.273,-1,0.934,0,0.0,-1,0.514,1.19,1.15,1,-1,0,0,0,0,-1.025,-1,-1,1,1,0.313,1,-0.927,0,0,-1,-1,-1,1
1,1,0,0.652,0.44444,0.53695,1.124,-0.22222,1,-0.33333,0.88889,-0.509,0.33333,-1.007,-0.11111,-1,-0.22222,-0.635,-0.77778,0.55556,-0.817,-0.22222,-0.56,0.77778,-0.199,0.18,0,0.92120,0.45019,0.809,0.84353,0.24,1.245,-0.55556,1
0,0,0,0.0,0.0,0,0.0,0,0,0,0,0,0.0,0,0,0,0,0,0,0.0,0,0.0,0.0,0.0,0,0,0,1.133,0.0,0,0.0,0,0,0,0.0
1,1,0,1,0,1,0,0.5,0.622,0.52,0.0,0.58,0.12094,0.953,0.14210,0.86922,0.24,0.75000,0.25000,0.75000,0.5,0.75000,0.0,1.317,-0.344,0.455,0.50000,0.73944,0.363,0.75000,0.25000,0.69635,0.221,0.67493,0.30293
0,0.0,0,-1,1,1,0.515,0,0,1,-0.753,0.758,-1,1,-1,-1,-0.941,0.0,0.0,-1,-1.169,0,0,0,0,-1,-1,1.236,-1,0.515,1,-1,-0.852,0.0,0
1,1,0.0,0.619,0,1,0,0.66667,0.11111,0.924,-0.11111,0.88889,-0.1,1,-0.22222,0.458,0.0,0.882,0.0,1.067,-0.11111,0.77778,-0.11111,0.66667,-0.11111,0.66667,0.0,0.90347,-0.05352,1,0.096,0.582,-0.11111,1,0
0,0,0.0,0.0,0.0,0,0.0,0,0,0.0,0,0,0,-1,-1.119,0,0,1,0.75000,0,0.0,0,0.0,-1,1.426,0.0,0,1,-1.279,-1,-1,1.05,1,0,0
1,1.247,0.0,1,0.45455,1,-0.45455,1.454,0.09091,1,-0.058,1,0.0,1,-0.213,1,-0.18182,1,0.09091,1.418,0,1,-0.36364,0.966,0.09091,1,-0.109,0.893,-0.04914,1.105,0.6,1,-0.27273,1,-0.18182
0,0.829,0,0.62121,-0.63636,0.0,0.0,0,0,0.34470,0.28788,0.42803,0.39394,-0.07576,0.51894,0.507,0.191,-0.53788,0.232,0.12121,-0.176,0.01894,-0.53409,-0.57576,0.17803,0.208,-0.317,0.25758,-0.57576,0.43182,0.24242,0.129,-0.027,0.187,-0.41667
1,1,0,1.187,0.165,1,0.23529,1.431,0.337,1,0.042,1,0.23529,1,0.11765,1.442,0.507,1,-0.05882,0.776,-0.125,1,0.35294,1,0.41176,1,-0.11765,1,0.228,1.219,0.05882,1,0.35294,0.521,0.23529
0,0.997,0,0.0,0.0,-1,-0.62766,1.452,0.51064,0.07979,-0.23404,-1,-0.539,0.12766,-0.59043,1,-0.914,0.0,0.0,0.82979,-0.07979,-0.25000,1,0.17021,-0.91,0,0,-0.104,-0.46809,-0.241,-0.48936,0.767,0.90426,-0.67553,0.45745
1,1,0,0.91667,0.169,0.83333,-0.16667,0.70833,0.172,0.87500,-0.063,1.241,0.04167,0.755,0.12500,0.863,0,0.87500,0.04167,0.864,0.08333,0.66667,-0.08333,0.75000,0.127,0.83333,-0.159,0.909,0.059,1,0.20833,0.70833,0,0.987,0.04167
0,1,0.0,0.18590,-0.16667,0,0,0,0,0.0,0,0.0,0.0,0.11538,-0.19071,0.0,0,0,0,0.0,0,0.0,0,-0.071,-0.06571,0.07853,0.08974,0.159,-0.10897,0.12500,0.071,0.031,-0.04808,0.226,0.19551
1,1,0,1,-0.08183,1,-0.146,0.99246,-0.29802,1,-0.446,1.235,-0.34281,0.85788,-0.47265,0.91904,-0.401,0.592,-0.704,0.44,-0.63544,0.82450,-0.78316,0.374,-0.74785,0.67033,-0.96296,0.598,-0.85669,0.492,-1.205,0.24117,-0.62,0.29221,-0.89621
0,1,0,0.535,1.385,-1,1.084,-1,-0.82456,0.244,0.174,0.46053,0.07018,0.22807,0.05702,0.35088,0.34649,0.72807,-0.03947,0.22807,0.434,0,0.0,-0.29825,-0.169,0.957,-0.66667,1,-1,1,-0.24561,0.35088,0.227,0.835,0.074
1,0.736,0,1,0.24077,0.99815,0.00369,1.133,-0.432,0.89919,-0.23486,0.408,-0.24077,0.436,-0.30539,0.71492,-0.36078,0.47194,-0.61189,0.40473,-0.55059,0.61041,-0.39328,0.53176,-0.475,0.23966,-0.52142,0.29208,-0.533,0.12777,-0.218,0.172,-0.538,0.186,-0.653
0,0,0,-0.604,1,1,-1.466,0.0,0.0,0,0,1,-1,1,1.432,0.0,0.0,1,-1,0.0,0,0,0,1,1.205,-1,1,1,-1.027,-1,1.048,-1,-0.602,0,0
1,1,0.0,0.92247,-0.219,0.96419,-0.186,0.87024,-0.22602,0.81702,-0.27070,0.921,-0.28909,0.70302,-0.49639,0.63338,-0.712,0.37254,-0.807,0.358,-0.72109,0.40506,-0.54172,0.32,-0.59691,0.177,-0.63601,0.09312,-0.59589,-0.07162,-0.615,-0.022,-0.743,-0.07457,-0.47898
0,1,0.0,-1,-1,-0.485,1.439,1.063,-0.939,1,0.53819,0.0,0.0,0.23958,-1,1,0.705,0,0,0.758,1,1,0.533,0,0,-0.71528,1,0.33333,-1,1,-1.299,0.69792,-1,0.511,1
1,1,0,0.84177,0.43460,0.598,0.76160,0.062,1.071,-0.37764,0.88186,-0.72363,0.509,-0.614,0.19409,-0.86709,-0.25527,-0.62869,-0.65612,-0.352,-0.85654,0.103,-0.86498,0.347,-0.66878,0.82,-0.337,0.77937,0.07933,0.64135,0.42827,0.31435,0.609,-0.006,0.69409
0,1,0.0,1.302,1,0,0,0.842,-1,-1,-0.795,0.912,1,1,-0.643,0,0.0,0.535,-1,1,1,0.0,0.0,1,-1,-1,-1,1,0.551,-1,1,-1,1.156,0,0
1,1,0,1,0.63548,1,0.948,0.77123,1.188,-0.33333,1,-1.198,1,0,1,-0.973,1.254,-1.287,0.0,-1,-0.66667,-1,-0.92536,-1,-0.33333,-0.286,-0.969,0.179,-1.22,1,-0.694,0,-1,1,-0.66667
0,0,0.0,-1,1,-0.699,-1,0.0,0,-1,0.554,1,-1,-1,-0.692,-1,1,0,0,-1,-1,-1,1,0.0,0.0,0.743,-1,1.015,1,1,-1,0.945,0.581,0.0,0
1,1,0.0,0.653,0.06843,1,0.209,1,0.241,1,-0.12500,1,0.39495,1,0.48981,1,0.793,-0.37500,1,0.576,0.0,1,0.92001,1,1,0.549,0.665,1.319,0.98,1,0.25000,1,1,1.485,1
0,0.0,0,-1,-1.114,0,0.0,0.0,0,0.0,0.0,0,0,0,0.0,1,-1.453,0,0,-1,-1,0,0,0.567,1.029,1.391,-1,1,-1,0,0,0,0,0.0,0
1,1,0,0.64947,-0.082,0.63,-0.14380,-0.071,-0.21384,0.168,0.033,0.38096,-0.26339,0.302,-0.172,0.03459,-0.18947,0.20269,-0.29441,0.136,-0.376,0.09513,-0.31525,0.06556,-0.26795,0.03004,-0.251,-0.00046,-0.23210,-0.02612,-0.21129,-0.034,-0.18950,0.01336,-0.206
0,1,0,0.0,0,0,0,0,0,0.0,0,1,-0.33333,0.184,0.26042,0.0,0,0.0,0,0.0,0,-0.19792,-0.123,-0.16667,1.082,-1,0.5,0.021,0.75000,-0.246,-0.665,-0.12500,-0.27083,-0.271,-0.93750
1,1,0,1,0.062,0.99363,0.10123,0.96142,0.14756,0.95513,-0.309,0.66026,0.54701,0.796,0.25283,1.047,0.27380,0.761,0.28714,0.59615,0.29304,0.266,0.29200,0.45582,0.236,0.39023,0.189,0.323,0.25553,0.27381,0.328,0.22427,0.218,0.18086,0.241
0,0.866,0,1,-0.09524,-0.517,-1,-1,-0.57,1,0.31746,0.81349,0.56,-0.833,-0.668,-1,1.114,0.274,1,0.676,1.061,0.68839,-1.294,-1,-1,0.82937,0.36508,1,1,1,0.482,-1,-0.32540,-1,0.72831
1,1,0,0.587,-0.00190,0.60761,0.43204,0.92314,-0.40129,0.93123,0.16828,0.96197,0.09061,0.529,0.08172,0.91586,0.05097,0.626,-0.37,0.87379,-0.112,0.84871,0.26133,0.632,-0.03641,0.654,-0.038,0.87293,-0.023,1.454,0.09385,0.721,-0.10194,0.96,-0.14725
0,1,0.0,1.275,-1,1,1,1,0.891,1,-0.504,1,1,1,1,0.534,1,0,0,1,1,1.492,1,1,-1.347,0.717,1,0.508,0.62500,0.853,-0.724,-0.75000,1,1,1.31
1,1,0,1,0.23058,1,-0.669,1,-0.115,1,0.208,1.17,0.395,0.98120,-0.06861,1.115,0.06610,0.95802,-0.18954,0.83584,-0.084,0.97400,0.03728,0.99624,0.072,1,-0.013,1.135,-0.04597,0.91165,0.03885,1,-0.137,0.96523,-0.094
0,1,0,0.297,-0.981,-1,-1,-0.052,1,1,0.95041,0.74597,-0.277,-0.842,-0.777,-0.127,1,0.48684,0.46502,0.278,-0.27461,-0.14343,-0.20188,-0.11976,0.07,0.043,0.06639,0.03443,-0.01186,-0.005,-0.01672,-0.00761,0.001,0.00015,0.00325
1,1.44,0,0.79847,0.38265,0.598,-0.16964,0.606,-0.085,0.71,-0.07398,0.70217,0.20663,0.99745,0.02105,1.098,0.02487,0.582,-0.13074,0.95663,0.07717,1,0.00191,0.90306,0.395,0.995,-0.111,1,-0.00394,0.75638,0.112,0.726,-0.18750,1,-0.05740
0,0,0,0.0,0,0.0,0.0,0.0,0.0,0,0.0,0,0.0,1,1,1,1,0.576,-1,0.0,0,1,1,0.588,-1,1,1.391,1,0,1,1,1,-1,0,0.0
1,1.151,0.0,0.745,-0.28428,1,-0.254,0.94623,-0.35094,1,-0.30566,0.92736,-0.35,0.90818,-0.604,0.75723,-0.58899,0.617,-0.58019,0.59623,-0.57579,0.894,-0.70975,0.54465,-0.87327,0.49214,-0.73333,0.239,-0.76054,0.202,-0.78239,0.206,-0.73145,0.157,-0.70000
0,1,0,0.0,0,0,0.0,0,0,-0.85000,-1,0,0,1,-1,0.0,0.0,-1,-1,-1,-1.416,1,-1,-0.486,-0.858,1.45,0.715,-1,-0.154,0.859,-1.215,0,1,0,0
1,0.795,0,1,0.073,0.95455,-0.055,0.508,0,1,0.0,0.95455,0,0.909,0.04545,0.90909,-0.04545,0.795,0,1,0,1.004,0.09091,0.543,0.09091,0.90909,0.03,0.91541,0.019,0.947,0.09091,0.86364,-0.09091,0.86364,0.04545
0,0.0,0,0,0,-1.166,1,1,1,-1,-0.701,0,0,-1,-1,-1,-0.399,-1,-1.037,1.203,-1,1,-1,0,0.0,1.401,-0.957,-1,-1,0.0,0.0,1,-1,0,0.0
1,1,0.0,0.91176,-0.089,0.97059,0.17647,0.81,0.08824,0.91176,-0.02941,0.946,-0.17647,0.97059,0.14706,0.94118,0.02941,1,0,1,0,0.806,0.11765,1.099,0.02941,0.477,0.024,0.92663,0.02600,0.94118,-0.161,1.143,0.05882,1.161,0.065
0,1,0.0,-1.057,1.226,-0.96,0.15244,0.28354,0.723,-0.897,1,-1,-1,1,0.661,-1,-0.23476,0.265,-1,1,1,-0.31402,-1,-1,-1,1.396,-1,-1,-0.03578,1.33,-1,-0.557,-0.32317,0.14939,1.072
1,1,0.0,0.47368,-0.077,0.948,0.01756,0.83155,0.034,0.93,-0.05263,0.68421,0.0,1.077,0.05028,1.15,0.05756,0.84211,0.554,1,0.032,0.454,0.07631,0.70301,0.08141,0.42105,0.21053,0.65419,0.08968,0.52632,-0.21053,0.60150,0.09534,0.791,0.09719
0,1,0,-0.00641,-0.5,0.0,0.0,-0.01923,1,0,0.0,0,0.0,0,0.0,0,0,0,0.0,0.323,0.92949,-0.35256,0.74359,-0.34615,-0.589,0,0.0,-0.61538,-0.51282,0,0.0,0,0.0,0,0.0
1,1,0,1,0.45455,1,0.774,0.545,0.63636,1,-0.127,0.511,0,0.81818,-0.45455,0.63636,0.27273,1.473,-0.63636,1,-0.312,0.88,-0.45455,0.908,0.1,1,-0.09091,1,0.08867,1.01,0.33,1.372,0.63636,0.72727,0.27273
0,0,0,-1,-1,1,-1,-1,1.005,0.0,0,1.239,-1,1.288,-0.695,0,0,0,0.0,0.0,0,-0.531,0.685,1,-1,-0.614,1,1,1.15,0.0,0,1,0.5,0,0
1,0.679,0,0.45455,0.09091,0.63636,0.09091,0.347,0.186,0.63636,0,0.216,-0.09091,0.45455,-0.089,0.702,-0.01343,0.63636,-0.18182,0.681,0.0,0.445,-0.05,0.27273,0.18182,0.36364,-0.09091,0.34442,-0.01768,0.27273,0,0.36364,0.0,0.301,-0.01832
0,1,0,-1,-0.59677,0.0,0,-1.457,0.64516,-0.472,0.907,0,0.0,0,0.0,0,0,0.0,0.0,0,0,-1.084,-1,0.0,0.0,0.29839,0.23387,1,0.51613,0.0,0,0,0,0,0
1,1,0,1,0.204,1,0.805,0.644,0.71429,1,-0.209,0.85714,-0.14286,1.341,0.02534,1,0,0.327,-0.14286,1,0.03617,1,-0.28571,1.155,0,0.28571,-0.28571,1.351,0.04891,0.682,0.031,1.228,0.57143,0.766,0
0,0,0,1,1,1,-1,0.554,1.025,1,1,1,1.202,1,-1.154,0.682,0.853,1,-0.767,1,-1,1.031,1,1,1,0.679,-1,1,1,1.208,1,1,1.251,1,1.208
1,1,0,0.87032,0.46972,0.53945,0.899,0.10380,0.95275,-0.557,0.87916,-0.73939,0.541,-0.571,0.16731,-0.82417,-0.24942,-0.638,-0.663,-0.24012,-1.024,0.161,-0.78699,0.51557,-0.57430,0.841,-0.24843,0.69097,0.10484,0.34,0.39762,0.212,0.56573,-0.087,0.57552
0,0,0,1,-1,1,1.106,1,-0.677,1.283,0.571,0.666,-1.345,1,-1,1,-1,1,1,1.149,1,0.756,1,1,-1,1,0.823,1.286,1,1,0.784,1,0.539,1,-1
1,0.565,0,0.92657,0.025,0.89266,0.159,0.86098,0.19791,1.046,0.231,0.595,0.40198,0.76221,0.40552,0.66586,0.48360,0.60101,0.51752,0.53392,0.52180,0.48435,0.503,0.42546,0.306,0.459,0.55274,0.253,0.54214,0.22307,0.72,0.14312,0.49124,0.11573,0.422
0,0,0,1,1,1.025,-1,1,-1,1,0.701,0,0,1,-0.927,0,0,0,0.0,0.0,0,-1,1,1,0.514,0,0.0,1,0.715,0.0,0.0,-1,-1.273,0,0.0
1,1.467,0,0.93537,0.13645,0.675,0.314,0.462,0.38779,0.79039,0.664,0.72352,0.59942,0.65260,0.75000,0.50830,0.602,0.397,0.82742,0.276,0.85952,0.07,0.85615,0.00494,0.88869,-0.07361,0.79780,-0.188,0.78004,-0.33169,0.889,-0.38532,0.648,-0.47419,0.55835
0,0,0,1,-1,-1,1,-1,0.944,1,1,1.133,1,-1.192,-1.417,-1,-1.347,1.056,1,1,-0.589,-1,-1.236,-1,-1.361,1,0,0.907,-1.332,1,-1,-1,1,-1,1.446
1,1.482,0.0,0.80627,0.13069,0.73061,0.24323,0.64615,0.19038,0.395,0.45577,0.44793,0.46439,0.25000,0.57308,0.346,0.37115,0.15215,0.344,-0.129,0.57500,-0.032,0.326,-0.08856,0.44424,-0.14943,0.498,-0.138,0.482,-0.23832,0.29541,-0.26634,0.152,-0.23846,0.31154
0,0,0.0,1,-1,1,0.941,0.515,-1,1,0.936,1,-1,1,1,1,-1,1,-1,1,0.515,1,0.852,0.753,-1,1,-1.074,1.236,-1,1,0.931,1.169,-0.758,1,1
1,1,0,0.97467,0.13082,1.072,0.20036,0.948,0.32248,0.89009,0.32711,0.85550,0.45217,0.72298,0.483,0.69946,0.58820,0.58548,0.66893,0.48869,0.70398,0.384,0.68159,0.449,0.75622,0.145,0.942,0.151,0.463,0.085,0.498,-0.02962,0.77702,-0.067,0.74242
0,0,0,0.0,0,1,1,0,0,1,1.309,0,0,1,-1.098,0.0,0,0.0,0,0,0,0.0,0.0,0,0,0,0.0,0.673,-1,0,0.0,-0.879,1.426,0,0
1,1,0,0.92308,0.225,1.225,0.29757,0.466,0.36790,0.70588,0.56830,0.57449,0.62719,0.43270,0.74676,0.31705,0.67697,0.19128,0.76818,0.056,0.95,-0.117,0.926,-0.18479,0.71327,-0.29291,0.65708,-0.38798,0.773,-0.418,0.554,-0.53146,0.319,-0.56231,0.228
0,0,0.0,0,0,1,1.079,1.393,1,0,0,0,0,-1,-0.707,0,0,-1,-1,0,0,0.0,0.0,1.161,0.705,0,0,1,1.095,0,0.0,-1.194,1,0.0,0
1,1,0,0.88804,0.53,0.65926,0.69431,0.237,0.87892,-0.072,0.90135,-0.39597,0.80441,-0.64574,0.463,-0.541,0.26906,-0.883,-0.08205,-0.62780,-0.343,-0.465,-0.55605,-0.16449,-0.64338,0.131,-0.61055,0.30406,-0.376,0.636,-0.29838,0.47029,-0.09461,0.47,0.12556
0,0,0.0,1.103,-1,1,1,1,1,1.474,0.905,1.067,1,1,-1.337,0.861,1,1,1,1.123,-0.546,1,-1.291,1,-1,0.679,-1,1,1,1,-1,1,1,0.771,1
1,1.301,0,0.73523,-0.38293,0.80151,0.072,1.04,0.15266,0.55580,0.05252,0.699,0.21225,0.71947,0.28954,0.68798,0.391,0.735,0.17287,0.64333,-0.029,0.57399,0.42528,0.603,0.568,0.94530,0.57549,0.523,0.48200,0.12473,0.649,0.191,0.49721,0.30588,0.49831
0,0.0,0,0,0.0,0,0,0.0,0,0.0,0,0,0.0,0,0,0.0,0,0,0,0.0,0,0.0,0.0,0.0,0.0,0,0,1,1,0,0.0,0,0,0,0
1,1,0.0,0.94649,0.00892,0.959,-0.002,1.387,0.005,0.95801,0.01598,0.94054,0.03530,1.381,0.04719,1.236,0.01858,0.94277,0.053,1.253,-0.00706,0.97770,0.027,1.092,0.037,0.93274,0.08101,0.95243,0.04356,0.97473,0.00818,0.97845,0.07061,1,-0.00260
0,0,0,1.158,0.584,-0.92,-1.441,-1,-0.888,0,0,0.0,0.0,-1,-1.298,0,0.0,0,0,0,0.0,-1,1,0.591,1,0,0.0,1,-1,0,0,-1,-1,-1,-1
1,1,0,0.50466,-0.092,0.783,0.011,0.71063,0.02258,0.68065,0.01282,0.34615,0.05594,0.69050,0.04393,0.68101,0.05058,0.67023,0.049,0.63403,-0.04662,0.949,0.06856,0.835,0.07381,1.034,0.155,0.59935,0.08304,0.364,0.06760,0.635,0.09046,0.493,0.071
0,1,0.0,0.898,1.431,0.532,-0.76087,0.81773,0.04348,0.76087,0.10702,0.86789,0.835,0.70067,0.18227,0.75920,0.13712,0.567,-0.25084,0.70736,0.253,0.64883,0.24582,0.668,0.77425,1,-0.53846,0.777,0.22216,0.71070,0.581,0.671,-0.066,0.56522,0.23913
1,1,0,0.76296,-0.07778,1.167,-0.29630,0.729,-0.65,0.601,0.06111,0.45556,-0.42778,0.634,-0.12581,0.828,-0.714,0.49259,0.01,0.82222,-0.078,0.98215,-0.19938,1,0.22037,0.69630,-0.26481,0.92148,-0.326,1.182,0.02037,0.55,-0.27105,1,-0.57037
0,1,0.0,0.426,0.15564,0.41245,0.07393,0.321,0.24125,0.23346,0.107,0.19455,0.25292,0.24514,0.36965,0.08949,0.22957,-0.03891,0.287,0.05058,0.24903,0.18,0.122,0.103,0.29961,-0.022,0.201,-0.06024,0.26256,-0.14786,0.14786,-0.09339,0.232,-0.282,0.28794
1,1,0.0,0.747,-0.03175,1.063,-0.05357,0.352,-0.01190,0.52,0.03373,0.61706,0.09921,0.762,-0.02381,0.62698,0.01190,0.70833,0.03,0.60317,0.01587,0.298,-0.02778,0.59127,0.03770,0.5,0.03968,0.61291,-0.015,0.674,-0.13492,0.466,-0.01389,0.665,-0.03175
0,1,0,0.042,-0.099,-0.04433,0.05911,0.081,-0.02463,-0.021,0.251,0.06404,0,0.168,-0.09852,0.05,0.0,0.016,-0.029,-0.12808,-0.20690,0.06897,0.01478,0.072,0.02956,0.07882,0.16256,0.28079,-0.04926,-0.05911,-0.09360,0.052,0.05419,0.07389,-0.10837
1,0.504,0.0,0.61857,0.078,1.058,-0.06935,0.70358,0.025,0.74273,0.00224,0.71029,0.116,0.71588,-0.00224,0.79754,0.06600,0.83669,-0.134,0.68680,-0.09060,0.62528,-0.01342,0.60962,0.174,0.71253,-0.133,0.69845,-0.016,0.63311,0.04810,0.78859,-0.05145,0.342,-0.066
0,1,0,0.25316,0.35949,0,0,-0.29620,-1,0.0,0.0,0.096,-0.07342,0.0,0.0,0.0,0,0.0,0,0,0.0,0.00759,0.68101,-0.232,0.261,-0.10380,0.321,0.05570,-1,0,0,0.06329,-0.541,0,0
1,1,0.0,0.88103,-0.009,0.815,-0.02465,0.94105,-0.026,0.89175,-0.12755,0.433,-0.10932,0.683,0.01179,0.90782,-0.13719,0.87138,-0.041,0.90782,-0.02358,0.87996,-0.131,0.82851,-0.127,0.90139,-0.19507,0.88245,-0.14903,0.84352,-0.107,0.88424,-0.233,0.901,-0.16827
0,1,0,0.42708,-0.284,0.0,0.0,0.0,0.0,0.46458,0.51042,0.364,0.02083,0,0,0.0,0.0,0.16458,-0.45417,0.59167,-0.18333,0.0,0,0.0,0,0.98750,-0.40833,-0.754,-1,-0.27917,-0.75625,0,0.0,0,0
1,1,0.0,0.88853,0.014,0.797,0.008,0.92442,0.01359,0.89179,-0.131,0.90103,-0.08428,0.93040,-0.01033,0.93094,-0.08918,0.86025,-0.064,0.596,-0.04024,0.88418,-0.12126,0.88907,-0.11909,0.82980,-0.179,1.244,-0.11808,0.899,-0.112,0.83524,-0.163,0.86786,-0.12235
0,1,0.0,0,0.0,1,0.175,0.88444,-0.024,0,0,1,-0.478,1,0.19556,1,-0.05333,1,-0.81556,0,0.0,1.457,-0.04000,0.796,-0.27,0,0,1,-1,0.0,0.0,1,0.11778,0.749,-0.09556
1,1,0,0.938,0.03714,0.85143,-0.002,0.79000,0.00714,0.765,-0.04286,0.87571,0,1.003,-0.06714,0.86429,0.003,0.82857,-0.075,0.881,-0.11857,0.866,-0.08429,0.84286,-0.05000,0.77000,-0.066,0.81598,-0.067,0.82571,-0.145,0.767,-0.05000,0.82143,-0.15143
0,1,0.0,0,0.0,0,0,0.0,0,0,0.0,0,0,-1,1,1.127,0.55172,0,0,0.0,0.0,0.0,0.0,0,0,0,0,1,0.9,0,0.0,0,0,0.0,0
1,1,0,0.49870,0.025,0.43117,-0.05,0.50649,-0.04156,0.50130,0.09610,0.44675,0.05974,0.55844,-0.085,0.51688,-0.03636,0.52727,-0.05974,0.55325,-0.009,0.605,-0.018,0.49091,-0.007,0.59221,0.0,0.53215,-0.03280,0.543,0.023,0.54545,-0.04,0.854,-0.08571
0,0,0,0.0,0,0,0,0,0,0.0,0,0.0,0,0,0,0,0,0,0.0,0.0,0,0,0,0.0,0.0,0.0,0,1.14,-1,0,0,0.0,0,0.0,0.0
1,1,0,0.758,0.5,1.192,0.193,0.266,0.556,0.243,0.91180,-0.13336,0.80454,-0.34107,0.60793,-0.278,0.555,-0.43663,0.188,-0.36676,0.00678,-0.288,-0.09025,-0.156,-0.12964,-0.07782,-0.12744,-0.02089,-0.10242,0.01033,-0.07036,0.02224,-0.04142,0.027,-0.02017
0,0.74,0,0.0,0.0,0,0,1.02,1,-1,-1,0.0,0,0.656,-0.11111,0,0.0,0,0,-1,1,1,1.157,1,-0.562,0,0,1,-1,0,0,0.0,0,1.121,0.742
1,1.355,0,1.274,0.38027,0.64099,0.421,0.31347,0.797,-0.03933,0.90740,-0.283,0.79346,-0.70561,0.51560,-0.81049,0.22735,-0.773,-0.067,-0.67474,-0.347,-0.38334,-0.513,-0.13013,-0.70762,0.081,-0.66421,0.38544,-0.51568,0.52573,-0.29897,0.56239,-0.085,0.51460,0.215
0,1,0,0.0,0,0,0.0,0,0.0,-1,1,0,0.0,1,0.37333,-0.157,-0.13,0,0,-1,-1,0,0.0,1.427,-1,0.0,0,1,0.319,0,0,0,0.0,0.0,0
1,1.435,0.0,1.205,0.43491,0.59573,0.77655,0.19672,0.94537,-0.24103,0.92544,-0.62526,0.71257,-0.86443,0.33652,-0.871,-0.05338,-1.079,-0.528,-0.46950,-0.73285,-0.131,-0.82217,0.149,-0.77570,0.632,-0.55910,0.72147,-0.181,0.877,0.09599,0.58137,0.38915,0.295,0.57656
1,1,0,0.32834,0.02520,0.194,0.21278,0.14919,0.74003,-0.247,1.08,-0.125,0.19380,-0.61352,0.352,-0.94053,-0.05409,-0.13117,-0.122,-0.302,-0.44615,-0.085,-0.85597,0.024,-0.22786,0.281,-0.046,0.337,-0.11876,0.27657,-0.11409,0.15078,0.13296,0.12197,0.20468
1,1,0.0,0.717,0.39121,0.54040,1.019,0.162,0.89402,-0.397,0.83578,-0.70086,0.665,-0.86622,0.272,-0.84442,-0.24164,-0.32,-0.61894,-0.19354,-1.105,0.109,-0.89064,0.51109,-0.72454,0.962,-0.27734,0.83008,0.08718,0.66592,0.485,0.37542,0.70011,-0.03983,0.79444
1,1,0.0,0.62335,-0.038,0.59085,0.00481,0.60409,-0.07461,0.718,0.00963,0.711,-0.07461,0.454,0.051,0.475,-0.08424,0.367,0.09146,0.67148,0,0.58965,0.10108,0.50060,0.03129,0.65945,0.14079,0.672,0.02019,0.489,0.025,0.61733,-0.00963,0.317,-0.09146
1,1,0,0.74449,-0.02390,0.70772,0.043,0.485,0.16912,0.733,0.07721,0.81434,0.431,0.63787,0.00551,1.043,0.118,1,0.087,0.61029,0.058,0.67463,0.023,0.688,-0.25000,0.72978,-0.15809,0.61727,0.065,0.30882,0.08640,0.434,0.07458,0.60294,0.21691
1,1,0.0,0.61538,0.253,0.78157,0.01780,1.092,0.014,0.65077,-0.10308,0.77538,0.083,0.73961,0.049,0.949,0.05776,0.985,-0.082,0.45,0.16308,0.583,0.07573,0.63878,0.08041,0.833,-0.07231,0.58803,0.08767,0.55077,0.25692,0.53389,0.09207,0.50609,0.09322
1,1,0,0.716,0.05375,0.84803,0.001,0.93,0.002,0.526,0.057,0.806,0.04102,0.81892,0.006,0.711,0.00673,0.80622,-0.182,0.77935,-0.03536,0.76365,0.00909,1.052,0.012,0.79632,-0.04243,0.70824,0.01096,0.62235,0.11598,0.66624,0.01190,0.64407,0.01227
1,1,0,0.26,0,0.34,0.067,0.49130,0.069,0.446,-0.042,0.35652,-0.12609,0.45652,0.04783,0.50435,0.02609,0.244,0.228,0.42174,0.14783,0.42174,-0.03,0.32174,-0.112,0.266,-0.00870,0.41789,0.06908,0.38696,0.03913,0.35217,0.14783,0.384,0.17391
1,1,0.0,0.79830,0.115,0.497,0.20656,0.71628,0.291,0.69320,0.41252,0.65917,0.69,0.36,0.60814,0.49210,0.589,0.441,0.67861,0.29587,0.923,0.09599,0.68104,0.02066,0.72236,-0.08748,0.776,-0.11925,0.60696,-0.18226,0.732,-0.25516,0.51701,-0.258,0.42467
1,1,0,0.824,0.09802,1,0.169,0.944,0.33044,0.80365,0.53020,1.02,0.60297,0.56937,0.71942,0.55311,0.781,0.29452,0.82193,0.21137,0.79777,0.13,1.031,-0.01734,0.79870,-0.15144,0.419,-0.22839,0.835,-0.31713,0.60948,-0.518,0.54522,-0.621,0.646
1,1,0.0,0.89410,0.124,0.771,0.328,0.78896,0.43388,0.63388,0.59975,0.467,0.709,0.39699,0.76161,0.24266,0.79523,0.09134,0.79598,-0.09159,0.984,-0.163,0.913,-0.30263,0.62610,-0.40552,0.50489,-0.46215,0.533,-0.50314,0.389,-0.52823,0.19172,-0.463,0.05972
1,1,0.0,0.94631,0.17498,0.90946,0.363,1.142,0.49960,0.379,0.63842,0.59215,0.899,0.48698,1.176,0.30459,0.90665,0.17959,1.292,-0.004,0.93109,-0.18880,0.89383,-0.396,0.82492,-0.46534,0.76482,-0.412,0.66335,-0.96,0.52564,-0.712,0.42488,-0.81210,0.26092
1,1,0,1.362,0.127,0.985,0.322,0.72873,0.45747,0.60425,0.69865,0.644,0.74922,0.36100,0.996,0.175,0.83558,0.002,0.85210,-0.16390,0.77853,-0.35996,0.82,-0.43087,0.94,-0.53140,0.53886,-0.503,0.40972,-0.64511,0.27338,-0.505,0.13667,-0.64056,0.05394
1,1,0,0.839,0.176,0.63935,0.348,0.48409,0.52500,0.15000,0.22273,0.13753,0.59565,-0.098,0.277,0,0.48636,-0.27491,0.42014,-0.56136,0.36818,-0.218,0.18864,-0.593,0.105,-0.38483,-0.035,-0.257,-0.12486,-0.27540,-0.247,-0.19962,-0.197,-0.11894,-0.27218
1,1,0.0,0.465,-0.60927,0.85430,0.55298,0.81126,0.07285,0.56623,0.16225,0.32781,0.24172,0.272,0.12252,0.739,0.2,0.359,0.597,0.54305,0.13907,0.65232,0.291,0.452,0.07285,0.73,0.26653,0.661,0.27687,0.451,0.28574,0.43484,0.29324,0.40821,0.29942
1,1,0,1,0.11385,0.46,-0.151,0.81594,0.09677,0.589,0.01139,0.56167,-0.07780,0.69070,0.12524,0.58634,0.03985,0.797,-0.03416,0.69450,0.085,0.72676,0.07211,0.255,0.05882,0.743,0.379,0.49090,0.179,0.097,0.456,0.44141,0.239,0.56167,0.15180
1,1,0,0.869,0.064,1.084,-0.02299,0.77031,-0.03299,0.66725,-0.06620,0.786,-0.07666,0.542,-0.059,0.64260,-0.092,0.343,0.04530,0.71254,0.01394,0.55970,-0.08039,0.53430,-0.124,0.405,-0.22822,0.244,-0.09128,0.458,-0.08537,0.44277,-0.09621,0.42223,-0.09808
1,1,0,1.2,0.08013,0.96775,-0.00482,1.231,-0.008,0.87980,-0.027,1,0.015,0.96186,-0.014,0.851,-0.01671,0.98497,0.01002,0.91152,-0.08848,1.39,-0.02364,0.94636,-0.028,0.98164,0.02003,0.93772,-0.028,1,-0.05843,0.92774,-0.049,0.506,-0.03673
1,1,0,0.47938,-0.125,0.42784,-0.176,0.402,-0.39175,0.73196,0.075,0.26289,-0.21649,0.49485,0.15979,0.45361,-0.11856,0.497,0.06186,0.5,-0.391,0.54639,0.18557,0.42268,0.08247,0.401,0.19588,0.633,-0.1,0.15464,-0.368,0.555,0.04124,0.497,-0.51546
1,1,0.0,0.63510,-0.054,0.76530,0.02968,0.61432,0.234,0.927,-0.00462,0.64203,0.054,0.79446,-0.43418,0.477,0.54965,0.59584,0.116,0.63510,0.224,0.63279,-0.25404,0.70951,0.15359,0.64665,0.23095,0.407,0.17704,0.374,0.07621,0.66316,0.127,0.536,0.36721
1,1,0,0.50112,-0.03596,0.593,0.01348,0.691,0.012,0.579,0.021,0.417,-0.00449,0.618,-0.04719,0.66517,0.00899,0.436,0.029,0.64719,-0.055,0.56854,0.14157,0.408,-0.03596,0.46517,0.04944,0.784,0.00824,0.47640,-0.03596,0.54607,0.10562,0.60674,-0.08090
1,1,0.0,0.71521,-0.00647,0.66667,-0.04207,0.565,-0.05178,0.77994,0.08091,0.67314,0.121,0.64725,0.188,0.60194,-0.024,0.54369,-0.033,0.56,-0.10032,0.64725,0.164,0.39159,0.285,0.783,-0.05502,0.45105,0.00040,0.31392,-0.065,0.49191,-0.10680,0.30421,-0.034
1,1,0.0,0.582,0.10370,0.77037,0.042,0.65185,0.08148,0.60988,-0.007,0.79012,0.112,0.394,0.04938,0.62469,0.09630,0.78272,-0.17531,0.73827,-0.13,0.641,0.00988,0.60988,0.048,0.776,-0.12840,0.63773,-0.027,0.76543,0.02222,0.61235,-0.059,0.51358,-0.04691
1,1,0,0.60678,-0.02712,0.67119,0.036,0.52881,-0.026,0.50508,0.052,0.70508,-0.07797,0.617,-0.02034,0.679,0.07797,0.513,0.11864,0.341,-0.02373,0.466,0.00678,0.71525,-0.026,0.586,-0.031,0.734,0.00750,0.58644,-0.00339,0.58983,-0.02712,0.50169,0.06780
1,1,0.0,0.427,0.09709,0.29612,0.062,0.34951,0.0,0.57282,-0.024,0.526,0.036,0.426,0.04854,0.501,0.00485,0.47087,-0.10680,0.458,0.00485,0.34951,0.05825,0.18932,0.157,0.31068,-0.15049,0.36547,0.03815,0.39320,0.17476,0.26214,0,0.188,-0.01942
1,1,0,1.347,0.02187,0.93102,0.34100,0.83904,0.201,0.534,0.48906,0.73584,0.487,0.55076,0.60179,0.279,0.66237,0.31800,0.70443,0.246,0.43,0.07515,0.58,0.092,0.71284,-0.16489,0.923,-0.234,0.60510,-0.16209,0.55805,-0.34717,0.44195,-0.33483,0.483
1,1,0,1.095,0.15810,0.90112,0.35237,0.82039,0.48561,0.71760,0.955,0.58827,1.009,0.263,0.83156,0.25140,0.84804,0.04700,0.85475,-0.122,0.79749,-0.364,0.80754,-0.37835,0.71676,-0.633,0.647,-0.642,0.374,-0.61899,0.227,-0.65754,0.18345,-0.463,0.02968
1,1.337,0.0,0.99701,0.187,0.91966,0.47030,0.626,0.424,0.53312,0.78120,0.36774,0.88291,0.10107,1.228,-0.053,0.89274,-0.256,0.795,-0.43707,0.61688,-0.595,0.48120,-0.65000,0.35534,-0.64658,0.205,-0.66651,0.02277,-0.64872,-0.13462,-0.54615,-0.22949,-0.258,-0.35032
1,1,0,0.513,0.19959,0.96132,0.285,0.80514,0.56569,0.56687,0.70830,0.496,0.83230,0.221,0.89489,0.059,1.185,-0.24742,0.83939,-0.42811,0.75554,-0.50251,0.62563,-0.425,0.666,-0.68851,0.318,-1.003,0.15619,-0.896,-0.04399,-0.75199,-0.17921,-0.471,-0.34367
1,1,0,1.391,0.418,0.80486,0.52821,0.708,0.73151,0.34961,0.80511,0.08,0.90403,-0.187,0.89335,-0.39730,1.205,-0.713,0.62867,-0.76305,0.40368,-0.844,0.18888,-0.428,-0.055,-0.75273,-0.26883,-0.63237,-0.46438,-0.46422,-0.61446,-0.26389,-0.483,-0.08937,-0.66
1,1,0,0.666,0.499,0.763,0.62233,0.433,0.94353,-0.03643,0.429,-0.22838,0.654,-0.25137,0.676,-0.57377,0.28415,-0.345,0.10591,-0.47359,-0.078,-0.81056,-0.076,-0.33197,-0.47592,-0.12897,-0.53620,0.07158,-0.51925,0.341,-0.43478,0.332,-0.30057,0.42805,0.13297
1,1,0,0.29073,0.10025,0.23308,0.17293,0.043,0.34336,0.12030,0.335,0.06266,0.21303,-0.042,0.075,-0.036,0.082,-0.06328,0.04097,-0.05431,0.01408,-0.04166,-0.003,-0.02876,-0.01176,-0.01755,-0.009,-0.00886,-0.01475,-0.003,-0.016,0.001,-0.00948,0.004,-0.00647
1,1,0.0,0.58459,-0.399,1,0.35338,0.75376,-0.005,0.82519,0.147,0.50188,-0.27632,0.65977,0.06391,0.69737,0.216,0.72368,-0.321,0.76128,0.04511,0.574,0.20489,0.46,-0.40977,0.64850,-0.04699,0.56836,-0.101,0.52820,-0.13346,0.192,-0.134,0.593,-0.10309
1,1,0.0,0.83609,0.13215,0.943,0.06059,0.65829,0.08315,0.23888,0.12961,0.294,0.20330,0.49418,0.12686,0.389,0.13507,0.29352,0.033,0.48158,0.226,0.337,0.085,0.3,0.14638,0.293,0.14530,0.23641,0.193,0.26429,0.16137,0.114,0.13632,0.16655,0.13198
1,0.758,0,0.94080,0.11933,0.85738,0.007,0.85124,0.008,0.76966,-0.00278,0.84459,0.08,0.626,0.03027,0.82680,0.03506,0.74838,0.01943,0.80019,0.036,0.944,0.04901,0.664,0.05352,0.77336,0.03,0.79058,0.06235,1.126,0.09251,0.665,0.045,0.77269,0.07508
1,1,0.0,1.152,0.04326,0.79946,0.18297,0.739,0.29292,0.99,-0.08337,0.88598,-0.016,0.90446,-0.26724,0.89410,0.242,0.88644,-0.04642,0.84452,-0.00991,0.97882,-0.301,0.78954,-0.25101,0.86661,-0.09193,0.622,-0.02908,0.986,-0.029,1.135,0.176,0.88238,0.09193
1,1,0,1.059,0.02549,1.274,0.09792,0.75855,0.167,0.74313,-0.09188,0.649,0.026,1.07,-0.006,0.96110,0.12,0.91482,0.03756,0.71026,0.02683,0.81221,-0.046,1,0,0.71764,-0.01207,1.061,0.025,0.72435,-0.01073,0.564,0.11066,0.72837,0.02750
1,1,0,0.47337,0.19,0.041,-0.18343,0.62316,0.01006,0.451,-0.04438,0.56509,0.01775,0.44675,0.287,0.466,-0.03846,0.55621,0.178,0.41420,0.11538,0.492,0.039,0.51183,-0.10651,0.47929,-0.032,0.373,0.03259,0.53550,0.212,0.376,-0.14497,0.34615,-0.00296
1,1,0,0.59887,0.119,0.69868,-0.13936,0.85122,-0.13936,0.80979,0.02448,0.50471,0.02825,0.67420,-0.067,0.596,-0.13748,0.51412,-0.366,0.81544,-0.14313,0.70245,-0.006,0.33333,0.06215,0.56121,-0.174,0.61444,-0.235,0.52731,-0.01,0.516,-0.439,0.998,-0.158
1,1,0,0.84713,-0.03397,0.86412,-0.074,0.979,0.0,0.73673,-0.089,0.647,-0.12,0.74947,-0.11677,0.997,-0.234,0.78132,-0.115,0.709,-0.10191,0.79193,-0.15711,0.89384,-0.03397,0.84926,-0.202,0.74115,-0.279,0.66242,-0.22293,0.72611,-0.37792,0.65817,-0.24841
1,1,0,0.87772,-0.083,0.83424,0.07337,0.84783,0.04076,0.77174,-0.015,0.77174,-0.08,0.687,-0.056,0.67935,-0.00543,0.88043,-0.20924,1.047,0.029,0.848,-0.05978,0.748,-0.27989,0.88,-0.18750,0.83705,-0.10211,0.85870,-0.03261,0.713,-0.057,0.79076,-0.00543
1,1,0,0.608,-0.13241,0.362,0.16996,0.72727,0.09486,0.69565,-0.11067,0.814,-0.177,0.87945,-0.19170,0.73715,0.061,0.359,-0.00395,0.63636,-0.063,1.02,-0.25296,0.66403,-0.28656,1.002,-0.10474,0.388,-0.12041,0.371,-0.20949,0.37549,0.06917,0.577,-0.01383
1,1,0,0.46785,0.075,0.58980,0.00665,0.55432,0.06874,0.47894,-0.147,0.52993,0.01330,0.836,-0.16186,0.585,-0.029,0.405,-0.195,0.52993,-0.04656,0.47894,-0.248,0.65,-0.13525,0.41463,-0.20177,0.685,-0.068,0.59867,-0.024,0.53659,-0.11752,0.56319,-0.04435
1,1,0,0.88116,0.33,0.72125,0.471,0.61559,0.63662,0.38825,1.066,0.111,0.96128,-0.166,0.89200,-0.35737,0.77500,-0.883,0.62210,-0.78768,0.45535,-0.434,0.19095,-0.668,-0.08079,-0.535,-0.26356,-0.67557,-0.45511,-0.54732,-0.887,-0.30512,-0.964,-0.281,-0.75597
1,0.962,0,0.93147,0.29282,0.79917,0.55756,0.59952,0.807,0.26203,1.071,0.04636,0.96748,-0.23237,0.95130,-0.656,0.63,-0.691,0.87,-0.989,0.36200,-1.28,0.06040,-0.93618,-0.19838,-0.83192,-0.46906,-0.626,-0.69556,-0.41223,-0.85725,-0.13590,-0.889,0.131,-0.94823
1,1,0.0,0.88241,0.449,0.73232,0.663,0.34109,0.512,0.05717,1,-0.09238,0.92118,-0.62403,0.71996,-0.69767,0.32558,-0.918,0.41195,-1,-0.00775,-0.462,-0.41085,-0.76901,-0.327,-0.64,-0.755,-0.31610,-0.737,-0.016,-0.86841,0.25392,-0.82127,0.001,-0.81686
1,1,0,0.83479,0.198,0.69256,0.47702,0.49234,0.68381,0.21991,0.86761,-0.043,0.85011,-0.186,0.968,-0.52735,0.58425,-0.512,0.31291,-0.54,0.025,-0.71225,-0.211,-0.58315,-0.39168,-0.37199,-0.363,-0.245,-0.60863,0.075,-0.774,0.25164,-0.48468,0.40591,-0.35339
1,1,0,0.587,0.33164,0.76168,0.717,0.49305,0.84266,0.276,0.95193,-0.13956,0.96167,-0.601,0.83590,-0.875,0.436,-0.87474,0.36750,-0.91814,0.05595,-0.89824,-0.26173,-0.73969,-0.428,-0.402,-0.74735,-0.22323,-1.056,0.11,-0.994,0.198,-0.78057,0.59407,-0.60270
1,1,0.0,0.529,0.31456,0.505,0.57671,0.34962,1.019,0.17293,0.78947,-0.18976,0.79886,-0.41729,0.75,-0.68421,0.7,-0.566,0.19492,-0.402,-0.059,-0.659,-0.28195,-0.49165,-0.53463,-0.317,-0.66014,-0.01530,-0.69706,0.219,-0.64428,0.43100,-0.51206,0.64662,-0.30075
1,1.225,0,1.425,-0.02736,0.98058,-0.021,0.656,-0.08,0.98720,0.016,0.95278,-0.02604,0.98500,-0.07458,1.15,-0.07149,0.97396,-0.09532,0.97264,-0.12224,1.012,-0.039,0.95278,-0.05,0.97352,-0.117,0.715,-0.12912,0.93469,-0.14916,0.97132,-0.15755,0.96778,-0.18800
1,1,0.0,0.94052,-0.01531,0.897,0.01001,0.94994,-0.01472,1.299,-0.015,0.94641,-0.03710,0.895,-0.026,0.97055,-0.03887,0.95465,-0.053,0.95230,-0.04711,0.94229,-0.02179,0.92815,-0.036,0.92049,-0.027,0.92695,-0.053,0.473,-0.07479,0.618,-0.07244,0.92049,-0.07420
1,1.176,0.0,0.97032,-0.116,0.947,-0.00228,0.96575,-0.17123,0.98630,0.199,0.91781,0.00228,0.93607,-0.08447,0.91324,-0.00228,0.86758,-0.08676,0.97032,-0.233,0.962,0.10274,0.92009,-0.05251,1.32,0.09,0.94043,-0.09252,0.97032,-0.20091,1.124,-0.13,0.96575,-0.3
1,1,0.0,0.685,-0.03390,0.94915,0.08475,0.52542,-0.16949,0.369,-0.01695,0.695,-0.115,0.64407,0.28814,0.83051,-0.497,0.54237,0.02,0.527,0.03390,0.59322,0.345,0.86441,0.05085,0.40678,0.219,0.67287,-0.00266,0.66102,-0.03390,0.47,-0.15254,0.978,-0.10169
1,0.907,0,0.455,-0.251,0.44444,0.214,0.38889,0.16667,0.41667,0.104,0.5,-0.11111,0.54911,-0.08443,0.58333,0.33333,0.55556,0.02778,0.25000,-0.19444,0.47,-0.04,0.52778,-0.024,0.38889,0.08333,0.41543,-0.173,0.247,-0.139,0.432,-0.14809,0.08333,-0.5
1,0.989,0.0,0.51207,1,1.117,0.53810,0.885,0.80833,0.45622,0.46427,0.33081,1,0.275,1.314,-0.219,1,-0.33081,0.98722,-0.61382,1,-0.52674,0.71699,-1.057,0.401,-1,0.35175,-1,0.116,-1,-0.16713,-1,-0.42226,-0.789,-0.351
1,1,0,0.859,0.354,0.83550,0.54301,0.54916,0.548,0.35225,0.806,0.15,0.94749,-0.09818,0.93778,-0.194,0.82223,-0.501,0.402,-0.68358,0.67989,-0.70163,0.275,-0.597,0.02995,-0.98988,-0.29099,-0.70352,-0.32792,-0.63312,-0.19185,-0.34131,-0.329,-0.19609,-0.426
1,0.775,0.0,1.108,0.42904,0.72113,0.58385,0.45625,0.78115,0.16470,0.82732,-0.128,0.86947,-0.427,0.78497,-0.854,0.674,-0.78470,0.26529,-0.84014,0.021,-0.914,-0.31351,-0.318,-0.48905,-0.422,-0.67796,-0.05054,-0.573,0.14690,-0.45911,0.37093,-0.39167,0.48319,-0.24313
1,1,0.0,0.93658,0.309,0.75254,0.65640,0.45571,1.272,0.15323,0.95776,-0.21775,0.96301,-0.783,0.609,-1.033,0.58045,-0.93104,0.26020,-1.252,-0.035,-0.87028,-0.424,-0.65079,-0.67464,-0.36799,-0.84951,-0.042,-0.91221,0.265,-0.85762,0.54827,-0.981,0.74828,-0.44173
1,1,0,0.92436,0.36924,0.71976,0.68420,0.29303,0.543,-0.091,0.76527,-0.31605,0.92453,-0.66616,0.408,-0.92145,0.42314,-0.94315,0.09585,-1,0.034,-0.697,-0.583,-0.46010,-0.78174,-0.13486,-1.242,0.215,-0.531,0.619,-0.70247,0.69886,-0.674,0.839,-0.13194
1,1,0,1,0.142,1,-0.05558,1,0.01373,1,-0.12352,1.079,-0.01511,1,-0.01731,1.056,-0.06374,1.166,-0.07157,0.638,0.05900,1,-0.101,1,-0.02685,0.521,-0.22978,0.858,-0.065,1.168,0.08299,1,-0.08,0.685,-0.07439
1,1,0,0.95559,-0.002,0.86421,-0.133,0.94982,-0.006,0.859,-0.69,0.92441,0.098,1,-0.14247,0.99264,-0.031,0.95853,-0.15518,0.84013,0.61739,1.219,-0.16321,0.87492,-0.08495,1.121,-0.011,0.523,-0.01769,0.82427,-0.027,0.80634,-0.01957,0.78761,-0.02039
1,1,0,0.79378,0.379,0.773,0.52312,0.41319,0.91,0.14177,0.83548,-0.093,0.649,-0.42911,0.72328,-0.717,0.41471,-0.75436,0.161,-1.015,-0.143,-0.785,-0.23503,-0.40637,-0.38287,-0.184,-0.353,0.01523,-0.48707,0.19030,-0.38059,0.31008,-0.23199,0.34572,-0.08036
1,0.922,0,0.88085,0.367,0.976,0.617,0.34816,0.79784,0.05832,0.90842,-0.29784,1.18,-0.62635,0.69590,-0.77106,0.39309,-0.85803,0.08408,-0.657,-0.24017,-0.845,-0.645,-0.39766,-0.591,-0.11147,-0.75533,0.17041,-0.71504,0.406,-0.57649,0.502,-0.36765,0.405,-0.13305
1,1,0,0.89589,0.276,0.363,0.563,0.29521,0.90824,-0.04787,0.94415,-0.643,1.03,-0.851,0.701,-1.246,0.25133,-0.92282,-0.15315,-1.075,-0.48404,-0.482,-0.76197,-0.14895,-0.88591,0.21581,-0.85703,0.53229,-0.68593,0.74846,-0.209,1.15,-0.07029,0.76862,0.27926
1,1,0.0,0.698,-0.24051,1.484,-0.20253,0.792,-0.078,0.88608,0.01266,1,0.11392,0.92405,0.071,0.84810,-0.03797,0.63291,-0.36709,0.479,-0.01266,0.93671,0.06329,1.077,0.324,0.62025,-0.37975,0.84637,-0.05540,0.834,-0.06329,0.648,0.02532,0.83544,-0.036
1,1,0,0.466,0.00840,0.83312,0.024,0.82638,0.02469,0.86555,0.01681,0.838,0.05882,0.79093,0.04731,0.645,0.05407,0.64706,0.242,0.768,0.04202,0.541,0.091,0.68895,0.07577,0.66387,0.067,0.63728,0.049,0.61345,0.01681,0.636,0.096,0.55330,0.08891
1,1.344,0,0.85013,0.01809,0.92211,0.021,0.927,0.029,1.073,0.08010,0.87597,0.11370,0.91161,0.04320,0.90738,0.05018,0.472,0.02842,0.95866,0,0.89097,0.074,0.88430,0.07697,0.83721,0.086,0.849,0.125,0.87597,0.058,0.85198,0.10134,0.421,0.10698
1,1,0,1.266,-0.01179,1,-0.00343,1,-0.01565,1.406,-0.01565,0.794,-0.02809,1,-0.018,1.245,-0.043,0.5,-0.03238,0.99,-0.03452,1.5,-0.03881,1,-0.05039,1,-0.04931,0.64,-0.05527,0.99400,-0.041,0.99057,-0.066,0.98971,-0.06668
1,1,0,0.89505,-0.03,0.87525,0.05545,0.89505,0.01386,0.799,0.02772,0.91287,-0.008,0.94059,-0.01584,0.804,0.017,0.93663,0,0.82,0.01386,0.90495,0.00792,0.905,-0.024,0.89307,0.02376,0.912,0.01611,0.88119,0.003,0.87327,0.04158,1.167,0.034
1,1,0.0,0.90071,0.017,1,-0.026,0.90071,0.004,0.84752,0.068,1,0.03546,0.97872,0.01064,1.242,0.03546,1,-0.03191,0.839,-0.03191,0.924,0.07801,1,0.09220,0.929,0.04610,1.074,0.03247,0.655,0.02482,1,0.01064,1.323,0.02128
1,0.568,0,0.39394,-0.24242,0.733,0.01270,0.459,0.09091,0.63636,0.09091,0.21212,-0.21212,0.33,0.166,0.39394,0.0,0.56156,0.04561,0.51515,0.043,0.78788,0.18182,0.30303,-0.178,0.48526,0.05929,0.48,0.05,0.395,-0.03030,0.41856,0.06410,0.552,0.24242
1,1,0.0,0.86689,0.231,0.72014,0.66667,0.37201,0.83049,0.08646,0.875,-0.24118,0.86121,-0.64,0.67577,-0.452,0.41524,-0.77019,0.09898,-0.539,-0.13652,-0.293,-0.42207,-0.212,-0.57679,-0.02844,-0.629,0.093,-0.444,0.32309,-0.37088,0.46189,-0.19681,0.581,0.01820
1,1,0,0.89563,0.37917,0.67311,0.69438,0.274,0.88696,-0.04193,0.93345,-0.38875,0.643,-0.67274,0.62078,-0.517,0.30356,-0.86150,-0.038,-0.634,-0.34275,-0.51,-0.865,-0.202,-0.73855,0.06911,-0.867,0.33531,-0.463,0.52414,-0.494,0.61217,-0.168,0.60073,0.08660
1,0.964,0.0,0.90547,0.501,0.65354,0.74761,0.29921,0.695,-0.13342,0.97820,-0.52236,0.83263,-0.943,0.363,-1.207,0.15192,-0.93001,-0.25554,-0.71863,-0.59379,-0.496,-0.85205,-0.02,-0.93788,0.36318,-0.939,0.67538,-0.61959,0.85977,-0.205,1.324,0.09800,0.75495,0.46301
1,1,0,1,0.59,0.484,0.06158,0.155,0.92713,-0.27586,0.93596,-0.31527,0.463,-0.87192,0.36946,-0.92857,-0.103,-0.38916,-0.34236,-0.674,-0.82512,-0.05419,-0.93596,0.211,-0.20443,0.695,-0.45950,1.022,-0.06831,0.854,1,0.38670,0.00246,0.195,0.526
1,1,0,1,0.51515,0.58,0.33333,0.054,0.36364,-0.292,0.56,-0.484,0.68,-0.57576,0,-0.57576,-0.097,-0.33333,-0.48485,-0.09091,-0.743,0.48485,-0.57576,0.345,-0.42424,0.599,-0.39394,0.72961,0.12331,1.244,0.57576,0.24242,0.403,0.09091,0.33333
1,1,0.0,0.88110,0,0.94817,-0.02744,0.93598,-0.013,0.552,0.016,0.90244,0.019,1.402,0.00915,0.95732,0.004,1,0.02744,0.94207,-0.015,0.82,0.02439,0.91463,0.05488,0.99695,0.04878,0.89666,0.02226,0.90854,0.009,1,0.052,0.97561,-0.006
1,1,0,1.168,0.108,0.79078,-0.08156,0.90426,-0.013,0.602,0.006,1.034,0.08865,0.889,-0.00709,0.94326,0,0.93262,0.20213,0.748,-0.00709,0.794,0.00709,1.173,0.044,0.91135,0.15957,1.22,0.08165,0.77660,0.06738,0.92553,0.18085,0.92553,0
1,1,0,0.74468,0.10638,0.88706,0.011,0.578,0.011,1.284,-0.01418,0.73050,0.132,0.87657,0.04,1.212,0.03382,0.95745,0.07801,0.95035,0.035,0.85597,0.04743,0.84931,0.05178,0.643,0.127,0.83429,0.06,0.74468,-0.04,0.81710,0.06800,0.80774,0.07173
1,1,0,0.87578,0.03727,1.202,0.00343,0.89210,0.00510,0.969,0.0,1.227,0.057,0.87021,0.007,0.471,0.017,0.83851,-0.06211,0.946,0.027,0.84182,0.01603,0.83486,0.01749,0.685,-0.04348,0.82111,0.017,0.81988,0.08696,0.80757,0.02308,0.80088,0.02441
1,1.32,0.0,0.97513,0.009,0.98579,0.01954,1,0.01954,0.54,0.01599,0.95737,0.02309,0.97158,0.03552,1,0.03730,1.008,0.032,0.64,0.05684,0.97158,0.034,1.122,0.05506,0.98401,0.025,0.97540,0.077,0.94849,0.08171,0.99112,0.06217,1.252,0.09947
1,1,0.0,1,0.01105,0.526,0.01105,1,0.02320,0.99448,-0.021,0.99448,-0.00221,1.456,0.02320,1,0.00884,1.25,0.00773,0.907,0.012,0.669,0.00663,1.189,0.02099,1.009,-0.00663,0.98033,0.019,0.97901,0.01547,0.98564,0.02099,0.923,0.02762
1,1,0,0.869,-0.01342,1.42,0.01566,1.133,-0.002,1,0.08,0.97763,0.024,0.95973,0.02908,1,0.06488,1.239,0.03356,1,0.05,0.99776,0.09396,0.95749,0.038,1.403,0.10067,0.99989,0.08763,0.99105,0.077,1,0.075,1,0.10067
1,1,0,0.88420,0.36724,0.381,0.67382,0.39613,0.86399,0.02424,0.93182,-0.456,0.489,-0.629,0.848,-0.78658,0.38778,-0.83285,-0.00642,-0.848,-0.32963,-0.483,-0.53924,-0.27377,-0.605,0.00806,-0.69774,0.26028,-0.7,0.44569,-0.256,0.54209,-0.249,0.717,0.02823
1,1,0.0,1.326,0.41786,0.64131,0.75725,0.30440,1.069,-0.271,0.96534,-0.42,0.81191,-0.81857,0.50949,-0.96986,0.10345,-0.91456,-0.27,-0.70163,-0.65461,-0.176,-0.88999,0.05865,-0.94172,0.548,-0.742,0.706,-0.416,0.89415,-0.18725,0.87893,0.174,0.70555,0.54852
1,1,0.0,0.354,0.11042,0.15970,0.29308,0.14020,0.757,-0.279,1.317,-0.16503,0.26664,-0.63714,0.24865,-0.97650,-0.00337,-0.23227,-0.115,-0.345,-0.48886,-0.148,-0.89991,0.081,-0.28916,0.28307,-0.18560,0.39599,-0.11498,0.31005,0.076,0.21443,0.20540,0.081,0.345
1,1,0.0,0.986,0.43617,0.44681,0.562,0.05319,0.85106,-0.374,0.82139,-0.429,0.696,-0.84211,0.052,-0.82811,-0.28723,-0.47032,-0.544,-0.04759,-0.86002,0.23292,-0.76316,0.743,-0.52128,0.74300,-0.18645,0.39,0.23713,0.45185,0.505,0.17,0.76764,-0.18533,0.74356
1,0.705,0.0,0.19466,0.051,0.034,0.25191,-0.117,0.722,-0.18321,-0.18321,-0.304,0.06107,-0.45420,0.111,-0.16412,-0.404,-0.10305,-0.39695,0.18702,-0.131,0.34012,-0.11953,0.28626,-0.16031,0.21645,0.24692,0.03913,0.31092,-0.03,0.394,-0.16794,0.16794,-0.30153,-0.33588
1,1,0,0.98002,0.00075,1,0.0,0.67,-0.001,0.94721,0.02394,0.97700,0.021,1.153,0.04,0.99170,0.02338,1.219,0.061,1.206,0.05279,0.97738,0.05524,1.093,0.06241,0.94155,0.08107,1.367,0.045,0.95701,0.08088,0.98190,0.08126,0.97247,0.08616
1,0.989,0.0,1.124,-0.07572,0.80462,0.00231,0.87514,-0.014,0.86821,-0.049,0.72832,-0.114,0.84624,0.042,0.83121,-0.07399,0.74798,0.09,0.73,0.091,0.695,-0.02370,0.78844,-0.06012,0.74451,-0.02370,0.76717,-0.02731,0.74046,-0.07630,0.463,-0.04220,0.78439,0.01214
1,1,0.0,0.35346,-0.13768,0.69387,-0.02423,0.954,-0.03574,0.55717,-0.06119,0.61836,-0.075,0.62099,-0.098,0.438,-0.07289,0.626,-0.26409,0.58213,0.04992,0.49736,-0.08771,0.46241,-0.132,0.45008,-0.005,0.576,-0.09038,0.35588,-0.054,0.32232,-0.07,0.28943,-0.116
1,1,0,0.76046,0.01092,0.86335,0.002,0.464,0.00384,1.007,0.02304,0.81504,0.12068,0.993,0.00744,0.81815,0.00854,0.82777,-0.054,0.76531,0.03881,0.76979,0.013,0.75071,0.016,0.77138,-0.003,0.70886,0.012,0.79,0.00849,0.831,0.013,0.63887,0.01525
1,0.526,0.0,0.66667,-0.019,0.65,0.086,0.49590,0.50137,0.75683,-0.00273,0.65164,-0.14071,0.40164,-0.48907,0.356,0.58743,0.76776,0.313,0.78552,0.06,0.429,-0.44945,1,0.007,0.466,0.06967,0.68656,0.17088,0.731,0.07787,0.55328,0.24590,0.13934,0.48087
1,1,0,1.075,0.047,0.73739,-0.091,0.84349,-0.05567,0.90441,-0.04622,0.602,0.13130,0.81197,0.06723,0.79307,-0.08929,1,-0.02101,0.912,0.05,0.464,0.009,0.77521,0.098,0.95378,-0.04202,0.83479,0.001,1,0.12815,1.292,-0.131,0.90546,-0.04307
1,1,0,0.95113,0.00419,0.95183,-0.02723,1.223,-0.01920,0.94590,0.01606,1.225,0.03281,0.94171,0.077,0.702,-0.019,0.97173,0.00140,0.94834,0.06038,1.185,0.073,0.62,0.06,0.94520,0.01361,0.794,0.04925,0.93159,0.104,0.94066,-0.00035,0.91483,0.041
1,1,0.0,0.94701,-0.00034,0.93207,-0.038,0.95177,-0.03431,0.95584,0.02446,1.371,0.012,0.92595,0.052,1.358,-0.01461,0.94837,0.016,0.93784,0.01393,0.91406,0.086,0.89470,0.06148,0.93988,0.038,0.92489,0.037,0.92120,0.019,0.92459,0.002,0.92697,-0.00577
1,1,0,0.90608,-0.01657,1.135,-0.015,0.95691,-0.03646,0.85746,0.001,0.89724,-0.03315,0.968,-0.01436,1.19,-0.04530,0.861,-0.00884,0.776,-0.12928,0.88729,0.01215,0.92155,-0.026,1.263,-0.02099,0.89147,-0.108,0.798,-0.17238,0.96022,-0.03757,0.87403,-0.19
1,1,0,0.84710,0.13533,0.822,-0.06151,1.007,0.08260,0.88928,-0.09139,0.78735,0.06678,0.80668,-0.00351,0.693,-0.012,0.618,-0.04569,0.87170,-0.03515,0.81722,-0.09490,0.794,0.04,0.464,-0.103,0.81147,-0.04822,0.78207,-0.00703,0.443,-0.071,1.256,-0.06151
