1,1,0.0,0.889,-0.05889,0.85243,0.02306,0.572,-0.37708,1,0.02,0.62,-0.223,0.59755,-0.288,0.60536,-0.38223,1.16,-0.48,0.58212,-0.229,0.825,-0.29674,0.36946,-0.47357,0.388,-0.51171,0.41078,-0.46168,0.21266,-0.34090,0.42267,-0.54487,0.098,-0.45300
0,1,0.0,1.14,-0.18829,1.118,-0.36156,-0.153,-0.93597,1,-0.04549,0.50874,-0.428,0.273,-0.855,-0.66,-0.618,0.05499,-0.62237,0.33109,-1,-0.13151,-0.45300,-0.18056,-0.411,-0.20332,-0.177,-0.20468,-0.18401,-0.151,-0.11593,-0.16626,-0.08,-0.13738,-0.02447
1,1,0,1,-0.03365,1,0.00485,1,-0.12062,0.495,0.012,0.777,0.041,0.85443,0.00827,0.54591,0.00299,0.83775,-0.2,0.823,-0.124,0.70887,-0.27502,0.43385,-0.12062,0.57528,-0.305,0.665,-0.22145,0.621,-0.17365,0.721,-0.24180,0.628,-0.284
0,1,0.0,1,-0.45161,1.225,1,0.71216,-0.656,0,0.0,0,0.0,0.0,0,-1.05,0.107,0.54094,-0.39330,-1,-0.54467,-0.81,0.816,0,0,0.562,0.90695,0.51613,1,0.515,-0.20099,0.25682,1.02,-0.32382,1
1,1,0,1.368,-0.02401,1.023,0.06531,0.92106,-0.23255,1.111,-0.156,0.621,-0.20275,0.56409,-0.00712,0.34395,-0.253,0.52940,-0.132,0.45107,-0.17813,0.077,-0.532,0.02309,-0.52879,0.03286,-0.883,0.13290,-0.53206,0.02431,-0.645,-0.05707,-0.59573,-0.042,-0.344
0,1,0,0.02337,-0.005,-0.09924,-0.11949,-0.006,-0.14,0.14706,0.06637,0.021,-0.083,0,0.0,-0.04572,-0.222,-0.00343,-0.112,-0.11575,-0.05414,0.01838,0.03669,0.01519,0.009,0.03513,-0.022,-0.045,0.09223,-0.07859,0.00732,0,0.0,-0.001,0.12011
1,1,0,0.711,-0.10602,0.94601,-0.20800,0.933,-0.28350,0.78,-0.356,0.79766,-0.541,0.579,-0.507,1.071,-0.61436,0.57945,-0.68086,0.458,-1.007,0.272,-0.76562,0.31898,-0.79753,0.22792,-0.81634,0.13659,-0.82510,0.046,-1.048,-0.04262,-0.81318,-0.13832,-0.80975
0,0,0,0.0,0.0,0,0,0.872,-1,0,0,-1,-1,0.0,0,0.0,0,1.212,1,-1,-1,0,0.0,0.0,0,1.244,1.364,0.962,1,0,0,1,1,0.0,0.0
1,1,0.0,0.96355,-0.07198,0.517,-0.14333,1,-0.21313,0.565,-0.44,1.2,-0.43569,0.94510,-0.40668,0.90392,-0.46381,0.535,-0.35257,0.963,-0.66020,0.75346,-0.60589,0.69637,-0.809,0.809,-0.65440,0.57577,-0.69712,0.25435,-0.482,0.306,-0.554,0.435,-0.73420
0,0.546,0.0,-0.01864,-0.08459,0.0,0.0,0,0,0.11470,-0.385,-0.418,-0.38172,0,0,-0.33656,0.259,-0.422,0.15018,0.494,0.22115,0,0,0,0,-0.14803,-0.01326,0.202,-0.012,0,0,0.16595,0.24086,-0.091,0.493
1,1,0.0,1,0.06655,1,-0.18388,1,-0.27320,1,-0.488,0.97,-0.41349,0.96232,-0.51874,0.90711,-0.847,0.68,-0.66474,0.968,-0.70997,0.731,-0.76320,0.583,-0.588,0.787,-0.89128,0.47211,-0.86500,0.529,-0.453,0.30996,-1.313,0.22995,-0.89158
0,1,0,1.337,-0.793,1.265,-1.063,0.519,-1,1,0.36217,1,-0.336,1,1,1.103,-1.41,1,-0.29354,0.624,-0.54,0.88,1,1,1.049,1,-0.40888,1,-0.681,1,-1,1,-1,1,-1
1,1,0,1.079,-0.16316,0.858,-0.10169,0.99999,-0.15197,1.168,-0.19277,0.94055,-0.35151,0.95735,-0.29785,0.583,-0.179,0.94486,-0.247,0.952,-0.277,0.856,-0.47308,0.82987,-0.288,0.84080,-0.47137,0.76224,-0.554,0.65723,-0.68794,0.801,-0.64537,0.64727,-0.46
0,1,0.0,1.037,-0.86701,1.285,0.269,1.153,-0.39896,1,-0.12090,1.229,0.35147,1,0.07772,1,-0.14767,1,-1.452,1,-1,0.61831,0.15803,1.307,0.825,1,-0.17012,0.636,0.35924,1,-0.67,1.219,0.834,1,-0.18826
1,1,0.0,1,0.07380,1,0.05,0.922,-0.081,0.671,0.08764,1,0.19651,1,0.20328,1,0.12785,1,0.10561,1.335,0.15,1,0.44758,1,0.57,1,0.20033,1,0.5,0.788,0.48641,1,0.342,0.959,0.414
0,1,0,0.508,-0.737,1.407,0.26708,-0.03520,-1,1,-1,0.43685,-0.948,0,0,-1.309,-0.376,-0.326,0.03623,1,-1,0.0,0.0,0,0.0,-0.16253,0.92236,0.39752,0.342,0,0.0,1.383,0.23188,0,0
1,1,0,0.831,0.06468,1,-0.018,0.925,0.035,0.676,0.02312,0.99274,0.07808,0.89323,0.053,0.94212,0.05269,0.88809,0.11120,0.86104,0.08631,0.81633,0.11830,0.83668,0.14442,0.81329,0.163,1.067,0.163,0.964,0.197,0.423,0.15930,0.70941,0.066
0,0,0,0,0,-1.077,-0.768,1.094,0.907,-0.832,1,-1,1.438,1,-1.114,0.799,1,-1,-1,-1,1,1,-1.145,-0.698,1,-1,1,1.094,-1.251,-1,1,-1,-1.385,1,-1
1,1,0.0,0.702,0.035,0.66626,0.05031,0.57197,0.18761,0.08776,0.34081,0.63621,0.171,0.62099,0.14285,0.768,0.10976,0.443,0.18151,0.131,0.41224,0.789,0.21326,0.51420,0.22625,0.304,0.319,0.46167,0.162,0.217,0.25306,0.242,0.25792,1,0.33036
0,0,0.0,1.266,-0.789,0,0,0,0,1,0.502,1,-0.657,-0.71875,1,0.0,0,-1,1,1,1.007,-1,1.247,1,0.56250,-1,1.5,1.157,0.54,1,-1,1,0.794,1.394,1
1,1,0,1,-0.00612,1,-0.09834,1,-0.07649,1.319,-0.10605,0.641,-0.11073,1,-0.39489,1,-0.136,0.462,-0.31884,0.86473,-0.34534,0.91693,-0.44072,1.367,-0.659,0.829,-0.414,1.213,-0.34,0.75784,-0.381,0.80448,-0.414,0.74354,-0.387
0,0,0.0,1,1,0.0,0,0.0,0.0,-1,-1.345,0.0,0,0,0.0,-1,-0.887,-1,-1,-1,1.031,-1,1,0,0.0,0,0,1,-1,-1,0.875,-1.072,1,-1.139,1
1,1.036,0,1.375,0.099,1,0.04296,1.175,0.09313,0.90169,-0.029,0.72,0.02580,0.83250,-0.06142,0.87534,0.116,0.76544,0.00280,0.75206,-0.05295,0.792,-0.07905,0.368,-0.084,0.815,-0.084,0.586,-0.02205,0.49664,-0.01251,0.51310,-0.00015,0.52099,-0.00182
0,0,0.0,-1,1,0.0,0,0.0,0,-1.049,0.591,1,1,0.0,0,0.0,0.0,1.236,-1,-0.658,1,0.642,1,0,0,-1.17,-1,1,-1,1.019,1,-1,1,0,0
1,1,0,0.763,-0.06182,1,0.022,1,-0.036,0.761,-0.02,1,-0.11726,0.84493,-0.072,1.106,-0.057,0.671,-0.07379,0.65731,-0.20367,0.94910,-0.311,0.80852,-0.372,0.84932,-0.218,0.72529,-0.29174,0.73094,-0.38576,0.54356,-0.26284,0.64207,-0.34
0,1,0,1,0.57820,0.727,-1,1.249,-1,1.218,-1,1.193,-1.1,1.493,-1,0.659,-0.896,1,-1,0.964,-1,1,-0.751,1.096,-0.725,1,-1,1,-1,1,-1,1,-1,1.316,-1
1,1,0.0,1.064,-0.08714,1,-0.17263,0.86635,-0.675,0.94817,0.61053,1.259,-0.41382,0.88486,-0.31736,1.273,-0.155,0.81051,-0.62180,0.12245,-1,0.90284,0.136,0.62357,-0.78547,0.505,-0.82868,0.576,-1.105,0.40650,-1.044,0.32984,-0.544,-0.126,-1
0,0.0,0.0,-0.8,-0.504,0.0,0,-1,1.402,1,-0.37500,0.0,0,0,0.0,0,0,1.282,-1,-1,-1,1,-1,0.0,0,1,-1,-1,1,-1,-0.599,0,0.0,-1.073,1
1,1,0,1,0.082,1,0.17387,0.545,-0.13308,0.98172,0.395,1,0.432,1,0.59113,1,0.70758,1,0.82777,1.414,0.68,1,1,0.612,1.229,0.721,1.457,0.83899,1.271,0.74822,1,0.615,1,0.556,1
0,0,0,-1,-1,1.368,1.24,1,-1,-1,1,1,-0.998,-0.868,-1,0,0.0,1,1,-1,-1,0.723,-1,1.29,-1,0.737,1,0.571,-1,0.648,-1.324,-1.363,1.115,1,-1
1,1,0,1,-0.16,1,-0.16256,1,-0.305,0.546,-0.07514,1.389,-0.215,0.814,-0.26161,1,-0.21975,1,-0.569,1.118,-0.46162,0.905,-0.35519,1,-0.59661,1,-0.311,1.096,-0.49687,1,-0.75820,1,-0.616,1,-1.243
0,1,0,1.03,-1,1,1,1,-0.679,0.699,-0.649,1.067,-1,1,-0.02,1,-1,1.301,1,1.188,-1.144,1.135,1,1,-1.32,0,0,1,1,1,-0.79141,1,1.48,0.771,1
1,1,0,1.306,-0.108,0.93408,-0.11057,0.92100,-0.16450,0.88307,-0.17036,0.88462,-0.377,0.85269,-0.31463,0.82116,-0.35924,0.567,-0.33632,0.409,-0.57,0.70555,-0.441,0.986,-0.264,0.746,-0.608,0.56804,-0.54629,0.50179,-0.554,0.47075,-0.735,0.42189,-0.58086
0,1,0.0,0.71253,-0.02595,0.407,-0.23067,0.98019,-0.09473,1.13,-0.10236,1.42,-0.075,0.827,0.533,0.87,-1,0.82270,-0.17863,0.80760,-0.28257,-0.225,1.36,0.51933,0.05456,0.65493,-0.20392,0.93124,-0.213,0.63811,-0.21901,1.193,-0.87354,-0.23186,-1.253
1,1,0,1,-0.184,0.422,0.27686,0.83443,-0.58388,1,-0.28207,1,-0.283,0.79962,-0.12527,0.76837,0.14638,0.908,0.232,1,0.325,1.004,-0.027,1.179,-0.91338,0.92,0.14803,1,-0.11582,1.272,-0.11129,1.298,0.53372,0.888,-0.57758
0,1,0.0,0.66161,-0.858,1,1,0.543,-0.67321,0.609,-0.365,1.471,-0.856,1.097,-0.89375,0.757,0.73393,0.17589,0.70982,1,0.877,1.231,0.85268,1,-1,1,0.85357,0.953,-0.08571,0.95982,-0.36250,1,0.65268,1.324,0.34732
1,1,0,1,0.00433,1.078,-0.01209,1,-0.02960,0.87,-0.07014,0.593,-0.06256,1,-0.06544,1.392,-0.103,0.92561,-0.13665,1.066,-0.14327,0.99589,-0.14248,0.94815,-0.13565,0.89469,-0.212,0.597,-0.242,0.495,-0.18552,0.859,-0.301,0.93,-0.20766
0,0,0,0.758,1,0.522,-1,0,0.0,0,0,-1.311,-1,0,0.0,0.0,0,-0.752,1.329,0.634,1.251,-1,0.628,-1,1,0.828,-1,0.884,1,-1,1,1,1,0,0
1,1,0.0,0.736,0.04347,0.94191,0.02280,0.94705,0.042,0.93582,0.016,1.183,0.094,1.387,0.16,0.92048,0.06211,0.946,0.12722,0.606,0.14439,0.80983,0.131,0.77041,0.14222,0.919,0.11299,0.518,0.13282,0.66387,0.15300,0.70925,0.10754,0.65258,0.11447
0,1,0.0,1.413,0.032,0.99672,0.04861,0.97545,0.07143,0.576,-0.677,0.91036,0.11147,0.88462,0.335,0.82077,0.154,0.76929,0.146,1,0.41003,0.65850,0.16371,0.60138,0.16516,0.54446,0.213,0.323,0.188,0.583,0.15436,0.38352,0.14677,1,0.573
1,1,0.0,1,0.077,1.433,0.20746,1,0.26281,0.605,0.32213,0.704,0.39039,0.75474,0.50082,0.672,0.52321,0.65954,0.852,0.57619,0.62999,0.47807,0.7,0.325,0.68840,0.34,0.72082,0.27712,1.061,0.185,0.70682,0.11372,0.72688,0.06990,1.069
0,1,0,-1,-1,1.161,1.48,1,-0.181,0,0,-0.774,1,1,0.524,0.17917,-1,-1,-1,0.122,-1.471,1,-1,-1.144,1,-0.504,-0.872,0.738,-1,-0.715,-1,1,1,0.0,0
1,1,0.0,0.90932,0.08791,0.86528,0.16888,1,0.16598,0.368,0.68154,0.37,0.36,0.16286,0.42739,0.304,0.551,0.657,0.49618,0.31639,0.115,0.37824,0.54462,0.31274,0.699,0.24856,0.306,0.168,0.472,0.12635,0.67,0.06927,0.55061,0.12137,0.67739
0,1,0,-0.433,-0.944,1.41,0.512,1,-1.022,1,-0.23393,1,0.725,1,-0.342,1.255,-1,1.035,0.13839,1.219,-1,1,-0.044,-0.84286,1,0.53750,0.698,1,1,1,-1,1,-0.627,1,-1
1,1,0,0.588,-0.05785,0.99793,-0.166,0.98663,-0.19430,0.861,-0.25843,0.92738,-0.30130,0.617,-0.37965,0.89812,-0.653,0.45,-0.52064,0.87433,-0.325,0.79016,-0.59839,0.634,-0.845,1.012,-0.72,0.65247,-0.929,0.61010,-0.649,0.54752,-0.80278,0.49195,-0.83245
0,0,0,0,0,0,0,0.0,0,1,1,1.457,1.439,0,0,0,0,-0.37500,-1,-1.446,-1.202,0.0,0,0.0,0.0,-1,-1,-1.177,-1,-1.099,0.742,0.53,0.0,0,0
1,1,0.0,1,-0.031,1,-0.102,0.99601,-0.145,0.99838,-0.094,0.769,-0.133,1.133,-0.21695,1.102,-0.25099,0.91236,-0.34400,0.90581,-0.304,0.89991,-0.34691,0.87874,-0.37643,0.937,-0.42990,0.83172,-0.415,0.81433,-0.42593,0.878,-0.47977,0.75115,-0.50152
0,1.064,0.0,1.058,-0.02685,-1,0.26131,-0.213,0.35639,0.69258,-0.63427,1,-0.029,-0.29020,-0.00550,-0.395,0.15452,1.027,-0.645,1,-0.50424,-0.435,-0.31454,-0.832,0.336,0.45,-0.536,0.52208,-0.58130,1,-0.61393,-0.09634,0.20477,-0.06117,0.41913
1,0.642,0,0.98166,0.008,0.98103,-0.03818,0.97565,-0.039,1.187,-0.088,0.99004,-0.032,0.94713,-0.11102,0.93369,-0.093,0.94217,-0.11583,0.79682,-0.102,1.1,-0.17387,1.186,-0.18739,1.282,-0.19689,0.81813,-0.21136,0.78546,-0.125,0.76911,-0.158,0.74323,-0.23902
0,0.792,0,0,0.0,1,0.634,0.0,0,0.155,-1,0,0,0.0,0.0,-0.55,-0.22414,-0.635,-1.063,0.61,0.63147,0,0,0.53448,0.225,-0.90302,0.298,1,-1,-1,0.81573,0,0,0,0
1,1,0.0,0.84134,-0.18362,0.489,0.02919,0.993,-0.00267,0.87947,0.164,0.81121,-0.01789,0.88559,0.54991,0.91714,-0.57486,1.085,-0.29520,0.86676,-0.20104,1.466,0.742,0.46610,-0.091,0.867,-0.021,1.345,-0.01158,0.61582,-0.32298,0.84463,-0.29,0.719,-0.01425
0,0.0,0,1,1,0.656,-1,0.0,0,0.0,0,1,0.515,1,1,-1,-0.562,1,-1,-1,1,0,0.0,1,-1.05,0.531,-1,1.157,1.405,-1,-1.02,0.0,0,0,0
1,1,0,1,1.496,1,1.439,0.91010,1.368,-0.26970,1,-0.757,1.293,-1.176,1,-1.355,0.72526,-1,-0.57779,-1,-0.42052,-0.523,-1,-0.52838,-0.608,0.857,-1,1.037,-0.921,1,-1,1.087,-0.34686,1,0.34845
0,1,0,-0.67935,-1,-1.427,1,1.181,0.63317,0.046,-1,-1,-1,1,1,1.237,-1.317,-0.809,1,0.79,1.096,1,-1,-0.848,-1.409,-0.107,1,1,-1,-1,-1,-1,1.283,1,0.323
1,1,0.0,0.962,0.08143,1.333,-0.05667,0.97165,-0.096,0.96097,-0.06561,0.708,0.01279,0.95436,-0.214,0.94612,-0.194,0.99630,-0.235,0.90343,-0.35902,0.914,-0.27316,1.175,-0.29807,0.99899,-0.40747,0.87244,-0.496,0.92059,-0.37,0.83951,-0.289,0.82166,-0.41173
0,1,0.0,0.08333,-0.20685,-1,0.859,-0.989,1,0.945,0.47173,-0.981,-0.62723,-1.212,-1,-1.244,1,-0.024,0.502,-0.405,-0.42113,-0.74628,-0.536,-1,-0.46801,-1,0.23810,0.838,-1,-1,-0.38914,-1,-1,-1.17,0.61458
1,1,0.0,1,-0.02259,0.951,-0.04494,0.517,-0.06682,0.677,-0.107,1.296,0.56173,1,-0.12738,1.117,-0.082,0.544,0.32407,1,-0.17639,0.99484,-0.18949,0.95601,-0.20081,1,-0.696,0.87280,-0.21793,0.82920,-0.22370,0.894,-0.287,0.563,-0.22981
0,0.0,0,-0.775,1,1,-1.322,-1,1,0,0,0.915,0.671,-1,-0.18750,1.137,1,-1,-1,1,-1,-1.437,-1,1,1.103,0.546,-1,1.111,0.98,0.537,0.925,0,0,-1,-1
1,1,0,0.881,0.05812,1.357,0.077,0.73,0.13231,1,-0.01911,0.876,0.07033,1.349,0.14644,0.92,0.127,0.90896,0.109,1.34,0.16265,0.99695,0.14258,1.338,0.16410,0.698,0.294,0.88423,0.23571,0.88568,0.22511,0.78324,0.29576,0.83574,0.31166
0,1,0,0.17188,-1,-1.337,1,0.0,0,0,0.0,-1,1.086,0.0,0,-0.61354,-0.67708,0.658,0.51,0.51979,0.14375,0,0,-1,-0.299,-0.529,0.96250,0.519,1,-1,0.67708,0.0,0.0,0,0.0
1,1,0.0,1,0.09771,1,0.12197,1,0.22574,0.98602,0.09237,0.94930,0.224,0.92992,0.24288,0.89241,0.176,0.923,0.26721,0.83656,0.33129,0.532,0.335,0.74829,0.376,0.654,0.34658,0.68452,0.223,0.624,0.258,0.499,0.47033,0.371,0.50903
0,1,0,0.021,-0.35625,0,0,0,0,0,0,0,0,0.0,0.0,0.12292,-0.55000,0.23,0.82813,1.322,-0.42292,0,0,0.102,-1.376,-0.10625,-0.16667,0.943,-0.76667,-1.452,0.254,0.0,0,1.207,-0.333
1,1,0.0,1,0.149,0.99352,0.11,0.94616,0.32,0.91759,0.22610,1.326,0.37107,1.15,0.46899,1.102,0.657,0.78473,0.48311,0.65091,0.826,0.56553,0.58071,0.697,0.64720,0.446,0.55236,0.357,0.69129,0.35684,0.76147,0.33921,0.705,0.22101,0.78685
0,1,0,0.63816,1,0.18,-1.096,1.29,1,0.87719,0.405,-0.525,1,-0.05921,0.58772,0.01754,0.048,-0.537,-1,0.142,-0.026,0.32675,-0.43860,-1,1.407,1.155,-0.646,1,-0.06140,1,1,0.20614,-1.383,1,1
1,1,0,1,-0.556,1.218,0.76131,0.87060,0.18593,1,-0.09925,0.93844,0.678,0.65452,-0.16080,0.834,0.011,0.535,-0.50126,0.757,-0.24497,0.88065,-0.19095,1,-0.15,1.121,0.10678,0.92890,-0.07249,0.515,-0.15,0.653,0.19849,0.51382,-0.038
0,0.799,0,0.84783,0.10598,1.438,0.39130,1,-1,0.66938,0.092,0.768,0.27038,1.145,0.60598,1,0.396,1.094,0.02672,0.58424,-0.43025,1.077,0.63496,0.89130,0.26585,0.826,-0.33333,1,0.15942,0.471,-0.01947,0.698,0.311,0.832,0.37409
1,1,0,1,0.213,1.463,0.012,1,0.07764,1,0.04317,0.98762,0.33266,0.596,0.077,1.344,0.04384,0.95750,-0.24598,1.075,-0.08668,1,0.058,0.99933,0.25,1,-0.39056,0.96414,-0.02174,0.57,0.145,0.94578,-0.231,0.785,-0.07329
0,0.0,0,1.394,-1,1,-1.349,0.502,-1,0.657,-1,1,1,0.794,1,1,-1.157,1,1,1,1,1,1.247,1.266,-1.007,1,-1,1,-1,1,0.65625,0.0,0.0,0.828,-1
1,1,0,1,0.546,0.81309,1.082,0.631,1,0.20619,0.80541,-0.382,1,-0.681,1.097,-1.02,0.408,-0.39046,-0.58634,-0.976,-0.42822,-0.468,-0.383,-0.53,-0.97491,0.41366,-1,0.41778,-0.93296,0.25773,-1,0.93570,-0.35222,1.012,0.03446
0,1,0,0.548,1,1.139,-1,1,-1.274,1,1,1,0.875,0.942,1.345,1,-0.887,1,0.692,1,1.031,1,1,1,1.072,1,0.935,0.977,0.5,0.0,0,1,-1,1,-1
1,1,0.0,1,0.03529,1,0.18281,1.095,0.218,1,0.25068,1.463,0.412,1.036,0.541,1,0.372,1.424,0.788,1,0.53846,1.185,0.61267,1,0.59457,0.89593,0.68326,0.89502,0.71374,0.85611,0.385,0.74389,0.864,0.71493,0.75837
0,0,0,1,-1,0.658,1,-1,-1,1,-0.642,0.0,0.0,0,0.0,-1,1,1,-1.049,1,-1,-0.582,1,0.836,-1,1.019,-0.606,0.651,-1,-1,-0.591,0,0,1,-1.17
1,1,0,0.732,0.08620,0.96760,0.19279,0.68,0.27451,0.748,0.35052,0.58,0.46281,0.86265,0.52517,0.82820,0.58794,0.721,0.69065,0.69003,0.866,0.54473,0.68820,0.48339,0.895,0.302,0.74689,0.33401,0.983,0.24944,1.192,0.133,0.748,0.078,0.86285
0,1,0,0.764,0.38889,0,0,-0.32937,0.872,0.0,0,0,0.0,0,0,0.20635,-0.175,0.256,0.29,0.306,0.78175,0,0.0,0,0,0.73413,0.327,0.909,0.63492,0,0,0,0.0,0.0,0
1,0.854,0.0,1,0.046,1,0.126,1.276,0.19498,0.942,0.28453,1,0.34826,1,0.38261,0.94575,0.42881,0.89126,0.297,0.75906,0.58801,0.80644,0.791,0.978,0.62758,0.66643,0.63942,0.86,0.69435,0.49538,0.6,0.31,0.71689,0.355,0.75243
0,0,0,1,1.402,0,0.0,1,-1.073,0.876,-1,1,0.8,0.891,1,1,-1,1,1,1,1.494,1.282,-0.599,-1,-1,1,-0.504,1,-1,1,1,0.0,0.0,0.599,-1
1,1,0.0,1,0.025,1.229,0.11982,0.715,0.16159,1,0.27921,1.438,0.30889,0.92745,0.37639,0.91118,0.39749,0.81939,0.585,0.78619,0.46994,0.758,0.56282,0.994,0.317,0.71,0.539,0.58903,0.60990,0.527,0.60932,0.45312,0.501,0.40442,0.62658
0,0,0,1,1.368,0.571,-1,1,0.648,1,1.363,1,1,0.938,0.998,0.868,1,1,-1,-1,1,-1.29,1,-1,1,1.115,-1,0.723,1,-1.324,1.24,-0.737,-1,-1,1
1,1,0,1,0.24168,0.546,0.48590,1,0.819,1,1,1.109,1,1,1.291,1.474,0.77128,1,1,0.905,1.118,0.486,1,0.89647,0.813,0.526,1,0.329,1,0.10819,1.472,-0.241,1,-0.81383,1
0,0,0,0.649,1,1.337,-1.103,1.067,0.699,-1,1,0,0,1,1.301,0.0,0,0.0,0.0,-1,1,-1,1,1,1,1,-1.32,1.48,1,1,1,1,-1.135,-1.188,1
1,1,0.0,0.526,-0.06604,0.926,0.62937,1.265,0.09557,1,0.20280,1,-1,1,-0.221,1,-0.192,1,0.063,1,-0.61538,1,-0.187,1,-1,1.185,-0.859,1,-0.99,0.739,-0.936,1,-0.78555,1,-0.48252
0,0,0.0,1,-1,1.133,1,0.741,1,1,1,1,1,1,-0.986,1,-1,1,1,1,-0.869,0.517,1.403,1,1,1,-1.253,1.42,1,1,-1.039,1,1.467,1.385,-0.682
1,1,0.0,1.175,0.046,0.92679,0.16251,0.89702,0.24618,0.497,0.367,0.78801,0.42196,0.70716,0.46983,0.651,0.56476,0.60459,0.64200,0.627,0.64924,0.39903,0.66975,0.304,0.985,0.23693,0.76146,0.18765,0.42,0.088,0.71038,0.035,0.77072,-0.052,0.69509
0,1,0,0.68198,-0.156,0.82332,0.165,0.46643,0.405,0.25795,0.639,1.324,-0.145,0.01060,0.44523,0.01060,0.294,0.18681,0.463,0.10567,0.36353,0.064,0.30745,-0.00083,0.24936,-0.016,0.19405,-0.05,0.14481,-0.04779,0.10349,-0.039,0.07064,-0.04013,0.039
1,1.307,0,0.74852,-0.02811,0.38,-0.045,0.80621,0.02811,0.85947,0.038,0.684,0.08728,0.71598,0.07840,0.743,0.05178,1.062,-0.27811,0.65976,-0.01479,1.127,0.047,0.355,-0.18639,0.65385,0.031,0.61009,-0.06637,0.325,-0.21154,0.668,-0.14053,0.56361,0.02959
0,1,0,0.285,-0.06343,1.277,0.04328,1,0.634,0.448,0.127,0.54478,0.13060,0.61567,-0.82090,0.494,0.427,0.66791,-0.10448,0.351,-0.11567,0.65574,0.14792,0.434,0.345,0.47015,0.218,0.49309,0.14630,0.32463,-0.02612,0.39118,0.119,0.402,0.12755
1,1,0,0.67547,0.04528,0.76981,-0.136,0.77358,0.029,0.778,-0.04528,0.854,0.01132,0.711,-0.098,0.874,-0.033,0.76981,0.08679,0.61887,-0.07925,0.75849,-0.23774,1.106,-0.163,0.84906,-0.15094,0.73886,-0.042,0.539,0.02264,0.86415,0.03774,0.73208,0.006
0,1,0.0,0.72727,-0.05000,0.89241,0.034,1,0.937,0.66364,-0.05909,0.48182,-0.114,1.156,0.112,0.621,1,0.50455,0.21818,0.66818,0.10000,1,-0.30000,1.322,-0.624,0.57273,0.216,0.56982,0.14673,0.549,0.079,0.48927,0.14643,1,0.573
1,1.433,0,0.57647,-0.01569,0.40392,0.0,0.308,0.12941,0.40000,-0.05,0.845,0.14,0.684,0.08235,0.52549,-0.036,0.58039,0.01569,0.50196,0,0.45882,0.091,0.58039,0.08235,0.49804,0.005,0.682,0.10039,0.482,0.08235,0.45098,0.23529,0.413,0.17255
0,1.161,0.0,0.41932,0.12482,0.35000,0.12500,0.23182,0.27955,-0.03636,0.44318,0.041,0.36194,-0.148,0.33636,-0.13350,0.27322,0.02727,0.595,-0.398,0.12727,-0.20028,0.05078,-0.094,0.509,-0.073,-0.034,-0.09971,-0.07114,-1,-0.738,-0.043,-0.094,-0.00526,-0.06314
1,0.667,0,0.477,-0.21996,1.195,0.36373,0.82403,0.19206,0.449,0.05901,0.90558,-0.04292,0.836,0.25000,0.77897,0.224,0.69206,0.746,0.64,0.39056,0.73176,0.27575,1,0.184,0.711,0.434,0.69811,0.53235,0.967,0.58584,0.331,0.70923,0.52361,0.54185
0,0.908,0,0.84557,-0.065,-0.258,-0.823,-0.093,-0.56435,0.80648,0.04576,0.845,-0.00763,-0.18494,0.803,-0.20019,-0.68065,1.208,-0.071,0.77979,-0.15729,-0.06959,0.342,-0.34128,0.80934,0.78932,-0.03718,0.70882,-0.25288,0.77884,-0.172,-0.132,-0.78170,-0.238,-0.59867
1,1,0,0.70870,-0.24783,0.64348,0.038,0.574,0.501,0.65217,0.18261,0.746,0.26957,0.385,-0.23043,0.645,0.37826,0.38696,-0.631,0.205,-0.26087,0.26957,0.11739,0.53246,-0.023,0.31304,-0.12174,0.49930,-0.023,0.48348,-0.038,0.676,-0.25217,0.435,0.14783
0,1,0,-0.54180,0.14861,-0.38,0.73375,0.52012,-0.095,0.237,-0.098,0.20743,-0.15170,0.47368,0.122,0.56347,-0.182,0.237,0.658,0.406,0.043,0.50464,0.07121,-0.63777,-0.61610,1.099,0.65635,0.219,-0.40116,-0.15170,0.11146,0.02399,0.55820,0.767,-0.08978
1,0.777,0.0,0.29202,0.13582,0.493,0.16808,0.51783,-0.00509,0.609,0.20883,0.52462,-0.16638,0.47368,-0.045,0.55518,0.037,0.81664,-0.22411,0.557,-0.035,0.34975,0.06621,0.391,-0.20883,0.51731,-0.031,0.59,-0.03351,0.333,0.09847,0.70798,-0.015,0.39559,-0.03226
0,1,0,0.79157,0.16851,0.0,0.0,0.56541,0.06874,0.39468,1,0.38359,0.99557,-0.027,0.61,0.265,0.075,-0.02661,0.95122,-0.50998,0.904,-0.10200,0.208,-0.623,0.23725,-0.91574,0.80710,-0.298,0.88248,-0.9,0.475,-1,0.12860,0.0,0
1,1,0,1.123,0.16607,0.79299,0.37379,0.72990,0.694,0.866,0.52,0.302,0.725,0.24412,0.87493,0.06438,0.85038,-0.092,1.081,-0.28739,0.79617,-0.248,0.423,-0.57135,0.282,-0.68159,0.39951,-0.493,0.25835,-0.72369,0.141,-0.71475,-0.05525,-0.67699,-0.19904
1,0.634,0,0.97714,0.229,1.053,0.532,0.71771,0.58732,0.47968,0.561,0.31409,0.734,0.145,0.594,-0.073,0.84290,-0.32020,0.91624,-0.52145,0.63,-0.68274,0.49508,-0.949,0.33537,-0.974,0.17849,-0.83314,-0.01358,-0.82366,-0.19321,-0.67289,-0.33662,-0.765,-0.49700
0,1,0,-1,-1.466,0,0,0.50814,-0.78502,0.683,0.32899,-1,-0.599,0,0.0,0.0,0,1,-0.318,0.36482,-0.63518,1.399,-0.962,-1.063,-1,1,-0.59609,-0.556,-0.758,-1.121,-1,1,-1,0,0.0
1,0.74,0,0.74084,0.026,0.79074,0.029,0.78575,0.025,0.66230,0.09948,0.445,0.31152,1.112,0.07348,0.74695,0.08442,0.577,-0.07853,0.358,0.0,0.70021,0.116,0.716,0.171,0.67016,0.082,0.64158,0.13608,0.65707,0.17539,0.59759,0.14697,0.57455,0.15114
0,0.523,0.0,0.608,-1.087,0.0,0,0.77941,-0.99265,0.80882,0.55147,-0.41912,-0.903,0,0,0,0,0.986,-0.77206,0.73529,-0.709,0.0,0,0.18382,-1,-1,-1.293,-0.921,-1,1,-1,1.439,-1.496,0,0
1,0.809,0,0.962,0.016,0.96215,-0.03142,1,-0.029,1.395,-0.05071,0.99026,-0.07092,0.99173,-0.09002,1.283,-0.15727,1,-0.14257,1.294,-0.166,1.308,-0.18519,1,-0.19272,1.169,-0.22083,1.377,-0.20243,0.94599,-0.17123,0.96436,-0.247,0.492,-0.23296
0,0,0,0,0.0,0,0,0,0,0.0,0.0,0,0,0.0,0.0,0.0,0.0,0,0.0,0,0,0,0.0,0,0.0,0,0,1,-1.006,0,0,0,0.0,0.0,0
1,0.859,0,1.119,-0.165,0.63318,-0.12690,0.96365,-0.18,1.159,0.08460,0.92003,-0.011,1.013,-0.24719,1,-0.31395,0.532,-0.18,0.98678,-0.261,0.872,-0.357,0.93126,-0.39458,0.838,-0.19233,0.88793,-0.31565,0.81428,-0.23728,0.89095,-0.31857,0.69531,-0.41573
0,1,0.0,0.28409,-0.31818,0.0,0,0.68182,-1,0.343,0.522,0.64394,0.044,0.34848,-0.438,0.0,0,0.59091,-0.35985,0.45076,-0.80682,0,0,0,0.0,0.24242,0.17803,1.215,-0.227,0.06061,-0.366,0.16288,-0.70076,0.0,0.0
1,1,0,0.94490,-0.638,1,-0.049,1.421,-0.467,0.883,0.66942,1,-0.10104,1,-0.068,1.137,-0.15017,0.671,-0.17681,0.915,-0.20491,1,-0.182,1,-0.26571,1,-0.29852,1,-0.33304,0.925,-0.36931,1,-0.453,1.103,-0.44739
0,1,0.0,0.0,0,0,0,0.0,0,0.0,0,0.62195,1,0.0,0,0,0,0.36585,-0.997,0.736,-1,0,0.0,0,0.0,0.0,0,0.73,0.124,0,0.0,0,0,0,0
1,0.624,0,1.057,0.00526,1.23,-0.11313,0.509,-0.16431,1.324,-0.06257,0.96484,-0.07496,0.85221,0.024,0.87161,-0.226,0.93881,-0.12977,0.98298,-0.099,0.466,0.00075,0.921,-0.05882,0.93368,-0.251,1.235,-0.17806,0.83,-0.16581,0.80253,-0.25741,0.76586,-0.27794
0,1,0,0.109,0.126,0.0,0,0,0.0,0.54730,0.82432,0.31081,1,0,0,0.0,0,0.37162,-1.168,0.33108,-1,0,0.0,0,0,-0.291,-0.858,1,-0.878,0.526,-0.235,0,0.0,0,0
1,1,0,1,-0.57224,0.99150,-0.73371,0.569,-0.97450,1,-0.468,1.376,-0.219,0.62890,-1.043,1.452,-0.57535,1,-0.978,0.986,-0.88952,0.96601,-1,0.70120,-0.777,0.61946,-0.76904,0.711,-0.77986,0.81020,-1.219,1.349,-1,0.307,-0.76112
0,1,0,0.88,-0.62879,0,0,0,0,0.77273,0.671,0.887,-0.28030,0,0,0.0,0.0,0.901,-0.285,1.147,-1.361,1,-1,0.0,0.0,0,0.0,1,-0.93939,-0.12879,-0.93182,0,0,0.0,0
1,1,0.0,1.231,0.151,0.80920,0.39,0.67203,0.55785,0.54559,0.69962,0.402,0.81533,0.19617,0.85671,-0.04061,1.193,-0.149,0.992,-0.34100,0.684,-0.48199,0.56092,-0.389,0.40996,-0.59234,0.332,-0.63038,0.08818,-0.461,-0.07816,-0.54866,-0.199,-0.42912,-0.31954
0,1,0.0,0.42000,-0.61000,0,0.0,1.218,-1,0.90000,1.342,0.43000,0.64000,0.0,0,0,0,0.368,-0.204,1.023,-1,0.0,0.0,0.0,0,0.21000,0.643,1,0.22000,0,0,0,0,0.0,0
1,1,0,1.114,0.163,0.91404,0.52013,1.122,0.789,0.47660,0.84222,0.221,0.91730,0.09467,0.88248,-0.21980,0.984,-0.427,0.75517,-0.51360,0.496,-0.893,0.44614,-0.811,0.29162,-0.70838,0.03591,-0.71731,-0.11943,-0.64962,-0.256,-0.51251,-0.509,-0.312,-0.53319
0,1,0,0.545,0.81586,-0.365,1,-0.299,0.55735,0.05405,0.29730,-0.18599,-0.10241,-0.044,-0.088,0.01401,-0.021,0.007,-0.00537,0.003,0.00097,0.00048,0.001,-0.00003,0.0,-0.0,0.00002,-0.0,0,0,0,0.0,0,0,0
1,1,0,0.21429,-0.09524,0.33333,0.07143,0.241,0.125,0.12,0.09524,0.40476,0.019,0.312,-0.055,0.30952,-0.064,0.154,-0.11905,0.33333,0.071,0.256,0,0.21429,-0.11905,0.35714,-0.04762,0.22109,-0.02290,0.19048,0.0,0.237,-0.02034,0.116,-0.01877
0,0.502,0,1.024,-0.21,1,0.05,0.57377,-0.014,0.65574,0.016,0.686,-0.03279,0.72131,0,0.968,-0.16393,0.19672,-0.217,0.65558,-0.17176,0.67213,0.03279,1.319,-0.189,0.31148,-0.34426,0.52385,-0.177,0.32787,-0.03279,0.282,-0.44262,0.49180,-0.06557
1,1,0.0,0.98182,0,1.129,0.03131,0.86249,0.04572,0.80000,0,0.646,0.04545,0.79343,0.09,0.77118,0.094,0.591,0.25455,0.68182,0.131,0.70674,0.069,0.68604,0.13493,0.516,0.259,0.64581,0.132,0.67273,0.024,0.60715,0.221,0.58840,0.17077
0,1,0,0.559,0.52381,-0.636,0.11342,-0.095,-0.76378,0.954,0.014,0.82143,0.409,-0.67230,0.30729,-0.488,-0.63668,0.46429,0.15476,0.801,0.034,-0.51830,0.44961,-0.47651,-0.47594,0.32143,0.832,0.51971,0.466,0.57143,0.39286,-0.569,-0.328,0.25441,-0.55837
1,1,0,0.675,-0.07111,0.642,-0.02494,1,-0.085,0.578,0.002,0.83556,-0.06444,1,-0.07287,1,-0.20000,0.86889,0.056,0.533,-0.03778,1,-0.068,1.418,-0.18667,0.84444,0.042,1,-0.092,0.82222,-0.096,0.836,-0.15609,1,-0.44222
0,1,0.0,0.43636,-0.12727,0.683,-0.125,0.18182,-0.67273,0.34545,-0.026,0.29091,-0.05455,0.29091,0.286,0.504,-0.41818,0.20000,-0.021,0.36364,0.05455,0.12727,0.375,0.61818,0.16364,0.282,0.16364,0.257,-0.07027,0.263,-0.053,0.095,-0.36364,0.29091,-0.29091
1,1,0,1.316,-0.92453,1,0.943,0.49057,-0.085,0.41,0.0,1.096,-0.001,0.45283,0.07547,0.62264,-0.05660,0.98878,-0.00085,0.52830,0,0.52830,0.07547,0.95190,-0.001,0.725,0.79245,0.92192,-0.001,0.94340,-1.1,1,0.43396,0.316,-0.101
0,1.196,0,0.73810,0.83333,-0.76190,-0.23810,0.33333,-0.176,0.577,-0.14286,-0.634,0.12808,0.33333,0,0.188,-0.065,-0.38214,0.51163,0.23810,0.034,0.527,0.039,0.16667,-0.26190,-0.609,-0.10234,0.24889,-0.301,1,0,-0.879,-0.04762,0.224,0.02381
1,1,0,0.43750,0.058,0.58333,-0.10417,0.39583,0.0,0.2,-0.048,0.47917,0.0,0.29167,0.10417,0.54167,0.02083,0.262,-0.342,0.38,-0.115,0.288,0.074,0.25000,0.18750,0.39583,-0.18750,0.44012,-0.10064,0.534,-0.08333,0.58333,-0.31250,0.33333,-0.055
0,1,0,0.624,1,0.0,0.0,0,0.0,0,0.0,0.47744,-0.89098,-0.633,0.248,-0.95489,0.28571,0.64662,1.457,0.0,0,0,0,0.62030,0.20301,-1,-1,0.977,-0.715,0.955,1,0,0,0,0.0
1,1,0.0,1.062,0.06595,0.93614,0.13030,0.90996,0.19152,0.84881,-0.434,0.583,0.61320,0.731,0.468,0.72254,0.37988,0.66145,0.40844,0.95472,0.59862,0.729,0.547,0.46773,0.254,0.292,0.44199,0.34374,0.43221,0.666,1,0.302,0.39620,0.247,0.37191
0,1.389,0,0.59840,0.40332,0.93,0.80521,0.85,0.70709,0.84010,-0.10984,0.97311,0.07981,1.063,-0.85727,1.355,1.302,0.95452,-0.05206,0.88673,0.234,0.801,-0.69594,0.86670,-0.85755,0.259,-0.259,0.653,0.139,0.62958,0.42677,0.479,0.81007,0.81979,0.68822
1,1,0.0,0.95882,0.10129,1,-0.01918,0.98313,0.02555,0.678,-0.09316,0.98955,-0.032,0.97980,-0.03096,0.679,-0.05343,1,-0.05179,1.001,0.018,1.445,-0.121,0.97889,-0.05318,0.91567,-0.15675,0.95677,-0.054,0.90978,0.017,1,-0.119,0.959,-0.091
0,1,0.0,0,0,-0.33672,0.85388,0.0,0.0,0.68869,-1,0.97078,0.31385,-0.244,-0.59212,-0.366,0.84,0.512,0.207,0.0,0,0,0,-0.18043,-0.526,0,0,1,-1,0.0,0,0.04447,0.753,0,0.0
1,1,0,0.96933,0.00876,1,0.00843,0.98658,-0.00763,1.355,-0.02844,0.99820,-0.03,1,-0.014,1.403,-0.02581,1,-0.01175,0.98485,0.0,1,-0.02612,1.253,-0.049,1.409,-0.024,0.99188,-0.034,0.719,-0.02478,0.682,-0.055,0.98420,-0.04112
0,1,0,0.0,0,0.562,-0.22703,0.168,-0.032,0,0,0.93243,0.095,1,-0.20000,1,0.07027,0.92,-0.11351,0,0,1,-0.269,1.272,-0.41622,0,0.0,1.158,-0.17568,0,0.0,1,-0.152,0.28919,-0.163
1,1,0,0.64122,0.015,0.34146,-0.02439,0.52751,0.031,0.24,0.12195,0.43313,0.036,0.21951,0.026,0.29268,0,0.36585,0,0.356,0.07317,0.256,0.12195,0.348,0.077,0.188,0.113,0.19304,0.05641,0.17410,0.05504,0.147,0,0.146,0.07317
0,1,0,1.132,0.671,1,-0.87,0.0,0.0,0,0,1,1,1.431,-1.026,1,1.351,1.016,-1,0.0,0,0,0,1,-0.27778,0.0,0.0,1,-1,1,1.078,1,-1,0,0
1,1,0,0.263,0.238,0.46939,0.184,0.40816,0.20408,0.46939,0.44898,0.30612,0.59184,0.12245,0.401,0.0,0.51020,-0.06122,0.456,-0.271,0.55102,-0.252,0.384,-0.181,0.32653,-0.61224,0.22449,-0.46579,0.195,-0.59184,0.23,-0.34694,0,-0.26531,-0.128
0,1,0,0.0,0,1,-0.806,0,0.0,0,0.0,1,0.746,1,-0.25342,1,0.23288,1.495,-1,0.0,0,0,0,1,0.705,0,0.0,0.777,-1.178,0.0,0,1,-1,0.0,0
1,1,0,0.89706,0.239,0.91176,0.487,0.715,0.872,0.45588,0.77941,0.19118,0.88971,-0.02206,1.153,-0.20588,0.82353,-0.254,0.956,-0.5,0.47794,-0.73529,0.371,-0.94,0.08824,-0.74265,-0.072,-0.798,-0.159,-0.55147,-0.42647,-0.44118,-0.50735,-0.267,-0.56618
0,1,0.0,-1.496,0.28105,0.213,0.098,-0.75693,-0.835,-0.249,0.71242,-1,1,-0.81699,0.33987,-0.79085,-0.02614,-0.98039,-0.83007,-0.60131,-0.54248,-0.04575,-0.83007,0.94118,-1.379,-1.042,-0.43137,0.74385,0.132,-1.403,0.05229,0.155,0.02614,-0.55,-0.386
1,1,0.0,0.305,-0.10000,0.53333,0,0.493,-0.12,0.185,0.172,0.56667,0.015,0.71667,0.097,0.70000,-0.06667,0.53333,0.20000,0.41667,-0.009,0.31667,0.20000,0.70000,0,0.194,0.13333,0.46214,0.04,0.40000,0.03333,0.334,0.03333,0.41667,-0.07
0,1,0.0,-0.144,0.361,-0.27303,0.12159,-0.17778,-0.023,0.055,-0.06879,0.04461,0.02575,-0.009,0.02726,-0.011,-0.001,-0.00093,-0.011,0.00470,-0.002,0.00138,0.002,-0.00114,0.00102,-0.00069,-0.00050,0.00019,-0.00043,0.0,0.00005,0,0.0,-0.00008,0.00002
1,1.41,0.0,1,-0.37838,0.64865,0.29730,0.835,-0.252,0.86486,0.18919,1,-0.27027,0.51351,0.0,0.62162,-0.05405,0.306,-0.21622,0.45,-0.144,0.62162,0.068,0.75676,0.13514,0.265,-0.29730,0.61031,-0.201,0.58478,-0.155,0.72973,-0.367,0.51351,-0.24324
0,1,0,0.993,-0.046,-1,-0.33203,-1.482,-0.009,0.97266,0.01172,0.93359,-0.011,-0.666,0.16406,-1.279,-0.003,0.95313,-0.03516,0.799,-0.02734,-0.99219,0.175,-0.93359,0.295,0.95703,-0.00391,0.82041,0.13758,0.478,-0.084,-1,-0.18750,-1,-0.34375
1,1,0.0,0.95202,0.02254,0.497,-0.014,0.93526,0.01214,0.96705,-0.021,1.402,0.00520,0.95665,-0.03064,0.95260,-0.005,1.431,-0.039,0.681,0.013,1.054,-0.059,0.93815,-0.02370,0.97052,-0.04451,0.96215,-0.01647,0.97399,0.01908,0.95434,-0.05,0.95838,0.00809
0,1,0,1.156,-0.05529,1,-1,0.563,-0.107,0.36111,-0.22222,1,-0.205,0.195,-0.105,1,-0.327,1,-0.38853,1,-0.412,0,-0.25000,1,-0.50333,0.777,-0.27778,1.313,-0.621,1,-0.27778,0.826,-0.63156,1,-0.915
1,1,0,0.31034,-0.10345,0.27,-0.10345,0.303,-0.06,0.07405,-0.05431,0.039,-0.03689,0.01707,-0.02383,0.005,-0.01482,0.002,-0.012,0.00078,-0.006,-0.00003,-0.003,-0.0,-0.00166,-0.00031,-0.001,-0.00025,-0.001,-0.00018,-0.00024,-0.0,-0.00012,-0.00008,-0.00006
0,1,0.0,0.62745,-0.07843,0.528,0,0.60784,-0.07843,0.329,-0.11765,0.68627,-0.11765,0.83,-0.13725,0.64706,-0.09804,0.54902,-0.11765,0.691,-0.21569,0.58824,-0.134,0.966,-0.161,0.45098,-0.228,0.52409,-0.158,0.703,-0.31373,0.23,-0.21569,0.647,-0.27451
1,1.202,0.0,0.25000,0.204,0.46667,0.26667,0.151,0.23966,0.07766,0.19939,0.01070,0.14922,-0.02367,0.10188,-0.047,0.073,-0.025,0.03458,-0.037,0.01532,-0.035,0.00357,-0.01726,-0.00273,-0.01097,-0.007,-0.00621,-0.00586,-0.00294,-0.00520,-0.001,-0.002,0.0,-0.00291
0,1,0,-0.65625,0.15625,0.047,0.0,0,0.06250,0.681,0.06250,0.271,0,-0.03125,0.09375,0.092,0.0,0.15625,-0.176,0.421,-0.54,0,-0.09375,0,0,0.03125,-0.498,0.03125,0,-0.71875,0.03125,-0.023,0.0,0,0.112
1,1,0,1,-0.007,0.74,-0.02703,1,-0.06486,1.393,-0.02,0.98919,-0.03243,1.039,0.088,1,-0.06486,0.505,0.062,0.504,-0.00541,1,0.06486,0.562,0.04324,1.132,0.075,0.98556,0.01251,1,-0.03243,1,0.02703,1.405,-0.07027
0,1,0,0.85271,0.05426,1,0.095,1,1.368,0.91473,-0.004,0.83721,0.03876,1,0.391,1,1,0.885,0.04651,0.90698,0.11628,0.91,0.50670,0.921,-1,0.49,0.04,1.355,1.072,0.84496,0.09,0.952,0.87317,1,1
1,1,0,0.766,-0.01604,1,0.08021,1,0.01604,1.194,0.007,1.026,-0.023,1,0,1,0.06417,1,0.057,0.91444,0.06,0.96791,0.028,0.56,-0.01604,0.907,0.07,0.96974,0.036,0.87701,0.01070,1,0.09091,0.941,0.06417
0,1,0,-0.20500,0.28750,0.23000,0.10000,0.211,0.319,0.32250,0.35000,0.36285,-0.34617,0.09250,0.35,-0.09500,0.209,-0.064,0.306,-0.34187,0.31408,-0.689,-0.09,0.29908,0.401,-0.58000,-0.24000,0.32190,-0.28475,-0.47000,0.168,-0.271,-0.231,0.553,0.03050
1,1.364,0,0.60000,0.03333,0.63333,0.06667,0.70000,0.06667,0.70000,0,0.63333,0,0.80000,0,0.889,0,0.601,0.117,0.829,0.054,0.64,-0.028,1.008,0,0.63333,0.13333,0.65932,0.10168,0.593,0.13333,0.577,0.14,0.757,0.16667
0,0.713,0,0.05866,-0.00838,0.064,0.00838,0.0,-0.01117,0.004,-0.03911,0.01676,-0.07542,-0.003,0.06,0.081,-0.03352,0,0.09497,-0.06425,0.043,-0.036,0.031,0.02793,-0.003,0.00838,0.007,0.10335,-0.00838,0.03073,-0.00279,0.034,0,0.04749,-0.03352
1,1,0,1.225,0.28713,0.389,0.764,0.47564,0.91,0.01267,0.89109,-0.24871,0.84475,-0.47644,0.55,-0.75881,0.41743,-0.66455,0.07208,-0.65426,-0.217,-0.52475,-0.402,-0.30851,-0.55089,-0.04119,-0.6,0.108,-0.811,0.36752,-0.41901,0.609,-0.22535,0.275,-0.046
0,1,0.0,0.05460,0.01437,-0.02586,0.041,0.016,0.04598,-0.042,0.00862,0.013,-0.093,-0.028,0.04310,-0.115,-0.04598,-0.09483,0.078,-0.04023,0.05172,0.03,0.02299,-0.03736,-0.016,0.041,-0.00862,0.00862,0.01724,0.02586,0.01149,0.02586,0.011,-0.04598,-0.00575
1,1,0.0,0.637,-0.01084,0.79704,0.009,0.80000,0.00197,0.871,0.01084,0.78424,-0.005,0.83350,0.03251,0.893,0.01675,0.80099,-0.01,1.115,-0.02956,0.75961,0.03350,0.74778,0.074,0.72611,-0.01478,0.847,0.00612,0.74089,-0.031,0.882,0.02956,0.456,0.00788
0,1,0,0.038,0.023,0.00428,0,0.01997,-0.013,0.012,-0.053,-0.04850,-0.015,0.01427,-0.02282,0,-0.03281,-0.04708,-0.027,-0.009,0.03566,0.018,0.00428,0.06,-0.02282,0.055,0.013,0.03994,0.01569,0.012,0.00713,-0.02568,-0.01854,-0.01427,0.01997
1,1,0.0,0.47090,0.22751,0.571,0.317,0.353,0.47619,0.01852,0.49471,-0.027,0.53968,-0.34127,0.314,-0.41270,0.393,-0.682,0.06878,-0.5,-0.11640,-0.14815,-0.179,-0.094,-0.395,-0.23280,0.004,0.03574,-0.31739,0.15873,-0.264,0.24868,-0.24339,0.26720,0.04233
0,1,0,0.126,0.00686,0.13959,-0.04119,0.10526,-0.08238,0.12586,-0.06178,0.312,-0.01144,0.083,0.081,0.154,-0.082,0.261,-0.04805,0.18993,0.07323,0.063,0,0.11213,-0.00229,0.206,-0.057,0.08467,0.01373,0.11213,-0.06636,0.09611,-0.046,0.149,-0.066
1,0.959,0,0.94333,0.26,0.48263,0.742,0.21572,1.111,-0.55941,0.64899,-0.73675,0.23,-0.76051,0.0,-0.62706,-0.341,-0.38391,-0.705,-0.091,-0.69287,0.49909,-0.63620,0.71481,-0.297,0.73857,-0.068,0.409,0.30384,0.45521,0.60512,0.02742,0.54479,-0.193,0.50457
0,1,0,0.01975,0.00705,0.04090,-0.00846,0.02116,0.01128,0.013,0.04372,0.004,0.00141,0.027,-0.032,-0.01975,0.057,-0.04090,0.02680,-0.02398,-0.004,0.04372,-0.02539,0.025,0.0,0,-0.018,0.02,-0.01128,0.005,-0.01551,-0.01693,-0.017,0.009,0
1,1,0,0.85736,0.001,1.22,-0.05676,0.657,-0.04182,0.84317,0.062,1.273,0.11949,0.88051,-0.057,0.78342,0.031,0.452,-0.06796,0.83570,-0.14190,0.88125,0.01195,0.90515,0.02240,0.79686,-0.017,0.82383,-0.03678,0.88125,-0.047,1.006,-0.024,0.823,-0.09186
0,1,0.0,1,-1,1,1,-1.114,1,1,-1,1,-1,-0.529,-1.137,-1,1,0.761,1,1,1.421,-1,1,1,-0.649,0.648,-1,0.651,1,1.402,1,-0.783,1,-1.299,1.046
1,1,0,0.713,0.39252,0.224,0.76432,0.095,0.585,-0.42625,0.88744,-0.76229,0.49980,-0.541,0.079,-0.85900,-0.262,-0.66030,-0.281,-0.264,-0.86063,0.237,-0.803,0.64649,-0.342,0.77814,-0.23324,0.71698,0.21343,0.37830,0.58310,0.19667,0.53,-0.11215,0.64933
0,1,0,0.926,1,1,0.296,0.62500,-1,1,1,0.02,0.03125,0.797,0.682,0,0,1,-0.792,1,1,1,0.597,0.31250,0.638,0.771,1,0.72,1,1,0.668,-0.939,1,0.0,0
1,0.667,0.0,0.536,0.54902,0.62745,1,0.021,1,-0.49020,0.92157,-0.82353,0.58824,-1.284,0.11765,-0.96078,-0.33333,-0.64706,-0.83,-0.23529,-0.86275,0.404,-0.875,0.894,-0.562,0.712,-0.22,0.92874,0.21876,0.72549,0.56863,0.185,0.90196,-0.11765,0.90196
0,0.683,0,0.0,0,-1,-1.474,-1,1,0,0.0,-1,1,1.083,1,1.02,-1,0.0,0,0,0,-1,-1,-1.242,1.298,1,0.517,1,-1.134,0,0,-1,-0.819,-1,0.632
1,1,0.0,0.44444,0.576,0.53695,0.90763,-0.22222,1,-0.286,0.88889,-1,0.33333,-1,-0.11111,-0.862,-0.22222,-0.66667,-0.77778,0.348,-1,-0.22222,-0.846,0.77778,-0.289,0.33333,0.0,0.92120,0.45019,0.337,0.565,0.206,1.344,-0.828,1
0,0,0,0,0,0.0,0,0,0,0.0,0,0,0.0,0,0,0,0,0,0.0,0,0.0,0,0.0,0,0.0,0.0,0.0,1,0,0.0,0.0,0,0.0,0.0,0
1,1,0,0.877,0.0,1.206,0.0,0.5,0.595,0.75000,0,0.91201,0.12094,0.628,0.14210,0.86922,0.091,0.75000,0.25000,0.586,0.5,0.75000,0,1.481,-0.233,0.5,0.418,0.499,0.26388,0.75000,0.25000,0.69635,0.29074,0.662,0.30293
0,0,0.0,-1,1,1,1,0,0,0.533,-1,1.157,-1.153,0.834,-1,-1,-1,0.0,0.0,-1,-1,0.0,0.0,0,0.0,-0.828,-1,1,-1,1.12,1,-1,-1,0.0,0
1,1,0,1.118,0,1,0,0.742,0.11111,1,-0.107,0.88889,-0.11111,1,-0.22222,0.77778,0.0,1.1,0.0,0.848,-0.11111,0.77778,-0.103,0.66667,-0.132,0.66667,0.0,0.90347,-0.05352,1,0.069,0.812,-0.11111,1.211,0
0,0,0,0,0,0,0.0,0,0.0,0,0.0,0,0,-1,-0.954,0.0,0.0,1,0.75000,0.0,0,0.0,0,-1,1.14,0.0,0,0.815,-1,-1,-1,1,1.408,0.0,0
1,1,0,1,0.285,0.63,-0.45455,0.691,0.117,1,-0.09091,1,0,1,-0.27273,1,-0.18182,1.349,0.09091,1,0,0.819,-0.416,1,0.09091,0.741,-0.125,1,-0.04914,1.068,0.568,1,-0.27273,1.338,-0.116
0,1,0.0,0.544,-0.605,0,0,0.0,0,0.308,0.28788,0.397,0.39394,-0.053,0.51894,0.36364,0.31439,-0.53788,0.32955,0.12121,-0.082,0.014,-0.53409,-0.57576,0.17803,0.29167,-0.249,0.276,-0.57576,0.43182,0.232,0.18182,-0.015,0.17045,-0.41667
1,1,0,0.655,0.11765,1,0.185,1,0.41176,0.645,0.05882,0.755,0.23529,1.322,0.08,0.759,0.47059,1.476,-0.059,0.871,-0.11765,1,0.35294,1,0.466,1,-0.129,1,0.20225,1,0.05882,1,0.352,1,0.23529
0,1.051,0,0,0,-1,-0.536,1.329,0.51064,0.07979,-0.23404,-1,-0.492,0.187,-0.59043,1,-1,0,0,0.887,-0.07979,-0.25000,1,0.195,-0.67,0,0,-0.19149,-0.46809,-0.161,-0.292,1.1,0.949,-0.67553,0.564
1,1.339,0,0.91667,0.156,0.83333,-0.203,0.70833,0.25000,0.87500,-0.052,0.91667,0.028,1.008,0.071,0.70833,0,0.87500,0.04167,1.034,0.08333,0.907,-0.08333,0.75000,0.16667,0.83333,-0.106,0.721,0.05503,1,0.20833,1.012,0,0.677,0.04167
0,1,0,0.18590,-0.182,0.0,0.0,0.0,0.0,0,0.0,0,0.0,0.144,-0.268,0,0,0.0,0,0,0.0,0,0,-0.05128,-0.06571,0.086,0.08974,0.214,-0.10897,0.12500,0.09615,0.02564,-0.04808,0.16827,0.19551
1,1,0,1,-0.08183,1,-0.11326,0.938,-0.158,1,-0.33075,0.647,-0.34281,0.665,-0.313,0.91904,-0.48170,0.73084,-0.65224,0.942,-0.63544,0.54,-0.603,0.357,-0.613,0.881,-0.96296,0.547,-0.85669,0.39,-0.83893,0.24117,-0.88846,0.29221,-0.89621
0,1,0.0,0.688,1,-1,1,-1,-0.82456,0.34649,0.212,0.663,0.039,0.312,0.085,0.35088,0.34649,0.72807,-0.03947,0.233,0.702,0.0,0.0,-0.29825,-0.16228,1,-0.66667,1,-1,1,-0.284,0.35088,0.125,0.82895,0.07895
1,1,0,0.703,0.24077,0.99815,0.002,0.508,-0.30133,0.878,-0.233,0.70643,-0.24077,0.73855,-0.211,0.71492,-0.394,0.47194,-0.61189,0.40473,-0.55059,0.873,-0.39328,0.53176,-0.32681,0.314,-0.52142,0.29208,-0.62,0.072,-0.305,0.214,-0.51329,0.18353,-0.46603
0,0,0,-1,1,0.817,-0.83,0.0,0.0,0,0,1,-0.859,1.028,0.7,0.0,0,1,-0.722,0,0,0,0,0.874,1,-0.574,1,1.111,-1,-1,1,-1,-1,0.0,0
1,1.293,0,0.646,-0.19448,0.96419,-0.17674,0.866,-0.214,0.81702,-0.27070,0.79271,-0.28909,0.70302,-0.287,0.833,-0.49967,0.37254,-0.70729,0.35,-0.72109,0.563,-0.368,0.278,-0.59691,0.14750,-0.762,0.09312,-0.59589,-0.07162,-0.376,-0.01840,-0.54074,-0.088,-0.47898
0,1,0.0,-1,-1.081,-0.50694,1,1,-1.179,1.428,0.436,0,0,0.23958,-1.296,1,1,0,0,1,0.715,0.731,1,0,0.0,-0.71528,1,0.396,-1,1,-1.493,0.844,-1,0.284,1
1,1.455,0,0.874,0.43460,0.644,0.76160,0.05,0.93460,-0.472,0.88186,-1.078,0.61181,-0.698,0.19409,-0.86709,-0.25527,-0.731,-0.536,-0.25105,-1.234,0.16245,-0.86498,0.514,-0.66878,0.74895,-0.28903,0.77937,0.07933,0.373,0.42827,0.31435,0.62447,-0.00422,0.924
0,0.904,0.0,1,0.701,0,0.0,1,-1.023,-0.656,-1,1,1,1,-1,0,0,1,-1,1.205,1,0.0,0,1.034,-0.946,-1,-0.682,1,1,-1,1,-1,1.141,0.0,0
1,0.868,0.0,1,0.63548,0.517,1.234,0.77123,1,-0.33333,1,-1,0.974,0,1,-1,1,-1,0.0,-1,-0.66667,-1.095,-0.531,-1,-0.302,-0.33333,-1,0.191,-0.894,1.182,-1,0,-1,1,-0.499
0,0,0.0,-1,1.053,-1,-1,0,0,-1.228,1,1,-1.366,-1.002,-0.944,-1,0.518,0,0,-1.359,-1,-1,1.098,0.0,0,1,-1,1.155,1.027,1,-1,1,1,0.0,0
1,1,0.0,1.289,0.06843,0.551,0.209,1,0.161,1,-0.12500,1,0.39495,1,0.483,1,0.52,-0.37500,1,1.318,0.0,1,1.14,0.535,0.623,1,1,1,0.731,1,0.25000,1,1,1,1
0,0,0,-1,-1,0,0,0.0,0.0,0.0,0,0.0,0.0,0,0,1,-1,0.0,0.0,-1,-1,0,0.0,1,1,1,-1,0.964,-1,0,0.0,0.0,0.0,0.0,0
1,1,0,0.64947,-0.072,0.779,-0.076,-0.13129,-0.217,0.29796,0.04403,0.38096,-0.209,0.28931,-0.31997,0.03459,-0.18947,0.15,-0.42,0.116,-0.29052,0.09513,-0.238,0.06556,-0.252,0.03004,-0.134,-0.00046,-0.23210,-0.022,-0.21129,-0.039,-0.18950,0.01336,-0.27201
0,1.154,0,0.0,0,0.0,0,0.0,0.0,0.0,0,0.689,-0.395,0.16667,0.26042,0,0,0,0.0,0,0.0,-0.19792,-0.21875,-0.152,0.90625,-0.592,0.5,0.04167,0.75000,-0.22917,-1,-0.12500,-0.346,-0.19792,-0.93750
1,1,0,1,0.05149,0.99363,0.111,0.489,0.14756,0.787,-0.26496,0.66026,0.696,0.568,0.25283,1.011,0.334,0.381,0.28714,0.621,0.29304,0.642,0.217,0.45582,0.28476,0.364,0.27226,0.32930,0.259,0.27381,0.23568,0.22427,0.21378,0.18086,0.19083
0,1,0,1.393,-0.09524,-0.78,-1,-1,-1,1,0.31746,0.696,0.539,-1,-0.888,-1.019,1,0.47364,1,1,1,0.412,-1.182,-1.284,-0.869,0.82937,0.36508,1,1,1,0.374,-1,-0.31,-0.518,0.72831
1,1.105,0,0.93669,-0.001,0.662,0.43204,0.92314,-0.40129,0.93123,0.246,1.258,0.09061,1.209,0.078,0.846,0.035,0.84628,-0.25324,0.87379,-0.14482,0.84871,0.26133,0.98,-0.03641,0.84547,-0.02589,0.87293,-0.02302,0.98544,0.09385,0.78317,-0.139,1.124,-0.116
0,1,0.0,1,-1,1,1,0.713,1,1.03,-0.5,1,0.791,1,1.126,1.156,1,0,0,0.853,0.845,1,1.093,1,-1,1,1,1,0.683,1,-0.65,-1.053,1,1,0.838
1,1,0.0,0.879,0.23058,1.189,-0.78509,1,-0.069,0.795,0.15414,1,0.27820,0.98120,-0.06861,1,0.06610,0.763,-0.25,0.83584,-0.15633,0.97400,0.03728,0.624,0.09242,0.759,-0.01253,1.082,-0.04597,1.198,0.03885,1.391,-0.13722,0.485,-0.11717
0,1,0.0,0.254,-1,-1,-0.593,-0.07661,1.236,1,0.973,0.74597,-0.547,-0.676,-0.79313,-0.09677,0.531,0.48684,0.695,0.308,-0.27461,-0.14343,-0.20188,-0.168,0.06895,0.03021,0.06639,0.03443,-0.008,-0.00403,-0.01,-0.00761,0.00108,0.00015,0.00325
1,0.721,0,0.792,0.448,0.57,-0.16964,1,-0.07653,0.98151,-0.07398,0.809,0.20663,0.99745,0.02105,0.568,0.02487,1,-0.166,0.882,0.07717,1,0.00191,0.463,0.232,1,-0.082,1,-0.006,0.75638,0.07908,1,-0.18750,1.483,-0.05740
0,0,0,0,0.0,0.0,0,0.0,0,0,0.0,0,0,1.279,1,0.932,1,1,-1,0.0,0,1,1.292,0.658,-1.326,1,1,0.571,0,1,0.61,1.233,-1,0,0
1,1,0.0,1,-0.285,0.678,-0.25346,0.94623,-0.264,1,-0.30566,0.834,-0.49057,0.90818,-0.44119,0.86,-0.743,0.69748,-0.58019,0.59623,-0.67,0.436,-0.70975,0.54465,-0.87327,0.544,-0.73333,0.35504,-0.76054,0.26352,-0.78239,0.121,-0.647,0.117,-0.70000
0,1.083,0,0.0,0,0,0,0,0.0,-0.85000,-0.927,0.0,0.0,1.312,-1.046,0,0.0,-1,-1.164,-1,-1,1,-1,-0.60000,-1,1.46,1,-1,-0.20000,1,-1,0.0,1.094,0,0
1,1,0,1,0.11,0.95455,-0.09091,0.637,0.0,1,0,1.154,0,1,0.026,1.361,-0.066,1,0,1,0.0,0.86364,0.09091,0.77273,0.051,0.90909,0.046,0.91541,0.02897,1.339,0.09091,0.86364,-0.056,1.029,0.04545
0,0,0,0.0,0.0,-1,1,1,0.523,-0.815,-1,0,0.0,-1,-1,-1,-0.33,-1.21,-1,1,-1,1.017,-1.346,0,0,1,-1,-1.312,-0.901,0,0,1,-0.683,0.0,0
1,1,0,0.91176,-0.056,0.97059,0.17647,1.095,0.115,0.91176,-0.021,0.97059,-0.17647,0.97059,0.075,0.94118,0.02941,0.622,0.0,1,0.0,0.59,0.11765,0.88235,0.02941,0.687,0.02941,0.92663,0.02600,0.94118,-0.171,0.578,0.05882,1.078,0.05882
0,1,0.0,-1,1,-1,0.102,0.177,1,-0.604,1,-1,-0.664,1,1,-1,-0.23476,0.28301,-0.898,1,1,-0.402,-0.543,-1,-1.219,1,-1,-1,-0.049,1.068,-0.569,-1.035,-0.32317,0.14939,1
1,1,0,0.47368,-0.10526,0.751,0.01756,0.83155,0.02615,0.68421,-0.029,0.701,0.0,0.544,0.036,0.619,0.039,0.84211,0.47368,1.237,0.05263,0.72550,0.088,0.70301,0.092,0.42105,0.21053,0.65419,0.08968,0.52632,-0.202,0.60150,0.09534,0.63,0.09719
0,1,0.0,-0.00641,-0.472,0,0,-0.01923,1,0,0,0.0,0,0.0,0.0,0.0,0.0,0.0,0,0.41,0.654,-0.379,0.74359,-0.34615,-0.80769,0,0,-0.625,-0.51282,0,0,0,0.0,0,0
1,1,0,0.69,0.473,1.476,0.54545,0.81818,0.647,1,-0.124,1,0,0.81818,-0.45455,0.788,0.24,1,-0.63636,1,-0.27273,0.90909,-0.45455,0.847,0.07750,1.489,-0.067,0.54,0.08867,1,0.318,1,0.595,0.72727,0.27273
0,0,0.0,-1.299,-1.421,1.137,-0.761,-1,1,0,0,1.046,-1,1,-1,0,0.0,0,0,0,0,-1,1,1,-0.783,-1,0.649,1,0.648,0.0,0.0,1,0.557,0,0
1,1,0.0,0.45455,0.052,0.873,0.09091,0.272,0.18182,0.63636,0.0,0.267,-0.073,0.45455,-0.077,0.48612,-0.013,0.63636,-0.18182,0.45455,0,0.36364,-0.076,0.27273,0.18182,0.36364,-0.098,0.34442,-0.01768,0.27273,0.0,0.36364,0.0,0.28985,-0.01832
0,1,0,-1,-0.381,0,0,-1,0.64516,-0.87097,0.792,0.0,0,0,0.0,0.0,0.0,0,0.0,0.0,0,-1,-0.575,0.0,0,0.29839,0.23387,1,0.352,0,0,0.0,0,0,0.0
1,1,0,1.143,0.15,0.667,0.71429,1,0.552,1,-0.085,0.85714,-0.14286,1,0.02534,1.199,0,0.336,-0.14286,1,0.03617,1,-0.346,1,0,0.221,-0.25,1,0.04891,1.02,0.028,1.284,0.57143,1,0
0,0,0.0,1.242,1,1,-1,1,1,0.632,1,1.181,1,1,-1,1,0.819,1.134,-1.02,1.083,-1,1,0.683,1,1,1,-1.298,0.973,1,1,1.474,1,1,0.959,1
1,1,0.0,0.87032,0.403,0.53945,0.482,0.10380,0.95275,-0.38033,0.551,-0.495,0.541,-1.373,0.16731,-0.82417,-0.24942,-0.59383,-0.546,-0.15,-0.82881,0.18823,-0.78699,0.51557,-0.434,0.898,-0.24843,0.752,0.10484,0.52798,0.39762,0.25974,0.761,-0.06739,0.57552
0,0,0.0,1.439,-1,1,0.668,1.231,-1,1,1.116,1,-1,1,-1,1,-1,0.905,1,1.031,1,1,1,1.019,-1,1.005,1,1.355,1,1,0.707,1.431,1,1,-0.671
1,1,0,0.92657,0.04174,0.89266,0.15766,0.86098,0.174,0.83675,0.36526,0.80619,0.485,0.76221,0.601,0.62,0.48360,0.60101,0.51752,0.53392,0.52180,0.48435,0.54212,0.417,0.448,0.33340,0.55274,0.182,0.467,0.125,0.636,0.101,0.384,0.097,0.46571
0,0,0,1,1,1,-1,1,-1.092,1.129,1,0.0,0.0,1,-1.153,0,0,0,0.0,0,0,-0.855,0.828,0.533,1.12,0.0,0,1,1,0.0,0,-1,-1,0.0,0
1,1,0,0.93537,0.152,0.856,0.245,0.85705,0.434,0.491,0.47127,0.886,0.508,0.606,0.75000,0.50830,0.73586,0.41629,0.82742,0.25539,0.85952,0.086,1.02,0.00494,0.88869,-0.07361,0.79780,-0.20995,1.0,-0.33169,1.01,-0.38532,0.64363,-0.574,0.55835
0,0,0,1.04,-1,-1.311,0.783,-1.408,1,1,1,1,1,-1,-1,-1,-0.815,0.9,1.14,0.954,-1.193,-1,-1,-1.381,-1.181,1,0,1,-0.938,1,-0.94,-1,1,-1,1
1,1.282,0,0.80627,0.097,0.985,0.24323,0.405,0.19038,0.36923,0.45577,0.614,0.46439,0.25000,0.361,0.174,0.464,0.097,0.51877,-0.09808,0.57500,-0.03462,0.458,-0.08856,0.44424,-0.171,0.40006,-0.19940,0.34976,-0.23832,0.29541,-0.218,0.23896,-0.319,0.31154
0,0,0.0,0.893,-1,0.557,0.957,0.721,-0.913,1,1,1,-0.667,0.528,1,1,-1,0.875,-1.073,1,0.95,1,1,1,-0.555,1,-1,1,-0.698,1,1,1,-1,1,1
1,1.133,0.0,0.97467,0.13082,0.94120,0.175,0.573,0.32248,0.583,0.32711,0.584,0.598,0.567,0.52284,0.69946,0.58820,0.58548,0.66893,0.48869,0.70398,0.44245,0.68159,0.35289,0.755,0.26832,0.575,0.16813,0.79,0.07497,1.188,-0.02962,0.77702,-0.113,0.74242
0,0,0.0,0.0,0,1,0.853,0,0.0,1,1,0,0,1.465,-1.478,0.0,0,0,0.0,0.0,0.0,0.0,0,0,0,0,0,1,-1,0,0,-1,0.596,0.0,0
1,1,0.0,0.92308,0.15451,0.86399,0.29757,0.878,0.493,0.70588,0.543,0.594,0.335,0.43270,1.067,0.31705,0.67697,0.19128,0.434,0.04686,0.76171,-0.164,0.76969,-0.125,0.868,-0.29291,0.65708,-0.33,0.58553,-0.46799,0.50131,-0.53146,0.40732,-0.351,0.35095
0,0,0,0,0,1,0.693,1,1,0,0.0,0.0,0.0,-1.393,-1,0,0.0,-1.196,-1,0.0,0,0,0.0,1,1,0,0.0,1.25,1.09,0,0.0,-1,1,0,0
1,1,0,0.914,0.38138,0.65926,0.459,0.29148,0.677,-0.06726,0.591,-0.52,0.80441,-0.64574,0.56502,-0.82960,0.302,-0.78940,-0.08205,-0.42,-0.293,-0.46637,-0.431,-0.16449,-0.527,0.09562,-0.61055,0.42,-0.48392,0.262,-0.158,0.47029,-0.09461,0.42152,0.12556
0,0,0,0.807,-0.619,1,1.233,1.439,0.559,1,1.415,1,1,1,-1,1.368,1,1,1.021,1,-1,1,-0.688,1.323,-1,1,-1,1,1.49,1,-1,1,1.005,1.156,1
1,1.092,0.0,0.73523,-0.38293,0.80151,0.058,0.78826,0.15266,0.543,0.05252,1,0.21225,0.71947,0.371,0.68798,0.45,0.49672,0.17287,0.639,-0.02845,0.57399,0.239,0.413,0.44872,0.598,0.754,0.44174,0.48200,0.178,1,0.247,0.49721,0.30588,0.49831
0,0.0,0,0,0.0,0,0,0,0,0.0,0.0,0,0,0,0,0,0.0,0.0,0,0.0,0,0,0.0,0,0.0,0,0.0,1.405,1,0.0,0,0,0,0.0,0
1,1,0,0.94649,0.006,1.258,-0.00260,1.375,0.004,0.95801,0.01598,0.94054,0.046,0.97213,0.04719,0.98625,0.01858,0.545,0.059,0.935,-0.00706,0.97770,0.034,0.96358,0.07098,1.206,0.097,0.95243,0.051,0.97473,0.00818,0.97845,0.07061,0.7,-0.00260
0,0,0,1.296,1,-1.189,-1.209,-1,-1,0,0,0.0,0.0,-1,-1,0.0,0,0,0,0,0,-0.504,0.731,0.715,1.428,0,0.0,1,-0.554,0,0,-1,-1,-1.493,-1
1,1,0,0.672,-0.16900,0.71442,0.01513,0.71063,0.02258,0.68065,0.016,0.34615,0.05594,0.69050,0.04393,0.556,0.05058,0.498,0.057,0.63403,-0.04662,0.939,0.08,0.94,0.07381,1.083,0.091,0.863,0.08304,0.38228,0.06760,0.586,0.053,0.54632,0.09346
0,1,0,0.65,0.904,0.91973,-0.876,0.81773,0.04348,0.533,0.10702,0.86789,0.73746,0.70067,0.188,0.498,0.13712,1.127,-0.25084,0.742,0.18729,0.64883,0.24582,0.616,0.528,0.777,-0.53846,0.89262,0.22216,0.71070,0.53846,1,-0.061,0.645,0.23913
1,0.906,0,0.438,-0.07778,0.894,-0.29630,1,-0.444,0.80000,0.06111,0.45556,-0.42778,1,-0.12581,1.234,-0.83519,0.49259,0.01852,0.82222,-0.047,0.98215,-0.236,1,0.165,0.762,-0.23,0.92148,-0.239,0.759,0.02,0.87492,-0.27105,1,-0.57037
0,1,0,0.38521,0.15564,0.41245,0.074,0.29,0.24125,0.23346,0.13230,0.19455,0.344,0.24514,0.486,0.046,0.22957,-0.041,0.36965,0.05058,0.256,0.24903,0.09728,0.106,0.346,-0.03,0.35,-0.06024,0.26256,-0.14786,0.14,-0.109,0.31128,-0.19066,0.28794
1,1,0.0,0.4,-0.03175,0.75198,-0.047,0.903,-0.01190,0.53968,0.03373,0.451,0.09921,0.326,-0.02381,0.62698,0.01190,0.70833,0.02579,0.60317,0.01587,0.47817,-0.036,0.59127,0.03770,0.5,0.021,0.61291,-0.01237,0.764,-0.178,0.744,-0.01,0.62500,-0.031
0,1,0.0,0.06404,-0.131,-0.038,0.05911,0.08374,-0.013,-0.014,0.18719,0.06404,0,0.166,-0.09852,0.05911,0.0,0.01970,-0.02956,-0.12808,-0.104,0.058,0.01478,0.06897,0.023,0.07882,0.16256,0.362,-0.04926,-0.083,-0.085,0.04433,0.05419,0.07389,-0.10837
1,1,0,0.61857,0.058,0.70694,-0.06935,0.371,0.01678,0.698,0.00224,0.71029,0.15772,0.654,-0.00224,0.601,0.052,0.83669,-0.138,0.68680,-0.09060,0.463,-0.01342,0.60962,0.11745,0.953,-0.136,0.69845,-0.017,0.63311,0.04810,0.78859,-0.039,0.546,-0.04698
0,1,0,0.189,0.459,0,0,-0.17,-1,0,0.0,0.07595,-0.04,0,0,0.0,0.0,0.0,0,0,0,0.00759,0.68101,-0.20000,0.399,-0.061,0.35696,0.051,-1.154,0.0,0,0.06329,-1,0,0
1,1,0.0,0.88103,-0.00857,0.89818,-0.013,0.94105,-0.025,0.89175,-0.12755,0.612,-0.10932,1.13,0.014,0.90782,-0.13719,0.87138,-0.06109,0.748,-0.022,0.917,-0.14577,1.013,-0.12433,0.90139,-0.138,0.896,-0.14903,0.84352,-0.12862,0.88424,-0.18542,0.524,-0.16827
0,1,0,0.505,-0.476,0.0,0.0,0,0,0.46458,0.52,0.504,0.011,0.0,0,0.0,0,0.16458,-0.45417,0.59167,-0.163,0,0,0.0,0.0,0.98750,-0.40833,-1,-1,-0.27917,-0.75625,0,0.0,0,0
1,1.089,0,0.88853,0.01631,0.92007,0.01305,1.351,0.009,0.89179,-0.10223,0.90103,-0.08428,1.215,-0.01033,1.272,-0.08918,0.86025,-0.066,0.621,-0.04024,0.848,-0.112,1.163,-0.11909,1.006,-0.14138,0.955,-0.11808,0.85536,-0.13051,0.656,-0.12452,0.86786,-0.12235
0,1,0.0,0.0,0.0,1,0.141,0.88444,-0.021,0,0,1,-0.42444,1,0.19556,0.853,-0.05333,1.291,-0.919,0,0,1.156,-0.035,0.838,-0.18667,0,0.0,1,-1,0.0,0,1,0.11778,0.90667,-0.09556
1,1.435,0,0.81143,0.03714,0.85143,-0.002,0.79000,0.005,0.79571,-0.051,0.44,0,0.85571,-0.059,0.86429,0.002,1.095,-0.05429,0.81000,-0.094,0.864,-0.08429,0.562,-0.05000,0.77000,-0.06857,0.81598,-0.08669,0.82571,-0.10429,0.649,-0.05000,1.08,-0.15143
0,1.401,0,0.0,0.0,0,0,0,0,0.0,0.0,0,0,-1,1,1,0.55172,0,0,0.0,0.0,0,0,0,0.0,0.0,0,1,1,0.0,0.0,0,0.0,0.0,0
1,1,0.0,0.49870,0.01818,0.43117,-0.069,0.50649,-0.04156,0.731,0.09610,0.259,0.05974,0.55844,-0.11948,0.477,-0.026,0.52727,-0.045,0.55325,-0.01039,0.56,-0.017,0.49091,-0.006,0.59221,0.0,0.53215,-0.033,0.43117,0.03377,0.54545,-0.05455,0.75,-0.08571
0,0.0,0,0,0.0,0,0,0,0,0.0,0.0,0,0,0,0.0,0,0,0,0,0,0.0,0,0,0.0,0,0,0,0.932,-1,0,0.0,0.0,0.0,0.0,0.0
1,1.106,0,1,0.377,1,0.25000,0.21,1,0.16851,0.618,-0.12,0.80454,-0.342,0.60793,-0.297,0.37856,-0.43663,0.195,-0.324,0.008,-0.26477,-0.114,-0.16178,-0.083,-0.07782,-0.12744,-0.02089,-0.075,0.01033,-0.07036,0.02224,-0.04142,0.02249,-0.02017
0,1,0.0,0,0.0,0.0,0,0.714,1,-1.164,-1,0,0,1,-0.087,0,0.0,0,0,-1,1,1,0.725,1.083,-1.151,0,0.0,1.046,-0.927,0,0,0,0,1,1
1,1,0,0.87048,0.211,0.764,0.69212,0.31347,0.535,-0.03933,0.90740,-0.604,0.79346,-0.70561,0.51560,-1.213,0.275,-0.81136,-0.103,-0.681,-0.534,-0.38334,-0.62861,-0.13013,-0.70762,0.228,-0.807,0.38544,-0.51568,0.393,-0.29897,0.321,-0.05938,0.51460,0.16645
0,1.21,0,0,0.0,0,0,0,0,-1,1,0,0,1,0.394,-0.098,-0.12000,0.0,0,-1,-1.017,0,0,1,-1,0.0,0.0,1,0.155,0.0,0.0,0,0,0.0,0.0
1,1,0,0.88179,0.43491,0.59573,0.625,0.1,0.681,-0.315,0.92544,-0.389,0.71257,-0.86443,0.175,-0.92384,-0.05338,-0.77356,-0.44707,-0.46950,-0.437,-0.098,-0.634,0.383,-0.493,0.55984,-0.744,0.853,-0.24433,0.72478,0.09599,0.58137,0.38915,0.34749,0.57656
1,1,0,0.198,0.02520,0.15236,0.259,0.1,0.74003,-0.25706,0.92324,-0.10312,0.19380,-0.61352,0.25786,-0.587,-0.074,-0.071,-0.095,-0.30315,-0.571,-0.11409,-0.85597,0.02668,-0.243,0.27942,-0.06295,0.29,-0.068,0.27657,-0.118,0.135,0.13296,0.12197,0.20468
1,1,0,0.83427,0.351,0.613,0.78579,0.097,0.89402,-0.33221,0.857,-0.70086,0.59564,-0.86622,0.24,-0.81,-0.24164,-0.326,-0.887,-0.19354,-0.87787,0.088,-0.89064,0.51109,-0.896,0.79143,-0.189,0.83008,0.059,0.66592,0.49079,0.37542,0.805,-0.03983,0.79444
1,0.943,0.0,0.62335,-0.031,0.59085,0.00481,0.60409,-0.087,0.381,0.00963,0.62455,-0.091,0.67028,0.094,0.62936,-0.08424,0.67509,0.09146,0.722,0.0,0.58965,0.141,0.352,0.03129,0.65945,0.14079,0.60463,0.02019,0.51384,0.045,0.61733,-0.013,0.61372,-0.09146
1,1,0,0.922,-0.02390,0.963,0.03309,0.72243,0.16912,0.79228,0.07721,0.81434,0.654,0.63787,0.005,0.70772,0.15,1,0.057,0.61029,0.05147,0.591,0.04228,0.441,-0.254,0.72978,-0.15809,0.61727,0.038,0.30882,0.08640,0.825,0.055,0.628,0.21691
1,1,0.0,0.469,0.18923,0.78157,0.01780,0.77486,0.028,0.65077,-0.10308,0.77538,0.063,0.73961,0.056,0.72322,0.037,0.68615,-0.08923,0.61692,0.16308,0.429,0.07573,0.829,0.08041,0.67,-0.07231,0.58803,0.08767,0.55077,0.365,0.607,0.06,0.268,0.09322
1,1,0,0.68317,0.043,0.84803,0.00202,0.84341,0.003,0.905,0.096,0.75813,0.04102,0.81892,0.00585,0.469,0.004,0.671,-0.091,0.77935,-0.03,0.76365,0.00909,0.74635,0.00978,0.405,-0.025,0.70824,0.015,0.62235,0.097,0.66624,0.01190,0.64407,0.01227
1,0.682,0,0.5,0,0.38696,0.10435,0.354,0.037,0.374,-0.03913,0.355,-0.1,0.45652,0.04783,0.50435,0.02609,0.35652,0.181,0.42174,0.14783,0.282,-0.02609,0.192,-0.065,0.47391,-0.007,0.41789,0.06908,0.38696,0.03913,0.225,0.114,0.44783,0.17391
1,1,0.0,0.79830,0.09417,0.604,0.20656,0.819,0.28068,0.69320,0.41252,0.439,0.527,0.57898,0.60814,0.264,0.459,0.34,0.67861,0.29587,0.63548,0.074,0.68104,0.02066,0.874,-0.08748,0.63183,-0.11925,0.728,-0.159,0.56015,-0.25516,0.306,-0.27339,0.42467
1,1,0.0,1,0.09802,1,0.171,0.98390,0.39,0.80365,0.53020,0.931,0.60297,0.546,0.71942,0.55311,0.74079,0.29452,0.82193,0.21137,0.653,0.09709,0.82162,-0.011,0.79870,-0.15144,0.819,-0.259,0.889,-0.308,0.791,-0.40291,0.804,-0.42815,0.44534
1,1,0,0.89410,0.13425,0.87001,0.47,1.023,0.43388,0.547,0.59975,0.54003,0.536,0.369,0.76161,0.24266,0.79523,0.09134,0.79598,-0.054,0.76261,-0.135,0.66926,-0.407,0.62610,-0.528,0.549,-0.46215,0.255,-0.432,0.27252,-0.331,0.19172,-0.48808,0.05972
1,1.431,0,0.94631,0.17498,0.90946,0.33143,0.85096,0.49960,0.73678,0.63842,0.604,0.73838,0.489,0.83614,0.204,0.90665,0.1,0.93429,-0.009,1.146,-0.18880,0.809,-0.33023,1.187,-0.46534,0.853,-0.58563,0.469,-0.456,0.542,-0.75321,0.42488,-0.81210,0.26092
1,1,0,0.91767,0.18198,0.86090,0.35543,0.678,0.45747,0.408,0.843,0.746,0.645,0.36100,0.718,0.15664,0.47,0.00396,0.85210,-0.16390,0.77853,-0.35996,0.76193,-0.43087,0.65385,-0.53140,0.451,-0.60328,0.329,-0.768,0.193,-0.513,0.134,-0.64056,0.05394
1,1,0.0,0.865,0.21106,0.63935,0.38112,0.48409,0.52500,0.125,0.22273,0.159,0.59565,-0.07727,0.44545,0,0.48636,-0.157,0.54,-0.56136,0.36818,-0.36591,0.196,-0.346,0.07588,-0.205,-0.03229,-0.394,-0.12486,-0.27540,-0.163,-0.19962,-0.24648,-0.138,-0.305
1,1,0.0,0.58940,-0.60927,0.85430,0.55298,0.81126,0.07285,0.56623,0.16225,0.32781,0.24172,0.712,0.12252,0.774,0.192,0.856,0.362,0.604,0.13907,0.65232,0.254,0.68874,0.081,0.51872,0.26653,0.6,0.172,0.46216,0.366,0.43484,0.29324,0.379,0.29942
1,1,0.0,1,0.11385,0.70019,-0.12144,0.767,0.09677,0.84,0.012,0.56167,-0.102,0.824,0.12524,0.56,0.037,0.53131,-0.03416,0.69450,0.238,0.592,0.07211,0.32068,0.05882,0.737,0.37381,0.49090,0.14,0.15180,0.32448,0.44141,0.18897,0.64,0.15180
1,1,0.0,0.84843,0.06794,0.80562,-0.02299,0.77031,-0.03299,0.9,-0.06620,0.59582,-0.07666,0.67260,-0.072,0.403,-0.06438,0.39199,0.052,0.449,0.01394,0.55970,-0.06,0.53430,-0.058,0.47038,-0.313,0.624,-0.058,0.52613,-0.08537,0.592,-0.09621,0.42223,-0.105
1,1,0,1,0.086,0.96775,-0.003,0.539,-0.007,0.87980,-0.03923,1,0.01,0.96186,-0.013,0.95947,-0.016,0.879,0.01002,0.481,-0.08848,0.685,-0.02364,0.94636,-0.02591,0.896,0.011,0.93772,-0.03034,0.875,-0.05843,0.92774,-0.03464,0.92226,-0.03673
1,0.655,0,0.634,-0.135,0.42784,-0.12371,0.611,-0.39175,0.73196,0.082,0.388,-0.21649,0.494,0.15979,0.45361,-0.081,0.331,0.06186,0.5,-0.176,0.54639,0.141,0.42268,0.08247,0.70619,0.19588,0.53396,-0.12447,0.15464,-0.26289,0.47423,0.041,0.342,-0.51546
1,1,0.0,0.931,-0.04388,0.76530,0.021,0.61432,0.479,0.805,-0.005,0.674,0.08314,0.79446,-0.43418,0.72517,0.54965,0.59584,0.13857,0.667,0.21940,0.63279,-0.25404,0.70951,0.227,0.552,0.23095,0.651,0.189,0.61663,0.104,0.66316,0.19841,0.69053,0.36721
1,1,0,0.50112,-0.019,0.61124,0.01348,0.58876,0.019,0.58876,0.014,0.954,-0.00449,0.872,-0.063,0.905,0.008,0.548,0.02472,0.64719,-0.07416,0.56854,0.14157,0.495,-0.03596,0.481,0.04944,0.56588,0.00824,0.322,-0.03596,0.54607,0.066,0.60674,-0.08090
1,1,0.0,0.855,-0.00647,0.66667,-0.04207,0.63107,-0.065,0.77994,0.08091,0.467,0.09709,0.705,0.15858,0.663,-0.014,0.361,-0.04531,0.404,-0.10032,0.64725,0.14887,0.39159,0.21683,0.52427,-0.05502,0.45105,0.001,0.437,-0.06796,0.49191,-0.132,0.30421,-0.032
1,1,0.0,0.701,0.10370,0.728,0.03457,0.65185,0.107,0.60988,-0.00494,0.79012,0.11852,0.59753,0.04938,0.62469,0.074,0.78272,-0.17531,0.73827,-0.10864,0.319,0.00988,0.403,0.067,0.66667,-0.178,0.495,-0.016,0.76543,0.012,0.687,-0.07160,0.51358,-0.04691
1,1,0,0.60678,-0.039,0.67119,0.047,0.328,-0.04407,0.50508,0.03729,0.70508,-0.107,0.57966,-0.02034,0.53220,0.07797,0.358,0.11864,0.806,-0.024,0.535,0.00678,0.946,-0.03390,0.52881,-0.03390,0.57262,0.006,0.58644,-0.00339,0.406,-0.04,0.619,0.06780
1,1,0.0,0.483,0.09709,0.29612,0.05825,0.458,0,0.57282,-0.017,0.636,0.02427,0.429,0.027,0.52427,0.00485,0.47087,-0.061,0.336,0.00485,0.34951,0.05825,0.18932,0.25728,0.31068,-0.15049,0.36547,0.03815,0.249,0.239,0.375,0.0,0.37379,-0.01942
1,1,0,0.98822,0.024,0.93102,0.293,0.83904,0.35222,1.049,0.48906,0.73584,0.375,0.316,0.421,0.443,0.66237,0.31800,0.70443,0.28379,0.571,0.066,0.73696,0.07,0.71284,-0.16489,0.69714,-0.135,0.60510,-0.16209,0.456,-0.34717,0.44195,-0.33483,0.411
1,0.578,0.0,0.685,0.15810,1.165,0.416,0.82039,0.638,0.71760,0.778,0.58827,0.73743,0.402,0.83156,0.25140,0.84804,0.04700,0.585,-0.12193,0.79749,-0.26180,0.671,-0.37835,0.71676,-0.51034,0.58324,-0.744,0.46040,-0.61899,0.209,-0.65754,0.255,-0.64134,0.02968
1,1,0,1.185,0.21677,0.55,0.47030,1.148,0.62415,0.39,0.559,0.36774,0.88291,0.10107,0.83312,-0.034,0.89274,-0.306,0.934,-0.43707,0.61688,-0.796,0.48120,-0.65000,0.35534,-0.64658,0.192,-0.66651,0.02277,-0.64872,-0.159,-0.54615,-0.127,-0.382,-0.35032
1,0.999,0,0.94331,0.19959,0.96132,0.40803,0.80514,0.56569,0.825,0.70830,0.41836,0.68,0.14939,0.89489,0.067,0.93682,-0.288,1.117,-0.42811,0.75554,-0.292,0.62563,-0.487,0.751,-0.68851,0.30912,-0.77097,0.15619,-0.783,-0.04399,-1.083,-0.224,-0.339,-0.34367
1,1,0,0.73,0.32,0.823,0.52821,0.58167,0.843,0.34961,0.832,0.10797,0.949,-0.188,0.89335,-0.376,0.82163,-0.58835,0.62867,-0.76305,0.40368,-0.81262,0.18888,-0.81317,-0.039,-0.527,-0.324,-0.63237,-0.46438,-0.305,-0.61446,-0.26389,-0.70835,-0.08937,-0.486
1,1,0,0.813,0.35157,0.67333,0.62233,0.423,0.94353,-0.036,0.80510,-0.22838,0.602,-0.218,0.48816,-0.429,0.28415,-0.66750,0.116,-0.47359,-0.06193,-0.81056,-0.071,-0.172,-0.464,-0.12897,-0.662,0.07158,-0.51925,0.24321,-0.43478,0.36586,-0.269,0.246,0.13297
1,1,0.0,0.29073,0.10025,0.121,0.178,0.04,0.34336,0.158,0.26316,0.06266,0.21303,-0.052,0.174,-0.063,0.07907,-0.06328,0.04097,-0.063,0.01408,-0.057,-0.00280,-0.034,-0.01176,-0.01755,-0.01505,-0.00886,-0.01475,-0.00280,-0.014,0.00096,-0.00948,0.003,-0.00647
1,1,0.0,0.58459,-0.35526,0.73,0.189,0.75376,-0.00564,0.574,0.25,0.442,-0.298,0.65977,0.06391,0.51,0.14662,0.954,-0.42669,1.118,0.04511,0.417,0.20489,0.84774,-0.40977,0.64850,-0.04699,0.56836,-0.104,0.52820,-0.13346,0.15602,-0.067,0.44767,-0.10309
1,1,0,0.83609,0.111,0.39,0.06059,0.562,0.117,0.23888,0.12961,0.591,0.20330,0.49418,0.12686,0.406,0.105,0.29352,0.02922,0.48158,0.121,0.32835,0.106,0.29495,0.14638,0.26436,0.188,0.23641,0.14314,0.227,0.16137,0.18767,0.131,0.084,0.13198
1,0.741,0,0.496,0.121,0.646,0.01038,0.85124,0.01546,0.76966,-0.00278,0.84459,0.10916,0.83289,0.03027,0.692,0.033,0.626,0.01943,0.80019,0.018,0.80862,0.04901,0.427,0.076,1.034,0.018,0.79058,0.06235,0.85939,0.09251,0.77863,0.07090,0.77269,0.069
1,0.592,0,0.87111,0.04326,0.418,0.18297,0.682,0.29292,0.89455,-0.08337,0.88598,-0.02028,0.90446,-0.146,0.89410,0.237,0.88644,-0.04642,0.63,-0.009,0.97882,-0.195,0.78954,-0.25101,0.745,-0.106,0.85967,-0.02908,1.006,-0.055,0.75935,0.312,0.88238,0.09193
1,1,0,0.74916,0.02549,1.357,0.099,0.75855,0.12877,0.612,-0.112,0.95842,0.013,0.97921,-0.006,0.897,0.10195,0.954,0.041,0.71026,0.02683,0.81221,-0.08048,1,0,0.534,-0.01207,1.006,0.015,0.72435,-0.008,0.90409,0.11066,0.72837,0.02750
1,1,0,0.47337,0.186,0.06213,-0.18343,0.62316,0.007,0.336,-0.062,0.338,0.014,0.44675,0.244,0.71598,-0.03846,0.55621,0.12426,0.41420,0.1,0.52767,0.02842,0.605,-0.10651,0.248,-0.02367,0.46514,0.03259,0.53550,0.323,0.31953,-0.14497,0.353,-0.003
1,1,0,0.783,0.14689,0.69868,-0.13936,0.85122,-0.154,1.057,0.02448,0.50471,0.022,0.67420,-0.043,0.80791,-0.188,0.51412,-0.24482,0.989,-0.099,0.70245,-0.003,0.33333,0.057,0.56121,-0.33145,0.61444,-0.16837,0.691,-0.02072,0.53861,-0.341,0.67420,-0.322
1,1,0,0.84713,-0.028,0.86412,-0.08493,0.81953,0.0,0.639,-0.07643,0.71975,-0.13588,0.74947,-0.12,0.77495,-0.241,0.854,-0.232,0.87,-0.10191,0.626,-0.15711,0.638,-0.038,0.84926,-0.26115,0.74115,-0.23312,0.765,-0.19,0.72611,-0.37792,0.65817,-0.24841
1,1,0,0.87772,-0.065,0.83424,0.07337,0.84783,0.04076,0.918,-0.019,1.073,-0.05707,0.549,-0.053,0.426,-0.00543,0.88043,-0.20924,0.83424,0.043,0.86413,-0.045,0.97283,-0.27989,0.85054,-0.211,0.83705,-0.10211,0.85870,-0.026,0.78533,-0.156,1.045,-0.00543
1,1,0.0,0.74704,-0.187,0.53755,0.238,0.72727,0.09486,0.69565,-0.11067,0.66798,-0.23518,0.595,-0.19170,0.737,0.062,0.63043,-0.00395,0.41,-0.071,0.77,-0.174,0.66403,-0.28656,0.67194,-0.10474,0.61847,-0.12041,0.60079,-0.215,0.464,0.06917,0.61067,-0.008
1,1,0,0.46785,0.11308,0.58980,0.004,0.55432,0.06874,0.47894,-0.13969,0.611,0.012,0.947,-0.16186,0.67849,-0.024,0.795,-0.102,0.374,-0.04656,0.47894,-0.19512,0.294,-0.13525,0.213,-0.20177,0.53930,-0.11455,0.59867,-0.029,0.683,-0.138,0.56319,-0.04435
1,1,0.0,0.88116,0.27475,0.475,0.42881,0.61559,0.63662,0.38825,0.90502,0.09831,0.96128,-0.282,0.51,-0.474,0.956,-0.607,0.415,-0.481,0.45535,-0.81856,0.125,-0.83943,-0.103,-0.78334,-0.2,-0.67557,-0.45511,-0.54732,-0.60858,-0.30512,-0.43,-0.19312,-0.75597
1,1,0.0,0.93147,0.29282,0.79917,0.55756,0.407,0.485,0.26203,0.92651,0.04636,0.96748,-0.169,1.108,-0.421,0.81018,-0.73329,0.523,-0.90995,0.32,-0.83,0.06040,-0.93618,-0.126,-0.83192,-0.46906,-0.65165,-0.769,-0.414,-0.85725,-0.171,-0.93953,0.10007,-0.94823
1,1,0,0.88241,0.30634,1.069,0.809,0.34109,0.58527,0.066,1,-0.09238,0.92118,-0.62403,0.753,-0.544,0.32558,-0.948,0.41195,-1,-0.008,-0.78973,-0.41085,-0.997,-0.45478,-0.62,-0.67605,-0.226,-0.594,-0.028,-1.139,0.25392,-0.82127,0.00194,-0.81686
1,1,0.0,0.83479,0.28993,0.971,0.47702,0.49234,0.815,0.21991,1.243,-0.08096,0.85011,-0.35558,0.64,-0.52735,0.58425,-0.854,0.31291,-1.135,0.029,-0.718,-0.15317,-0.58315,-0.39168,-0.37199,-0.52954,-0.094,-0.60863,0.08425,-0.61488,0.155,-0.586,0.232,-0.35339
1,1.312,0,0.634,0.33164,0.76168,0.62349,0.402,0.84266,0.267,0.729,-0.073,0.96167,-0.426,0.83590,-0.70747,0.65490,-1.177,0.36750,-0.969,0.05595,-0.89824,-0.26173,-0.73969,-0.54069,-0.317,-0.76,-0.331,-0.86122,0.07810,-0.87159,0.436,-0.78057,0.59407,-0.60270
1,1,0,0.798,0.31456,0.65541,0.359,0.222,0.569,0.17293,0.609,-0.18976,0.415,-0.41729,0.66541,-0.68421,0.47744,-0.994,0.19492,-0.72180,-0.04887,-0.62030,-0.28195,-0.49165,-0.385,-0.135,-0.393,-0.022,-0.69706,0.22708,-0.64428,0.43100,-0.605,0.64662,-0.393
1,1,0,0.98455,-0.02736,0.843,-0.04104,1,-0.082,0.596,0.01456,0.95278,-0.023,1.02,-0.05,0.62,-0.07149,0.529,-0.09532,0.554,-0.12224,0.659,-0.05252,0.95278,-0.08914,0.97352,-0.08341,0.96653,-0.12912,1.273,-0.14916,1.243,-0.192,0.96778,-0.18800
1,1,0,0.94052,-0.01531,1.068,0.011,0.94994,-0.01472,0.95878,-0.01060,1.356,-0.03710,0.691,-0.01767,0.97055,-0.03887,0.95465,-0.04064,0.95230,-0.054,0.94229,-0.02,0.632,-0.042,0.92049,-0.055,0.625,-0.05827,0.714,-0.041,0.91991,-0.07244,0.944,-0.07420
1,1,0,0.97032,-0.14384,0.91324,-0.00228,0.582,-0.184,0.98630,0.18265,0.91781,0.002,0.822,-0.08447,0.91324,-0.003,0.86758,-0.061,0.97032,-0.26,1.384,0.104,1.201,-0.05251,1.289,0.095,0.94043,-0.09252,0.97032,-0.19,0.85388,-0.08676,0.96575,-0.21918
1,1,0,0.362,-0.05,0.834,0.08475,0.52542,-0.16949,0.30508,-0.009,0.50847,-0.13559,0.64407,0.28814,1.13,-0.35593,0.672,0.01695,0.55932,0.034,0.59322,0.226,0.86441,0.043,0.40678,0.15254,0.993,-0.003,0.66102,-0.03390,0.83051,-0.143,0.668,-0.10169
1,1,0.0,0.33333,-0.25000,0.338,0.22222,0.38889,0.16667,0.592,0.13889,0.5,-0.11111,0.574,-0.08443,0.457,0.33333,0.294,0.02778,0.162,-0.273,0.47222,-0.036,0.52778,-0.02778,0.442,0.054,0.41543,-0.14256,0.252,-0.13889,0.411,-0.14809,0.08333,-0.5
1,1,0.0,0.426,1,1,0.318,0.764,0.80833,0.45622,0.267,0.33081,1,0.123,1,-0.17416,1,-0.33,1.355,-0.61382,0.837,-0.52674,0.605,-0.88500,0.47894,-1,0.281,-1,0.09569,-1,-0.16713,-0.735,-0.42226,-0.91903,-0.333
1,0.814,0,0.544,0.49638,0.83550,0.54301,0.54916,0.72063,0.35,0.70792,0.13469,0.94749,-0.078,0.723,-0.37604,0.549,-0.336,0.71161,-0.68358,0.393,-0.70163,0.199,-0.473,0.02995,-0.98988,-0.29099,-0.479,-0.32792,-0.364,-0.19185,-0.316,-0.60454,-0.19609,-0.62956
1,1.284,0.0,0.558,0.42904,0.72113,0.7,0.353,0.78115,0.16470,0.82732,-0.07,0.86947,-0.46177,0.78497,-0.59435,0.52070,-0.78470,0.26529,-0.735,0.03928,-0.62041,-0.33,-0.47412,-0.384,-0.37298,-0.67796,-0.052,-0.717,0.14690,-0.355,0.22,-0.39167,0.48319,-0.24313
1,1,0,0.93658,0.35107,0.75254,0.65640,0.45571,0.88576,0.166,0.95776,-0.27,0.923,-0.56535,0.985,-0.78751,0.58045,-0.93104,0.26020,-0.93641,-0.083,-0.87028,-0.40949,-0.65079,-0.656,-0.375,-0.696,-0.04578,-0.623,0.27330,-1.102,0.622,-1.026,0.473,-0.44173
1,1,0.0,0.698,0.402,0.71976,0.68420,0.184,0.94078,-0.103,1.141,-0.212,0.92453,-0.572,0.78766,-0.54,0.42314,-0.94315,0.09585,-1,0.043,-0.66431,-0.86,-0.46010,-0.78174,-0.13486,-0.88082,0.19765,-0.532,0.48904,-0.70247,0.69886,-0.46048,0.76066,-0.114
1,1,0,1.231,0.16195,1,-0.05558,1.355,0.01373,1,-0.112,1,-0.01511,1,-0.01731,1.031,-0.071,1,-0.07157,1.005,0.05900,1.019,-0.068,1.431,-0.015,1,-0.331,0.671,-0.06823,0.707,0.08299,1,-0.14194,1,-0.07439
1,1,0.0,0.95559,-0.00155,0.86421,-0.196,0.94982,-0.004,0.82809,-0.411,0.811,0.10368,1,-0.14247,0.99264,-0.02542,0.647,-0.185,0.724,0.61739,1,-0.16321,0.87492,-0.102,0.85741,-0.013,0.84132,-0.017,0.82427,-0.01867,0.568,-0.018,0.78761,-0.02039
1,1.161,0,0.79378,0.246,0.367,0.605,0.41319,0.68158,0.14177,0.83548,-0.184,0.78772,-0.446,0.93,-0.305,0.41471,-0.75436,0.16755,-0.69977,-0.09856,-0.57695,-0.23503,-0.347,-0.432,-0.201,-0.52540,0.01523,-0.48707,0.19030,-0.38059,0.31008,-0.26,0.286,-0.08036
1,1,0,1.13,0.394,0.68389,0.65128,0.34816,0.79784,0.082,0.90842,-0.185,0.86490,-0.62635,0.774,-0.704,0.39309,-1.022,0.08408,-0.759,-0.24017,-0.791,-0.424,-0.39766,-0.68337,-0.11147,-0.75533,0.17041,-0.71504,0.254,-0.557,0.56626,-0.445,0.62765,-0.13305
1,1,0,0.89589,0.39286,0.66129,0.71804,0.277,0.90824,-0.04787,1.304,-0.436,0.84605,-0.77660,0.58511,-0.92819,0.297,-1.101,-0.15315,-0.997,-0.436,-0.399,-0.76197,-0.14895,-0.88591,0.21581,-0.85703,0.53229,-0.713,0.74846,-0.331,0.781,-0.08,1.083,0.27926
1,1,0.0,1.372,-0.154,1,-0.20253,0.647,-0.127,0.88608,0.01266,1.068,0.13,0.92405,0.06329,0.84810,-0.026,0.63291,-0.231,0.87342,-0.01266,0.93671,0.06329,1,0.25316,0.508,-0.37975,1.141,-0.035,1,-0.06329,0.53165,0.02532,0.83544,-0.034
1,1,0.0,0.539,0.008,0.83312,0.012,0.738,0.02469,0.757,0.011,0.319,0.05882,0.79093,0.04731,0.831,0.03,0.64706,0.19328,0.84034,0.04202,0.396,0.07122,0.629,0.07577,0.66387,0.08,0.63728,0.08296,0.61345,0.01681,0.58187,0.08757,0.55330,0.08891
1,1,0.0,0.581,0.01809,0.921,0.01456,0.699,0.014,0.808,0.08010,0.959,0.11370,0.91161,0.04320,0.90738,0.05018,0.878,0.02842,0.95866,0,0.89097,0.07047,0.694,0.07697,1.236,0.10853,0.561,0.08950,0.661,0.116,0.85198,0.10134,0.84258,0.10698
1,1.465,0.0,1,-0.011,1.478,-0.00343,1,-0.01565,1,-0.01565,1,-0.03,1.069,-0.02187,0.99828,-0.022,0.99528,-0.03238,1.35,-0.03452,0.596,-0.044,1,-0.05039,0.853,-0.04931,0.99842,-0.068,0.99400,-0.066,0.99057,-0.06497,0.98971,-0.06668
1,1,0,0.89505,-0.03168,1.172,0.05545,0.925,0.01386,0.92871,0.02772,0.91287,-0.014,0.809,-0.01584,1.25,0.041,0.93663,0,0.803,0.01386,0.483,0.01,0.88713,-0.01782,0.605,0.02376,0.503,0.01611,0.88119,0.00198,0.834,0.04158,0.541,0.02376
1,1,0.0,0.624,0.01773,1.235,-0.022,1.264,0.005,0.84752,0.05674,1,0.03546,0.97872,0.01064,0.97518,0.03546,1,-0.03191,0.557,-0.027,1.031,0.086,1,0.09220,0.982,0.057,0.94305,0.03247,0.94681,0.02482,1,0.01064,1.304,0.02128
1,1,0,0.303,-0.162,0.62655,0.01270,0.45455,0.09091,0.63636,0.126,0.129,-0.14,0.57576,0.15152,0.258,0.0,0.56156,0.047,0.273,0.03030,1.036,0.18182,0.30303,-0.15152,0.48526,0.046,0.46362,0.06142,0.273,-0.03030,0.47,0.06410,0.39394,0.24242
1,1,0,0.86689,0.29,0.985,0.681,0.37201,0.572,0.124,0.85893,-0.24118,0.86121,-0.51763,0.67577,-0.794,0.232,-0.77019,0.09898,-0.982,-0.181,-0.737,-0.42207,-0.32537,-0.57679,-0.02844,-0.59954,0.15360,-0.53127,0.32309,-0.37088,0.464,-0.19681,0.254,0.022
1,1,0,1.281,0.37917,0.426,0.69438,0.253,0.88696,-0.024,0.93345,-0.498,0.478,-0.67274,0.848,-0.82680,0.30356,-0.86150,-0.052,-0.73564,-0.34275,-0.51778,-0.682,-0.23428,-0.73855,0.048,-0.734,0.33531,-0.62296,0.687,-0.42086,0.477,-0.17343,0.60073,0.08660
1,1,0,0.751,0.41113,0.65354,0.611,0.328,0.692,-0.13342,0.97820,-0.457,0.681,-0.79657,0.55086,-0.96631,0.213,-0.799,-0.147,-0.71863,-0.59379,-0.455,-0.85205,-0.02250,-0.93788,0.403,-0.85368,0.67538,-0.61959,0.85977,-0.28123,0.88654,0.09800,0.528,0.476
1,0.685,0,1,1,0.36700,0.06158,0.129,0.92713,-0.187,0.93596,-0.31527,0.264,-0.87192,0.36946,-1.097,-0.051,-0.503,-0.34236,-0.442,-0.82512,-0.05419,-1.301,0.25616,-0.20443,0.73792,-0.382,1.124,-0.082,1,1,0.38670,0.003,0.17758,0.79790
1,1,0,1.081,0.369,0.45455,0.393,0.06061,0.36364,-0.32104,0.73062,-0.45455,0.48485,-0.57576,0,-0.466,-0.067,-0.33333,-0.48485,-0.054,-0.84848,0.48485,-0.29,0.57576,-0.31,1.209,-0.562,0.946,0.12331,0.96970,0.684,0.24242,0.36364,0.136,0.33333
1,1,0.0,0.88110,0,0.94817,-0.04,1.17,-0.01220,0.90244,0.01829,0.90244,0.01829,0.93902,0.005,0.95732,0.004,0.999,0.02744,0.94207,-0.01220,0.90854,0.02439,1.064,0.05488,0.99695,0.073,0.732,0.02226,0.46,0.00915,1,0.073,1.013,-0.009
1,1,0,0.82624,0.08156,0.615,-0.08156,0.90426,-0.01773,0.92908,0.011,0.914,0.08865,0.664,-0.00709,0.975,0.0,0.93262,0.20213,0.95035,-0.00709,0.91489,0.006,0.80496,0.067,0.91135,0.109,0.89527,0.098,0.51,0.078,0.875,0.18085,0.92553,0
1,0.868,0,0.74468,0.102,1.048,0.00982,0.88542,0.01471,0.87234,-0.01418,0.73050,0.085,0.854,0.022,0.451,0.03382,0.95745,0.096,0.95035,0.047,0.85597,0.04743,0.845,0.05178,0.5,0.11348,0.83429,0.054,0.74468,-0.03546,0.81710,0.06800,0.80774,0.064
1,1.027,0,0.87578,0.03727,0.89951,0.00343,1.038,0.006,0.448,0,0.95031,0.07453,0.87021,0.009,0.86303,0.01151,0.83851,-0.06211,0.85714,0.02484,1.106,0.019,1.141,0.01749,0.837,-0.04348,1.008,0.02033,0.9,0.08696,0.80757,0.02308,0.802,0.033
1,1,0.0,0.97513,0.009,0.98579,0.014,1,0.01954,0.99290,0.01599,0.95737,0.02309,0.97158,0.03552,0.731,0.048,0.97869,0.023,0.98579,0.031,0.52,0.04796,0.94494,0.049,0.684,0.03552,0.962,0.08,0.94849,0.08171,0.618,0.06217,0.98934,0.09947
1,1,0.0,0.837,0.01,1,0.009,1,0.02320,0.99448,-0.01436,0.537,-0.002,0.71,0.02320,0.503,0.008,0.97569,0.00773,0.97901,0.021,0.98011,0.00663,0.98122,0.02099,0.97127,-0.00663,0.98033,0.012,0.843,0.022,0.98564,0.02099,0.98674,0.02762
1,1,0,1.427,-0.01342,1,0.01566,1,-0.00224,1,0.033,1.308,0.04474,0.723,0.029,1,0.054,0.98881,0.03356,1,0.03,0.99776,0.088,0.95749,0.07383,1,0.10067,0.532,0.08763,0.905,0.063,1,0.08,1,0.077
1,0.912,0.0,1.266,0.36724,0.67123,0.67382,0.39613,1.156,0.02424,0.93182,-0.35148,0.83713,-0.77,0.58842,-0.542,0.38778,-0.83285,-0.00642,-0.69318,-0.32963,-0.52504,-0.53924,-0.27377,-0.586,0.009,-0.4,0.26028,-0.60678,0.243,-0.43383,0.404,-0.128,0.56286,0.033
1,1,0.0,0.459,0.41786,0.784,0.963,0.30440,0.95148,-0.213,0.96534,-0.457,0.464,-0.81857,0.50949,-0.905,0.073,-0.91456,-0.234,-0.70163,-0.65461,-0.328,-0.88999,0.05865,-0.94172,0.487,-0.82154,0.74105,-0.55231,0.89415,-0.18725,1.071,0.20359,0.70555,0.54852
1,0.869,0,0.32789,0.11042,0.189,0.29308,0.18,0.74485,-0.25131,0.91993,-0.16503,0.26664,-0.63714,0.149,-0.995,-0.003,-0.221,-0.19909,-0.30522,-0.36,-0.14426,-0.89991,0.048,-0.257,0.242,-0.18560,0.28,-0.11498,0.31005,0.05614,0.21443,0.20540,0.186,0.26422
1,1,0,0.65845,0.529,0.44681,0.74804,0.042,0.85106,-0.32027,0.82139,-0.68253,0.52408,-0.84211,0.049,-0.82811,-0.376,-0.47032,-0.792,-0.07,-1.123,0.162,-0.76316,0.523,-0.568,0.74300,-0.244,0.74758,0.228,0.45185,0.59071,0.281,0.76764,-0.18533,0.74356
1,1,0.0,0.19466,0.049,0.04198,0.325,-0.10557,0.41,-0.18321,-0.145,-0.41985,0.052,-0.45420,0.09160,-0.16412,-0.30534,-0.10305,-0.39695,0.204,-0.203,0.34012,-0.135,0.248,-0.175,0.21645,0.347,0.04,0.31092,-0.03817,0.26336,-0.16794,0.16794,-0.30153,-0.33588
1,0.795,0,0.98002,0.00075,1.189,0,0.98982,-0.0,0.94721,0.016,0.97700,0.02130,1.101,0.03073,1.31,0.02338,0.472,0.05,0.93552,0.04,1.359,0.05524,1,0.082,0.94155,0.08107,0.96709,0.07255,0.95701,0.08088,0.782,0.08126,1.396,0.08616
1,0.644,0.0,1.016,-0.078,0.80462,0.00231,0.87514,-0.01214,0.86821,-0.052,0.707,-0.11734,0.84624,0.071,0.83121,-0.07399,0.397,0.06705,0.78324,0.06358,0.86763,-0.02370,0.78844,-0.06012,0.446,-0.02370,0.76717,-0.02731,0.74046,-0.045,0.7,-0.04220,1.172,0.017
1,1,0.0,0.35346,-0.13768,0.69387,-0.018,0.68195,-0.03574,0.286,-0.06119,0.61836,-0.074,0.62099,-0.095,0.684,-0.108,0.42271,-0.26409,0.42,0.04992,0.49736,-0.08771,0.46241,-0.052,0.45008,-0.007,0.39146,-0.051,0.417,-0.10306,0.32232,-0.08637,0.28943,-0.077
1,1,0,0.76046,0.01092,0.86335,0.001,0.85821,0.00384,0.79988,0.02304,0.81504,0.169,0.83096,0.00744,1.047,0.006,0.82777,-0.092,0.51,0.036,0.76979,0.01148,0.75071,0.016,0.951,-0.00303,0.463,0.009,0.66161,0.005,0.66298,0.01484,0.485,0.01525
1,1,0,0.559,-0.01366,0.71,0.06831,0.316,0.50137,0.76,-0.00273,0.759,-0.14071,0.361,-0.48907,0.266,0.58743,0.76776,0.31831,0.78552,0.143,0.42,-0.44945,1,0.00683,0.60656,0.06967,0.68656,0.17088,0.66,0.053,0.55328,0.24590,0.154,0.546
1,1.094,0.0,0.905,0.096,0.73739,-0.14706,0.84349,-0.05567,0.90441,-0.04622,0.829,0.13130,0.81197,0.06723,0.575,-0.08929,1,-0.02101,0.96639,0.06618,0.917,0.01155,0.77521,0.077,0.95378,-0.04202,0.596,0.002,1.46,0.1,0.86660,-0.10714,1.174,-0.04307
1,1,0.0,0.784,0.00419,0.95183,-0.02723,0.93438,-0.029,0.94590,0.02,0.96510,0.019,0.94171,0.07330,0.94625,-0.019,0.97173,0.002,0.94834,0.072,1.12,0.063,0.93124,0.10087,0.953,0.01361,0.93522,0.04925,0.518,0.08168,0.94066,-0.0,0.91483,0.04712
1,1,0.0,0.591,-0.001,0.93207,-0.022,0.95177,-0.035,0.95584,0.02446,0.94124,0.01766,0.92595,0.04688,0.93954,-0.018,1.174,0.015,0.93784,0.019,0.91406,0.07677,0.89470,0.06148,0.93988,0.017,0.92489,0.02542,0.92120,0.029,0.834,0.005,0.92697,-0.00577
1,1,0,0.90608,-0.01657,0.98122,-0.01989,0.689,-0.043,0.85746,0.00110,0.89724,-0.03315,0.852,-0.01436,0.90608,-0.04530,0.91381,-0.00884,0.503,-0.188,0.88729,0.006,1.205,-0.02320,0.91050,-0.013,0.89147,-0.04,0.82983,-0.17238,0.773,-0.05,0.674,-0.097
1,1,0,0.84710,0.091,0.445,-0.06151,0.91,0.08260,0.483,-0.061,0.78735,0.06678,0.80668,-0.00351,0.79262,-0.009,0.85764,-0.04569,0.87170,-0.02,0.81722,-0.09490,0.865,0.04394,0.86467,-0.15114,0.81147,-0.066,0.488,-0.008,0.652,-0.085,0.85764,-0.06151
