1,1,0,0.671,-0.05889,0.85243,0.026,0.83398,-0.298,1.433,0.027,0.818,-0.17755,0.613,-0.403,0.60536,-0.269,0.461,-0.38542,0.58212,-0.219,0.56971,-0.29674,0.36946,-0.47357,0.623,-0.51171,0.508,-0.46168,0.21266,-0.392,0.42267,-0.54487,0.18641,-0.45300
0,1,0.0,1,-0.18829,1.084,-0.442,-0.103,-0.93597,1,-0.04549,0.50874,-0.67743,0.35,-0.69707,-0.675,-0.97515,0.05499,-0.62237,0.2,-0.54,-0.13151,-0.45300,-0.174,-0.35734,-0.283,-0.26569,-0.20468,-0.18401,-0.141,-0.11593,-0.179,-0.055,-0.13738,-0.034
1,1,0.0,1,-0.03,1,0.007,1,-0.12062,0.614,0.013,0.73082,0.035,0.85443,0.00827,0.54591,0.003,0.83775,-0.191,0.75535,-0.116,0.70887,-0.257,0.43385,-0.12062,0.712,-0.40220,0.58984,-0.33,0.43100,-0.17365,0.60436,-0.212,0.56045,-0.388
0,1,0.0,1.421,-0.45161,0.529,1.074,0.421,-1,0,0,0,0,0.0,0,-0.576,0.162,0.457,-0.39330,-0.648,-0.54467,-0.69975,1.137,0.0,0,1,0.90695,0.404,1,1.046,-0.20099,0.25682,1,-0.32382,1
1,0.995,0,1,-0.02401,0.692,0.06531,0.75,-0.23255,0.555,-0.16399,0.352,-0.162,0.56409,-0.004,0.288,-0.27457,0.269,-0.21780,0.45107,-0.173,0.05982,-0.35575,0.02309,-0.44,0.03286,-0.65158,0.077,-0.531,0.033,-0.62197,-0.05707,-0.59573,-0.04608,-0.65697
0,1,0,0.02337,-0.00592,-0.059,-0.11949,-0.00763,-0.11824,0.14706,0.061,0.03,-0.06302,0,0,-0.04572,-0.15540,-0.004,-0.10196,-0.11575,-0.05414,0.011,0.029,0.01519,0.009,0.03513,-0.008,-0.019,0.094,-0.054,0.006,0,0,-0.0,0.077
1,0.632,0,0.97588,-0.082,1.216,-0.20800,0.92806,-0.28350,0.704,-0.215,0.776,-0.707,0.947,-0.50764,0.74628,-0.61436,0.57945,-0.454,0.37852,-0.883,0.36324,-0.76562,0.31898,-0.904,0.261,-0.81634,0.13659,-0.722,0.06,-0.82395,-0.04262,-0.81318,-0.13832,-0.80975
0,0,0.0,0,0,0,0.0,1,-1,0,0.0,-1,-1,0.0,0,0,0.0,0.859,1.301,-1,-1,0,0,0,0.0,1.02,1,1,0.683,0.0,0.0,1.297,1,0.0,0
1,1.231,0,1.378,-0.07198,0.625,-0.124,1,-0.21313,1,-0.36174,0.655,-0.242,1.055,-0.40668,0.90392,-0.46381,0.98305,-0.384,1.216,-0.598,0.75346,-0.60589,0.69637,-0.64225,0.643,-0.437,0.57577,-1.039,0.25435,-0.866,0.45114,-0.72779,0.38895,-0.73420
0,1,0,-0.013,-0.08459,0,0,0,0,0.099,-0.273,-0.367,-0.384,0.0,0,-0.33656,0.272,-0.37133,0.222,0.63728,0.22115,0,0.0,0.0,0,-0.179,-0.01326,0.20645,-0.02294,0.0,0.0,0.154,0.24086,-0.08208,0.38065
1,1,0.0,1,0.052,1.039,-0.18388,1.286,-0.27320,1,-0.357,1,-0.41349,0.96232,-0.297,0.90711,-0.59017,0.89230,-0.66474,0.69876,-0.48,0.771,-0.76320,0.727,-0.80544,0.55867,-0.874,0.47211,-0.969,0.40303,-0.83675,0.259,-1.006,0.22995,-0.762
0,1,0,1,-0.523,1.161,-1.191,1.157,-1,1,0.36217,1,-0.46,0.848,1.282,1,-1,1.113,-0.355,1,-0.93599,1,1.414,1,1,0.625,-0.40888,0.621,-0.62745,0.914,-0.929,1,-1,1,-1
1,1,0,0.783,-0.16316,1.04,-0.133,1.14,-0.15197,1.408,-0.174,0.94055,-0.35151,0.95735,-0.29785,0.93719,-0.34412,0.902,-0.388,0.90137,-0.43383,0.86043,-0.385,0.99,-0.51220,1.03,-0.443,0.76224,-0.58370,0.65723,-0.68794,0.68714,-0.605,0.764,-0.67226
0,1,0,1,-0.86701,1.282,0.142,0.978,-0.39896,1,-0.166,0.63,0.26,1,0.054,1,-0.093,1,-1,1,-1.068,0.834,0.15803,1.338,0.62349,1,-0.17012,0.819,0.251,1,-0.66494,1,1.105,1,-0.18826
1,1,0.0,0.893,0.071,1,0.026,1,-0.029,1,0.08764,1,0.19651,1,0.186,0.555,0.145,1,0.10561,1,0.251,0.557,0.44758,1,0.448,1,0.20033,1,0.36743,0.95603,0.48641,0.875,0.32492,0.95,0.311
0,1,0.0,0.512,-0.93996,1,0.26708,-0.03520,-0.645,1,-1.094,0.43685,-1.359,0,0.0,-0.759,-0.506,-0.37681,0.03623,1,-1,0,0.0,0.0,0,-0.24,0.92236,0.39752,0.181,0.0,0,1,0.202,0,0
1,1,0,0.622,0.086,1,-0.01236,0.97811,0.02498,0.96112,0.014,0.99274,0.07808,0.89323,0.10346,0.94212,0.056,0.601,0.11120,0.86104,0.08631,0.81633,0.124,1.226,0.137,0.81329,0.141,0.79476,0.098,0.79110,0.15379,0.882,0.165,0.678,0.103
0,0,0.0,0.0,0,-1,-1.101,1.36,0.534,-1,1,-1.339,1.196,1,-1,1,1,-1,-0.86,-1,1,1.429,-1,-1,1,-0.566,0.851,1,-1.09,-1.403,1,-1,-1,1,-1.209
1,1,0.0,0.44,0.02528,0.66626,0.05031,0.57197,0.18761,0.072,0.34081,0.63621,0.12131,0.768,0.14285,0.78637,0.10976,0.73,0.156,0.14395,0.41224,0.665,0.21326,0.364,0.22625,0.548,0.147,0.46167,0.24618,0.334,0.352,0.418,0.179,1,0.33036
0,0,0.0,0.53,-1,0,0,0.0,0.0,1.439,0.945,1,-0.669,-0.71875,1,0.0,0.0,-0.776,0.607,1,1,-0.688,1,1,0.56250,-1.233,1,1.368,1,1,-1,1,1,1,1
1,1.323,0,1.092,-0.006,1,-0.09834,0.567,-0.048,1.156,-0.145,0.976,-0.078,1,-0.588,1,-0.15616,1.317,-0.409,0.86473,-0.34534,0.91693,-0.44072,0.965,-0.46866,0.81874,-0.40372,1.17,-0.42231,0.75784,-0.38231,0.80448,-0.40575,0.74354,-0.45039
0,0,0,0.561,0.692,0,0,0.0,0,-1.405,-0.83,0,0,0,0.0,-0.993,-1,-0.817,-1,-1,1,-1,0.778,0.0,0,0,0,1,-1,-1.111,1,-1,0.874,-1.098,0.818
1,1,0,1.242,0.07088,0.949,0.06,0.574,0.102,0.90169,-0.05144,0.89263,0.02580,0.601,-0.043,0.87534,0.09831,0.76544,0.00280,0.75206,-0.063,0.65961,-0.046,0.659,-0.059,0.72,-0.07705,0.58051,-0.02205,0.337,-0.01251,0.51310,-0.00015,0.433,-0.00182
0,0,0.0,-1,1,0.0,0,0.0,0,-0.81,1,1,1,0.0,0.0,0,0,1,-0.504,-0.554,1.179,1,0.685,0.0,0.0,-1,-1,1,-1,1.198,1.209,-1,1,0,0
1,1,0.0,1.493,-0.092,1,0.02942,1,-0.05131,1.331,-0.01707,1,-0.096,0.84493,-0.05202,0.668,-0.077,0.35,-0.07379,0.65731,-0.203,0.985,-0.394,0.80852,-0.31654,1.095,-0.507,0.72529,-0.29174,0.544,-0.38576,0.54356,-0.26284,0.64207,-0.39487
0,1,0.0,1,0.57820,1,-1.023,1,-1.141,0.777,-1,0.581,-1,1.205,-1,1,-1,1,-1,0.701,-1,0.904,-0.62796,1.034,-0.94,1,-1.049,1.152,-0.682,1,-1,1,-1,0.946,-1
1,0.868,0,0.574,-0.08714,1,-0.17263,0.784,-0.81779,0.94817,0.61053,1.128,-0.41382,0.458,-0.392,0.87937,-0.226,0.81051,-0.62180,0.098,-1,0.90284,0.11053,0.62357,-0.702,0.54,-0.907,0.36,-0.86583,0.40650,-0.89674,0.347,-0.917,-0.13341,-1
0,0,0,-1,-1,0,0,-1.002,1,1,-0.37500,0.0,0.0,0.0,0.0,0.0,0.0,1,-1,-1,-1,1,-1.196,0,0.0,1.027,-1,-1,1,-1,-0.518,0.0,0.0,-1.098,1
1,1,0.0,1,0.058,1,0.17387,1.239,-0.13308,0.968,0.85,0.837,0.47904,1,0.59113,1,0.70758,1,1.216,1,0.95099,1,1,0.54,1.289,0.91624,0.881,0.83899,0.731,0.546,1,0.64358,0.54,0.741,1
0,0.0,0,-1,-0.964,1.291,1.347,1,-1,-1,1,1,-0.767,-0.795,-1,0,0.0,1,0.503,-1,-0.861,1,-1,1,-1,1,0.741,1,-0.722,1,-0.779,-1,1.338,0.908,-1
1,1,0,1,-0.084,1,-0.121,0.76,-0.178,1,-0.07514,0.913,-0.25010,1,-0.219,1,-0.21975,1,-0.551,0.939,-0.46162,1,-0.36,1,-0.544,1,-0.682,0.98820,-0.416,1,-0.4,1.154,-0.75761,1,-0.84437
0,1,0,1,-0.86,0.824,0.707,1,-1,0.571,-1,1,-1,0.689,-0.01840,0.933,-1.277,1,1,1,-1.089,1,1.338,0.546,-1,0.0,0.0,1,0.573,1.185,-0.79141,1,1,1,1
1,1,0.0,0.624,-0.088,0.93408,-0.11057,0.92100,-0.16450,0.88307,-0.17036,0.88462,-0.31809,1.039,-0.345,0.82116,-0.492,0.80681,-0.174,0.668,-0.47022,0.735,-0.47153,0.63,-0.50085,0.61297,-0.358,0.56804,-0.54629,0.50179,-0.834,0.478,-0.57377,0.42189,-0.71
0,1,0,0.933,-0.024,0.324,-0.23067,0.98019,-0.09473,1.102,-0.08,0.695,-0.10951,0.58965,1.182,0.83726,-1,1.056,-0.17863,0.80760,-0.28257,-0.177,0.683,0.51933,0.05456,0.65493,-0.222,0.93124,-0.353,0.872,-0.21901,0.749,-0.87354,-0.23186,-1
1,1.126,0,0.845,-0.223,0.946,0.362,0.83443,-0.58388,1,-0.412,1,-0.49863,0.79962,-0.12527,0.76837,0.116,1,0.39337,1.03,0.26590,0.96354,-0.024,0.92599,-0.91338,1,0.171,1.092,-0.11582,1,-0.11129,1.213,0.583,0.96,-0.57758
0,1,0,0.66161,-1,1,1,1,-0.48,0.91,-0.40446,1,-1,1,-0.596,0.627,0.73393,0.231,0.564,1.435,1.031,0.838,0.85268,1,-0.867,0.853,0.85357,1,-0.08571,0.95982,-0.431,1,0.574,1,0.483
1,1,0.0,1,0.00433,0.796,-0.01209,1,-0.02960,1,-0.07014,0.52,-0.06256,1.401,-0.06544,0.97261,-0.07917,0.626,-0.13665,0.94184,-0.092,0.995,-0.176,0.94815,-0.08,0.89469,-0.20851,0.865,-0.09,0.85644,-0.19,1.184,-0.20101,0.637,-0.20766
0,0,0.0,1,1.273,1,-1,0,0.0,0.0,0,-1,-1.483,0,0.0,0.0,0,-1,1,1.458,1,-1,1.494,-1,1,1.153,-0.69,1,0.579,-1,1,1,0.922,0,0.0
1,1,0.0,0.589,0.04347,0.532,0.02280,0.94705,0.05345,0.93582,0.01,0.91911,0.059,0.92766,0.12067,0.526,0.06211,1.137,0.084,1.082,0.088,0.80983,0.157,0.77041,0.199,0.75755,0.11299,0.73550,0.13282,0.443,0.1,0.70925,0.10754,0.65258,0.11447
0,1,0.0,0.678,0.019,1.001,0.033,0.97545,0.07143,0.779,-1,0.91036,0.11147,0.564,0.53640,0.82077,0.14137,0.68,0.168,0.753,0.41003,0.65850,0.16371,0.60138,0.138,0.54446,0.16390,0.48867,0.16019,0.391,0.15436,0.38352,0.107,1,1.164
1,1,0.0,1,0.072,1,0.20746,1.214,0.26281,1.221,0.32213,0.86773,0.57,0.75474,0.50082,0.79555,0.52321,0.768,0.636,0.57619,0.62999,0.47807,0.773,0.29,0.68840,0.34384,0.781,0.27712,0.72386,0.25,0.655,0.11372,0.527,0.039,0.71444
0,1,0,-1.432,-1,1,0.617,1,-0.152,0,0,-1,1,0.824,1,0.17917,-1.209,-1,-1,0.128,-1.403,1,-1.346,-1,1.483,-0.748,-1,0.571,-1,-1.497,-1,1,1.192,0,0.0
1,1,0,0.87,0.109,0.663,0.2,1,0.16598,0.55187,0.693,0.70207,0.36719,0.214,0.42739,0.57620,0.46086,0.51067,0.49618,0.258,0.12967,0.198,0.54462,0.31274,0.55826,0.24856,0.56527,0.118,0.51,0.12635,0.383,0.06927,0.666,0.072,0.423
0,1,0.0,-0.463,-1,0.622,0.82857,1,-1,1,-0.23393,0.569,0.96161,1,-0.37679,1,-1,0.519,0.13839,1.307,-1,1,-0.03393,-1.121,1.068,0.78,1.044,0.509,0.86,1,-1,1,-0.805,1,-0.664
1,0.604,0,0.99025,-0.031,0.99793,-0.13009,0.98663,-0.19430,0.99374,-0.161,0.622,-0.30130,0.732,-0.389,0.89812,-0.43796,1.157,-0.644,0.87433,-0.647,0.818,-0.59839,0.74725,-0.64615,0.68282,-0.68479,0.65247,-0.73174,0.548,-0.75353,0.601,-1.027,0.269,-0.83245
0,0,0,0,0.0,0.0,0.0,0.0,0.0,1,1,1,1,0,0,0,0,-0.37500,-1.149,-1,-1,0,0,0,0.0,-1,-1.223,-0.703,-1.075,-1.384,0.681,0.959,0.0,0,0
1,1,0,1,-0.055,1,-0.07383,0.94,-0.11039,0.99838,-0.09931,1.291,-0.191,0.96674,-0.16,1.111,-0.25099,0.91236,-0.302,0.90581,-0.437,0.486,-0.34691,0.87874,-0.363,0.86213,-0.259,0.705,-0.297,0.81433,-0.42593,0.77919,-0.47977,1.118,-0.50152
0,1,0.0,0.94598,-0.017,-0.761,0.169,-0.193,0.35639,0.449,-0.63427,1,-0.03353,-0.29020,-0.006,-0.54852,0.191,0.91921,-0.46270,0.935,-0.395,-0.29735,-0.31454,-0.647,0.524,0.83872,-0.46734,0.52208,-0.58130,1,-0.684,-0.098,0.20477,-0.06117,0.41913
1,0.97,0.0,0.98166,0.00874,0.98103,-0.022,0.97565,-0.05699,0.95947,-0.06971,0.99004,-0.027,1.017,-0.111,1.281,-0.145,0.94217,-0.11583,0.459,-0.19200,0.88274,-0.226,0.86257,-0.18739,0.65,-0.19689,0.81813,-0.21136,0.78546,-0.25,0.76911,-0.23095,1.056,-0.2
0,1,0.0,0,0,1,0.297,0,0,0.066,-0.638,0.0,0,0.0,0,-1,-0.187,-0.283,-0.83297,0.76940,0.63147,0.0,0.0,0.53448,0.35668,-0.90302,0.44828,1,-1,-1,0.556,0.0,0.0,0,0.0
1,1,0,0.84134,-0.18362,0.459,0.035,0.733,-0.002,0.87947,0.13795,0.81121,-0.012,0.88559,0.659,0.91714,-0.57486,0.75000,-0.228,0.86676,-0.16,1,1,0.533,-0.16290,0.90066,-0.02778,0.864,-0.01158,0.539,-0.32298,1.085,-0.138,0.952,-0.01425
0,0,0,1,1,1,-1.181,0,0.0,0.0,0,1.02,0.632,1,0.819,-1,-1,1,-1,-1,1.285,0.0,0.0,1,-1.134,1,-1,1,1.083,-1,-1,0,0.0,0.0,0.0
1,1,0.0,1,1.297,1,0.626,0.609,1,-0.26970,1,-0.83152,1,-1,1.301,-1,0.657,-0.586,-0.57779,-1,-0.42052,-1,-1.491,-0.52838,-1.344,0.836,-0.859,1,-0.625,1,-1,1,-0.377,1,0.263
0,1,0,-0.67935,-0.556,-0.707,1,1,0.645,0.036,-1,-1,-1,1,1,0.88683,-0.705,-0.671,1.116,0.83840,1.355,1,-1,-1,-1.431,-0.18856,1.005,1.231,-1,-1,-0.836,-0.668,1,1.439,0.33611
1,1,0.0,0.95659,0.07,0.907,-0.05,1.172,-0.08484,0.96097,-0.06561,0.94717,0.014,0.95436,-0.16795,0.94612,-0.19497,1.125,-0.32268,0.90343,-0.35902,0.91428,-0.27316,0.90140,-0.29807,0.99899,-0.328,0.856,-0.27,0.622,-0.453,0.7,-0.22,0.82166,-0.41173
0,1,0.0,0.08333,-0.20685,-1,1,-1,1.191,0.71875,0.47173,-0.75,-0.652,-1,-1,-0.573,0.855,-0.02753,0.59152,-0.542,-0.46,-0.464,-1.161,-1.153,-0.662,-1,0.127,1,-1.157,-1,-0.38914,-1,-1,-1,0.61458
1,1,0,1,-0.02259,0.848,-0.04494,1,-0.092,1,-0.08799,1,0.56173,1.282,-0.12738,1.225,-0.14522,1,0.202,0.929,-0.17639,0.96,-0.267,0.95601,-0.20081,1,-1.032,0.995,-0.21793,0.923,-0.271,0.78479,-0.22765,0.706,-0.239
0,0,0.0,-0.94,0.938,1,-1,-1.193,0.815,0,0.0,1,0.691,-1,-0.18750,1,0.639,-1,-1,1,-1,-1,-0.9,1,1.144,1.181,-0.627,1,1,1,1.068,0,0,-1,-0.783
1,1,0,1,0.073,0.94525,0.052,0.666,0.13231,1,-0.014,0.703,0.096,0.534,0.14644,0.94862,0.15,0.90896,0.20119,0.96741,0.16265,0.817,0.14258,0.90784,0.147,0.837,0.125,1.133,0.23571,0.88568,0.22511,0.78324,0.29576,0.83574,0.42
0,1,0,0.15,-1,-1,1,0.0,0.0,0,0,-0.928,1,0.0,0.0,-0.61354,-0.67708,0.80521,0.346,0.51979,0.14375,0,0.0,-0.528,-0.27083,-0.84792,0.915,1,0.759,-0.755,0.67708,0.0,0,0.0,0
1,0.853,0,1,0.133,0.999,0.12197,1.476,0.22574,0.98602,0.09237,0.899,0.19211,0.67,0.24288,0.532,0.419,0.85529,0.26721,0.571,0.33129,0.83393,0.31698,0.74829,0.39597,0.76193,0.427,0.537,0.42746,0.92,0.46031,0.56791,0.622,0.54252,0.534
0,1.051,0.0,0.017,-0.35625,0,0,0.0,0,0.0,0,0,0,0,0,0.12292,-0.748,0.196,0.82813,1,-0.42292,0.0,0.0,0.08333,-1.329,-0.114,-0.203,1,-0.76667,-1,0.18854,0,0,0.851,-0.312
1,1,0,1,0.16801,0.99352,0.16334,0.94616,0.447,1.133,0.22610,0.517,0.464,0.84250,0.46899,0.883,0.589,0.78473,0.48311,0.65091,0.627,0.56553,0.58071,0.385,0.64720,0.321,0.789,0.43317,0.97,0.441,0.76147,0.33921,0.931,0.156,0.78685
0,1,0,0.63816,0.655,0.20833,-1.122,1,0.861,0.545,0.30921,-0.443,1,-0.05921,0.813,0.017,0.05044,-0.51535,-1,0.11,-0.03289,0.32675,-0.43860,-1,0.53,0.628,-1,1,-0.063,1.314,1,0.20614,-0.819,0.607,1
1,1,0.0,1,-0.41457,1.368,0.76131,0.599,0.19,0.807,-0.09925,0.93844,0.47990,0.65452,-0.16080,1,0.00879,0.653,-0.28,0.987,-0.24497,1.246,-0.19095,1,-0.183,0.93593,0.123,0.934,-0.07249,1,-0.27387,0.633,0.263,0.51382,-0.05402
0,1,0.0,0.84783,0.116,1,0.389,1,-1,0.66938,0.115,1,0.347,1,0.383,1,0.35507,1.43,0.02672,0.411,-0.43025,0.778,0.439,0.89130,0.373,0.889,-0.33333,1,0.209,0.37681,-0.011,1,0.22464,1,0.37409
1,0.7,0,0.859,0.363,0.818,0.02477,1,0.07764,1.096,0.04317,0.98762,0.291,0.574,0.05489,1,0.036,0.95750,-0.253,0.84371,-0.072,1,0.03,0.99933,0.27376,1.098,-0.39056,0.96414,-0.024,0.86747,0.23360,0.94578,-0.22021,0.562,-0.07329
0,0,0,1,-1,1,-0.504,1.315,-1,1.293,-1.39,1,0.949,1,1,0.578,-1.182,1,1,0.831,1,1,1.198,1,-1.179,1,-1,0.679,-1,1,0.653,0.0,0.0,1,-1
1,1,0.0,1,0.343,0.81309,0.82021,0.558,1,0.223,0.80541,-0.655,1.209,-1.13,0.77092,-1.163,0.40268,-0.39046,-0.58634,-0.97907,-0.42822,-0.869,-0.76339,-0.543,-0.97491,0.616,-1,0.41778,-0.93296,0.143,-1,0.669,-0.257,0.98816,0.03446
0,1,0.0,1,1,1,-0.94,1.023,-0.701,1,0.682,1,1,1,1.455,1,-1,1,0.817,1,0.581,0.777,1,1,1,1,1,0.999,0.644,0.0,0,1.038,-1,0.744,-1
1,1,0,1.182,0.03529,0.517,0.18281,0.904,0.311,1,0.249,1,0.28,1,0.365,1,0.31674,1,0.491,1,0.353,1,0.643,1.034,0.59457,0.89593,0.68326,0.8,0.814,0.85611,0.809,0.74389,0.85611,0.71493,0.75837
0,0,0.0,1.095,-1,1.155,1,-1,-1,1,-1,0,0.0,0,0,-0.906,1,1.002,-1.228,1,-1,-0.75000,1,1.196,-1,0.574,-1.234,0.799,-1,-1.053,-0.963,0,0.0,1,-1
1,1,0.0,0.96087,0.045,0.603,0.263,0.96026,0.27451,0.98044,0.256,0.92867,0.46281,0.815,0.52517,0.82820,0.58794,0.73242,0.69065,0.889,0.73140,0.56,0.68820,0.48339,0.76197,0.534,0.82,0.33401,0.83796,0.366,0.86061,0.074,0.86835,0.112,0.932
0,1,0,0.69444,0.38889,0.0,0,-0.178,0.51,0,0,0.0,0.0,0,0.0,0.203,-0.175,0.21032,0.167,0.46429,0.431,0.0,0.0,0,0,0.73413,0.27381,0.76190,0.63492,0.0,0,0.0,0,0,0
1,1,0,1,0.05070,1,0.10827,1,0.19498,0.527,0.274,0.795,0.34826,0.837,0.283,0.864,0.42881,0.89126,0.50391,0.572,0.58801,0.675,0.59962,0.79578,0.334,0.951,0.63942,0.8,0.69435,0.639,0.972,0.47027,0.71689,0.33381,0.642
0,0,0.0,1,1,0,0.0,0.766,-1.233,1.355,-1,1,1,1.037,1,1,-0.912,1,1,1,1.25,0.916,-1,-0.76,-1,1,-1,0.983,-1,1,0.827,0,0.0,1,-0.609
1,1,0.0,1,0.04078,1,0.11982,1.394,0.16159,1,0.216,0.98703,0.30889,0.92745,0.383,1.074,0.564,0.81939,0.407,0.78619,0.415,0.791,0.817,1.046,0.58129,0.67077,0.59723,0.58903,0.60990,0.768,0.658,0.45312,0.63636,0.40442,0.446
0,0,0,0.972,1,1,-1.218,1,1,1,1,1,0.541,0.682,1,1,1,1.496,-0.702,-1,0.785,-1.291,0.841,-1,1,1,-1.425,1,1,-0.815,1,-1.188,-1.194,-0.501,1
1,1,0.0,1,0.165,1,0.48590,1,0.929,1.053,1,0.537,1,1,0.699,1.177,0.77128,1,1,1.031,1,0.74468,1,0.89647,1,0.64628,1,0.38255,1.451,0.07,1.188,-0.214,0.965,-0.81383,1.018
0,0,0,1,1,1.222,-1.063,0.556,1.079,-1,1,0,0,1,1.492,0,0.0,0.0,0.0,-1,1,-1.069,1,1,0.638,1.252,-1,1,1.217,1,1.445,1.25,-1,-1,1
1,1,0,1,-0.092,1,0.62937,1.296,0.09557,1,0.166,1,-1,1,-0.40559,1,-0.15851,0.972,0.04895,1,-0.875,0.512,-0.26573,1.466,-1.308,0.991,-0.58042,1.205,-1.119,1,-1,1.176,-0.78555,0.755,-0.546
0,0,0.0,1,-1,1,1,1.22,1.392,0.904,1,1,0.64,1.396,-1,0.541,-1,1,0.608,1,-1,1,1,1.208,1.45,1,-1,1,1,1,-0.768,1.263,0.663,0.983,-1
1,1.222,0,1.178,0.07804,0.92679,0.16251,0.89702,0.282,0.989,0.412,0.78801,0.42196,0.70716,0.486,0.365,0.29,0.60459,0.345,0.51247,0.64924,0.567,0.48,0.34232,0.656,0.332,0.76146,0.18765,0.73885,0.09694,0.71038,0.02735,0.68,-0.04023,0.69509
0,1,0.0,0.68198,-0.17314,1.119,0.287,0.54,0.32862,0.25795,0.58304,0.928,-0.148,0.01,0.44523,0.008,0.415,0.18681,0.41168,0.10567,0.333,0.04325,0.30745,-0.001,0.154,-0.02862,0.19405,-0.061,0.14481,-0.04779,0.10349,-0.04585,0.093,-0.04013,0.04586
1,1,0,1.07,-0.024,0.65680,-0.034,0.80621,0.02811,0.85947,0.022,0.63462,0.08728,0.568,0.07840,0.423,0.036,0.915,-0.16,0.65976,-0.013,0.78698,0.1,0.403,-0.18639,0.65385,0.02811,0.564,-0.06637,0.53550,-0.21154,0.59024,-0.14053,0.56361,0.015
0,1,0,0.287,-0.088,0.97464,0.04328,1,1.194,0.391,0.194,0.54478,0.13060,0.894,-0.82090,0.355,0.404,0.66791,-0.132,0.46642,-0.11567,0.65574,0.14792,0.83209,0.68,0.47015,0.16418,0.434,0.14630,0.32463,-0.02612,0.547,0.124,0.242,0.12755
1,0.891,0,0.644,0.049,0.76981,-0.10566,1.051,0.03,0.753,-0.067,0.731,0.01132,0.66792,-0.13962,0.72075,-0.02264,0.76981,0.116,0.61887,-0.07925,1.018,-0.23774,0.385,-0.134,0.84906,-0.15094,0.73886,-0.05801,0.36,0.027,0.86415,0.03774,0.73208,0.00755
0,1,0,0.601,-0.05000,0.89241,0.03462,1,1.038,0.66364,-0.05909,0.48182,-0.16818,0.81809,0.09559,0.56818,1,0.448,0.21818,0.66818,0.119,1.44,-0.30000,1.099,-0.899,0.57273,0.432,0.838,0.14673,0.541,0.093,0.481,0.196,1,1.313
1,1,0.0,0.57647,-0.009,0.213,0.0,0.27,0.12941,0.40000,-0.05882,0.481,0.14118,0.46667,0.08235,0.705,-0.05490,0.856,0.021,0.309,0.0,0.45882,0.098,0.653,0.08235,0.49804,0.003,0.48601,0.10039,0.46275,0.08235,0.45098,0.23529,0.43137,0.17255
0,1,0,0.41932,0.158,0.35000,0.12500,0.319,0.27955,-0.046,0.44318,0.04517,0.36194,-0.19091,0.392,-0.149,0.27322,0.02727,0.351,-0.34773,0.12727,-0.20028,0.058,-0.2,0.197,-0.17,-0.04802,-0.079,-0.07114,-0.591,-1.097,-0.02916,-0.07464,-0.005,-0.06314
1,1,0,0.749,-0.297,1,0.467,0.82403,0.19206,0.924,0.085,0.90558,-0.027,0.85193,0.367,0.414,0.25322,0.531,0.57940,0.385,0.39056,0.73176,0.27575,1,0.346,0.56760,0.52039,0.492,0.53235,0.80901,0.396,0.43026,0.70923,0.52361,0.76
0,1,0,0.84557,-0.08580,-0.256,-0.80553,-0.08961,-0.56435,0.80648,0.057,0.89514,-0.00763,-0.099,0.63966,-0.20019,-0.68065,0.85701,-0.101,1.012,-0.179,-0.061,0.50810,-0.34128,0.425,0.78932,-0.03718,0.416,-0.212,0.726,-0.085,-0.251,-0.78170,-0.262,-0.59867
1,1,0,0.70870,-0.24783,0.638,0.04348,0.45217,0.38261,0.716,0.18261,0.578,0.26957,0.57826,-0.136,0.50435,0.37826,0.439,-0.382,0.453,-0.356,0.316,0.11739,0.53246,-0.03845,0.392,-0.096,0.49930,-0.04264,0.48348,-0.058,0.934,-0.25217,0.345,0.14783
0,1,0,-0.54180,0.143,-0.33746,0.369,0.276,-0.13932,0.31889,-0.06811,0.24,-0.15170,0.682,0.08978,0.56347,-0.168,0.16409,0.45201,0.33746,0.039,0.702,0.062,-0.865,-0.61610,0.536,0.65635,0.41348,-0.40116,-0.15170,0.11146,0.022,0.462,0.327,-0.08978
1,1,0,0.29202,0.13582,0.675,0.152,0.51783,-0.006,0.52632,0.259,0.639,-0.16638,0.47368,-0.04,0.489,0.03905,0.494,-0.22411,0.42445,-0.027,0.34975,0.06621,0.191,-0.20883,0.51731,-0.022,0.50369,-0.03351,0.397,0.09847,0.70798,-0.019,0.39559,-0.047
0,0.722,0.0,0.79157,0.142,0,0,0.322,0.06874,0.39468,1,0.38359,0.99557,-0.02439,0.549,0.316,0.125,-0.015,0.95122,-0.50998,0.84922,-0.114,0.38803,-0.42572,0.23725,-0.694,1.107,-0.34146,0.88248,-1.226,0.69401,-1.321,0.18,0,0
1,1,0,0.90116,0.16607,0.875,0.23,0.72990,0.50515,0.461,0.72997,0.44303,1.167,0.24412,0.87493,0.086,0.902,-0.12611,0.87396,-0.28739,0.644,-0.46635,0.594,-0.578,0.332,-0.917,0.39951,-0.887,0.25835,-0.933,0.11218,-0.537,-0.05525,-0.67699,-0.19904
1,1,0,0.97714,0.152,0.82683,0.575,0.71771,0.58732,0.47968,0.84278,0.361,1.065,0.10289,0.93945,-0.174,0.84290,-0.32020,1.227,-0.775,0.79525,-0.503,0.49508,-0.77408,0.415,-0.85376,0.152,-0.83314,-0.01358,-0.82366,-0.195,-0.67289,-0.48,-0.62,-0.599
0,1,0,-1.404,-1,0.0,0,0.50814,-0.78502,0.821,0.283,-1,-0.41368,0.0,0.0,0,0.0,1,-0.26710,0.36482,-0.63518,0.97068,-0.808,-1.089,-1,1.345,-0.486,-1,-1,-1,-1,0.592,-1.462,0,0.0
1,1,0,0.384,0.04974,0.79074,0.02543,0.78575,0.041,0.35,0.135,0.67801,0.31152,0.75934,0.07348,0.563,0.08442,0.855,-0.079,0.63613,0.0,0.70021,0.11355,0.68183,0.12185,0.387,0.174,0.64158,0.203,0.65707,0.149,0.59759,0.14697,0.405,0.223
0,1,0,1,-1,0.0,0,0.946,-0.99265,0.918,0.55147,-0.49,-0.94853,0,0,0,0,0.682,-1.062,0.73529,-0.721,0,0,0.18382,-0.692,-1.47,-0.676,-1.104,-1,0.869,-1.086,0.996,-1,0,0
1,1,0.0,0.946,0.017,0.664,-0.024,1,-0.03436,1,-0.05071,1.225,-0.07092,0.82,-0.09002,1,-0.15727,1,-0.079,0.787,-0.11813,1,-0.18519,1,-0.19272,0.601,-0.304,0.96490,-0.276,0.881,-0.163,0.96436,-0.22561,0.87011,-0.23296
0,0,0.0,0.0,0,0.0,0,0,0.0,0.0,0.0,0,0.0,0,0,0.0,0,0,0.0,0.0,0.0,0,0,0,0,0,0.0,1,-1,0,0,0,0.0,0.0,0
1,1,0.0,0.95704,-0.097,0.524,-0.12690,0.96365,-0.18242,0.97026,0.08460,0.578,-0.01124,0.702,-0.365,1.001,-0.31395,0.99273,-0.21216,0.98678,-0.21018,1,-0.27165,0.93126,-0.278,1.16,-0.19233,0.88793,-0.31565,0.633,-0.313,1.101,-0.166,0.934,-0.41573
0,1,0,0.28409,-0.427,0,0,0.68182,-1,0.33,0.95833,0.79,0.074,0.34848,-0.84848,0.0,0.0,0.47,-0.381,0.45076,-0.80682,0,0,0,0.0,0.24242,0.193,0.658,-0.277,0.047,-0.465,0.16288,-0.70076,0,0
1,1.348,0,0.94490,-0.388,1,-0.029,0.98898,-0.664,0.90083,0.66942,1.332,-0.088,1,-0.12493,0.925,-0.15017,1,-0.17681,1,-0.20491,0.563,-0.23452,1,-0.26571,1.443,-0.368,0.729,-0.33304,0.863,-0.25,1,-0.372,1,-0.44739
0,1,0.0,0,0,0,0.0,0,0,0.0,0,0.62195,1.165,0,0,0.0,0.0,0.252,-0.567,0.56098,-1.096,0,0,0.0,0,0.0,0,1.068,0.103,0,0,0,0.0,0,0
1,1,0,0.99449,0.00526,0.666,-0.15,1.301,-0.16431,1.116,-0.06257,0.892,-0.101,0.85221,0.022,0.87161,-0.20848,0.93881,-0.12977,0.98298,-0.053,0.71,0.001,0.451,-0.05882,0.93368,-0.19872,0.582,-0.17806,0.69,-0.16581,0.80253,-0.22,0.76586,-0.27794
0,0.645,0.0,0.12,0.10811,0,0.0,0,0.0,0.54730,0.51,0.31081,1,0.0,0,0,0,0.37162,-1,0.294,-1,0.0,0,0,0,-0.42568,-1,1.414,-1,0.817,-0.23649,0.0,0,0.0,0.0
1,0.789,0,1,-0.57224,0.689,-0.792,0.89518,-0.97450,1,-0.35818,1,-0.131,0.62890,-0.86402,1,-0.57535,1,-0.79603,0.76771,-1.016,0.96601,-1,0.714,-0.502,0.772,-0.974,0.53777,-1.143,0.81020,-1.306,1.395,-1,0.302,-0.824
0,1,0,0.65909,-0.629,0.0,0,0,0.0,0.77273,1,1,-0.255,0,0,0,0,0.441,-0.226,0.793,-1.272,0.501,-1,0,0.0,0.0,0,1,-1.138,-0.12879,-0.596,0,0,0.0,0
1,0.899,0,0.742,0.19310,0.789,0.41149,0.67203,0.55785,0.54559,0.585,0.36705,1.152,0.164,0.85671,-0.021,0.86284,-0.212,0.745,-0.404,0.65747,-0.48199,0.56092,-0.42,0.575,-0.457,0.25747,-0.63038,0.08818,-0.584,-0.07816,-0.54866,-0.19923,-0.42912,-0.31954
0,1,0,0.42000,-0.61000,0.0,0.0,1,-1,1.332,0.647,0.43000,0.349,0,0.0,0.0,0.0,0.67000,-0.324,0.84000,-1.122,0,0,0,0,0.21000,0.68000,0.828,0.22000,0,0.0,0.0,0.0,0,0
1,1,0.0,0.521,0.23395,0.91404,0.52013,0.78020,0.814,0.411,0.84222,0.27639,1.227,0.09467,0.88248,-0.229,0.91404,-0.229,0.75517,-0.51360,0.64527,-0.914,0.44614,-0.951,0.297,-0.70838,0.038,-0.7,-0.071,-0.358,-0.28183,-0.51251,-0.44505,-0.37432,-0.53319
0,1,0.0,0.462,0.81586,-0.487,1,-0.39466,0.55735,0.035,0.433,-0.18599,-0.134,-0.019,-0.105,0.01401,-0.03403,0.01108,-0.00537,0.00342,0.00097,0.001,0.001,-0.00003,0.00019,-0.0,0.0,-0.00001,0,0.0,0.0,0,0,0,0
1,1,0,0.282,-0.101,0.394,0.07143,0.19048,0.191,0.23810,0.085,0.40476,0.02381,0.297,-0.041,0.196,-0.04762,0.28571,-0.11905,0.33333,0.04762,0.30952,0,0.206,-0.12,0.35714,-0.057,0.22109,-0.019,0.19048,0,0.141,-0.02034,0.203,-0.01877
0,0.942,0,1,-0.14754,1,0.073,0.391,-0.017,0.65574,0.017,1.166,-0.03279,0.932,0,0.68852,-0.16393,0.126,-0.14754,0.65558,-0.17176,0.479,0.016,1,-0.29508,0.31148,-0.305,0.52385,-0.20325,0.395,-0.036,0.27869,-0.44262,0.511,-0.06557
1,1.228,0.0,0.98182,0,0.88627,0.03131,0.856,0.04572,0.80000,0,0.69,0.043,0.776,0.08436,0.407,0.09579,0.84,0.25455,0.68182,0.11,0.816,0.114,0.68604,0.145,0.74545,0.22727,0.782,0.15088,0.67273,0.02727,0.60715,0.16465,0.721,0.17077
0,1,0.0,0.273,0.651,-0.78824,0.144,-0.16628,-0.76378,0.85,0.01190,0.547,0.207,-0.67230,0.30729,-0.34797,-0.63668,0.46429,0.125,0.668,0.05952,-0.51830,0.667,-0.383,-0.47594,0.471,0.70238,0.51971,0.38848,0.434,0.39286,-0.481,-0.29915,0.25441,-0.55837
1,1.25,0.0,0.86889,-0.04,0.537,-0.022,1,-0.066,0.505,0.00222,0.543,-0.049,1.017,-0.07287,1,-0.20000,0.86889,0.05333,0.88000,-0.03778,1,-0.11526,1,-0.18667,0.84444,0.03556,1,-0.177,0.82222,-0.122,1,-0.149,1.016,-0.44222
0,1,0.0,0.43636,-0.12727,0.514,-0.14545,0.188,-0.616,0.34545,-0.03636,0.359,-0.05455,0.29091,0.405,0.36364,-0.41818,0.281,-0.01818,0.36364,0.05455,0.125,0.49091,0.61818,0.237,0.32727,0.105,0.25,-0.07027,0.352,-0.048,0.172,-0.36364,0.29091,-0.29091
1,1,0,0.772,-0.92453,1,0.408,0.49057,-0.061,0.62264,0.0,1,-0.00054,0.643,0.07547,0.437,-0.04,0.98878,-0.00085,0.753,0,0.514,0.07547,0.95190,-0.00112,1.218,0.79,1.371,-0.00128,0.94340,-0.785,1,0.43396,0.617,-0.11321
0,1,0,0.73810,0.83333,-1.14,-0.307,0.167,-0.138,0.54,-0.14286,-0.67285,0.09,0.33333,0,0.28571,-0.104,-0.38214,0.729,0.23810,0.02381,0.537,0.039,0.16667,-0.26190,-0.57255,-0.12,0.24889,-0.51079,0.841,0,-0.66667,-0.032,0.311,0.02381
1,1,0.0,0.243,0.04167,0.58333,-0.10417,0.417,0,0.417,-0.064,0.692,0.0,0.157,0.10417,0.666,0.02083,0.445,-0.22917,0.35417,-0.22917,0.283,0.08333,0.25000,0.18750,0.39583,-0.18750,0.284,-0.10064,0.53,-0.08333,0.459,-0.31250,0.33333,-0.06250
0,1,0.0,0.817,1.069,0.0,0,0,0,0.0,0.0,0.47744,-0.89098,-0.51504,0.569,-0.95489,0.308,0.64662,1,0.0,0,0,0,0.62030,0.20301,-1,-0.972,1,-0.991,1.417,0.755,0.0,0,0,0
1,1,0.0,0.86,0.06595,0.93614,0.13030,1.191,0.281,0.84881,-0.491,0.90023,0.61320,0.77937,0.34328,1.048,0.37988,0.857,0.581,0.95472,0.59862,0.53258,0.44088,0.359,0.228,0.40440,0.44199,0.34374,0.605,1.091,1,0.23405,0.466,0.18632,0.511
0,1,0.0,0.59840,0.40332,1.057,0.80521,0.76001,0.70709,0.84010,-0.139,0.97311,0.07981,0.95824,-0.85727,0.91962,0.88444,0.95452,-0.05206,0.851,0.266,1.128,-0.445,0.86670,-0.464,0.28604,-0.30063,1,0.176,0.325,0.594,0.582,1.131,0.81979,0.805
1,1,0,1.172,0.10129,1,-0.01918,0.98313,0.02555,0.96974,-0.09316,0.98955,-0.02716,0.504,-0.03096,1,-0.038,1.413,-0.028,0.93840,0.018,0.97620,-0.067,0.97889,-0.052,0.91567,-0.205,0.95677,-0.098,0.803,0.015,1.068,-0.10797,0.93144,-0.098
0,1,0,0,0,-0.484,0.85388,0,0.0,0.68869,-0.902,0.97078,0.287,-0.15,-0.59212,-0.30241,0.65565,0.94155,0.16391,0.0,0,0.0,0,-0.111,-1.36,0.0,0,0.793,-1,0.0,0.0,0.04447,0.61881,0,0.0
1,1,0.0,0.96933,0.005,1.163,0.005,0.643,-0.011,0.97868,-0.033,0.99820,-0.03510,1,-0.012,1,-0.02581,0.885,-0.01175,0.98485,0.0,1,-0.02612,1,-0.04,0.822,-0.04527,0.99188,-0.025,0.97020,-0.02478,1,-0.042,0.98420,-0.04112
0,1,0,0,0.0,0.98919,-0.22703,0.151,-0.05405,0,0,0.93243,0.102,0.539,-0.20000,1.342,0.07027,0.88,-0.11351,0,0,1,-0.256,1,-0.582,0,0.0,1.263,-0.17568,0.0,0.0,1.14,-0.348,0.28919,-0.15676
1,1.192,0,0.64122,0.01403,0.34146,-0.02439,0.76,0.051,0.19512,0.12195,0.43313,0.04755,0.21951,0.04878,0.331,0,0.325,0,0.31707,0.038,0.26829,0.12195,0.23698,0.066,0.21951,0.088,0.184,0.051,0.155,0.075,0.289,0,0.185,0.07317
0,1,0.0,1.229,0.827,0.982,-1,0,0.0,0,0,1,1,0.701,-1.319,1,1,1,-1.467,0,0,0.0,0.0,1,-0.27778,0.0,0,1.338,-1,1.427,1,1,-1,0,0.0
1,1,0,0.34694,0.248,0.46939,0.24490,0.40816,0.274,0.46939,0.493,0.30612,0.445,0.12245,0.55102,0,0.47,-0.043,0.478,-0.20408,0.325,-0.307,0.57,-0.28571,0.368,-0.323,0.22449,-0.46579,0.14895,-0.504,0.18367,-0.34694,0.0,-0.26531,-0.24490
0,1,0,0,0,1,-0.791,0,0,0.0,0.0,1.375,1,1.264,-0.325,1,0.271,1,-0.675,0.0,0.0,0,0.0,1.146,1,0,0,1.118,-1,0,0.0,1,-1,0,0
1,1.086,0,0.89706,0.38235,0.91176,0.37500,0.436,0.63,0.243,0.661,0.19118,0.88971,-0.02206,0.458,-0.20588,1.113,-0.37500,0.796,-0.5,0.687,-0.518,0.38235,-0.86029,0.048,-1.09,-0.12500,-0.67925,-0.24131,-0.55147,-0.256,-0.55,-0.50735,-0.28676,-0.56618
0,1,0,-1.294,0.28105,0.196,0.174,-0.75693,-0.572,-0.257,0.71242,-1,1.135,-0.81699,0.33987,-0.621,-0.02614,-0.98039,-0.83007,-0.60131,-0.54248,-0.041,-0.83007,0.94118,-0.94118,-1.417,-0.254,0.391,0.09176,-1.298,0.066,0.18301,0.02614,-0.40201,-0.478
1,1.15,0,0.182,-0.05,0.53333,0,0.33333,-0.13333,0.403,0.11667,0.56667,0.01667,0.71667,0.08333,0.70000,-0.06667,0.774,0.235,0.4,-0.021,0.432,0.179,0.70000,0,0.283,0.13333,0.46214,0.05439,0.40000,0.028,0.46667,0.048,0.387,-0.05000
0,1,0,-0.26667,0.362,-0.27303,0.12159,-0.17778,-0.04444,0.06192,-0.06879,0.04461,0.016,-0.00885,0.014,-0.01586,-0.00166,-0.001,-0.005,0.00470,-0.00153,0.00138,0.002,-0.001,0.00102,-0.001,-0.00050,0.0,-0.00043,0.0,0.0,0.0,0.00015,-0.0,0.0
1,1,0,1.398,-0.37838,0.572,0.224,0.64865,-0.24324,0.86486,0.278,1,-0.228,0.51351,0,0.62162,-0.05405,0.32432,-0.264,0.599,-0.17666,0.62162,0.037,0.75676,0.13514,0.2,-0.289,0.61031,-0.293,0.58478,-0.286,0.72973,-0.682,0.51351,-0.165
0,1,0,0.94531,-0.03516,-1,-0.19,-1,-0.011,0.97266,0.01172,0.93359,-0.018,-1.333,0.166,-1.338,-0.004,1.169,-0.048,0.92188,-0.021,-0.99219,0.11719,-0.93359,0.268,0.95703,-0.004,0.82041,0.104,0.90234,-0.06641,-1,-0.18750,-0.614,-0.34375
1,1,0.0,0.95202,0.03,0.93757,-0.016,0.93526,0.013,0.96705,-0.01734,0.96936,0.00520,0.95665,-0.031,0.95260,-0.00405,0.99480,-0.02659,1.059,0.026,0.93584,-0.037,0.93815,-0.02370,1.206,-0.04451,1.371,-0.013,1.008,0.025,0.95434,-0.041,0.95838,0.00809
0,1,0,1,-0.064,1.089,-0.848,0.5,-0.128,0.36111,-0.22222,1,-0.25712,0.16667,-0.11111,1.404,-0.277,1,-0.38853,1.486,-0.369,0.0,-0.25000,1.345,-0.50333,1,-0.27778,1.34,-0.748,1,-0.27778,0.849,-0.782,1,-0.65935
1,0.691,0.0,0.31034,-0.084,0.143,-0.14,0.20690,-0.06897,0.07405,-0.029,0.047,-0.03689,0.01707,-0.02383,0.005,-0.009,0.00281,-0.00893,0.00078,-0.004,-0.00003,-0.004,-0.0,-0.00166,-0.00031,-0.00090,-0.0,-0.00048,-0.00018,-0.0,-0.00012,-0.00012,-0.00008,-0.00006
0,1,0.0,0.473,-0.087,0.72549,0.0,0.60784,-0.07843,0.75,-0.11765,0.583,-0.11765,0.66667,-0.13725,0.64706,-0.09804,0.642,-0.11765,0.54902,-0.21569,0.644,-0.19608,0.66667,-0.23529,0.545,-0.25490,0.595,-0.174,0.56863,-0.468,0.43137,-0.21569,0.446,-0.275
1,1,0,0.25000,0.16667,0.316,0.26667,0.235,0.208,0.106,0.19939,0.007,0.219,-0.024,0.10188,-0.03685,0.06317,-0.03766,0.03458,-0.035,0.01532,-0.02474,0.00357,-0.01726,-0.002,-0.008,-0.00539,-0.00621,-0.00586,-0.003,-0.00520,-0.001,-0.003,0.0,-0.00291
0,1,0,-0.65625,0.15625,0.06250,0,0.0,0.059,0.62500,0.06250,0.18750,0,-0.028,0.09375,0.051,0,0.15625,-0.15625,0.407,-0.37500,0,-0.089,0,0,0.023,-0.46875,0.043,0,-0.436,0.038,-0.03,0.0,0.0,0.081
1,1,0.0,1,-0.011,1,-0.02703,0.701,-0.06486,0.688,-0.023,0.98919,-0.044,0.98919,0.08649,1.343,-0.06486,0.788,0.088,0.97838,-0.00541,0.777,0.079,1.16,0.04324,0.97838,0.09189,0.98556,0.01251,0.521,-0.03243,0.52,0.02703,1,-0.07027
0,1.317,0,0.85271,0.05426,1,0.062,1,1,0.91473,-0.00775,0.83721,0.031,1,0.401,1,0.84,0.881,0.04651,0.90698,0.144,0.628,0.50670,0.561,-0.96,0.80620,0.03876,1,0.505,0.84496,0.06977,0.805,1.012,1,1.076
1,0.691,0.0,1.038,-0.01604,1,0.098,1,0.013,0.93048,0.004,0.93583,-0.01604,1,0.0,1,0.06417,1.348,0.04813,1.202,0.045,0.96791,0.016,0.651,-0.01604,0.96257,0.05348,1.292,0.04452,1.177,0.01070,1,0.09091,0.97861,0.06417
0,1,0,-0.20500,0.28750,0.158,0.074,0.28250,0.388,0.32250,0.35000,0.285,-0.34617,0.09250,0.27500,-0.09500,0.21000,-0.08750,0.23500,-0.261,0.287,-0.508,-0.08000,0.168,0.286,-0.58000,-0.24000,0.32190,-0.312,-0.47000,0.18500,-0.235,-0.451,0.319,0.038
1,0.937,0,0.60000,0.03333,0.63333,0.098,0.816,0.06667,1.032,0,0.464,0,0.80000,0.0,0.73333,0,0.70000,0.10000,0.66667,0.134,0.73333,-0.023,0.76667,0.0,0.801,0.105,0.65932,0.151,0.355,0.13333,0.47,0.16667,0.63333,0.16667
0,1,0.0,0.044,-0.00838,0.06704,0.006,0,-0.011,0.008,-0.03911,0.014,-0.07542,-0.00559,0.063,0.096,-0.022,0,0.09497,-0.06425,0.07542,-0.04749,0.02514,0.02793,-0.00559,0.005,0.00559,0.10335,-0.007,0.03073,-0.003,0.059,0.0,0.04749,-0.03352
1,1,0,0.94653,0.28713,0.72554,0.67248,0.457,0.732,0.013,0.965,-0.24871,0.644,-0.47644,0.755,-0.75881,0.329,-0.66455,0.04,-0.65426,-0.19525,-0.52475,-0.44000,-0.191,-0.55089,-0.042,-0.728,0.237,-0.787,0.539,-0.41901,0.46059,-0.22535,0.50376,-0.05980
0,1,0,0.059,0.007,-0.017,0.04598,0.01437,0.04598,-0.086,0.00862,0.017,-0.06609,-0.03736,0.04310,-0.08333,-0.057,-0.066,0.08,-0.046,0.05172,0.026,0.02299,-0.03736,-0.01149,0.03161,-0.006,0.008,0.01724,0.015,0.015,0.02586,0.01149,-0.04598,-0.00575
1,1,0.0,0.72414,-0.01084,0.79704,0.01084,0.80000,0.002,0.79015,0.01084,0.4,-0.011,0.83350,0.03251,0.837,0.016,0.80099,-0.00788,0.79113,-0.02956,0.539,0.041,0.626,0.05517,0.72611,-0.012,0.702,0.007,0.74089,-0.032,0.82956,0.038,0.79015,0.00788
0,1,0,0.032,0.02568,0.004,0,0.019,-0.01997,0.02140,-0.04993,-0.04850,-0.007,0.01427,-0.016,0,-0.03281,-0.04708,-0.02853,-0.013,0.03566,0.018,0.00428,0.04,-0.02282,0.05136,0.018,0.056,0.01569,0.01997,0.00713,-0.036,-0.021,-0.017,0.017
1,1,0.0,0.47090,0.22751,0.42328,0.278,0.25661,0.637,0.01852,0.49471,-0.02116,0.53968,-0.34127,0.17,-0.611,0.363,-0.51587,0.072,-0.5,-0.078,-0.14815,-0.094,-0.19,-0.413,-0.23280,0.004,0.03574,-0.31739,0.15873,-0.113,0.24868,-0.24339,0.26720,0.061
0,1,0.0,0.08696,0.007,0.13959,-0.04119,0.10526,-0.049,0.142,-0.054,0.129,-0.01,0.12357,0.052,0.14645,-0.13501,0.29062,-0.04805,0.18993,0.078,0.102,0,0.11213,-0.00229,0.15103,-0.10297,0.08467,0.016,0.159,-0.043,0.09611,-0.07323,0.14,-0.06865
1,1,0,1.182,0.237,0.634,0.64534,0.259,0.657,-0.55941,0.623,-0.73675,0.259,-0.76051,0,-0.317,-0.33,-0.38391,-0.62157,-0.12797,-0.69287,0.49909,-0.63620,1.04,-0.238,0.73857,-0.05484,0.60098,0.4,0.316,0.60512,0.02742,0.54479,-0.266,0.50457
0,1,0,0.01975,0.00705,0.04090,-0.00846,0.023,0.011,0.011,0.04372,0.004,0.00141,0.01975,-0.037,-0.01975,0.072,-0.04090,0.02680,-0.025,-0.004,0.045,-0.02539,0.009,0,0,-0.011,0.016,-0.01128,0.006,-0.01551,-0.01693,-0.02,0.00705,0
1,1,0.0,0.85736,0.00075,0.711,-0.05676,0.77521,-0.04182,0.84317,0.09037,0.844,0.11949,1.138,-0.06124,0.78342,0.03510,0.83719,-0.06796,0.787,-0.091,0.601,0.006,0.90515,0.02240,0.79686,-0.02,0.82383,-0.036,1.206,-0.06423,0.527,-0.029,0.79089,-0.092
0,1,0,1,-1,1.072,0.938,-0.759,1,1.339,-1.27,1.225,-1,-1,-1.212,-1,1,1,1,0.876,1.228,-1,1,1,-1.155,1.467,-1,1,1,1,0.811,-0.803,0.906,-1,1
1,1,0,0.85209,0.349,0.38887,0.953,0.131,0.98903,-0.42625,0.88744,-0.76229,0.49980,-0.93092,0.109,-0.85900,-0.31044,-0.821,-0.587,-0.19260,-0.441,0.28444,-0.463,0.616,-0.235,0.506,-0.23324,0.71698,0.21343,0.482,0.712,0.19667,0.66315,-0.11215,0.451
0,1,0.0,0.916,1,1.407,0.51250,0.781,-1,0.537,1,0.015,0.03125,1,1.233,0,0.0,1,-1,1.016,0.952,0.983,1.153,0.31250,1,1,1,1,1,1,1,-0.722,0.83,0,0
1,1,0,1,0.647,0.402,1,0.015,1,-0.49020,0.995,-0.681,0.58824,-1.037,0.171,-0.96078,-0.339,-0.645,-0.68627,-0.23529,-0.86275,0.35294,-1,0.74510,-0.641,0.92157,-0.301,0.92874,0.193,0.72549,0.56863,0.334,0.90196,-0.11765,1.342
0,1,0,0.0,0.0,-1.218,-1,-0.972,1,0.0,0,-1.423,1,1,0.815,1.425,-1,0,0.0,0.0,0,-1,-1,-0.785,0.501,1,0.43750,1,-1,0,0.0,-0.711,-1,-1,1
1,1,0,0.303,0.452,0.53695,0.90763,-0.22222,1.188,-0.33333,0.606,-1,0.33333,-1,-0.158,-1,-0.229,-0.66667,-0.77778,0.806,-1.272,-0.22222,-0.77778,0.77778,-0.155,0.33333,0.0,0.92120,0.378,0.308,0.544,0.214,1,-0.55556,1
0,0,0,0,0.0,0,0,0,0,0,0,0.0,0.0,0.0,0.0,0,0,0,0.0,0.0,0,0.0,0,0,0,0.0,0,1.053,0,0.0,0.0,0,0.0,0.0,0
1,1,0,1,0,1,0,0.626,0.50000,0.75000,0.0,0.91201,0.12,0.89067,0.14210,0.445,0.16228,0.904,0.25000,1.063,0.566,1.049,0.0,1.466,-0.25000,0.5,0.377,0.604,0.26388,0.75000,0.327,0.69635,0.29074,0.928,0.30293
0,0.0,0,-1.45,1,0.663,1,0,0.0,1.263,-1.396,1,-1,1,-1,-1.392,-1,0.0,0,-1,-1,0.0,0,0,0,-1.22,-1,1,-1,1,1.296,-0.608,-0.904,0.0,0
1,1,0,0.882,0.0,0.516,0,0.66667,0.071,1,-0.11111,0.481,-0.156,1,-0.22222,0.77778,0,0.4,0,0.959,-0.06,0.77778,-0.11111,0.66667,-0.11111,0.66667,0.0,1.035,-0.055,1.277,0.11111,0.88889,-0.13,1,0
0,0,0.0,0.0,0,0,0.0,0,0,0.0,0,0.0,0,-1,-1.157,0,0.0,1,0.529,0,0.0,0.0,0.0,-1,1,0,0,1,-1.377,-1.311,-1,1,1,0,0.0
1,1,0.0,0.793,0.231,0.916,-0.263,1,0.131,1.429,-0.09091,0.848,0.0,0.924,-0.27273,1,-0.247,1,0.09091,0.694,0,1,-0.36364,1,0.052,1,-0.08,1,-0.04914,1,0.45455,1,-0.27273,1,-0.18182
0,1,0.0,0.62121,-0.545,0,0.0,0,0,0.34470,0.28788,0.42803,0.39394,-0.07576,0.655,0.506,0.221,-0.53788,0.32955,0.074,-0.14773,0.01894,-0.392,-0.629,0.17803,0.339,-0.396,0.227,-0.57576,0.43182,0.24242,0.166,-0.02273,0.255,-0.41667
1,1,0,0.595,0.11765,1,0.23529,1,0.553,0.953,0.067,1,0.315,0.891,0.11765,1,0.639,1,-0.05882,0.539,-0.11765,1,0.184,1,0.41176,1,-0.11765,0.912,0.20225,1.194,0.047,1,0.429,1.132,0.23529
0,1,0,0,0.0,-1,-0.62766,0.827,0.674,0.07979,-0.23404,-1.47,-0.36170,0.12766,-0.775,0.889,-1.192,0,0,0.948,-0.118,-0.25000,1,0.17021,-1.019,0.0,0.0,-0.19149,-0.599,-0.22340,-0.655,0.74468,0.90426,-0.67553,0.45745
1,1,0,0.91667,0.18,0.83333,-0.118,0.70833,0.335,1.187,-0.071,0.643,0.04167,0.83333,0.12500,0.70833,0,0.622,0.04167,0.59,0.08333,0.66667,-0.08333,0.75000,0.238,0.83333,-0.12500,0.631,0.029,1,0.20833,0.87,0.0,0.696,0.04167
0,1,0,0.18590,-0.16667,0,0.0,0,0,0.0,0.0,0.0,0.0,0.11538,-0.19071,0,0,0.0,0.0,0,0.0,0,0,-0.055,-0.06571,0.072,0.08974,0.15,-0.10897,0.12500,0.057,0.028,-0.054,0.16827,0.19551
1,1,0.0,1,-0.08183,1.467,-0.13,0.99246,-0.29802,1,-0.254,0.96662,-0.34281,0.85788,-0.47265,0.91904,-0.523,0.62,-0.65224,0.68131,-0.816,0.82450,-0.78316,0.58829,-0.398,0.453,-1.35,0.484,-1.157,0.37941,-0.83893,0.24117,-1.277,0.402,-0.89621
0,1,0,1.177,1,-1,0.837,-1,-0.82456,0.279,0.185,0.46053,0.041,0.22807,0.031,0.211,0.45,0.389,-0.03947,0.161,0.53070,0,0,-0.157,-0.16228,1,-0.945,0.932,-1,1,-0.24561,0.35088,0.252,0.82895,0.07895
1,1,0.0,1,0.329,1.291,0.00369,1.008,-0.30133,1.02,-0.233,0.70643,-0.24077,0.73855,-0.18,0.71492,-0.247,0.554,-0.695,0.36,-0.55059,0.61041,-0.39328,0.53176,-0.32681,0.23966,-0.52142,0.29208,-0.48390,0.12777,-0.568,0.181,-0.564,0.18353,-0.46603
0,0.0,0.0,-0.622,1.087,0.502,-0.928,0,0.0,0,0.0,1.392,-1,1.44,1,0,0,0.828,-1,0.0,0,0,0,1,1,-1,1,1.157,-1,-1,1,-1,-1.254,0,0
1,1.472,0.0,1.251,-0.19448,0.96419,-0.17674,0.87024,-0.189,0.81702,-0.27070,0.985,-0.299,0.70302,-0.3,0.63338,-0.49967,0.37254,-0.70729,0.186,-0.72109,0.367,-0.54172,0.388,-0.59691,0.094,-0.432,0.09312,-0.59589,-0.107,-0.54928,-0.01840,-0.54074,-0.07457,-0.549
0,1,0.0,-1.398,-1.226,-0.50694,1.321,1,-1,1,0.53819,0,0.0,0.23958,-0.882,1,1,0.0,0,0.844,1,1,1.333,0.0,0,-0.71528,0.754,0.457,-1,1.031,-1,0.69792,-1,0.532,1
1,1.104,0.0,1.21,0.43460,0.505,0.76160,0.09916,0.93460,-0.37764,0.88186,-0.72363,0.61181,-0.93882,0.19409,-1.071,-0.271,-0.62869,-0.65612,-0.19,-0.85654,0.146,-0.86498,0.372,-0.411,0.74895,-0.387,0.48,0.061,0.64135,0.322,0.31435,0.62447,-0.00422,0.69409
0,0.736,0,1,0.799,0,0.0,0.849,-1.15,-1.289,-1,1,1.345,1,-1,0,0,1.009,-1,1,1,0,0,1,-1.15,-1,-1.486,1.243,1,-1,1,-1,1.206,0.0,0.0
1,1.462,0,1.355,0.63548,0.86,1,0.77123,0.807,-0.33333,1.404,-0.848,0.815,0,0.691,-1,1.345,-1,0.0,-1,-0.66667,-1,-0.748,-1,-0.33333,-0.33333,-1,0.19235,-1,1,-1.089,0.0,-1,1.238,-0.66667
0,0,0,-1,0.753,-1,-1.127,0.0,0,-0.529,0.592,1.08,-1.491,-1,-1.355,-1,1,0.0,0,-1,-0.518,-1,1.478,0.0,0,1,-1,1,1,0.578,-1.284,1,1,0,0
1,1.134,0,1,0.06843,1,0.14211,1,0.244,1,-0.136,1,0.39495,1,0.341,1,0.58986,-0.37500,1,1.376,0,0.996,0.92001,0.692,1.196,1.169,1.003,1.214,0.849,1,0.25000,1,0.947,0.676,1
0,0,0,-0.774,-0.931,0,0,0,0,0,0,0.0,0,0.0,0.0,1,-1,0.0,0.0,-1.362,-0.955,0.0,0,1,0.69,0.607,-1.47,0.946,-1,0,0,0,0,0,0
1,1.223,0,0.895,-0.07896,0.835,-0.14380,-0.13129,-0.21384,0.209,0.04403,0.468,-0.26339,0.217,-0.31997,0.03,-0.182,0.197,-0.29441,0.084,-0.35,0.09513,-0.257,0.06556,-0.26795,0.03004,-0.25124,-0.0,-0.23210,-0.035,-0.21129,-0.04717,-0.18950,0.01336,-0.27201
0,1,0,0,0,0,0.0,0.0,0,0,0,1,-0.28,0.16667,0.146,0,0,0,0.0,0.0,0.0,-0.124,-0.114,-0.16667,0.90625,-1,0.58,0.055,0.542,-0.22917,-0.52,-0.12500,-0.27083,-0.154,-0.93750
1,1,0.0,1.226,0.05149,1.052,0.10123,0.96142,0.14756,1.255,-0.26496,0.71,0.525,0.647,0.25283,0.73781,0.193,0.66775,0.222,0.474,0.393,0.52494,0.29200,0.45582,0.28476,0.39023,0.27226,0.32930,0.25553,0.296,0.273,0.22427,0.245,0.18086,0.19083
0,1.443,0,1,-0.09524,-1.231,-0.925,-1.332,-1,0.762,0.31746,1.097,0.526,-1.159,-1,-1,0.563,0.47364,1,1,1,0.68839,-0.729,-0.787,-1,0.561,0.36508,1,1,1,0.50794,-1,-0.32540,-0.797,0.665
1,1,0,0.814,-0.002,0.447,0.43204,0.92314,-0.276,0.93123,0.16828,0.96197,0.09061,1.458,0.08172,0.721,0.064,0.84628,-0.25324,0.87379,-0.14482,0.84871,0.32,0.75081,-0.03641,0.84547,-0.024,0.87293,-0.02302,1.043,0.073,1.165,-0.112,0.85841,-0.127
0,1,0.0,1,-1,0.665,0.513,1,0.592,1,-0.737,1,0.79,0.692,1,1,0.925,0.0,0,1.165,1,1,1,1.341,-1,1,1,1.329,0.62500,1,-1.119,-0.75000,0.732,1,1
1,1,0,1,0.23058,1,-0.776,1,-0.10401,0.645,0.15414,1.346,0.27820,1.446,-0.06861,1,0.093,0.562,-0.18954,0.633,-0.119,1.041,0.03728,0.885,0.09242,0.549,-0.015,0.96238,-0.04597,0.91165,0.024,1,-0.13722,0.824,-0.11717
0,1.083,0,0.481,-1,-1.019,-1.124,-0.07661,1,1,0.95041,0.74597,-0.38710,-1,-0.906,-0.09677,1.466,0.48684,0.46502,0.31755,-0.155,-0.14343,-0.194,-0.11976,0.06895,0.03021,0.06639,0.03443,-0.01186,-0.003,-0.017,-0.006,0.002,0.0,0.004
1,0.64,0,0.79847,0.38265,0.573,-0.187,1,-0.07653,0.98151,-0.07,0.70217,0.20663,0.99745,0.014,0.98214,0.02487,0.911,-0.141,0.665,0.061,1,0.00191,0.898,0.392,0.501,-0.14541,1,-0.004,0.75638,0.07908,1.128,-0.18750,1,-0.05740
0,0.0,0,0.0,0,0.0,0,0,0.0,0,0,0.0,0,1,1,1.0,0.837,0.698,-1,0,0,1,0.899,1,-1,1.231,0.974,0.983,0,1,1,0.772,-1,0,0.0
1,1,0.0,0.837,-0.184,0.837,-0.238,0.94623,-0.35094,0.86,-0.30566,0.92736,-0.49057,0.90818,-0.44119,1.095,-0.58899,0.69748,-0.86,0.59623,-0.57579,0.68459,-0.588,0.54465,-0.87327,0.49214,-0.701,0.194,-0.76054,0.206,-0.78239,0.246,-0.73145,0.13994,-0.785
0,1,0,0,0,0,0,0,0.0,-0.85000,-0.544,0.0,0,1,-1.02,0.0,0.0,-1.042,-1.083,-1,-1,1.417,-1,-0.518,-1,1,0.521,-1,-0.20000,0.596,-1,0.0,0.671,0,0
1,1,0,1.234,0.09091,1.389,-0.09091,0.77273,0.0,1,0,0.95455,0,0.505,0.03,0.607,-0.04545,1,0,1,0,0.755,0.09091,0.903,0.09091,0.501,0.04545,0.635,0.02897,0.95455,0.056,0.842,-0.096,1.082,0.04545
0,0.0,0.0,0,0,-1,1,1,0.632,-0.893,-1.317,0.0,0.0,-0.615,-1,-1,-0.31250,-1,-1,1.181,-0.96,1,-1.061,0,0,1,-1.003,-1,-1.2,0,0,1,-0.827,0,0
1,1.368,0.0,0.91176,-0.08824,1.008,0.26,0.82353,0.06,0.859,-0.041,0.97059,-0.181,0.97059,0.13,0.94118,0.015,0.713,0.0,1,0,0.76471,0.1,0.88235,0.02941,0.85294,0.02941,0.92663,0.02600,0.94118,-0.11765,0.97059,0.064,0.91176,0.05882
0,0.938,0,-1,1,-1,0.081,0.24,1,-1,1,-0.868,-1,0.64,1,-1,-0.314,0.327,-1.072,1.292,1,-0.31402,-1,-1,-1,1,-1.225,-0.992,-0.03578,1,-1.212,-1,-0.316,0.149,1
1,1.243,0.0,0.47368,-0.10526,0.83781,0.01756,0.83155,0.02615,0.68421,-0.05263,0.873,0,0.79856,0.061,0.78315,0.073,0.84211,0.242,1.483,0.05263,0.72550,0.094,0.747,0.08141,0.381,0.21053,0.959,0.079,0.52632,-0.169,0.60150,0.072,0.57418,0.09719
0,1,0,-0.006,-0.5,0,0,-0.024,1,0,0,0.0,0,0.0,0,0,0,0,0,0.218,0.92949,-0.189,0.495,-0.352,-0.77,0.0,0.0,-0.626,-0.51282,0,0,0,0.0,0,0.0
1,1.407,0,1,0.56,1,0.482,0.81818,0.63636,1,-0.09091,1,0.0,0.81818,-0.291,0.63636,0.268,1.451,-0.63636,0.827,-0.27273,0.90909,-0.45455,0.916,0.07750,1,-0.09091,1.355,0.08867,0.766,0.36364,0.609,0.562,0.72727,0.341
0,0,0,-1.487,-1,1,-1,-1,1,0.0,0,1,-1,1,-0.702,0.0,0.0,0,0,0.0,0,-1.394,1,0.772,-1.419,-1.179,1,1,1,0.0,0,1,0.392,0.0,0.0
1,1,0,0.45455,0.09091,0.319,0.129,0.389,0.18182,0.63636,0.0,0.432,-0.132,0.45455,-0.09091,0.48612,-0.017,0.63636,-0.127,0.382,0,0.197,-0.074,0.27273,0.18182,0.36364,-0.136,0.34442,-0.021,0.27273,0,0.36364,0.0,0.28985,-0.01832
0,1.272,0,-1.23,-0.607,0,0.0,-1.445,0.64516,-0.87097,1,0,0.0,0.0,0,0.0,0,0,0,0,0,-1,-1.053,0.0,0,0.29839,0.23387,1,0.51613,0.0,0.0,0.0,0.0,0,0
1,1,0.0,1,0.14286,1,0.71429,1,0.539,1,-0.154,0.728,-0.14286,1,0.029,1,0.0,0.42857,-0.175,1,0.03617,1,-0.304,1,0,0.233,-0.182,1,0.06,1.069,0.05182,0.991,0.715,1,0
0,0,0.0,1,1,1,-1.399,1,1,1,1.176,1.422,1,1,-1,1.296,0.904,1.466,-1.205,1,-0.983,1,1.308,1,1.45,1,-1,1.375,1,1,1,1,1,0.512,0.608
1,1.468,0,0.449,0.46972,0.753,1.144,0.10380,0.985,-0.464,0.843,-0.73939,0.58226,-0.92099,0.16731,-0.82417,-0.192,-0.38,-0.42,-0.307,-0.449,0.18823,-0.78699,0.51557,-0.57430,0.69274,-0.24843,0.69097,0.10484,0.52798,0.48,0.25974,0.714,-0.06739,0.57552
0,0,0,0.717,-1,1,1,1,-1,1,1,1,-0.975,1,-0.538,1.068,-1.157,1,1.4,1,1,1.146,1,0.882,-1.176,1,1.17,1,1.422,1.222,1,1.311,1,0.514,-1
1,1,0.0,0.735,0.04174,0.89266,0.142,1.185,0.139,1.138,0.36526,0.80619,0.40198,0.76221,0.40552,0.957,0.245,0.60101,0.51752,0.53392,0.746,0.48435,0.54212,0.395,0.55684,0.33340,0.34,0.26978,0.389,0.22307,0.53448,0.202,0.49124,0.106,0.46571
0,0,0,0.857,1,1,-0.848,0.924,-1,0.885,1.163,0,0,1,-1,0.0,0.0,0.0,0,0,0,-1,0.914,1,1.165,0.0,0,0.579,0.733,0,0,-1,-1,0.0,0
1,1.268,0.0,0.93537,0.13645,0.505,0.25359,1.245,0.38779,0.79039,0.47127,0.72352,0.59942,0.65260,1.049,0.312,0.73586,0.248,1.109,0.25539,0.85952,0.13712,0.85615,0.004,1.236,-0.07361,0.79780,-0.20995,0.686,-0.33169,0.71454,-0.468,0.768,-0.599,0.55835
0,0,0.0,1,-1,-1,0.953,-1,1,0.912,1.14,1.44,1,-1,-1.479,-1,-1,1.192,1,1,-1,-0.52,-1.358,-1,-1,1,0.0,1,-1,1.342,-1.143,-0.891,1,-1.47,1
1,1,0,0.80627,0.172,0.73061,0.311,0.64615,0.19038,0.36923,0.405,0.314,0.46439,0.279,0.474,0.342,0.544,0.15215,0.51877,-0.096,0.57500,-0.046,0.566,-0.08856,0.44424,-0.14943,0.40006,-0.19940,0.34976,-0.23832,0.422,-0.26634,0.294,-0.23846,0.28
0,0,0.0,1,-1,1,1,1,-1.097,1.341,1,1,-1,1.269,1.073,0.711,-1,1,-0.867,0.527,0.616,1,1,1,-0.851,0.753,-1,1,-0.709,1,1,1,-0.59,1.475,1
1,1,0,0.97467,0.13082,0.556,0.20036,0.88783,0.32248,0.89009,0.301,0.85550,0.581,0.72298,0.329,0.472,0.743,0.58548,0.66893,0.375,0.70398,0.44245,0.68159,0.35289,0.41,0.26832,0.852,0.133,0.915,0.07497,0.80439,-0.02962,1.069,-0.125,0.851
0,0.0,0,0.0,0.0,1.437,1,0,0.0,1,0.534,0.0,0,1,-1,0.0,0.0,0,0.0,0,0,0.0,0,0,0,0,0,1,-1.467,0,0,-1,0.932,0.0,0
1,1,0.0,0.92308,0.15451,0.86399,0.29757,0.426,0.418,0.70588,0.476,0.57449,0.62719,0.43270,0.74676,0.31705,0.67697,0.19,0.76818,0.038,0.985,-0.12064,0.454,-0.164,0.71327,-0.29291,0.65708,-0.38798,0.76,-0.367,0.301,-0.468,0.40732,-0.797,0.35095
0,0,0,0.0,0.0,1,1.256,1,0.897,0.0,0.0,0,0,-1,-1.173,0.0,0,-1,-1,0,0,0,0,1,1,0.0,0.0,1,0.684,0.0,0,-0.828,1.098,0,0
1,1.033,0.0,0.88804,0.531,0.41,0.69431,0.29148,0.471,-0.06726,0.90135,-0.39597,0.80441,-0.64574,0.841,-0.82960,0.234,-0.732,-0.08205,-0.852,-0.30942,-0.247,-0.55605,-0.149,-0.64338,0.111,-0.61055,0.184,-0.526,0.43227,-0.29838,0.47029,-0.09461,0.42152,0.12556
0,0,0,1,-1,1,1,1.219,0.844,1.242,0.687,1,1,1,-0.754,1,0.64,1,1,1.398,-0.57,1,-1,1,-0.882,1.147,-1,1,0.834,1.472,-0.679,1,1,1.158,1
1,1,0,0.73523,-0.38293,0.80151,0.10278,1.055,0.209,0.318,0.05252,1,0.219,0.54,0.28954,0.68798,0.404,0.49672,0.17287,0.85,-0.038,0.558,0.476,0.479,0.44872,0.683,0.57549,0.44174,0.48200,0.12473,1,0.266,0.49721,0.188,0.49831
0,0,0.0,0,0.0,0,0.0,0,0,0.0,0.0,0,0.0,0.0,0,0.0,0,0.0,0,0.0,0,0,0,0,0,0.0,0,1,0.616,0.0,0,0,0,0.0,0
1,1,0,0.804,0.01,0.97287,-0.00260,1.193,0.003,0.774,0.01598,0.94054,0.052,1.118,0.054,1.293,0.01858,0.94277,0.07135,0.98551,-0.00706,1.21,0.04980,0.96358,0.1,0.93274,0.08101,0.95243,0.04356,0.97473,0.007,0.987,0.07061,1.34,-0.00260
0,0,0,0.578,1,-1.355,-1.345,-1.08,-0.807,0.0,0,0,0,-1,-0.687,0,0,0,0.0,0,0,-1,0.691,0.815,1,0,0,1,-1,0.0,0.0,-1.478,-1,-1,-1.462
1,1,0.0,0.50466,-0.16900,0.494,0.01513,0.501,0.012,0.68065,0.011,0.34615,0.076,0.69050,0.04393,0.68101,0.059,0.672,0.05692,0.63403,-0.04662,0.64503,0.06856,0.63077,0.038,1.253,0.18065,0.662,0.08304,0.418,0.06760,0.56466,0.068,0.661,0.09346
0,1,0,0.945,1,1.1,-0.661,0.888,0.043,0.76087,0.10702,0.86789,0.837,0.70067,0.225,0.775,0.13712,0.93478,-0.25084,0.70736,0.18729,0.64883,0.24582,0.419,0.77425,1,-0.53846,0.89262,0.184,0.71070,0.364,1.214,-0.06522,0.831,0.185
1,1,0.0,0.527,-0.07778,1,-0.29630,1,-0.85741,0.651,0.083,0.424,-0.236,1.378,-0.122,1,-0.669,0.47,0.01852,0.732,-0.05926,0.98215,-0.19938,1,0.22037,0.69630,-0.251,0.92148,-0.24549,0.78889,0.02037,0.531,-0.27105,1.355,-0.57037
0,1,0,0.201,0.109,0.591,0.099,0.26459,0.24125,0.169,0.13230,0.19455,0.25292,0.296,0.287,0.08949,0.22957,-0.033,0.36965,0.062,0.24903,0.338,0.09728,0.04,0.287,-0.02494,0.28482,-0.06024,0.26256,-0.181,0.14786,-0.09339,0.31128,-0.191,0.28794
1,1.076,0,0.851,-0.022,0.623,-0.03,0.61508,-0.01190,0.53968,0.028,0.61706,0.09921,0.59127,-0.02381,0.498,0.01190,0.821,0.02579,0.60317,0.017,0.63,-0.02778,0.73,0.03770,0.5,0.03968,0.493,-0.014,0.388,-0.13492,0.68849,-0.01389,0.62500,-0.03175
0,1,0,0.06404,-0.15271,-0.059,0.041,0.089,-0.02463,-0.01478,0.18719,0.06404,0.0,0.12315,-0.09852,0.072,0.0,0.01970,-0.022,-0.173,-0.272,0.06897,0.01,0.06897,0.04,0.061,0.16256,0.28079,-0.04926,-0.05911,-0.09360,0.04433,0.05419,0.071,-0.1
1,1,0.0,0.472,0.119,0.70694,-0.06935,0.70358,0.01678,0.74273,0.001,0.751,0.15772,0.71588,-0.002,0.79754,0.06600,0.83669,-0.114,0.68680,-0.072,0.62528,-0.01342,0.53,0.092,0.71253,-0.09508,0.473,-0.01673,0.465,0.059,1.138,-0.05145,0.65213,-0.04698
0,0.783,0.0,0.25316,0.35949,0.0,0,-0.29620,-1.165,0,0.0,0.07595,-0.07342,0,0,0.0,0,0.0,0,0,0,0.00759,0.68101,-0.20000,0.33671,-0.131,0.437,0.033,-1.068,0,0,0.094,-1.341,0.0,0
1,0.732,0,0.88103,-0.00857,0.597,-0.013,0.94105,-0.021,0.89175,-0.12755,0.82208,-0.10932,0.88853,0.01179,0.775,-0.163,1.232,-0.039,0.90782,-0.02358,0.87996,-0.14577,0.656,-0.186,0.90139,-0.19507,0.88245,-0.198,0.639,-0.127,0.88424,-0.171,0.91747,-0.16827
0,0.586,0,0.42708,-0.5,0,0.0,0,0,0.46458,0.51042,0.58958,0.02083,0,0,0.0,0,0.176,-0.611,0.59167,-0.256,0,0,0.0,0,1.069,-0.599,-1.474,-0.763,-0.27917,-0.75625,0.0,0.0,0.0,0
1,1.142,0.0,0.873,0.01631,0.92007,0.01305,0.942,0.008,0.89179,-0.133,0.451,-0.08428,0.93040,-0.01033,1.179,-0.06,0.86025,-0.05057,0.814,-0.032,0.88418,-0.079,0.88907,-0.11909,0.82980,-0.14138,0.86453,-0.127,0.595,-0.13051,0.83524,-0.12452,0.86786,-0.12235
0,1,0.0,0.0,0.0,0.943,0.12889,0.627,-0.022,0,0,1,-0.42444,0.994,0.176,1,-0.05333,1,-0.81556,0.0,0.0,1,-0.032,1,-0.18667,0.0,0,1,-1,0,0,0.64,0.145,0.90667,-0.09556
1,1,0.0,0.81143,0.029,0.85143,-0.002,0.79000,0.00714,0.812,-0.04286,0.87571,0,0.85571,-0.056,0.86429,0.002,0.807,-0.05429,0.81000,-0.11857,0.643,-0.118,0.84286,-0.047,0.77000,-0.06857,0.81598,-0.075,1.167,-0.10429,0.81429,-0.056,0.82143,-0.106
0,0.671,0,0,0,0,0.0,0,0,0.0,0,0.0,0,-1,1,0.647,0.55172,0.0,0.0,0,0,0.0,0,0,0,0,0,0.544,1,0.0,0,0.0,0.0,0.0,0.0
1,1,0,0.49870,0.01818,0.43117,-0.09610,0.50649,-0.04156,0.50130,0.09610,0.298,0.067,0.55844,-0.104,0.51688,-0.03636,0.52727,-0.061,0.54,-0.006,0.48571,-0.03377,0.321,-0.013,0.59221,0.0,0.459,-0.046,0.43117,0.039,0.54545,-0.058,0.789,-0.08571
0,0,0,0,0.0,0.0,0,0,0,0.0,0,0,0.0,0.0,0.0,0.0,0.0,0,0.0,0,0.0,0,0,0,0,0,0.0,1.061,-1,0.0,0,0.0,0,0,0
1,1,0,0.96,0.413,1,0.25000,0.253,0.893,0.16851,0.809,-0.067,0.80454,-0.34107,0.60793,-0.43820,0.524,-0.456,0.16709,-0.36676,0.004,-0.26477,-0.09025,-0.16178,-0.111,-0.066,-0.128,-0.02089,-0.10242,0.01033,-0.07036,0.02224,-0.049,0.02249,-0.024
0,0.64,0.0,0.0,0,0.0,0,1.09,1,-1.038,-1,0,0,1.475,-0.11111,0.0,0.0,0,0.0,-1,1,1,0.713,1.028,-1,0,0,1,-0.992,0,0,0,0,1,0.847
1,1.27,0.0,0.816,0.439,0.64099,0.561,0.166,1.16,-0.032,0.822,-0.518,0.79346,-1.035,0.51560,-0.81049,0.22735,-0.81136,-0.154,-0.67474,-0.408,-0.38334,-0.62861,-0.13013,-0.70762,0.15552,-0.66421,0.38544,-0.515,0.52573,-0.29897,0.56239,-0.05938,0.51460,0.16645
0,1,0.0,0,0.0,0,0,0.0,0.0,-1,1,0,0,1,0.243,-0.12000,-0.149,0,0,-1,-1,0,0.0,1,-1.063,0,0.0,0.694,0.172,0.0,0.0,0,0.0,0,0
1,1,0.0,0.88179,0.43491,0.59573,0.77655,0.19672,0.929,-0.185,0.532,-0.381,0.71257,-0.488,0.342,-0.92384,-0.067,-0.77356,-0.44707,-0.447,-0.73285,-0.10237,-0.82217,0.26384,-0.77570,0.55984,-0.533,0.72147,-0.24433,0.72478,0.052,0.533,0.38915,0.428,0.665
1,1,0,0.21,0.02520,0.206,0.251,0.132,1.101,-0.25706,0.94,-0.145,0.19380,-0.542,0.25786,-0.937,-0.05409,-0.13117,-0.14329,-0.251,-0.44615,-0.11409,-0.924,0.037,-0.22786,0.27942,-0.06295,0.33737,-0.11876,0.401,-0.11409,0.15078,0.13296,0.126,0.20468
1,1,0,0.83427,0.465,0.54040,0.616,0.12,0.483,-0.33221,0.83578,-0.70086,0.711,-0.86622,0.21909,-0.84442,-0.294,-0.59714,-0.61894,-0.19354,-1.251,0.161,-0.89064,0.51109,-0.72454,0.556,-0.27734,1.178,0.08718,0.474,0.379,0.37542,1.047,-0.057,0.79444
1,1,0,0.62335,-0.03490,0.695,0.003,0.86,-0.04,0.63177,0.00963,0.62455,-0.07461,0.67028,0.07220,0.62936,-0.08424,0.67509,0.09146,0.469,0.0,0.7,0.082,0.50060,0.032,0.65945,0.145,0.60463,0.029,0.432,0.04452,0.309,-0.00963,0.592,-0.09146
1,1.079,0,0.586,-0.02390,0.70772,0.035,0.903,0.16912,0.79228,0.094,0.81434,0.43934,0.952,0.00551,0.70772,0.276,1,0.06066,0.61029,0.035,0.67463,0.04228,0.752,-0.25000,0.72978,-0.15809,0.524,0.07124,0.33,0.106,0.594,0.041,0.60294,0.21691
1,1,0,0.875,0.18923,0.78157,0.02,0.77486,0.033,0.65077,-0.10308,1.085,0.06,1.017,0.032,0.72322,0.07,0.68615,-0.08923,0.61692,0.16308,0.644,0.075,0.63878,0.066,0.60154,-0.07231,0.58803,0.129,0.673,0.25692,0.757,0.09207,0.50609,0.09322
1,1,0.0,0.68317,0.028,1.071,0.003,0.648,0.00301,0.84300,0.12,0.461,0.04102,1.143,0.008,0.985,0.00673,0.80622,-0.12447,0.77935,-0.03536,0.69,0.009,0.495,0.00978,0.79632,-0.04243,0.70824,0.01096,0.62235,0.11598,0.66624,0.017,0.64407,0.01227
1,0.959,0,0.5,0.0,0.248,0.133,0.684,0.067,0.46957,-0.03913,0.35652,-0.144,0.45652,0.025,0.50435,0.02609,0.192,0.173,0.42174,0.14783,0.42174,-0.038,0.32174,-0.11304,0.47391,-0.005,0.41789,0.06908,0.38696,0.03913,0.182,0.14783,0.637,0.17391
1,1,0,0.79830,0.09417,0.904,0.20656,0.505,0.28068,0.69320,0.41252,0.65917,0.309,0.57898,0.60814,0.49210,0.818,0.31,0.486,0.29587,0.63548,0.09599,0.962,0.025,0.72236,-0.115,0.616,-0.11925,0.435,-0.164,0.56015,-0.3,0.51701,-0.292,0.42467
1,1,0.0,1,0.087,1,0.25101,1.406,0.449,0.80365,0.53020,0.489,0.347,0.784,0.71942,0.55311,0.376,0.29452,1.182,0.21137,0.79777,0.09709,0.82162,-0.023,0.79870,-0.14,0.75596,-0.159,0.69187,-0.31713,0.60948,-0.469,0.54522,-0.392,0.44534
1,1.268,0,1.299,0.078,0.87001,0.268,0.78896,0.43388,0.948,0.59975,0.54003,0.71016,0.363,0.76161,0.24266,1.106,0.08,0.79598,-0.09159,0.76261,-0.124,0.66926,-0.30263,0.441,-0.297,0.551,-0.46215,0.349,-0.585,0.27252,-0.52823,0.19172,-0.48808,0.05972
1,1,0.0,0.492,0.221,1.219,0.33143,0.758,0.49960,0.672,0.63842,0.59215,0.73838,0.464,0.451,0.30459,0.90665,0.17959,0.93429,-0.00701,0.93109,-0.18880,1.25,-0.394,0.82492,-0.565,0.76482,-0.466,0.395,-0.912,0.52564,-0.75321,0.42488,-0.81210,0.26092
1,1,0,0.91767,0.18198,1.169,0.35543,0.72873,0.411,0.60425,0.917,0.50376,0.74922,0.391,0.81795,0.15664,0.83558,0.00396,1.253,-0.16390,1.042,-0.35996,0.76193,-0.43087,0.747,-0.472,0.776,-0.771,0.606,-0.851,0.31,-0.65710,0.163,-0.64056,0.05394
1,1,0,0.76627,0.21106,0.63935,0.38112,0.34,0.516,0.15000,0.302,0.097,0.85,-0.046,0.368,0,0.48636,-0.403,0.42014,-0.346,0.36818,-0.36591,0.21,-0.40533,0.093,-0.38483,-0.03229,-0.33942,-0.12486,-0.145,-0.19714,-0.268,-0.24648,-0.11894,-0.193
1,0.867,0,0.647,-0.60927,0.85430,0.3,0.611,0.07285,0.633,0.174,0.414,0.24172,0.50331,0.12252,0.63907,0.241,0.71854,0.481,0.54305,0.13907,0.386,0.27815,0.68874,0.07285,0.51872,0.26653,0.49013,0.255,0.46216,0.422,0.43484,0.29324,0.518,0.255
1,0.791,0,1,0.167,0.70019,-0.065,0.935,0.09677,0.706,0.01139,0.56167,-0.105,0.434,0.12524,0.58634,0.046,0.745,-0.03416,0.469,0.16888,0.999,0.07211,0.246,0.05882,0.53321,0.37381,0.49090,0.195,0.15180,0.32448,0.567,0.18897,0.56167,0.15180
1,1,0,0.84843,0.057,1.142,-0.019,0.77031,-0.03299,0.66725,-0.06620,0.35,-0.09,0.67260,-0.05771,0.64260,-0.06438,0.209,0.04530,0.71254,0.01394,0.55970,-0.044,0.693,-0.06,0.47038,-0.328,0.292,-0.114,0.49,-0.08537,0.44277,-0.09621,0.42223,-0.079
1,1,0.0,1,0.101,0.96775,-0.00482,0.96683,-0.00722,0.87980,-0.03923,0.785,0.018,0.505,-0.01436,0.95947,-0.024,0.98497,0.012,0.91152,-0.08848,0.837,-0.02364,0.94636,-0.029,0.671,0.012,1.03,-0.03034,1,-0.066,0.92774,-0.034,0.92226,-0.03673
1,1,0.0,0.47938,-0.12371,0.42784,-0.12371,0.352,-0.534,0.657,0.078,0.308,-0.21649,0.49485,0.15979,0.45361,-0.11856,0.42268,0.06186,0.5,-0.314,0.452,0.115,0.609,0.08247,0.615,0.182,0.53396,-0.12447,0.15464,-0.33,0.47423,0.04124,0.525,-0.51546
1,1,0.0,0.656,-0.04388,0.693,0.041,0.61432,0.36028,0.65358,-0.007,0.344,0.113,0.79446,-0.43418,0.72517,0.54965,0.59584,0.13857,0.406,0.21940,0.63279,-0.25404,0.487,0.15359,0.439,0.265,0.68775,0.17704,0.327,0.07621,0.66316,0.12,0.69053,0.541
1,1,0.0,0.50112,-0.03596,0.61124,0.01348,0.58876,0.01573,0.58876,0.02472,0.66742,-0.006,0.71685,-0.042,0.686,0.00899,0.557,0.033,0.64719,-0.104,0.324,0.14157,0.57528,-0.027,0.393,0.04944,0.703,0.00824,0.397,-0.03596,0.54607,0.118,0.744,-0.08090
1,1,0,0.71521,-0.00647,0.674,-0.04207,0.63107,-0.05178,0.77994,0.08091,0.901,0.107,0.64725,0.196,0.542,-0.015,0.577,-0.04531,0.269,-0.10032,0.486,0.198,0.283,0.21683,0.52427,-0.05502,0.45105,0.00040,0.31392,-0.042,0.49191,-0.10680,0.246,-0.039
1,1,0.0,0.847,0.10370,0.77037,0.03457,0.65185,0.105,0.877,-0.00494,0.79012,0.123,0.59753,0.05,0.62469,0.09630,0.78272,-0.17531,0.73827,-0.10864,0.654,0.00988,0.60988,0.08148,0.95,-0.12840,0.63773,-0.015,0.564,0.019,0.61235,-0.086,0.591,-0.061
1,1,0.0,0.661,-0.02712,0.67119,0.028,0.52881,-0.04407,0.50508,0.03729,0.873,-0.062,0.57966,-0.023,0.53220,0.07797,0.64068,0.096,0.56949,-0.02373,0.713,0.00678,0.71525,-0.029,0.711,-0.03390,0.837,0.005,0.474,-0.00339,0.507,-0.02712,0.50169,0.06780
1,1,0,0.349,0.073,0.441,0.05825,0.517,0.0,0.57282,-0.02427,0.789,0.02427,0.33495,0.04854,0.52427,0.00485,0.47087,-0.10680,0.466,0.00485,0.449,0.05825,0.18932,0.25728,0.31068,-0.15049,0.36547,0.052,0.32,0.101,0.155,0.0,0.37379,-0.022
1,1,0,0.98822,0.02187,1.056,0.34100,0.835,0.382,0.517,0.331,0.73584,0.269,0.55076,0.60179,0.522,0.563,0.301,0.70443,0.28379,0.805,0.07515,0.73696,0.06338,0.787,-0.197,0.69714,-0.16556,0.60510,-0.16209,0.55805,-0.34717,0.537,-0.336,0.37465
1,1,0,1.334,0.15810,0.90112,0.243,0.82039,0.48561,0.71760,0.64888,0.58827,0.704,0.40349,0.83156,0.219,0.84804,0.058,0.707,-0.168,0.79749,-0.203,0.80754,-0.303,0.71676,-0.51034,0.58324,-0.401,0.47,-0.91,0.30796,-0.622,0.18345,-0.597,0.02968
1,1,0.0,1.374,0.21677,0.91966,0.354,0.626,0.598,0.517,0.955,0.36774,1.265,0.10107,0.715,-0.06827,0.89274,-0.28269,0.72073,-0.43707,0.549,-0.55769,0.48120,-0.65000,0.35534,-0.64658,0.15908,-0.405,0.028,-0.64872,-0.13462,-0.658,-0.22949,-0.47201,-0.475
1,0.561,0.0,0.49,0.2,0.96132,0.40803,0.506,0.56569,0.761,0.369,0.41836,0.647,0.124,0.89489,0.05167,0.93682,-0.366,0.83939,-0.42811,0.546,-0.50251,0.62563,-0.65515,0.585,-0.68851,0.30912,-0.77097,0.15619,-0.75406,-0.06,-0.75199,-0.126,-0.66932,-0.34367
1,1,0.0,0.93972,0.269,0.623,0.373,0.58167,0.73151,0.34961,0.80511,0.10797,1.213,-0.247,0.89335,-0.39730,0.82163,-0.468,0.62867,-0.76305,0.40368,-0.996,0.159,-0.81317,-0.04284,-0.75273,-0.177,-0.684,-0.492,-0.46422,-0.61446,-0.26389,-0.57,-0.104,-0.71273
1,0.563,0,0.831,0.35157,0.67333,0.421,0.577,0.94353,-0.03643,0.80510,-0.22838,0.75334,-0.25137,0.372,-0.57377,0.28415,-0.9,0.083,-0.544,-0.043,-0.939,-0.074,-0.442,-0.47592,-0.12897,-0.391,0.07158,-0.51925,0.24321,-0.43478,0.36586,-0.30057,0.42805,0.106
1,1.463,0,0.29073,0.087,0.23308,0.17293,0.026,0.34336,0.12030,0.26316,0.054,0.225,-0.04725,0.12767,-0.06333,0.062,-0.094,0.03,-0.05431,0.01408,-0.04166,-0.00280,-0.02876,-0.01176,-0.021,-0.014,-0.008,-0.016,-0.00280,-0.01250,0.00096,-0.007,0.00290,-0.009
1,1.329,0.0,0.58459,-0.35526,1,0.35338,1.125,-0.00564,0.82519,0.26,0.585,-0.27632,0.704,0.044,0.69737,0.185,0.72368,-0.312,0.76128,0.036,0.66917,0.20489,0.955,-0.40977,0.64850,-0.043,0.56836,-0.10571,0.52820,-0.13346,0.15602,-0.097,0.66,-0.10309
1,1,0,0.83609,0.141,0.616,0.06059,0.931,0.123,0.236,0.076,0.43837,0.20330,0.49418,0.12686,0.44747,0.13507,0.222,0.02922,0.298,0.15756,0.32835,0.094,0.151,0.14638,0.235,0.14530,0.157,0.14314,0.26429,0.123,0.223,0.13632,0.16655,0.13198
1,0.992,0,0.94080,0.11933,0.484,0.014,0.972,0.015,1.129,-0.00278,0.84459,0.10916,0.83289,0.03027,0.842,0.03506,0.59,0.01943,0.80019,0.026,0.909,0.04901,0.80259,0.05352,0.424,0.02220,1.001,0.084,0.85939,0.09251,0.77863,0.048,0.77269,0.07508
1,0.994,0.0,0.87111,0.028,0.79946,0.18297,1.293,0.29292,0.89455,-0.08337,0.88598,-0.02028,0.90446,-0.186,0.89410,0.19964,0.88644,-0.04642,0.84452,-0.013,1.056,-0.34024,0.776,-0.25101,0.86661,-0.09193,0.948,-0.026,0.982,-0.032,0.494,0.21812,0.88238,0.087
1,1,0,0.74916,0.03,0.98994,0.09792,1.072,0.12877,0.622,-0.09188,0.95842,0.025,0.88,-0.00469,1.084,0.072,0.91482,0.053,0.71026,0.033,0.81221,-0.08048,1,0,0.87,-0.01207,0.82271,0.026,0.72435,-0.01073,0.461,0.109,0.508,0.02750
1,1,0,0.47337,0.19527,0.048,-0.119,0.924,0.015,0.248,-0.04438,0.54,0.015,0.44675,0.268,0.71598,-0.032,0.55621,0.097,0.41420,0.11538,0.52767,0.02842,0.51183,-0.119,0.47929,-0.02,0.46514,0.03259,0.503,0.25148,0.31953,-0.14497,0.34615,-0.003
1,1.48,0,0.59887,0.14689,0.364,-0.13936,0.85122,-0.13936,0.80979,0.028,0.547,0.029,0.67420,-0.047,0.705,-0.13748,0.66,-0.24482,0.81544,-0.14313,0.582,-0.00377,0.33333,0.065,0.56121,-0.33145,0.822,-0.16837,0.455,-0.02072,0.361,-0.31262,0.367,-0.22034
1,1,0,0.84713,-0.03397,0.577,-0.052,0.799,0,0.73673,-0.05,0.71975,-0.13588,0.74947,-0.136,0.678,-0.094,0.43,-0.309,0.61996,-0.10191,0.79193,-0.15711,0.533,-0.036,1.021,-0.26115,0.74115,-0.23312,0.939,-0.22293,0.72611,-0.37792,0.65817,-0.172
1,0.848,0,1.083,-0.08152,1.001,0.097,0.84783,0.04076,0.77174,-0.02174,0.77174,-0.051,0.82337,-0.10598,0.418,-0.00543,0.935,-0.20924,1.045,0.039,0.86413,-0.05978,0.97283,-0.281,0.85054,-0.18750,1.099,-0.098,0.542,-0.03261,0.78533,-0.10870,0.759,-0.00543
1,1,0.0,0.74704,-0.138,0.53755,0.16996,0.72727,0.078,0.758,-0.151,0.66798,-0.23518,0.78,-0.19170,0.758,0.04150,0.63043,-0.00395,0.661,-0.11858,0.676,-0.25296,0.66403,-0.28656,0.679,-0.071,0.311,-0.12041,0.831,-0.20949,0.37549,0.06917,0.61067,-0.01
1,1.072,0.0,0.46785,0.112,0.58980,0.00665,0.55432,0.06874,0.451,-0.13969,0.52993,0.02,0.774,-0.16186,0.67849,-0.018,0.474,-0.13525,0.518,-0.044,0.47894,-0.125,0.43,-0.13525,0.41463,-0.20177,0.53930,-0.11455,0.59867,-0.02882,0.53659,-0.136,0.728,-0.04435
1,1.225,0,0.88116,0.27475,1.058,0.42881,0.467,0.782,0.38825,1.105,0.09831,0.96128,-0.176,0.89200,-0.324,1.15,-0.65114,0.661,-0.78768,0.45535,-0.81856,0.19095,-0.83943,-0.066,-1.049,-0.26356,-0.67557,-0.365,-0.28,-0.60858,-0.387,-0.66700,-0.19312,-0.75597
1,1,0,0.525,0.279,0.762,0.55756,0.747,0.71596,0.26203,0.92651,0.04636,0.96748,-0.23237,0.634,-0.55926,0.934,-0.912,0.62385,-0.90995,0.36200,-0.53,0.06040,-1.194,-0.176,-0.541,-0.477,-0.452,-0.69556,-0.41223,-0.85725,-0.13590,-0.504,0.10007,-0.94823
1,1,0.0,0.915,0.30634,0.73232,0.57816,0.34109,0.575,0.047,0.766,-0.09238,0.814,-0.769,0.71996,-0.425,0.458,-0.81422,0.41195,-1,-0.00775,-0.78973,-0.41085,-0.76901,-0.45478,-0.475,-0.67605,-0.31610,-0.75,-0.043,-0.86841,0.25392,-1.026,0.002,-0.81686
1,1,0.0,0.83479,0.28993,0.69256,0.374,0.58,0.971,0.268,0.86761,-0.08096,0.85011,-0.384,0.791,-0.52735,0.869,-0.45,0.31291,-0.75821,0.03939,-1.013,-0.118,-0.58315,-0.39168,-0.371,-0.377,-0.16950,-0.60863,0.08425,-0.61488,0.25164,-0.676,0.40591,-0.35339
1,0.815,0,0.92870,0.39,0.76168,0.62349,0.49305,0.84266,0.21592,1.357,-0.098,0.935,-0.47202,0.57,-0.70747,0.65490,-0.87474,0.36750,-1.097,0.05595,-0.631,-0.26173,-0.371,-0.54069,-0.50757,-0.888,-0.121,-0.86122,0.07810,-1.125,0.36021,-1.168,0.499,-0.60270
1,1,0,0.83367,0.31456,0.779,0.57671,0.275,0.70677,0.093,0.78947,-0.233,1.159,-0.41729,0.701,-0.68421,0.47744,-0.934,0.19492,-0.72180,-0.05,-0.62030,-0.28195,-0.317,-0.68,-0.27,-0.66014,-0.01530,-0.475,0.22708,-0.64428,0.43100,-0.729,0.624,-0.30075
1,1.417,0,0.98455,-0.02736,0.98058,-0.05,1.063,-0.114,0.98720,0.011,0.95278,-0.02604,0.98500,-0.07458,1.124,-0.07149,0.97396,-0.138,1.039,-0.12224,0.99294,-0.033,1.193,-0.05,1.05,-0.102,0.96653,-0.12912,0.93469,-0.14916,0.825,-0.15755,0.96778,-0.18800
1,1,0.0,0.94052,-0.018,0.926,0.01001,0.94994,-0.01472,0.95878,-0.01060,0.94641,-0.049,0.498,-0.01767,0.97055,-0.039,1.151,-0.04064,1.332,-0.04711,0.94229,-0.031,0.92815,-0.04417,0.92049,-0.04476,0.757,-0.085,0.90342,-0.103,1.192,-0.07244,0.895,-0.07420
1,1,0,0.501,-0.14384,1.275,-0.00228,0.96575,-0.155,0.758,0.18265,0.91781,0.002,0.93607,-0.08447,1.103,-0.001,1.208,-0.08676,1.407,-0.21233,1,0.125,0.61,-0.05251,1.168,0.06849,0.94043,-0.09252,0.97032,-0.20091,0.85388,-0.047,0.96575,-0.322
1,1,0,0.52542,-0.04,0.94915,0.044,0.52542,-0.16949,0.30508,-0.009,0.50847,-0.13559,0.688,0.28814,1.163,-0.35593,0.663,0.015,0.401,0.035,0.758,0.359,0.86441,0.05085,0.40678,0.217,0.67287,-0.00266,0.644,-0.03390,0.83051,-0.175,0.76271,-0.10169
1,1,0,0.437,-0.25000,0.44444,0.22222,0.549,0.16667,0.41667,0.189,0.579,-0.11111,0.279,-0.052,0.58333,0.33333,0.55556,0.02778,0.25000,-0.19444,0.619,-0.079,0.52778,-0.02778,0.351,0.08333,0.386,-0.131,0.137,-0.191,0.36924,-0.106,0.08333,-0.5
1,1,0,0.51207,1,1,0.53810,0.494,0.686,0.391,0.46427,0.262,1,0.138,1,-0.17416,1,-0.33081,0.568,-0.543,0.924,-0.386,0.71699,-0.88500,0.689,-1.495,0.35175,-1,0.09569,-0.579,-0.16713,-1,-0.491,-0.91903,-0.764
1,1,0.0,0.75564,0.603,0.83550,0.789,0.54916,0.72063,0.248,0.70792,0.083,0.564,-0.09818,1.119,-0.37604,0.82223,-0.666,0.953,-0.68358,0.67989,-0.70163,0.24956,-0.79147,0.02995,-1.081,-0.29099,-0.70352,-0.416,-0.63312,-0.19185,-0.477,-0.553,-0.19609,-0.554
1,1,0,0.83789,0.42904,0.816,0.58385,0.521,0.78115,0.16470,0.82732,-0.13012,0.86947,-0.412,0.78497,-0.59435,0.564,-0.408,0.26529,-0.453,0.058,-0.62041,-0.357,-0.644,-0.48905,-0.37298,-0.997,-0.046,-0.62691,0.14,-0.45911,0.498,-0.312,0.48319,-0.24313
1,1,0.0,0.93658,0.35107,0.75254,0.65640,0.448,0.732,0.15323,0.95776,-0.319,1.387,-0.56535,0.83397,-1.054,0.58045,-0.93104,0.26020,-0.93641,-0.06418,-0.97,-0.40949,-0.65079,-0.67464,-0.525,-0.596,-0.059,-0.811,0.27330,-1.131,0.54827,-0.83,0.983,-0.44173
1,1,0.0,0.487,0.314,0.542,0.68420,0.29303,0.94078,-0.122,0.76527,-0.31605,0.92453,-0.66616,0.683,-0.92145,0.42314,-1.062,0.09585,-1,0.03191,-0.66431,-0.66278,-0.46010,-0.78174,-0.166,-0.88082,0.14,-0.85137,0.347,-0.953,0.937,-0.272,0.76066,-0.195
1,1.284,0.0,0.92,0.16195,1,-0.07,1,0.019,1,-0.12352,1,-0.01511,0.542,-0.01731,1,-0.06374,1,-0.07157,1,0.068,1,-0.123,1.073,-0.03,1,-0.22978,1,-0.06823,0.767,0.08299,0.791,-0.084,1,-0.094
1,1,0.0,1.037,-0.00155,0.86421,-0.13244,0.94982,-0.00461,1.215,-0.51171,0.624,0.10368,1.402,-0.14247,0.538,-0.02542,0.676,-0.183,0.84013,0.61739,1,-0.087,0.87492,-0.08495,0.85741,-0.01664,0.529,-0.022,0.699,-0.025,0.80634,-0.01957,0.782,-0.02039
1,0.88,0.0,0.665,0.232,0.64064,0.52312,0.41319,0.68158,0.14177,0.83548,-0.16831,0.473,-0.42911,0.674,-0.3,0.41471,-0.671,0.16755,-0.374,-0.09856,-0.57695,-0.23503,-0.40637,-0.38287,-0.247,-0.52540,0.01523,-0.287,0.19030,-0.223,0.31008,-0.301,0.393,-0.08036
1,1,0,0.88085,0.35232,0.468,0.65128,0.34816,0.79784,0.029,0.90842,-0.29784,0.86490,-0.621,0.69590,-0.77106,0.39309,-0.71,0.105,-0.945,-0.216,-0.937,-0.50022,-0.39766,-0.859,-0.11147,-0.856,0.233,-0.785,0.40675,-0.676,0.56626,-0.476,0.62765,-0.13305
1,1,0.0,0.89589,0.39286,0.66129,0.71804,0.29521,1.044,-0.025,1.359,-0.45725,0.84605,-0.77660,0.543,-0.92819,0.273,-0.92282,-0.213,-0.731,-0.48404,-0.50931,-0.76197,-0.172,-0.88591,0.195,-0.85703,0.331,-0.597,0.74846,-0.40656,0.83142,-0.038,1.043,0.27926
1,1,0,1.472,-0.24051,0.687,-0.20253,0.658,-0.10127,0.536,0.015,1,0.095,0.92405,0.06329,0.748,-0.039,0.771,-0.36709,0.87342,-0.01266,0.93671,0.04,1,0.29,0.62025,-0.321,0.84637,-0.069,1,-0.043,0.53165,0.02532,0.83544,-0.02532
1,1.118,0.0,0.997,0.01,0.859,0.01659,0.82638,0.024,0.625,0.01681,0.60504,0.034,0.79093,0.04731,0.77441,0.05407,0.37,0.19328,1.11,0.032,0.71285,0.07122,0.68895,0.07577,0.66387,0.08403,0.574,0.08296,0.465,0.01681,0.58187,0.08757,0.759,0.08891
1,1,0.0,0.85013,0.01809,0.92211,0.019,1.137,0.031,0.92765,0.08010,0.87597,0.11370,0.921,0.058,0.90738,0.05018,0.87339,0.02842,1.017,0,1.149,0.07047,0.545,0.111,0.83721,0.067,0.86923,0.093,0.87597,0.097,0.85198,0.10134,0.681,0.10698
1,1,0,1,-0.009,1.009,-0.00343,1,-0.01565,1,-0.018,1,-0.035,1,-0.027,1.308,-0.03087,1.2,-0.03238,0.99314,-0.029,1,-0.052,1,-0.05039,0.799,-0.04,1.148,-0.05527,0.99400,-0.089,0.99057,-0.097,0.98971,-0.06668
1,1.462,0,0.729,-0.03168,1.177,0.05545,0.89505,0.012,0.92871,0.02772,0.774,-0.00990,0.94059,-0.011,0.91881,0.03366,0.93663,0,0.94257,0.015,0.90495,0.00792,0.513,-0.01782,0.529,0.016,1.206,0.01611,0.88119,0.002,0.87327,0.045,1.114,0.02376
1,1,0.0,0.90071,0.015,0.529,-0.013,1.343,0.004,0.84752,0.05674,1.169,0.03546,1.184,0.016,0.97518,0.03546,1,-0.03191,0.9,-0.023,0.596,0.085,1,0.09220,0.90071,0.04610,0.94305,0.037,0.94681,0.02482,1,0.01064,0.93617,0.02128
1,1,0,0.342,-0.24242,0.424,0.01,0.45455,0.09091,0.63636,0.07,0.21212,-0.211,0.636,0.15152,0.39394,0,0.532,0.032,0.51515,0.03030,0.956,0.18182,0.362,-0.15152,0.48526,0.05929,0.503,0.06142,0.49,-0.034,0.41856,0.06410,0.542,0.24242
1,1,0,1.072,0.218,0.976,0.594,0.37201,0.773,0.07,0.85893,-0.24118,0.86121,-0.286,0.645,-0.68714,0.41524,-1.061,0.094,-0.945,-0.13652,-0.49488,-0.42207,-0.225,-0.57679,-0.02844,-0.48,0.15360,-0.542,0.32309,-0.37088,0.46189,-0.19681,0.40956,0.01820
1,1,0.0,1.095,0.37917,0.67311,0.69438,0.344,0.861,-0.04193,0.93345,-0.38875,0.845,-0.964,0.62078,-0.82680,0.158,-0.86150,-0.05365,-0.73564,-0.34275,-0.636,-0.62443,-0.169,-0.73855,0.06911,-0.89,0.33531,-0.437,0.52414,-0.219,0.61217,-0.149,0.815,0.08660
1,1.16,0,0.974,0.32,0.65354,0.628,0.29921,0.95905,-0.13342,0.97820,-0.52236,0.83263,-0.447,0.55086,-1.298,0.107,-0.93001,-0.25554,-0.71863,-0.59379,-0.41546,-0.677,-0.033,-1.159,0.36318,-0.687,0.67538,-0.816,0.712,-0.28123,0.557,0.09800,0.75495,0.46301
1,1,0.0,1,1.314,0.36700,0.06158,0.12993,1.074,-0.27586,0.93596,-0.303,0.37685,-0.602,0.4,-1.066,-0.103,-0.38916,-0.34236,-0.46552,-0.764,-0.066,-0.93596,0.271,-0.158,0.73792,-0.45950,0.85471,-0.06831,1,1,0.38670,0.00246,0.117,1.063
1,1,0,0.677,0.51515,0.45455,0.33333,0.06061,0.36364,-0.32104,0.73062,-0.347,0.443,-0.42,0,-0.776,-0.12121,-0.33333,-0.421,-0.131,-0.667,0.386,-0.57576,0.57576,-0.522,0.563,-0.39394,0.72961,0.12331,1.063,0.497,0.24242,0.36364,0.09091,0.229
1,1,0.0,0.88110,0.0,1.16,-0.02744,0.733,-0.01220,0.90244,0.01829,0.90244,0.01829,1.002,0.00915,0.95732,0.004,1.488,0.02744,0.94207,-0.01220,0.961,0.036,0.91463,0.05488,0.99695,0.034,0.706,0.02226,0.668,0.00915,1.463,0.05488,1.234,-0.01220
1,1.189,0,0.626,0.081,0.579,-0.08156,0.90426,-0.016,0.477,0.01064,0.80142,0.053,0.94681,-0.00709,1.407,0.0,0.739,0.20213,0.95035,-0.00709,1.216,0.00709,0.80496,0.047,0.91135,0.18,0.89527,0.08165,0.77660,0.06738,0.92553,0.18085,0.79,0
1,1,0.0,0.716,0.10638,0.88706,0.00982,0.675,0.009,0.945,-0.021,0.428,0.10638,0.565,0.02912,0.98,0.019,0.95745,0.07801,0.95035,0.04255,0.85597,0.04743,0.754,0.07,0.87234,0.11348,0.83429,0.06014,0.74468,-0.038,0.81710,0.06800,1.142,0.07173
1,1,0,0.87578,0.03727,0.971,0.004,0.89210,0.00510,0.86335,0.0,0.95031,0.07453,0.994,0.00994,0.562,0.011,0.661,-0.06211,1.119,0.017,0.84182,0.01603,0.83486,0.018,0.991,-0.04348,0.82111,0.02033,0.81988,0.08696,0.735,0.032,0.557,0.02441
1,1.231,0,0.97513,0.007,0.778,0.013,1.212,0.01954,1.095,0.01599,0.95737,0.02309,0.955,0.03552,0.943,0.03730,1.245,0.02131,0.98579,0.05684,1.096,0.04796,0.94494,0.05506,0.493,0.035,0.877,0.06477,0.94849,0.08171,0.99112,0.044,0.98934,0.09947
1,1.184,0,1,0.011,1,0.01105,1,0.02320,0.99448,-0.01436,0.832,-0.00221,1.389,0.026,0.956,0.00884,0.681,0.00773,0.97901,0.01657,0.821,0.00663,0.98122,0.016,0.946,-0.003,1.001,0.01600,0.97901,0.01547,0.98564,0.02099,1.385,0.024
1,1,0.0,1,-0.011,1,0.01,1,-0.00224,0.521,0.06264,1.059,0.037,0.95973,0.02908,1,0.06488,0.98881,0.037,1.446,0.03579,0.99776,0.09396,1.003,0.07383,1,0.149,0.544,0.13,0.99105,0.066,1,0.10067,1,0.095
1,1,0.0,0.88420,0.36724,0.67123,0.787,0.266,0.9,0.027,0.93182,-0.35148,0.817,-0.52,0.58842,-0.78658,0.38778,-0.83285,-0.004,-0.69318,-0.288,-0.52504,-0.53924,-0.27377,-0.912,0.00806,-0.416,0.174,-0.60678,0.44569,-0.43383,0.696,-0.22,0.56286,0.02823
1,1,0,0.625,0.41786,0.64131,0.91,0.30440,0.95148,-0.20449,0.96534,-0.28,1.017,-0.81857,0.50949,-1.196,0.10345,-0.91456,-0.31412,-1.021,-0.785,-0.32354,-0.582,0.077,-0.94172,0.44483,-0.82154,0.456,-0.585,0.55,-0.18725,0.87893,0.216,0.617,0.54852
1,0.827,0,0.32789,0.11042,0.15970,0.294,0.166,0.981,-0.25131,0.462,-0.147,0.26664,-0.767,0.24865,-0.97650,-0.00337,-0.198,-0.191,-0.30522,-0.469,-0.091,-0.89991,0.09345,-0.28916,0.28307,-0.18560,0.39599,-0.159,0.31005,0.05614,0.182,0.207,0.13376,0.26422
1,1,0,0.572,0.43617,0.44681,0.74804,0.05319,0.85106,-0.333,0.82139,-0.68253,0.717,-0.84211,0.07111,-0.851,-0.28723,-0.443,-0.71725,-0.04759,-0.937,0.301,-1.126,0.592,-0.52128,0.74300,-0.18645,0.663,0.152,0.383,0.403,0.20549,0.547,-0.18533,0.74356
1,1,0,0.19466,0.061,0.039,0.25191,-0.13,0.48866,-0.18321,-0.239,-0.419,0.06107,-0.24,0.09160,-0.129,-0.30534,-0.10305,-0.39695,0.125,-0.203,0.417,-0.117,0.28626,-0.16031,0.21645,0.24692,0.03913,0.309,-0.03817,0.353,-0.203,0.16794,-0.30153,-0.33588
1,1,0,0.98002,0.001,1,0.0,1.161,-0.00075,0.899,0.02394,1.279,0.019,0.97888,0.035,0.99170,0.02338,1.239,0.05713,0.93552,0.05279,0.97738,0.067,1,0.042,1.324,0.08107,0.96709,0.073,0.595,0.08088,0.98190,0.08126,1.353,0.08616
1,1,0,0.82254,-0.07572,0.794,0.003,0.87514,-0.01214,0.86821,-0.07514,0.736,-0.11734,0.84624,0.045,0.455,-0.106,0.84,0.06705,0.78324,0.06358,0.86763,-0.035,0.996,-0.06012,0.981,-0.02370,0.519,-0.029,0.661,-0.07630,0.70058,-0.04220,0.438,0.01214
1,1,0.0,0.35346,-0.189,0.69387,-0.02423,0.68195,-0.03574,0.55717,-0.062,0.61836,-0.10467,0.62099,-0.087,0.59361,-0.047,0.575,-0.262,0.752,0.052,0.368,-0.08771,0.46241,-0.08989,0.522,-0.00564,0.39146,-0.09038,0.509,-0.154,0.32232,-0.115,0.28943,-0.08300
1,0.834,0,0.887,0.01092,0.982,0.003,0.85821,0.006,1.172,0.019,0.897,0.12068,1.058,0.011,0.81815,0.00854,0.82777,-0.071,0.76531,0.03881,0.76979,0.01148,0.75071,0.015,0.77138,-0.002,0.70886,0.01375,0.66161,0.00849,0.66298,0.021,0.63887,0.01525
1,1,0.0,0.97,-0.02,1.265,0.06831,0.301,0.433,0.75683,-0.00273,0.65164,-0.14071,0.40164,-0.48907,0.39208,0.501,0.76776,0.31831,1.176,0.11339,0.47541,-0.44945,1,0.01,0.883,0.066,0.68656,0.234,0.87568,0.113,0.822,0.24590,0.13934,0.48087
1,0.787,0,0.83508,0.08298,1.043,-0.188,0.84349,-0.05567,0.90441,-0.04622,0.89391,0.13130,0.81197,0.087,0.79307,-0.089,0.856,-0.02101,0.96639,0.087,0.87605,0.01155,0.77521,0.049,0.895,-0.053,1.172,0.001,1,0.086,0.86660,-0.10714,0.90546,-0.032
1,1,0.0,0.95113,0.003,0.95183,-0.019,0.93438,-0.01920,0.94590,0.009,0.96510,0.045,0.94171,0.052,0.94625,-0.019,0.97173,0.00140,0.94834,0.06038,0.729,0.113,0.93124,0.10087,1.053,0.015,1.191,0.04925,0.93159,0.08168,1.081,-0.0,0.91483,0.04712
1,1.084,0,1.254,-0.00034,0.935,-0.03227,0.95177,-0.03431,1.331,0.022,0.94124,0.01766,1.062,0.04688,1.18,-0.02,0.852,0.02004,1.262,0.01393,0.91406,0.07677,0.89470,0.06148,0.682,0.019,0.92489,0.017,0.92120,0.02242,0.92459,0.00442,0.937,-0.00577
1,1,0,0.90608,-0.01657,0.98122,-0.01989,0.789,-0.031,0.85746,0.00110,1.191,-0.03315,0.462,-0.01436,0.90608,-0.062,1.005,-0.009,0.80773,-0.116,0.88729,0.016,1.205,-0.02320,0.91050,-0.026,0.505,-0.07760,0.607,-0.17238,0.496,-0.03757,0.87403,-0.16243
1,1,0,0.84710,0.156,0.73638,-0.066,0.87873,0.08260,0.563,-0.107,0.78735,0.06678,0.80668,-0.00351,0.517,-0.01054,0.85764,-0.049,0.87170,-0.03515,0.81722,-0.125,0.371,0.051,0.86467,-0.109,0.81147,-0.04,0.74,-0.006,0.75747,-0.06678,0.458,-0.06151
