1,1,0,0.99539,-0.03,0.85243,0.02306,0.83398,-0.456,1.068,0.03760,0.73,-0.17755,0.824,-0.44945,0.611,-0.317,0.84356,-0.535,0.58212,-0.357,0.56971,-0.29674,0.204,-0.47357,0.56811,-0.51171,0.433,-0.259,0.218,-0.34090,0.624,-0.54487,0.18641,-0.408
0,1,0.0,1,-0.18829,0.93035,-0.36156,-0.091,-0.93597,1,-0.04549,0.687,-0.877,0.34432,-0.69707,-0.476,-0.97515,0.05499,-0.62237,0.33109,-1.346,-0.095,-0.411,-0.18056,-0.35734,-0.296,-0.359,-0.275,-0.104,-0.248,-0.097,-0.144,-0.06288,-0.13738,-0.02447
1,1.002,0.0,0.846,-0.03365,1.442,0.00485,0.742,-0.12062,0.88965,0.01198,0.963,0.05346,0.85443,0.00827,0.54591,0.00299,1.144,-0.13644,0.75535,-0.08540,0.70887,-0.27502,0.494,-0.161,0.57528,-0.592,0.577,-0.154,0.43100,-0.232,0.803,-0.305,0.56045,-0.38238
0,1.38,0,1,-0.45161,1.152,0.532,0.71216,-1.453,0.0,0,0,0.0,0,0.0,-1,0.14516,0.789,-0.57,-1,-0.54467,-0.69975,1.256,0.0,0,1,1.318,0.602,0.82,1,-0.20099,0.25682,0.92,-0.32382,1
1,1,0.0,1,-0.036,0.94140,0.06531,0.92106,-0.269,0.553,-0.224,0.481,-0.20275,0.491,-0.007,0.34395,-0.182,0.52940,-0.21780,0.585,-0.17813,0.053,-0.35575,0.02309,-0.52879,0.03286,-0.873,0.188,-0.551,0.02431,-0.62197,-0.053,-0.59573,-0.04608,-0.65697
0,1.196,0,0.02337,-0.003,-0.09924,-0.11949,-0.004,-0.11824,0.14706,0.06,0.03786,-0.082,0.0,0,-0.04572,-0.15540,-0.003,-0.10196,-0.165,-0.027,0.01838,0.03669,0.016,0.00888,0.039,-0.017,-0.04,0.09223,-0.07859,0.01,0.0,0,-0.00039,0.12011
1,1,0.0,0.869,-0.083,0.987,-0.20800,0.92806,-0.357,0.85996,-0.27342,1.077,-0.368,0.78225,-0.546,0.74628,-0.898,0.57945,-0.711,0.37852,-0.73641,0.255,-0.76562,0.31898,-0.79753,0.22792,-0.81634,0.148,-0.82510,0.044,-0.82395,-0.04262,-1.102,-0.138,-0.80975
0,0,0.0,0.0,0,0.0,0,1.495,-1,0.0,0.0,-0.589,-1,0.0,0.0,0,0.0,1,1,-1.276,-0.819,0,0,0,0,1.389,1.431,1,1,0,0,1.34,1,0,0
1,1,0.0,0.96355,-0.07198,1,-0.14333,1,-0.21313,1.113,-0.495,0.92570,-0.43569,0.94510,-0.258,0.671,-0.675,1.049,-0.262,0.84537,-0.628,0.75346,-0.60589,1.035,-0.64225,0.447,-0.65440,0.57577,-0.452,0.25435,-0.751,0.261,-0.72779,0.38895,-0.996
0,1,0.0,-0.012,-0.08459,0,0.0,0,0.0,0.11470,-0.209,-0.649,-0.38172,0,0.0,-0.371,0.445,-0.37133,0.15018,0.63728,0.173,0.0,0,0.0,0,-0.14803,-0.01326,0.20645,-0.02294,0.0,0,0.191,0.24086,-0.089,0.38065
1,1,0,1,0.077,1.132,-0.273,1,-0.265,1,-0.237,1.134,-0.41349,0.96232,-0.612,0.90711,-0.59017,0.89230,-0.66474,0.599,-0.385,0.626,-0.761,0.63081,-0.80544,0.55867,-1.272,0.47211,-0.678,0.40303,-1.017,0.30996,-0.89093,0.22995,-0.823
0,0.791,0.0,1.223,-0.424,0.556,-0.717,1.139,-0.845,1,0.36217,0.579,-0.41119,0.514,1.387,1,-1,1,-0.29354,1,-0.93599,1,1,1,1,0.992,-0.40888,1,-0.62745,1.354,-0.959,1.332,-1,1,-1
1,1,0,1,-0.16316,1,-0.088,0.99999,-0.193,1,-0.189,0.94055,-0.412,1.314,-0.233,0.93719,-0.34412,1.27,-0.28106,1.126,-0.43383,0.752,-0.47308,0.82987,-0.71,1.161,-0.47137,0.433,-0.459,0.65723,-0.68794,0.68714,-0.79,0.441,-0.67226
0,0.936,0,1,-0.86701,0.798,0.146,0.85492,-0.39896,0.68,-0.147,0.512,0.35147,1,0.07772,0.968,-0.14767,1,-0.963,0.995,-0.74,0.61831,0.15803,1,0.332,1,-0.17012,1,0.286,1.131,-0.66494,1,1.143,0.54,-0.18826
1,0.761,0,0.833,0.07380,1,0.035,1.165,-0.076,0.686,0.08764,1,0.219,1,0.214,1,0.12785,1,0.139,1,0.27087,1,0.44758,0.512,0.36,1,0.20033,0.53,0.36743,1.138,0.48641,0.887,0.378,1,0.46712
0,1,0,0.50932,-0.93996,1,0.26708,-0.037,-1,1,-1,0.378,-1,0,0,-1,-0.189,-0.371,0.03623,0.999,-1.083,0.0,0,0,0,-0.159,0.92236,0.574,0.394,0.0,0.0,0.656,0.332,0,0.0
1,1.025,0,0.99645,0.04,1,-0.01236,0.687,0.02498,0.85,0.021,1.415,0.07808,0.89323,0.097,1.329,0.05269,0.88809,0.11120,0.86104,0.08631,0.81633,0.11830,0.83668,0.1,1.045,0.112,0.79476,0.148,0.79110,0.15379,0.911,0.15930,0.949,0.1
0,0,0,0,0,-1,-1,1,0.601,-1.293,1.227,-1,1,1,-1.168,0.647,0.754,-1.062,-1.154,-1,1.336,1,-1,-1,1,-0.731,1,1.441,-1.091,-1,0.88,-1.024,-1.111,1,-1
1,0.858,0,0.747,0.037,0.66626,0.05031,0.57197,0.21,0.08776,0.34081,0.63621,0.12131,0.827,0.14285,0.498,0.14,0.694,0.18151,0.201,0.274,0.53888,0.21326,0.753,0.22625,0.461,0.259,0.275,0.24618,0.385,0.25306,0.40663,0.25792,1,0.33036
0,0,0.0,1,-1,0.0,0.0,0,0.0,1,1,0.905,-1,-0.425,0.918,0,0,-0.876,1.245,0.592,1.143,-1.205,1,0.589,0.56250,-1,1,1,1,1.122,-1,1.335,1,1,1
1,1,0,1,-0.00612,1,-0.09834,0.637,-0.083,1.104,-0.138,1.071,-0.11073,1.144,-0.39489,1,-0.222,1.12,-0.191,0.86473,-0.498,0.854,-0.469,0.96060,-0.46866,0.81874,-0.338,0.82681,-0.603,0.75784,-0.38231,0.789,-0.40575,0.74354,-0.45039
0,0,0,0.784,0.667,0.0,0.0,0,0,-1,-1,0.0,0,0,0,-1,-1,-1,-1.058,-0.904,1.026,-1,0.773,0,0.0,0.0,0,1,-0.724,-0.782,1.311,-1.045,1,-1,1
1,1,0,0.96071,0.041,1,0.04296,1.18,0.136,0.727,-0.06,0.89263,0.02580,0.83250,-0.06142,0.965,0.05,0.76544,0.004,0.75206,-0.059,0.858,-0.07905,0.827,-0.05929,0.55677,-0.04,0.56,-0.02205,0.355,-0.01251,0.51310,-0.00015,0.52099,-0.001
0,0,0.0,-0.906,1,0.0,0.0,0.0,0.0,-0.729,0.912,1,0.581,0,0.0,0,0,1.375,-1,-1,1,1,1.384,0,0,-1,-1,1,-1,1,0.969,-0.578,1,0.0,0
1,1,0.0,1,-0.071,1,0.02942,1.372,-0.05131,1,-0.01707,1,-0.119,1.189,-0.033,0.603,-0.06598,0.69170,-0.099,0.65731,-0.20367,0.824,-0.367,0.598,-0.323,0.84932,-0.39,0.72529,-0.227,0.73094,-0.38576,0.54356,-0.26284,0.961,-0.39487
0,0.787,0,1,0.57820,1.389,-0.917,1,-1.486,1,-1,1,-1.163,0.727,-1,1.325,-0.721,1,-1.285,1,-1,1,-0.533,1,-1,1.194,-1,1.088,-1,1,-1.253,1.014,-0.59,1,-1
1,1.461,0,1,-0.08714,1.286,-0.17263,0.647,-0.81779,0.503,0.384,0.95473,-0.41382,0.641,-0.382,0.764,-0.202,0.81051,-0.651,0.123,-1,0.90284,0.11053,0.752,-1.09,0.55389,-0.82868,0.48136,-0.86583,0.40650,-0.894,0.39,-0.92128,-0.13341,-1
0,0,0,-0.913,-0.52,0.0,0,-0.67,0.613,1,-0.324,0,0.0,0.0,0.0,0,0,1.185,-1,-1.015,-1,1,-1,0,0,1,-1,-1,0.541,-1,-1,0,0.0,-0.789,1.055
1,1.346,0.0,0.793,0.094,1,0.17387,1,-0.13308,0.98172,0.64520,1,0.47904,1,0.456,1,0.772,1.495,0.883,1,1.283,1,1,0.98042,0.967,0.91624,1.131,0.903,0.548,0.779,0.715,0.64358,1,0.52479,1
0,0,0.0,-0.852,-0.766,1,1,1,-1,-1,0.544,1,-1.087,-1,-1,0,0.0,1,0.784,-1,-0.676,1,-1,0.585,-1,1,1,1.022,-0.81,1,-0.936,-1,0.67,1.359,-1.398
1,1,0,1,-0.14236,0.87,-0.16256,1,-0.341,0.73,-0.07514,1,-0.187,1,-0.273,1,-0.203,0.897,-0.261,1.324,-0.46162,1,-0.296,1.496,-0.871,0.802,-0.47643,0.98820,-0.49687,1,-0.821,1,-0.936,1,-0.84437
0,1,0.0,1,-1,1,1,1,-1,0.843,-1,0.978,-0.874,0.873,-0.01840,1.059,-1,1,1,1,-0.581,1,1.438,1.414,-0.721,0,0.0,1,1.199,0.586,-0.79141,0.617,1.454,1,1
1,0.677,0,0.88208,-0.14639,0.93408,-0.11057,0.92100,-0.215,1.035,-0.17036,0.88462,-0.31809,1.116,-0.21,0.82116,-0.223,0.80681,-0.33632,0.75243,-0.47022,0.981,-0.54,0.66150,-0.50085,0.61297,-0.48086,0.575,-0.428,0.675,-0.729,0.447,-0.5,0.515,-0.58086
0,0.547,0,0.71253,-0.02595,0.41287,-0.129,1.442,-0.12,1.313,-0.091,1,-0.10951,0.829,1.109,0.83726,-1,0.872,-0.17863,0.80760,-0.28257,-0.256,0.92730,0.51933,0.037,0.663,-0.20392,0.833,-0.41307,0.63811,-0.21901,0.86136,-1.25,-0.306,-1
1,1.359,0,1,-0.212,0.72314,0.289,1.244,-0.375,0.993,-0.317,1,-0.49863,0.808,-0.12527,0.781,0.209,1,0.39337,1.292,0.26590,0.96354,-0.01891,0.92599,-0.91338,1.334,0.14803,1,-0.11582,1.302,-0.11129,1,0.53372,1.373,-0.669
0,1,0,0.66161,-1.101,1,1,1,-0.546,0.80893,-0.40446,1,-1.274,1.44,-0.89375,1.4,0.599,0.17589,0.70982,1.442,0.78036,0.739,1.249,1.167,-1,1.137,0.85357,1,-0.08571,1.286,-0.36250,0.834,0.771,1.017,0.34732
1,1,0.0,1,0.00433,1,-0.01209,1,-0.044,1,-0.043,1.438,-0.091,0.864,-0.06544,0.97261,-0.115,0.92561,-0.112,0.94184,-0.186,0.949,-0.212,1.232,-0.13565,0.89469,-0.178,1.296,-0.245,0.85644,-0.18552,0.83777,-0.20101,0.83867,-0.20766
0,0,0.0,1,1,0.671,-1,0.0,0.0,0,0.0,-1.256,-0.856,0.0,0,0,0.0,-0.993,1,1.311,1,-1,1,-1,1,1,-1.404,0.787,0.745,-1,1,1,1,0,0.0
1,1,0.0,0.832,0.031,0.683,0.02280,0.94705,0.05345,0.93582,0.018,1.328,0.06348,0.92766,0.065,0.654,0.084,0.988,0.171,0.83744,0.161,0.80983,0.11849,1.066,0.14222,0.75755,0.11299,0.73550,0.13282,0.66387,0.15300,0.398,0.10754,0.65258,0.09
0,0.519,0.0,1,0.015,0.99672,0.053,0.97545,0.07143,0.61745,-0.898,0.921,0.14,0.88462,0.53640,0.82077,0.14137,1.056,0.103,1,0.408,0.557,0.16371,0.69,0.16516,0.54446,0.16390,0.68,0.16019,0.576,0.15436,0.278,0.14677,1,1
1,1,0,0.652,0.06538,1.307,0.20746,1,0.345,0.93051,0.278,0.821,0.39039,0.876,0.42,0.411,0.52321,0.65954,0.501,0.57619,0.62999,0.47807,0.891,0.40553,0.68840,0.195,0.72082,0.305,0.892,0.19296,0.517,0.11372,0.654,0.06990,0.71444
0,1,0,-1,-1.152,1,0.72,1,-0.14375,0,0,-1,1,1.079,1,0.17917,-0.534,-1.027,-1,0.121,-1,1.068,-1.316,-0.856,0.633,-1,-1.171,1,-1,-1,-0.828,0.523,1,0.0,0.0
1,1,0.0,0.90932,0.08791,0.86528,0.16888,1.346,0.224,0.668,0.68154,0.394,0.19,0.16286,0.42739,0.582,0.46086,0.51067,0.49618,0.427,0.12967,0.37824,0.54462,0.347,0.55826,0.137,0.56527,0.161,0.56605,0.12635,0.505,0.05,0.581,0.167,0.67739
0,1,0,-0.64286,-1,0.907,0.977,0.836,-1.442,1.262,-0.215,1,0.96161,1.344,-0.213,1,-1,1,0.135,1,-0.836,1,-0.05,-0.84286,1,0.53750,0.85714,1,1,1.454,-1.002,1.303,-1,0.742,-1
1,1,0.0,0.99025,-0.084,0.99793,-0.116,0.98663,-0.164,0.99374,-0.25843,0.647,-0.30130,1.233,-0.37965,0.89812,-0.514,1.119,-0.52064,1.194,-0.65,0.727,-0.782,1.082,-0.64615,0.68282,-0.91,0.872,-0.73174,0.61010,-0.75353,0.54752,-0.80278,0.49195,-0.83245
0,0.0,0,0,0.0,0,0.0,0,0,1,1,1,1.453,0.0,0,0,0,-0.249,-1,-1,-1.152,0,0.0,0.0,0.0,-1,-0.935,-1.157,-1,-1.38,1.166,1,0.0,0,0
1,0.716,0,1.363,-0.03730,1,-0.082,1.229,-0.11039,1.294,-0.09931,0.98941,-0.13814,0.875,-0.21695,0.869,-0.25099,0.91236,-0.34400,0.90581,-0.32152,1.25,-0.34691,1.256,-0.534,0.892,-0.216,1.233,-0.407,0.413,-0.42593,0.77919,-0.47977,0.75115,-0.50152
0,0.89,0.0,0.94598,-0.02685,-1,0.26131,-0.476,0.372,0.69258,-0.63427,1,-0.03,-0.29020,-0.006,-0.385,0.15452,0.517,-0.46270,1,-0.50424,-0.314,-0.284,-0.73864,0.546,0.836,-0.46734,0.52208,-0.702,0.917,-0.61393,-0.09634,0.20477,-0.077,0.41913
1,1,0.0,0.98166,0.00874,0.98103,-0.03,0.97565,-0.034,1.284,-0.06971,0.941,-0.051,1.355,-0.11102,0.93369,-0.12790,1.272,-0.089,1.191,-0.19200,0.88274,-0.187,0.86257,-0.174,0.88487,-0.205,0.71,-0.21136,0.78546,-0.23864,0.76911,-0.23095,0.74323,-0.324
0,1,0.0,0.0,0.0,0.772,0.51724,0.0,0.0,0.072,-1.357,0,0,0.0,0,-1,-0.179,-0.55711,-0.83297,0.76940,0.918,0,0,0.53448,0.455,-0.90302,0.26,1,-1,-1.484,0.668,0,0,0,0
1,1,0,0.84134,-0.18362,0.43644,0.02919,0.93421,-0.00267,0.87947,0.13795,0.949,-0.011,1.041,0.818,0.91714,-0.57486,0.75000,-0.219,0.678,-0.20104,1.048,0.876,0.46610,-0.16290,0.856,-0.031,0.93358,-0.006,0.61582,-0.373,0.547,-0.251,1.277,-0.01425
0,0.0,0,1,0.651,1,-0.97,0,0.0,0,0.0,0.887,1.101,0.55,1,-1,-0.803,1,-1,-1,0.764,0,0,1.422,-1.298,1,-1,1.158,1.082,-1,-1,0,0,0.0,0
1,1,0,1,0.997,1.179,1,0.91010,1,-0.359,1,-0.83152,1.132,-0.857,1,-1,0.373,-1,-0.655,-1,-0.42052,-0.717,-0.543,-0.733,-1,0.90014,-1.139,1.215,-1,1,-0.579,1,-0.34686,1.427,0.273
0,1,0,-0.652,-1,-1,1,0.782,0.63317,0.049,-1,-0.791,-0.874,1.223,1,0.88683,-0.992,-1,1,0.466,1,1.354,-1,-1,-1,-0.185,0.845,1,-0.786,-1,-1,-0.782,1.443,1,0.229
1,1,0,0.95659,0.06,0.97487,-0.055,0.97165,-0.08484,0.83,-0.06561,1.184,0.01279,0.95436,-0.16795,1.2,-0.19497,0.567,-0.32268,0.591,-0.35902,0.91428,-0.27316,0.461,-0.385,1.17,-0.564,1.197,-0.423,0.92059,-0.30619,0.83951,-0.389,0.82166,-0.554
0,1,0,0.044,-0.20685,-1.164,1,-1,1,0.71875,0.25,-0.795,-0.62723,-1.131,-1,-0.936,1.115,-0.02753,0.59152,-0.286,-0.42113,-0.74628,-0.54,-1,-0.356,-1,0.277,1,-1,-1,-0.199,-1.213,-0.798,-1,0.489
1,1,0.0,1,-0.02259,1,-0.04494,1.052,-0.088,1.191,-0.08799,0.686,0.369,0.984,-0.12738,1,-0.14522,1.083,0.32407,1.033,-0.17639,0.631,-0.18949,0.95601,-0.167,1,-0.796,0.966,-0.193,1.188,-0.22370,0.78479,-0.22765,0.73992,-0.22981
0,0.0,0,-1,1,1,-1.285,-0.832,1,0,0,1.443,1,-1,-0.112,0.981,0.865,-0.999,-1,1,-1,-1,-1,1,0.551,1,-1.488,1,1,1.11,1,0.0,0.0,-0.615,-1.044
1,1,0.0,0.601,0.05812,0.652,0.068,0.879,0.13231,1.227,-0.01911,0.94846,0.083,0.95713,0.14644,0.972,0.11224,0.90896,0.269,1.294,0.16265,0.99695,0.14258,0.757,0.115,0.91667,0.22431,0.88423,0.208,0.573,0.17,0.78324,0.29576,0.83574,0.31166
0,1.113,0.0,0.17188,-0.887,-1,1.293,0,0,0,0.0,-1,1.024,0.0,0.0,-0.61354,-0.67708,1.026,0.36146,0.6,0.14375,0,0,-1,-0.27083,-0.84792,0.96250,0.944,1.062,-1,0.738,0,0.0,0.0,0
1,1,0.0,1.189,0.09771,1,0.12197,1,0.301,0.625,0.09237,0.94930,0.281,0.92992,0.24288,0.975,0.28343,1.116,0.26721,0.936,0.379,1.11,0.293,0.74829,0.39597,0.76193,0.483,0.68452,0.42746,0.757,0.535,0.56791,0.47033,0.54252,0.304
0,1,0.0,0.01667,-0.35625,0.0,0,0.0,0.0,0.0,0.0,0.0,0.0,0,0,0.141,-0.716,0.22813,0.82813,1,-0.42292,0,0,0.104,-1.089,-0.099,-0.16667,1.428,-0.76667,-1,0.18854,0,0.0,1,-0.27292
1,1,0,1,0.16801,1.345,0.214,0.94616,0.33347,0.976,0.22610,0.91408,0.269,0.84250,0.282,0.81011,0.543,0.78473,0.308,0.523,0.56977,0.56553,0.58071,0.43,0.635,0.48311,0.368,0.625,0.69129,0.389,0.76147,0.33921,0.716,0.185,0.78685
0,1,0,0.63816,1.103,0.20833,-1,1,1.026,0.87719,0.441,-0.66886,1.29,-0.054,0.764,0.014,0.05044,-0.752,-1,0.187,-0.03289,0.346,-0.43860,-1.045,1.233,0.80921,-0.516,1,-0.04,1,1,0.161,-1,1,1
1,1,0.0,0.955,-0.606,1,0.76131,0.87060,0.219,1,-0.09925,0.643,0.47990,0.65452,-0.16080,1,0.006,0.499,-0.483,0.80025,-0.24497,0.88065,-0.19095,1.115,-0.071,0.93593,0.10678,1.082,-0.103,1,-0.25,0.354,0.19849,0.51382,-0.039
0,1,0.0,0.84783,0.10598,1.496,0.39130,1.162,-0.778,0.679,0.082,1,0.27038,1.036,0.60598,1,0.488,1,0.024,0.58424,-0.43025,1,0.63496,0.89130,0.26585,0.91033,-0.33333,0.532,0.195,0.219,-0.01947,1.097,0.13,0.629,0.37409
1,0.727,0.0,0.721,0.243,1,0.037,1,0.07764,1,0.049,0.731,0.468,0.646,0.05489,1,0.04384,0.95750,-0.24598,0.84371,-0.08668,1.12,0.057,0.99933,0.215,0.848,-0.39056,1.291,-0.02174,0.86747,0.23360,0.94578,-0.225,0.80355,-0.07329
0,0,0.0,1.183,-1.194,1.047,-1,1,-0.53,0.59,-1.388,1,1.389,1,1,1,-1,1.205,1.325,1,1.088,1,0.868,1,-1,1,-1,1.253,-1,1.285,0.65625,0,0.0,1,-1
1,1.055,0,1,0.67784,0.81309,0.82021,0.43019,1.005,0.20619,0.80541,-0.564,1,-0.79135,0.77092,-1.205,0.485,-0.39046,-0.58634,-0.97907,-0.42822,-0.73083,-0.48,-0.324,-0.769,0.604,-1,0.312,-0.93296,0.262,-1,0.933,-0.301,0.902,0.025
0,1,0,1,1,1.185,-0.541,1,-1,1,0.715,1,0.52,0.923,0.613,0.864,-0.513,1.346,1.313,1,1,0.771,1,1.258,1,0.793,0.548,1,0.5,0.0,0,1,-1,1,-1
1,1,0,1,0.03529,1.131,0.18281,1.092,0.26968,0.967,0.261,1.495,0.3,1,0.38643,1,0.31674,1.067,0.65701,1,0.53846,1.077,0.61267,1,0.59457,0.763,0.458,0.89502,0.71374,0.694,0.913,0.833,0.913,0.71493,1.023
0,0.0,0.0,1,-1,1,0.784,-1,-1,0.676,-1,0,0,0.0,0.0,-0.585,1,0.834,-1,1.324,-1,-0.75000,1,1.083,-1,1,-1,0.766,-0.544,-1.087,-0.749,0,0.0,1,-1
1,1,0.0,0.96087,0.08620,0.96760,0.19279,0.96026,0.27451,0.98044,0.51,0.678,0.46281,0.86265,0.52517,0.82820,0.58794,1.096,0.619,0.69003,1.067,0.54473,0.85,0.48339,0.76197,0.586,0.652,0.308,0.887,0.154,0.581,0.12,0.86835,0.09048,0.728
0,1.414,0.0,0.501,0.38889,0,0.0,-0.322,0.69841,0,0.0,0,0,0,0.0,0.20635,-0.142,0.21032,0.19444,0.557,0.681,0,0.0,0,0.0,0.73413,0.182,0.597,0.83,0,0,0,0,0,0
1,1,0,0.677,0.05070,1,0.10827,1,0.121,1.431,0.28453,1.345,0.34826,1.012,0.467,0.94575,0.596,0.89126,0.50391,0.678,0.58801,1.134,0.59962,0.969,0.62758,0.66643,0.607,0.697,0.69435,0.648,0.918,0.47027,0.946,0.33381,0.75243
0,0,0.0,1,1,0,0,1.109,-1,1,-1,0.676,1,1,1,1,-0.986,1.06,0.558,1,1.359,1,-1.01,-0.894,-1.471,1,-1,1,-1,1.017,1.123,0.0,0.0,1.335,-1
1,1,0,1,0.048,1,0.11982,1.43,0.168,1,0.372,0.98703,0.30889,0.92745,0.383,0.91118,0.39749,0.81939,0.296,1.172,0.645,0.79400,0.652,1.013,0.58129,0.67077,0.59723,0.58903,0.60990,0.399,0.60932,0.586,0.853,0.515,0.622
0,0,0.0,1.4,1,1,-1,1,1.455,1,1.137,0.852,1,1.101,1,1.469,1,1,-0.816,-1,0.812,-1.181,1,-1.465,1.299,1,-1,1.498,1,-0.834,1,-1,-0.818,-1,1
1,1.367,0.0,1,0.23,1.455,0.48590,1,1.058,1,1,0.732,1.295,0.745,0.864,1,0.469,1,1,0.856,1.311,0.74468,1.487,0.89647,1,0.64628,1,0.38255,1,0.10819,1,-0.17370,1.5,-1.039,1
0,0,0.0,1,1,1,-0.725,0.54,1.404,-1,1.111,0,0,1,0.993,0,0,0.0,0.0,-1,1,-1,0.671,1,0.712,1,-1.242,1,1.256,1.36,1,1,-0.939,-1,0.787
1,1,0.0,1.383,-0.047,1,0.62937,1,0.09557,1,0.255,1,-0.726,1,-0.516,1,-0.213,0.786,0.044,1.084,-0.365,1.114,-0.26573,1,-1.347,1,-0.666,1,-0.81372,1,-1,0.561,-0.78555,1,-0.48252
0,0,0.0,1,-1.307,1,1.011,1.003,1,0.519,1.1,0.994,1,1.324,-0.677,1,-1,1,0.516,1,-1.373,1,1,1,1,0.566,-0.9,1.232,0.845,1,-1,1,1,1,-1
1,1,0,1.08,0.103,0.92679,0.16251,0.656,0.327,0.976,0.35197,0.421,0.42196,0.70716,0.406,0.70796,0.56476,0.60459,0.64200,0.369,0.701,0.377,0.66975,0.34232,0.446,0.23693,0.999,0.18765,0.73885,0.09694,0.585,0.017,0.646,-0.04023,0.69509
0,1,0,0.728,-0.239,0.705,0.21908,0.46643,0.32862,0.272,0.58304,1.21,-0.15194,0.01060,0.369,0.006,0.448,0.276,0.41168,0.117,0.36353,0.04325,0.161,-0.00083,0.266,-0.015,0.19405,-0.044,0.14481,-0.04779,0.10349,-0.04585,0.07064,-0.04013,0.064
1,1,0,0.74852,-0.02811,0.65680,-0.05178,0.80621,0.02,0.85947,0.034,0.531,0.088,0.927,0.044,0.986,0.05178,0.708,-0.27811,0.859,-0.01479,1.144,0.082,0.466,-0.18639,0.566,0.02811,0.61009,-0.06637,0.53550,-0.12,0.59024,-0.129,0.56361,0.02959
0,1,0,0.39179,-0.084,0.97464,0.032,1.262,1,0.408,0.15299,0.54478,0.173,0.888,-1.209,0.777,0.681,0.66791,-0.10448,0.61,-0.11567,0.65574,0.134,0.704,0.45522,0.47015,0.16418,0.49309,0.196,0.318,-0.02612,0.327,0.13521,0.34411,0.12755
1,1,0.0,0.6,0.04528,0.76981,-0.10566,0.908,0.052,0.541,-0.04528,0.64528,0.016,0.66792,-0.13962,0.72075,-0.033,0.439,0.08679,0.61887,-0.07925,0.529,-0.126,1.071,-0.14717,0.84906,-0.15094,0.73886,-0.05801,0.66792,0.022,0.86415,0.05,1.068,0.007
0,1.152,0,0.68,-0.05000,0.89241,0.047,1,0.72727,0.66364,-0.039,0.345,-0.238,0.954,0.09559,0.56818,1,0.476,0.317,0.59,0.10000,1,-0.30000,0.98636,-1,0.57273,0.298,0.59,0.128,0.42273,0.11,0.48927,0.169,1,1
1,1,0.0,0.643,-0.01569,0.40392,0,0.498,0.192,0.40000,-0.05882,0.287,0.14118,0.46667,0.041,0.751,-0.05490,0.806,0.019,0.6,0,0.45882,0.087,0.58039,0.08235,0.451,0.00392,0.48601,0.10039,0.46275,0.08235,0.409,0.29,0.39,0.17255
0,1,0.0,0.442,0.13,0.35000,0.12500,0.163,0.27955,-0.03636,0.558,0.061,0.36194,-0.175,0.299,-0.13350,0.27322,0.02727,0.40455,-0.272,0.12727,-0.19,0.05078,-0.186,0.531,-0.14003,-0.027,-0.077,-0.07114,-1.084,-1,-0.02916,-0.07464,-0.00526,-0.06314
1,1,0.0,0.52,-0.21996,1,0.36373,0.924,0.285,0.85086,0.031,0.90558,-0.04292,1.14,0.374,0.77897,0.264,0.69206,0.57940,0.661,0.339,0.73176,0.27575,1.34,0.34871,0.61,0.52039,0.69811,0.53235,1.032,0.814,0.616,0.70923,0.52361,0.54185
0,1,0.0,0.84557,-0.074,-0.31745,-0.80553,-0.08961,-0.419,0.6,0.03,0.851,-0.00763,-0.18494,0.511,-0.20019,-0.727,0.496,-0.11344,1.058,-0.15729,-0.06959,0.50810,-0.34128,0.901,0.78932,-0.03718,0.70882,-0.346,0.493,-0.14109,-0.311,-0.78170,-0.097,-0.59867
1,0.779,0,0.70870,-0.242,0.491,0.04348,0.45217,0.38261,0.65217,0.18261,0.5,0.282,0.57826,-0.23043,0.50435,0.37826,0.38696,-0.42609,0.36087,-0.26087,0.176,0.135,0.623,-0.03845,0.31304,-0.134,0.323,-0.063,0.568,-0.04448,0.564,-0.197,0.582,0.16
0,1,0,-0.54180,0.14861,-0.33746,0.73375,0.52012,-0.13932,0.453,-0.088,0.20743,-0.15170,0.576,0.07,0.56347,-0.15480,0.19,0.45201,0.186,0.031,0.50464,0.069,-0.63777,-0.61610,1.179,0.65635,0.41348,-0.322,-0.082,0.099,0.02399,0.797,0.596,-0.133
1,1,0.0,0.29202,0.107,0.45331,0.131,0.718,-0.00509,0.52632,0.20883,0.304,-0.16638,0.641,-0.04754,0.55518,0.022,0.7,-0.254,0.218,-0.042,0.251,0.06621,0.28183,-0.20883,0.51731,-0.03,0.50369,-0.03351,0.34635,0.09847,0.706,-0.01868,0.39559,-0.043
0,1,0.0,1.086,0.211,0.0,0.0,0.494,0.06874,0.483,0.845,0.449,0.99557,-0.017,0.53215,0.23725,0.163,-0.02661,0.95122,-0.50998,0.84922,-0.10200,0.38803,-0.335,0.23725,-0.91574,0.80710,-0.34146,1.219,-1,0.69401,-0.782,0.178,0,0
1,0.74,0,0.90116,0.16607,0.685,0.37379,0.374,0.50515,0.59784,0.703,0.596,0.81152,0.24412,0.87,0.051,0.85038,-0.12611,0.497,-0.28739,0.79617,-0.371,0.65924,-0.57135,0.53805,-0.68159,0.261,-0.929,0.176,-0.386,0.11218,-0.71475,-0.052,-0.821,-0.19904
1,1,0.0,0.97714,0.2,0.689,0.237,0.38,0.58732,0.47968,0.94,0.278,0.92643,0.10289,1.062,-0.13254,0.816,-0.32020,0.91624,-0.716,0.79525,-0.68274,0.576,-0.77408,0.441,-0.882,0.17849,-0.83314,-0.01358,-0.82366,-0.104,-0.67289,-0.33662,-0.698,-0.49700
0,1,0,-1.433,-1,0,0,0.50814,-0.469,0.60586,0.324,-1,-0.271,0,0,0.0,0.0,0.981,-0.26710,0.36482,-0.688,0.838,-1,-1.191,-1,1,-0.515,-0.999,-1.443,-1,-0.634,1.106,-1,0,0
1,1.025,0.0,0.74084,0.07,0.79074,0.02543,0.721,0.03793,0.66230,0.09948,0.67801,0.31152,0.672,0.061,0.74695,0.08442,0.70681,-0.087,0.63613,0,0.70021,0.134,0.68183,0.12185,0.67016,0.144,0.696,0.13608,0.462,0.097,0.59759,0.09,0.6,0.202
0,1,0,0.689,-0.731,0.0,0.0,0.504,-1.326,0.675,0.55147,-0.41912,-0.94853,0,0,0,0.0,0.72059,-0.77206,0.647,-0.362,0.0,0,0.265,-1,-1,-1.024,-1,-1,1,-1,1.062,-1,0,0.0
1,1.274,0,1,0.01709,1.409,-0.03142,1,-0.038,1,-0.05071,0.935,-0.084,0.99173,-0.09002,1,-0.15727,1,-0.14257,0.98310,-0.153,1.091,-0.206,1.119,-0.19272,0.98971,-0.22083,0.576,-0.296,1.26,-0.198,0.855,-0.193,0.87011,-0.23296
0,0,0.0,0.0,0.0,0,0,0,0,0,0,0,0.0,0,0.0,0.0,0,0,0.0,0.0,0.0,0,0,0.0,0.0,0.0,0.0,1.335,-1,0,0,0,0,0.0,0
1,1,0,0.95704,-0.12095,0.63318,-0.12690,0.96365,-0.18242,0.812,0.103,0.544,-0.01124,0.83543,-0.24719,1.144,-0.453,1.082,-0.127,0.98678,-0.232,1,-0.27165,1.015,-0.39458,1,-0.25,0.827,-0.354,0.81428,-0.339,0.89095,-0.203,0.99,-0.41573
0,1,0,0.28409,-0.431,0.0,0.0,0.68182,-0.667,0.222,0.95833,0.632,0.06439,0.34848,-0.84848,0.0,0,0.59091,-0.35985,0.483,-1.15,0,0.0,0,0.0,0.24242,0.17803,1,-0.185,0.06061,-0.48485,0.16288,-0.549,0.0,0.0
1,1,0.0,1.115,-0.386,1,-0.03692,0.98898,-0.87052,0.90083,0.66942,0.715,-0.10104,1.46,-0.132,1,-0.15017,1.301,-0.091,1,-0.20491,1.29,-0.189,0.578,-0.328,1,-0.29852,1,-0.33304,1,-0.43,1,-0.576,1,-0.493
0,0.532,0.0,0.0,0.0,0,0.0,0.0,0.0,0.0,0,0.62195,1,0,0.0,0,0,0.36585,-0.71951,0.541,-1,0,0.0,0,0,0,0,1,0.064,0.0,0.0,0,0,0,0.0
1,1,0.0,1.156,0.00526,0.84082,-0.11313,0.653,-0.16431,0.99061,-0.06257,1.443,-0.076,0.85221,0.02966,0.87161,-0.238,0.543,-0.178,1.101,-0.098,0.565,0.00075,0.87836,-0.05882,0.93368,-0.19872,0.87579,-0.17806,1.151,-0.16581,0.624,-0.25741,1.078,-0.372
0,1,0,0.10135,0.10811,0.0,0,0,0.0,0.398,0.699,0.31081,1.021,0.0,0.0,0.0,0,0.37162,-1.014,0.33108,-1.253,0.0,0.0,0.0,0.0,-0.42568,-1,1,-1,0.55405,-0.23649,0,0,0,0.0
1,1,0.0,0.746,-0.57224,1.376,-0.943,0.89518,-0.97450,0.868,-0.35818,1,-0.23229,0.62890,-0.861,1,-0.799,1,-0.79603,0.556,-0.88952,1.28,-1,0.70120,-0.784,0.61946,-0.91,0.54,-0.414,0.81020,-1.285,1,-1,0.30445,-0.917
0,0.855,0,0.669,-0.62879,0.0,0.0,0,0,0.713,1,1,-0.28030,0,0,0,0.0,0.782,-0.22727,0.84091,-0.861,1.461,-0.613,0.0,0,0,0,1,-0.629,-0.12879,-0.851,0,0.0,0.0,0
1,1,0.0,0.449,0.19310,0.783,0.41149,0.533,0.661,0.54559,0.784,0.199,0.81533,0.14,0.85671,-0.055,0.86284,-0.095,0.75785,-0.34100,0.65747,-0.48199,0.56092,-0.791,0.448,-0.886,0.25747,-0.656,0.08818,-0.57241,-0.07816,-0.54866,-0.19923,-0.331,-0.31954
0,1,0.0,0.42000,-0.69,0.0,0,1,-0.81,0.90000,0.784,0.439,0.64000,0,0,0,0.0,0.67000,-0.29000,0.905,-0.766,0.0,0,0,0.0,0.21000,0.739,0.544,0.22000,0,0.0,0,0,0.0,0
1,0.923,0,1,0.23395,0.618,0.52013,0.845,0.72144,0.279,0.568,0.27639,0.91730,0.09467,0.661,-0.21980,0.954,-0.34168,0.75517,-0.412,0.965,-0.64527,0.59,-0.74102,0.254,-0.70838,0.03591,-0.71731,-0.174,-0.64962,-0.264,-0.51251,-0.44505,-0.54,-0.445
0,0.843,0,0.91353,0.81586,-0.72973,0.617,-0.285,0.55735,0.05405,0.29730,-0.18599,-0.10241,-0.03158,-0.08970,0.02,-0.031,0.013,-0.005,0.005,0.00097,0.00048,0.00075,-0.00003,0.00019,-0.00003,0.0,-0.0,0.0,0.0,0.0,0.0,0.0,0,0
1,1,0,0.21429,-0.135,0.448,0.084,0.232,0.19048,0.273,0.09524,0.27,0.02381,0.243,-0.04762,0.30952,-0.032,0.28571,-0.11905,0.33333,0.047,0.30952,0.0,0.21429,-0.121,0.497,-0.04762,0.27,-0.02,0.19048,0.0,0.16997,-0.02034,0.14694,-0.01877
0,1,0.0,1,-0.217,1,0.04918,0.725,-0.01639,0.65574,0.01639,0.85246,-0.046,0.72131,0.0,0.68852,-0.16393,0.218,-0.193,0.647,-0.17176,0.67213,0.03279,1.012,-0.389,0.31148,-0.34426,0.468,-0.20325,0.183,-0.018,0.27869,-0.42,0.648,-0.06557
1,1,0.0,0.98182,0,1.145,0.045,0.86249,0.063,0.808,0.0,0.69091,0.046,1.033,0.08436,0.818,0.09579,0.654,0.286,0.68182,0.12727,0.70674,0.12608,0.795,0.18,0.74545,0.154,0.64581,0.15088,0.67273,0.02727,0.825,0.16465,0.58840,0.17077
0,1,0,0.29,0.52381,-1.137,0.11342,-0.16628,-0.623,0.556,0.01,0.82143,0.40476,-0.67230,0.30729,-0.51,-0.409,0.46429,0.223,0.639,0.083,-0.691,0.446,-0.47651,-0.638,0.32143,0.70238,0.662,0.38848,0.57143,0.39286,-0.54891,-0.29915,0.259,-0.55837
1,1,0.0,0.86889,-0.07111,1,-0.02494,1,-0.056,0.87778,0.00222,0.987,-0.06444,1,-0.109,1.455,-0.291,0.86889,0.079,0.88000,-0.052,1.137,-0.11,1,-0.242,0.84444,0.052,1,-0.205,0.701,-0.14667,1,-0.135,1,-0.44222
0,1.414,0.0,0.43636,-0.191,0.58182,-0.14545,0.156,-0.501,0.34545,-0.034,0.28,-0.069,0.29091,0.29091,0.36364,-0.41818,0.262,-0.014,0.36364,0.05455,0.12727,0.49091,0.61818,0.162,0.199,0.212,0.41098,-0.07027,0.34545,-0.05455,0.179,-0.36364,0.29091,-0.213
1,1,0,1,-0.67,1,0.75472,0.709,-0.05660,0.62264,0.0,1,-0.0,0.61,0.07547,0.692,-0.038,1.228,-0.001,0.376,0,0.52830,0.07547,0.95190,-0.00112,1,0.79245,0.92192,-0.001,1.201,-1,0.712,0.59,0.483,-0.11321
0,0.726,0,0.73810,0.843,-0.76190,-0.23810,0.33333,-0.143,0.45238,-0.14286,-0.67285,0.12808,0.33333,0,0.28571,-0.095,-0.532,0.466,0.299,0.02381,0.406,0.04762,0.16667,-0.284,-0.792,-0.10234,0.342,-0.687,0.592,0.0,-0.451,-0.04762,0.26190,0.02381
1,1,0,0.581,0.055,0.58333,-0.10417,0.39583,0,0.279,-0.053,0.47917,0,0.29167,0.10417,0.54167,0.02,0.248,-0.22917,0.39,-0.22917,0.411,0.08333,0.25000,0.186,0.39583,-0.18750,0.44012,-0.091,0.305,-0.069,0.763,-0.162,0.33333,-0.032
0,0.652,0,1,0.856,0.0,0.0,0.0,0.0,0.0,0,0.47744,-0.89098,-0.275,0.45489,-0.95489,0.28571,0.64662,1.068,0,0.0,0,0,0.62030,0.20301,-1.079,-0.633,1,-1.475,0.864,1,0.0,0,0,0
1,1.295,0.0,0.95217,0.07,1.298,0.13030,1.009,0.19152,0.765,-0.49962,0.90023,0.61320,0.77937,0.34328,0.72254,0.37988,0.342,0.354,1.007,0.59862,0.299,0.44088,0.46773,0.44511,0.547,0.44199,0.416,0.43221,0.90330,1.379,0.236,0.328,0.18632,0.37191
0,1,0,0.59840,0.395,0.82809,1.082,0.76001,0.591,0.84010,-0.10984,1.309,0.07981,0.95824,-0.85727,0.91962,1.276,0.95452,-0.05206,1.155,0.167,0.98484,-0.632,0.628,-0.85755,0.28604,-0.30063,1,0.23,0.631,0.357,1.034,0.458,1.192,0.68822
1,1,0,1.282,0.10129,0.846,-0.026,0.98313,0.02555,1.409,-0.09316,0.98955,-0.036,1.281,-0.035,1,-0.073,1.174,-0.05179,0.93840,0.012,1.438,-0.09284,0.97889,-0.05318,0.91567,-0.15675,0.95677,-0.049,0.90978,0.017,1,-0.158,1.176,-0.06888
0,1.157,0.0,0.0,0,-0.33672,0.85388,0,0.0,0.68869,-1.38,0.908,0.31385,-0.26048,-0.861,-0.438,0.65565,0.94155,0.16391,0,0.0,0,0,-0.18043,-1,0,0.0,0.57,-1.152,0,0.0,0.041,0.722,0,0
1,1,0,0.96933,0.00876,0.716,0.009,0.98658,-0.007,0.851,-0.038,0.99820,-0.03510,1.296,-0.019,1,-0.02581,1,-0.01175,0.5,0.00025,1,-0.037,1,-0.04744,0.876,-0.043,0.876,-0.047,0.97020,-0.035,1,-0.03855,0.98420,-0.051
0,0.908,0,0,0.0,1.044,-0.202,0.18919,-0.06,0.0,0,0.93243,0.07297,0.917,-0.252,1.389,0.07027,1,-0.103,0,0.0,1.105,-0.21081,1.196,-0.41622,0.0,0,1,-0.23,0,0,1,-0.25946,0.28919,-0.15676
1,1,0,0.64122,0.01403,0.34146,-0.02439,0.52751,0.03466,0.285,0.113,0.43313,0.05,0.296,0.029,0.278,0.0,0.36585,0.0,0.331,0.073,0.291,0.094,0.255,0.05813,0.19,0.09756,0.19304,0.05641,0.17410,0.05504,0.19512,0,0.17073,0.057
0,1,0,0.865,1,1.338,-1,0,0,0.0,0,0.772,1,1.122,-0.744,1,1.34,1.276,-1.484,0,0.0,0,0.0,1,-0.27778,0.0,0.0,1,-1,1,1,1,-0.819,0,0.0
1,1.368,0.0,0.34694,0.20408,0.411,0.24490,0.303,0.20408,0.46939,0.438,0.30612,0.59184,0.12245,0.357,0,0.545,-0.06122,0.55102,-0.214,0.55102,-0.28571,0.44898,-0.165,0.207,-0.61224,0.326,-0.443,0.078,-0.659,0.18367,-0.34694,0,-0.395,-0.24490
0,1.101,0.0,0,0,1.17,-1,0.0,0.0,0,0,1.154,1,1,-0.274,1,0.152,1,-1,0.0,0,0,0.0,1,1,0,0,0.764,-1,0.0,0.0,1,-1.298,0.0,0
1,1,0,0.89706,0.38235,0.91176,0.269,0.74265,0.53,0.554,0.884,0.098,0.88971,-0.02206,0.86029,-0.20588,1.222,-0.37500,0.67647,-0.714,0.41,-0.73529,0.38235,-0.835,0.08824,-0.876,-0.145,-0.677,-0.24131,-0.299,-0.486,-0.5,-0.50735,-0.28676,-0.56618
0,0.874,0,-1,0.191,0.308,0.15033,-0.75693,-0.395,-0.30719,0.871,-1,1.354,-0.81699,0.33987,-1.141,-0.02614,-0.98039,-0.83007,-0.60131,-0.54248,-0.04575,-0.83007,1.3,-1.253,-0.791,-0.43137,0.713,0.078,-0.579,0.052,0.18301,0.02614,-0.314,-0.48241
1,1,0.0,0.26667,-0.139,0.625,0.0,0.33333,-0.13333,0.36667,0.112,0.56667,0.01667,0.71667,0.08333,0.875,-0.052,0.53333,0.269,0.41667,-0.023,0.31667,0.20000,0.888,0.0,0.142,0.13333,0.46214,0.05439,0.262,0.03333,0.403,0.03333,0.41667,-0.039
0,1,0,-0.258,0.40000,-0.218,0.12159,-0.207,-0.04444,0.08,-0.06879,0.034,0.02575,-0.005,0.02726,-0.01586,-0.002,-0.00093,-0.00883,0.006,-0.00153,0.00138,0.002,-0.001,0.001,-0.001,-0.00050,0.0,-0.00043,0.00026,0.00005,0,0.0,-0.0,0.00002
1,1,0,0.833,-0.194,0.575,0.29730,0.638,-0.334,0.86486,0.18919,1.052,-0.27027,0.611,0.0,0.62162,-0.05405,0.32432,-0.21622,0.493,-0.17666,0.642,0.05405,0.75676,0.146,0.35135,-0.29730,0.61031,-0.22163,0.31,-0.23027,0.72973,-0.693,0.736,-0.32
0,1,0.0,0.94531,-0.03516,-1,-0.218,-1.285,-0.016,0.97266,0.01172,0.916,-0.01953,-1,0.237,-0.634,-0.00391,0.586,-0.019,0.92188,-0.02734,-1.036,0.11719,-0.93359,0.208,0.95703,-0.003,0.908,0.153,0.90234,-0.06641,-1,-0.18750,-1.488,-0.34375
1,1,0,0.95202,0.032,0.93757,-0.01272,0.93526,0.01214,1.292,-0.01734,0.853,0.00520,1.35,-0.03064,0.795,-0.002,0.99480,-0.02659,1.334,0.01792,1.015,-0.059,0.93815,-0.02370,0.97052,-0.04451,0.96215,-0.015,0.684,0.017,0.95434,-0.032,0.661,0.008
0,1,0.0,1.227,-0.064,1,-1.091,0.5,-0.11111,0.529,-0.22222,1,-0.328,0.108,-0.11111,1,-0.34660,1,-0.345,0.754,-0.42862,0,-0.25000,1,-0.588,1,-0.309,1.293,-0.57092,1.441,-0.203,1,-0.63156,1.024,-0.65935
1,1,0.0,0.414,-0.115,0.24138,-0.10345,0.20690,-0.06897,0.07405,-0.05431,0.053,-0.041,0.01707,-0.02383,0.008,-0.01482,0.00281,-0.00893,0.00078,-0.00523,-0.00003,-0.004,-0.00028,-0.00166,-0.0,-0.001,-0.00025,-0.0,-0.0,-0.0,-0.0,-0.0,-0.0,-0.00006
0,0.876,0,0.756,-0.07843,0.72549,0,0.60784,-0.07843,0.717,-0.11765,0.404,-0.143,0.775,-0.13725,0.64706,-0.09804,0.54902,-0.11765,0.54902,-0.127,0.641,-0.19608,0.748,-0.23529,0.45098,-0.234,0.52409,-0.146,0.812,-0.292,0.43137,-0.195,0.586,-0.27451
1,1,0,0.201,0.129,0.46667,0.26667,0.114,0.255,0.07766,0.127,0.01070,0.194,-0.032,0.10188,-0.03685,0.06317,-0.03766,0.049,-0.03230,0.017,-0.02474,0.00357,-0.01726,-0.00273,-0.01097,-0.00539,-0.007,-0.006,-0.00294,-0.006,-0.001,-0.006,0.0,-0.00291
0,1,0.0,-0.809,0.15625,0.06250,0.0,0,0.06250,0.62500,0.06250,0.125,0,-0.03125,0.123,0.041,0.0,0.122,-0.122,0.43750,-0.37500,0.0,-0.09375,0.0,0,0.03125,-0.605,0.023,0.0,-0.71875,0.03125,-0.028,0,0,0.09375
1,1.103,0.0,0.912,-0.01081,1,-0.02703,0.955,-0.06486,0.95135,-0.023,1.446,-0.038,0.98919,0.083,1,-0.06486,0.95135,0.053,1.139,-0.00541,1,0.06486,1,0.04324,0.97838,0.074,0.98556,0.014,1.301,-0.017,1,0.014,1,-0.07027
0,1,0,0.935,0.075,0.969,0.08069,1,1,0.91473,-0.00775,0.83721,0.028,1,0.406,1,1,0.471,0.04651,0.90698,0.08,1.036,0.459,1.162,-0.629,0.80620,0.03876,1,0.416,0.84496,0.06977,1,1.209,1.026,0.532
1,1.021,0.0,1.24,-0.024,1,0.08021,0.721,0.01604,0.676,0.00535,0.93583,-0.01604,1.015,0.0,1,0.047,1.142,0.054,0.91444,0.04278,0.96791,0.02139,1.207,-0.01604,0.96257,0.042,0.96974,0.039,0.87701,0.01070,1,0.128,0.97861,0.06417
0,1,0.0,-0.20500,0.28750,0.195,0.101,0.354,0.421,0.382,0.35000,0.36285,-0.272,0.055,0.299,-0.09500,0.21000,-0.08750,0.23500,-0.34187,0.31408,-0.48000,-0.073,0.29908,0.33176,-0.58000,-0.127,0.414,-0.28475,-0.561,0.223,-0.27104,-0.31228,0.40445,0.035
1,1,0,0.448,0.03,0.5,0.086,0.603,0.07,0.70000,0,0.879,0.0,0.80000,0,0.461,0.0,0.70000,0.10000,0.66667,0.072,0.73333,-0.03333,0.76667,0.0,0.63333,0.13333,0.663,0.10168,0.633,0.13333,0.60000,0.166,0.63333,0.16667
0,1,0.0,0.032,-0.00838,0.068,0.007,0.0,-0.009,0.00559,-0.03911,0.01676,-0.07542,-0.00559,0.05307,0.076,-0.021,0,0.081,-0.035,0.039,-0.04749,0.02514,0.014,-0.00559,0.00838,0.007,0.10335,-0.00838,0.03073,-0.002,0.04469,0,0.044,-0.03352
1,1,0,0.94653,0.28713,0.72554,0.534,0.47564,0.798,0.014,0.89109,-0.272,0.955,-0.47644,0.454,-1.023,0.41743,-0.446,0.052,-0.681,-0.263,-0.52475,-0.469,-0.30851,-0.824,-0.04119,-0.64792,0.16085,-0.56420,0.396,-0.41901,0.46059,-0.22535,0.537,-0.05980
0,1,0,0.056,0.01,-0.02586,0.04598,0.01437,0.036,-0.07759,0.00862,0.01724,-0.06609,-0.052,0.04310,-0.08333,-0.05,-0.055,0.08046,-0.022,0.056,0.019,0.02299,-0.031,-0.01149,0.03161,-0.00862,0.009,0.014,0.02,0.016,0.022,0.01149,-0.04598,-0.00575
1,1,0,0.72414,-0.01084,0.79704,0.01084,1.155,0.00197,0.79015,0.014,0.78424,-0.006,0.83350,0.04,0.85123,0.01675,0.848,-0.006,0.688,-0.044,0.75961,0.025,0.74778,0.049,0.634,-0.014,0.814,0.00612,0.74089,-0.034,1.211,0.02956,0.79015,0.00788
0,1,0.0,0.03852,0.015,0.00428,0.0,0.01997,-0.01997,0.02140,-0.042,-0.04850,-0.009,0.01427,-0.02282,0,-0.046,-0.062,-0.02853,-0.012,0.024,0.031,0.00428,0.05136,-0.033,0.05136,0.01854,0.03994,0.01569,0.01997,0.005,-0.026,-0.01854,-0.012,0.024
1,1,0.0,0.47090,0.141,0.517,0.33598,0.25661,0.47619,0.021,0.49471,-0.02116,0.53968,-0.267,0.296,-0.41270,0.32540,-0.605,0.097,-0.696,-0.152,-0.14815,-0.14550,-0.14815,-0.38095,-0.307,0.00265,0.03574,-0.277,0.193,-0.21693,0.24868,-0.246,0.181,0.04233
0,1,0,0.08696,0.007,0.2,-0.04119,0.107,-0.08238,0.12586,-0.06178,0.23341,-0.006,0.122,0.069,0.131,-0.15,0.162,-0.049,0.18993,0.07323,0.11670,0,0.11213,-0.002,0.15103,-0.10297,0.107,0.01373,0.11213,-0.098,0.127,-0.082,0.11670,-0.06865
1,1,0.0,0.936,0.498,0.31,0.64534,0.21572,0.573,-0.55941,0.64899,-1.011,0.42048,-0.793,0,-0.727,-0.31079,-0.5,-0.62157,-0.12797,-1.033,0.666,-0.63620,0.972,-0.37660,0.986,-0.05484,0.865,0.435,0.45521,0.60512,0.02742,0.54479,-0.21572,0.50457
0,1,0,0.01975,0.00705,0.04090,-0.007,0.017,0.013,0.01128,0.048,0.00282,0.00141,0.01975,-0.025,-0.029,0.069,-0.04090,0.039,-0.02398,-0.00423,0.04372,-0.021,0.026,0.0,0.0,-0.01269,0.01834,-0.01128,0.008,-0.01551,-0.017,-0.036,0.00705,0
1,1,0,1.275,0.00075,0.81927,-0.05676,0.77521,-0.04182,0.84317,0.09037,1.251,0.174,1.124,-0.06124,0.78342,0.03,0.797,-0.06796,0.806,-0.14190,0.88125,0.01,1.317,0.02240,0.484,-0.027,1.07,-0.055,0.88125,-0.083,0.73936,-0.01942,0.683,-0.09186
0,1,0,0.745,-1,1,1.404,-1,1.256,0.732,-1,1,-1.149,-1,-0.939,-1.36,0.993,1,1,1,1.242,-0.671,1,1,-1,0.712,-1,1,1.311,1,1.414,-1,1.445,-0.787,1
1,1,0,0.85209,0.39252,0.38887,0.429,0.08858,0.98903,-0.23,1.114,-0.76229,0.393,-1.035,0.10768,-0.783,-0.221,-0.66030,-0.55262,-0.259,-1.159,0.169,-0.80496,0.64649,-0.255,0.77814,-0.23324,0.777,0.21343,0.482,0.65,0.272,0.66315,-0.11215,0.64933
0,1,0.0,1,1.373,1,0.347,0.828,-1,1,0.726,0.033,0.018,1.147,1,0,0.0,0.845,-1,1,1,1.003,1.392,0.31250,1,1,1,1,1,1,1,-0.848,1,0.0,0.0
1,1,0.0,0.824,0.54902,0.62745,1,0.01961,1,-0.643,1.212,-0.82353,0.58824,-0.9,0.136,-0.909,-0.33333,-0.422,-0.911,-0.172,-0.86275,0.305,-0.534,0.74510,-0.72549,0.92157,-0.21569,0.92874,0.21876,0.72549,0.56863,0.121,0.756,-0.074,0.90196
0,1,0,0.0,0.0,-1.152,-1.055,-1.109,0.828,0.0,0,-1.387,1.475,1,0.72,1.171,-0.523,0.0,0.0,0,0,-1,-1,-1,1,1.079,0.43750,1,-1,0,0,-1,-1,-1,1
1,1,0.0,0.44444,0.44444,0.53695,0.90763,-0.224,1,-0.3,1.292,-1,0.242,-1,-0.153,-0.517,-0.22222,-0.66667,-0.77778,0.55556,-1,-0.204,-0.77778,0.77778,-0.301,0.403,0.0,0.92120,0.253,0.744,0.84353,0.299,0.866,-0.55556,1
0,0,0,0.0,0.0,0,0,0,0,0,0.0,0,0.0,0,0.0,0,0,0.0,0.0,0.0,0,0,0.0,0.0,0,0,0.0,1.002,0.0,0,0.0,0,0.0,0,0
1,1,0,1,0.0,1.366,0.0,0.5,0.50000,0.88,0.0,0.839,0.12094,0.89067,0.206,0.86922,0.16228,0.998,0.143,0.75000,0.5,0.634,0.0,1.459,-0.133,0.5,0.659,0.73944,0.26388,0.75000,0.25000,0.69635,0.203,0.67493,0.30293
0,0,0.0,-0.87,1,0.935,1,0.0,0,1.152,-1.38,1,-1,0.883,-1.157,-1,-1.166,0.0,0.0,-1,-0.82,0,0,0,0,-1.453,-1,1,-1,1,1,-0.716,-1,0,0.0
1,0.905,0,1,0,1,0,0.69,0.123,1,-0.1,0.88889,-0.133,1.389,-0.22222,0.77778,0,0.77778,0.0,1,-0.11111,0.391,-0.151,0.66667,-0.11111,0.66667,0.0,0.459,-0.079,0.912,0.137,0.88889,-0.11111,1,0.0
0,0.0,0.0,0,0,0,0.0,0,0.0,0,0,0.0,0.0,-1.045,-1,0.0,0,0.562,0.75000,0.0,0.0,0,0,-1.355,1,0,0,0.702,-1,-0.997,-1,1.208,1,0,0
1,0.768,0.0,1,0.45455,1,-0.45455,1.338,0.09091,1,-0.136,0.772,0.0,1,-0.237,1.122,-0.232,1,0.09091,1,0,1.075,-0.214,0.93,0.047,1,-0.09091,1,-0.04914,1.084,0.45455,1.431,-0.27273,1,-0.18182
0,0.819,0.0,0.832,-0.63636,0,0.0,0.0,0,0.34470,0.28788,0.42803,0.573,-0.07576,0.51894,0.211,0.31439,-0.53788,0.32955,0.168,-0.158,0.015,-0.53409,-0.57576,0.17803,0.29167,-0.37,0.25758,-0.57576,0.321,0.127,0.157,-0.02273,0.111,-0.41667
1,0.876,0.0,1,0.11765,1,0.275,0.764,0.41176,1,0.057,1.175,0.23529,0.648,0.11765,1,0.47059,1.487,-0.037,1,-0.11765,1.048,0.35294,1,0.41176,0.779,-0.092,1,0.20225,1,0.065,1,0.336,1.154,0.23529
0,1,0,0,0,-1.215,-0.62766,0.55,0.51064,0.052,-0.23404,-1,-0.36170,0.069,-0.639,1.158,-1.154,0,0.0,0.82979,-0.113,-0.25000,1,0.137,-0.70745,0,0,-0.249,-0.695,-0.198,-0.452,0.74468,0.708,-0.67553,0.45745
1,0.717,0.0,0.786,0.29167,0.482,-0.16667,0.70833,0.333,0.997,-0.08333,1.308,0.04167,0.83333,0.12500,0.70833,0,0.87500,0.033,1.134,0.08333,0.66667,-0.116,0.417,0.16667,0.83333,-0.12,0.83796,0.05503,1.132,0.20833,0.835,0,0.706,0.04167
0,1,0.0,0.18590,-0.204,0,0,0.0,0,0.0,0,0,0.0,0.11538,-0.275,0,0,0,0.0,0.0,0,0.0,0.0,-0.05128,-0.06571,0.07853,0.08974,0.169,-0.10897,0.099,0.09615,0.036,-0.04808,0.132,0.171
1,1.345,0,0.654,-0.065,0.533,-0.11326,1.362,-0.153,0.936,-0.33075,0.96662,-0.34281,0.635,-0.47265,0.91904,-0.48170,0.73084,-0.65224,0.68131,-0.632,0.82450,-0.78316,0.58829,-0.948,0.381,-1.203,0.48757,-0.85669,0.37941,-0.808,0.208,-0.88846,0.378,-0.89621
0,1,0.0,1,1.115,-1,1,-1.131,-0.437,0.34649,0.21053,0.236,0.082,0.22807,0.05702,0.482,0.289,0.848,-0.03947,0.3,0.287,0,0.0,-0.29825,-0.157,0.795,-0.66667,1,-1,1,-0.167,0.35088,0.20175,0.82895,0.07895
1,1.433,0,1,0.261,0.99815,0.00369,0.789,-0.359,0.89919,-0.23486,0.422,-0.24077,0.763,-0.30539,0.71492,-0.36078,0.31,-0.61189,0.40473,-0.55059,0.61041,-0.27,0.459,-0.327,0.213,-0.451,0.323,-0.48390,0.081,-0.412,0.15657,-0.51329,0.18353,-0.46603
0,0,0,-1.285,1,1,-0.615,0.0,0.0,0.0,0.0,1.488,-1,1,1,0.0,0.0,1,-1,0.0,0,0,0,1,1.411,-1.025,1,1,-1,-1,1.085,-0.551,-1,0.0,0
1,0.754,0,0.92247,-0.171,1.374,-0.17674,0.523,-0.22602,0.81702,-0.362,0.79271,-0.28909,0.70302,-0.349,0.437,-0.49967,0.414,-0.517,0.27070,-0.842,0.358,-0.54172,0.217,-0.59691,0.181,-0.531,0.11,-0.59589,-0.07162,-0.54928,-0.01840,-0.54074,-0.07457,-0.47898
0,1,0,-0.597,-1,-0.50694,1,1.113,-1,1,0.53819,0.0,0,0.261,-1.119,1,1,0,0.0,1.154,1.024,1,1,0,0.0,-1.047,1.293,0.286,-1,1,-0.887,0.889,-1.464,0.47569,1
1,0.592,0.0,0.84177,0.43460,0.5,0.76160,0.09916,0.93460,-0.222,0.88186,-0.72363,0.61181,-0.624,0.123,-0.86709,-0.34,-0.62869,-0.817,-0.25105,-0.793,0.177,-0.86498,0.51477,-0.806,0.856,-0.28903,0.906,0.094,0.856,0.42827,0.31435,0.62447,-0.006,0.69409
0,1,0,1.216,1,0.0,0,1,-1,-0.601,-1,1,1,0.931,-1.144,0.0,0,0.876,-1.122,1,1,0,0,1,-0.918,-1,-1,1.089,1.09,-1.428,1.302,-0.905,1,0,0.0
1,1,0.0,1,0.575,1,1.104,0.619,1.354,-0.33333,1,-1,1,0,1.071,-0.981,1,-1,0.0,-1,-0.962,-1,-0.92536,-1,-0.279,-0.241,-1.425,0.205,-1,0.773,-1,0,-1,0.667,-0.66667
0,0.0,0.0,-1,1.026,-0.715,-1,0,0.0,-1,1,1.18,-1,-1,-1.301,-1,1,0.0,0.0,-1,-1.233,-1,1,0,0.0,1,-1,1.103,1,1.46,-0.578,0.782,1,0,0
1,1,0.0,1,0.06843,1,0.13,1.384,0.128,1.415,-0.086,1,0.39495,0.806,0.468,1,0.58986,-0.437,0.964,1.026,0,1,0.92001,0.511,1,1,1,1,1,1,0.25000,1.115,1.462,0.729,1
0,0,0.0,-1,-1,0,0.0,0,0.0,0.0,0.0,0,0,0.0,0,0.578,-1.036,0,0,-0.629,-1,0.0,0.0,1,1,1.015,-1.142,1.162,-1,0,0,0.0,0,0,0
1,1,0,0.64947,-0.086,0.431,-0.085,-0.13129,-0.21384,0.29796,0.04403,0.38096,-0.26339,0.245,-0.31997,0.03459,-0.193,0.159,-0.19,0.139,-0.29052,0.09513,-0.229,0.057,-0.26795,0.04,-0.181,-0.00046,-0.23210,-0.036,-0.314,-0.04717,-0.18950,0.01336,-0.325
0,1,0,0.0,0,0.0,0.0,0.0,0,0,0,1,-0.33333,0.16667,0.308,0.0,0,0,0,0,0.0,-0.199,-0.19,-0.16667,0.90625,-1,0.507,0.052,0.75000,-0.22917,-1.388,-0.151,-0.27083,-0.262,-0.982
1,0.861,0.0,1,0.054,0.99363,0.13,0.96142,0.14756,0.95513,-0.319,0.603,0.545,0.816,0.25283,0.534,0.234,0.342,0.181,0.59615,0.231,0.52494,0.29200,0.45582,0.28476,0.39023,0.27226,0.32930,0.25553,0.27381,0.23568,0.328,0.21378,0.18086,0.117
0,1,0,1,-0.12,-1,-0.793,-1.349,-1.041,1,0.31746,0.581,1.0,-0.548,-0.541,-1,1,0.47364,1,1.185,1,0.68839,-1,-0.771,-1,0.82937,0.36508,1,1,0.52,0.439,-0.67,-0.486,-1.346,0.72831
1,1.131,0,0.93669,-0.00190,0.476,0.43204,0.92314,-0.545,0.754,0.18,0.524,0.09061,0.99676,0.08172,0.91586,0.049,0.924,-0.25324,0.91,-0.14482,0.905,0.26133,0.816,-0.041,0.84547,-0.028,0.87293,-0.02302,0.98544,0.09385,0.78317,-0.087,0.576,-0.14725
0,1.044,0,0.675,-0.802,1,1,1,1.022,1.398,-0.375,1,1,1,0.834,1,1,0.0,0,1,0.936,1,1.324,1.443,-1,1,1,1,0.366,0.766,-0.812,-0.75000,1,0.676,1
1,1,0.0,0.873,0.23058,0.923,-1.146,0.843,-0.10401,0.679,0.095,1,0.27820,1.039,-0.06861,1,0.06610,1.433,-0.273,1.002,-0.15633,0.873,0.03728,0.99624,0.114,1,-0.01253,0.96238,-0.04597,0.91165,0.03885,1.454,-0.13722,0.96523,-0.069
0,1,0.0,0.373,-1,-1,-0.721,-0.108,1.345,1,0.95041,0.503,-0.38710,-1.146,-0.79313,-0.09677,1,0.48684,0.46502,0.212,-0.335,-0.14343,-0.281,-0.11976,0.054,0.03021,0.065,0.045,-0.01186,-0.00403,-0.015,-0.007,0.00108,0.00015,0.00325
1,1,0,0.79847,0.38265,0.722,-0.243,1,-0.07653,0.61,-0.05,0.926,0.20663,0.99745,0.028,0.98214,0.02487,1,-0.13074,1.208,0.07717,1,0.00191,1.059,0.30804,1.012,-0.192,0.986,-0.005,0.75638,0.07908,0.547,-0.264,0.949,-0.05740
0,0.0,0.0,0.0,0,0.0,0.0,0.0,0,0,0.0,0,0,1.017,1,1,1.335,1,-1,0.0,0,1,1,1.43,-1,1,1,1.01,0.0,1,1.359,1,-1,0,0.0
1,0.739,0,1.017,-0.28428,1,-0.34,0.789,-0.366,1,-0.30566,1.082,-0.719,0.90818,-0.562,1.09,-0.58899,0.569,-0.58019,0.795,-0.57579,0.68459,-0.70975,0.35,-1.012,0.49214,-0.73333,0.487,-0.76054,0.26352,-0.78239,0.16604,-0.726,0.13994,-0.70000
0,1,0,0.0,0.0,0,0.0,0.0,0,-0.85000,-1,0,0,1,-1.181,0,0.0,-1.367,-1,-1.442,-1.487,1,-1.101,-0.84,-1,1,1,-1,-0.164,1,-0.812,0,1.299,0,0.0
1,0.856,0.0,1,0.09091,0.95455,-0.09091,0.986,0.0,1.414,0.0,0.95455,0.0,1,0.04545,0.90909,-0.04545,1,0,1.455,0.0,0.86364,0.09091,0.725,0.09091,0.90909,0.04545,0.721,0.028,0.711,0.09091,0.86364,-0.09091,1.119,0.044
0,0,0.0,0,0.0,-1,1,1,0.786,-0.725,-1,0,0.0,-1,-1,-0.671,-0.31250,-1,-1,1.36,-1.445,0.712,-1,0,0.0,0.993,-1,-1,-0.54,0,0.0,1,-1,0.0,0.0
1,1,0,0.91176,-0.08824,1.307,0.105,1.108,0.079,0.91176,-0.041,1.343,-0.17647,1.219,0.14706,0.528,0.021,1.273,0.0,1,0,0.76471,0.11765,1.169,0.02941,0.85294,0.02941,1.062,0.018,0.94118,-0.11765,0.97059,0.05882,0.988,0.05882
0,0.731,0,-1,0.516,-1.011,0.129,0.28354,1,-1.1,1.312,-1,-0.566,0.9,1.307,-1,-0.23476,0.28301,-1,1,1.232,-0.31402,-1,-0.519,-1.003,0.994,-1,-1,-0.03578,1,-1,-1,-0.444,0.14939,1.327
1,0.946,0,0.47368,-0.10526,0.546,0.01756,0.83155,0.02615,0.365,-0.062,0.739,0,0.669,0.043,0.409,0.05756,0.84211,0.506,1,0.05263,0.72550,0.07631,0.70301,0.08141,0.42105,0.21053,0.65419,0.103,0.611,-0.173,0.381,0.125,0.414,0.09719
0,1,0.0,-0.003,-0.505,0,0,-0.01923,1.027,0.0,0,0,0.0,0.0,0,0.0,0,0,0,0.348,0.92949,-0.489,0.74359,-0.34615,-0.728,0.0,0,-0.61538,-0.51282,0.0,0.0,0,0.0,0,0
1,1.454,0.0,0.907,0.45455,0.866,0.54545,0.81818,0.63636,0.725,-0.118,1.352,0,0.81818,-0.257,0.859,0.27273,1,-0.855,1,-0.321,0.90909,-0.38,1,0.071,0.836,-0.09091,1.346,0.08867,1,0.36364,1,0.63636,0.72727,0.27273
0,0.0,0,-1,-1,1,-1,-1.318,1,0,0,1,-0.697,1.002,-1,0.0,0.0,0.0,0,0.0,0,-1,0.846,1,-0.742,-1,1.262,1.138,1,0,0.0,1,0.736,0.0,0
1,1,0,0.45455,0.114,0.733,0.081,0.156,0.18182,0.63,0,0.427,-0.09091,0.45455,-0.09091,0.671,-0.012,0.63636,-0.18182,0.242,0,0.36364,-0.132,0.396,0.18182,0.528,-0.106,0.34442,-0.01768,0.27273,0.0,0.36364,0.0,0.28985,-0.01832
0,0.716,0.0,-1,-0.59677,0,0,-0.935,0.64516,-0.87097,1,0,0,0.0,0.0,0.0,0.0,0,0,0,0.0,-0.664,-1,0,0.0,0.29839,0.23387,0.944,0.51613,0,0.0,0,0.0,0.0,0.0
1,1,0,1.105,0.14286,1,0.992,0.508,0.863,0.562,-0.14286,0.85714,-0.14286,1.055,0.02534,1,0,0.478,-0.176,1,0.018,1,-0.28571,0.917,0.0,0.28571,-0.373,1,0.044,1,0.05182,1,0.57143,1.196,0.0
0,0,0.0,1,1.355,0.89,-1.075,1,1,1.084,1,1,1.461,1,-0.768,1,1,1.26,-1,0.997,-0.95,1.044,1,1.045,1,1.35,-1,0.702,0.93,1,1,1,1,1,1
1,1,0,0.672,0.46972,0.53945,0.82161,0.10380,0.827,-0.51,0.87916,-0.73939,0.504,-0.48,0.16731,-0.82417,-0.346,-0.486,-0.63342,-0.24012,-1.109,0.122,-0.883,0.51557,-0.822,1.028,-0.146,0.882,0.10484,0.52798,0.39762,0.388,0.56573,-0.06739,0.57552
0,0,0,1.487,-1,1,1.113,1,-0.951,1,0.579,1,-0.633,0.744,-0.742,1.368,-0.648,1,1,1,1,1,1,1.175,-0.798,1,1.357,1,1.454,1,1,1,1,0.526,-1.067
1,1,0,0.904,0.044,0.89266,0.15766,0.86098,0.19791,0.83675,0.36526,0.93,0.443,0.76221,0.355,0.66586,0.389,0.60101,0.51752,0.408,0.406,0.567,0.54212,0.42546,0.603,0.33340,0.786,0.176,0.54214,0.29,0.53448,0.165,0.49124,0.11573,0.364
0,0.0,0.0,0.923,1,1,-1.484,0.97,-1,0.857,1,0.0,0,1,-1,0.0,0,0.0,0.0,0,0.0,-1,1,0.887,1,0,0,1,1.134,0,0,-0.543,-1.158,0,0
1,1,0.0,0.93537,0.182,0.93716,0.201,0.85705,0.38779,0.758,0.576,0.419,0.595,0.65260,0.75000,0.50830,0.996,0.325,0.699,0.183,0.85952,0.13712,0.85615,0.003,0.88869,-0.106,0.79780,-0.20995,0.78004,-0.17,0.814,-0.38532,0.64363,-0.47419,0.55835
0,0,0,1,-0.874,-1.268,1,-0.978,1.381,1,1.373,1,1.171,-1.345,-0.569,-1,-1.385,1.25,1,1,-1,-1,-1,-1,-1,1,0.0,0.681,-0.786,1.224,-1,-0.864,1,-1,1
1,1,0.0,0.776,0.13069,0.73061,0.24323,0.64615,0.103,0.36923,0.453,0.434,0.46439,0.234,0.424,0.25192,0.37115,0.15215,0.414,-0.064,0.697,-0.03462,0.42885,-0.08856,0.44424,-0.14943,0.40006,-0.159,0.34976,-0.23832,0.29541,-0.344,0.122,-0.127,0.212
0,0,0.0,0.833,-0.512,1,1,1,-1,0.686,1,1.052,-0.761,0.863,1.164,1.191,-1,1,-1,1,1,1.315,0.887,1,-1.033,1.165,-1,1,-1,0.53,1,1.373,-1,1,1
1,1.443,0.0,0.97467,0.137,0.94120,0.20036,0.582,0.48,0.876,0.363,0.542,0.5,0.72298,0.566,0.69946,0.58820,0.839,0.66893,0.48869,0.70398,0.44245,0.68159,0.353,0.75622,0.26832,0.76210,0.145,0.78541,0.045,0.80439,-0.02962,0.762,-0.10289,0.74242
0,0,0,0.0,0,1,1,0.0,0,1,1,0.0,0,0.885,-0.935,0,0.0,0,0.0,0.0,0.0,0.0,0.0,0,0,0,0.0,1,-1.411,0.0,0,-1,1,0.0,0
1,1,0.0,0.92308,0.2,0.86399,0.262,0.969,0.36790,0.70588,0.56830,0.57449,0.406,0.43270,0.563,0.389,0.791,0.19128,1.107,0.04686,0.78,-0.132,0.76969,-0.18479,0.71327,-0.325,0.395,-0.38798,0.622,-0.46799,0.366,-0.53146,0.40732,-0.56231,0.35095
0,0,0.0,0,0,1.393,1,1,1,0,0,0,0.0,-1.464,-0.597,0,0.0,-0.665,-0.634,0,0,0,0.0,1,1,0.0,0.0,1,1,0.0,0.0,-0.887,1,0.0,0
1,1,0.0,0.815,0.226,0.65926,0.837,0.255,0.814,-0.06726,0.90135,-0.39597,0.80441,-0.64574,0.646,-0.931,0.359,-0.78940,-0.048,-0.684,-0.30942,-0.46637,-0.55605,-0.16449,-0.64338,0.09562,-0.61055,0.353,-0.48392,0.564,-0.371,0.47029,-0.056,0.42152,0.12556
0,0,0,1.428,-0.601,1,1,1,1.09,1,0.637,1.064,1,1.443,-1,1,1.071,1,1,0.931,-1,1.302,-1,1,-0.981,1.424,-0.837,1,1.216,1,-1,1.144,1,1,1.104
1,1.233,0.0,0.755,-0.38293,0.80151,0.10278,1.123,0.119,0.55580,0.05252,1,0.21225,0.71947,0.28954,0.68798,0.344,0.49672,0.134,0.466,-0.022,0.57399,0.42528,0.53120,0.44872,1.239,0.57549,0.579,0.387,0.12473,1,0.475,0.45,0.324,0.49831
0,0,0.0,0,0,0.0,0,0,0.0,0.0,0.0,0.0,0,0,0,0,0.0,0,0,0.0,0.0,0,0,0.0,0,0.0,0.0,1,1,0,0.0,0,0.0,0.0,0
1,1.1,0,0.94649,0.00892,1.241,-0.00260,1.402,0.005,0.875,0.01598,1.208,0.03530,0.97213,0.042,0.98625,0.01858,0.94277,0.07135,1.421,-0.006,0.97770,0.072,1.164,0.042,0.693,0.092,0.95243,0.04356,0.97473,0.00818,0.97845,0.094,1,-0.00260
0,0.0,0,1,0.806,-1,-0.952,-1.271,-1,0,0.0,0,0,-1,-1,0,0,0,0.0,0.0,0.0,-1.456,1,0.695,0.943,0.0,0,1,-1.315,0,0,-1,-1,-1.407,-0.974
1,1,0.0,0.256,-0.16900,0.386,0.01513,1.035,0.015,0.68065,0.018,0.34615,0.05594,0.347,0.04393,0.355,0.042,0.402,0.05692,0.63403,-0.06,0.64503,0.06856,0.677,0.048,0.84033,0.18065,0.633,0.08304,0.38228,0.06760,0.56466,0.131,0.54632,0.09346
0,0.802,0.0,0.881,1,0.91973,-0.76087,0.81773,0.04348,0.76087,0.117,0.86789,0.73746,0.70067,0.272,0.75920,0.103,0.858,-0.25084,0.39,0.137,0.64883,0.24582,0.693,0.77425,1.089,-0.788,0.709,0.22216,0.71070,0.533,0.751,-0.06522,0.56522,0.23913
1,1,0,0.76296,-0.047,1,-0.29630,1,-0.85741,0.524,0.083,0.45556,-0.427,0.937,-0.12581,1.031,-0.83519,0.49259,0.019,0.82222,-0.05926,0.493,-0.19938,1.244,0.22037,0.728,-0.26481,1.327,-0.186,0.78889,0.02037,1.215,-0.232,0.771,-0.57037
0,1,0,0.258,0.093,0.53,0.072,0.26459,0.24125,0.23346,0.13230,0.184,0.282,0.24514,0.36965,0.11,0.22957,-0.029,0.36965,0.05058,0.248,0.286,0.09728,0.042,0.29961,-0.024,0.28482,-0.06024,0.26256,-0.087,0.14786,-0.064,0.31128,-0.175,0.28794
1,0.581,0,0.57540,-0.03175,0.669,-0.055,0.7,-0.006,0.53968,0.03373,0.499,0.079,0.59127,-0.019,0.731,0.01190,0.694,0.02579,0.824,0.01587,0.47817,-0.02778,0.59127,0.03770,0.368,0.03968,0.916,-0.01237,0.61706,-0.139,0.68849,-0.01389,0.62500,-0.021
0,0.878,0.0,0.06404,-0.146,-0.03,0.05911,0.08374,-0.02463,-0.022,0.18719,0.051,0.0,0.09,-0.09852,0.05911,0,0.01970,-0.036,-0.12808,-0.245,0.06897,0.009,0.064,0.02956,0.07882,0.16256,0.28079,-0.04926,-0.084,-0.103,0.04433,0.05419,0.07389,-0.148
1,1.412,0,0.773,0.15,0.973,-0.06935,0.68,0.012,0.74273,0.00224,0.624,0.15772,0.821,-0.00224,0.79754,0.075,0.83669,-0.246,0.68680,-0.09060,0.62528,-0.01342,0.58,0.113,0.71253,-0.13,0.69845,-0.016,0.63311,0.048,0.78859,-0.05145,0.65213,-0.04698
0,1,0,0.346,0.35949,0,0.0,-0.29620,-1,0.0,0,0.07595,-0.069,0,0,0.0,0.0,0.0,0,0.0,0,0.008,0.375,-0.20000,0.449,-0.133,0.515,0.05570,-1,0,0,0.065,-1,0.0,0
1,1,0,0.88103,-0.008,0.89818,-0.02465,0.94105,-0.01822,0.53,-0.12755,0.695,-0.157,0.572,0.015,0.676,-0.13719,0.66,-0.06109,0.90782,-0.028,0.87996,-0.092,0.82851,-0.12433,0.90139,-0.19507,0.88245,-0.14903,0.806,-0.068,0.481,-0.142,0.635,-0.16827
0,1,0.0,0.42708,-0.5,0.0,0.0,0,0,0.575,0.51042,0.58958,0.031,0.0,0.0,0.0,0.0,0.174,-0.45417,0.59167,-0.134,0.0,0,0.0,0,0.98750,-0.40833,-0.661,-1,-0.27917,-0.75625,0,0.0,0,0
1,1,0.0,1.214,0.01631,0.952,0.01305,0.92442,0.02,0.883,-0.10223,0.452,-0.075,0.555,-0.01033,0.93094,-0.08918,0.86025,-0.047,0.689,-0.04024,0.784,-0.12126,0.88907,-0.11909,0.428,-0.148,0.86453,-0.136,0.85536,-0.145,0.83524,-0.12452,0.86786,-0.12235
0,1,0,0.0,0.0,1,0.12889,0.88444,-0.02000,0.0,0,1.077,-0.563,1,0.268,0.73,-0.027,1.101,-0.81556,0.0,0.0,1,-0.057,1,-0.18667,0,0.0,1,-1,0,0,1.465,0.11778,0.52,-0.09556
1,1,0.0,0.81143,0.026,0.993,-0.00143,1.056,0.00714,1.186,-0.04286,0.87571,0,0.85571,-0.06714,0.86429,0.004,0.82857,-0.04,0.798,-0.11857,0.76857,-0.083,0.84286,-0.028,0.487,-0.05,1.065,-0.08669,0.82571,-0.126,0.81429,-0.05000,0.82143,-0.152
0,1,0,0,0.0,0,0,0.0,0.0,0,0,0,0.0,-1.375,1,1,0.55172,0,0.0,0,0.0,0.0,0,0.0,0.0,0.0,0,1,1.288,0.0,0,0,0.0,0.0,0
1,1,0.0,0.49870,0.01818,0.43117,-0.057,0.54,-0.04156,0.293,0.09610,0.44675,0.066,0.55844,-0.11948,0.679,-0.03636,0.367,-0.053,0.616,-0.012,0.48571,-0.03377,0.49091,-0.01039,0.536,0.0,0.53215,-0.03280,0.368,0.047,0.54545,-0.05455,0.429,-0.08571
0,0,0,0.0,0.0,0.0,0.0,0,0.0,0,0,0,0,0.0,0.0,0,0,0,0.0,0,0,0.0,0,0,0.0,0.0,0.0,1,-1,0,0.0,0,0.0,0,0.0
1,1,0.0,1,0.651,1,0.25000,0.36,1,0.16851,0.797,-0.13336,0.581,-0.471,0.60793,-0.376,0.37856,-0.247,0.16709,-0.309,0.00678,-0.26477,-0.09025,-0.166,-0.12964,-0.07782,-0.081,-0.029,-0.055,0.01033,-0.07036,0.02224,-0.036,0.014,-0.02017
0,1.035,0,0,0,0.0,0.0,1,1,-0.721,-0.863,0,0.0,1,-0.11111,0,0.0,0,0,-1,1.471,1,1.437,1,-1,0,0,1.098,-1,0.0,0.0,0,0.0,0.532,0.983
1,1,0.0,0.922,0.38027,0.745,0.69212,0.31347,1.042,-0.03933,0.90740,-0.353,0.79346,-0.70561,0.581,-1.183,0.22735,-0.81136,-0.123,-0.502,-0.38102,-0.214,-0.531,-0.127,-0.70762,0.15552,-0.786,0.38544,-0.51568,0.52573,-0.29897,0.548,-0.05938,0.51460,0.219
0,1.382,0.0,0.0,0,0.0,0,0.0,0,-0.577,1.387,0.0,0,1.246,0.316,-0.108,-0.13,0,0.0,-1,-1,0,0,0.94,-1,0,0,0.883,0.22667,0,0,0,0,0,0
1,1,0,0.933,0.273,0.564,0.751,0.19672,0.94537,-0.179,1.095,-0.78,0.83,-0.756,0.483,-0.92384,-0.031,-0.893,-0.292,-0.46950,-0.73285,-0.10237,-0.82217,0.26384,-0.77570,0.55984,-0.55910,0.542,-0.24433,0.72478,0.09599,0.58137,0.366,0.34749,0.57656
1,1,0.0,0.257,0.027,0.132,0.21278,0.144,0.586,-0.25706,0.92324,-0.082,0.19380,-0.61352,0.25786,-0.94053,-0.054,-0.13117,-0.14329,-0.30315,-0.44615,-0.11409,-0.707,0.016,-0.22786,0.38,-0.06295,0.33737,-0.11876,0.325,-0.098,0.15078,0.13296,0.101,0.228
1,1,0,0.83427,0.217,0.54040,1.175,0.12326,0.89402,-0.382,0.5,-0.518,0.59564,-1.289,0.211,-0.84442,-0.24164,-0.541,-0.341,-0.19354,-1.024,0.12439,-0.97,0.51109,-0.72454,0.79143,-0.27734,0.797,0.097,0.349,0.329,0.37542,0.70011,-0.03983,0.79444
1,0.839,0.0,0.62335,-0.03490,0.59085,0.00481,0.469,-0.07461,0.57,0.00963,0.868,-0.103,0.391,0.093,0.823,-0.08424,0.644,0.09146,0.912,0,0.58965,0.10108,0.50060,0.031,0.65945,0.14079,0.635,0.02019,0.51384,0.04452,0.61733,-0.009,0.323,-0.09146
1,1.156,0.0,0.577,-0.02390,0.70772,0.03309,0.72243,0.135,0.79228,0.085,0.81434,0.382,0.63787,0.004,0.479,0.21691,0.766,0.046,0.61029,0.05147,0.374,0.021,0.52022,-0.25000,0.72978,-0.171,0.61727,0.093,0.30882,0.08640,0.494,0.07458,0.60294,0.21691
1,1,0.0,0.61538,0.18923,0.991,0.017,1.063,0.02647,0.838,-0.137,0.686,0.08000,0.73961,0.05060,0.72322,0.082,0.68615,-0.08923,0.61692,0.16308,0.673,0.054,0.585,0.08041,0.469,-0.077,0.58803,0.08767,0.553,0.25692,0.682,0.09207,0.50609,0.09322
1,1,0,0.498,0.073,0.994,0.002,0.84341,0.004,0.84300,0.09901,0.814,0.026,0.81892,0.00585,0.80738,0.00673,0.80622,-0.157,0.77935,-0.03536,0.676,0.00909,1.018,0.00978,0.79632,-0.023,0.859,0.015,0.723,0.108,0.66624,0.01190,0.64407,0.01227
1,1,0.0,0.5,0,0.31,0.10435,0.33,0.06522,0.482,-0.028,0.35652,-0.12609,0.437,0.025,0.50435,0.018,0.35652,0.19565,0.282,0.14783,0.42174,-0.02609,0.173,-0.11304,0.47391,-0.005,0.333,0.075,0.38696,0.03913,0.176,0.211,0.44783,0.17391
1,0.836,0,0.79830,0.09417,0.962,0.20656,0.537,0.28068,0.663,0.345,0.65917,0.50122,0.822,0.60814,0.329,0.589,0.33354,0.67861,0.203,0.63548,0.09599,0.68104,0.022,0.72236,-0.055,0.7,-0.173,0.60696,-0.251,0.56015,-0.173,0.51701,-0.27339,0.42467
1,1,0,1,0.06,1,0.33,1.166,0.276,0.944,0.53020,0.74977,0.828,0.56937,1.079,0.821,0.74079,0.16,0.82193,0.21137,0.965,0.085,0.82162,-0.01734,0.79870,-0.076,0.587,-0.22839,0.69187,-0.31713,0.60948,-0.218,0.604,-0.42815,0.44534
1,1,0.0,0.553,0.13425,0.442,0.39,0.78896,0.43388,0.423,0.59975,0.54003,0.71016,0.39699,0.567,0.189,0.79523,0.091,0.79598,-0.09159,0.76261,-0.216,0.66926,-0.30263,0.654,-0.469,0.278,-0.46215,0.229,-0.50314,0.296,-0.405,0.19172,-0.48808,0.05972
1,1,0,0.94631,0.177,0.871,0.213,0.85096,0.463,0.73678,0.405,0.313,0.941,0.59,0.83614,0.30459,0.495,0.109,0.93429,-0.00701,0.707,-0.282,0.89383,-0.33023,0.82492,-0.46534,0.76482,-0.477,0.66335,-0.67929,0.52564,-0.544,0.42488,-0.75,0.26092
1,1,0,0.585,0.245,1.141,0.338,0.72873,0.45747,0.60425,0.69865,0.301,0.74922,0.502,0.81795,0.15664,0.785,0.00396,1.093,-0.209,0.77853,-0.218,0.41,-0.484,0.65385,-0.369,0.53886,-0.60328,0.40972,-0.64511,0.32,-0.954,0.13667,-0.64056,0.05394
1,1,0.0,0.705,0.21106,0.63935,0.38112,0.48409,0.52500,0.15000,0.22273,0.13753,0.519,-0.047,0.58,0,0.48636,-0.27491,0.42014,-0.836,0.36818,-0.36591,0.14,-0.329,0.051,-0.38483,-0.045,-0.336,-0.084,-0.192,-0.19714,-0.248,-0.153,-0.11894,-0.27218
1,1,0,0.58940,-0.60927,0.85430,0.364,0.81126,0.07285,0.511,0.16225,0.196,0.295,0.50331,0.16,0.63907,0.19868,0.589,0.42715,0.522,0.13907,0.373,0.288,0.505,0.07285,0.51872,0.26653,0.72,0.265,0.46216,0.28574,0.574,0.31,0.40821,0.227
1,1,0,1.261,0.11385,0.448,-0.12144,0.415,0.092,0.506,0.015,0.56167,-0.115,0.69070,0.139,0.58634,0.03985,0.53131,-0.03416,0.69450,0.16888,0.72676,0.07211,0.382,0.073,0.56,0.37381,0.49090,0.101,0.188,0.291,0.44141,0.18897,0.609,0.15180
1,1.313,0.0,0.84843,0.06794,0.80562,-0.029,0.546,-0.03,0.66725,-0.097,0.59582,-0.056,0.67260,-0.05771,0.401,-0.06438,0.39199,0.04530,0.514,0.01,0.55970,-0.08039,0.53430,-0.109,0.47038,-0.22822,0.447,-0.09128,0.52613,-0.055,0.44277,-0.094,0.515,-0.09808
1,1.127,0,0.789,0.053,1.413,-0.007,1.409,-0.00722,0.87980,-0.03923,1,0.018,0.96186,-0.01436,0.95947,-0.01671,0.98497,0.009,0.91152,-0.08848,0.95016,-0.025,0.94636,-0.025,0.98164,0.024,0.93772,-0.017,0.787,-0.05843,1.32,-0.03464,0.92226,-0.031
1,1,0.0,0.578,-0.12371,0.477,-0.12371,0.754,-0.39175,0.73196,0.07216,0.26289,-0.21649,0.412,0.113,0.43,-0.11856,0.42268,0.04,0.5,-0.27320,0.798,0.18557,0.48,0.108,0.70619,0.116,0.53396,-0.12447,0.147,-0.26289,0.394,0.031,0.45361,-0.51546
1,1.418,0,0.63510,-0.048,0.937,0.02968,0.886,0.35,0.65358,-0.00462,0.64203,0.08314,0.95,-0.43418,0.432,0.483,0.59584,0.103,0.63510,0.21940,0.701,-0.25404,0.70951,0.121,0.64665,0.225,0.68775,0.158,0.61663,0.07621,0.66316,0.281,0.69053,0.528
1,1,0,0.665,-0.03596,0.595,0.01348,0.58876,0.019,0.538,0.02472,0.762,-0.004,0.911,-0.039,0.66517,0.01,0.57303,0.02472,0.64719,-0.07416,0.56854,0.206,0.504,-0.046,0.46517,0.04944,0.56588,0.00824,0.47640,-0.025,0.756,0.135,0.60674,-0.08090
1,0.943,0,0.429,-0.00647,0.66667,-0.04207,0.63107,-0.05178,0.77994,0.077,0.964,0.124,0.64725,0.188,0.847,-0.01942,0.584,-0.04531,0.46926,-0.145,0.64725,0.14887,0.268,0.21683,0.45,-0.044,0.45105,0.00040,0.413,-0.034,0.478,-0.10680,0.30421,-0.05178
1,1,0,0.748,0.10370,0.77037,0.03457,0.688,0.08148,0.60988,-0.003,0.79012,0.065,0.59753,0.063,0.62469,0.049,0.78272,-0.202,1.08,-0.10864,0.481,0.014,0.399,0.119,0.66667,-0.12840,0.63773,-0.02451,0.414,0.02222,0.61235,-0.06,0.51358,-0.031
1,0.794,0,0.487,-0.041,0.616,0.04068,0.52881,-0.032,0.50508,0.03729,0.727,-0.085,0.447,-0.02034,0.53220,0.07797,0.481,0.11864,0.595,-0.018,0.53220,0.00678,0.469,-0.03390,0.52881,-0.03390,0.431,0.00750,0.613,-0.002,0.58983,-0.02712,0.50169,0.06780
1,1,0,0.455,0.09709,0.29612,0.05825,0.485,0,0.705,-0.03,0.58252,0.012,0.33495,0.036,0.314,0.00485,0.47087,-0.145,0.43204,0.00485,0.34951,0.05825,0.273,0.25728,0.399,-0.15049,0.221,0.021,0.392,0.15,0.26214,0,0.35,-0.01942
1,1,0.0,0.98822,0.02187,0.507,0.334,0.487,0.35222,0.55,0.48906,0.73584,0.596,0.53,0.60179,0.43130,0.66237,0.31800,0.70443,0.252,0.68873,0.051,0.73696,0.063,0.57,-0.16489,0.41,-0.185,0.60510,-0.109,0.55805,-0.34717,0.44195,-0.5,0.37465
1,1.182,0.0,1.01,0.15810,0.90112,0.35237,0.648,0.316,0.71760,0.64888,0.58827,0.73743,0.40349,0.83156,0.259,0.84804,0.055,0.944,-0.139,0.79749,-0.387,0.80754,-0.228,0.71676,-0.51034,0.341,-0.57587,0.372,-0.61899,0.419,-0.65754,0.18345,-0.64134,0.041
1,1,0,0.95,0.21677,1.254,0.464,0.714,0.548,0.53312,0.78120,0.36774,0.646,0.10107,0.83312,-0.065,0.89274,-0.324,0.72073,-0.535,0.577,-0.55769,0.326,-0.523,0.312,-0.914,0.15908,-0.66651,0.02277,-0.64872,-0.133,-0.54615,-0.22949,-0.47201,-0.35032
1,1.026,0.0,1.307,0.19959,1.357,0.40803,0.80514,0.754,0.56687,0.70830,0.292,0.83230,0.14939,1.133,0.05167,0.93682,-0.24742,0.83939,-0.534,1.045,-0.50251,0.596,-0.65515,0.749,-0.666,0.30912,-0.963,0.15619,-0.75406,-0.028,-0.75199,-0.17921,-0.921,-0.34367
1,1,0,0.93972,0.405,1.013,0.676,0.58167,0.536,0.503,1.135,0.10797,1.011,-0.20015,0.531,-0.305,0.82163,-0.58835,0.62867,-0.76305,0.332,-1.111,0.178,-0.524,-0.04284,-0.75273,-0.32,-0.63237,-0.46438,-0.46422,-0.61446,-0.26389,-0.39,-0.08937,-0.71273
1,1,0,0.89835,0.266,0.67333,0.594,0.43898,0.94353,-0.022,0.951,-0.22838,0.933,-0.133,0.584,-0.361,0.425,-0.66750,0.10591,-0.47359,-0.06193,-0.81056,-0.06011,-0.33197,-0.437,-0.12897,-0.453,0.05,-0.283,0.24321,-0.43478,0.36586,-0.30057,0.313,0.099
1,1,0.0,0.284,0.10025,0.155,0.183,0.03759,0.34336,0.06,0.26316,0.06266,0.21303,-0.04725,0.126,-0.06333,0.101,-0.059,0.04097,-0.067,0.019,-0.026,-0.00280,-0.02876,-0.01176,-0.01755,-0.01505,-0.00886,-0.01475,-0.004,-0.008,0.001,-0.00948,0.002,-0.00647
1,1,0.0,0.45,-0.35526,1,0.35338,0.75376,-0.005,0.82519,0.2,0.50188,-0.286,0.876,0.06391,1.022,0.14662,0.77,-0.47,0.76128,0.04511,0.66917,0.20489,0.84774,-0.454,0.749,-0.04699,0.594,-0.156,0.272,-0.13346,0.105,-0.12218,0.44767,-0.10309
1,1,0,0.83609,0.13215,0.72171,0.033,0.65829,0.048,0.23888,0.095,0.43837,0.178,0.49418,0.12686,0.45,0.13507,0.215,0.031,0.48158,0.216,0.435,0.144,0.29495,0.218,0.26436,0.14530,0.336,0.186,0.26429,0.16137,0.18767,0.178,0.119,0.13198
1,1,0.0,0.94080,0.11933,0.85738,0.006,0.85124,0.02,0.563,-0.00278,0.664,0.10916,0.83289,0.03,0.82680,0.022,0.74838,0.014,0.80019,0.02405,0.775,0.04901,1.034,0.065,0.77336,0.03,0.79058,0.06235,0.85939,0.124,0.97,0.07090,0.489,0.07508
1,1.375,0.0,0.87111,0.04326,1.078,0.18297,1.01,0.29292,0.89455,-0.08337,1.062,-0.029,0.90446,-0.26724,0.581,0.19964,0.945,-0.06,0.84452,-0.011,0.97882,-0.241,0.78954,-0.25101,0.86661,-0.09193,0.904,-0.032,0.78774,-0.057,0.75935,0.21812,0.88238,0.052
1,1,0.0,0.74916,0.02549,0.98994,0.066,0.75855,0.12877,0.531,-0.078,1.393,0.02482,0.587,-0.004,0.96110,0.06,0.665,0.041,0.71026,0.02683,1.066,-0.08048,1,0.0,0.71764,-0.01207,0.82271,0.028,0.72435,-0.01073,0.799,0.11066,0.705,0.02750
1,1,0.0,0.528,0.19527,0.06213,-0.202,0.698,0.01006,0.279,-0.032,0.56509,0.01775,0.44675,0.27515,0.662,-0.024,0.55621,0.12426,0.41420,0.065,0.52767,0.032,0.66,-0.10651,0.47929,-0.013,0.46514,0.028,0.53550,0.212,0.31953,-0.14497,0.215,-0.00296
1,1,0.0,0.59887,0.14689,0.69868,-0.13936,1.099,-0.13936,0.431,0.02448,0.7,0.02825,0.811,-0.04520,1.115,-0.197,0.51412,-0.214,0.896,-0.14313,0.869,-0.00377,0.288,0.06215,0.56121,-0.33145,0.61444,-0.16837,0.52731,-0.027,0.53861,-0.268,0.692,-0.14
1,1,0,0.84713,-0.03397,0.86412,-0.08493,0.969,0.0,0.73673,-0.07643,0.71975,-0.13588,0.74947,-0.084,0.77495,-0.18684,0.78132,-0.21231,0.462,-0.1,0.82,-0.15711,1.222,-0.03397,1.24,-0.384,0.631,-0.326,0.66242,-0.245,0.71,-0.37792,0.906,-0.289
1,1,0,0.87772,-0.08152,0.83424,0.07337,0.84783,0.04076,0.77174,-0.02174,0.928,-0.051,0.82337,-0.10598,0.67935,-0.00543,0.858,-0.289,1.157,0.019,0.86413,-0.05978,0.97283,-0.236,1.209,-0.105,0.943,-0.10211,0.72,-0.043,0.832,-0.066,0.61,-0.00543
1,1,0,0.74704,-0.13241,0.53755,0.149,0.72727,0.08,0.867,-0.149,0.66798,-0.23518,0.87945,-0.18,0.851,0.031,0.63043,-0.00395,0.63636,-0.154,0.79249,-0.223,0.66403,-0.28656,0.67194,-0.06,0.671,-0.12041,0.53,-0.124,0.245,0.066,0.61067,-0.01383
1,1,0.0,0.553,0.11308,0.489,0.00665,0.754,0.086,0.47894,-0.13969,0.52993,0.01330,0.505,-0.129,0.67849,-0.025,0.54545,-0.194,0.52993,-0.029,0.507,-0.227,0.50776,-0.13525,0.41463,-0.20177,0.53930,-0.11455,0.564,-0.02882,0.53659,-0.094,0.561,-0.04435
1,1,0.0,0.947,0.27475,0.805,0.467,0.61559,0.63662,0.375,0.748,0.09831,0.752,-0.20097,1.04,-0.532,0.77500,-0.65114,0.535,-0.78768,0.45535,-0.81856,0.19095,-0.728,-0.08079,-0.78334,-0.26356,-0.795,-0.45511,-0.337,-0.364,-0.294,-0.66700,-0.19312,-0.75597
1,1,0,0.93147,0.326,0.444,0.55756,0.63,0.71596,0.364,0.92651,0.026,0.96748,-0.23237,0.95130,-0.293,0.599,-1.096,0.613,-1.046,0.348,-0.92254,0.06040,-0.493,-0.19838,-0.83192,-0.46906,-0.65165,-0.69556,-0.41223,-0.85725,-0.091,-0.93953,0.095,-0.553
1,1,0.0,0.88241,0.207,0.614,0.57816,0.243,0.58527,0.044,0.902,-0.09238,0.715,-0.804,0.71996,-0.64,0.283,-0.81422,0.312,-1.187,-0.00775,-0.78973,-0.41085,-1.006,-0.45478,-0.787,-0.67605,-0.365,-0.81876,-0.02979,-0.86841,0.25392,-0.82127,0.00194,-0.81686
1,1,0,0.83479,0.313,0.69256,0.47702,0.531,0.68381,0.195,0.434,-0.08096,0.85011,-0.503,1.001,-0.52735,0.58425,-0.70350,0.31291,-1.04,0.022,-0.71225,-0.15317,-0.592,-0.509,-0.37199,-0.423,-0.16950,-0.60863,0.065,-0.679,0.222,-0.475,0.40591,-0.35339
1,1,0.0,0.92870,0.33164,0.817,0.828,0.49305,0.84266,0.271,1.217,-0.13956,0.96167,-0.573,0.895,-0.648,0.467,-1.026,0.369,-1.285,0.05595,-0.89824,-0.26173,-0.73969,-0.54069,-0.50757,-1.014,-0.22323,-1.092,0.07810,-0.87159,0.454,-0.78057,0.59407,-0.60270
1,1,0.0,0.711,0.31456,0.712,0.57671,0.34962,0.70677,0.17293,0.497,-0.18976,0.79886,-0.39,0.66541,-0.68421,0.47744,-0.74725,0.19492,-0.526,-0.04887,-0.333,-0.28195,-0.471,-0.53463,-0.26577,-0.901,-0.01530,-0.492,0.319,-0.378,0.501,-0.453,0.435,-0.30075
1,1,0.0,0.528,-0.02736,0.491,-0.04104,0.522,-0.07635,1.436,0.012,0.655,-0.02604,0.98500,-0.06,0.793,-0.07149,0.667,-0.09532,0.97264,-0.12224,0.99294,-0.05252,0.638,-0.08914,0.97352,-0.08341,0.96653,-0.087,1.332,-0.14916,0.97132,-0.098,1.032,-0.18800
1,1,0.0,0.94052,-0.01531,0.823,0.01001,1.251,-0.01472,1.323,-0.01060,0.94641,-0.03710,1.077,-0.01767,0.648,-0.03887,0.95465,-0.04064,0.95230,-0.037,1.161,-0.016,0.92815,-0.063,0.92049,-0.04476,0.503,-0.05827,0.90342,-0.063,1.38,-0.07244,0.928,-0.09
1,1,0.0,1.441,-0.14384,0.91324,-0.002,0.96575,-0.17123,0.609,0.216,0.467,0.002,0.93607,-0.08447,0.954,-0.00228,0.86758,-0.08676,1.075,-0.131,1,0.121,0.92009,-0.05251,0.92466,0.034,0.94043,-0.05,1.332,-0.20091,0.85388,-0.08676,0.719,-0.21918
1,1,0,0.52542,-0.03390,0.94915,0.08475,0.668,-0.21,0.30508,-0.01695,0.469,-0.13559,0.745,0.28814,0.77,-0.226,0.588,0.01695,0.55932,0.023,0.429,0.30508,0.663,0.05085,0.436,0.086,0.37,-0.00266,0.66102,-0.018,0.83051,-0.098,0.76271,-0.10169
1,1,0.0,0.33333,-0.25000,0.243,0.209,0.38889,0.127,0.505,0.13889,0.5,-0.11111,0.54911,-0.081,0.655,0.33333,0.55556,0.023,0.152,-0.19444,0.636,-0.065,0.52778,-0.035,0.393,0.124,0.41543,-0.14256,0.19444,-0.13889,0.36924,-0.141,0.08333,-0.5
1,1.283,0.0,0.51207,0.67,1,0.374,0.909,0.80833,0.306,0.46427,0.33081,1,0.21249,0.538,-0.106,1.452,-0.33081,0.98722,-0.61382,0.92,-0.52674,0.533,-0.88500,0.47894,-1.302,0.466,-1.367,0.09569,-1,-0.16713,-1,-0.269,-0.91903,-0.65557
1,0.758,0.0,0.619,0.69,0.83550,0.54301,0.54916,0.628,0.35225,0.70792,0.13469,0.66,-0.122,0.93778,-0.227,0.82223,-0.52742,0.71161,-0.68358,1.013,-0.695,0.202,-0.79147,0.029,-0.98988,-0.29099,-0.70352,-0.187,-0.63312,-0.119,-0.224,-0.60454,-0.19609,-0.62956
1,1,0,0.83789,0.42904,0.72113,0.58385,0.483,0.809,0.217,0.82732,-0.117,0.913,-0.46177,0.78497,-0.59435,0.765,-0.503,0.26529,-1.024,0.051,-0.739,-0.31351,-0.47412,-0.441,-0.265,-0.67796,-0.05054,-0.602,0.14690,-0.337,0.37093,-0.39167,0.713,-0.24313
1,1,0,0.93658,0.35107,0.75254,0.65640,0.593,1.098,0.086,0.95776,-0.2,1.242,-0.56535,0.83397,-0.993,0.58045,-1.149,0.26020,-0.891,-0.063,-0.628,-0.40949,-0.65079,-0.749,-0.36799,-0.84951,-0.029,-1.335,0.296,-0.85762,0.279,-0.69613,0.74828,-0.44173
1,1,0.0,0.656,0.45,0.71976,0.804,0.29303,1.173,-0.11108,0.719,-0.31605,0.729,-0.561,0.78766,-0.92145,0.388,-0.94315,0.09585,-1.037,0.022,-0.425,-0.66278,-0.604,-0.78174,-0.13486,-1.077,0.19765,-0.85137,0.48904,-0.70247,0.69886,-0.337,0.76066,-0.13194
1,1,0.0,1,0.236,1,-0.061,1,0.01373,1,-0.073,1,-0.01511,1,-0.012,1,-0.06374,1,-0.077,1,0.085,0.787,-0.10108,0.965,-0.038,1,-0.336,1.127,-0.051,1.457,0.08299,1,-0.14194,0.667,-0.07439
1,1,0,1.048,-0.002,0.86421,-0.173,0.94982,-0.00461,0.82809,-0.51171,0.92441,0.067,1,-0.135,0.99264,-0.02542,0.914,-0.129,0.7,0.738,1.206,-0.16321,0.993,-0.08495,0.956,-0.01664,0.739,-0.022,0.82427,-0.018,0.80634,-0.01957,0.78761,-0.02039
1,1,0.0,0.79378,0.29492,0.907,0.52312,0.471,0.68158,0.084,0.763,-0.16831,0.78772,-0.472,0.645,-0.633,0.41471,-0.75436,0.16755,-1.007,-0.09856,-0.57695,-0.175,-0.491,-0.303,-0.17437,-0.745,0.01523,-0.48707,0.174,-0.38059,0.31008,-0.23199,0.498,-0.08036
1,0.695,0.0,0.838,0.35232,0.666,0.558,0.34816,0.79784,0.05832,0.733,-0.29784,1.259,-0.62635,0.888,-1.024,0.39309,-0.835,0.08408,-0.81641,-0.21,-0.64579,-0.50022,-0.511,-0.68337,-0.11147,-0.75533,0.117,-0.589,0.40675,-0.57649,0.56626,-0.36765,0.826,-0.13305
1,0.6,0.0,0.89589,0.198,0.963,0.677,0.29521,0.90824,-0.051,0.94415,-0.45725,0.84605,-1.112,0.297,-0.92819,0.25133,-1.332,-0.15315,-0.76064,-0.261,-0.265,-1.072,-0.14895,-0.88591,0.21581,-0.718,0.53229,-0.876,0.74846,-0.40656,0.987,-0.07029,0.76862,0.27926
1,1,0.0,0.655,-0.24051,1,-0.20253,0.958,-0.10127,0.88608,0.015,1,0.11392,0.609,0.06329,0.467,-0.056,0.63291,-0.36709,0.87342,-0.01,0.93671,0.058,1,0.25316,0.62025,-0.37975,0.635,-0.041,1,-0.063,0.682,0.028,0.663,-0.02532
1,1,0.0,0.74790,0.005,0.83312,0.01659,0.82638,0.034,1.247,0.016,0.60504,0.05882,0.598,0.04731,0.507,0.054,0.499,0.19328,0.866,0.04202,0.71285,0.07122,0.68895,0.07577,0.333,0.08403,0.793,0.08296,0.61345,0.018,0.467,0.131,0.55330,0.08891
1,1,0,0.85013,0.013,0.92211,0.01456,0.872,0.02180,0.92765,0.043,0.871,0.068,0.91161,0.037,0.90738,0.05018,0.585,0.035,0.95866,0.0,0.89097,0.079,0.536,0.099,0.83721,0.10853,1.207,0.053,0.87597,0.08786,0.85198,0.10134,0.775,0.10698
1,1,0.0,1,-0.01179,1,-0.00343,1,-0.009,1,-0.01565,0.545,-0.02809,1,-0.023,1.491,-0.03,0.974,-0.03238,0.785,-0.03452,0.808,-0.031,0.737,-0.045,1.031,-0.04931,1.146,-0.05527,0.99400,-0.06304,0.99057,-0.06497,0.98971,-0.046
1,0.878,0.0,0.89505,-0.03168,0.87525,0.05545,0.89505,0.008,0.92871,0.02772,1.243,-0.00990,0.94059,-0.01584,0.91881,0.048,0.565,0,0.94257,0.01386,0.662,0.009,0.88713,-0.02,1.042,0.02376,0.579,0.016,0.88119,0.003,1.032,0.04158,0.806,0.02376
1,1,0,0.90071,0.014,1,-0.02,0.90071,0.00709,0.84752,0.05674,0.959,0.025,0.97872,0.01064,0.97518,0.03546,1.139,-0.022,1.243,-0.03191,0.86170,0.068,1,0.13,0.90071,0.046,0.912,0.041,1.291,0.02482,1,0.01064,0.892,0.02
1,1,0.0,0.542,-0.24242,0.643,0.016,0.45455,0.09091,0.712,0.09091,0.315,-0.133,0.57576,0.125,0.504,0,0.56156,0.04561,0.726,0.03030,0.78788,0.18182,0.30303,-0.21,0.458,0.05929,0.46362,0.058,0.33333,-0.03030,0.603,0.06410,0.39394,0.307
1,1,0.0,1.185,0.35950,0.72014,0.959,0.282,0.83049,0.08646,0.456,-0.23,0.596,-0.51763,0.368,-0.512,0.41524,-0.565,0.076,-0.413,-0.13652,-0.49488,-0.42207,-0.32537,-0.372,-0.02844,-0.59954,0.193,-0.293,0.32309,-0.37088,0.46189,-0.19681,0.40956,0.01820
1,1,0,0.89563,0.255,0.423,0.735,0.35916,0.88696,-0.05,0.93345,-0.357,1.045,-0.67274,0.412,-0.82680,0.257,-0.63,-0.05365,-0.73564,-0.215,-0.51778,-0.62443,-0.23428,-0.721,0.06911,-0.73856,0.502,-0.62296,0.715,-0.25,0.723,-0.17343,0.60073,0.08660
1,0.894,0,0.90547,0.41113,0.893,0.74,0.29921,0.95905,-0.118,0.97820,-0.546,0.83263,-0.79657,0.55086,-0.96631,0.15192,-0.555,-0.295,-0.71863,-0.398,-0.275,-0.797,-0.02250,-0.93788,0.464,-0.85368,0.67538,-0.311,1.063,-0.28123,0.88654,0.109,0.75495,0.239
1,0.515,0,1,1,0.36700,0.064,0.12993,0.92713,-0.366,0.93596,-0.419,0.489,-0.763,0.525,-0.92857,-0.08867,-0.38916,-0.34236,-0.46552,-0.82512,-0.08,-0.93596,0.264,-0.157,0.73792,-0.45950,0.49,-0.06831,1,1.077,0.426,0.003,0.17758,1.169
1,1.491,0,1,0.688,0.45455,0.33333,0.073,0.36364,-0.4,0.462,-0.45455,0.633,-0.57576,0.0,-0.57576,-0.119,-0.335,-0.477,-0.09091,-0.84848,0.354,-0.57576,0.42,-0.42424,1,-0.39394,0.72961,0.12331,0.69,0.57576,0.24242,0.499,0.05,0.33333
1,0.65,0.0,0.492,0.0,0.94817,-0.02744,0.93598,-0.01220,1.241,0.01829,0.668,0.024,0.93902,0.012,0.95732,0.00305,1,0.039,1.046,-0.01220,0.927,0.028,0.91463,0.05488,0.99695,0.036,0.89666,0.017,0.90854,0.00915,1,0.05488,0.97561,-0.008
1,1,0.0,0.82624,0.08156,0.79078,-0.048,0.90426,-0.01773,1.253,0.01064,0.80142,0.08865,0.94681,-0.01,0.94326,0,0.93262,0.20213,0.86,-0.00709,0.91489,0.008,0.571,0.038,1.003,0.17,1.149,0.098,0.77660,0.06738,0.789,0.18085,0.973,0.0
1,1,0.0,0.74468,0.10638,0.597,0.00982,0.782,0.01471,0.523,-0.014,0.73050,0.10638,0.87657,0.02912,0.807,0.037,0.697,0.07801,0.95035,0.04255,1.092,0.04743,0.84931,0.05178,0.624,0.11348,0.83429,0.06014,0.74468,-0.022,0.911,0.099,0.905,0.079
1,1,0,0.467,0.03727,0.89951,0.003,0.779,0.00510,0.741,0,0.95031,0.096,0.551,0.00994,1.115,0.008,0.83851,-0.081,0.85714,0.028,0.84182,0.01603,0.83486,0.01749,0.79503,-0.04348,0.464,0.02033,0.81988,0.12,0.501,0.015,0.7,0.02441
1,1,0.0,0.97513,0.01,1.45,0.01954,1,0.01954,0.99290,0.01599,1.051,0.02309,1.359,0.019,1,0.03730,1.347,0.02131,1.418,0.05684,0.97158,0.04796,0.94494,0.068,0.98401,0.03552,0.97540,0.056,1.296,0.08171,0.844,0.089,0.972,0.102
1,1.098,0.0,1,0.012,1,0.01105,1,0.027,0.99448,-0.012,0.554,-0.003,0.709,0.02320,1.46,0.00884,0.97569,0.006,0.97901,0.01657,0.822,0.00663,0.98122,0.024,0.97127,-0.00663,0.959,0.01600,0.97901,0.016,0.98564,0.03,0.98674,0.02762
1,1,0.0,0.606,-0.017,1.06,0.013,1,-0.001,1.202,0.085,0.863,0.04474,0.95973,0.02908,1,0.06488,0.98881,0.03356,0.577,0.047,0.99776,0.13,0.95749,0.102,1,0.10067,0.896,0.08763,0.99105,0.08501,1,0.078,1,0.10067
1,1,0,0.88420,0.346,0.67123,0.652,0.346,0.86399,0.02424,0.609,-0.35148,0.494,-0.60316,0.442,-0.78658,0.38778,-0.961,-0.00642,-0.752,-0.32963,-0.52504,-0.53924,-0.27377,-0.793,0.00806,-0.656,0.193,-0.575,0.44569,-0.622,0.479,-0.21542,0.353,0.02823
1,1,0.0,0.90147,0.41786,0.64131,0.75725,0.30440,0.919,-0.20449,0.96534,-0.692,0.81191,-0.504,0.50949,-0.96986,0.10345,-0.731,-0.337,-0.83,-0.65461,-0.32354,-0.704,0.05865,-0.781,0.44483,-0.82154,0.74105,-0.55231,0.739,-0.149,0.875,0.227,0.747,0.747
1,1,0,0.284,0.11042,0.15970,0.29308,0.164,0.74485,-0.25131,0.482,-0.129,0.314,-0.63714,0.277,-0.939,-0.00337,-0.346,-0.19909,-0.30522,-0.361,-0.086,-0.815,0.09345,-0.315,0.28307,-0.124,0.38,-0.11498,0.31005,0.05614,0.21443,0.114,0.13376,0.26422
1,1,0,0.65845,0.43617,0.621,0.74804,0.05319,0.66,-0.169,0.452,-0.573,0.481,-0.84211,0.07111,-0.82811,-0.376,-0.47032,-0.418,-0.055,-0.86002,0.23292,-0.75,0.56663,-0.47,0.78,-0.18645,0.74758,0.23713,0.614,0.883,0.196,0.76764,-0.18533,0.74356
1,1,0,0.147,0.062,0.04198,0.201,-0.071,0.244,-0.238,-0.18321,-0.41985,0.047,-0.539,0.09160,-0.16412,-0.234,-0.10305,-0.345,0.257,-0.17557,0.376,-0.138,0.28626,-0.16031,0.21645,0.24692,0.03913,0.31092,-0.03817,0.26336,-0.119,0.16794,-0.389,-0.33588
1,1,0.0,0.98002,0.00075,1,0,0.98982,-0.001,0.94721,0.034,0.762,0.023,0.994,0.03073,0.99170,0.02338,0.93929,0.05713,0.93552,0.05279,0.97738,0.051,0.555,0.061,1.204,0.102,1.246,0.052,0.95701,0.08088,0.98190,0.111,0.859,0.08616
1,1.004,0.0,0.82254,-0.107,0.976,0.001,0.87514,-0.01214,0.86821,-0.07514,0.72832,-0.159,1.155,0.058,1.048,-0.066,0.803,0.06705,0.78324,0.06358,1.017,-0.031,0.78844,-0.076,0.74451,-0.02370,0.76717,-0.02731,0.74046,-0.071,0.70058,-0.04220,0.78439,0.01214
1,1,0.0,0.238,-0.13768,0.69387,-0.013,0.68195,-0.025,0.55717,-0.032,0.414,-0.10467,0.62099,-0.06527,0.474,-0.058,0.42271,-0.26409,0.632,0.034,0.292,-0.08771,0.46241,-0.08989,0.462,-0.00564,0.39146,-0.09038,0.35588,-0.10306,0.235,-0.074,0.145,-0.08300
1,0.904,0,0.76046,0.01092,0.86335,0.00258,1.223,0.00384,0.547,0.023,0.81504,0.12068,0.83096,0.00744,0.81815,0.006,0.444,-0.101,0.816,0.043,0.48,0.016,1.066,0.01232,0.77138,-0.00303,0.678,0.01375,0.66161,0.007,0.66298,0.01484,0.432,0.01525
1,1,0,0.66667,-0.01366,0.528,0.084,0.385,0.50137,0.839,-0.003,0.65164,-0.14071,0.351,-0.48907,0.39208,0.58743,0.928,0.266,0.78552,0.149,0.47541,-0.668,0.617,0.00683,0.328,0.06967,0.814,0.17088,1.313,0.07787,0.415,0.24590,0.13934,0.48087
1,1,0,0.83508,0.08298,1.012,-0.11,0.84349,-0.05567,0.90441,-0.04622,0.89391,0.13,0.623,0.06723,0.917,-0.096,0.667,-0.016,0.598,0.06618,0.915,0.01155,0.77521,0.06618,0.95378,-0.023,0.83479,0.00123,1.271,0.064,0.441,-0.10714,0.757,-0.04307
1,1,0,0.95113,0.004,0.579,-0.017,0.93438,-0.01920,0.94590,0.01606,0.96510,0.03281,0.94171,0.093,0.907,-0.01326,0.97173,0.001,0.72,0.075,0.92670,0.085,0.492,0.073,0.94520,0.01361,0.867,0.04925,0.93159,0.089,0.94066,-0.001,0.91483,0.026
1,1,0.0,1.148,-0.00034,0.93207,-0.018,1.382,-0.028,0.95584,0.02446,0.94124,0.01766,1.188,0.033,0.883,-0.01461,0.94837,0.02004,0.93784,0.009,0.91406,0.103,0.542,0.06148,0.93988,0.03193,1.039,0.03,0.92120,0.02242,1.285,0.00442,0.92697,-0.005
1,0.92,0.0,0.90608,-0.01657,0.98122,-0.016,0.95691,-0.03646,0.85746,0.00110,1.168,-0.029,0.597,-0.01436,1.124,-0.04530,0.91381,-0.006,0.80773,-0.12928,0.88729,0.01215,1.222,-0.012,0.91050,-0.02099,0.553,-0.07760,0.82983,-0.22,0.714,-0.056,1.195,-0.16243
1,1,0.0,0.84710,0.13533,0.484,-0.06151,0.666,0.08260,0.88928,-0.075,0.45,0.064,0.482,-0.005,0.79262,-0.01054,0.85764,-0.04569,0.87170,-0.03515,0.865,-0.132,0.495,0.04394,0.86467,-0.091,0.989,-0.04822,0.78207,-0.00703,0.75747,-0.06,0.821,-0.06151
