1,1.261,0,0.637,-0.053,0.85243,0.02306,0.83398,-0.467,1,0.055,0.883,-0.17755,0.648,-0.228,0.60536,-0.38223,0.84356,-0.38542,0.58212,-0.32192,0.633,-0.29674,0.44,-0.347,0.74,-0.51171,0.431,-0.46168,0.21266,-0.34090,0.42267,-0.388,0.23,-0.665
0,1,0.0,1,-0.18829,0.855,-0.36156,-0.10868,-0.664,1,-0.028,0.50874,-0.495,0.34432,-0.69707,-0.51685,-0.895,0.039,-0.62237,0.33109,-1,-0.13151,-0.565,-0.101,-0.35734,-0.20332,-0.343,-0.195,-0.133,-0.186,-0.142,-0.16626,-0.092,-0.167,-0.02447
1,1,0,1.127,-0.044,1,0.003,1,-0.12062,1.299,0.017,0.404,0.05346,0.85443,0.00827,0.54591,0.003,1.206,-0.13644,0.75535,-0.08540,0.558,-0.27502,0.408,-0.12062,0.555,-0.317,0.58984,-0.23,0.613,-0.17365,0.60436,-0.284,0.706,-0.38238
0,1.206,0,1.098,-0.45161,1,1,0.71216,-1.309,0.0,0.0,0.0,0,0.0,0.0,-0.954,0.14516,0.54094,-0.39330,-0.751,-0.54467,-0.857,0.947,0,0.0,1.115,0.90695,0.429,1.075,1,-0.20099,0.25682,1,-0.32382,1
1,1,0,1,-0.02401,0.94140,0.06531,1.304,-0.184,0.77152,-0.159,0.602,-0.245,0.674,-0.00712,0.496,-0.27457,0.52940,-0.241,0.45107,-0.159,0.05982,-0.504,0.025,-0.761,0.03286,-0.65158,0.099,-0.467,0.02431,-0.371,-0.05707,-0.58,-0.04608,-0.65697
0,1,0.0,0.023,-0.008,-0.069,-0.157,-0.007,-0.11824,0.14706,0.055,0.055,-0.069,0,0,-0.04572,-0.15540,-0.00343,-0.13,-0.149,-0.05414,0.01838,0.034,0.01519,0.00888,0.028,-0.01535,-0.03240,0.128,-0.07859,0.005,0,0.0,-0.00039,0.12011
1,1,0,0.837,-0.101,0.94601,-0.105,0.903,-0.28350,1.021,-0.395,1.019,-0.452,0.78225,-0.50764,0.74628,-0.61436,0.57945,-0.68086,0.542,-0.778,0.36324,-0.76562,0.172,-0.79753,0.245,-1.148,0.13659,-0.82510,0.028,-0.82395,-0.04262,-0.682,-0.201,-0.80975
0,0,0,0,0.0,0,0,1,-1,0.0,0,-1,-0.753,0.0,0.0,0.0,0,1,1,-0.659,-0.751,0.0,0,0.0,0,0.989,1,1,1.151,0.0,0,0.794,0.521,0,0.0
1,1.031,0,0.96355,-0.104,1.044,-0.14333,1,-0.21313,1,-0.36174,1.383,-0.219,0.94510,-0.298,0.90392,-0.46381,0.98305,-0.266,1.052,-0.66020,0.494,-0.60589,0.728,-0.602,0.85106,-0.525,0.57577,-0.69712,0.25435,-0.493,0.255,-0.726,0.38895,-0.997
0,1,0,-0.011,-0.08459,0,0.0,0.0,0.0,0.11470,-0.146,-0.634,-0.327,0.0,0.0,-0.309,0.496,-0.225,0.15018,0.624,0.22115,0.0,0,0,0.0,-0.14803,-0.015,0.20645,-0.02294,0,0,0.16595,0.24086,-0.08208,0.38065
1,0.89,0.0,0.581,0.054,1,-0.18388,1,-0.27320,1,-0.341,1.367,-0.41349,0.96232,-0.51874,0.90711,-0.435,1.041,-0.454,0.69876,-0.815,0.70645,-0.76320,0.63081,-0.80544,0.547,-0.918,0.378,-1.292,0.40303,-0.83675,0.202,-0.89093,0.237,-0.89158
0,1,0,1,-0.54210,0.804,-0.604,1,-1,1,0.443,1,-0.41119,0.585,0.929,1,-0.878,1,-0.4,1.414,-1.107,1,1,0.678,0.953,0.987,-0.40888,1.479,-0.459,1,-1,1.137,-1.104,1,-1
1,1,0.0,1.147,-0.16316,0.952,-0.141,0.99999,-0.209,0.878,-0.19277,0.91,-0.329,1.196,-0.295,0.93719,-0.34412,0.94486,-0.397,0.90137,-0.645,0.86043,-0.454,0.82987,-0.51220,0.862,-0.47137,0.532,-0.58370,0.65723,-0.68794,0.68714,-0.64537,0.737,-0.67226
0,1.247,0.0,1.367,-0.86701,1,0.22280,0.85492,-0.39896,1,-0.12090,1.119,0.35147,1,0.046,1.384,-0.189,1.41,-1,1,-0.551,0.584,0.13,1.266,0.62349,0.628,-0.17012,0.733,0.35924,1,-0.66494,1.334,0.88428,1.442,-0.18826
1,0.53,0,1,0.07380,1.238,0.03420,1,-0.05563,1.258,0.061,0.768,0.149,0.955,0.111,1,0.184,1,0.097,1,0.27087,1,0.44758,1.496,0.269,1,0.20033,1,0.269,0.712,0.306,1,0.32492,0.846,0.46712
0,0.976,0,0.50932,-0.59,1,0.134,-0.048,-0.887,0.661,-1,0.43685,-1.236,0.0,0.0,-1,-0.34265,-0.25,0.03623,1,-0.594,0,0.0,0,0.0,-0.192,0.92236,0.421,0.26501,0.0,0,1,0.23188,0,0
1,1,0,0.99645,0.033,1.03,-0.008,0.969,0.02498,0.899,0.025,1.037,0.07808,1.031,0.10346,0.94212,0.05269,1.301,0.118,0.86104,0.08631,0.81633,0.11830,0.83668,0.129,0.902,0.178,0.79476,0.141,0.609,0.15379,0.77122,0.236,0.70941,0.12015
0,0,0,0,0.0,-0.73,-1,1,1,-1,0.875,-1,0.553,1.491,-1.326,0.515,1,-1.005,-1.077,-1,1,0.731,-1.422,-1,0.712,-0.985,1,1,-1.372,-1,1,-1.305,-1.298,1,-1
1,0.958,0,0.67065,0.014,0.858,0.068,0.57197,0.18761,0.08776,0.443,0.408,0.12131,0.62099,0.14285,0.582,0.086,0.727,0.18151,0.14395,0.41224,0.53888,0.209,0.621,0.22625,0.48838,0.174,0.46167,0.251,0.275,0.25306,0.40663,0.25792,1.167,0.441
0,0.0,0,1,-0.568,0,0.0,0,0,1,1,1,-1,-0.71875,1,0.0,0.0,-1,1.375,1.423,1,-1,0.65,1,0.625,-1,1.051,1,1.284,1.401,-1.113,1.348,1.101,1,0.709
1,1,0.0,1,-0.00612,1,-0.06,0.591,-0.068,1,-0.10605,0.968,-0.11073,1,-0.39489,0.727,-0.15616,1.013,-0.344,1.257,-0.207,0.91693,-0.44072,0.96060,-0.46866,0.81874,-0.53,0.82681,-0.302,0.966,-0.38231,0.56,-0.367,0.434,-0.45039
0,0,0,1,0.874,0,0.0,0,0.0,-0.62,-1,0,0,0.0,0.0,-1.38,-1,-0.874,-0.63,-0.565,0.858,-1.289,1,0,0.0,0,0,0.723,-1,-1,1,-1,1,-1.301,0.925
1,1,0,0.96071,0.07088,1.367,0.04296,1,0.134,0.48,-0.056,0.89263,0.036,1.03,-0.06142,0.87534,0.135,0.651,0.00280,1.107,-0.074,0.852,-0.07905,0.64158,-0.05929,0.55677,-0.079,0.368,-0.02205,0.597,-0.01251,0.738,-0.00015,0.449,-0.00182
0,0,0.0,-0.745,1,0.0,0.0,0.0,0,-1,1,1,1,0.0,0,0.0,0.0,1.46,-1.098,-1,0.981,1,1,0,0.0,-0.844,-1,1,-1.421,1,0.978,-1,1,0.0,0
1,1,0,1.06,-0.06182,1,0.02942,0.577,-0.05131,1.3,-0.014,1,-0.105,0.84493,-0.05202,1.26,-0.06598,0.69170,-0.07379,0.65731,-0.245,0.94910,-0.243,0.76,-0.439,0.84932,-0.211,0.417,-0.29174,0.73094,-0.341,0.54356,-0.328,0.626,-0.546
0,1,0,0.654,0.57820,1,-1.435,0.59,-1,1.164,-1,0.752,-1.058,1,-1,0.875,-0.947,1,-1,0.941,-1,0.627,-0.725,0.883,-1,1,-1,0.742,-1,1,-1.085,1,-1.183,0.968,-1
1,1,0.0,0.829,-0.08714,0.798,-0.137,0.86635,-0.81779,0.94817,0.656,0.95473,-0.255,0.88486,-0.31736,0.87937,-0.319,0.783,-0.539,0.12245,-1,0.90284,0.123,0.62357,-0.649,0.55389,-0.82868,0.48136,-0.677,0.325,-0.89674,0.284,-0.92128,-0.157,-0.995
0,0,0,-1,-0.527,0.0,0,-0.55,0.524,1,-0.37500,0,0.0,0,0.0,0.0,0.0,0.598,-1,-0.905,-1,1,-1.15,0,0,1,-1.09,-1,1.112,-0.739,-1.488,0,0.0,-1,1
1,1,0,1,0.08380,1,0.17387,0.839,-0.181,0.885,0.376,1,0.44,1,0.621,0.983,0.84,0.776,0.957,1.308,0.95099,1,1,0.98042,1,0.91624,1,1.166,0.677,0.74822,0.953,0.64358,1,0.722,1.289
0,0.0,0.0,-0.775,-1,1,0.885,1,-1,-1,1,0.868,-1,-1.015,-1,0.0,0,1.372,1.079,-1,-1.299,0.799,-0.5,1,-0.883,1,1,1,-0.757,1,-0.712,-1.079,1,1,-1
1,1.268,0.0,1,-0.14236,1.172,-0.127,1,-0.23656,0.916,-0.07514,1,-0.354,1.004,-0.26161,1,-0.292,1.071,-0.38606,1.073,-0.46162,1,-0.458,1.257,-0.585,1,-0.47643,1.383,-0.49687,1,-0.541,1,-1.028,1,-0.84437
0,1,0.0,1,-1.407,1,1,1,-1,0.672,-0.536,1,-1,1.026,-0.012,1,-0.853,1,1,1.213,-0.85583,1,1.365,1,-0.958,0.0,0,0.729,0.885,1.086,-0.79141,0.706,1,1.162,1
1,1,0,0.591,-0.14639,0.996,-0.059,0.92100,-0.16450,0.88307,-0.17036,1.287,-0.31809,0.427,-0.213,0.562,-0.188,0.503,-0.33632,0.603,-0.47022,0.70555,-0.47153,0.66150,-0.714,0.513,-0.331,0.513,-0.54629,0.4,-0.59854,0.276,-0.57377,0.42189,-0.58086
0,1,0.0,0.71253,-0.031,0.361,-0.23067,0.654,-0.09473,0.954,-0.154,1,-0.121,0.58965,0.777,0.83726,-1,0.82270,-0.17863,0.80760,-0.212,-0.313,0.934,0.51933,0.077,0.548,-0.281,1.147,-0.41307,0.63811,-0.21901,0.86136,-0.474,-0.23186,-1
1,0.54,0,1,-0.15899,0.72314,0.215,1.146,-0.58388,0.767,-0.326,0.502,-0.49863,0.94,-0.093,0.803,0.14638,1,0.39337,1.485,0.135,0.96354,-0.01891,0.571,-0.565,1,0.14803,1,-0.11582,0.836,-0.11129,1,0.529,1,-0.64
0,1,0.0,0.717,-1,1,1,1,-0.67321,0.80893,-0.40446,1.072,-1,1,-0.828,1,0.73393,0.17589,0.70982,1.271,0.78036,1,0.549,0.958,-0.55,0.609,0.788,0.634,-0.106,0.95982,-0.204,1,0.472,0.528,0.443
1,1,0.0,1,0.00433,0.598,-0.01209,0.939,-0.035,1,-0.043,0.743,-0.076,0.546,-0.084,1.412,-0.107,0.92561,-0.13665,0.94184,-0.14327,0.99589,-0.14248,0.773,-0.13565,1.005,-0.211,0.89067,-0.17909,0.85644,-0.18552,0.796,-0.20101,1.166,-0.20766
0,0.0,0,1,1,0.62,-0.538,0,0.0,0.0,0.0,-1,-1.326,0.0,0.0,0,0,-0.695,1,0.744,0.811,-1,0.67,-1,1,1,-1,1,1,-1,1,1.241,1,0.0,0.0
1,1,0.0,0.91241,0.04347,0.94191,0.019,1.236,0.05345,0.93582,0.013,0.91,0.06348,0.56,0.12067,0.92048,0.06211,1.235,0.096,0.479,0.101,0.484,0.11849,0.77041,0.094,0.75755,0.11299,0.779,0.13282,0.66387,0.147,0.865,0.097,0.65258,0.11447
0,1,0.0,1,0.022,0.99672,0.051,1.439,0.052,0.61745,-1.036,1.337,0.138,0.959,0.53640,1.069,0.091,0.953,0.15189,1.261,0.455,0.65850,0.117,0.60138,0.16516,0.54446,0.16390,0.48867,0.16019,0.43481,0.15436,0.457,0.14677,1,1
1,1,0.0,1,0.06538,0.731,0.20746,1.463,0.168,1.16,0.32213,0.542,0.39039,0.75474,0.646,0.564,0.52321,0.65954,0.60756,0.53,0.62999,0.455,0.376,0.494,0.484,0.34384,0.662,0.27712,0.72386,0.189,0.70682,0.11372,0.72688,0.06990,0.873
0,1,0.0,-1,-1,1,1,1,-0.14375,0,0,-1.259,0.789,1.313,0.667,0.173,-1,-1.46,-1,0.08750,-1,1.037,-1,-1.439,0.939,-1,-0.552,1,-1.457,-1,-1.127,1.423,1,0.0,0.0
1,1.225,0.0,0.867,0.08791,0.965,0.16888,1,0.16598,0.55187,0.733,0.70207,0.305,0.16286,0.485,0.754,0.46086,0.746,0.49618,0.238,0.12967,0.315,0.657,0.31274,0.55826,0.161,0.62,0.18626,0.56605,0.089,0.56101,0.06927,0.55061,0.072,0.67739
0,1,0.0,-0.625,-1.141,1.196,0.494,1,-0.97,1,-0.23393,1,0.96161,1.097,-0.37679,1,-1.442,1.208,0.13839,0.791,-0.891,1.438,-0.03393,-1.195,0.743,0.53750,0.85714,1,1,1.108,-0.878,1,-1,1,-1
1,0.685,0.0,0.99025,-0.05785,1.313,-0.119,0.98663,-0.214,0.99374,-0.332,0.813,-0.30130,1.349,-0.37965,1.192,-0.4,0.84922,-0.52064,0.705,-0.57075,0.77,-0.416,0.95,-0.64615,0.871,-0.564,0.65247,-0.73174,0.61010,-0.75353,0.54752,-0.80278,0.49195,-0.83245
0,0,0,0,0.0,0.0,0,0,0.0,1.277,0.952,0.857,1.074,0.0,0.0,0.0,0.0,-0.37500,-1,-0.6,-1,0.0,0.0,0,0,-1,-1,-0.943,-1,-1,1.456,1,0,0,0
1,1,0,1,-0.025,0.753,-0.07383,1.277,-0.11039,0.917,-0.065,1.447,-0.13814,0.96674,-0.21695,0.95288,-0.188,0.91236,-0.34400,0.499,-0.37,1.311,-0.381,0.698,-0.41,0.449,-0.42990,0.83172,-0.43122,0.81433,-0.42593,0.77919,-0.244,0.743,-0.50152
0,1,0.0,0.94598,-0.028,-1,0.325,-0.36393,0.179,0.534,-0.416,1.44,-0.03353,-0.219,-0.00550,-0.54852,0.15452,1.248,-0.462,1,-0.526,-0.29735,-0.47,-0.73864,0.37361,0.83872,-0.342,0.546,-0.58130,1,-0.347,-0.09634,0.20477,-0.049,0.41913
1,0.74,0,0.588,0.009,0.944,-0.03818,0.897,-0.031,0.95947,-0.066,0.99004,-0.058,0.942,-0.11102,0.93369,-0.075,0.94217,-0.11583,0.534,-0.116,0.88274,-0.17387,0.962,-0.18739,0.88487,-0.19689,1.007,-0.294,0.78546,-0.23864,0.659,-0.23095,0.74323,-0.23902
0,1,0,0,0.0,1.031,0.51724,0,0,0.098,-1,0.0,0.0,0.0,0,-0.651,-0.22414,-0.55711,-1.139,0.616,0.737,0,0.0,0.365,0.35668,-0.524,0.44828,1,-0.79,-1.148,0.659,0,0,0,0
1,1,0.0,0.84134,-0.18362,0.43644,0.021,0.922,-0.003,0.87947,0.13795,0.81121,-0.017,1.084,0.813,1.013,-0.57486,0.75000,-0.29520,0.86676,-0.20104,0.678,1,0.375,-0.16290,1.065,-0.038,1.32,-0.007,0.61582,-0.32298,0.84463,-0.25706,0.563,-0.013
0,0,0.0,1,1.147,1,-1.249,0,0.0,0,0,1.026,1,1.139,1.412,-1,-1,1,-1.376,-1.363,0.935,0,0.0,1,-1,1.486,-1,1,1,-0.952,-1,0.0,0.0,0.0,0
1,1,0.0,1,1.367,0.944,1.442,0.91010,1.334,-0.26970,1.384,-0.83152,1,-1,1,-1.119,0.431,-0.733,-0.57779,-0.551,-0.593,-1.247,-1,-0.628,-1,0.566,-1,1,-1,0.822,-1,1,-0.439,1,0.34845
0,1,0,-0.855,-1,-0.919,1.496,1,0.48,0.026,-1,-1,-1,1,0.768,0.649,-0.955,-1,0.53,0.54,1,1,-1,-0.544,-0.629,-0.18856,1,0.692,-1.238,-1,-0.846,-1.438,1,1,0.33611
1,0.672,0.0,0.95659,0.08143,0.579,-0.05667,0.862,-0.08484,0.96097,-0.069,0.94717,0.01279,1.128,-0.105,0.94612,-0.116,1.361,-0.32268,0.90343,-0.35902,0.91428,-0.181,0.90140,-0.381,0.661,-0.40747,1.19,-0.427,0.92059,-0.30619,0.83951,-0.381,0.412,-0.41173
0,1,0,0.08333,-0.193,-0.671,1,-1,1,0.71875,0.47173,-0.904,-0.621,-1,-1,-1,1,-0.031,0.59152,-0.623,-0.434,-0.74628,-1.328,-0.77,-0.54,-0.894,0.246,1.465,-1,-0.516,-0.38914,-1.063,-1.045,-1,0.61458
1,0.553,0,0.712,-0.02259,0.73,-0.04494,1,-0.06682,1.005,-0.08799,1,0.729,1,-0.166,1,-0.14522,0.875,0.32407,0.985,-0.263,0.512,-0.18949,0.95601,-0.20081,0.573,-0.92284,0.87280,-0.21793,0.82920,-0.297,0.845,-0.324,0.541,-0.315
0,0,0,-1,1,0.642,-0.558,-0.732,1.167,0.0,0,1,1,-1.246,-0.119,1,0.786,-1,-1.02,1,-1.299,-1,-0.74,1,1,1,-1.35,1.336,0.958,1,1.208,0,0,-1.288,-1
1,0.568,0.0,0.853,0.083,0.671,0.082,0.99952,0.178,1,-0.01911,0.94846,0.07033,1.02,0.14644,0.94862,0.124,0.90896,0.212,1.33,0.16265,1.397,0.14258,0.487,0.183,0.596,0.22431,0.88423,0.23571,0.88568,0.289,0.78324,0.29576,0.83574,0.31166
0,1.099,0.0,0.17188,-0.968,-1.313,0.727,0.0,0,0,0,-1,1,0.0,0.0,-0.663,-0.415,0.80521,0.258,0.51979,0.183,0,0,-1,-0.158,-0.501,0.96250,1,0.905,-1,0.67708,0,0.0,0,0
1,1,0,1,0.09771,1,0.12197,0.63,0.194,0.98602,0.09237,0.829,0.162,0.672,0.225,0.476,0.365,0.748,0.348,0.937,0.33129,0.83393,0.31698,0.74829,0.246,0.76193,0.34658,0.68452,0.241,0.866,0.516,0.56791,0.524,0.54252,0.50903
0,1.203,0.0,0.023,-0.35625,0.0,0.0,0,0.0,0.0,0,0.0,0,0,0.0,0.12292,-0.791,0.22813,0.82813,1.292,-0.42292,0.0,0.0,0.086,-1,-0.10625,-0.245,1,-1.055,-1,0.18854,0,0,1,-0.27292
1,1,0,0.978,0.16801,1.154,0.138,0.94616,0.33347,0.91759,0.267,0.51,0.365,0.84250,0.46899,0.81011,0.509,0.78473,0.48311,0.47,0.749,0.474,0.848,0.55586,0.64720,0.687,0.411,0.43317,0.759,0.35,0.858,0.33921,0.66844,0.22101,0.78685
0,0.606,0,0.63816,0.975,0.20833,-0.883,0.575,0.577,0.742,0.30921,-0.709,1,-0.05921,0.552,0.01754,0.05044,-0.397,-1,0.14254,-0.03289,0.453,-0.592,-1.382,0.897,0.80921,-1,1,-0.06140,1,1,0.257,-1.202,1.3,1
1,0.752,0.0,0.627,-0.41457,0.947,0.76131,0.87060,0.202,1,-0.09925,0.93844,0.47990,0.65452,-0.16080,1,0.00879,0.97613,-0.593,0.593,-0.24497,0.88065,-0.169,0.59,-0.12312,0.93593,0.07,0.92890,-0.07,1.435,-0.24,0.465,0.231,0.51382,-0.062
0,0.798,0.0,0.84783,0.065,1,0.39130,1,-1,0.58,0.105,0.966,0.216,0.86,0.651,0.826,0.35507,0.995,0.02672,0.58424,-0.336,1,0.63496,0.89130,0.21,0.755,-0.33333,1,0.15942,0.37681,-0.023,1,0.22464,1.116,0.37409
1,1,0.0,1,0.312,1.495,0.022,0.961,0.07764,1,0.047,1.152,0.185,1,0.05489,1,0.04384,1.425,-0.129,0.84371,-0.052,0.67,0.048,0.99933,0.27376,1,-0.39056,0.96414,-0.02174,0.457,0.23360,0.52,-0.212,0.80355,-0.07329
0,0,0.0,1,-1,1,-1,1.289,-1,1.156,-1,1,1,1.39,0.902,1,-1,0.776,1.05,1,0.839,0.583,1,1.187,-1,0.983,-1,1.308,-1,1,0.602,0.0,0,1.358,-1.375
1,1.079,0,0.766,0.525,0.81309,0.82021,0.43019,1,0.20619,0.80541,-0.43872,0.799,-0.79135,0.77092,-1,0.287,-0.396,-0.444,-0.97907,-0.42822,-0.635,-0.76339,-0.209,-1.266,0.457,-1.372,0.41778,-0.93296,0.25773,-1,0.826,-0.176,1.066,0.03
0,1,0.0,0.981,0.916,1,-1,1,-1,1,1.073,1.172,0.714,1.071,1,1.257,-1.278,0.78,1.415,1,1,1,1,1,1,1.399,1.328,1,0.5,0.0,0.0,1.268,-1,1,-1
1,1,0,1,0.044,1.026,0.129,0.958,0.26968,1,0.183,0.536,0.28778,1,0.38643,1,0.446,1,0.65701,1.213,0.459,1,0.412,1,0.556,0.89593,0.68326,1.04,0.71374,0.758,0.73,0.74389,1.168,0.45,0.75837
0,0,0,1,-1,1,1,-0.904,-0.522,1,-1,0,0.0,0.0,0.0,-0.684,0.623,1,-0.586,0.67,-0.802,-0.628,1,1,-0.687,1,-1.425,1,-1,-0.798,-1,0.0,0,1.455,-1
1,1,0.0,0.521,0.08620,1.17,0.19279,0.84,0.27451,0.98044,0.461,1.393,0.466,0.86265,0.725,0.82820,0.58794,0.73242,0.69065,0.536,0.611,0.54473,0.68820,0.323,0.903,0.40615,0.715,0.33401,0.83796,0.354,0.645,0.152,0.86835,0.09048,0.86285
0,1,0,0.69444,0.241,0.0,0.0,-0.32937,0.69841,0,0.0,0.0,0.0,0,0.0,0.283,-0.24206,0.107,0.19444,0.388,0.6,0,0.0,0.0,0,0.73413,0.27381,0.76190,0.63492,0,0,0.0,0,0.0,0.0
1,1,0,1.275,0.05070,1,0.06,1,0.19498,1.084,0.28453,0.667,0.184,1,0.233,0.94575,0.42881,0.89126,0.50391,0.548,0.373,0.80644,0.59962,0.853,0.353,0.638,0.791,0.382,0.69435,0.63,0.72684,0.47027,0.662,0.309,0.75243
0,0.0,0,1,1,0.0,0,1,-1,1.452,-1,1.012,1.171,0.606,1,1.494,-1,1,1,0.939,0.815,1.39,-1.212,-1,-1.283,1,-1,0.759,-0.95,0.546,0.598,0,0,1,-1
1,1,0,1,0.026,1,0.11982,1,0.16159,0.67,0.27921,0.98703,0.207,0.645,0.328,0.91118,0.543,0.81939,0.46059,1.042,0.6,0.427,0.349,0.70331,0.58129,0.67077,0.59723,0.877,0.561,0.437,0.60932,0.562,0.828,0.301,0.62658
0,0,0.0,1,1.305,1.059,-0.604,0.82,1.39,1,0.597,1,1,1.32,1,1,1,1,-1,-0.99,1,-0.758,1,-1,1,1,-1,0.658,0.572,-0.697,0.902,-0.961,-1.219,-1,1
1,1,0,1,0.254,1,0.48590,1,0.81,1.084,1,1.036,1.234,1,1,1.239,0.77128,1.192,1.261,1,1.302,0.74468,0.734,0.804,1.475,0.64628,1.469,0.38255,1,0.10819,0.64,-0.088,0.712,-0.81383,1
0,0,0.0,0.918,1,1,-1,0.639,1.247,-1,0.56,0,0,0.919,1.219,0.0,0,0,0,-1,1,-0.731,1.29,1,0.709,1,-0.979,1,1.463,1,1.222,1,-1,-0.952,0.624
1,1,0,1,-0.083,1,0.739,0.965,0.09557,0.789,0.292,0.667,-1,1,-0.577,1.457,-0.088,1,0.046,1,-0.61538,1,-0.388,0.787,-1.037,1,-0.654,1,-0.81372,1,-0.842,1,-0.78555,1,-0.634
0,0,0,1,-1,1,1,1,0.594,0.834,1,1,1.075,1,-0.646,0.831,-1,1,1.135,1,-0.954,0.947,0.751,1,1,1,-1.309,1.115,1.206,1.098,-1.46,1.225,1,0.705,-1
1,0.596,0.0,0.92277,0.07804,0.899,0.143,0.89702,0.24618,0.932,0.35197,0.942,0.42196,0.70716,0.46983,0.70796,0.814,0.539,0.776,0.51247,0.92,0.39903,0.963,0.34232,0.78,0.23693,0.741,0.18765,0.73885,0.137,0.71038,0.02,0.846,-0.04023,0.69509
0,1,0.0,0.897,-0.22,1.093,0.21908,0.426,0.3,0.375,0.58304,1,-0.125,0.007,0.44523,0.01060,0.38869,0.238,0.529,0.116,0.354,0.04325,0.30745,-0.00083,0.24936,-0.04,0.19405,-0.03,0.14481,-0.04779,0.083,-0.04585,0.07064,-0.04013,0.04586
1,1,0.0,0.728,-0.015,0.619,-0.044,0.80621,0.02811,0.85947,0.02515,0.63462,0.08728,0.429,0.1,0.73077,0.05178,0.78550,-0.27811,0.332,-0.014,1.136,0.06953,0.372,-0.197,0.776,0.02811,0.889,-0.06637,0.767,-0.21154,0.83,-0.14053,0.56361,0.02959
0,1,0.0,0.39179,-0.042,0.774,0.055,1,1.463,0.197,0.15299,0.54478,0.15,0.675,-0.754,0.57836,0.67910,0.66791,-0.114,0.46642,-0.06,0.492,0.097,0.83209,0.45522,0.465,0.124,0.251,0.14630,0.32463,-0.02612,0.39118,0.13521,0.34411,0.12755
1,1,0,0.705,0.04528,0.76981,-0.10566,0.566,0.03774,0.822,-0.047,0.64528,0.01132,0.66792,-0.13962,0.556,-0.02264,0.435,0.08679,0.311,-0.108,1.092,-0.23774,0.73962,-0.118,0.795,-0.15094,0.73886,-0.05801,0.666,0.034,0.891,0.025,0.553,0.00755
0,1.389,0.0,0.72727,-0.029,0.89241,0.03462,1,0.487,0.66364,-0.056,0.48182,-0.16818,0.787,0.058,0.56818,1,0.50455,0.21818,0.66818,0.10000,1,-0.30000,0.73,-0.857,0.57273,0.32727,0.558,0.14673,0.543,0.075,0.266,0.18,1.116,0.994
1,1,0,0.57647,-0.016,0.471,0.0,0.38431,0.12941,0.40000,-0.046,0.56471,0.113,0.46667,0.08235,0.718,-0.04,0.337,0.01569,0.50196,0,0.45882,0.036,0.58039,0.08235,0.324,0.00392,0.393,0.098,0.691,0.085,0.45098,0.161,0.495,0.17255
0,1,0.0,0.41932,0.148,0.237,0.12500,0.23182,0.225,-0.03636,0.542,0.04517,0.412,-0.19091,0.203,-0.13350,0.27322,0.016,0.40455,-0.331,0.12727,-0.273,0.05,-0.18636,0.36364,-0.14003,-0.068,-0.09971,-0.07114,-1,-0.732,-0.043,-0.065,-0.005,-0.06314
1,1,0,0.847,-0.252,1.412,0.36373,0.82403,0.219,0.796,0.05901,1.346,-0.04292,0.85193,0.25000,0.77897,0.25322,0.71,0.79,0.71030,0.378,0.73176,0.27575,1.249,0.243,0.56760,0.495,0.961,0.53235,0.80901,0.514,0.43026,0.983,0.52361,0.537
0,1,0,1.17,-0.08580,-0.31745,-1.136,-0.1,-0.56435,0.761,0.04576,0.89514,-0.00763,-0.116,0.63966,-0.20019,-0.87,0.85701,-0.164,1.066,-0.115,-0.088,0.50810,-0.203,0.80934,1.053,-0.03718,0.70882,-0.139,0.64,-0.14109,-0.21354,-0.975,-0.22,-0.59867
1,1,0.0,0.544,-0.24783,0.591,0.04348,0.676,0.38261,0.451,0.18261,0.372,0.17,0.727,-0.23043,0.325,0.361,0.38696,-0.42609,0.519,-0.221,0.26957,0.11739,0.53246,-0.029,0.388,-0.12174,0.272,-0.04264,0.48348,-0.024,0.64348,-0.25217,0.50435,0.14783
0,0.887,0.0,-0.574,0.14861,-0.33746,0.436,0.664,-0.093,0.31889,-0.06811,0.245,-0.095,0.566,0.08978,0.56347,-0.15480,0.16409,0.227,0.33746,0.023,0.50464,0.048,-0.63777,-0.84,1.366,0.392,0.41348,-0.40116,-0.15170,0.11146,0.02399,0.55820,0.651,-0.08978
1,1.155,0.0,0.29202,0.13582,0.45331,0.16808,0.51783,-0.00509,0.545,0.207,0.52462,-0.16638,0.47368,-0.043,0.55518,0.04,0.81664,-0.22411,0.564,-0.044,0.18,0.06621,0.28183,-0.222,0.398,-0.03176,0.746,-0.03351,0.232,0.09847,0.785,-0.021,0.58,-0.03226
0,1,0,0.79157,0.093,0,0,0.56541,0.06,0.39468,1,0.38359,0.99557,-0.026,0.53215,0.23725,0.12860,-0.019,0.937,-0.662,0.84922,-0.073,0.38803,-0.564,0.31,-1.365,1.107,-0.34146,0.506,-1.005,0.506,-0.515,0.183,0,0
1,1,0,1.089,0.214,0.587,0.505,0.72990,0.397,0.586,0.72997,0.44303,0.81152,0.249,0.553,0.06438,0.815,-0.081,0.87396,-0.28739,0.79617,-0.341,0.65924,-0.319,0.53805,-0.68159,0.39951,-0.71844,0.25835,-0.844,0.11218,-0.928,-0.069,-0.905,-0.19904
1,1,0.0,0.693,0.108,1.137,0.555,0.71771,0.652,0.47968,0.84278,0.31409,0.92643,0.113,1.336,-0.13254,0.84290,-0.432,0.595,-0.52145,0.847,-0.68274,0.49508,-0.77408,0.353,-0.85376,0.096,-0.83314,-0.01358,-1.057,-0.271,-0.67289,-0.287,-0.59943,-0.49700
0,1,0,-1,-0.591,0,0.0,0.549,-0.78502,0.60586,0.32899,-1,-0.41368,0,0,0.0,0.0,1,-0.191,0.213,-0.442,0.653,-1.275,-0.613,-0.727,1,-0.59609,-0.883,-1,-1.454,-1,1.313,-0.905,0,0
1,0.874,0,0.83,0.04974,0.79074,0.02543,0.687,0.03793,0.612,0.063,0.67801,0.43,0.405,0.082,0.963,0.08442,0.70681,-0.066,0.63613,0,0.434,0.11355,0.68183,0.12185,0.484,0.15445,0.715,0.117,0.65707,0.17539,0.59759,0.083,0.748,0.15114
0,1,0.0,1,-1,0,0,1.007,-0.629,1.164,0.663,-0.41912,-0.818,0.0,0.0,0,0.0,0.72059,-0.657,0.73529,-0.60294,0.0,0,0.257,-0.532,-1,-1.388,-1,-1,1.237,-1,1,-1.098,0,0
1,1,0,1.035,0.01709,0.96215,-0.03142,0.557,-0.039,0.983,-0.074,1.15,-0.07092,0.99173,-0.099,1,-0.15727,0.978,-0.119,1.163,-0.11813,1,-0.134,1,-0.144,0.98971,-0.186,0.947,-0.20243,1.345,-0.17123,0.96436,-0.297,0.87011,-0.23296
0,0,0.0,0,0.0,0.0,0,0,0.0,0,0,0.0,0.0,0,0,0.0,0.0,0,0.0,0,0,0.0,0,0.0,0,0.0,0,1,-0.975,0.0,0.0,0,0.0,0,0
1,0.627,0,0.95704,-0.12095,0.908,-0.12690,0.96365,-0.18242,0.97026,0.064,0.92003,-0.01124,0.973,-0.162,0.837,-0.362,0.94,-0.21216,1.167,-0.21018,0.968,-0.27165,0.877,-0.39458,0.883,-0.19233,0.777,-0.186,0.883,-0.23728,0.661,-0.31857,0.69531,-0.41573
0,1.452,0,0.28409,-0.393,0,0,0.904,-0.549,0.30682,1.082,0.64394,0.089,0.34848,-1.056,0,0,0.59091,-0.312,0.494,-0.80682,0.0,0,0.0,0,0.354,0.216,1.021,-0.23864,0.06061,-0.265,0.16288,-0.70076,0.0,0
1,1,0,0.94490,-0.591,1.435,-0.03692,0.9,-0.87052,0.90083,0.516,0.813,-0.089,1,-0.12493,1,-0.15017,1,-0.187,1,-0.262,1.437,-0.23452,1,-0.14,1,-0.189,0.962,-0.372,1.421,-0.36931,1.175,-0.572,1,-0.44739
0,0.625,0.0,0,0,0.0,0.0,0,0.0,0.0,0,0.62195,1.028,0,0,0,0.0,0.36585,-1.013,0.461,-1,0.0,0,0.0,0.0,0,0.0,1,0.165,0,0,0,0,0.0,0
1,1,0,0.99449,0.00526,0.867,-0.11313,0.855,-0.184,0.99061,-0.049,0.675,-0.07496,0.85221,0.029,0.87161,-0.125,0.93881,-0.108,0.59,-0.12,0.71,0.00075,1.158,-0.046,0.93368,-0.198,0.87579,-0.17806,0.94294,-0.16581,0.80253,-0.25741,0.618,-0.28
0,1,0.0,0.10135,0.10811,0.0,0,0,0.0,0.572,0.941,0.31081,1,0.0,0,0,0.0,0.305,-0.618,0.33108,-0.848,0,0.0,0,0.0,-0.617,-1,1,-1.177,0.315,-0.23649,0.0,0,0,0
1,0.88,0,1.407,-0.57224,0.99150,-0.786,0.89518,-0.97450,0.736,-0.35818,0.881,-0.23229,0.642,-0.514,0.818,-0.671,1,-0.79603,0.76771,-1.073,0.96601,-1,0.70120,-1.068,0.78,-0.76904,0.53777,-1.065,0.81020,-0.927,0.806,-1.232,0.30445,-0.76112
0,1,0.0,0.65909,-0.873,0.0,0.0,0.0,0,0.77273,1,0.696,-0.28030,0.0,0,0.0,0,0.62121,-0.29,0.587,-1,1,-1,0.0,0.0,0.0,0,1,-1.138,-0.12879,-1.363,0,0,0.0,0
1,1,0.0,0.627,0.19310,0.80920,0.41149,0.67203,0.55785,0.54559,0.737,0.511,0.972,0.19617,0.85671,-0.028,0.86284,-0.17241,0.6,-0.392,0.533,-0.437,0.56092,-0.60230,0.602,-0.709,0.25747,-0.63038,0.132,-0.57241,-0.07816,-0.687,-0.221,-0.352,-0.31954
0,1,0,0.42000,-0.61000,0.0,0,1.109,-0.734,0.90000,0.573,0.391,0.64000,0,0,0,0.0,0.748,-0.301,1.23,-1,0,0.0,0,0,0.21000,0.648,1.459,0.229,0,0.0,0.0,0.0,0,0
1,1,0.0,1.31,0.23395,0.91404,0.52013,0.78020,1.071,0.477,0.84222,0.27639,0.91730,0.136,0.88248,-0.21980,1.177,-0.283,0.75517,-0.37,0.921,-0.687,0.255,-0.74102,0.29162,-0.958,0.03591,-0.71731,-0.11943,-0.745,-0.34,-0.51251,-0.617,-0.317,-0.53319
0,1,0.0,0.91353,0.905,-0.65,0.973,-0.39466,0.55735,0.066,0.364,-0.18599,-0.088,-0.044,-0.08970,0.01401,-0.03403,0.01108,-0.00537,0.00342,0.001,0.00048,0.001,-0.00003,0.0,-0.00003,0.00002,-0.0,0.0,0,0,0.0,0.0,0.0,0
1,1,0.0,0.223,-0.073,0.33333,0.07143,0.204,0.19048,0.23810,0.09524,0.588,0.026,0.243,-0.04762,0.30952,-0.039,0.28571,-0.11905,0.412,0.057,0.30952,0,0.21429,-0.173,0.35714,-0.045,0.205,-0.024,0.19048,0.0,0.16997,-0.02034,0.168,-0.01877
0,1,0.0,1.483,-0.101,1.08,0.04918,0.57377,-0.01639,0.65574,0.018,0.85246,-0.029,0.526,0,0.378,-0.16393,0.19672,-0.12,0.65558,-0.17176,0.84,0.042,1,-0.373,0.267,-0.34426,0.52385,-0.20325,0.32787,-0.027,0.27869,-0.649,0.673,-0.06557
1,0.705,0.0,0.834,0.0,0.766,0.03131,0.803,0.032,0.80000,0,0.69091,0.062,0.849,0.08436,0.77118,0.09579,0.62727,0.201,0.717,0.078,0.70674,0.095,0.68604,0.139,0.83,0.22727,0.64581,0.18,0.67273,0.02727,0.60715,0.16465,0.58840,0.17077
0,1.022,0.0,0.228,0.52381,-0.78824,0.11342,-0.16628,-0.433,0.66667,0.013,0.906,0.40476,-0.67230,0.30729,-0.459,-0.63668,0.46429,0.15476,0.54762,0.077,-0.51830,0.252,-0.47651,-0.47594,0.453,0.70238,0.359,0.38848,0.57143,0.339,-0.406,-0.402,0.319,-0.646
1,1,0,0.846,-0.07111,1.168,-0.02494,1,-0.06889,1.292,0.003,0.83556,-0.06444,1,-0.078,0.963,-0.269,0.792,0.05333,0.478,-0.037,1,-0.11526,0.903,-0.18667,0.819,0.03556,1.388,-0.14162,1.168,-0.078,1,-0.15609,1.18,-0.44222
0,1,0.0,0.447,-0.113,0.58182,-0.207,0.18182,-0.413,0.243,-0.03636,0.213,-0.05455,0.339,0.349,0.36364,-0.23,0.209,-0.01,0.203,0.05455,0.115,0.49091,0.61818,0.16364,0.32727,0.16364,0.41098,-0.092,0.34545,-0.05455,0.133,-0.36364,0.29091,-0.29091
1,1.243,0.0,0.628,-0.92453,0.69,0.896,0.49057,-0.075,0.593,0.0,0.843,-0.001,0.554,0.064,0.62264,-0.05660,0.98878,-0.00085,0.75,0,0.52830,0.07547,0.95190,-0.00112,1,0.499,0.92192,-0.00128,0.94340,-1,1,0.543,0.43396,-0.161
0,1,0.0,0.73810,0.928,-0.76190,-0.23810,0.243,-0.209,0.45238,-0.128,-0.754,0.12808,0.33333,0,0.289,-0.048,-0.404,0.51163,0.23810,0.02381,0.399,0.04762,0.16667,-0.252,-0.36,-0.093,0.24889,-0.413,1,0,-0.59,-0.034,0.26190,0.02381
1,1,0.0,0.43750,0.04167,0.58333,-0.067,0.377,0,0.33333,-0.06250,0.47917,0,0.414,0.10417,0.54167,0.015,0.23,-0.22917,0.506,-0.33,0.395,0.08333,0.273,0.112,0.39583,-0.229,0.44012,-0.10064,0.41667,-0.055,0.58333,-0.25,0.183,-0.067
0,1,0,0.617,1.074,0.0,0,0,0,0,0.0,0.47744,-0.89098,-0.508,0.618,-1.226,0.28571,0.955,1,0.0,0.0,0,0,0.62030,0.20301,-1,-0.704,0.914,-1.024,1,1,0.0,0.0,0.0,0
1,1,0.0,0.95217,0.055,0.93614,0.104,0.887,0.282,0.84881,-0.563,0.581,0.823,0.77937,0.34328,0.599,0.37988,0.66145,0.40844,0.891,0.537,0.53258,0.44088,0.447,0.44511,0.40440,0.246,0.34374,0.364,0.90330,1,0.188,0.377,0.18632,0.37191
0,1.138,0,0.59840,0.45,0.606,0.80521,0.438,0.369,0.84010,-0.08,0.752,0.093,0.95824,-0.85727,0.91962,1.246,0.95452,-0.069,0.88673,0.18135,0.98484,-0.719,1.152,-0.85755,0.417,-0.30063,1.102,0.17076,0.62958,0.42677,0.87757,0.69,1.122,0.68822
1,1,0,0.95882,0.093,1.079,-0.02,0.98313,0.02555,0.742,-0.09,0.991,-0.02716,0.971,-0.03096,1,-0.05343,1,-0.05179,0.93840,0.017,0.97620,-0.11,1.359,-0.05318,0.784,-0.15675,0.95677,-0.06995,0.749,0.016,1.195,-0.08,1.276,-0.06888
0,1,0.0,0.0,0,-0.33672,1.167,0.0,0,0.68869,-1,0.609,0.31385,-0.26048,-0.37,-0.30241,0.65565,0.826,0.16391,0.0,0,0.0,0.0,-0.18043,-1.328,0.0,0,1.223,-0.938,0.0,0.0,0.04447,0.61881,0,0
1,0.576,0,0.96933,0.00876,1,0.00843,0.599,-0.008,0.97868,-0.024,1.065,-0.027,1,-0.01271,1,-0.02581,0.676,-0.009,1.302,0.00025,0.889,-0.02612,1,-0.04744,0.754,-0.06,0.99188,-0.019,0.97020,-0.02478,1.059,-0.023,1.324,-0.04112
0,1,0,0,0.0,1.241,-0.22703,0.18919,-0.05405,0.0,0,1.056,0.085,1,-0.275,1,0.07027,1.359,-0.163,0,0.0,0.861,-0.21081,1,-0.41622,0,0,1.35,-0.115,0,0.0,1,-0.314,0.339,-0.219
1,1,0,0.81,0.01403,0.34146,-0.02439,0.465,0.039,0.144,0.125,0.582,0.042,0.149,0.07,0.305,0.0,0.36585,0,0.31707,0.07317,0.26829,0.12195,0.23698,0.05813,0.142,0.09756,0.114,0.053,0.17410,0.05504,0.269,0.0,0.17073,0.07317
0,1,0,0.901,1,1,-1,0.0,0.0,0,0.0,1,0.963,0.781,-1,1.478,1.067,1,-1,0.0,0.0,0,0,1.243,-0.27778,0,0.0,1,-1,0.735,0.808,1,-1.103,0,0.0
1,1,0,0.34694,0.20408,0.587,0.273,0.40816,0.223,0.46939,0.44898,0.328,0.551,0.12245,0.52,0,0.51020,-0.08,0.55102,-0.296,0.55102,-0.271,0.466,-0.28571,0.395,-0.435,0.295,-0.447,0.14895,-0.59184,0.18367,-0.333,0.0,-0.26531,-0.24490
0,0.75,0.0,0,0,1,-1.011,0,0.0,0.0,0,1,1,1.223,-0.25342,1,0.23288,1,-1,0.0,0.0,0,0,1.214,0.591,0.0,0.0,1,-0.652,0.0,0.0,1,-1.452,0,0
1,1,0,1.343,0.224,0.91176,0.455,0.924,0.767,0.404,0.883,0.19118,1.1,-0.032,1.055,-0.20588,0.842,-0.37500,0.67647,-0.677,0.415,-0.925,0.38235,-0.86029,0.08824,-0.74265,-0.12500,-0.67925,-0.24131,-0.646,-0.42647,-0.44118,-0.50735,-0.193,-0.56618
0,0.601,0.0,-1,0.218,0.22222,0.15033,-0.75693,-0.70984,-0.164,0.71242,-1.006,0.565,-0.81699,0.33987,-0.536,-0.017,-1.223,-0.83007,-0.335,-0.54248,-0.058,-0.833,0.94118,-0.94118,-1.003,-0.43137,0.739,0.09176,-1,0.028,0.18301,0.037,-0.40201,-0.48241
1,1,0,0.26667,-0.117,0.705,0.0,0.33333,-0.13333,0.238,0.14,0.617,0.01667,0.476,0.08333,0.676,-0.06667,0.53333,0.20000,0.247,-0.01667,0.283,0.20000,1.032,0.0,0.25000,0.127,0.686,0.05439,0.40000,0.03333,0.46667,0.03333,0.302,-0.055
0,0.619,0,-0.274,0.399,-0.27303,0.091,-0.17778,-0.05,0.077,-0.073,0.04461,0.02575,-0.00885,0.039,-0.011,-0.00166,-0.001,-0.013,0.00470,-0.00153,0.002,0.00238,-0.00114,0.00102,-0.00069,-0.001,0.0,-0.00043,0.00026,0.00005,0.0,0.00015,-0.00008,0.0
1,0.556,0,1,-0.37838,0.64865,0.214,0.64865,-0.309,0.538,0.13,1,-0.286,0.51351,0.0,0.62162,-0.05405,0.435,-0.21622,0.798,-0.181,0.62162,0.056,0.954,0.13514,0.35135,-0.353,0.562,-0.22163,0.58478,-0.23027,0.823,-0.59459,0.697,-0.24324
0,1.305,0,0.94531,-0.034,-1,-0.405,-0.832,-0.018,0.513,0.01172,1.13,-0.01953,-1,0.16406,-1,-0.00391,0.95313,-0.047,0.708,-0.034,-1.195,0.11719,-0.677,0.34766,0.95703,-0.004,0.456,0.141,0.999,-0.06641,-1,-0.18750,-1,-0.34375
1,1,0,0.95202,0.02254,0.93757,-0.017,1.394,0.01214,0.96705,-0.018,0.96936,0.003,1.222,-0.03,1.247,-0.004,1.272,-0.013,0.99769,0.01792,0.984,-0.04971,1.373,-0.027,0.97052,-0.04451,0.96215,-0.011,0.97399,0.011,0.95434,-0.03410,0.832,0.00809
0,1,0,0.961,-0.031,1,-1,0.683,-0.11111,0.36111,-0.183,0.573,-0.25712,0.16667,-0.146,1,-0.288,0.837,-0.38853,0.574,-0.42862,0.0,-0.25000,1.094,-0.50333,1.481,-0.27778,1,-0.57092,1.262,-0.213,1,-0.63156,1.119,-0.862
1,1,0.0,0.31034,-0.10345,0.174,-0.10345,0.215,-0.038,0.108,-0.047,0.03649,-0.03689,0.01707,-0.02383,0.00741,-0.01482,0.004,-0.005,0.001,-0.00523,-0.00003,-0.00299,-0.00028,-0.002,-0.0,-0.001,-0.0,-0.00048,-0.0,-0.00024,-0.00012,-0.00012,-0.0,-0.0
0,1,0,0.902,-0.07843,1.031,0,0.779,-0.075,0.51,-0.11765,0.68627,-0.091,0.66667,-0.193,0.64706,-0.086,0.348,-0.11765,0.54902,-0.21569,0.658,-0.178,0.66667,-0.338,0.45098,-0.25490,0.277,-0.24668,0.56863,-0.369,0.43137,-0.21569,0.564,-0.29
1,1.115,0.0,0.25000,0.16667,0.46667,0.4,0.24,0.197,0.07766,0.281,0.01070,0.14922,-0.02367,0.123,-0.038,0.06317,-0.03766,0.03458,-0.024,0.021,-0.02474,0.003,-0.01726,-0.00273,-0.006,-0.00539,-0.009,-0.007,-0.00294,-0.003,-0.00089,-0.006,0.00025,-0.00291
0,1,0,-0.636,0.15625,0.06250,0.0,0.0,0.082,0.62500,0.062,0.148,0,-0.026,0.09375,0.038,0,0.15,-0.15625,0.43750,-0.37500,0,-0.095,0,0,0.024,-0.46875,0.022,0.0,-0.71875,0.035,-0.025,0.0,0,0.09375
1,1,0.0,1,-0.011,1,-0.023,1,-0.037,0.95135,-0.01622,0.98919,-0.018,1.034,0.08649,1.141,-0.037,0.95135,0.095,0.97838,-0.003,1,0.06486,0.822,0.054,0.97838,0.09189,0.98556,0.007,0.848,-0.03243,1.449,0.02703,1,-0.035
0,1,0.0,1.216,0.032,1.365,0.08069,1.072,1,1.152,-0.00775,0.83721,0.031,0.736,0.317,1,1,0.717,0.065,0.90698,0.11628,1,0.624,0.927,-1,0.823,0.034,1,0.71613,0.84496,0.057,1,0.87317,1,1
1,1,0.0,0.90374,-0.01604,0.878,0.08021,1.129,0.013,1.041,0.008,0.652,-0.01604,1,0,1,0.06417,1.113,0.042,0.91444,0.04278,1.288,0.02139,0.54,-0.019,0.96257,0.05348,1.206,0.04452,0.87701,0.016,1.278,0.09091,0.97861,0.089
0,1,0.0,-0.20500,0.28750,0.23000,0.10000,0.229,0.31750,0.234,0.287,0.39,-0.518,0.09250,0.316,-0.09500,0.21000,-0.097,0.28,-0.271,0.331,-0.48000,-0.08000,0.29908,0.33176,-0.694,-0.217,0.32190,-0.28475,-0.589,0.129,-0.27104,-0.31228,0.40445,0.042
1,1,0.0,0.669,0.025,0.63333,0.06667,0.73,0.06667,0.70000,0.0,0.702,0.0,0.481,0.0,0.73333,0.0,0.70000,0.10000,0.607,0.10000,0.42,-0.024,0.76667,0.0,0.63333,0.172,0.65932,0.10168,0.469,0.13333,0.60000,0.16667,0.63333,0.16667
0,1.146,0.0,0.05866,-0.012,0.06704,0.005,0.0,-0.01117,0.007,-0.03911,0.012,-0.07542,-0.005,0.057,0.054,-0.03352,0,0.124,-0.06425,0.075,-0.068,0.02514,0.02793,-0.00559,0.011,0.007,0.10335,-0.00838,0.042,-0.00279,0.04469,0,0.04749,-0.03352
1,1,0,0.94653,0.28713,1.081,0.67248,0.528,0.562,0.01267,0.89109,-0.24871,0.84475,-0.464,0.56079,-0.929,0.372,-0.66455,0.052,-0.796,-0.19525,-0.397,-0.44000,-0.396,-0.431,-0.04119,-0.56,0.16085,-0.399,0.36752,-0.41901,0.36,-0.312,0.493,-0.05980
0,0.512,0,0.043,0.021,-0.02586,0.049,0.01437,0.04598,-0.07759,0.00862,0.021,-0.071,-0.054,0.04310,-0.087,-0.035,-0.09483,0.08046,-0.037,0.05172,0.02011,0.022,-0.031,-0.011,0.036,-0.009,0.00862,0.01724,0.02586,0.01149,0.032,0.01149,-0.04598,-0.00575
1,1,0.0,0.782,-0.01084,1.008,0.016,0.80000,0.003,0.79015,0.016,0.637,-0.008,0.83350,0.024,0.85123,0.01675,0.697,-0.00788,0.79113,-0.02956,0.75961,0.03350,0.74778,0.05517,0.608,-0.02,0.429,0.00612,0.505,-0.05025,1.148,0.02956,0.79015,0.008
0,1,0,0.03852,0.026,0.003,0,0.017,-0.01997,0.024,-0.068,-0.034,-0.018,0.01,-0.02,0,-0.03281,-0.04708,-0.02853,-0.013,0.03566,0.02,0.005,0.05136,-0.02282,0.051,0.02,0.03,0.01569,0.01997,0.00713,-0.031,-0.01854,-0.01427,0.01997
1,1,0,0.47090,0.22751,0.42328,0.33598,0.258,0.628,0.01852,0.49471,-0.023,0.53968,-0.191,0.31217,-0.24,0.32540,-0.293,0.092,-0.432,-0.11640,-0.14815,-0.205,-0.102,-0.389,-0.3,0.003,0.03574,-0.31739,0.175,-0.16,0.24868,-0.24339,0.26720,0.053
0,1,0.0,0.046,0.00686,0.13959,-0.04,0.10526,-0.121,0.114,-0.06178,0.335,-0.01144,0.12,0.111,0.14645,-0.13501,0.29062,-0.04805,0.18993,0.07323,0.112,0.0,0.11213,-0.002,0.15103,-0.10297,0.1,0.013,0.151,-0.06636,0.052,-0.07323,0.11670,-0.095
1,1,0,0.94333,0.55,0.34,0.64534,0.21572,0.77514,-0.651,0.64899,-0.73675,0.439,-0.76051,0.0,-0.555,-0.173,-0.38391,-0.62157,-0.072,-0.508,0.449,-0.831,0.746,-0.37660,0.454,-0.05484,0.721,0.256,0.45521,0.60512,0.02742,0.54479,-0.21572,0.278
0,1,0.0,0.01975,0.01,0.04090,-0.00846,0.018,0.013,0.01128,0.052,0.002,0.00141,0.026,-0.039,-0.01975,0.06065,-0.034,0.017,-0.02398,-0.00423,0.031,-0.02539,0.01834,0,0,-0.01269,0.017,-0.016,0.00564,-0.01,-0.01693,-0.02398,0.009,0.0
1,1,0.0,0.85736,0.0,0.81927,-0.05676,0.701,-0.05,0.84317,0.064,0.86258,0.11949,0.712,-0.068,0.78342,0.032,0.739,-0.06796,0.739,-0.103,0.88125,0.01195,0.915,0.02240,0.843,-0.01942,0.82383,-0.03678,1.287,-0.06423,0.71,-0.022,0.79089,-0.09186
0,1,0,0.646,-1.185,1,1,-1,1,1,-1.427,1,-0.548,-0.952,-0.739,-1.419,0.598,1,1,1.44,1,-0.799,1.079,1.09,-1,1.22,-1,0.526,0.666,1,1,-1.035,1,-1,1
1,1,0,0.85209,0.39252,0.38887,0.76432,0.131,0.61,-0.503,0.88744,-0.45,0.512,-0.93092,0.111,-1.103,-0.306,-0.735,-0.55262,-0.19260,-0.606,0.395,-0.80496,0.64649,-0.35230,0.4,-0.225,0.655,0.29,0.37830,0.626,0.19667,0.66315,-0.11215,0.64933
0,1,0,1.11,0.843,1,0.51250,0.62500,-1,1,1,0.016,0.03125,0.975,1.127,0.0,0.0,0.829,-1,0.801,0.556,1.342,0.836,0.31250,1,1,1,1,0.898,1.473,0.951,-0.76,1,0,0
1,1,0,1,0.54902,0.914,1,0.02,1.102,-0.558,0.712,-0.96,0.782,-1,0.11765,-1.354,-0.33333,-0.64706,-0.497,-0.23529,-0.86275,0.35294,-0.851,0.74510,-0.531,0.92157,-0.112,0.92874,0.244,0.72549,0.328,0.322,1.202,-0.11765,0.90196
0,1,0.0,0,0.0,-1,-0.991,-1,1,0.0,0,-1,1.046,1.37,1,0.857,-1.085,0,0.0,0,0.0,-0.965,-1,-1.195,1,1.181,0.43750,1,-1,0,0,-1.245,-1.001,-1.079,1
1,0.997,0.0,0.44444,0.374,0.53695,0.90763,-0.208,1,-0.408,0.658,-1,0.33333,-0.627,-0.076,-1,-0.304,-0.66667,-0.77778,0.666,-1,-0.139,-0.683,1.033,-0.22222,0.242,0,0.92120,0.45019,0.57454,0.817,0.22222,1,-0.55556,0.667
0,0,0,0,0.0,0.0,0.0,0.0,0.0,0,0.0,0,0.0,0,0,0.0,0.0,0,0.0,0,0,0,0.0,0.0,0,0,0.0,1,0,0,0.0,0.0,0.0,0,0
1,1,0.0,1,0.0,0.657,0.0,0.716,0.50000,0.75000,0,1.144,0.12094,1.032,0.172,0.86922,0.221,0.879,0.25000,0.624,0.675,0.85,0,0.861,-0.344,0.5,0.50000,0.73944,0.368,0.75000,0.25000,0.69635,0.29074,0.67493,0.30293
0,0,0,-1,1,1,1,0.0,0.0,1.436,-1,0.881,-1.023,1,-1,-1,-1,0.0,0,-1.041,-0.738,0.0,0.0,0,0.0,-1.263,-1,1.152,-1,1,1.377,-1.134,-1,0,0.0
1,1,0.0,1,0.0,1,0.0,0.66667,0.09,0.509,-0.11111,0.88889,-0.11111,1.103,-0.22222,0.83,0,1.118,0.0,0.963,-0.11111,0.77778,-0.11111,0.539,-0.11111,0.521,0.0,1.123,-0.05352,1,0.082,0.88889,-0.083,1,0
0,0,0.0,0,0.0,0,0.0,0.0,0.0,0,0,0.0,0.0,-1,-1,0.0,0.0,1.073,0.71,0.0,0.0,0,0,-1,1.452,0,0,1,-1,-1,-1,1,1.41,0.0,0
1,1,0,0.547,0.45455,1,-0.556,1,0.09091,1,-0.073,1,0.0,0.652,-0.27273,1,-0.18182,1.214,0.09091,1.015,0.0,1,-0.538,1,0.125,1.011,-0.09091,0.859,-0.029,1,0.45455,0.75,-0.379,1.452,-0.18182
0,1,0.0,0.54,-0.63636,0.0,0,0.0,0.0,0.202,0.28788,0.501,0.266,-0.07576,0.531,0.544,0.381,-0.53788,0.32955,0.12121,-0.184,0.027,-0.53409,-0.57576,0.17803,0.29167,-0.334,0.324,-0.57576,0.43182,0.275,0.18182,-0.02273,0.17045,-0.41667
1,1,0.0,0.637,0.118,1,0.333,0.776,0.41176,0.601,0.05882,0.557,0.23529,0.638,0.118,1,0.47059,1,-0.058,0.678,-0.11765,0.529,0.45,1,0.41176,1,-0.11765,1.003,0.20225,1,0.05882,0.565,0.35294,1.247,0.23529
0,1,0.0,0,0,-1,-0.62766,0.593,0.51064,0.076,-0.23404,-1.475,-0.434,0.139,-0.59043,0.649,-1.211,0.0,0.0,0.967,-0.07979,-0.33,1,0.17021,-0.745,0.0,0,-0.19149,-0.311,-0.22340,-0.48936,0.811,0.90426,-0.67553,0.45745
1,1,0,0.91667,0.29167,0.83333,-0.193,1.038,0.25000,0.542,-0.08333,1.28,0.031,0.83333,0.155,0.70833,0.0,0.855,0.061,1.419,0.08333,0.708,-0.08333,0.84,0.16667,0.856,-0.161,0.83796,0.05503,1,0.20833,0.70833,0,0.707,0.053
0,1,0,0.19,-0.104,0,0.0,0.0,0,0,0.0,0.0,0.0,0.146,-0.19071,0,0.0,0,0,0,0,0.0,0.0,-0.05128,-0.045,0.07853,0.101,0.17308,-0.10897,0.12500,0.09615,0.014,-0.053,0.126,0.19551
1,1,0,1,-0.08183,1.21,-0.15,0.99246,-0.306,0.832,-0.184,0.96662,-0.413,0.85788,-0.584,1.12,-0.37,0.846,-0.851,0.655,-0.63544,0.82450,-0.78316,0.58829,-0.394,0.67033,-1.066,0.48757,-0.85669,0.35,-0.83893,0.175,-0.88846,0.29221,-0.89621
0,1,0,1,1.464,-1,0.567,-1.279,-1.229,0.34649,0.21053,0.46053,0.073,0.151,0.05702,0.35088,0.364,0.366,-0.045,0.22807,0.53070,0.0,0.0,-0.389,-0.16228,1,-0.662,1,-1,0.868,-0.24561,0.35088,0.264,0.82895,0.083
1,0.831,0,1.456,0.24077,0.99815,0.00369,1.189,-0.30133,0.89919,-0.226,0.70643,-0.24077,0.608,-0.402,0.8,-0.36078,0.47194,-0.47,0.40473,-0.55059,0.61041,-0.225,0.671,-0.427,0.135,-0.712,0.29208,-0.48390,0.073,-0.39143,0.131,-0.561,0.18353,-0.46603
0,0,0.0,-1,1.129,1,-1,0,0.0,0,0,1,-1,1.245,1,0.0,0.0,1.037,-1,0.0,0,0.0,0,1,1.095,-1.215,1.461,1,-0.866,-0.723,1.389,-1,-1,0.0,0
1,1,0,0.92247,-0.19448,0.96419,-0.144,0.918,-0.22602,0.96,-0.209,0.886,-0.28909,0.70302,-0.696,0.556,-0.64,0.236,-0.644,0.27070,-0.72109,0.582,-0.54172,0.481,-0.59691,0.14750,-0.63601,0.112,-0.573,-0.102,-0.54928,-0.01840,-0.54074,-0.07457,-0.253
0,1,0.0,-0.625,-1,-0.50694,1,1,-1.261,0.731,0.53819,0,0.0,0.197,-1.129,1.047,1,0,0,1,1,1.115,1.5,0.0,0,-1.066,1,0.235,-1,1,-1.206,0.718,-1.366,0.47569,1
1,0.6,0,0.506,0.43460,0.39,0.76160,0.09916,0.943,-0.37764,0.849,-0.746,0.61181,-0.741,0.188,-0.862,-0.206,-0.62869,-0.65612,-0.25105,-0.85654,0.16245,-0.86498,0.426,-0.66878,0.524,-0.228,0.77937,0.07933,0.846,0.42827,0.423,0.62447,-0.00422,0.778
0,1,0.0,0.569,1,0.0,0,1.449,-1.039,-1,-1,0.86,1,0.572,-1,0.0,0.0,1,-1,1,1,0.0,0,1,-1,-1.046,-0.618,1,1.141,-1.258,1,-1,0.504,0.0,0
1,0.88,0.0,1,0.63548,1,1,0.95,1,-0.33333,1,-0.881,0.736,0.0,0.818,-1,1,-1.021,0,-1,-0.537,-1.166,-0.92536,-1,-0.33333,-0.475,-1,0.19235,-1.407,1.259,-1,0.0,-1.207,0.927,-0.66667
0,0,0.0,-1.113,1.462,-1.462,-0.696,0,0.0,-1,0.698,0.812,-1,-1,-1,-1.388,0.871,0,0,-1,-1,-0.878,1.129,0,0.0,1,-1.331,1,1.278,1,-1.119,1,1,0,0
1,0.699,0,1,0.06843,0.792,0.14211,1.109,0.325,1.253,-0.12500,1,0.39495,1,0.48981,1,0.822,-0.395,1.496,1,0.0,1.074,0.834,1,1,0.82,1,0.726,1,1,0.25000,1.192,1.148,0.811,1
0,0,0,-0.91,-1.038,0,0.0,0,0,0.0,0.0,0,0.0,0,0,1.076,-1,0,0.0,-1,-1,0.0,0,0.553,1,0.743,-1,1.116,-0.601,0,0.0,0,0,0.0,0.0
1,1,0.0,0.64947,-0.109,0.58264,-0.205,-0.13129,-0.21384,0.29796,0.037,0.38096,-0.345,0.415,-0.367,0.03459,-0.256,0.20269,-0.384,0.15196,-0.29052,0.09513,-0.31525,0.07,-0.26795,0.022,-0.251,-0.00046,-0.299,-0.02612,-0.21129,-0.04717,-0.281,0.008,-0.328
0,1,0.0,0,0.0,0.0,0.0,0.0,0.0,0.0,0.0,1.284,-0.33333,0.16667,0.319,0,0,0,0.0,0,0,-0.19792,-0.195,-0.231,0.90625,-1,0.5,0.051,0.75000,-0.22917,-1,-0.12500,-0.264,-0.19792,-0.81
1,1.072,0.0,1.063,0.05149,0.99363,0.079,0.96142,0.178,0.95513,-0.26496,0.958,0.57,0.80426,0.25283,0.377,0.312,0.66775,0.418,0.736,0.24,0.52494,0.29200,0.422,0.28476,0.37,0.27226,0.32930,0.242,0.27381,0.23568,0.242,0.21378,0.18086,0.19083
0,0.729,0,0.87,-0.09524,-1.483,-0.681,-0.858,-1,1,0.341,0.81349,0.76190,-1,-0.549,-1.467,1.368,0.47364,1,1,1,0.68839,-1.08,-0.812,-1.384,1.049,0.36508,1,1.249,1,0.50794,-1.282,-0.32540,-0.838,0.72831
1,1,0,0.738,-0.00190,0.566,0.43204,0.785,-0.40129,0.657,0.16828,1.306,0.108,1.066,0.086,0.91586,0.072,0.84628,-0.155,0.87379,-0.14482,0.84871,0.197,0.75081,-0.038,0.84547,-0.02589,0.754,-0.02302,0.979,0.104,0.55,-0.10194,0.85841,-0.14725
0,1.022,0.0,1,-1,1.1,1,1,1.006,1,-0.579,1,0.56,1.289,0.581,1,1.318,0,0.0,1.343,1.252,1.41,1.103,1,-1,0.863,1,1,0.462,1,-0.75000,-0.75000,1,1,1
1,1,0.0,0.911,0.272,0.543,-0.78509,1.421,-0.10401,1.068,0.15414,0.963,0.27820,0.98120,-0.06861,1.471,0.064,0.95802,-0.18954,0.83584,-0.15633,0.97400,0.054,0.99624,0.124,1.168,-0.01253,1.336,-0.045,0.888,0.03885,1,-0.124,0.96523,-0.11717
0,1,0,0.385,-1,-1,-1.2,-0.089,1,1,0.856,0.74597,-0.38710,-1,-0.79313,-0.082,1,0.48684,0.262,0.31755,-0.27461,-0.187,-0.142,-0.171,0.038,0.022,0.06639,0.035,-0.007,-0.00403,-0.015,-0.005,0.001,0.00015,0.00325
1,1,0,0.79847,0.38265,0.80804,-0.16964,1,-0.07653,0.698,-0.07398,0.834,0.197,0.841,0.03,0.616,0.021,1.329,-0.114,0.95663,0.11,1.167,0.00191,0.90306,0.213,1,-0.14541,1,-0.00394,0.94,0.099,1,-0.23,0.63,-0.05740
0,0,0.0,0,0,0,0.0,0,0,0.0,0,0.0,0.0,1.12,1,1.113,1.058,0.728,-1,0.0,0.0,1,1,0.882,-1,1,1,0.704,0.0,0.961,0.666,1,-1,0,0
1,0.598,0,1,-0.28428,1,-0.3,1.363,-0.498,1.079,-0.30566,0.92736,-0.535,0.90818,-0.63,0.75723,-0.392,0.451,-0.58019,0.476,-0.57579,0.506,-0.676,0.564,-0.46,0.27,-0.73333,0.433,-0.76054,0.26352,-0.78239,0.16604,-0.73145,0.13994,-0.70000
0,1,0.0,0.0,0.0,0.0,0.0,0,0,-1.156,-1,0.0,0.0,1.284,-1,0.0,0,-0.986,-1,-1,-1,1,-1,-0.887,-1,0.965,1,-1.39,-0.20000,1,-1,0.0,1,0,0.0
1,1,0,1,0.09091,1.406,-0.09091,0.77273,0,0.898,0.0,0.95455,0,1,0.038,0.869,-0.04545,1.11,0,0.801,0,0.86364,0.086,0.499,0.09091,0.848,0.044,0.737,0.02897,0.798,0.075,0.86364,-0.09091,0.973,0.025
0,0,0,0.0,0,-1.138,1.166,1.368,1,-1,-1.116,0,0.0,-1,-1,-0.577,-0.163,-1,-1,0.851,-1.457,1.333,-1.034,0.0,0,1,-0.724,-1,-1,0,0.0,1,-1,0,0.0
1,0.991,0.0,0.91176,-0.08824,1.147,0.17647,0.82353,0.088,0.953,-0.025,0.721,-0.22,0.97059,0.142,1.021,0.04,1,0.0,1,0,0.76471,0.11765,0.727,0.02941,0.85294,0.032,0.92663,0.02600,0.86,-0.163,0.97059,0.05882,0.91176,0.05882
0,1,0,-1,1,-1,0.208,0.28354,0.667,-1.328,1,-1,-0.842,0.725,0.684,-0.625,-0.147,0.28301,-0.878,1,0.74,-0.283,-1,-1,-0.997,0.938,-1,-1,-0.03578,1,-1,-0.969,-0.388,0.14939,1.223
1,1,0,0.265,-0.10526,0.83781,0.024,1.099,0.02615,0.73,-0.044,0.68421,0.0,0.79856,0.05028,0.78315,0.035,0.84211,0.47368,0.596,0.05263,0.72550,0.07631,0.405,0.08141,0.285,0.21053,0.65419,0.095,0.52632,-0.21,0.472,0.127,0.51,0.076
0,1,0,-0.00641,-0.5,0.0,0,-0.01923,1.35,0.0,0,0,0,0.0,0.0,0.0,0,0.0,0,0.38,0.92949,-0.35256,0.74359,-0.422,-0.80769,0,0.0,-0.713,-0.581,0.0,0.0,0.0,0,0.0,0
1,1,0.0,0.647,0.428,0.775,0.558,0.81818,0.63636,1,-0.08,1.041,0.0,1.033,-0.45455,0.63636,0.27273,0.738,-0.877,1,-0.27273,0.539,-0.401,1,0.07750,1,-0.09091,1,0.06,1.436,0.36364,1,0.722,0.72727,0.27273
0,0,0,-0.781,-0.999,0.745,-1,-0.81,1,0,0,0.509,-1.067,0.901,-1,0.0,0.0,0,0,0,0.0,-1,1,0.735,-1,-0.808,1,0.963,1.103,0.0,0,1,0.5,0.0,0
1,1,0,0.507,0.128,0.83,0.085,0.27273,0.18182,0.63636,0,0.36364,-0.12,0.45455,-0.086,0.706,-0.014,0.696,-0.18182,0.471,0,0.344,-0.087,0.194,0.18182,0.455,-0.09091,0.34442,-0.01768,0.27273,0.0,0.349,0,0.28985,-0.01832
0,1,0,-1,-0.448,0.0,0.0,-1.39,0.954,-0.87097,0.591,0,0.0,0,0.0,0,0,0.0,0,0.0,0,-1,-1,0,0.0,0.29839,0.23387,1,0.52,0.0,0.0,0,0.0,0.0,0
1,1,0,1.431,0.096,1,0.71429,1.133,0.809,1,-0.178,1.283,-0.173,0.587,0.02534,0.886,0,0.42857,-0.193,1,0.03617,1,-0.35,1,0.0,0.28571,-0.28571,1,0.04891,1,0.061,1.022,0.497,1,0.0
0,0,0.0,0.529,1,1.003,-1,1,0.638,1,0.565,1.247,1,1,-1,1,0.678,0.776,-1,1,-1.003,1,0.601,1.274,1.414,1,-1,1,1.006,0.532,0.994,0.557,1,1,1
1,1.2,0.0,0.87032,0.512,0.521,0.82161,0.099,1.259,-0.252,0.87916,-0.73939,0.864,-0.92099,0.176,-0.535,-0.24942,-0.692,-0.63342,-0.142,-0.82881,0.18823,-0.78699,0.51557,-0.514,0.757,-0.366,0.5,0.10484,0.52798,0.39762,0.25974,0.56573,-0.06739,0.57552
0,0,0.0,1.465,-1,1.237,0.75,0.619,-1,1,1,1,-1,1,-1.161,1,-0.696,1,1.287,1,1.27,1.419,1.396,1,-1,1,1,1.028,0.998,1.12,1,1.462,1,1,-0.977
1,1,0,1.168,0.038,0.89266,0.15766,0.971,0.22,0.857,0.263,1.023,0.40198,0.474,0.40552,0.691,0.48360,0.60101,0.386,0.724,0.29,0.48435,0.373,0.505,0.55684,0.33340,0.55274,0.26978,0.728,0.22307,0.53448,0.14312,0.49124,0.122,0.46571
0,0,0.0,0.725,1.027,1,-1,0.556,-1.204,1,1.236,0.0,0,0.768,-1,0.0,0.0,0.0,0.0,0.0,0,-1,1,1,1.21,0,0.0,0.962,1,0,0,-1,-1,0,0
1,1,0.0,0.93537,0.077,1.372,0.25359,0.85705,0.38779,0.79039,0.47127,0.72352,0.631,0.68,0.498,0.441,0.73586,0.41629,0.82742,0.25539,0.85952,0.13712,0.85615,0.00494,1.16,-0.094,0.79780,-0.115,0.392,-0.434,0.747,-0.574,0.739,-0.471,0.55835
0,0.0,0.0,1,-1.308,-1,1,-1,1,1,1,1.481,0.837,-1,-1,-0.961,-1,0.768,1,0.574,-0.563,-1,-1,-1,-1.119,1,0.0,0.831,-1,1.094,-1,-0.573,1,-0.823,1.456
1,1,0.0,0.698,0.094,0.909,0.24323,0.64615,0.278,0.417,0.45577,0.44793,0.474,0.274,0.57308,0.25192,0.37115,0.083,0.51877,-0.09808,0.57500,-0.05,0.42885,-0.08856,0.244,-0.179,0.40006,-0.19940,0.425,-0.23832,0.365,-0.26634,0.248,-0.316,0.31154
0,0,0.0,1,-1,1.437,0.962,1.118,-0.633,1,0.877,1.403,-1,1.281,1,1,-1,1.198,-1.175,0.77,1,1,0.813,1,-1,1,-1,1,-1.055,1,0.91,1.421,-1,1.435,1
1,1,0.0,0.97467,0.092,1.412,0.20036,0.913,0.32248,1.074,0.365,0.85550,0.45217,0.4,0.659,0.575,0.58820,0.58548,0.701,0.48869,0.70398,0.44245,0.426,0.35289,0.75622,0.4,1.073,0.16813,0.78541,0.07497,1.099,-0.043,0.77702,-0.075,0.74242
0,0,0,0.0,0.0,0.79,0.601,0.0,0.0,1,1,0.0,0.0,1.121,-1.319,0,0,0,0,0,0.0,0,0,0,0,0.0,0,1,-0.828,0.0,0,-0.807,1,0.0,0
1,1.046,0,1.054,0.131,0.436,0.29757,0.411,0.203,0.70588,0.824,0.57449,0.62719,0.425,0.74676,0.31705,0.67697,0.19128,0.76818,0.049,0.626,-0.069,0.76969,-0.106,0.71327,-0.252,0.65708,-0.488,0.58553,-0.46799,0.59,-0.53146,0.252,-0.56231,0.35095
0,0.0,0,0,0.0,1.021,1.259,1,0.595,0,0,0,0.0,-1,-1,0,0.0,-1,-1,0,0.0,0,0.0,0.736,0.88,0,0.0,1,1.407,0,0.0,-0.806,1,0,0.0
1,1.462,0.0,0.88804,0.474,0.878,0.784,0.373,0.978,-0.059,0.90135,-0.579,0.653,-0.562,0.56502,-0.578,0.326,-0.78940,-0.08205,-0.62780,-0.30942,-0.46637,-0.388,-0.16449,-0.64338,0.052,-0.61055,0.30406,-0.542,0.43227,-0.29838,0.47029,-0.09461,0.42152,0.12556
0,0,0.0,1,-1.393,1,0.811,1,1.109,1.253,1,1,1.148,0.906,-1,1,1,1.496,1,1,-1.074,1,-1,0.792,-0.82,1,-1.192,0.699,1,1.468,-1.197,1,1.053,1,1
1,1,0,0.791,-0.38293,0.80151,0.076,0.436,0.224,0.55580,0.05252,0.91,0.21225,1.05,0.28954,0.68798,0.32925,0.285,0.17287,0.64333,-0.03,0.598,0.55,0.53120,0.44872,0.74,0.57549,0.324,0.48200,0.12473,1.109,0.391,0.49721,0.184,0.475
0,0.0,0,0,0.0,0.0,0.0,0,0.0,0,0,0,0,0.0,0.0,0.0,0,0,0,0,0.0,0.0,0.0,0.0,0,0.0,0,1,1.146,0,0,0.0,0,0.0,0
1,0.864,0,0.94649,0.006,0.867,-0.00260,0.774,0.004,0.653,0.01598,0.94054,0.026,1.248,0.04719,0.98625,0.01858,1.154,0.07,0.98551,-0.009,1.457,0.04980,0.96358,0.056,0.93274,0.08101,1.32,0.04356,0.97473,0.008,0.74,0.07061,1,-0.00260
0,0.0,0,0.763,1,-1.141,-1.072,-1.08,-1,0,0,0,0.0,-0.512,-1.205,0,0,0.0,0.0,0,0,-1.043,0.818,1,1,0.0,0,1,-1,0,0,-0.948,-0.925,-1.452,-1
1,1,0.0,0.74,-0.16900,0.71442,0.019,0.71063,0.02258,0.873,0.019,0.34615,0.05594,0.69050,0.06,0.68101,0.054,0.562,0.046,0.462,-0.041,0.64503,0.095,0.681,0.07381,0.461,0.18065,0.514,0.08304,0.484,0.06760,0.56466,0.09046,0.54632,0.09346
0,1,0.0,0.68729,1,0.91973,-0.76087,0.81773,0.04348,0.535,0.084,1.036,0.761,0.596,0.181,0.812,0.13712,1.323,-0.25084,0.499,0.18729,0.64883,0.24582,0.60201,0.77425,0.753,-0.6,0.89262,0.192,0.71070,0.329,1,-0.089,0.56522,0.251
1,1,0.0,0.76296,-0.07778,1,-0.418,0.69,-1.13,1.031,0.071,0.337,-0.42778,1.1,-0.12581,1,-1.121,0.49259,0.01852,0.82222,-0.061,0.98215,-0.19938,1.006,0.276,0.69630,-0.26481,1.017,-0.24549,0.681,0.02037,0.87492,-0.152,0.567,-0.57037
0,1,0,0.38521,0.084,0.44,0.071,0.26459,0.346,0.23346,0.121,0.189,0.25292,0.221,0.36965,0.08949,0.22957,-0.03891,0.36,0.059,0.294,0.24903,0.095,0.105,0.426,-0.013,0.28482,-0.06024,0.26256,-0.14786,0.14786,-0.09339,0.458,-0.265,0.28794
1,1,0,0.324,-0.03175,0.75198,-0.05357,0.61508,-0.007,0.38,0.048,0.379,0.055,0.59127,-0.02381,0.62698,0.012,0.925,0.02579,0.63,0.014,0.499,-0.02778,0.59127,0.03770,0.5,0.03968,0.542,-0.014,0.61706,-0.13492,0.826,-0.01389,0.459,-0.027
0,1.167,0.0,0.091,-0.15271,-0.031,0.051,0.08374,-0.02463,-0.01478,0.133,0.06404,0,0.12315,-0.14,0.037,0.0,0.024,-0.02956,-0.12808,-0.20690,0.06897,0.012,0.092,0.02956,0.075,0.202,0.28079,-0.04926,-0.05,-0.059,0.04433,0.05419,0.07389,-0.10837
1,1,0,0.61857,0.104,0.444,-0.083,0.70358,0.012,0.655,0.00224,0.751,0.15772,0.71588,-0.003,0.806,0.06600,0.83669,-0.16555,0.68680,-0.09060,0.506,-0.01342,0.444,0.131,0.71253,-0.09508,0.782,-0.015,0.63311,0.043,0.78859,-0.034,0.577,-0.04698
0,0.952,0,0.359,0.35949,0,0.0,-0.29620,-1,0,0,0.07595,-0.04,0.0,0,0,0,0.0,0.0,0.0,0.0,0.00759,0.68101,-0.20000,0.33671,-0.107,0.509,0.066,-1,0,0.0,0.042,-1,0.0,0.0
1,1,0,1.131,-0.008,0.964,-0.02465,0.94105,-0.027,0.89175,-0.12755,0.81,-0.10932,0.88853,0.01179,0.639,-0.14,0.87138,-0.063,0.90782,-0.02358,0.87996,-0.172,0.757,-0.12433,1.226,-0.115,0.454,-0.14903,0.521,-0.12862,0.984,-0.258,0.91747,-0.16827
0,1,0.0,0.629,-0.5,0.0,0.0,0,0,0.46458,0.51042,0.58958,0.02083,0.0,0,0.0,0,0.136,-0.45417,0.566,-0.171,0.0,0,0,0,0.939,-0.367,-0.975,-1,-0.235,-1.015,0,0.0,0,0
1,1,0.0,0.88853,0.022,0.92007,0.01,0.787,0.01359,0.89179,-0.10223,0.90103,-0.08428,0.674,-0.01033,1.312,-0.098,0.889,-0.05057,0.89451,-0.04024,0.51,-0.141,1.295,-0.11909,0.82980,-0.14138,0.984,-0.062,1.17,-0.13051,0.83524,-0.139,0.86786,-0.095
0,1,0,0,0,1.085,0.154,0.677,-0.024,0.0,0.0,1.046,-0.458,1,0.19556,1,-0.066,0.965,-0.699,0.0,0.0,1,-0.04000,1,-0.18667,0,0,1,-1,0,0,1,0.087,1.259,-0.096
1,0.725,0,0.761,0.03714,0.85143,-0.00143,0.713,0.009,0.79571,-0.04286,0.549,0,0.85571,-0.06714,0.759,0.004,0.82857,-0.05429,0.785,-0.11857,0.513,-0.08429,1.152,-0.031,0.526,-0.082,0.604,-0.08669,0.82571,-0.10429,0.686,-0.05000,0.82143,-0.151
0,1,0,0,0.0,0.0,0.0,0,0,0.0,0.0,0,0,-0.78,1,0.842,0.433,0.0,0,0.0,0.0,0,0,0.0,0.0,0,0,0.559,0.608,0,0,0,0.0,0,0
1,1,0,0.43,0.01818,0.43117,-0.134,0.574,-0.04156,0.50130,0.09610,0.54,0.05974,0.701,-0.11948,0.599,-0.052,0.347,-0.048,0.46,-0.01039,0.48571,-0.046,0.598,-0.01039,0.366,0,0.53215,-0.045,0.505,0.03377,0.54545,-0.05455,0.58961,-0.116
0,0.0,0,0,0,0.0,0.0,0.0,0.0,0.0,0,0.0,0,0,0,0.0,0.0,0.0,0,0.0,0,0.0,0.0,0,0.0,0,0,1.041,-1,0,0.0,0,0,0,0
1,1,0,1,0.482,1,0.25000,0.311,1,0.16851,0.67,-0.12,0.80454,-0.34107,0.898,-0.354,0.37856,-0.43663,0.167,-0.36676,0.00678,-0.26477,-0.067,-0.16178,-0.084,-0.07782,-0.065,-0.022,-0.083,0.01033,-0.07036,0.017,-0.046,0.032,-0.014
0,1,0,0.0,0,0.0,0.0,1.073,0.959,-0.931,-1.304,0,0.0,1,-0.115,0,0.0,0,0.0,-1.093,1,0.711,1,1,-1.452,0,0.0,1,-1,0,0,0.0,0,1,1
1,1,0,0.87048,0.38027,0.64099,0.69212,0.316,0.86625,-0.054,0.90740,-0.42173,0.79346,-0.70561,0.282,-0.81049,0.276,-0.81136,-0.108,-0.998,-0.38102,-0.287,-0.646,-0.13013,-0.461,0.15552,-0.671,0.38544,-0.717,0.643,-0.177,0.817,-0.06,0.51460,0.134
0,1,0.0,0,0.0,0.0,0,0.0,0,-1.133,1,0,0.0,0.674,0.465,-0.12000,-0.147,0,0.0,-0.587,-1,0,0,1,-1,0,0.0,1.213,0.22667,0,0.0,0,0.0,0,0.0
1,1,0.0,0.499,0.436,0.59573,0.969,0.153,0.948,-0.24103,0.92544,-0.62526,0.454,-0.481,0.33652,-0.626,-0.034,-0.77356,-0.44707,-0.466,-0.39,-0.10237,-0.82217,0.26384,-0.77570,0.563,-0.791,0.72147,-0.24433,0.72478,0.09599,0.741,0.38915,0.209,0.57656
1,1,0,0.32834,0.029,0.15236,0.21278,0.181,0.806,-0.25706,1.369,-0.10312,0.126,-0.61352,0.25786,-0.558,-0.05409,-0.13117,-0.104,-0.30315,-0.47,-0.102,-1.028,0.02668,-0.249,0.267,-0.083,0.326,-0.11876,0.408,-0.076,0.15078,0.13296,0.12197,0.20468
1,1,0,1.06,0.39121,0.54040,0.589,0.12326,0.622,-0.353,0.83578,-0.70086,0.59564,-1.209,0.21909,-0.84442,-0.248,-0.596,-0.907,-0.19354,-0.87787,0.077,-0.87,0.51109,-0.896,1.019,-0.394,0.83008,0.127,0.746,0.49079,0.436,0.70011,-0.03983,0.79444
1,1,0.0,0.448,-0.044,0.59085,0.00481,0.336,-0.07461,0.393,0.00963,0.62455,-0.07461,0.909,0.066,0.645,-0.08424,0.67509,0.102,0.67148,0.0,0.58965,0.136,0.635,0.03129,0.65945,0.146,0.60463,0.02019,0.58,0.04452,0.61733,-0.01,0.61372,-0.068
1,1,0,0.971,-0.02390,0.94,0.03309,0.72243,0.16912,0.79228,0.07721,0.981,0.422,0.49,0.005,0.513,0.21691,1,0.067,0.61029,0.027,0.693,0.04228,0.52022,-0.309,0.883,-0.15809,0.343,0.087,0.284,0.08640,0.55916,0.086,0.60294,0.21691
1,1,0.0,0.61538,0.18923,0.78157,0.026,0.77486,0.02647,0.369,-0.154,0.77538,0.08000,0.405,0.053,0.364,0.05776,0.596,-0.08923,0.61692,0.162,0.66233,0.07573,0.63878,0.08041,0.60154,-0.07231,0.58803,0.112,0.632,0.27,0.558,0.121,0.66,0.062
1,1,0,0.68317,0.05375,1.256,0.00202,0.84341,0.002,1.064,0.09901,0.75813,0.04102,0.81892,0.008,0.80738,0.00673,1.06,-0.071,0.77935,-0.039,0.76365,0.013,0.74635,0.00978,0.448,-0.033,0.926,0.009,0.696,0.11598,0.548,0.011,0.535,0.01227
1,1,0,0.5,0,0.562,0.10435,0.27,0.071,0.339,-0.03913,0.444,-0.142,0.474,0.059,0.50435,0.027,0.495,0.19565,0.616,0.14783,0.512,-0.014,0.426,-0.11304,0.567,-0.00870,0.362,0.06908,0.38696,0.03913,0.35217,0.14783,0.44783,0.17391
1,0.962,0,0.79830,0.111,0.824,0.188,0.858,0.28068,0.69320,0.41252,0.946,0.50122,0.647,0.853,0.312,0.58445,0.257,0.67861,0.156,0.63548,0.138,0.968,0.026,0.72236,-0.08748,0.63183,-0.11925,0.60696,-0.18226,0.491,-0.25516,0.51701,-0.222,0.42467
1,1,0,1,0.118,1.261,0.376,0.615,0.33044,0.80365,0.53020,0.74977,0.496,0.56937,0.754,0.55311,1.012,0.439,0.82193,0.21137,0.79777,0.054,0.916,-0.01734,0.562,-0.156,0.75596,-0.22839,0.69187,-0.31713,0.891,-0.40291,0.615,-0.313,0.627
1,0.699,0,0.89410,0.151,0.865,0.31543,0.764,0.43388,0.381,0.605,0.54003,0.573,0.39699,1.025,0.24266,0.79523,0.09134,0.79598,-0.09159,0.76261,-0.158,0.69,-0.251,0.62610,-0.535,0.486,-0.46215,0.322,-0.302,0.27252,-0.52823,0.19172,-0.386,0.05972
1,1,0.0,0.523,0.17498,0.90946,0.325,1.07,0.411,0.766,0.361,0.59215,0.422,0.48698,1.212,0.30459,1.035,0.17959,0.977,-0.00701,0.93109,-0.18880,0.89383,-0.33023,0.82492,-0.265,0.76482,-0.497,0.66335,-0.67929,0.265,-0.648,0.263,-0.81210,0.26092
1,0.595,0.0,1.107,0.18198,0.86090,0.35543,0.72873,0.45747,0.60425,0.69865,0.371,0.74922,0.36100,0.72,0.193,0.83558,0.004,1.215,-0.144,1.063,-0.453,0.76193,-0.43087,0.535,-0.542,0.434,-0.60328,0.40972,-0.64511,0.27338,-0.925,0.13667,-0.64056,0.063
1,1.129,0.0,1.02,0.21106,0.63935,0.265,0.586,0.457,0.15000,0.22273,0.153,0.871,-0.086,0.44545,0.0,0.48636,-0.27491,0.369,-0.56136,0.36818,-0.36591,0.132,-0.40533,0.07588,-0.38483,-0.018,-0.33942,-0.182,-0.27540,-0.274,-0.19962,-0.24648,-0.11894,-0.221
1,1.148,0,0.633,-0.60927,0.85430,0.402,1.13,0.109,0.56623,0.16225,0.32781,0.24172,0.50331,0.12252,0.63907,0.19868,0.589,0.299,0.647,0.13907,0.65232,0.27815,0.68874,0.091,0.47,0.26653,0.543,0.27687,0.366,0.232,0.638,0.351,0.43,0.29942
1,1,0,1.459,0.11385,0.388,-0.12144,0.81594,0.09677,0.739,0.01139,0.322,-0.084,0.69070,0.114,0.459,0.03985,0.53131,-0.025,0.69450,0.187,0.94,0.053,0.32068,0.061,0.53321,0.225,0.468,0.263,0.15180,0.32448,0.492,0.18897,0.56167,0.15180
1,1.146,0,0.84843,0.101,0.971,-0.024,0.77031,-0.024,0.66725,-0.06620,0.805,-0.07666,0.67260,-0.08,0.64260,-0.06438,0.332,0.059,0.71254,0.01394,0.56,-0.105,0.53430,-0.07,0.47038,-0.327,0.695,-0.09128,0.678,-0.049,0.44277,-0.09621,0.42223,-0.09808
1,1,0,0.682,0.078,0.96775,-0.006,0.757,-0.00722,0.87980,-0.03923,0.864,0.017,0.96186,-0.01436,0.95947,-0.01671,0.697,0.01002,0.91152,-0.08848,0.95016,-0.02364,0.94636,-0.039,1.089,0.016,0.677,-0.042,0.979,-0.071,0.92774,-0.026,0.92226,-0.033
1,1,0,0.245,-0.133,0.621,-0.12371,0.845,-0.307,0.559,0.07216,0.3,-0.21649,0.721,0.167,0.49,-0.11,0.4,0.06186,0.5,-0.27320,0.54639,0.176,0.42268,0.102,0.70619,0.19588,0.53396,-0.12447,0.15464,-0.279,0.388,0.04124,0.45361,-0.51546
1,1,0.0,0.63510,-0.056,0.822,0.02968,0.499,0.302,0.65358,-0.00462,0.64203,0.08314,0.79446,-0.43418,0.72517,0.302,0.754,0.203,0.942,0.16,0.63279,-0.25404,0.70951,0.15359,0.64665,0.198,0.598,0.121,0.61663,0.082,0.66316,0.271,0.863,0.36721
1,1,0,0.50112,-0.038,0.61124,0.019,0.58876,0.012,0.58876,0.026,0.567,-0.00449,0.754,-0.047,0.467,0.006,0.638,0.02472,0.559,-0.045,0.56854,0.14157,0.57528,-0.033,0.556,0.037,0.56588,0.00824,0.47640,-0.03596,0.54607,0.10562,0.60674,-0.11
1,1,0.0,0.96,-0.00647,0.66667,-0.04207,0.366,-0.073,1.005,0.089,0.743,0.09709,0.64725,0.15858,0.754,-0.01942,0.305,-0.031,0.543,-0.10032,0.64725,0.15,0.39159,0.286,0.52427,-0.05502,0.45105,0.00040,0.31392,-0.05,0.425,-0.10680,0.311,-0.05178
1,1,0,0.728,0.122,0.77037,0.03457,0.878,0.08148,0.592,-0.00494,0.79012,0.114,0.59753,0.04938,0.569,0.087,0.78272,-0.171,0.862,-0.10864,0.48642,0.00988,0.60988,0.044,0.947,-0.184,0.622,-0.036,0.76543,0.031,0.332,-0.07160,0.51358,-0.04691
1,0.901,0,0.342,-0.02712,0.566,0.042,0.468,-0.027,0.281,0.03729,0.70508,-0.094,0.319,-0.029,0.53220,0.07797,0.64068,0.11864,0.56949,-0.02373,0.556,0.00678,0.71525,-0.03390,0.52881,-0.035,0.57262,0.00750,0.766,-0.00339,0.433,-0.019,0.584,0.06780
1,1,0.0,0.49515,0.09709,0.29612,0.05825,0.34951,0,0.36,-0.03,0.414,0.02,0.33495,0.064,0.656,0.00485,0.47087,-0.10680,0.43204,0.00485,0.34951,0.05825,0.165,0.25728,0.31068,-0.095,0.519,0.036,0.559,0.214,0.181,0.0,0.436,-0.01942
1,1,0,0.98822,0.016,1.359,0.34100,0.83904,0.35222,0.718,0.548,0.73584,0.51879,0.583,0.60179,0.43130,0.441,0.2,0.70443,0.316,0.68873,0.066,0.73696,0.045,0.71284,-0.148,0.564,-0.16556,0.60510,-0.147,0.492,-0.351,0.532,-0.33483,0.37465
1,0.598,0,0.97905,0.15810,0.90112,0.281,0.82039,0.314,0.774,0.432,0.717,0.73743,0.40349,0.906,0.25140,1.204,0.068,0.45,-0.116,0.79749,-0.26180,0.80754,-0.37835,0.71676,-0.377,0.32,-0.596,0.46040,-0.61899,0.30796,-0.65754,0.262,-0.76,0.02968
1,1,0,0.99701,0.21677,0.91966,0.242,0.76902,0.868,0.628,0.78120,0.36774,0.88291,0.10107,0.821,-0.048,1.214,-0.315,0.742,-0.43707,0.381,-0.55769,0.493,-0.594,0.35534,-0.624,0.171,-0.66651,0.02277,-0.64872,-0.08,-0.701,-0.22949,-0.697,-0.35032
1,1,0.0,0.94331,0.19959,1.067,0.40803,0.751,0.637,0.56687,0.69,0.4,0.83230,0.14939,0.89489,0.076,0.604,-0.198,0.83939,-0.345,0.75554,-0.50251,0.62563,-0.548,0.50428,-0.68851,0.415,-0.65,0.14,-0.625,-0.04399,-0.418,-0.17921,-0.66932,-0.34367
1,1,0.0,1.049,0.373,1.101,0.52821,0.775,0.756,0.34961,0.80511,0.10797,0.996,-0.20015,0.76,-0.39730,0.82163,-0.307,0.916,-0.76305,0.569,-0.469,0.18888,-0.81317,-0.049,-0.75273,-0.195,-0.63237,-0.34,-0.46422,-0.61446,-0.26389,-0.70835,-0.08937,-0.831
1,1.181,0.0,0.9,0.35157,0.67333,0.62233,0.43898,0.94353,-0.03643,0.80510,-0.22838,0.747,-0.207,0.48816,-0.57377,0.297,-0.496,0.10591,-0.47359,-0.077,-0.81056,-0.06011,-0.33197,-0.47592,-0.139,-0.459,0.055,-0.563,0.235,-0.397,0.36586,-0.359,0.594,0.13297
1,1,0.0,0.29073,0.10025,0.156,0.167,0.05,0.249,0.12030,0.26316,0.077,0.21303,-0.04725,0.087,-0.06333,0.07907,-0.047,0.04097,-0.05431,0.013,-0.04166,-0.00280,-0.02876,-0.01,-0.011,-0.009,-0.00886,-0.012,-0.00280,-0.012,0.001,-0.011,0.00290,-0.00647
1,1,0,0.58459,-0.35526,1.345,0.215,0.75376,-0.003,0.82519,0.19361,0.446,-0.365,0.881,0.064,0.69737,0.115,0.772,-0.42669,0.426,0.038,0.66917,0.20489,0.488,-0.40977,0.64850,-0.04699,0.442,-0.082,0.52820,-0.13346,0.105,-0.129,0.44767,-0.10309
1,1,0,1.011,0.107,0.72171,0.06059,0.895,0.097,0.322,0.12961,0.628,0.20330,0.49418,0.083,0.44747,0.13507,0.403,0.025,0.4,0.192,0.32835,0.183,0.182,0.14638,0.26436,0.165,0.274,0.2,0.26429,0.16137,0.18767,0.13632,0.16655,0.13198
1,1,0.0,1.351,0.11933,0.85738,0.008,0.85124,0.011,0.498,-0.003,0.84459,0.10916,0.734,0.03027,0.861,0.048,0.74838,0.01943,0.80019,0.028,0.80862,0.04901,0.91,0.05,0.77336,0.02220,0.697,0.079,0.85939,0.063,0.77863,0.07090,1.039,0.07508
1,1,0.0,0.87111,0.04326,1.149,0.119,0.99009,0.218,0.699,-0.08337,0.603,-0.02,0.90446,-0.196,0.806,0.19964,0.88644,-0.038,1.248,-0.005,0.97882,-0.34024,0.842,-0.203,0.86661,-0.09193,1.069,-0.02908,0.869,-0.04101,0.75935,0.21812,0.88238,0.09193
1,1,0,0.74916,0.02549,1.197,0.107,0.787,0.12877,0.74313,-0.09188,0.95842,0.018,1.422,-0.004,1.355,0.10195,0.878,0.035,0.935,0.02683,0.81221,-0.105,0.944,0,0.71764,-0.012,0.82271,0.027,0.72435,-0.013,0.90409,0.123,0.72837,0.02750
1,1,0,0.7,0.19527,0.06213,-0.158,0.406,0.01006,0.45562,-0.04438,0.56509,0.018,0.44675,0.27515,1.04,-0.031,0.55621,0.173,0.571,0.11538,0.52767,0.02842,0.626,-0.10651,0.483,-0.014,0.349,0.03259,0.293,0.25148,0.388,-0.149,0.34615,-0.003
1,1,0.0,0.857,0.13,0.879,-0.189,0.965,-0.13936,0.80979,0.02448,0.50471,0.02825,0.67420,-0.04520,0.545,-0.156,0.635,-0.24482,0.81544,-0.174,0.718,-0.00377,0.33333,0.06215,0.56121,-0.288,0.92,-0.197,0.52731,-0.02072,0.53861,-0.31262,0.395,-0.27
1,0.638,0,0.84713,-0.03397,0.867,-0.08493,0.81953,0,0.469,-0.097,0.71975,-0.169,0.74947,-0.165,0.77495,-0.145,0.776,-0.21231,0.61996,-0.10191,0.79193,-0.094,0.89384,-0.03397,0.48,-0.139,0.74115,-0.235,0.66242,-0.22293,0.728,-0.21,0.446,-0.131
1,1,0.0,0.87772,-0.08152,0.83424,0.07337,1.25,0.024,0.512,-0.016,0.77174,-0.055,0.82337,-0.10598,0.67935,-0.006,0.959,-0.276,0.83424,0.03261,0.86413,-0.07,0.97283,-0.27989,0.896,-0.122,0.83705,-0.091,1.04,-0.039,0.78533,-0.104,0.79076,-0.00543
1,1,0.0,0.74704,-0.136,0.403,0.241,0.72727,0.093,0.779,-0.11067,0.86,-0.23518,0.612,-0.28,0.73715,0.058,0.39,-0.004,0.63636,-0.11858,0.791,-0.321,0.66403,-0.355,0.67194,-0.10474,0.61847,-0.12041,0.60079,-0.20949,0.37549,0.06917,0.61067,-0.016
1,1,0,0.46785,0.11308,0.744,0.00665,0.568,0.06874,0.507,-0.096,0.55,0.01,0.63858,-0.101,0.67849,-0.03326,0.732,-0.15,0.52993,-0.04656,0.357,-0.19512,0.50776,-0.13525,0.382,-0.20177,0.684,-0.129,0.59867,-0.02882,0.636,-0.159,0.313,-0.04435
1,1,0.0,0.88116,0.34,0.72125,0.42881,0.61559,0.654,0.38825,0.90502,0.091,0.96128,-0.222,0.685,-0.35737,1.029,-0.626,0.753,-0.949,0.555,-0.681,0.221,-0.83943,-0.08079,-0.436,-0.26356,-0.67557,-0.45511,-0.54732,-0.321,-0.30512,-0.66700,-0.14,-0.75597
1,1,0,1.364,0.29282,0.79917,0.484,0.627,0.746,0.26203,0.466,0.025,0.549,-0.23237,0.95130,-0.732,0.81018,-0.937,0.62385,-1.187,0.24,-0.92254,0.06040,-1.395,-0.19838,-0.83192,-0.46906,-0.647,-0.69556,-0.434,-0.85725,-0.156,-0.93953,0.128,-0.94823
1,1,0.0,0.507,0.401,0.563,0.57816,0.34109,0.58527,0.064,0.573,-0.09238,0.885,-0.513,0.71996,-0.69767,0.32558,-0.81422,0.41195,-1.365,-0.006,-0.445,-0.342,-0.76901,-0.45478,-0.57242,-0.67605,-0.31610,-1.033,-0.02979,-1.142,0.25392,-0.898,0.003,-0.81686
1,0.866,0.0,1.014,0.28993,0.69256,0.47702,0.49234,0.818,0.248,0.86761,-0.08096,0.85011,-0.443,0.793,-0.732,0.854,-0.386,0.31291,-0.75821,0.041,-0.71225,-0.084,-0.58315,-0.39168,-0.37199,-0.52954,-0.16950,-0.60863,0.112,-0.61488,0.25164,-0.531,0.293,-0.437
1,1,0,0.98,0.255,0.76168,0.62349,0.49305,0.84266,0.259,0.774,-0.164,0.96167,-0.47202,0.83590,-0.791,0.65490,-0.87474,0.36750,-0.883,0.08,-1.15,-0.26173,-1.038,-0.492,-0.50757,-0.74735,-0.22323,-1.236,0.112,-0.87159,0.36021,-0.494,0.314,-0.529
1,1,0,0.83367,0.43,0.65541,0.57671,0.246,1.06,0.17293,0.891,-0.18976,1.125,-0.465,0.684,-0.427,0.698,-0.413,0.19492,-0.72180,-0.062,-0.62030,-0.28195,-0.404,-0.645,-0.26577,-0.483,-0.01530,-0.69706,0.22708,-0.64428,0.451,-0.51206,0.64662,-0.448
1,1,0,0.98455,-0.02736,0.98058,-0.032,0.6,-0.077,1.018,0.016,0.95278,-0.035,0.98500,-0.07458,0.597,-0.07149,0.786,-0.09532,0.937,-0.12224,0.987,-0.041,0.95278,-0.08914,0.97352,-0.066,0.96653,-0.09,0.93469,-0.14916,0.97132,-0.131,0.937,-0.248
1,1,0,0.94052,-0.017,0.94170,0.01001,0.94994,-0.008,1.39,-0.013,0.99,-0.03,0.97173,-0.01767,0.555,-0.046,0.54,-0.04064,0.95230,-0.024,0.583,-0.02179,0.964,-0.025,0.92049,-0.04476,0.92695,-0.05,0.90342,-0.073,0.91991,-0.07244,0.781,-0.07420
1,1,0.0,0.97032,-0.14384,0.847,-0.00228,0.711,-0.102,0.98630,0.18265,0.91781,0.00228,0.93607,-0.08447,0.91324,-0.002,1.069,-0.105,1.131,-0.21233,1,0.10274,1.295,-0.054,0.813,0.098,0.758,-0.09252,0.97032,-0.274,0.85388,-0.109,1.035,-0.21918
1,1,0,0.636,-0.03390,0.833,0.08475,0.52542,-0.16949,0.341,-0.021,0.744,-0.13559,0.561,0.28814,0.83051,-0.35593,0.613,0.009,0.55932,0.03390,0.867,0.406,0.86441,0.071,0.40678,0.15254,0.67287,-0.003,0.845,-0.03390,0.58,-0.15254,0.62,-0.071
1,1,0,0.397,-0.25000,0.44444,0.22222,0.38889,0.137,0.479,0.13889,0.599,-0.117,0.384,-0.061,0.647,0.33333,0.55556,0.039,0.367,-0.244,0.47222,-0.05556,0.52778,-0.023,0.38889,0.125,0.41543,-0.113,0.19444,-0.13889,0.36924,-0.134,0.08333,-0.537
1,1.465,0.0,0.747,0.743,1.042,0.421,0.71178,0.80833,0.253,0.46427,0.33081,1,0.21249,1,-0.17416,1,-0.33081,0.98722,-0.61382,1.294,-0.479,0.795,-0.532,0.351,-0.573,0.35175,-0.954,0.09569,-1.116,-0.16713,-1,-0.454,-0.91903,-0.65557
1,1,0.0,1.084,0.49638,0.83550,0.753,0.54916,1.029,0.254,0.70792,0.2,0.94749,-0.09818,0.93778,-0.37604,0.82223,-0.52742,0.917,-0.68358,0.67989,-0.582,0.24956,-0.907,0.039,-1.338,-0.31,-0.403,-0.32792,-0.535,-0.19185,-0.445,-0.728,-0.19609,-0.62956
1,1,0.0,0.593,0.31,0.883,0.58385,0.45625,0.78115,0.124,0.82732,-0.127,1.058,-0.315,0.78497,-0.763,0.52070,-0.699,0.26529,-1.252,0.03928,-0.536,-0.348,-0.657,-0.383,-0.37298,-0.67796,-0.05054,-0.62691,0.14690,-0.45911,0.37093,-0.307,0.48319,-0.24313
1,1,0.0,0.93658,0.35107,0.75254,0.953,0.45571,1.068,0.15323,0.908,-0.235,1.189,-0.523,0.83397,-0.78751,0.443,-0.476,0.26020,-0.995,-0.052,-0.907,-0.40949,-0.65079,-0.67464,-0.348,-0.84951,-0.04578,-0.91221,0.398,-0.673,0.626,-0.69613,0.74828,-0.44173
1,1,0.0,0.92436,0.396,0.49,0.595,0.29303,0.686,-0.11108,0.76527,-0.438,0.508,-0.843,0.78766,-0.92145,0.42314,-1.384,0.09585,-1,0.034,-0.66431,-0.66278,-0.46010,-0.655,-0.13486,-0.756,0.247,-1.165,0.48904,-0.70247,0.567,-0.46048,0.975,-0.13194
1,1,0.0,1.032,0.16195,0.994,-0.05558,1.113,0.01373,1,-0.13,0.931,-0.01511,1,-0.01731,0.753,-0.06374,1,-0.101,1,0.047,1.358,-0.121,0.864,-0.02685,1,-0.22978,0.703,-0.06823,1,0.059,1,-0.152,0.85,-0.07439
1,1,0,0.95559,-0.00155,1.001,-0.13244,0.532,-0.005,0.612,-0.51171,1.303,0.089,1,-0.14247,0.99264,-0.034,1.2,-0.156,0.924,0.796,0.567,-0.16321,0.87492,-0.049,0.85741,-0.01664,0.581,-0.023,0.91,-0.01867,0.80634,-0.01957,0.78761,-0.02039
1,1,0.0,0.79378,0.397,0.64064,0.52312,0.224,0.68158,0.14177,0.83548,-0.09,1.119,-0.458,0.705,-0.841,0.41471,-0.734,0.16755,-0.69977,-0.09856,-0.57695,-0.23503,-0.40637,-0.349,-0.206,-0.506,0.022,-0.569,0.19030,-0.38059,0.301,-0.23199,0.312,-0.08036
1,1,0,0.496,0.35232,0.796,0.478,0.364,0.79784,0.076,0.90842,-0.183,1.038,-0.62635,0.69590,-0.805,0.219,-0.85803,0.071,-0.81641,-0.342,-0.64579,-0.50022,-0.28,-0.68337,-0.061,-0.75533,0.174,-0.71504,0.36,-0.57649,0.56626,-0.331,0.62765,-0.13305
1,0.63,0.0,0.853,0.39286,0.471,0.605,0.29521,0.90824,-0.059,0.94415,-0.287,0.84605,-0.77660,0.58511,-0.92819,0.357,-0.92282,-0.15315,-0.525,-0.48404,-0.633,-0.76197,-0.13,-0.88591,0.21581,-0.85703,0.53229,-0.68593,1.065,-0.483,1.105,-0.088,0.897,0.27926
1,1,0,0.904,-0.24051,0.809,-0.135,0.883,-0.064,0.88608,0.01266,1,0.137,0.92405,0.06329,1.238,-0.03797,0.705,-0.388,0.87342,-0.012,0.66,0.06329,1,0.25316,0.451,-0.335,0.84637,-0.05540,1,-0.06329,0.47,0.023,0.83544,-0.028
1,1,0,0.74790,0.00840,0.83312,0.01,0.55,0.02469,0.86555,0.013,0.576,0.031,0.862,0.04731,1.105,0.058,0.918,0.19328,0.84034,0.031,0.71285,0.046,0.377,0.07577,0.687,0.121,0.63728,0.098,0.61345,0.01681,0.58187,0.107,0.55330,0.08891
1,1,0.0,0.838,0.01809,0.92211,0.01456,0.92046,0.032,0.92765,0.08010,0.87597,0.126,1.075,0.03,0.90738,0.05018,1.122,0.02842,0.876,0,0.957,0.073,0.546,0.07697,0.857,0.10853,0.514,0.086,0.87597,0.08786,0.85198,0.052,1.171,0.10698
1,1,0,1,-0.011,1,-0.00343,1,-0.01565,0.801,-0.01565,0.898,-0.02809,0.933,-0.025,0.644,-0.034,0.99528,-0.048,0.944,-0.03452,0.843,-0.03881,0.836,-0.05039,1,-0.048,0.828,-0.05527,1.334,-0.06304,0.551,-0.052,0.98971,-0.06668
1,1,0,0.89505,-0.035,0.641,0.076,0.648,0.007,1.036,0.037,0.91287,-0.00990,0.94059,-0.01584,0.91881,0.03366,0.93663,0,1.073,0.01386,0.7,0.00792,0.88713,-0.01782,1.19,0.025,0.758,0.023,1.027,0.00198,1.23,0.024,0.86733,0.02376
1,1.079,0,0.823,0.01773,1,-0.01773,0.669,0.00709,0.84752,0.047,1,0.03546,0.98,0.01064,1.166,0.035,0.765,-0.03191,0.973,-0.044,0.901,0.075,1,0.126,0.90071,0.04610,0.94305,0.03247,1.178,0.02482,1,0.01064,1.106,0.018
1,0.74,0,0.39394,-0.227,0.62655,0.01270,0.45455,0.08,0.87,0.109,0.154,-0.259,0.57576,0.15152,0.247,0,0.56156,0.029,0.51515,0.027,0.78788,0.181,0.402,-0.15152,0.48526,0.041,0.309,0.052,0.33333,-0.03030,0.41856,0.062,0.39394,0.24242
1,1,0.0,0.86689,0.35950,0.72014,0.706,0.37201,0.652,0.077,0.85893,-0.24118,1.158,-0.51763,0.893,-0.68714,0.41524,-0.459,0.06,-0.539,-0.092,-0.49488,-0.42207,-0.32537,-0.332,-0.03,-0.8,0.15360,-0.297,0.252,-0.312,0.46189,-0.19681,0.40956,0.01820
1,1,0.0,0.745,0.462,0.58,0.69438,0.35916,0.88696,-0.04193,0.93345,-0.488,0.84414,-0.67274,0.62078,-0.82680,0.30356,-0.976,-0.05365,-0.993,-0.471,-0.32,-0.849,-0.271,-0.866,0.06911,-0.73856,0.33531,-0.504,0.52414,-0.603,0.61217,-0.17343,0.727,0.057
1,1.134,0,0.90547,0.319,0.65354,0.443,0.29921,0.62,-0.09,0.97820,-0.702,0.83263,-0.79657,0.55086,-0.96631,0.15192,-0.819,-0.225,-0.71863,-0.59379,-0.525,-1.174,-0.021,-0.93788,0.268,-0.873,0.778,-0.61959,1.235,-0.28123,0.88654,0.102,0.75495,0.46301
1,1,0,1,1.273,0.36700,0.06158,0.12993,0.92713,-0.27586,0.477,-0.381,0.37685,-1.252,0.333,-0.92857,-0.095,-0.265,-0.34236,-0.561,-0.82512,-0.05419,-1.163,0.346,-0.20443,1.052,-0.45950,0.628,-0.098,0.781,1,0.332,0.004,0.17758,0.79790
1,1,0,0.601,0.51515,0.595,0.19,0.06061,0.36364,-0.32104,0.73062,-0.387,0.48485,-0.664,0.0,-0.831,-0.12121,-0.33333,-0.458,-0.09091,-1.093,0.514,-0.57576,0.398,-0.613,0.957,-0.39394,0.72961,0.168,0.96970,0.57576,0.129,0.428,0.09091,0.33333
1,1.197,0,0.88110,0.0,0.94817,-0.02744,0.869,-0.015,0.90244,0.017,0.90244,0.01829,0.93902,0.007,0.95732,0.004,0.839,0.02744,0.86,-0.015,0.745,0.02439,1.015,0.05488,0.99695,0.04878,1.335,0.02,0.784,0.00915,1,0.05488,0.97561,-0.009
1,1,0,0.877,0.08156,0.409,-0.107,0.90426,-0.023,0.92908,0.011,0.80142,0.053,0.94681,-0.008,1.355,0,0.885,0.20213,0.59,-0.00709,1.27,0.01,0.618,0.07092,0.91135,0.136,0.89527,0.08165,0.77660,0.08,0.92553,0.117,0.92553,0
1,1,0,0.778,0.093,0.887,0.011,1.311,0.01471,0.87234,-0.01,0.73050,0.10638,0.87657,0.02912,0.482,0.023,0.95745,0.07801,1.041,0.06,1.263,0.034,0.84931,0.05178,0.87234,0.161,0.83429,0.06014,0.86,-0.03546,0.81710,0.042,0.80774,0.051
1,1,0.0,0.87578,0.023,0.833,0.00343,0.74,0.00510,0.86335,0.0,0.95031,0.07453,0.87021,0.00994,0.535,0.016,1.056,-0.079,0.648,0.031,0.84182,0.02,0.83486,0.015,0.437,-0.04348,1.154,0.02033,0.81988,0.08696,1.204,0.02308,0.80088,0.02441
1,1,0,0.97513,0.00710,0.98579,0.01954,1,0.014,0.99290,0.022,0.95737,0.02309,0.97158,0.03552,1,0.03730,0.97869,0.021,1.091,0.05684,0.744,0.041,0.867,0.072,0.549,0.022,1.463,0.039,1.081,0.082,0.845,0.089,0.98934,0.09947
1,1,0.0,0.665,0.01105,1.477,0.008,1,0.033,0.844,-0.01436,0.99448,-0.002,0.898,0.02320,1,0.00884,0.862,0.00773,1.381,0.023,0.98011,0.004,0.98122,0.021,0.561,-0.008,0.98033,0.01600,0.716,0.01547,0.98564,0.02099,0.98674,0.02762
1,1,0.0,0.828,-0.01,1.187,0.01566,0.679,-0.00224,1.129,0.06264,0.97763,0.047,1.294,0.02908,1,0.069,0.98881,0.046,1,0.03579,0.99776,0.09396,0.852,0.07383,1,0.10067,0.99989,0.062,0.713,0.055,0.909,0.059,1,0.10067
1,1,0.0,0.88420,0.325,0.67123,0.67382,0.39613,0.86399,0.02424,0.734,-0.191,0.761,-0.60316,0.58842,-0.78658,0.247,-0.83285,-0.005,-0.557,-0.399,-0.52504,-0.478,-0.27377,-0.815,0.00806,-0.659,0.26028,-0.836,0.35,-0.284,0.54209,-0.22,0.56286,0.02823
1,1,0.0,0.90147,0.515,0.64131,0.871,0.30440,0.777,-0.20449,0.96534,-0.55483,0.572,-0.81857,0.50949,-0.86,0.077,-0.632,-0.378,-0.70163,-0.65461,-0.434,-0.88999,0.05865,-0.94172,0.455,-0.82154,0.389,-0.55231,0.84,-0.103,0.87893,0.128,0.929,0.54852
1,0.93,0,0.382,0.148,0.15970,0.212,0.14020,0.907,-0.376,1.14,-0.16503,0.155,-0.63714,0.24865,-0.97650,-0.002,-0.23227,-0.29,-0.30522,-0.48886,-0.145,-0.89991,0.09345,-0.26,0.188,-0.153,0.39599,-0.11498,0.298,0.05614,0.21443,0.20540,0.142,0.26422
1,1,0,0.469,0.302,0.44681,0.494,0.05319,0.85106,-0.343,0.504,-0.68253,0.728,-1.13,0.07111,-0.82811,-0.28723,-0.47032,-0.767,-0.04759,-1.21,0.23292,-0.76316,0.56663,-0.283,0.74300,-0.221,0.74758,0.155,0.359,0.503,0.20549,0.572,-0.18533,1.025
1,1,0,0.19466,0.05725,0.04198,0.25191,-0.135,0.48866,-0.14,-0.166,-0.28,0.06107,-0.557,0.098,-0.16412,-0.181,-0.06,-0.332,0.196,-0.17557,0.34012,-0.082,0.28626,-0.149,0.234,0.24692,0.03913,0.384,-0.03817,0.258,-0.195,0.16794,-0.30153,-0.33588
1,1,0.0,0.98002,0.001,0.788,0.0,1.429,-0.00075,0.94721,0.02394,1.337,0.014,0.97888,0.03073,0.99170,0.028,0.93929,0.051,0.93552,0.079,0.97738,0.05524,0.711,0.048,1.126,0.08107,0.96709,0.107,0.95701,0.08088,1.418,0.08126,0.97247,0.048
1,1,0.0,0.661,-0.07572,0.80462,0.00231,0.492,-0.018,1.248,-0.07514,0.72832,-0.092,0.84624,0.05029,1.172,-0.051,0.74798,0.083,0.924,0.044,0.86763,-0.03,1.017,-0.06012,0.381,-0.02370,0.56,-0.02731,0.74046,-0.07630,0.469,-0.04220,0.78439,0.01214
1,1,0.0,0.35346,-0.13768,1.005,-0.027,0.68195,-0.035,0.55717,-0.048,0.446,-0.136,0.62099,-0.06527,0.576,-0.07289,0.42271,-0.26409,0.63,0.042,0.694,-0.098,0.46241,-0.063,0.45008,-0.008,0.39146,-0.086,0.35588,-0.10306,0.32232,-0.08637,0.28943,-0.089
1,1.401,0.0,0.932,0.007,0.86335,0.001,0.952,0.004,0.79988,0.025,0.81504,0.12068,0.83096,0.006,0.81815,0.011,0.82777,-0.06974,0.76531,0.03881,0.796,0.015,0.75071,0.008,0.77138,-0.002,0.474,0.01375,0.66161,0.004,0.66298,0.01484,0.63887,0.01525
1,1,0.0,0.964,-0.01366,0.97404,0.06831,0.293,0.50137,0.75683,-0.00273,0.65164,-0.14071,0.40164,-0.48907,0.39208,0.411,0.76776,0.31831,0.78552,0.092,0.596,-0.44945,1.085,0.009,0.902,0.06967,0.582,0.2,0.466,0.11,0.278,0.317,0.074,0.48087
1,1,0,0.83508,0.069,0.819,-0.14706,1.188,-0.051,0.773,-0.04622,0.89391,0.13130,0.799,0.075,0.79307,-0.106,1.491,-0.012,0.699,0.079,0.87605,0.01,0.77521,0.06618,1.064,-0.04202,0.83479,0.00123,0.819,0.174,0.86660,-0.10714,0.90546,-0.04307
1,1,0.0,0.95113,0.00419,1.005,-0.04,1.342,-0.015,0.94590,0.01606,0.568,0.021,0.94171,0.096,0.71,-0.01326,0.572,0.00140,0.541,0.06038,0.92670,0.08412,0.93124,0.091,0.94520,0.016,0.93522,0.059,0.93159,0.051,1.007,-0.00035,0.91483,0.04712
1,1,0.0,0.94701,-0.00034,1.174,-0.03227,1.34,-0.03431,0.95584,0.028,0.724,0.01766,0.92595,0.04688,0.93954,-0.01461,0.888,0.027,0.93784,0.01393,0.717,0.064,0.696,0.06148,1.398,0.03193,1.231,0.02542,0.907,0.034,0.938,0.00442,0.679,-0.00577
1,1,0.0,1.003,-0.023,0.98122,-0.01989,0.997,-0.028,0.594,0.001,0.89724,-0.048,0.89061,-0.01436,0.90608,-0.04530,0.91381,-0.01,0.792,-0.156,0.88729,0.01215,1.151,-0.027,0.91050,-0.02099,0.89147,-0.07760,0.82983,-0.19,0.96022,-0.052,0.56,-0.16243
1,0.828,0.0,1.253,0.13533,0.73638,-0.06151,1.085,0.096,0.88928,-0.09139,0.78735,0.06678,0.80668,-0.00351,0.79262,-0.01054,0.638,-0.038,1.089,-0.03,0.81722,-0.096,0.364,0.04394,0.86467,-0.107,1.146,-0.04822,0.78207,-0.007,0.56,-0.06678,0.85764,-0.045
