1,1,0.0,0.99539,-0.087,1.042,0.02306,0.83398,-0.37708,1.169,0.03760,0.85243,-0.233,0.59755,-0.44945,0.60536,-0.561,0.462,-0.38542,0.58212,-0.167,0.491,-0.404,0.522,-0.47357,0.56811,-0.62,0.41078,-0.46168,0.22,-0.225,0.276,-0.817,0.163,-0.45300
0,1,0.0,0.976,-0.169,0.605,-0.276,-0.10868,-1.098,1,-0.04549,0.624,-0.9,0.34432,-0.69707,-0.691,-0.97515,0.05499,-0.62237,0.33109,-1,-0.13151,-0.301,-0.18,-0.35734,-0.295,-0.135,-0.132,-0.208,-0.19040,-0.11593,-0.111,-0.032,-0.13738,-0.02447
1,1,0,0.704,-0.03365,1,0.00485,0.583,-0.12062,0.701,0.012,0.73082,0.072,0.85443,0.00827,0.54591,0.002,0.83775,-0.109,0.75535,-0.08540,0.408,-0.265,0.43385,-0.061,0.727,-0.40220,0.39,-0.317,0.219,-0.113,0.60436,-0.28,0.421,-0.38238
0,1,0,0.508,-0.442,1,1,0.618,-0.89,0,0,0.0,0,0,0,-1.499,0.14516,0.54094,-0.39330,-0.585,-0.475,-0.511,0.55,0,0.0,1.175,0.90695,0.275,1,0.982,-0.20099,0.25682,0.574,-0.407,1.007
1,1,0.0,1.193,-0.034,0.94140,0.041,1.033,-0.17,0.77152,-0.203,0.457,-0.20275,0.354,-0.006,0.34395,-0.372,0.52940,-0.189,0.45107,-0.17813,0.05982,-0.291,0.022,-0.52879,0.03286,-0.65158,0.13290,-0.53206,0.029,-0.547,-0.05707,-0.59573,-0.04608,-0.883
0,0.809,0,0.02337,-0.007,-0.121,-0.085,-0.009,-0.11824,0.14706,0.06637,0.042,-0.06302,0,0,-0.057,-0.15540,-0.002,-0.079,-0.11575,-0.05414,0.026,0.028,0.014,0.00888,0.024,-0.01535,-0.03240,0.056,-0.07859,0.011,0,0,-0.0,0.149
1,1.13,0.0,0.97588,-0.10602,1.032,-0.195,0.92806,-0.2,0.89,-0.27342,0.79766,-0.47929,1.049,-0.291,0.74628,-0.816,0.552,-0.409,0.411,-1.027,0.404,-0.589,0.31898,-1.134,0.22792,-0.81634,0.164,-0.82510,0.04606,-0.82395,-0.04262,-0.81318,-0.13832,-0.80975
0,0,0,0,0.0,0.0,0,1,-1,0.0,0.0,-0.655,-1.119,0.0,0,0,0,0.708,1,-1,-1,0.0,0,0.0,0.0,0.594,1.333,1,1.26,0,0.0,1,0.598,0,0.0
1,1.306,0,1.34,-0.097,1,-0.201,1.336,-0.21313,0.903,-0.36174,0.664,-0.43569,0.94510,-0.282,0.90392,-0.46381,0.98305,-0.35257,0.747,-0.66020,0.428,-0.598,0.416,-0.64225,1.008,-0.65440,0.57577,-0.69712,0.303,-0.63919,0.647,-0.875,0.505,-0.73420
0,1.267,0,-0.015,-0.08459,0,0,0.0,0.0,0.11470,-0.295,-0.45663,-0.38172,0.0,0.0,-0.33656,0.42,-0.457,0.157,0.828,0.115,0,0,0,0.0,-0.14803,-0.009,0.20645,-0.016,0,0.0,0.16595,0.24086,-0.08208,0.554
1,1,0,0.702,0.075,0.939,-0.223,1,-0.27320,0.755,-0.43107,1.15,-0.41349,0.96232,-0.367,0.90711,-0.59017,0.684,-0.66474,0.982,-0.70997,0.486,-0.76320,0.688,-0.80544,0.437,-0.89128,0.275,-0.86500,0.341,-1.165,0.389,-0.89093,0.22995,-0.469
0,1,0.0,1,-0.576,1,-1.266,1,-0.712,0.522,0.36217,0.819,-0.41119,0.769,1,1.498,-1.134,0.856,-0.29354,1,-0.623,1.159,1,1,1,1,-0.424,1,-0.62745,1,-0.678,0.568,-0.621,1.273,-1
1,1.482,0,1,-0.202,1,-0.10169,0.99999,-0.193,0.723,-0.22,0.94055,-0.35151,0.948,-0.29785,0.885,-0.245,0.94486,-0.372,0.701,-0.43383,0.692,-0.47308,0.82987,-0.447,1.145,-0.47137,0.421,-0.58370,0.709,-0.55,0.68714,-0.338,0.64727,-0.67226
0,1.147,0.0,1,-0.86701,1.306,0.266,0.85492,-0.39896,0.775,-0.11,1,0.415,0.894,0.07772,1,-0.17,1,-1,0.894,-1,0.61831,0.15803,0.667,0.584,1,-0.17012,1.11,0.35924,0.778,-0.66494,1,1.176,1.109,-0.236
1,1.436,0,1,0.089,1,0.03420,0.736,-0.063,1.453,0.125,1.35,0.159,1,0.265,1,0.12785,1.494,0.10561,0.906,0.209,1,0.57,1,0.358,1,0.20033,0.903,0.36743,0.95603,0.536,1,0.32492,1,0.559
0,1,0.0,0.271,-0.565,0.944,0.26708,-0.024,-1.153,1,-1,0.43685,-1,0,0.0,-1,-0.495,-0.37681,0.021,1.288,-1,0.0,0.0,0,0,-0.138,0.92236,0.39752,0.26501,0,0.0,1.083,0.335,0.0,0
1,1,0,0.99645,0.06468,1,-0.01,0.893,0.018,0.96112,0.02312,0.755,0.093,0.89323,0.10346,1.045,0.05269,0.784,0.11120,0.821,0.08631,0.81633,0.174,0.465,0.14442,1.011,0.116,0.651,0.203,0.79110,0.143,0.948,0.207,0.70941,0.12015
0,0,0,0.0,0,-1.062,-0.949,1,1,-1,1.436,-1.06,1,0.6,-1.31,1,1,-1.18,-1,-1.388,0.852,1,-0.767,-1,1.481,-1.309,0.646,0.62,-1.078,-1.422,1,-1,-1,1,-1
1,1.266,0,0.67065,0.02528,0.66626,0.031,0.57197,0.18761,0.092,0.482,0.939,0.12131,0.413,0.14285,1.172,0.10976,0.58373,0.226,0.144,0.291,0.53888,0.118,0.51420,0.22625,0.48838,0.268,0.506,0.284,0.43433,0.25306,0.298,0.183,0.871,0.33036
0,0.0,0.0,1.009,-0.616,0.0,0.0,0,0,1,1.244,1,-1,-0.521,1,0,0.0,-1.402,0.549,0.604,1,-1.404,1,1,0.56250,-1,1,0.83,1,0.883,-0.611,1,1.406,1,1
1,1,0,1,-0.006,1,-0.09,1.303,-0.043,1,-0.10605,1,-0.11073,0.863,-0.39489,0.849,-0.15616,0.92124,-0.212,1.297,-0.394,1.35,-0.314,1.341,-0.635,0.698,-0.578,0.915,-0.42231,0.75784,-0.38231,0.80448,-0.40575,0.569,-0.45039
0,0,0,1,0.578,0.0,0.0,0.0,0.0,-0.732,-1,0,0.0,0,0.0,-1,-1,-1.435,-0.782,-1,1.411,-1,1.477,0.0,0,0,0,1,-1,-1.207,1,-0.719,0.564,-1.057,1
1,1,0.0,0.96071,0.07088,1,0.03,1,0.09313,0.851,-0.05144,0.739,0.02580,0.566,-0.074,0.87534,0.077,0.76544,0.003,0.669,-0.05295,0.65961,-0.07905,0.64158,-0.054,0.751,-0.106,0.592,-0.025,0.326,-0.01251,0.51310,-0.00015,0.41,-0.002
0,0,0,-1,1.317,0,0,0.0,0.0,-0.909,1,0.803,0.887,0.0,0,0,0.0,1,-1.233,-0.55,1,1.197,0.939,0,0,-0.817,-0.631,1,-0.543,1.342,1,-1,1,0.0,0
1,0.705,0,0.58,-0.06182,1,0.02942,1,-0.077,0.899,-0.013,0.691,-0.124,1.015,-0.05202,0.49,-0.061,0.614,-0.07379,0.815,-0.20367,0.94910,-0.31558,0.80852,-0.31654,0.84932,-0.468,0.72529,-0.29174,0.84,-0.318,0.54356,-0.155,0.426,-0.39487
0,0.654,0.0,1.455,0.57820,1.379,-0.66,1.389,-1,1,-1,1,-1,1.006,-0.724,1,-1,0.962,-1,0.543,-1.217,1,-0.671,1,-1,1,-0.852,1.07,-1.406,1.165,-1,1,-0.73,1,-1
1,1,0,1,-0.08714,1,-0.106,0.86635,-0.81779,0.794,0.455,0.95473,-0.555,0.59,-0.375,0.87937,-0.23433,0.81051,-0.62180,0.12,-1,0.626,0.12,0.361,-1.004,0.55389,-0.867,0.285,-0.86583,0.40650,-1.099,0.3,-1.139,-0.106,-1
0,0,0,-1.133,-1,0,0,-0.651,0.747,1,-0.29,0.0,0,0,0.0,0,0.0,1,-0.886,-0.767,-1,1.075,-1,0.0,0,0.93,-0.687,-1.368,0.711,-1,-1,0.0,0.0,-1,1
1,1.256,0,1,0.099,1,0.17387,1,-0.159,0.542,0.953,1.443,0.596,1,0.59113,1,0.568,1.437,0.82777,1,0.742,1,1,1.264,1,0.64,1,0.472,1,0.74822,1,0.929,1.41,0.383,0.686
0,0,0,-0.97,-1,1,0.973,1,-0.705,-1,0.789,0.67,-0.512,-1.448,-1.331,0.0,0,1,1.302,-1,-1,1.394,-1,1,-1,1.131,1,0.947,-1.343,1.078,-0.838,-1,1.114,1,-1
1,1,0.0,0.543,-0.14236,1.11,-0.162,1.261,-0.23656,1,-0.083,1.225,-0.25010,0.696,-0.26161,1,-0.21975,1,-0.24,1,-0.247,0.847,-0.35519,1,-0.462,1,-0.641,0.98820,-0.696,1,-0.75820,1.081,-0.472,1.034,-0.84437
0,1,0,1.361,-1.487,1,1.409,1.29,-0.502,0.808,-1,1,-1,1,-0.016,0.508,-1,1.44,1,1.169,-0.451,1.255,0.7,1,-1,0.0,0,0.532,1,1,-0.79141,1,1.085,1.446,1
1,1,0,0.88208,-0.174,0.93408,-0.094,1.297,-0.119,0.869,-0.17036,1.319,-0.31809,0.952,-0.286,0.705,-0.35924,0.667,-0.33632,0.616,-0.47022,0.845,-0.47153,0.66150,-0.556,0.834,-0.48086,0.56804,-0.54629,0.50179,-0.59854,0.269,-0.643,0.446,-0.58086
0,1,0.0,0.645,-0.02595,0.31,-0.145,0.98019,-0.09473,0.99709,-0.064,1,-0.10951,0.772,1,0.83726,-1.071,0.82270,-0.194,0.962,-0.28257,-0.153,0.92730,0.34,0.05456,0.972,-0.159,1.073,-0.41307,0.63811,-0.129,0.717,-0.499,-0.23186,-1
1,1.407,0.0,1,-0.213,0.854,0.177,0.83443,-0.454,1,-0.28207,1.102,-0.49863,0.811,-0.092,0.76837,0.115,1,0.585,1,0.205,0.96354,-0.025,0.92599,-0.91338,1,0.146,1,-0.135,1.259,-0.167,1,0.53372,1,-0.57758
0,0.693,0,0.66161,-1,1.447,1,1,-0.443,1.142,-0.40446,1,-1,1,-0.89375,0.513,1.001,0.17589,0.70982,0.774,0.78036,1.129,0.85268,0.74,-1.249,1,0.945,1.372,-0.08571,0.827,-0.341,0.98,0.65268,1.042,0.419
1,1,0,1,0.006,1.352,-0.013,0.828,-0.016,1,-0.07014,0.638,-0.06256,0.725,-0.06544,0.97261,-0.07917,1.215,-0.159,1.177,-0.107,0.99589,-0.14248,1.289,-0.13565,0.89469,-0.244,1.099,-0.127,0.85644,-0.18552,0.83777,-0.203,0.701,-0.20766
0,0.0,0.0,1,1.468,1,-1,0.0,0.0,0,0,-1,-0.664,0,0.0,0.0,0,-1,1.499,1,1,-0.66,0.519,-0.899,1,1.357,-1.475,1,1.412,-0.876,1,1,0.862,0,0
1,0.576,0.0,0.91241,0.04347,1.105,0.015,0.94705,0.05345,0.476,0.01321,0.462,0.048,0.742,0.136,0.92048,0.061,0.573,0.12722,0.83744,0.102,0.80983,0.11849,0.77041,0.14222,0.994,0.073,0.49,0.13282,0.66387,0.15300,0.87,0.059,0.65258,0.11447
0,1,0,1,0.016,0.99672,0.047,0.851,0.102,0.61745,-1,0.531,0.11147,1.197,0.53640,0.617,0.14137,0.668,0.155,1,0.41003,0.65850,0.083,0.60138,0.209,0.548,0.16390,0.48867,0.094,0.343,0.089,0.38352,0.075,1.159,1
1,1,0,1,0.036,1,0.20746,0.982,0.144,0.762,0.254,0.86773,0.39039,0.403,0.523,1.192,0.589,0.775,0.60756,0.292,0.62999,0.6,0.49,0.40553,0.68840,0.337,0.72082,0.27712,0.697,0.19296,0.70682,0.11372,0.72688,0.061,0.636
0,1,0.0,-1,-1,0.732,0.866,0.628,-0.14375,0,0,-1,1,1,1.178,0.17917,-1.215,-1,-1,0.127,-1,0.609,-0.947,-0.761,1,-1.237,-1.355,1,-1.122,-1.193,-1.344,1,0.879,0.0,0
1,1,0,0.941,0.08791,0.669,0.16888,1,0.223,0.55187,0.78,0.70207,0.512,0.085,0.42739,0.393,0.325,0.732,0.609,0.31639,0.12967,0.413,0.54462,0.253,0.55826,0.312,0.56527,0.164,0.629,0.12635,0.56101,0.086,0.55061,0.086,0.67739
0,1,0.0,-0.698,-1,1.329,0.82857,1,-1.26,1,-0.23393,0.572,0.915,1,-0.231,1,-1,1.422,0.13839,1,-0.939,1,-0.038,-0.447,0.655,0.53750,0.85714,0.6,1,0.769,-1.203,0.641,-1,1.13,-1
1,1.187,0,1.336,-0.041,1.303,-0.13009,1.341,-0.116,1.325,-0.25843,0.92738,-0.337,0.753,-0.37965,0.972,-0.271,0.84922,-0.52064,1.229,-0.341,0.485,-0.59839,0.792,-0.926,0.68282,-0.68479,0.65247,-0.73174,0.61010,-0.75353,0.54752,-0.80278,0.48,-0.83245
0,0.0,0.0,0,0,0.0,0,0.0,0,0.581,1,1.202,0.903,0,0,0.0,0.0,-0.331,-0.568,-1,-1,0,0,0.0,0.0,-1,-0.718,-0.694,-1.046,-1,1,0.629,0,0,0
1,1,0,1,-0.03730,1,-0.108,0.99601,-0.076,0.99838,-0.09931,0.98941,-0.175,0.96674,-0.21695,0.988,-0.25099,1.27,-0.34400,0.90581,-0.468,1.169,-0.34691,0.6,-0.288,0.939,-0.42990,0.65,-0.523,1.132,-0.468,0.977,-0.315,0.75115,-0.424
0,1,0,0.94598,-0.02685,-1.159,0.184,-0.36393,0.403,0.973,-0.63427,0.755,-0.03353,-0.29020,-0.00550,-0.289,0.15452,1.17,-0.46270,1.09,-0.474,-0.255,-0.362,-0.73864,0.232,0.656,-0.321,0.52208,-0.58130,0.708,-0.61393,-0.09634,0.119,-0.069,0.41913
1,1,0.0,0.699,0.009,1.242,-0.03818,0.65,-0.05699,0.95947,-0.047,0.99004,-0.04507,0.94713,-0.11102,0.93369,-0.12790,0.62,-0.06,0.79682,-0.19200,0.88274,-0.135,0.706,-0.214,0.954,-0.19689,1.213,-0.219,0.78546,-0.23864,0.592,-0.23095,0.422,-0.358
0,1.324,0.0,0,0.0,0.667,0.512,0.0,0.0,0.10991,-1,0,0,0,0,-1,-0.22414,-0.55711,-0.727,0.76940,0.782,0.0,0.0,0.28,0.35668,-1.078,0.44828,0.944,-1,-0.723,0.81573,0,0.0,0.0,0
1,1,0.0,0.993,-0.18362,0.652,0.02919,0.93421,-0.00267,0.87947,0.173,1.079,-0.016,0.88559,0.54991,0.829,-0.466,0.75000,-0.29520,0.86676,-0.20104,0.906,1,0.558,-0.181,0.805,-0.022,0.93358,-0.01158,0.804,-0.407,0.84463,-0.23,1.035,-0.01425
0,0.0,0.0,1.436,1,1,-1.205,0,0,0,0,1.426,1,0.69,1.453,-1,-0.736,1.444,-1.273,-1.124,1,0,0,1,-1,1.102,-1.304,1.153,1.207,-0.772,-1.35,0,0,0,0
1,1.243,0.0,1.288,0.851,1,1,0.91010,1,-0.26970,0.532,-0.83152,1.229,-1,0.601,-1.301,0.414,-1.176,-0.57779,-1.362,-0.42052,-1.443,-1,-0.52838,-1,0.644,-1,0.957,-1,0.944,-1,1,-0.317,1.309,0.34845
0,1,0,-0.67935,-1,-1.11,0.929,1,0.531,0.03515,-0.82,-1,-0.62,1.31,1.436,0.88683,-1.197,-1,1,0.637,1.488,1.062,-1.18,-1,-1,-0.163,0.556,1,-0.883,-0.953,-1,-1,1.474,1,0.33611
1,1.078,0.0,0.95659,0.107,0.97487,-0.08,0.97165,-0.08,0.96097,-0.039,0.94717,0.01279,0.95436,-0.16795,0.946,-0.101,0.765,-0.275,0.90343,-0.35902,0.91428,-0.27316,1.335,-0.316,0.645,-0.40747,0.482,-0.34586,1.309,-0.216,1.165,-0.39061,0.82166,-0.41173
0,1,0.0,0.08333,-0.29,-1.045,1,-1.244,1.266,0.71875,0.47173,-0.82143,-0.62723,-1.491,-1,-1,0.71,-0.032,0.59152,-0.28,-0.42113,-0.65,-1,-1,-0.46801,-1.404,0.23810,0.733,-1.243,-1,-0.243,-1.476,-1.13,-0.549,0.61458
1,1.009,0,1,-0.02259,1,-0.063,0.863,-0.04,1.26,-0.08799,1,0.407,1,-0.118,1,-0.14522,1,0.32407,0.611,-0.109,1.297,-0.118,0.844,-0.154,1.284,-0.92284,0.87280,-0.295,0.82920,-0.22370,0.869,-0.172,0.73992,-0.22981
0,0,0.0,-1.431,1.14,1,-1.002,-0.913,0.853,0.0,0,0.701,0.883,-1,-0.18750,1.5,1,-1,-1,1,-1,-1,-0.558,1,1,1,-0.665,1.472,0.849,1,1,0.0,0.0,-0.578,-1
1,1.176,0.0,1,0.05812,0.68,0.07418,0.99952,0.134,1,-0.01911,1.003,0.07033,0.95713,0.14644,0.553,0.166,1.097,0.13,0.96741,0.233,1.344,0.201,0.90784,0.226,0.91667,0.22431,0.88423,0.23571,0.88568,0.165,0.613,0.351,0.759,0.31166
0,1,0.0,0.113,-1,-1.02,1.065,0,0.0,0.0,0.0,-0.786,1,0,0,-0.61354,-0.533,0.629,0.437,0.51979,0.14375,0.0,0.0,-1,-0.256,-0.75,0.96250,1,0.889,-0.909,0.67708,0,0,0,0
1,1,0,1,0.129,0.887,0.12197,1.233,0.22574,0.629,0.111,0.892,0.19211,0.951,0.24288,0.89241,0.231,0.465,0.307,0.83656,0.233,0.458,0.425,0.74829,0.274,0.76193,0.34658,0.68452,0.224,0.865,0.46031,0.358,0.47033,0.54252,0.50903
0,1.006,0.0,0.01667,-0.35625,0,0,0.0,0.0,0.0,0,0,0.0,0,0,0.118,-0.55000,0.151,0.599,1.165,-0.42292,0.0,0.0,0.08333,-1,-0.10625,-0.16667,1,-0.713,-1.06,0.138,0.0,0,0.899,-0.27292
1,1,0,1,0.16801,1.063,0.16334,1.119,0.33347,0.91759,0.161,1.27,0.243,1.026,0.46899,0.44,0.302,0.78473,0.335,0.898,0.56977,0.56553,0.58071,0.367,0.64720,0.516,0.55236,0.369,0.927,0.35684,1.071,0.33921,0.973,0.165,0.78685
0,1,0,0.63816,0.687,0.20833,-0.667,1,1.226,1.019,0.30921,-0.7,0.93,-0.05921,0.58772,0.01754,0.05044,-0.51535,-1,0.176,-0.026,0.351,-0.398,-1,1,0.678,-0.578,1,-0.047,0.593,1,0.263,-1,0.979,1.081
1,1,0.0,1.193,-0.41457,1.41,1.099,0.686,0.211,1,-0.065,0.93844,0.47990,0.507,-0.12,1,0.00879,0.97613,-0.50126,0.957,-0.135,1.301,-0.19095,0.886,-0.183,0.666,0.10678,1.341,-0.07249,1,-0.27387,0.602,0.19849,0.51382,-0.05402
0,1,0.0,0.84783,0.10598,1,0.39130,1.289,-0.512,0.66938,0.082,1,0.27038,1.256,0.341,1,0.35507,1,0.018,0.408,-0.43025,1.244,0.51,1.287,0.26585,0.71,-0.316,0.73,0.188,0.37681,-0.026,1,0.22464,0.686,0.37409
1,1,0.0,0.973,0.365,1,0.02477,1.114,0.07764,0.838,0.04317,1.43,0.376,0.789,0.04,1,0.04384,0.95750,-0.343,0.84371,-0.094,1.078,0.04150,0.773,0.27376,1,-0.39056,1.35,-0.015,0.734,0.314,0.94578,-0.22021,0.80355,-0.07329
0,0,0,1,-0.543,1,-0.535,1,-1,0.508,-0.622,1.44,1.225,1.261,1,1,-1.169,0.502,1,1.11,1,1,1,1.034,-1,0.669,-1,1.085,-0.998,1.105,0.65625,0,0.0,0.622,-1
1,1,0.0,0.848,0.955,0.81309,0.82021,0.555,1,0.20619,0.476,-0.43872,0.984,-1.145,0.623,-1.361,0.23,-0.206,-0.58634,-1.456,-0.42822,-0.73083,-0.958,-0.2,-0.97491,0.41366,-0.7,0.41778,-0.93296,0.25773,-1,1.395,-0.496,0.98816,0.03446
0,1,0,1.116,0.819,1,-1.36,0.655,-0.854,1,1.485,1,1,0.78,0.627,1,-1.11,1,1,1,0.826,1,1,0.908,1,1,1.121,1.197,0.5,0,0.0,0.905,-0.859,1.056,-1
1,1.152,0,1,0.021,1.331,0.18281,0.589,0.21,1,0.25068,1,0.28778,1,0.46,0.75,0.31674,1,0.65701,0.63,0.705,1.436,0.771,0.571,0.59457,0.89593,0.68326,0.89502,0.594,1.205,0.67149,0.797,1.149,0.777,0.75837
0,0,0,1.497,-0.641,0.985,0.98,-1,-1,1.042,-1.372,0.0,0.0,0,0,-0.785,1.364,0.77,-1,1.102,-1,-0.761,1,1,-0.732,0.936,-1,1.181,-1,-1,-1,0,0,1.163,-1
1,1,0,1.085,0.08620,0.96760,0.161,1.356,0.339,1.419,0.518,0.92867,0.578,1.04,0.52517,0.82820,0.58794,0.482,0.805,0.933,0.73140,0.54473,0.68820,0.358,0.76197,0.40615,0.383,0.33401,0.648,0.173,0.86061,0.129,0.86835,0.078,0.86285
0,1,0,0.702,0.254,0.0,0.0,-0.32937,0.69841,0.0,0.0,0,0,0.0,0,0.20635,-0.24206,0.286,0.255,0.46429,0.685,0.0,0.0,0,0.0,0.767,0.236,0.76190,0.46,0,0,0,0,0,0.0
1,1,0,0.65,0.075,0.996,0.10827,1.499,0.19498,1,0.28453,1,0.34826,1.412,0.38261,0.63,0.285,1.08,0.50391,1.015,0.798,0.615,0.59962,0.4,0.62758,0.44,0.63942,0.59417,0.353,0.512,1.056,0.47027,0.645,0.33381,0.75243
0,0,0,1,0.576,0,0,1.264,-1.173,1,-1,1,0.752,1,0.8,1,-0.661,1.13,1.328,0.507,1,1,-1,-0.976,-1,1,-0.645,1,-1.312,1,0.583,0.0,0.0,0.704,-0.547
1,1,0,1,0.04078,0.868,0.11982,1,0.141,1.159,0.27921,0.98703,0.443,0.542,0.37639,0.91118,0.39,0.81939,0.46059,0.619,0.46994,0.79400,0.323,0.357,0.786,0.67077,0.39,0.43,0.60990,0.543,0.588,0.444,0.323,0.40442,0.787
0,0.0,0.0,0.788,1,1,-1.122,0.818,0.533,1,1,1,1.175,1,1.405,1.355,1,1,-0.55,-1.126,0.866,-0.89,0.869,-0.963,1,1.499,-1,1,1,-1,1,-1,-1,-0.879,1
1,1,0,0.947,0.24168,1,0.429,0.624,0.72973,0.732,0.761,1.344,0.773,0.628,1,1.256,0.77128,1,1,0.609,1,0.921,1.178,0.89647,1.215,0.64628,1.455,0.456,1,0.133,1,-0.17370,0.682,-0.81383,1
0,0,0.0,1,1,1.035,-0.6,1,1.085,-0.809,1,0,0,1,0.71,0,0,0.0,0.0,-1,1,-1,1.434,1,0.705,1.112,-1.242,1.341,1.144,1,0.521,1.394,-1,-1,1.091
1,0.614,0,1.13,-0.035,1,0.39,1,0.13,1,0.133,1,-1.203,0.594,-0.40559,0.641,-0.168,1.26,0.065,1.329,-0.61538,1,-0.152,1,-0.939,1,-0.58042,0.813,-0.81372,1,-1,1,-0.78555,0.769,-0.48252
0,0.0,0,1,-1.39,1,1,1.306,1.434,1,1,1.298,1.119,0.708,-1,1.202,-0.884,0.987,1.35,1.406,-1,1.187,0.614,1,1,0.598,-1,1.082,1,1,-1,1,1,0.975,-1
1,1,0,0.92277,0.092,0.92679,0.147,0.89702,0.128,0.529,0.368,0.78801,0.564,0.70716,0.516,0.70796,0.386,0.60459,0.64200,0.51247,0.466,0.39903,0.66975,0.194,0.474,0.345,0.595,0.261,0.882,0.056,0.71038,0.02735,0.77072,-0.05,0.69509
0,1,0.0,0.68198,-0.119,0.896,0.154,0.46643,0.32862,0.198,0.58304,1.299,-0.223,0.01060,0.44523,0.01060,0.38869,0.123,0.41168,0.10567,0.284,0.04325,0.30745,-0.001,0.303,-0.02,0.27,-0.04314,0.122,-0.034,0.131,-0.04585,0.07064,-0.042,0.04586
1,1.134,0.0,0.74852,-0.02811,0.65680,-0.05178,0.80621,0.036,0.996,0.02515,0.63462,0.046,0.51,0.06,0.93,0.073,0.78550,-0.27811,0.65976,-0.017,0.78698,0.065,0.182,-0.18639,0.494,0.017,0.61009,-0.06637,0.605,-0.231,0.59024,-0.14053,0.56361,0.024
0,1.482,0,0.261,-0.036,0.97464,0.035,0.552,0.678,0.35821,0.189,0.394,0.093,0.61567,-0.872,0.57836,0.67910,1.0,-0.10448,0.46642,-0.11567,0.432,0.14,0.951,0.45522,0.366,0.16418,0.49309,0.14630,0.32463,-0.027,0.39118,0.13521,0.371,0.12755
1,1,0,0.898,0.052,0.76981,-0.10566,0.77358,0.033,0.874,-0.052,0.337,0.015,0.66792,-0.131,0.72075,-0.022,0.76981,0.069,0.61887,-0.053,0.75849,-0.23774,0.73962,-0.14717,1.078,-0.15094,0.73886,-0.05801,0.518,0.027,0.958,0.047,0.654,0.00755
0,0.913,0,0.72727,-0.05000,0.694,0.03462,1.102,0.72727,0.837,-0.05909,0.48182,-0.16818,0.663,0.09559,0.826,0.736,0.595,0.21818,0.872,0.10000,1,-0.337,0.98636,-0.906,0.57273,0.32727,0.743,0.131,0.506,0.122,0.48927,0.132,1.11,1
1,1,0,0.57647,-0.017,0.40392,0.0,0.363,0.12941,0.57,-0.056,0.436,0.14118,0.4,0.08235,0.634,-0.07,0.58039,0.019,0.579,0.0,0.601,0.06667,0.629,0.08235,0.672,0.00392,0.48601,0.10039,0.394,0.08235,0.45098,0.338,0.43137,0.17255
0,1,0,0.41932,0.12482,0.266,0.154,0.23182,0.381,-0.03636,0.44318,0.04517,0.193,-0.19091,0.396,-0.13350,0.236,0.02727,0.369,-0.323,0.166,-0.258,0.029,-0.18636,0.36364,-0.202,-0.04802,-0.09971,-0.079,-0.601,-0.715,-0.043,-0.07464,-0.007,-0.06314
1,1,0,1.057,-0.169,1,0.477,0.82403,0.19206,1.222,0.05901,0.504,-0.063,0.812,0.25000,0.663,0.25322,0.69206,0.57940,0.71030,0.39056,0.73176,0.171,1.18,0.34871,0.501,0.52039,0.419,0.447,0.80901,0.48,0.278,0.753,0.686,0.54185
0,1,0.0,0.438,-0.127,-0.31745,-0.80553,-0.08961,-0.56435,1.139,0.03,0.965,-0.00763,-0.273,0.63966,-0.226,-0.68065,0.85701,-0.083,1.109,-0.098,-0.076,0.50810,-0.34128,0.80934,0.558,-0.03718,0.672,-0.268,0.77884,-0.14109,-0.21354,-0.432,-0.18494,-0.831
1,1,0.0,0.91,-0.24783,0.64348,0.04348,0.562,0.57,0.65217,0.18261,0.275,0.26957,0.48,-0.266,0.50435,0.531,0.38696,-0.597,0.36087,-0.33,0.26957,0.146,0.556,-0.023,0.44,-0.153,0.49930,-0.04264,0.421,-0.04448,0.457,-0.25217,0.50435,0.14783
0,1,0.0,-0.393,0.14861,-0.33746,0.648,0.398,-0.13932,0.416,-0.06811,0.129,-0.15170,0.47368,0.122,0.517,-0.156,0.16409,0.45201,0.33746,0.03406,0.50464,0.079,-0.544,-0.702,1,0.396,0.231,-0.303,-0.15170,0.096,0.015,0.55820,0.52632,-0.08978
1,1,0,0.29202,0.13582,0.332,0.241,0.51783,-0.004,0.619,0.191,0.463,-0.16638,0.71,-0.07,0.389,0.03905,0.81664,-0.33,0.42445,-0.04244,0.197,0.06621,0.188,-0.295,0.51731,-0.03176,0.723,-0.03351,0.2,0.09847,0.988,-0.01868,0.282,-0.03226
0,1,0.0,0.656,0.16851,0,0,0.56541,0.06874,0.39468,1,0.406,1.202,-0.02439,0.377,0.161,0.117,-0.024,0.95122,-0.543,0.495,-0.138,0.38803,-0.481,0.23725,-1.259,0.80710,-0.34146,0.635,-1.187,0.69401,-1.016,0.12860,0.0,0
1,0.944,0.0,0.90116,0.147,0.431,0.37379,0.575,0.331,0.715,0.57,0.44303,0.638,0.24412,0.892,0.06438,0.85038,-0.174,0.795,-0.288,0.79617,-0.46635,0.421,-0.57135,0.53805,-0.68159,0.39951,-0.71844,0.25835,-0.581,0.11218,-0.71475,-0.067,-0.67699,-0.163
1,1,0,0.97714,0.142,0.82683,0.292,0.963,0.58732,0.47968,0.84278,0.221,1.065,0.061,0.882,-0.119,0.84290,-0.422,1.129,-0.533,0.79525,-0.68274,0.439,-0.535,0.195,-0.85376,0.17849,-0.83314,-0.01358,-0.82366,-0.232,-0.37,-0.177,-0.59943,-0.49700
0,0.73,0,-1,-0.724,0,0.0,0.489,-0.78502,0.706,0.331,-1,-0.41368,0.0,0.0,0.0,0,1,-0.283,0.36482,-0.591,1.182,-1,-1,-0.654,1.343,-0.59609,-1.239,-1,-0.852,-1,1,-1,0.0,0
1,1,0,0.552,0.04974,0.79074,0.035,0.78575,0.03793,0.66230,0.09948,0.67801,0.31152,1.019,0.067,0.406,0.08442,0.755,-0.07853,0.681,0.0,0.499,0.139,0.68183,0.168,0.411,0.15445,0.371,0.13608,0.522,0.224,0.414,0.174,0.57455,0.15114
0,1,0,1,-1,0.0,0,0.763,-1.124,0.662,0.593,-0.41912,-0.94853,0.0,0,0.0,0,0.603,-0.515,0.73529,-0.825,0,0,0.18382,-1.081,-1,-1,-1,-1,0.93,-0.886,1.236,-0.767,0.0,0.0
1,1,0.0,1,0.01709,0.96215,-0.03142,1,-0.041,1.244,-0.039,0.704,-0.07092,0.782,-0.09002,0.552,-0.232,1,-0.14257,0.98310,-0.11813,0.651,-0.267,1,-0.19272,1.472,-0.277,0.96490,-0.139,0.76,-0.247,1.359,-0.22561,0.87011,-0.3
0,0,0.0,0.0,0,0.0,0,0.0,0.0,0,0.0,0,0,0.0,0,0,0,0.0,0,0,0.0,0.0,0,0,0.0,0,0,0.562,-0.67,0.0,0,0.0,0.0,0.0,0
1,1.034,0,0.675,-0.12095,0.63318,-0.12690,0.96365,-0.18242,0.97026,0.08460,0.641,-0.016,0.903,-0.178,1.114,-0.31395,1.097,-0.21216,0.827,-0.282,1,-0.27165,0.721,-0.211,1,-0.192,1.004,-0.171,1.179,-0.23728,0.89095,-0.27,0.69531,-0.41573
0,1,0,0.348,-0.31818,0.0,0,0.347,-1,0.333,0.481,0.64394,0.06439,0.184,-0.686,0,0.0,0.59091,-0.252,0.45076,-1.162,0,0.0,0,0,0.24242,0.17803,0.591,-0.299,0.038,-0.652,0.16288,-0.70076,0.0,0.0
1,1.36,0.0,0.94490,-0.695,1,-0.03692,0.98898,-0.87052,0.90083,0.66942,1.29,-0.10104,1.361,-0.12493,0.572,-0.15017,1.11,-0.17681,0.723,-0.20491,1.446,-0.199,1,-0.374,1,-0.294,1,-0.373,1,-0.551,0.854,-0.488,1.487,-0.44739
0,1,0,0,0.0,0,0,0.0,0.0,0.0,0.0,0.509,0.655,0.0,0.0,0.0,0,0.36585,-0.71951,0.56098,-0.905,0,0,0.0,0.0,0,0.0,1,0.10976,0.0,0,0,0.0,0.0,0
1,1,0.0,0.99449,0.00526,0.495,-0.106,0.88237,-0.16431,0.565,-0.062,0.96484,-0.07496,1.224,0.02966,0.87161,-0.293,0.93881,-0.12977,1.053,-0.091,0.89876,0.001,0.731,-0.05882,1.223,-0.264,0.641,-0.137,1.025,-0.16581,0.80253,-0.25741,0.76586,-0.216
0,0.98,0,0.112,0.10811,0.0,0,0.0,0.0,0.351,0.82432,0.424,1,0,0,0.0,0,0.37162,-1,0.33108,-1,0.0,0.0,0.0,0.0,-0.633,-1,1.181,-0.774,0.55405,-0.186,0,0,0.0,0
1,0.658,0.0,1,-0.57224,0.99150,-0.377,0.635,-0.97450,1,-0.299,1,-0.23229,0.62890,-0.744,1,-0.851,1,-0.899,0.959,-0.88952,0.96601,-1.249,0.866,-0.74896,0.627,-0.76904,0.53777,-0.77986,0.81020,-1.165,1.352,-0.74,0.227,-0.552
0,1.222,0,0.65909,-0.551,0,0,0,0.0,0.504,1,1.313,-0.28030,0.0,0.0,0.0,0.0,0.845,-0.334,0.725,-1,1,-1,0,0,0,0.0,1,-0.93939,-0.156,-1.089,0.0,0.0,0,0
1,1,0,0.561,0.19310,1.176,0.209,0.759,0.55785,0.54559,0.69962,0.36705,1.09,0.19617,0.654,-0.04061,0.573,-0.087,0.994,-0.227,0.65747,-0.48199,0.56092,-0.60230,0.40996,-0.59234,0.256,-0.63038,0.103,-0.702,-0.07,-0.729,-0.19923,-0.633,-0.434
0,1,0,0.245,-0.61000,0.0,0.0,1,-0.645,0.90000,1,0.43000,0.512,0,0,0.0,0.0,0.67000,-0.147,0.84000,-0.976,0,0.0,0,0,0.301,0.68000,0.661,0.278,0.0,0.0,0.0,0.0,0,0
1,1,0.0,0.982,0.23395,0.667,0.586,0.78020,0.707,0.273,0.84222,0.152,0.801,0.052,0.88248,-0.21980,0.534,-0.34168,0.75517,-0.51360,0.873,-0.623,0.397,-0.74102,0.343,-0.70838,0.03591,-0.623,-0.11943,-0.64962,-0.28183,-0.516,-0.44505,-0.19,-0.53319
0,1,0,0.91353,0.509,-0.597,0.628,-0.38,0.55735,0.05405,0.29730,-0.18599,-0.089,-0.043,-0.066,0.01401,-0.029,0.01108,-0.007,0.00342,0.00097,0.00048,0.00075,-0.00003,0.0,-0.00003,0.0,-0.00001,0,0.0,0.0,0.0,0.0,0.0,0.0
1,1,0.0,0.21429,-0.09524,0.294,0.07143,0.239,0.13,0.181,0.09524,0.40476,0.029,0.239,-0.04762,0.45,-0.068,0.149,-0.11905,0.237,0.054,0.30952,0.0,0.21429,-0.11905,0.338,-0.04762,0.22109,-0.02290,0.19048,0,0.21,-0.016,0.173,-0.01877
0,1.341,0.0,1,-0.196,1,0.07,0.57377,-0.016,0.65574,0.017,1.188,-0.03279,0.509,0,0.68852,-0.16393,0.19672,-0.084,0.715,-0.17176,0.809,0.037,1,-0.328,0.187,-0.34426,0.52385,-0.191,0.356,-0.036,0.27869,-0.44262,0.49180,-0.06557
1,1,0.0,0.755,0,0.581,0.03131,0.86249,0.028,0.80000,0.0,0.366,0.04545,0.79343,0.08436,0.494,0.121,0.679,0.25455,0.927,0.12727,0.42,0.089,0.814,0.132,0.606,0.22727,0.64581,0.15088,0.67273,0.02727,0.60715,0.175,0.784,0.17077
0,1,0.0,0.39286,0.728,-0.78824,0.064,-0.16628,-0.911,0.66667,0.011,0.82143,0.479,-0.67230,0.184,-0.34797,-0.766,0.322,0.209,0.327,0.05952,-0.51830,0.276,-0.683,-0.47594,0.32143,0.70238,0.51971,0.507,0.57143,0.39286,-0.712,-0.295,0.23,-0.55837
1,1,0,0.679,-0.07111,1.046,-0.02494,1,-0.075,1.173,0.00222,1.059,-0.06444,1.39,-0.09,0.629,-0.22,0.901,0.05333,0.88000,-0.03778,1,-0.11526,0.718,-0.18667,0.555,0.019,0.581,-0.14162,0.82222,-0.1,1.456,-0.15609,1.299,-0.44222
0,1,0.0,0.43636,-0.088,0.439,-0.114,0.221,-0.67273,0.377,-0.03636,0.29091,-0.05455,0.2,0.29091,0.456,-0.41818,0.142,-0.011,0.36364,0.05455,0.12727,0.684,0.61818,0.115,0.481,0.125,0.216,-0.07027,0.397,-0.05455,0.12727,-0.36364,0.29091,-0.246
1,1,0,0.712,-1.045,0.522,0.581,0.625,-0.05660,0.51,0,1,-0.00054,0.573,0.07547,0.875,-0.038,0.98878,-0.00085,0.52830,0,0.599,0.07547,0.95190,-0.001,1,0.79245,1.069,-0.001,1.413,-1,1,0.372,0.269,-0.117
0,1,0,0.73810,0.473,-0.551,-0.302,0.33333,-0.142,0.45238,-0.14286,-0.833,0.12808,0.354,0,0.28571,-0.077,-0.38214,0.758,0.132,0.02381,0.45238,0.045,0.087,-0.204,-0.458,-0.135,0.24889,-0.411,1,0,-0.66667,-0.054,0.186,0.02381
1,1.33,0.0,0.382,0.037,0.697,-0.136,0.39583,0.0,0.298,-0.079,0.47917,0,0.29167,0.10417,0.639,0.016,0.43750,-0.22917,0.276,-0.263,0.33333,0.08333,0.25000,0.208,0.455,-0.18750,0.44012,-0.10064,0.41667,-0.08333,0.389,-0.426,0.33333,-0.06250
0,1.304,0.0,1,1.436,0,0.0,0,0.0,0,0,0.369,-0.89098,-0.51504,0.45489,-1.143,0.258,0.94,1,0.0,0.0,0,0,0.457,0.303,-1.11,-1.124,1,-1,0.81,1,0,0,0.0,0
1,1,0.0,0.811,0.09,1.352,0.13030,0.90996,0.225,0.84881,-0.49962,0.622,0.61320,0.736,0.34328,0.72254,0.37988,0.701,0.492,1.216,0.59862,0.53258,0.44088,0.281,0.583,0.40440,0.44199,0.396,0.43221,0.978,1,0.134,0.379,0.18632,0.479
0,1,0,0.664,0.40332,1.029,0.576,1.131,0.657,1.033,-0.159,0.97311,0.07981,1.247,-0.783,0.794,0.742,0.95452,-0.05206,1.061,0.101,0.98484,-0.69594,0.86670,-0.85755,0.28604,-0.246,1,0.17076,0.62958,0.324,0.467,0.81007,0.81979,0.656
1,1,0.0,0.95882,0.10129,0.518,-0.012,1.287,0.027,1.393,-0.09316,1.373,-0.036,0.865,-0.03096,1.18,-0.05343,1,-0.076,0.89,0.01557,0.97620,-0.071,0.97889,-0.033,0.91567,-0.094,0.95677,-0.06995,0.90978,0.01307,1,-0.116,0.989,-0.06888
0,1,0.0,0,0.0,-0.479,0.892,0,0,0.68869,-1.413,1.447,0.196,-0.386,-0.649,-0.30241,0.65565,0.94155,0.16391,0.0,0,0.0,0,-0.18043,-1,0,0.0,0.871,-1.155,0.0,0.0,0.04447,0.61881,0,0.0
1,1,0.0,1.244,0.00876,1,0.009,1.243,-0.006,0.97868,-0.017,0.99820,-0.019,1,-0.012,1.404,-0.019,1,-0.009,0.98485,0.00025,1,-0.02612,1.244,-0.042,0.96019,-0.064,0.99188,-0.03473,1.36,-0.02478,0.62,-0.049,0.98420,-0.04112
0,0.853,0,0.0,0.0,0.98919,-0.259,0.256,-0.05405,0,0,0.804,0.07297,1,-0.184,0.849,0.047,1,-0.11351,0.0,0,1,-0.275,1,-0.417,0.0,0,1,-0.135,0,0,0.604,-0.185,0.28919,-0.235
1,1,0,0.413,0.01403,0.504,-0.02439,0.52751,0.03466,0.198,0.12195,0.25,0.057,0.21951,0.068,0.344,0.0,0.36585,0,0.31707,0.043,0.26829,0.172,0.134,0.051,0.2,0.071,0.284,0.05641,0.17410,0.05504,0.19512,0.0,0.17073,0.105
0,0.788,0,1.129,1,1,-1.057,0.0,0.0,0.0,0,1,1,1,-0.828,1.065,1.348,1,-1,0.0,0,0,0.0,0.719,-0.283,0,0.0,0.781,-1,1,1,1.375,-0.885,0,0
1,1,0,0.273,0.129,0.383,0.24490,0.26,0.20408,0.46939,0.398,0.403,0.605,0.123,0.55102,0.0,0.51020,-0.06122,0.55102,-0.20408,0.55102,-0.342,0.44898,-0.28571,0.32653,-0.61224,0.123,-0.253,0.12,-0.59184,0.226,-0.34694,0.0,-0.321,-0.231
0,1,0.0,0,0,1,-1.498,0.0,0,0.0,0,0.939,1,1.15,-0.25342,1,0.154,0.899,-1,0.0,0,0.0,0.0,1,0.524,0,0,1.342,-1,0.0,0.0,0.691,-1,0.0,0
1,1,0.0,0.834,0.273,0.91176,0.204,0.74265,0.67647,0.641,0.77941,0.184,0.88971,-0.02206,0.86029,-0.20588,0.702,-0.37500,0.984,-0.583,0.507,-0.74,0.38235,-0.86029,0.058,-0.74265,-0.12500,-0.67925,-0.24131,-0.76,-0.311,-0.472,-0.50735,-0.189,-0.689
0,1,0.0,-0.979,0.28105,0.309,0.15033,-0.75693,-0.877,-0.329,0.911,-1.183,1.342,-0.81699,0.356,-0.589,-0.02614,-0.567,-0.83007,-0.369,-0.376,-0.04575,-0.83007,0.94118,-0.94118,-1,-0.343,0.74385,0.09176,-1,0.05229,0.166,0.022,-0.238,-0.48241
1,0.711,0.0,0.26667,-0.10000,0.413,0,0.387,-0.13333,0.341,0.08,0.56667,0.018,0.71667,0.064,0.70000,-0.096,0.73,0.177,0.278,-0.014,0.31667,0.20000,0.70000,0,0.25000,0.159,0.345,0.05439,0.40000,0.03333,0.502,0.05,0.41667,-0.05000
0,0.788,0.0,-0.173,0.498,-0.27303,0.171,-0.257,-0.04444,0.06192,-0.089,0.056,0.037,-0.006,0.015,-0.01586,-0.00166,-0.001,-0.00883,0.004,-0.00153,0.00138,0.00238,-0.001,0.002,-0.00069,-0.00050,0.00019,-0.0,0.00026,0.00005,0,0.00015,-0.0,0.00002
1,1.448,0.0,0.73,-0.408,0.629,0.29730,0.64865,-0.24324,1.151,0.137,1.131,-0.27027,0.405,0,0.62162,-0.028,0.217,-0.21622,0.71833,-0.17666,0.62162,0.05405,1.016,0.13514,0.49,-0.387,0.61031,-0.156,0.69,-0.23027,0.71,-0.59459,0.51351,-0.24324
0,1,0.0,0.94531,-0.03516,-1,-0.33203,-1,-0.01563,0.97266,0.01172,0.93359,-0.014,-1.225,0.16406,-1,-0.004,0.951,-0.03516,0.772,-0.02734,-0.99219,0.158,-0.93359,0.233,0.81,-0.003,0.906,0.075,0.933,-0.06641,-0.535,-0.203,-1.401,-0.434
1,1,0.0,0.95202,0.025,1.096,-0.018,0.493,0.01214,0.485,-0.01,1.366,0.00520,0.95665,-0.03064,0.95260,-0.002,0.804,-0.02659,1.083,0.01792,0.93584,-0.04971,0.93815,-0.035,0.97052,-0.056,0.674,-0.024,0.97399,0.01,0.95434,-0.03410,0.95838,0.011
0,1,0,0.572,-0.078,1.11,-0.854,0.413,-0.143,0.36111,-0.22222,1,-0.25712,0.16667,-0.11111,0.859,-0.34660,0.848,-0.579,1,-0.422,0.0,-0.34,1,-0.50333,1,-0.27778,0.819,-0.683,0.723,-0.27778,1,-0.708,0.908,-0.65935
1,1,0.0,0.31034,-0.10345,0.24138,-0.10345,0.161,-0.041,0.048,-0.063,0.021,-0.022,0.011,-0.026,0.00741,-0.01482,0.00281,-0.00893,0.001,-0.00523,-0.0,-0.00299,-0.0,-0.001,-0.00031,-0.00090,-0.00025,-0.001,-0.00018,-0.00024,-0.0,-0.0,-0.0,-0.00006
0,1,0,0.618,-0.073,0.465,0.0,0.60784,-0.07843,0.522,-0.11765,0.534,-0.11765,0.725,-0.16,0.815,-0.09804,0.822,-0.11765,0.54902,-0.21569,0.875,-0.276,0.887,-0.23529,0.33,-0.25490,0.703,-0.24668,0.577,-0.31373,0.43137,-0.166,0.47059,-0.27451
1,1.249,0.0,0.25000,0.227,0.551,0.321,0.19036,0.23966,0.054,0.19939,0.012,0.115,-0.023,0.10188,-0.03685,0.06317,-0.03766,0.03458,-0.047,0.011,-0.035,0.003,-0.01726,-0.00273,-0.01097,-0.006,-0.00621,-0.007,-0.00294,-0.007,-0.00089,-0.005,0.00025,-0.00291
0,1.165,0,-0.565,0.08,0.063,0,0,0.06250,0.62500,0.052,0.18750,0.0,-0.03125,0.07,0.06250,0.0,0.15625,-0.15625,0.43750,-0.205,0.0,-0.117,0.0,0.0,0.03125,-0.49,0.03125,0.0,-0.887,0.03125,-0.03125,0,0.0,0.09375
1,1.499,0.0,1,-0.016,1,-0.037,1.169,-0.067,0.628,-0.01622,1.209,-0.048,0.98919,0.08649,1,-0.06486,0.494,0.09189,0.974,-0.00541,0.876,0.06486,1.468,0.04324,0.97838,0.079,0.98556,0.01251,0.899,-0.044,1,0.033,1,-0.07027
0,1,0.0,0.55,0.05426,1,0.08069,0.666,1.337,0.91473,-0.01,0.67,0.045,0.503,0.265,1,0.547,0.54,0.04651,0.90698,0.059,1,0.329,1,-1,0.80620,0.03876,0.763,0.71613,0.955,0.06977,1,0.615,1.328,1
1,1,0,0.90374,-0.023,1,0.046,0.508,0.01604,0.93048,0.004,0.93583,-0.016,1,0.0,1,0.06417,1,0.04813,1.237,0.04278,0.632,0.022,0.98930,-0.01604,0.758,0.05348,0.556,0.052,0.659,0.01,0.583,0.115,0.572,0.06417
0,1,0,-0.197,0.158,0.117,0.10000,0.247,0.25,0.32250,0.194,0.265,-0.435,0.08,0.323,-0.09500,0.219,-0.086,0.23500,-0.34187,0.31408,-0.48000,-0.08000,0.29908,0.374,-0.58000,-0.36,0.287,-0.279,-0.47000,0.18500,-0.27104,-0.31228,0.216,0.03050
1,1,0,0.522,0.03333,0.63333,0.055,0.44,0.06667,0.70000,0,0.783,0.0,0.80000,0,1.03,0.0,0.615,0.095,0.748,0.087,0.73333,-0.03333,0.903,0,0.63333,0.13333,0.893,0.10168,0.716,0.162,0.60000,0.16667,0.464,0.224
0,1,0,0.045,-0.011,0.077,0.012,0,-0.01117,0.00559,-0.03911,0.01676,-0.061,-0.008,0.028,0.079,-0.03352,0.0,0.09497,-0.057,0.07542,-0.04749,0.015,0.02793,-0.004,0.00838,0.004,0.128,-0.006,0.034,-0.003,0.04469,0,0.04749,-0.03352
1,1.203,0,0.607,0.385,0.72554,0.67248,0.47564,0.774,0.01,0.89109,-0.354,0.84475,-0.47644,0.634,-0.451,0.41743,-0.66455,0.07208,-0.87,-0.19525,-0.57,-0.264,-0.30851,-0.389,-0.022,-0.721,0.153,-0.56420,0.463,-0.41901,0.264,-0.22535,0.50376,-0.05980
0,1,0.0,0.05460,0.01437,-0.02586,0.04598,0.01,0.027,-0.07759,0.00862,0.01724,-0.088,-0.023,0.04310,-0.119,-0.037,-0.09483,0.085,-0.039,0.032,0.022,0.02299,-0.023,-0.016,0.021,-0.00862,0.00862,0.01724,0.035,0.015,0.02586,0.01149,-0.04598,-0.006
1,1,0.0,0.378,-0.01084,0.72,0.01084,0.955,0.00197,0.698,0.011,0.943,-0.013,0.83350,0.03251,1.183,0.01675,0.80099,-0.005,0.79113,-0.042,0.75961,0.04,0.971,0.05517,0.434,-0.01,0.78041,0.004,0.74089,-0.05025,0.595,0.02956,0.79015,0.00788
0,1,0.0,0.026,0.02568,0.005,0.0,0.026,-0.01997,0.022,-0.04993,-0.041,-0.01284,0.018,-0.02282,0.0,-0.03281,-0.069,-0.02853,-0.01712,0.037,0.016,0.00428,0.063,-0.025,0.065,0.01854,0.056,0.01569,0.01997,0.00713,-0.018,-0.01854,-0.01427,0.01997
1,1,0.0,0.47090,0.276,0.42328,0.208,0.25661,0.337,0.014,0.559,-0.02116,0.53968,-0.32,0.31217,-0.478,0.224,-0.718,0.097,-0.5,-0.11640,-0.086,-0.14550,-0.14815,-0.298,-0.23280,0.00265,0.03574,-0.31739,0.15873,-0.249,0.317,-0.128,0.188,0.04233
0,1,0,0.09,0.00686,0.112,-0.04119,0.10526,-0.08238,0.108,-0.048,0.23341,-0.008,0.14,0.07780,0.156,-0.13501,0.165,-0.04805,0.18993,0.06,0.11670,0.0,0.11213,-0.002,0.15103,-0.10297,0.107,0.009,0.121,-0.044,0.09611,-0.07323,0.175,-0.049
1,1,0.0,0.94333,0.38574,0.48263,0.854,0.188,0.886,-0.55941,0.884,-0.69,0.22,-0.76051,0.0,-0.62706,-0.31079,-0.38391,-0.616,-0.12797,-0.501,0.49909,-0.509,1.06,-0.45,0.914,-0.05484,0.763,0.30384,0.251,0.60512,0.02742,0.387,-0.21572,0.50457
0,0.913,0,0.01975,0.00705,0.045,-0.011,0.02116,0.01128,0.009,0.055,0.00282,0.002,0.01975,-0.03103,-0.026,0.054,-0.032,0.018,-0.028,-0.005,0.04372,-0.02539,0.01834,0,0.0,-0.01269,0.01834,-0.01128,0.005,-0.01551,-0.015,-0.03,0.00705,0.0
1,1.453,0,0.775,0.00075,0.921,-0.042,0.599,-0.04182,1.016,0.09037,0.86258,0.11949,0.798,-0.08,0.78342,0.03510,0.718,-0.06796,1.2,-0.192,0.88125,0.014,0.90515,0.024,0.79686,-0.01942,0.82383,-0.03678,1.272,-0.06423,0.815,-0.025,1.128,-0.09186
0,1,0,1,-1.243,1.362,0.571,-1,1,1,-1.176,1,-1.229,-0.851,-1.443,-1,0.944,0.69,1,1,1,-0.532,1.083,1,-0.957,1,-0.913,1,1,1.153,1.288,-0.601,1,-1.309,1
1,1,0.0,0.85209,0.39252,0.38887,0.848,0.08858,0.98903,-0.237,0.88744,-0.76229,0.441,-0.578,0.1,-0.721,-0.458,-0.66030,-0.477,-0.19260,-1.03,0.216,-1.156,0.64649,-0.252,0.77814,-0.304,1.067,0.203,0.37830,0.58310,0.19667,0.66315,-0.147,0.64933
0,1,0.0,1,1,1,0.543,0.62500,-1,1,1.422,0.02500,0.034,1,0.706,0.0,0,1.309,-1,0.646,0.6,1,0.949,0.31250,0.852,0.767,0.518,1,1.095,1.062,1.0,-0.94375,1,0.0,0
1,1.243,0.0,1,0.54902,0.886,1,0.01961,1,-0.49020,0.675,-1.215,0.58824,-1.244,0.11765,-0.528,-0.422,-0.64706,-0.429,-0.205,-0.86275,0.35294,-1.491,0.412,-0.515,0.92157,-0.21569,1.05,0.21876,0.72549,0.797,0.23529,0.942,-0.136,0.90196
0,1,0.0,0,0.0,-1,-1.406,-1,0.756,0,0,-1.26,0.926,0.883,1,1.009,-1,0.0,0.0,0.0,0,-1,-0.863,-0.604,0.611,1,0.269,0.62,-0.766,0,0,-1,-1,-1,1
1,0.558,0.0,0.579,0.492,0.53695,0.90763,-0.148,1,-0.306,0.88889,-1.472,0.33333,-1,-0.11111,-1,-0.156,-0.385,-0.77778,0.55556,-1,-0.318,-0.887,1.166,-0.31,0.284,0,0.814,0.45019,0.57454,0.716,0.223,1,-0.55556,1
0,0,0.0,0.0,0,0.0,0.0,0,0.0,0,0.0,0.0,0,0,0.0,0.0,0,0.0,0.0,0,0,0,0.0,0,0.0,0,0,1,0,0.0,0.0,0.0,0,0.0,0
1,1,0.0,1,0.0,1.065,0,0.5,0.50000,0.898,0.0,0.91201,0.12094,0.89067,0.14210,1.172,0.16228,0.75000,0.197,0.667,0.472,0.75000,0,0.781,-0.302,0.393,0.565,0.742,0.26388,1.031,0.25000,0.473,0.257,0.67493,0.30293
0,0,0,-0.691,0.887,1,1.023,0.0,0.0,1.317,-1,1,-1,0.909,-1,-1,-0.817,0.0,0.0,-1,-1.233,0,0,0,0.0,-1.378,-0.55,1,-1,1,1,-1.342,-0.705,0.0,0
1,1,0,1,0.0,1,0.0,0.496,0.11111,1,-0.092,0.88889,-0.149,1,-0.131,0.451,0.0,0.408,0.0,0.73,-0.11111,0.516,-0.128,0.66667,-0.138,0.998,0,0.909,-0.05,1,0.11111,0.88889,-0.11111,1,0
0,0.0,0,0.0,0,0,0.0,0.0,0.0,0,0.0,0.0,0,-1,-1,0.0,0,1,0.75000,0.0,0.0,0.0,0,-1,1.342,0.0,0.0,1,-1.07,-1,-0.613,1,1,0,0.0
1,1,0,1.236,0.492,1,-0.45455,1,0.061,0.909,-0.09091,1.075,0.0,0.593,-0.27273,1,-0.18182,1,0.053,1,0,1,-0.36364,0.93,0.108,0.693,-0.09091,1.226,-0.04914,1.278,0.476,0.837,-0.27273,0.687,-0.144
0,1,0,0.924,-0.63636,0.0,0.0,0.0,0.0,0.34470,0.28788,0.632,0.39394,-0.07576,0.51894,0.412,0.31439,-0.402,0.393,0.12121,-0.096,0.01894,-0.414,-0.831,0.257,0.29167,-0.326,0.25758,-0.57576,0.34,0.172,0.18182,-0.017,0.17045,-0.41667
1,1.289,0.0,1,0.065,1,0.23529,1.244,0.41176,0.699,0.047,1.443,0.23529,1,0.11765,1.437,0.47059,1,-0.039,0.512,-0.11765,0.78,0.35294,1.41,0.41176,1,-0.148,1,0.238,1,0.043,0.686,0.35294,1.331,0.23529
0,1,0,0.0,0.0,-1,-0.843,0.847,0.51064,0.07979,-0.227,-0.789,-0.36170,0.09,-0.59043,1.448,-0.947,0.0,0,0.82979,-0.07979,-0.243,1.302,0.17021,-0.511,0,0.0,-0.19149,-0.521,-0.253,-0.48936,0.74468,0.90426,-0.67553,0.383
1,0.669,0.0,0.91667,0.182,1.121,-0.16667,0.786,0.25000,0.904,-0.102,0.91667,0.04167,0.424,0.158,0.70833,0,0.468,0.029,1,0.083,0.66667,-0.08333,0.467,0.16667,0.452,-0.18,1.174,0.05503,1,0.20833,0.70833,0,0.356,0.04167
0,1.487,0,0.18590,-0.088,0.0,0,0,0.0,0,0.0,0,0.0,0.11538,-0.223,0,0,0,0.0,0,0.0,0.0,0.0,-0.043,-0.06571,0.055,0.053,0.17308,-0.10897,0.17,0.09615,0.019,-0.04808,0.183,0.19551
1,1,0.0,1,-0.074,1,-0.136,0.99246,-0.29802,1,-0.189,0.96662,-0.34281,1.167,-0.563,0.752,-0.48170,0.73084,-0.724,0.68131,-0.63544,0.92,-0.78316,0.503,-0.79,0.66,-0.874,0.48757,-0.85669,0.425,-0.83893,0.358,-0.557,0.29221,-0.77
0,0.589,0.0,0.75,1,-1.087,1,-1,-0.485,0.498,0.28,0.46053,0.07018,0.149,0.05702,0.376,0.34649,0.72807,-0.03947,0.22807,0.442,0.0,0,-0.42,-0.16228,1,-0.66667,1.191,-1.342,0.78,-0.283,0.35088,0.20175,1.085,0.07895
1,0.778,0.0,1.372,0.24077,1.161,0.005,0.751,-0.30133,0.89919,-0.26,0.544,-0.36,0.93,-0.30539,0.561,-0.36078,0.345,-0.61189,0.478,-0.542,0.61041,-0.39328,0.53176,-0.32681,0.23966,-0.529,0.29208,-0.31,0.12777,-0.39143,0.15657,-0.566,0.18353,-0.46603
0,0.0,0,-1,1.009,1,-1,0,0,0,0.0,1,-0.684,1,1,0.0,0.0,1.268,-0.774,0.0,0,0.0,0.0,1,1.203,-1.447,1,1.021,-1,-1,1.079,-1,-0.959,0.0,0
1,1,0.0,0.92247,-0.141,1.096,-0.099,0.444,-0.22602,0.884,-0.194,0.757,-0.28909,0.70302,-0.309,0.63338,-0.49967,0.37254,-0.609,0.387,-0.528,0.40506,-0.54172,0.33509,-0.658,0.199,-0.474,0.131,-0.464,-0.07162,-0.54928,-0.01840,-0.54074,-0.07457,-0.47898
0,1,0,-1.207,-0.795,-0.50694,1,1,-1.326,1,0.703,0,0.0,0.34,-1,1,0.514,0,0.0,1,1.469,1,1.175,0.0,0,-0.927,1.447,0.249,-1,1,-0.807,0.561,-1,0.349,1
1,1.147,0,0.84177,0.304,0.719,0.514,0.09916,0.78,-0.37764,0.88186,-0.843,0.61181,-1.084,0.195,-0.555,-0.25527,-0.62869,-0.721,-0.25105,-1.191,0.126,-0.86498,0.51477,-0.656,0.74895,-0.158,0.77937,0.106,0.64135,0.42827,0.361,0.62447,-0.006,0.69409
0,1,0,1,0.633,0.0,0.0,1.358,-0.587,-1.308,-1.092,1,1,1,-1.06,0,0,1,-1,1.468,0.839,0.0,0.0,1,-1,-1.334,-0.54,1,1,-1,0.591,-1.469,0.933,0,0
1,1,0.0,1.281,0.63548,1.024,1,0.77123,1.437,-0.209,1,-1,0.529,0.0,0.743,-1.301,1,-1,0,-0.788,-0.481,-0.96,-0.646,-0.627,-0.33333,-0.33333,-0.777,0.19235,-1,1,-0.885,0,-1,0.908,-0.66667
0,0,0.0,-0.873,1,-0.745,-0.927,0,0.0,-1.205,0.729,1,-1,-1,-1,-1,0.659,0,0,-1,-1,-0.776,1,0.0,0.0,1.477,-0.839,1,1,1.244,-1.17,1,1,0.0,0.0
1,1,0,0.933,0.06843,0.802,0.195,1,0.22108,0.809,-0.18,0.67,0.302,1,0.48981,1,0.422,-0.37500,0.612,1,0.0,1,1.175,1,1.432,1,1,1.046,0.532,1,0.326,1,1,0.828,1.47
0,0,0.0,-1,-1.117,0,0.0,0.0,0,0.0,0.0,0.0,0,0.0,0,1.054,-1,0.0,0,-1.174,-1,0,0.0,1,1.36,0.54,-1,1,-0.914,0,0,0.0,0,0,0.0
1,1.143,0.0,0.64947,-0.07896,0.496,-0.13,-0.178,-0.21384,0.157,0.04,0.38096,-0.26339,0.28931,-0.377,0.026,-0.18947,0.20269,-0.239,0.15196,-0.333,0.114,-0.31525,0.053,-0.242,0.03004,-0.25124,-0.00046,-0.23210,-0.039,-0.304,-0.04717,-0.18950,0.014,-0.27201
0,1,0,0.0,0.0,0,0,0.0,0,0.0,0,0.613,-0.268,0.16667,0.26042,0.0,0.0,0.0,0,0,0.0,-0.19792,-0.21875,-0.16667,0.763,-0.832,0.279,0.04167,0.75000,-0.23,-1.48,-0.133,-0.27083,-0.282,-0.93750
1,1,0,0.748,0.037,0.99363,0.105,0.96142,0.134,0.95513,-0.198,0.528,0.793,1.082,0.25283,0.616,0.27380,0.849,0.28714,0.699,0.29304,0.52494,0.272,0.668,0.232,0.553,0.27226,0.32930,0.25553,0.27381,0.135,0.22427,0.21378,0.18086,0.134
0,1,0,1.26,-0.052,-1.15,-1.477,-0.947,-1.087,1,0.31746,0.81349,0.474,-0.651,-0.594,-1,1,0.24,1,1,1,0.885,-0.786,-1,-1,0.82937,0.36508,1,0.599,0.943,0.666,-1,-0.479,-1.176,0.72831
1,1,0.0,1.218,-0.00190,0.60761,0.43204,0.722,-0.55,0.93123,0.16828,0.96197,0.118,0.589,0.044,0.755,0.05097,0.919,-0.25324,0.87379,-0.145,1.108,0.311,0.75081,-0.03641,0.84547,-0.028,0.87293,-0.02302,0.98544,0.106,1.054,-0.087,1.157,-0.14725
0,1,0,1.442,-1,1,1,1,1,1,-0.723,1,1.33,1.112,1.14,1,1,0.0,0.0,0.574,0.521,1.395,0.507,0.519,-1,1.453,1,1.245,0.48,1,-0.75000,-0.75000,1.445,0.657,1
1,1,0.0,1,0.23058,1.308,-0.476,0.707,-0.082,1,0.218,0.922,0.323,0.98120,-0.079,1.398,0.06610,0.95802,-0.18954,0.581,-0.15633,1.456,0.04,1.286,0.09242,1,-0.01253,0.694,-0.04597,0.91165,0.045,1,-0.146,0.96523,-0.11717
0,1,0.0,0.36876,-1,-1.108,-1,-0.06,1,1,0.95041,0.74597,-0.38710,-1.266,-0.642,-0.129,1,0.434,0.46502,0.204,-0.27461,-0.092,-0.146,-0.11976,0.069,0.03,0.085,0.03443,-0.014,-0.004,-0.018,-0.01,0.00108,0.00015,0.00325
1,0.898,0,0.893,0.311,0.814,-0.16964,1,-0.07653,0.98151,-0.07398,0.401,0.309,1.029,0.019,0.98214,0.02487,1,-0.14,0.95663,0.07717,1,0.00191,1.064,0.168,0.892,-0.177,0.528,-0.00394,0.75638,0.07908,1.484,-0.173,1.295,-0.05740
0,0,0.0,0,0,0.0,0.0,0.0,0,0,0,0.0,0.0,1.264,1,1.282,0.633,1,-0.519,0.0,0,1,1,1,-0.558,1,0.542,1,0.0,1,1.145,1.293,-1,0.0,0
1,1,0,1,-0.404,1,-0.288,0.94623,-0.35094,1,-0.402,0.92736,-0.406,0.90818,-0.588,0.733,-0.58899,1.024,-0.769,0.355,-0.47,0.536,-0.70975,0.54465,-0.753,0.49214,-0.569,0.436,-0.588,0.26352,-0.78239,0.101,-0.73145,0.13994,-0.603
0,1,0.0,0.0,0,0,0.0,0.0,0,-0.559,-1,0.0,0,1.102,-1,0,0,-1.105,-1,-0.817,-1,1.283,-0.882,-0.831,-1,1,1.243,-1,-0.20000,0.97,-0.995,0.0,1,0.0,0
1,0.685,0,0.932,0.09091,0.95455,-0.09091,0.58,0,0.961,0.0,0.95455,0.0,1,0.04545,0.90909,-0.034,1,0.0,1.38,0.0,0.86364,0.09091,1.139,0.093,0.49,0.04545,1.293,0.02897,0.95455,0.136,0.86364,-0.046,0.538,0.04545
0,0,0.0,0.0,0.0,-0.789,1,0.771,1,-0.508,-0.743,0.0,0,-0.7,-1,-1,-0.414,-1,-1,0.704,-1,1,-1,0,0,1,-1,-1.05,-0.783,0,0.0,1.187,-0.709,0,0.0
1,0.831,0.0,0.91176,-0.08824,0.97059,0.17647,0.82353,0.078,0.654,-0.02941,1.295,-0.173,0.492,0.14706,0.94118,0.024,0.993,0.0,1,0.0,0.629,0.11765,0.446,0.02941,1.246,0.02941,0.92663,0.038,0.94118,-0.121,0.624,0.05882,0.91176,0.05882
0,1,0,-1,1,-1,0.15244,0.418,1,-0.76,1,-1,-0.875,0.767,1.194,-1.1,-0.23476,0.347,-1,0.991,1.172,-0.442,-1,-1.421,-0.57,1,-1.377,-0.725,-0.044,0.639,-0.841,-1,-0.32317,0.14939,1
1,1,0,0.272,-0.152,0.83781,0.013,0.83155,0.023,0.948,-0.05263,0.737,0.0,0.633,0.065,1.055,0.046,0.84211,0.47368,1,0.05263,0.439,0.092,1.002,0.08141,0.451,0.21053,0.65419,0.08968,0.52632,-0.21053,0.60150,0.072,0.57418,0.08
0,1,0.0,-0.007,-0.5,0,0,-0.01923,1.258,0.0,0,0,0.0,0,0,0,0,0,0.0,0.461,1.061,-0.465,0.74359,-0.315,-0.80769,0.0,0.0,-0.61538,-0.298,0.0,0.0,0.0,0,0.0,0
1,1,0.0,1.432,0.626,0.654,0.54545,0.81818,0.63636,1,-0.105,1,0.0,1.148,-0.324,0.63636,0.27273,0.863,-0.327,1,-0.27273,0.90909,-0.485,0.773,0.099,1,-0.09091,1.499,0.063,1.216,0.36364,1,0.63636,0.565,0.27273
0,0.0,0.0,-1,-1,1,-1,-0.507,1.117,0,0.0,1.416,-1,1,-1.344,0.0,0,0,0,0.0,0.0,-0.841,1.097,1.489,-1.316,-1,1,1.087,1.193,0,0,1,0.483,0,0
1,1,0.0,0.678,0.131,0.63636,0.09091,0.38,0.18182,0.822,0,0.36364,-0.09091,0.598,-0.09091,0.48612,-0.008,0.617,-0.166,0.45455,0.0,0.36364,-0.055,0.263,0.197,0.36364,-0.09091,0.189,-0.01768,0.27273,0.0,0.36364,0.0,0.28985,-0.017
0,1,0,-0.943,-0.59677,0,0.0,-1,0.64516,-0.87097,1,0.0,0.0,0.0,0.0,0.0,0,0.0,0,0.0,0,-1,-1,0.0,0.0,0.182,0.317,0.54,0.315,0,0.0,0,0.0,0,0
1,1,0,0.695,0.14286,1.334,0.616,1,0.449,1,-0.14286,1.15,-0.102,1,0.02,0.913,0.0,0.42857,-0.134,1.407,0.03617,1.006,-0.28571,1.177,0,0.389,-0.205,1,0.04891,1.449,0.05182,1.087,0.57143,1,0
0,0.0,0,1,0.908,0.867,-1.255,1,1,1,1,1,1.164,0.905,-1.21,1,1,0.836,-1,1,-0.656,1,1,1.137,0.526,1,-1,1.171,1,1.267,0.533,1.179,0.993,1,1.331
1,1,0.0,1.296,0.336,0.512,0.796,0.10380,1.204,-0.38033,0.87916,-1.063,0.84,-1.296,0.16731,-0.82417,-0.24942,-0.59383,-0.339,-0.24012,-0.82881,0.18823,-0.78699,0.523,-0.605,0.69274,-0.24843,0.69097,0.08,0.456,0.351,0.263,0.56573,-0.09,0.57552
0,0,0,0.801,-1.049,1.254,0.874,0.627,-1,0.711,1,1,-1,0.609,-0.87,1.016,-1.121,1,1,1,1,1,1,0.86,-1,0.522,1.105,1,1.497,0.784,1,1,0.975,0.912,-1
1,1,0,0.92657,0.026,0.722,0.234,0.488,0.19791,0.83675,0.36526,0.836,0.40198,0.76221,0.414,0.94,0.685,0.60101,0.424,0.797,0.52180,0.273,0.54212,0.42546,0.708,0.405,0.55274,0.26978,0.431,0.22307,0.576,0.182,0.49124,0.11573,0.389
0,0,0.0,0.528,1,1,-0.605,1,-0.899,1,1,0.0,0,1.388,-1,0.0,0,0.0,0.0,0,0,-1,1.181,1,0.585,0.0,0.0,1.428,1,0.0,0,-0.796,-1,0.0,0
1,1,0,1.125,0.13645,0.93716,0.259,0.85705,0.372,0.79039,0.47127,0.72352,0.59942,0.65260,0.811,0.462,1.036,0.41629,1.049,0.325,0.928,0.13712,0.864,0.00494,0.88869,-0.088,0.79780,-0.20995,0.859,-0.496,0.489,-0.24,0.92,-0.461,0.55835
0,0,0,0.745,-1.175,-1.297,1,-1,1.447,1,1,1.035,1,-1.03,-1,-1,-1,1.083,1.136,0.955,-0.732,-0.724,-1.347,-0.557,-0.51,1,0,1,-1,1,-1,-0.718,0.779,-1,0.861
1,1,0,0.80627,0.152,0.838,0.156,0.519,0.19038,0.36923,0.45577,0.6,0.46439,0.25000,0.748,0.37,0.516,0.121,0.51877,-0.073,0.816,-0.03462,0.42885,-0.072,0.326,-0.077,0.40006,-0.19940,0.34976,-0.23832,0.29541,-0.26634,0.289,-0.316,0.376
0,0,0.0,1,-1,0.675,1,1,-0.98,1.149,1,0.54,-0.777,1.092,0.721,1,-1.154,1.1,-1,1,1,1,1,0.633,-1,1.007,-0.835,1,-0.7,1.469,1,1.346,-0.546,1,1
1,1,0.0,0.936,0.192,0.789,0.20036,0.88783,0.32248,0.707,0.32711,0.85550,0.606,0.72298,0.412,0.653,0.58820,0.58548,0.893,0.287,0.70398,0.44245,0.476,0.35289,0.75622,0.159,0.808,0.16813,0.78541,0.102,1.052,-0.02962,0.996,-0.146,0.74242
0,0,0,0,0,1.205,1,0,0,0.967,0.743,0.0,0,0.544,-1.301,0.0,0.0,0,0.0,0.0,0,0,0,0.0,0,0.0,0.0,1,-0.628,0.0,0.0,-1,0.529,0,0
1,1.436,0.0,0.92308,0.214,0.86399,0.29757,0.587,0.274,0.70588,0.414,0.57449,0.487,0.43270,0.74676,0.31705,0.67697,0.283,0.712,0.025,0.891,-0.12064,0.76969,-0.18479,0.929,-0.29291,0.65708,-0.573,0.58553,-0.46799,0.50131,-0.661,0.356,-0.608,0.448
0,0,0.0,0.0,0,1.47,1.135,0.802,0.554,0,0.0,0.0,0,-0.763,-0.54,0,0.0,-1,-1,0.0,0.0,0.0,0.0,1,1,0,0.0,1,1,0,0,-1,1,0.0,0
1,1,0.0,0.88804,0.31,0.65926,0.69431,0.29148,0.982,-0.06726,1.081,-0.571,0.80441,-0.64574,0.306,-0.619,0.316,-0.78940,-0.052,-0.574,-0.332,-0.467,-0.55605,-0.175,-0.578,0.081,-0.61055,0.211,-0.48392,0.43227,-0.29838,0.496,-0.09461,0.42152,0.12556
0,0,0,1,-1,1.037,1.235,1.193,0.905,1,1.005,1.359,1,0.526,-1,1,1.143,1.422,1,1,-1,1,-0.907,1.145,-1.203,1,-1,1,0.809,1.179,-1,1.498,0.773,1,0.741
1,0.805,0,0.73523,-0.38293,0.491,0.077,0.656,0.15266,0.55580,0.059,1,0.314,0.71947,0.347,0.561,0.32925,0.578,0.139,0.514,-0.02845,0.569,0.244,0.53120,0.44872,0.796,0.57549,0.44174,0.48200,0.12473,0.558,0.372,0.49721,0.30588,0.358
0,0.0,0,0.0,0,0,0.0,0,0,0.0,0.0,0,0.0,0.0,0.0,0,0,0,0,0.0,0.0,0.0,0.0,0,0.0,0,0,1,1.172,0,0.0,0.0,0.0,0,0
1,1.085,0,0.94649,0.007,0.97287,-0.00260,0.98922,0.002,0.95801,0.021,0.94054,0.029,0.97213,0.04719,1.16,0.009,0.94277,0.105,1.118,-0.01,0.97770,0.032,1.108,0.07098,0.733,0.08101,1.035,0.04356,0.97473,0.005,0.609,0.084,1,-0.00260
0,0,0.0,0.521,1.453,-1,-1.341,-1,-1,0.0,0.0,0.0,0,-1,-1,0,0,0.0,0.0,0,0.0,-1,1.37,1,1,0.0,0.0,0.538,-1.076,0,0.0,-1.305,-1,-1,-1
1,1,0,0.50466,-0.16900,0.71442,0.01513,1.022,0.012,0.68065,0.007,0.484,0.029,0.996,0.055,0.68101,0.073,0.67023,0.05692,0.487,-0.04662,0.64503,0.06856,0.63077,0.107,0.552,0.24,0.394,0.107,0.38228,0.096,0.787,0.071,0.54632,0.09346
0,1.052,0.0,0.68729,1,0.91973,-0.813,0.937,0.04348,0.76087,0.099,1.051,0.513,0.495,0.18227,0.75920,0.13712,0.674,-0.25084,0.821,0.18729,0.64883,0.24582,0.60201,0.47,0.638,-0.53846,1.045,0.232,0.622,0.53846,1.495,-0.06522,0.56522,0.254
1,0.724,0.0,0.76296,-0.07778,1.326,-0.29630,1.336,-0.884,0.714,0.055,0.45556,-0.42778,1,-0.125,1,-1.239,0.49259,0.01852,0.82222,-0.046,0.979,-0.252,1.108,0.22037,0.566,-0.26481,0.92148,-0.24549,0.78889,0.013,1.121,-0.27105,0.528,-0.57037
0,1,0.0,0.499,0.15564,0.23,0.07393,0.342,0.24125,0.148,0.156,0.208,0.25292,0.274,0.36965,0.08949,0.22957,-0.03891,0.36965,0.05058,0.135,0.373,0.09728,0.069,0.266,-0.02494,0.287,-0.032,0.26256,-0.081,0.14786,-0.086,0.178,-0.19066,0.28794
1,1,0,0.57540,-0.03175,0.75198,-0.05357,0.475,-0.013,0.438,0.043,0.479,0.09921,0.414,-0.019,0.804,0.01190,0.586,0.02579,0.852,0.008,0.395,-0.032,0.778,0.03770,0.5,0.03968,0.61291,-0.016,0.603,-0.17,0.68849,-0.01389,0.62500,-0.03175
0,1,0,0.06404,-0.15271,-0.026,0.078,0.08374,-0.02463,-0.01478,0.23,0.055,0.0,0.075,-0.131,0.046,0.0,0.01970,-0.02956,-0.12808,-0.178,0.069,0.018,0.06897,0.033,0.116,0.16256,0.319,-0.04926,-0.047,-0.083,0.04433,0.05419,0.07389,-0.10837
1,1,0,0.496,0.10850,0.686,-0.035,0.528,0.01678,1.029,0.00224,0.71029,0.15772,0.9,-0.001,0.79754,0.06,0.853,-0.203,1.027,-0.116,0.691,-0.018,0.60962,0.11745,0.71253,-0.09508,0.378,-0.014,0.63311,0.04810,0.78859,-0.05145,0.593,-0.04698
0,1.413,0.0,0.251,0.269,0.0,0,-0.223,-1,0,0.0,0.07595,-0.076,0.0,0,0.0,0.0,0,0.0,0,0.0,0.00759,0.68101,-0.186,0.33671,-0.10380,0.3,0.05570,-1.38,0,0,0.06329,-0.622,0,0
1,1,0,0.88103,-0.00857,1.156,-0.022,0.988,-0.026,0.875,-0.091,0.82208,-0.077,1.222,0.01179,0.90782,-0.107,1.034,-0.048,0.90782,-0.017,0.87996,-0.14577,0.82851,-0.183,0.742,-0.145,0.88245,-0.14903,0.84352,-0.12862,0.88424,-0.246,0.707,-0.16827
0,1,0,0.275,-0.586,0.0,0.0,0,0.0,0.391,0.377,0.58958,0.02083,0,0.0,0,0,0.24,-0.45417,0.59167,-0.18333,0.0,0,0,0.0,0.563,-0.40833,-1,-0.993,-0.27917,-0.662,0.0,0,0.0,0.0
1,1,0.0,1.224,0.013,1.099,0.016,1.301,0.02,0.89179,-0.101,0.90103,-0.08428,0.93040,-0.01033,0.823,-0.127,0.86025,-0.05057,0.89451,-0.056,0.88418,-0.12126,0.952,-0.11909,0.636,-0.14138,0.86453,-0.11808,0.546,-0.099,0.83524,-0.094,0.955,-0.12235
0,1,0.0,0.0,0,1.071,0.166,1.203,-0.02000,0.0,0.0,1,-0.42444,1,0.264,0.793,-0.05333,1,-0.81556,0,0.0,0.605,-0.045,1,-0.269,0,0.0,1,-1,0,0.0,1.206,0.091,0.90667,-0.09556
1,1,0,0.723,0.03714,0.866,-0.001,0.994,0.004,1.02,-0.036,0.87571,0,0.85571,-0.099,0.972,0.00286,0.82857,-0.03,0.81000,-0.163,1.152,-0.077,0.84286,-0.059,0.77000,-0.06857,0.932,-0.062,0.82571,-0.10429,0.558,-0.05000,0.82143,-0.15143
0,1,0.0,0,0.0,0.0,0,0,0,0.0,0.0,0,0.0,-1,0.654,1.489,0.426,0,0,0.0,0.0,0,0,0,0,0.0,0.0,1,1,0.0,0.0,0,0.0,0.0,0
1,1,0.0,0.67,0.017,0.233,-0.09610,0.50649,-0.046,0.50130,0.09610,0.44675,0.058,0.55844,-0.1,0.559,-0.04,0.629,-0.05974,0.534,-0.005,0.3,-0.03377,0.49091,-0.01039,0.771,0.0,0.53215,-0.03280,0.43117,0.03377,0.54545,-0.072,0.757,-0.08571
0,0,0.0,0,0.0,0,0.0,0,0,0,0.0,0.0,0.0,0.0,0.0,0.0,0,0.0,0.0,0.0,0,0,0,0,0,0.0,0,1.44,-0.955,0,0.0,0,0.0,0,0
1,1,0,0.86,0.5,1,0.25000,0.25000,1,0.103,1.234,-0.13336,1.105,-0.34107,0.891,-0.547,0.37856,-0.439,0.134,-0.36676,0.005,-0.288,-0.09025,-0.228,-0.13,-0.07,-0.12744,-0.021,-0.10242,0.01,-0.07036,0.02224,-0.053,0.016,-0.02017
0,1,0,0,0,0.0,0.0,1,0.862,-1,-1,0.0,0.0,1,-0.11111,0.0,0.0,0.0,0.0,-0.526,1,1,1,0.867,-0.938,0.0,0,1.362,-1,0,0,0,0.0,0.913,1.177
1,1,0.0,0.87048,0.38027,0.64099,0.69212,0.262,0.462,-0.039,0.90740,-0.42173,1.141,-0.70561,0.586,-1.079,0.22735,-0.81136,-0.12539,-0.961,-0.513,-0.38334,-0.789,-0.115,-0.70762,0.141,-0.778,0.38544,-0.653,0.783,-0.362,0.56239,-0.05938,0.499,0.16645
0,1,0.0,0,0,0.0,0.0,0,0,-0.609,1,0,0,0.975,0.392,-0.12000,-0.104,0.0,0.0,-1,-0.765,0,0.0,1.442,-1,0,0.0,1,0.22667,0,0.0,0.0,0.0,0.0,0
1,1,0,0.804,0.43491,0.747,0.609,0.103,0.822,-0.24103,0.524,-0.62526,1.067,-0.699,0.33652,-0.807,-0.05338,-0.786,-0.44707,-0.46950,-0.89,-0.10237,-0.519,0.291,-0.77570,0.55984,-0.481,1.072,-0.24433,0.812,0.068,0.58137,0.38915,0.34749,0.57656
1,0.899,0,0.32834,0.02520,0.164,0.221,0.152,0.941,-0.384,0.92324,-0.10312,0.246,-0.503,0.25786,-0.55,-0.045,-0.186,-0.14329,-0.171,-0.499,-0.11409,-0.85597,0.02668,-0.22786,0.399,-0.06295,0.33737,-0.11876,0.27657,-0.11409,0.178,0.106,0.12197,0.289
1,1,0.0,0.83427,0.39121,0.54040,1.035,0.118,1.241,-0.312,0.83578,-0.70086,0.59564,-0.869,0.21909,-1.07,-0.307,-0.361,-0.493,-0.19354,-1.052,0.12439,-0.495,0.51109,-0.72454,0.79143,-0.376,1.111,0.08718,0.66592,0.49079,0.194,0.37,-0.03983,0.772
1,1,0.0,0.687,-0.03490,0.59085,0.003,0.726,-0.075,0.575,0.006,0.637,-0.07461,0.67028,0.07220,0.62936,-0.08424,0.73,0.104,0.67148,0.0,0.58965,0.144,0.50060,0.027,0.929,0.14079,0.60463,0.027,0.556,0.04452,0.61733,-0.01,0.61372,-0.09146
1,1.035,0,0.555,-0.02390,0.832,0.03309,0.69,0.174,0.442,0.07721,0.81434,0.315,0.63787,0.004,0.70772,0.21691,1,0.06066,0.61029,0.038,0.977,0.033,0.377,-0.324,0.72978,-0.15809,0.61727,0.058,0.30882,0.127,0.676,0.07458,0.60294,0.288
1,1,0,0.603,0.147,0.628,0.01780,0.77486,0.02647,0.543,-0.077,0.77538,0.08000,0.73961,0.05060,0.843,0.05776,0.68615,-0.057,0.805,0.164,0.887,0.06,0.906,0.092,0.60154,-0.07231,0.818,0.045,0.301,0.31,0.53389,0.09207,0.50609,0.09322
1,1,0.0,0.983,0.043,1.11,0.00202,0.84341,0.00301,0.707,0.09901,0.75813,0.04102,0.591,0.004,0.80738,0.004,0.926,-0.12447,0.526,-0.03536,0.76365,0.01,0.815,0.00978,0.79632,-0.04243,0.70824,0.015,0.394,0.069,0.66624,0.013,0.946,0.01227
1,1,0.0,0.641,0,0.38696,0.10435,0.309,0.06522,0.629,-0.03913,0.35652,-0.12609,0.45652,0.04783,0.316,0.037,0.342,0.183,0.383,0.157,0.42174,-0.038,0.32174,-0.089,0.47391,-0.00870,0.6,0.037,0.38696,0.03913,0.47,0.201,0.312,0.17391
1,1,0.0,0.79830,0.079,0.78129,0.211,0.71628,0.209,0.69320,0.537,0.65917,0.364,0.57898,0.331,0.49210,0.58445,0.364,0.67861,0.286,0.463,0.108,0.68104,0.018,0.72236,-0.058,0.456,-0.11925,0.898,-0.22,0.56015,-0.25516,0.51701,-0.296,0.42467
1,0.532,0.0,1,0.09802,1.477,0.25101,0.98390,0.33044,0.80365,0.53020,1.028,0.468,0.56937,0.71942,0.55311,0.74079,0.376,0.82193,0.21137,1.104,0.09709,1.022,-0.01734,1.04,-0.15144,0.885,-0.17,0.464,-0.257,0.532,-0.421,0.437,-0.327,0.44534
1,0.933,0,1.015,0.085,1.194,0.31543,0.78896,0.235,0.63388,0.639,0.386,0.588,0.243,0.411,0.24266,1.139,0.09134,0.79598,-0.09159,0.76261,-0.20201,0.66926,-0.30263,0.347,-0.551,0.505,-0.46215,0.40753,-0.74,0.293,-0.52823,0.19172,-0.59,0.05972
1,1,0,0.805,0.17498,0.90946,0.391,0.85096,0.49960,0.73678,0.574,0.59215,0.73838,0.48698,0.83614,0.30459,1.088,0.17959,0.93429,-0.00701,0.93109,-0.154,1.102,-0.449,0.615,-0.49,1.102,-0.535,0.779,-0.704,0.587,-0.862,0.294,-0.735,0.26092
1,1,0.0,0.739,0.096,0.86090,0.414,0.72873,0.45747,0.60425,0.561,0.606,0.856,0.36100,0.606,0.155,0.83558,0.003,0.85210,-0.16390,0.782,-0.533,0.76193,-0.514,0.65385,-0.656,0.436,-0.858,0.40972,-0.64511,0.27338,-0.65710,0.13667,-0.581,0.05394
1,1.199,0.0,0.573,0.169,0.538,0.213,0.297,0.52500,0.202,0.22273,0.13753,0.59565,-0.07727,0.414,0.0,0.713,-0.27491,0.42014,-0.56136,0.36818,-0.304,0.18864,-0.40533,0.07588,-0.435,-0.03229,-0.33942,-0.12486,-0.27540,-0.209,-0.163,-0.177,-0.089,-0.27218
1,1,0.0,0.58940,-0.60927,1.261,0.331,0.765,0.07285,0.473,0.16225,0.204,0.24172,0.354,0.12252,0.695,0.255,0.68,0.56,0.54305,0.13907,0.829,0.27815,0.868,0.066,0.752,0.26653,0.49013,0.27687,0.46216,0.28574,0.51,0.416,0.40821,0.29942
1,0.782,0.0,1,0.11385,0.70019,-0.138,0.81594,0.09677,1.048,0.01139,0.757,-0.07780,0.411,0.12524,0.297,0.033,0.29,-0.022,0.754,0.16888,0.72676,0.07211,0.172,0.05882,0.53321,0.294,0.661,0.246,0.18,0.381,0.44141,0.18897,0.56167,0.15180
1,1,0,0.84843,0.089,1.124,-0.026,0.77031,-0.043,0.66725,-0.096,0.641,-0.07666,0.67260,-0.03,0.64260,-0.06438,0.39199,0.04530,0.37,0.01394,0.284,-0.108,0.53430,-0.08453,0.614,-0.332,0.48659,-0.092,0.311,-0.123,0.639,-0.11,0.42223,-0.09808
1,1,0,0.523,0.08013,0.96775,-0.00482,1.204,-0.005,1.022,-0.031,0.768,0.015,0.96186,-0.01,0.95947,-0.01671,0.98497,0.012,0.91152,-0.114,0.95016,-0.034,0.94636,-0.015,0.98164,0.02003,1.247,-0.02,1,-0.076,0.92774,-0.049,0.92226,-0.051
1,1,0,0.47938,-0.12371,0.548,-0.15,0.731,-0.39175,0.73196,0.05,0.242,-0.21649,0.661,0.15979,0.45361,-0.11856,0.484,0.06186,0.5,-0.27320,0.54639,0.18557,0.42268,0.082,0.451,0.175,0.324,-0.08,0.163,-0.19,0.47423,0.044,0.397,-0.771
1,1,0.0,0.63510,-0.045,0.76530,0.021,0.61432,0.321,0.65358,-0.005,0.64203,0.08314,0.79446,-0.43418,0.383,0.493,0.884,0.207,0.64,0.21940,0.63279,-0.206,0.786,0.15359,0.64665,0.213,0.68775,0.144,0.818,0.07621,0.519,0.19841,0.874,0.36721
1,1,0.0,0.50112,-0.051,0.61124,0.015,0.486,0.01573,0.58876,0.02472,0.66742,-0.002,0.71685,-0.025,0.66517,0.011,0.57303,0.029,0.692,-0.07416,0.56854,0.179,0.57528,-0.019,0.46517,0.04944,0.56588,0.005,0.258,-0.035,0.706,0.067,0.347,-0.08090
1,1,0,0.805,-0.008,0.888,-0.04207,0.831,-0.069,0.998,0.078,0.67314,0.09709,0.5,0.15858,0.60194,-0.025,0.54369,-0.037,0.383,-0.10032,0.536,0.104,0.39159,0.21683,0.52427,-0.043,0.45105,0.00040,0.246,-0.06796,0.49191,-0.157,0.348,-0.05178
1,1,0,0.448,0.056,0.77037,0.039,0.65185,0.101,0.607,-0.00494,0.79012,0.131,0.59753,0.067,0.62469,0.087,0.984,-0.17531,0.73827,-0.087,0.48642,0.00988,0.867,0.08148,0.66667,-0.113,0.63773,-0.015,0.76543,0.013,0.528,-0.088,0.443,-0.04691
1,1,0,0.746,-0.02712,0.504,0.052,0.52881,-0.057,0.50508,0.03,1.039,-0.076,0.57966,-0.02034,0.53220,0.07797,0.64068,0.059,0.56949,-0.016,0.484,0.007,0.71525,-0.047,0.52881,-0.027,0.857,0.00750,0.58644,-0.00339,0.602,-0.02712,0.421,0.065
1,1,0.0,0.49515,0.1,0.392,0.05825,0.177,0,0.57282,-0.02427,0.46,0.02427,0.33495,0.069,0.489,0.00485,0.65,-0.079,0.233,0.003,0.246,0.05825,0.18932,0.255,0.233,-0.15049,0.36547,0.051,0.39320,0.17476,0.26214,0.0,0.525,-0.01942
1,1,0,0.98822,0.03,0.652,0.34100,0.746,0.29,0.576,0.48906,0.722,0.763,0.526,0.879,0.43130,0.66237,0.31800,0.906,0.298,0.68873,0.048,0.73696,0.045,0.71284,-0.16489,0.581,-0.16556,0.60510,-0.16209,0.55805,-0.272,0.555,-0.33483,0.445
1,0.738,0,0.751,0.15810,0.90112,0.35237,0.82039,0.648,1.058,0.64888,0.297,0.73743,0.339,0.83156,0.249,0.84804,0.048,0.85475,-0.12193,0.79749,-0.26180,0.46,-0.464,0.545,-0.609,0.58324,-0.57587,0.54,-0.61899,0.156,-0.653,0.161,-0.64134,0.025
1,1,0.0,0.99701,0.268,0.813,0.47030,1.059,0.62415,0.53312,0.78120,0.444,1.254,0.10107,0.892,-0.052,0.89274,-0.28269,0.413,-0.317,0.394,-0.773,0.62,-0.915,0.35534,-0.64658,0.15908,-0.66651,0.031,-0.64872,-0.13462,-0.54615,-0.189,-0.519,-0.35032
1,1,0.0,0.727,0.19959,0.96132,0.44,0.80514,0.587,0.56687,0.51,0.381,0.83230,0.14939,0.89489,0.05167,0.743,-0.311,0.457,-0.459,0.75554,-0.662,0.637,-0.65515,0.727,-0.68851,0.30912,-0.93,0.175,-0.75406,-0.035,-0.75199,-0.244,-0.66932,-0.34367
1,1.282,0,0.93972,0.28082,0.569,0.307,0.58167,0.73151,0.34961,0.958,0.10797,0.964,-0.20015,0.89335,-0.272,0.82163,-0.58835,0.525,-1.051,0.288,-0.914,0.277,-1.219,-0.04284,-0.585,-0.26883,-0.546,-0.304,-0.46422,-0.61446,-0.235,-0.809,-0.08937,-0.71273
1,1,0.0,1.072,0.22,0.865,0.62233,0.578,1.336,-0.03643,1.199,-0.297,1.079,-0.25137,0.48816,-0.57377,0.28415,-0.77,0.10591,-0.47359,-0.06193,-0.889,-0.073,-0.466,-0.368,-0.12897,-0.455,0.07158,-0.437,0.125,-0.43478,0.36586,-0.30057,0.42805,0.13297
1,1,0.0,0.406,0.10025,0.23308,0.113,0.03759,0.373,0.116,0.294,0.06266,0.195,-0.051,0.184,-0.085,0.043,-0.06328,0.04097,-0.05431,0.01408,-0.04166,-0.00280,-0.02876,-0.011,-0.011,-0.01505,-0.00886,-0.016,-0.004,-0.017,0.0,-0.00948,0.00290,-0.00647
1,1,0,0.769,-0.481,1,0.216,0.75376,-0.008,0.82519,0.19361,0.50188,-0.168,0.65977,0.06391,0.377,0.089,0.72368,-0.42669,0.718,0.067,0.675,0.14,0.822,-0.522,0.64850,-0.04699,0.798,-0.101,0.52820,-0.073,0.15602,-0.158,0.44767,-0.10309
1,1,0.0,0.719,0.13215,0.72171,0.054,0.65829,0.117,0.298,0.093,0.43837,0.20330,0.397,0.138,0.319,0.069,0.346,0.029,0.662,0.136,0.32835,0.14616,0.29495,0.14638,0.26436,0.14530,0.346,0.14314,0.339,0.16137,0.18767,0.13632,0.16655,0.176
1,1,0.0,0.94080,0.11933,0.85738,0.01038,0.85124,0.01546,0.875,-0.004,0.84459,0.10916,0.722,0.02,0.82680,0.032,0.74838,0.01943,0.503,0.035,1.085,0.044,1.093,0.063,0.406,0.02220,0.722,0.06235,0.85939,0.108,0.541,0.067,0.77269,0.07508
1,1.21,0.0,0.87111,0.04326,0.706,0.272,0.99009,0.224,0.89455,-0.08337,0.88598,-0.02,0.90446,-0.26724,0.942,0.284,0.88644,-0.055,0.84452,-0.012,1.408,-0.34024,0.78954,-0.25101,1.167,-0.087,0.85967,-0.024,0.78774,-0.055,0.75935,0.116,0.88238,0.089
1,0.801,0.0,0.654,0.036,0.98994,0.09792,0.75855,0.13,0.398,-0.09188,0.95842,0.025,0.597,-0.00469,0.96110,0.107,0.91482,0.033,0.445,0.023,0.81221,-0.121,0.86,0.0,0.71764,-0.01207,0.82271,0.02552,0.72435,-0.01,0.90409,0.11066,0.72837,0.02
1,1.016,0,0.47337,0.153,0.06213,-0.18343,0.568,0.005,0.45562,-0.063,0.56509,0.018,0.44675,0.223,0.598,-0.048,0.623,0.12426,0.586,0.171,0.67,0.02842,0.51183,-0.10651,0.272,-0.026,0.46514,0.03259,0.53550,0.25148,0.31953,-0.176,0.219,-0.00296
1,1,0.0,0.31,0.14689,0.825,-0.114,0.85122,-0.13936,0.80979,0.014,0.642,0.02825,0.536,-0.04520,0.80791,-0.148,0.51412,-0.24482,1.105,-0.084,0.70245,-0.00377,0.3,0.05,0.56121,-0.33145,0.61444,-0.188,0.529,-0.031,0.71,-0.31262,0.688,-0.22034
1,1,0,1.176,-0.03397,0.523,-0.08493,0.456,0.0,0.691,-0.07643,0.71975,-0.172,0.906,-0.11677,0.77495,-0.18684,0.78132,-0.21231,0.746,-0.122,1.007,-0.151,0.89384,-0.03397,0.84926,-0.26115,0.392,-0.23312,0.668,-0.298,0.741,-0.367,0.45,-0.24841
1,1,0,0.87772,-0.08152,0.611,0.07337,0.84783,0.044,0.77174,-0.014,0.77174,-0.054,0.907,-0.115,0.67935,-0.008,0.88043,-0.20924,0.83424,0.024,0.86413,-0.05978,0.97283,-0.4,0.732,-0.135,0.83705,-0.076,0.438,-0.037,1.058,-0.10870,1.113,-0.006
1,1,0.0,0.74704,-0.13241,0.778,0.241,0.72727,0.111,0.69565,-0.114,0.66798,-0.23518,1.166,-0.198,0.73715,0.054,0.471,-0.00395,0.63636,-0.11858,0.958,-0.25296,0.341,-0.28656,0.67194,-0.082,0.61847,-0.088,0.477,-0.117,0.487,0.06917,0.897,-0.01383
1,1,0.0,0.316,0.11308,0.58980,0.00665,0.55432,0.06874,0.307,-0.13969,0.64,0.01330,0.626,-0.16186,0.778,-0.039,0.734,-0.136,0.289,-0.051,0.4,-0.19512,0.408,-0.181,0.41463,-0.20177,0.53930,-0.08,0.832,-0.02882,0.53659,-0.136,0.56319,-0.04435
1,1,0,0.88116,0.27475,1.024,0.309,0.361,0.344,0.38825,1.302,0.107,0.806,-0.20097,1.19,-0.35737,0.821,-0.65114,0.494,-1.031,0.45535,-1.112,0.19095,-0.83943,-0.048,-1.15,-0.26356,-0.67557,-0.45511,-0.54732,-0.699,-0.30512,-0.622,-0.122,-0.75597
1,0.722,0.0,0.492,0.29282,0.79917,0.55756,0.59952,1.029,0.26203,0.92651,0.062,0.96748,-0.206,0.95130,-0.55926,0.81018,-0.709,0.62385,-0.90995,0.36200,-1.354,0.038,-1.2,-0.19838,-0.755,-0.294,-0.455,-0.69556,-0.224,-0.85725,-0.106,-0.962,0.079,-0.94823
1,1,0,1.064,0.202,0.534,0.57816,0.369,0.511,0.05717,0.727,-0.09238,0.92118,-0.62403,0.535,-0.69767,0.242,-0.81422,0.41195,-1.17,-0.007,-0.78973,-0.535,-0.76901,-0.566,-0.57242,-0.737,-0.356,-0.81876,-0.02979,-1.285,0.25392,-1.137,0.002,-0.81686
1,1,0.0,0.597,0.37,0.69256,0.47702,0.408,0.98,0.171,0.86761,-0.08096,0.793,-0.525,0.813,-0.52735,0.446,-0.70350,0.429,-0.75821,0.03939,-0.71225,-0.22,-0.58315,-0.39168,-0.37199,-0.355,-0.104,-0.324,0.08425,-0.493,0.25164,-0.48468,0.529,-0.35339
1,1,0.0,1.124,0.33164,0.76168,0.62349,0.493,0.467,0.228,0.95193,-0.13956,1.308,-0.47202,0.83590,-0.70747,0.786,-1.201,0.233,-0.91814,0.05595,-0.89824,-0.385,-0.4,-0.581,-0.567,-0.74735,-0.204,-0.86122,0.07810,-0.87159,0.409,-0.541,0.59407,-0.643
1,1,0.0,0.675,0.268,0.68,0.57671,0.317,0.527,0.17293,0.585,-0.217,0.79886,-0.601,0.66541,-0.68421,0.649,-0.74725,0.19492,-0.648,-0.044,-0.746,-0.28195,-0.49165,-0.53463,-0.313,-0.537,-0.01530,-0.86,0.22708,-0.738,0.43100,-0.51206,0.64662,-0.30075
1,1,0,0.603,-0.021,0.98058,-0.023,0.832,-0.061,1.219,0.01456,0.95278,-0.028,0.98500,-0.11,0.99382,-0.07149,0.97396,-0.09532,0.781,-0.12224,1.488,-0.053,0.95278,-0.08914,0.512,-0.08341,0.96653,-0.184,0.927,-0.178,0.818,-0.183,0.96778,-0.18800
1,1,0.0,1.196,-0.01531,0.786,0.01001,0.94994,-0.01472,0.55,-0.01060,0.772,-0.054,0.97173,-0.014,1.003,-0.029,1.145,-0.04064,1.076,-0.068,0.94229,-0.02179,0.653,-0.04417,0.662,-0.042,1.247,-0.05827,1.281,-0.07479,0.91991,-0.07244,0.92049,-0.07420
1,1,0.0,0.97032,-0.14384,0.499,-0.00228,1.426,-0.186,0.98630,0.21,0.91781,0.003,0.93607,-0.08447,0.547,-0.00228,0.86758,-0.102,1.273,-0.192,1,0.10274,0.871,-0.05251,0.468,0.054,1.185,-0.058,0.577,-0.20091,0.805,-0.08676,0.96575,-0.21918
1,1,0,0.52542,-0.03390,0.94915,0.08475,0.282,-0.16949,0.30508,-0.023,0.50847,-0.177,0.646,0.28814,0.83051,-0.35593,0.799,0.022,0.55932,0.03390,0.673,0.409,0.741,0.069,0.442,0.209,0.555,-0.00266,0.711,-0.04,0.83051,-0.119,0.76271,-0.066
1,1,0,0.484,-0.148,0.44444,0.116,0.562,0.16667,0.41667,0.13889,0.5,-0.11111,0.79,-0.044,0.58333,0.169,0.55556,0.036,0.285,-0.28,0.246,-0.05556,0.303,-0.02778,0.38889,0.055,0.41543,-0.19,0.281,-0.13889,0.41,-0.14809,0.08333,-0.697
1,0.658,0.0,0.543,1.308,1,0.53810,0.503,0.80833,0.45622,0.46427,0.33081,1,0.148,0.768,-0.161,1,-0.33081,1.274,-0.713,1,-0.38,1.072,-1.237,0.47894,-1.245,0.35175,-1.171,0.076,-1,-0.16713,-1,-0.451,-0.91903,-0.65557
1,1,0,0.915,0.49638,0.83550,0.696,0.572,0.72063,0.226,0.70792,0.134,0.94749,-0.098,1.253,-0.476,0.82223,-0.471,0.71161,-0.68358,0.715,-0.70163,0.24956,-0.877,0.02995,-0.98988,-0.333,-0.70352,-0.287,-0.404,-0.155,-0.267,-0.60454,-0.119,-0.62956
1,1,0.0,0.83789,0.42904,0.876,0.521,0.45625,0.874,0.16470,0.82732,-0.117,0.86947,-0.493,0.791,-0.788,0.537,-1.016,0.192,-0.84014,0.032,-0.62041,-0.31351,-0.47412,-0.48905,-0.37298,-1.006,-0.05054,-0.358,0.22,-0.45911,0.196,-0.39167,0.48319,-0.216
1,1,0,1.211,0.45,0.847,0.415,0.446,0.88576,0.15323,0.791,-0.249,0.5,-0.666,0.83397,-0.78751,0.309,-0.93104,0.26020,-0.93641,-0.06418,-0.474,-0.40949,-0.65079,-0.376,-0.465,-0.84951,-0.065,-1.153,0.27330,-1.097,0.54827,-0.378,0.74828,-0.44173
1,0.816,0,1.314,0.486,0.71976,0.68420,0.29303,0.736,-0.11108,0.869,-0.464,0.92453,-0.66616,0.78766,-0.92145,0.42314,-1.256,0.078,-0.968,0.028,-0.816,-0.66278,-0.274,-0.604,-0.094,-0.729,0.19765,-0.85137,0.48904,-0.70247,0.927,-0.358,0.76066,-0.13194
1,1,0.0,0.862,0.16195,1,-0.045,1,0.007,1,-0.12352,0.882,-0.019,1,-0.01731,1.243,-0.06374,1,-0.07157,1,0.039,1.102,-0.062,1.36,-0.022,1,-0.229,1,-0.084,1.105,0.106,1,-0.14194,0.903,-0.07439
1,1,0,0.717,-0.00155,0.86421,-0.13244,0.863,-0.006,0.62,-0.754,0.951,0.10368,1,-0.114,0.99264,-0.02542,0.95853,-0.13,0.857,0.61739,1,-0.16321,0.841,-0.117,0.588,-0.01664,1.259,-0.025,0.413,-0.01867,0.80634,-0.01957,1.113,-0.019
1,1,0.0,0.59,0.414,0.64064,0.326,0.41319,0.68158,0.111,0.83548,-0.16831,0.78772,-0.42911,0.72328,-0.451,0.41471,-1.004,0.166,-0.69977,-0.09856,-0.793,-0.127,-0.40637,-0.38287,-0.207,-0.267,0.01523,-0.627,0.134,-0.27,0.411,-0.23199,0.266,-0.08036
1,1.461,0.0,0.88085,0.227,0.68389,0.65128,0.287,0.79784,0.043,0.934,-0.29784,0.849,-0.787,0.69590,-0.77106,0.39,-0.713,0.08408,-0.81641,-0.353,-0.452,-0.50022,-0.39766,-0.345,-0.117,-0.75533,0.17041,-0.71504,0.40675,-0.48,0.541,-0.327,0.62765,-0.13305
1,1,0,0.89589,0.553,0.656,0.71804,0.29521,0.659,-0.04787,1.039,-0.232,0.84605,-0.443,0.58511,-0.92819,0.335,-0.92282,-0.183,-0.932,-0.48404,-0.325,-1.123,-0.175,-0.88591,0.181,-0.75,0.53229,-0.526,0.74846,-0.309,0.83142,-0.087,0.76862,0.27926
1,0.719,0,1.071,-0.29,1.347,-0.261,0.703,-0.10127,0.508,0.01266,1,0.11392,1.273,0.06329,0.672,-0.031,0.63291,-0.36709,0.87342,-0.01,0.93671,0.09,1,0.36,0.548,-0.37975,1.173,-0.05540,1,-0.06329,0.569,0.02532,0.505,-0.02532
1,1,0,0.74790,0.00840,0.991,0.024,0.637,0.028,0.472,0.01,0.60504,0.054,0.79093,0.04731,1.136,0.05407,0.64706,0.19328,0.84034,0.04202,0.71285,0.097,0.701,0.1,0.689,0.08403,0.769,0.104,0.61345,0.01681,0.664,0.08757,0.596,0.061
1,1,0.0,0.981,0.026,0.92211,0.01456,0.602,0.016,0.92765,0.08010,0.756,0.11370,0.91161,0.031,0.90738,0.045,0.931,0.022,1.345,0.0,0.89097,0.07047,0.683,0.064,0.83721,0.10853,0.977,0.08950,0.87597,0.08786,1.174,0.10134,0.433,0.10698
1,1,0.0,1,-0.01179,1.117,-0.00343,1.284,-0.01565,1,-0.02,1.097,-0.018,1,-0.031,1.342,-0.03087,0.837,-0.031,0.99314,-0.043,1,-0.03881,1,-0.05039,1,-0.06,1.056,-0.066,1.308,-0.06304,0.99057,-0.097,0.98971,-0.057
1,1,0,0.89505,-0.03168,0.572,0.06,0.89505,0.01386,0.92871,0.027,0.91287,-0.00990,1.022,-0.022,0.91881,0.03366,0.93663,0.0,0.518,0.009,1.303,0.00792,0.88713,-0.01782,0.816,0.014,0.89002,0.022,0.842,0.003,1.303,0.022,0.93,0.02376
1,0.685,0,0.909,0.01,1.274,-0.01773,0.849,0.00709,0.852,0.035,1.315,0.03546,0.598,0.016,0.97518,0.048,1,-0.03191,0.89716,-0.03191,0.86170,0.109,1,0.118,0.873,0.04610,1.407,0.045,0.94681,0.02482,1.248,0.01064,0.93617,0.02128
1,1,0.0,0.39394,-0.33,0.561,0.01270,0.45455,0.09091,0.547,0.063,0.183,-0.283,0.462,0.203,0.464,0,0.4,0.04561,0.51515,0.028,0.78788,0.18182,0.217,-0.165,0.488,0.03,0.46362,0.089,0.33333,-0.03030,0.41856,0.06410,0.39394,0.24242
1,1,0.0,0.791,0.35950,0.849,0.603,0.37201,0.72,0.08646,0.85893,-0.306,1.003,-0.51763,0.67577,-0.683,0.41524,-0.77019,0.052,-0.839,-0.073,-0.49488,-0.383,-0.32537,-0.57679,-0.02844,-0.682,0.15360,-0.53127,0.32309,-0.233,0.58,-0.262,0.48,0.01820
1,1,0,0.479,0.37917,0.907,0.977,0.35916,0.88696,-0.036,0.667,-0.38875,0.84414,-0.85,0.62078,-0.82680,0.432,-0.874,-0.045,-0.698,-0.34275,-0.51778,-0.62443,-0.179,-0.73855,0.099,-0.778,0.499,-0.604,0.52414,-0.42086,0.817,-0.153,0.60073,0.08660
1,1,0.0,0.90547,0.41113,0.65354,0.456,0.314,1.059,-0.13,0.97820,-0.273,0.83263,-0.807,0.55086,-0.96631,0.132,-0.583,-0.383,-0.71863,-0.511,-0.41546,-0.777,-0.016,-1.353,0.317,-1.07,0.541,-0.61959,0.85977,-0.28123,0.88654,0.09800,0.75495,0.46301
1,1.121,0.0,1,1,0.36700,0.048,0.12993,1.31,-0.27586,0.93596,-0.31527,0.391,-1.301,0.36946,-1.128,-0.08867,-0.38916,-0.369,-0.659,-0.689,-0.05419,-1.391,0.145,-0.129,0.73792,-0.377,1.086,-0.055,1,1,0.38670,0.00246,0.1,0.79790
1,1.003,0,1,0.51515,0.616,0.33333,0.048,0.371,-0.32104,0.73062,-0.24,0.692,-0.57576,0.0,-0.68,-0.12121,-0.33333,-0.673,-0.09091,-0.496,0.48485,-0.759,0.57576,-0.42424,0.556,-0.39394,0.72961,0.075,0.501,0.57576,0.271,0.36364,0.082,0.446
1,1,0,0.951,0.0,0.968,-0.041,0.93598,-0.01220,1.147,0.018,0.90244,0.01829,0.93902,0.00915,0.871,0.00305,0.971,0.03,0.94207,-0.015,1.088,0.02439,1.1,0.077,0.99695,0.04878,0.559,0.02226,0.621,0.00915,1,0.053,1.18,-0.01220
1,1,0,0.598,0.08156,0.79078,-0.08156,0.90426,-0.01773,0.957,0.011,0.69,0.098,0.94681,-0.008,0.94326,0.0,0.669,0.193,0.95035,-0.00709,1.308,0.004,1.084,0.07092,0.91135,0.081,0.89527,0.096,0.883,0.05,0.92553,0.141,0.92553,0
1,1,0.0,0.74468,0.079,1.176,0.00982,1.148,0.01471,0.64,-0.01418,0.954,0.086,0.697,0.019,0.87235,0.03382,1.158,0.07801,0.95035,0.022,0.85597,0.07,1.137,0.075,0.87234,0.137,0.83429,0.06014,0.74468,-0.041,0.81710,0.055,0.80774,0.07173
1,1.469,0,0.613,0.03727,1.033,0.00343,0.89210,0.00510,0.86335,0.0,0.95031,0.107,0.475,0.007,0.582,0.01151,0.83851,-0.06211,1.192,0.019,0.703,0.018,1.124,0.018,0.79503,-0.04348,0.82111,0.02033,0.804,0.08696,0.80757,0.027,0.507,0.02441
1,1.419,0,0.97513,0.00710,0.98579,0.01954,1,0.029,0.99290,0.017,0.95737,0.022,0.97158,0.03552,1.358,0.05,0.529,0.02131,1.077,0.052,0.574,0.028,0.94494,0.074,1.287,0.033,0.97540,0.051,0.94849,0.105,0.99112,0.06217,0.83,0.09947
1,1,0.0,1,0.01105,1,0.01105,0.743,0.02320,0.625,-0.013,0.655,-0.00221,0.98343,0.017,1.437,0.007,1.176,0.006,0.97901,0.01657,0.713,0.004,0.98122,0.02099,0.939,-0.007,1.276,0.01600,0.613,0.01547,0.98564,0.015,0.98674,0.02762
1,1,0,1,-0.01342,0.729,0.01566,1,-0.00224,1.477,0.06264,1.144,0.033,0.744,0.02908,1.384,0.081,0.98881,0.043,1.303,0.039,0.99776,0.09396,0.888,0.07383,0.873,0.109,1.125,0.08763,0.99105,0.126,0.839,0.10067,1,0.081
1,1,0.0,0.47,0.36724,0.626,0.67382,0.39613,0.86399,0.02424,0.975,-0.35148,0.512,-0.5,0.845,-0.78658,0.38778,-0.462,-0.00642,-0.69318,-0.32963,-0.52504,-0.772,-0.27377,-0.546,0.011,-0.499,0.357,-0.60678,0.44569,-0.43383,0.414,-0.261,0.377,0.039
1,1.074,0,0.95,0.491,0.64131,0.75725,0.30440,1.063,-0.20449,0.96534,-0.55483,0.81191,-0.982,0.50949,-0.97,0.095,-0.91456,-0.31412,-0.70163,-0.454,-0.345,-0.481,0.044,-1.069,0.44483,-0.82154,0.74105,-0.55231,0.484,-0.27,0.748,0.129,0.634,0.54852
1,1,0,0.172,0.13,0.13,0.266,0.14020,0.74485,-0.25131,0.744,-0.16503,0.26664,-0.63714,0.24865,-0.97650,-0.00337,-0.265,-0.19909,-0.30522,-0.733,-0.14426,-1.03,0.09345,-0.393,0.284,-0.192,0.294,-0.142,0.37,0.05614,0.194,0.292,0.13376,0.318
1,1,0.0,0.509,0.43617,0.44681,0.742,0.05319,0.521,-0.32027,0.82139,-0.68253,0.441,-0.63,0.07111,-0.82811,-0.28723,-0.581,-0.762,-0.038,-1.273,0.279,-0.76316,0.56663,-0.52128,0.426,-0.15,0.74758,0.23713,0.252,0.59071,0.171,0.867,-0.18533,0.598
1,1,0.0,0.163,0.05725,0.04198,0.331,-0.079,0.48866,-0.268,-0.132,-0.41985,0.06107,-0.577,0.095,-0.16412,-0.249,-0.10305,-0.576,0.18702,-0.166,0.34012,-0.111,0.28626,-0.188,0.196,0.24692,0.03913,0.418,-0.03817,0.26336,-0.118,0.16794,-0.428,-0.33588
1,1,0,1.164,0.001,1,0,0.98982,-0.0,0.94721,0.02394,0.495,0.014,1.064,0.018,1.166,0.015,0.93929,0.047,1.378,0.05279,1.256,0.05524,0.546,0.06241,0.94155,0.08107,1.112,0.057,0.95701,0.076,1.45,0.08126,0.97247,0.08616
1,1,0.0,0.82254,-0.07572,0.80462,0.00231,1.138,-0.01,1.134,-0.109,0.57,-0.127,1.14,0.05029,0.83121,-0.07399,1.025,0.072,0.78324,0.06358,0.44,-0.031,1.058,-0.06012,0.4,-0.02370,0.453,-0.037,0.74046,-0.07630,0.703,-0.04220,0.78439,0.01214
1,1,0.0,0.35346,-0.072,0.968,-0.02423,0.68195,-0.05,0.55717,-0.088,0.892,-0.10467,0.708,-0.081,0.789,-0.038,0.42271,-0.174,0.58213,0.04992,0.49736,-0.08771,0.46241,-0.129,0.45008,-0.003,0.565,-0.069,0.35588,-0.115,0.212,-0.08637,0.28943,-0.08300
1,1.495,0.0,1.077,0.01092,0.86335,0.003,0.85821,0.004,0.577,0.02304,0.81504,0.077,0.973,0.01,0.569,0.006,0.961,-0.06974,0.818,0.03881,0.467,0.01148,0.593,0.014,0.818,-0.00303,0.70886,0.01375,0.66161,0.00849,0.66298,0.01484,0.63887,0.01525
1,1,0,0.844,-0.011,0.97404,0.06831,0.49590,0.265,0.662,-0.002,0.472,-0.14,0.40164,-0.383,0.524,0.58743,0.76776,0.31831,0.78552,0.11339,0.47541,-0.44945,0.892,0.007,0.389,0.06967,0.68656,0.227,1.122,0.063,0.613,0.245,0.13934,0.48087
1,0.924,0,1.249,0.08298,0.73739,-0.152,0.84349,-0.05567,1.012,-0.025,0.89391,0.132,0.724,0.082,0.79307,-0.08929,1,-0.012,0.96639,0.06618,0.779,0.01155,0.828,0.06618,0.95378,-0.027,0.83479,0.001,1.178,0.166,1.286,-0.10714,0.493,-0.04307
1,1,0.0,1.089,0.00419,0.95183,-0.022,0.93438,-0.025,1.223,0.01606,0.96510,0.017,0.94171,0.093,0.94625,-0.019,1.243,0.001,0.94834,0.06038,0.716,0.08412,0.93124,0.082,0.924,0.011,0.93522,0.034,0.93159,0.103,1.059,-0.00035,0.91483,0.04712
1,1,0,0.94701,-0.00034,0.902,-0.03227,1.398,-0.027,0.824,0.02446,1.17,0.01766,0.92595,0.04688,1.251,-0.009,0.785,0.02004,0.93784,0.011,1.299,0.087,0.89470,0.05,0.93988,0.03193,0.92489,0.02542,0.549,0.02242,0.798,0.004,1.139,-0.008
1,0.658,0,0.90608,-0.021,0.98122,-0.022,0.95691,-0.029,0.779,0.001,1.102,-0.03315,0.89061,-0.018,0.491,-0.04530,0.91381,-0.012,0.73,-0.12928,0.88729,0.013,0.92155,-0.023,0.744,-0.02099,0.89147,-0.106,0.82983,-0.176,0.932,-0.03757,0.87403,-0.16243
1,1,0.0,0.527,0.13533,0.73638,-0.046,0.87873,0.082,0.88928,-0.135,0.78735,0.092,0.83,-0.00351,0.79262,-0.01,0.72,-0.061,0.597,-0.019,1.155,-0.09490,0.71002,0.04394,0.86467,-0.15114,1.214,-0.04822,1.013,-0.004,0.75747,-0.064,0.85764,-0.06151
