1,1,0.0,0.99539,-0.058,0.85243,0.017,1.171,-0.37708,1.325,0.031,0.85243,-0.126,0.471,-0.334,0.832,-0.562,0.84356,-0.29,0.41,-0.32192,0.56971,-0.229,0.36946,-0.609,0.56811,-0.51171,0.321,-0.485,0.21266,-0.34090,0.42267,-0.54487,0.221,-0.45300
0,1.334,0.0,1,-0.139,0.93035,-0.321,-0.10868,-1.367,0.955,-0.04549,0.50874,-0.342,0.342,-0.69707,-0.295,-0.82,0.046,-0.62237,0.416,-0.875,-0.067,-0.466,-0.18056,-0.35734,-0.131,-0.326,-0.20468,-0.18401,-0.19040,-0.136,-0.16626,-0.06288,-0.13738,-0.02447
1,1,0.0,1,-0.025,1,0.00485,1,-0.099,1.199,0.01198,0.73082,0.05346,0.85443,0.00827,0.676,0.003,1.235,-0.192,0.579,-0.08540,0.703,-0.199,0.518,-0.092,0.817,-0.40220,0.377,-0.305,0.474,-0.17365,0.60436,-0.24180,0.495,-0.38238
0,1.206,0.0,1.121,-0.484,0.77,0.574,0.388,-1.078,0,0,0,0.0,0.0,0.0,-1.206,0.187,0.54094,-0.39330,-0.719,-0.54467,-0.69975,0.793,0,0,1.038,0.90695,0.51613,1.442,1,-0.20099,0.207,1,-0.32382,1
1,1,0.0,1,-0.02401,0.94140,0.06531,0.937,-0.23255,0.644,-0.21,0.52798,-0.118,0.56409,-0.011,0.393,-0.293,0.73,-0.21780,0.411,-0.127,0.05982,-0.423,0.029,-0.52879,0.037,-0.65158,0.13290,-0.53206,0.017,-0.483,-0.05707,-0.531,-0.068,-0.65697
0,1.403,0.0,0.02337,-0.004,-0.09924,-0.11949,-0.01,-0.074,0.124,0.077,0.054,-0.06302,0.0,0.0,-0.04572,-0.15540,-0.00343,-0.10196,-0.127,-0.081,0.01838,0.053,0.01519,0.00888,0.03,-0.01535,-0.043,0.09223,-0.07859,0.004,0.0,0,-0.00039,0.146
1,1,0,1.361,-0.10602,1.271,-0.129,1.209,-0.28350,0.85996,-0.27342,0.432,-0.507,0.78225,-0.552,0.74628,-0.61436,0.622,-0.98,0.37852,-0.73641,0.36324,-0.738,0.443,-0.729,0.246,-0.788,0.13659,-0.922,0.04606,-0.539,-0.04262,-0.412,-0.2,-0.80975
0,0,0,0.0,0,0.0,0,1.354,-1.493,0.0,0.0,-1,-0.61,0.0,0.0,0.0,0,1,1.404,-1,-1.009,0.0,0,0.0,0.0,1,1,1,0.54,0.0,0,1.492,1,0,0
1,1.449,0,1.324,-0.07198,1,-0.191,1,-0.214,1,-0.36174,0.798,-0.313,0.94510,-0.40668,0.848,-0.546,0.989,-0.44,0.84537,-0.47,1.104,-0.60589,0.69637,-0.64225,0.925,-0.586,0.57577,-0.354,0.219,-0.513,0.45114,-0.72779,0.547,-0.73420
0,1,0.0,-0.021,-0.059,0,0,0,0.0,0.145,-0.26810,-0.608,-0.38172,0.0,0.0,-0.212,0.335,-0.37133,0.205,0.577,0.116,0,0.0,0.0,0,-0.172,-0.016,0.20645,-0.02294,0,0,0.16595,0.24086,-0.08208,0.511
1,1.015,0,1,0.06655,1.21,-0.18388,0.969,-0.368,1,-0.606,1.438,-0.41349,0.96232,-0.51874,0.90711,-0.56,1.128,-0.66474,0.617,-0.38,1.006,-0.804,0.527,-0.80544,0.55867,-1.327,0.47211,-0.618,0.40303,-0.83675,0.414,-0.89093,0.271,-0.682
0,1,0.0,0.609,-0.54210,0.522,-0.912,1,-1.497,1,0.36217,0.86,-0.418,1,1,0.864,-1,0.801,-0.184,0.711,-0.982,0.975,1,1,1,1,-0.40888,1.254,-0.546,1.013,-1,1.105,-1,0.874,-1
1,1,0,1,-0.132,1.486,-0.10169,0.99999,-0.15197,1,-0.19277,1.331,-0.35151,0.785,-0.249,0.735,-0.217,0.535,-0.287,0.90137,-0.45,0.485,-0.47308,1.172,-0.51220,1.255,-0.573,0.821,-0.654,0.523,-0.68794,0.68714,-0.64537,0.822,-0.67226
0,1,0.0,1,-0.448,1.428,0.22280,1.187,-0.39896,1,-0.12090,1.317,0.213,0.585,0.094,1,-0.14767,1,-1,1,-1.181,0.327,0.159,1.338,0.62349,1,-0.231,0.556,0.286,0.899,-0.66494,1,1.125,1.12,-0.18826
1,1,0,0.959,0.08,1.271,0.03420,1.495,-0.08,1,0.08764,1,0.134,1,0.197,1,0.129,1,0.127,0.91,0.293,1,0.279,1,0.426,1,0.282,1,0.418,0.95603,0.583,1,0.358,1.268,0.46712
0,0.734,0,0.50932,-0.759,1,0.193,-0.041,-1,1,-0.745,0.43685,-1,0.0,0,-0.557,-0.496,-0.37681,0.031,0.718,-0.51,0,0,0,0.0,-0.211,0.998,0.31,0.26501,0.0,0.0,1.035,0.23188,0,0
1,1,0,0.99645,0.075,1,-0.01236,0.626,0.021,1.336,0.017,1.408,0.104,0.488,0.10346,1.139,0.05269,1.305,0.11120,0.442,0.116,1.066,0.11830,0.83668,0.142,0.653,0.154,0.959,0.13638,0.79110,0.122,0.77122,0.15930,0.70941,0.12015
0,0,0.0,0,0.0,-1,-1.007,1,0.839,-1,1.469,-0.675,1,1,-1.1,0.54,1,-1,-1.154,-1.092,1,1,-0.794,-0.587,0.7,-1,1,0.777,-1.346,-1,0.633,-1,-1.308,0.721,-1
1,1,0,0.468,0.02528,0.66626,0.067,0.519,0.199,0.08776,0.34081,0.63621,0.12131,0.843,0.205,1.008,0.10976,0.454,0.18151,0.113,0.41224,0.338,0.21326,0.323,0.321,0.652,0.221,0.678,0.236,0.43433,0.25306,0.215,0.152,1,0.33036
0,0,0,1,-0.839,0,0.0,0.0,0.0,1,1,1,-1.081,-1.064,1,0,0,-0.727,1,1,1.301,-0.967,0.544,1,0.633,-0.729,1.024,1,0.743,1,-0.885,1.091,0.745,0.659,1
1,1,0.0,0.612,-0.00612,0.776,-0.09834,1,-0.07649,1.17,-0.086,0.532,-0.164,0.873,-0.514,1.384,-0.125,0.964,-0.31884,0.86473,-0.34534,0.91693,-0.44072,0.96060,-0.46866,0.81874,-0.40372,0.631,-0.607,1.039,-0.38231,1.001,-0.272,0.532,-0.45039
0,0,0.0,1,0.693,0.0,0.0,0.0,0,-0.554,-1.21,0,0.0,0,0.0,-0.828,-1.066,-1,-1,-0.933,0.541,-0.635,1,0,0,0.0,0,1,-0.54,-1,1,-1,1,-1.36,1.074
1,1,0.0,0.712,0.07088,1.174,0.04296,0.746,0.107,1.112,-0.053,0.89263,0.02580,0.83250,-0.055,0.87534,0.08,0.875,0.00280,1.084,-0.064,0.65961,-0.07905,0.64158,-0.05,0.668,-0.07705,0.525,-0.023,0.49664,-0.01251,0.51310,-0.00015,0.614,-0.002
0,0,0.0,-1,1.193,0,0,0,0,-1,0.526,1.235,1,0,0.0,0.0,0.0,1.164,-0.558,-0.805,1,1,1.48,0,0.0,-1,-1.422,0.803,-1,0.613,1,-1.062,0.842,0.0,0
1,1,0,0.835,-0.06182,1.271,0.02942,1,-0.05131,0.816,-0.01707,1.13,-0.121,0.63,-0.076,0.535,-0.06598,0.931,-0.055,0.65731,-0.244,1.377,-0.294,0.80852,-0.31654,1.204,-0.34838,0.51,-0.21,0.73094,-0.308,0.637,-0.26284,0.64207,-0.39487
0,1.312,0.0,1.176,0.57820,1.26,-1.473,1,-0.507,1,-0.947,0.905,-1,1.15,-0.594,1.477,-1,1,-1.285,1,-0.599,1,-0.62796,0.651,-1,1.087,-1,0.622,-0.546,0.786,-1,1,-1,1,-1
1,1,0.0,1,-0.094,1.3,-0.17263,1.167,-0.64,0.951,0.819,0.95473,-0.41382,0.96,-0.31736,0.87937,-0.23433,0.81051,-0.812,0.12245,-1,0.774,0.11053,0.368,-0.648,0.628,-0.42,0.572,-0.86583,0.40650,-1.17,0.177,-0.92128,-0.183,-1
0,0.0,0.0,-0.523,-1.442,0,0.0,-1,1,1,-0.37500,0,0.0,0.0,0,0.0,0.0,1.438,-1.446,-1,-1,1.398,-0.657,0,0,0.519,-1.291,-1,1.395,-1,-1.245,0.0,0,-1,1
1,1,0,1,0.08380,1.069,0.17387,0.638,-0.141,1.39,0.64520,0.922,0.58,0.607,0.418,1,1.058,1,0.863,1,1.113,1,0.79,1.283,1,0.603,1,0.605,1,0.52,1,0.747,1.145,0.52479,1
0,0,0,-1.484,-0.996,1,1,0.528,-1,-0.782,0.642,0.875,-1,-0.898,-0.81,0.0,0.0,1,1.266,-0.724,-1,1.108,-1.052,1,-1,0.812,1,1,-1.326,1,-0.892,-1,0.997,1,-1
1,1,0.0,1,-0.173,0.924,-0.16256,1.496,-0.128,1.178,-0.097,1,-0.25010,1,-0.26161,1,-0.235,1,-0.344,1,-0.516,0.545,-0.189,1.031,-0.531,1,-0.272,0.98820,-0.49687,1,-0.423,1.007,-0.75761,1.295,-0.84437
0,1.145,0,1,-1,1.263,1.412,1,-1,1.282,-0.7,1,-1,1.316,-0.015,0.826,-0.816,0.776,1.332,1,-0.662,0.519,1,0.827,-1.279,0.0,0.0,1,1,1.126,-0.79141,1,1,1,1
1,1.102,0,0.88208,-0.14639,0.731,-0.11057,1.046,-0.145,1.097,-0.104,0.88,-0.31809,0.561,-0.187,0.82116,-0.31,0.991,-0.33632,0.75243,-0.623,0.683,-0.47153,0.94,-0.735,0.61297,-0.48086,0.49,-0.54629,0.682,-0.59854,0.47075,-0.57377,0.338,-0.58086
0,1,0.0,0.648,-0.038,0.207,-0.23067,0.672,-0.122,0.99709,-0.082,1.257,-0.152,0.533,1,0.83726,-1,0.672,-0.17863,0.437,-0.28257,-0.318,0.92730,0.51933,0.056,0.635,-0.20392,1.029,-0.41307,0.63811,-0.164,0.86136,-0.87354,-0.347,-1
1,1,0.0,1,-0.157,0.72314,0.382,0.83443,-0.58388,0.961,-0.223,0.932,-0.49863,0.594,-0.166,0.39,0.123,1,0.279,1,0.26590,0.96354,-0.014,1.308,-0.91338,1,0.104,0.622,-0.11582,0.539,-0.115,1,0.711,1,-0.57758
0,1,0,0.66161,-1,0.889,1,0.955,-0.67321,1.182,-0.568,1.256,-1,0.643,-0.689,0.7,1.079,0.145,0.70982,1.375,0.78036,0.717,0.85268,1.187,-1,0.783,0.896,1,-0.08571,0.8,-0.466,0.981,0.65268,1,0.34732
1,1,0.0,0.875,0.005,1.1,-0.012,0.738,-0.015,1,-0.07014,0.97839,-0.062,1.172,-0.096,0.97261,-0.067,0.92561,-0.13665,0.94184,-0.14327,0.99589,-0.108,0.479,-0.13565,0.889,-0.20851,0.683,-0.17909,0.85644,-0.18552,0.477,-0.24,0.697,-0.20766
0,0,0.0,1.238,1.206,1.377,-1,0,0.0,0.0,0,-0.574,-0.639,0,0.0,0.0,0,-1,1.288,1,1,-0.884,0.757,-1,1.071,1,-1,0.719,1,-1,0.605,1.347,0.725,0,0
1,0.545,0,1.241,0.049,1.185,0.033,0.94705,0.05345,0.93582,0.01321,0.954,0.06348,0.92766,0.123,1.111,0.06211,0.952,0.098,0.83744,0.14439,1.188,0.094,1.015,0.153,0.75755,0.091,0.504,0.13282,0.66387,0.15300,0.70925,0.10754,0.776,0.104
0,1,0.0,0.706,0.02461,0.888,0.04861,0.97545,0.07143,0.317,-1.432,0.91036,0.167,0.579,0.53640,0.82077,0.14137,0.598,0.131,0.773,0.526,0.382,0.117,0.60138,0.16516,0.612,0.189,0.48867,0.16019,0.43481,0.165,0.32,0.202,1,1
1,1,0,0.965,0.033,0.848,0.294,1,0.369,0.93051,0.32213,0.86773,0.245,0.843,0.652,1.022,0.52321,0.65954,0.60756,0.858,0.62999,0.643,0.883,0.40553,0.579,0.34384,0.72082,0.337,0.905,0.212,0.748,0.136,0.72688,0.06990,0.71444
0,0.609,0,-0.549,-0.618,1,1,1.073,-0.14375,0,0,-0.654,1.44,1.315,1,0.25,-1.292,-1.081,-0.914,0.122,-1.493,0.541,-0.964,-1,1,-1.087,-1,1,-1,-1.446,-1,1,0.955,0,0
1,1,0,0.90932,0.085,1.014,0.237,1.251,0.16598,0.55187,0.418,0.428,0.398,0.16286,0.638,0.734,0.648,0.51067,0.49618,0.456,0.12967,0.406,0.526,0.382,0.55826,0.24856,0.449,0.18626,0.835,0.12635,0.56101,0.035,0.297,0.12137,0.67739
0,1,0.0,-0.844,-1,1.367,0.965,1,-0.701,1,-0.222,1,0.96161,1,-0.37679,1.088,-0.773,1,0.097,1,-1,1,-0.026,-0.723,0.726,0.448,1.185,1.399,0.966,1,-1,0.706,-1,1.317,-1
1,1,0,0.99025,-0.073,0.99793,-0.114,0.805,-0.194,0.872,-0.25843,1.045,-0.267,1.305,-0.428,0.827,-0.357,0.84922,-0.539,0.87433,-0.847,0.79016,-0.59839,0.74725,-0.337,0.68282,-0.68479,0.65247,-0.847,0.64,-0.888,0.473,-0.80278,0.49195,-0.83245
0,0,0.0,0.0,0.0,0.0,0.0,0.0,0,1,1,1,1.425,0.0,0.0,0,0.0,-0.37500,-1,-1,-1.156,0.0,0,0,0.0,-1,-1,-1,-0.647,-1,1.108,0.778,0.0,0.0,0
1,1,0.0,0.844,-0.048,1.365,-0.07383,0.736,-0.11039,1.262,-0.09931,0.98941,-0.13814,0.96674,-0.128,0.95288,-0.189,0.91236,-0.337,0.791,-0.32152,0.798,-0.34691,1.133,-0.457,1.259,-0.575,0.83172,-0.474,0.81433,-0.42593,0.513,-0.489,0.75115,-0.50152
0,1,0.0,0.752,-0.02685,-1,0.203,-0.197,0.35639,0.69258,-0.63427,1.065,-0.03353,-0.166,-0.00550,-0.54852,0.15452,0.91921,-0.46270,1.073,-0.376,-0.232,-0.342,-0.73864,0.295,1.0,-0.396,0.473,-0.58130,1.372,-0.61393,-0.07,0.175,-0.058,0.41913
1,1,0.0,1.281,0.01,0.98103,-0.03818,0.608,-0.05699,0.704,-0.053,0.99004,-0.027,0.94713,-0.143,0.93369,-0.147,0.94217,-0.059,0.79682,-0.19200,0.88274,-0.17387,0.86257,-0.262,0.88487,-0.175,0.879,-0.247,0.742,-0.135,0.76911,-0.304,0.843,-0.23902
0,0.779,0.0,0,0.0,1,0.707,0,0,0.10991,-0.519,0.0,0,0.0,0,-1,-0.298,-0.523,-0.83297,0.76940,0.63147,0.0,0.0,0.7,0.507,-0.643,0.44828,1.135,-0.906,-1,0.81573,0,0.0,0.0,0
1,1,0.0,0.84134,-0.18362,0.43644,0.019,0.774,-0.002,0.87947,0.122,0.81121,-0.01789,0.741,0.54991,1.361,-0.57486,0.472,-0.269,1.109,-0.20104,1,1,0.423,-0.146,0.90066,-0.025,1.326,-0.009,0.718,-0.32298,0.885,-0.25706,0.667,-0.01425
0,0,0.0,0.782,1,1,-0.635,0,0.0,0.0,0.0,1,1,1,1,-0.924,-1,1,-1,-1,1.283,0.0,0.0,0.987,-0.623,1,-0.804,1,1.067,-0.812,-1.171,0.0,0,0,0.0
1,1,0.0,1.011,1,0.574,1.125,1.189,1,-0.26970,1,-0.565,1.324,-1.047,1,-1.057,0.72526,-1.034,-0.57779,-0.906,-0.42052,-0.719,-0.802,-0.52838,-1,0.90014,-0.924,0.517,-1,0.885,-1,1,-0.396,1.494,0.34845
0,1,0.0,-0.67935,-0.567,-0.786,0.665,1.017,0.793,0.03515,-0.684,-1,-1.426,0.584,0.729,0.705,-1.214,-1,1.204,0.83840,0.969,1,-1,-1,-1.446,-0.18856,1,1,-1,-1.12,-1.172,-1,1,1,0.312
1,1.351,0.0,1.406,0.08143,0.97487,-0.076,0.97165,-0.08484,1.303,-0.06561,0.531,0.014,1.266,-0.112,0.532,-0.19497,0.99630,-0.32268,1.027,-0.35902,1.028,-0.343,1.04,-0.29807,0.99899,-0.452,0.982,-0.34586,0.92059,-0.356,0.83951,-0.498,0.82166,-0.41173
0,1,0.0,0.08333,-0.162,-1.298,1,-1,0.698,0.71875,0.47173,-0.82143,-0.825,-0.804,-1,-0.684,0.689,-0.038,0.806,-0.586,-0.42113,-0.74628,-1,-1.085,-0.46801,-1,0.314,1,-1,-1.259,-0.229,-0.958,-1.288,-1,0.646
1,0.503,0.0,1.188,-0.016,1.053,-0.06,1,-0.057,1,-0.08799,1,0.56173,1,-0.097,1,-0.14522,1,0.32407,0.518,-0.17639,1.426,-0.145,0.95601,-0.15,1,-0.92284,0.63,-0.294,0.718,-0.22370,1.019,-0.22,0.937,-0.22981
0,0,0,-1.005,1,0.817,-1,-1.079,0.944,0,0.0,0.573,1.175,-1.14,-0.18750,1.195,1,-0.649,-1.028,1,-1,-1.093,-1,0.552,1,1,-1.39,1,1,1,1.088,0.0,0,-1.458,-1.031
1,1,0.0,1.402,0.073,0.94525,0.096,0.99952,0.103,1,-0.025,1.281,0.078,0.987,0.14644,0.821,0.144,0.90896,0.20119,0.587,0.082,0.927,0.106,0.90784,0.16410,1.159,0.22431,0.88423,0.23571,0.735,0.22511,0.854,0.29576,0.83574,0.31166
0,1,0.0,0.17188,-1,-1,0.602,0.0,0,0.0,0,-1.064,0.997,0.0,0.0,-0.323,-0.701,0.773,0.442,0.375,0.14375,0,0,-1,-0.158,-0.742,0.96250,1,1,-0.933,0.67708,0.0,0,0.0,0
1,1,0.0,0.838,0.06,1,0.088,0.621,0.22574,1.426,0.09237,0.94930,0.249,0.92992,0.351,0.89241,0.28343,0.85529,0.26721,1.166,0.453,0.561,0.47,0.74829,0.382,0.991,0.367,0.68452,0.641,0.62764,0.46031,0.705,0.555,0.54252,0.50903
0,1.414,0,0.023,-0.203,0.0,0.0,0,0,0,0.0,0.0,0,0.0,0.0,0.143,-0.55000,0.22813,0.82813,0.909,-0.377,0.0,0.0,0.08333,-0.708,-0.10625,-0.083,1,-0.76667,-1.221,0.18854,0,0,1,-0.19
1,1,0,1.429,0.16801,0.99352,0.16334,0.94616,0.21,0.766,0.22610,0.91408,0.507,0.84250,0.46899,0.81011,0.49225,0.78473,0.338,0.583,0.286,0.56553,0.58071,0.71,0.435,0.58,0.676,0.438,0.39,0.205,1.008,0.184,0.845,0.315,0.78685
0,1,0.0,0.582,1.459,0.20833,-1.213,1.415,1,0.713,0.21,-0.452,1.091,-0.084,0.58772,0.023,0.035,-0.51535,-1,0.14254,-0.03289,0.479,-0.43860,-1,1,0.80921,-1.194,1.286,-0.047,1,0.779,0.198,-1,1,1
1,1.32,0,0.987,-0.41457,0.817,0.76131,0.727,0.156,1,-0.136,0.93844,0.47990,0.662,-0.16080,0.88,0.00879,1.207,-0.663,0.69,-0.24497,0.88065,-0.19095,0.685,-0.12312,0.93593,0.062,1.123,-0.083,0.573,-0.27387,0.43970,0.19849,0.606,-0.058
0,1,0.0,1.104,0.10598,1.068,0.513,1,-1,0.712,0.08424,0.565,0.224,0.995,0.905,1,0.334,0.634,0.02672,0.58,-0.591,0.568,0.438,0.89130,0.26585,0.91033,-0.33333,1,0.106,0.37681,-0.01947,1,0.238,0.6,0.37409
1,1,0,1,0.28046,1,0.022,0.863,0.07764,0.536,0.065,0.98762,0.167,0.527,0.076,1.417,0.04384,0.95750,-0.24598,1.24,-0.08668,0.812,0.053,0.99933,0.27376,0.969,-0.39056,1.358,-0.022,0.494,0.165,0.94578,-0.257,0.744,-0.07329
0,0.0,0.0,1,-1.378,1,-1.161,1.0,-0.922,0.852,-0.774,1.356,1.248,1,0.605,1,-1.44,0.673,1,1,1,1,1,1.379,-1.124,1.479,-1,1,-1,1,0.65625,0.0,0,1.301,-1
1,1,0.0,1.364,1.011,0.876,0.767,0.473,1,0.20619,0.80541,-0.506,0.977,-0.79135,0.509,-1,0.40268,-0.39046,-0.306,-1.248,-0.448,-0.73083,-0.76339,-0.376,-0.987,0.41366,-1.477,0.41778,-0.93296,0.25773,-1.342,0.623,-0.209,0.98816,0.03446
0,1,0.0,1,0.981,0.974,-0.953,1.268,-1,1.056,1.13,0.985,0.817,1,0.55,1,-1.311,1,0.546,1,0.531,0.649,1.3,1,1,1,1.306,1,0.5,0.0,0,0.704,-1,1,-1
1,0.797,0.0,1,0.03529,1,0.228,1.391,0.26968,1.054,0.25068,0.576,0.415,1,0.38643,1,0.26,1.474,0.65701,1.482,0.633,1,0.61267,1.032,0.601,0.901,0.546,0.637,0.71374,1.21,0.67149,0.74389,0.85611,0.71493,1.103
0,0.0,0,1,-1,1.284,1,-1.274,-1,1,-0.757,0.0,0.0,0.0,0.0,-1.47,1.252,0.595,-1,1.132,-1.33,-0.75000,1,1,-1,0.884,-1.377,1.454,-1,-0.568,-1,0,0,1,-0.757
1,1,0.0,1.206,0.052,0.96760,0.13,1.333,0.352,1.327,0.35052,0.92867,0.414,1.276,0.625,0.82820,0.58794,0.73242,0.907,0.37,1.051,0.54473,0.922,0.615,0.76197,0.555,0.74689,0.17,0.83796,0.24944,0.86061,0.13756,0.86835,0.055,0.86285
0,1,0,0.885,0.38889,0.0,0.0,-0.32937,0.902,0.0,0.0,0,0.0,0.0,0.0,0.20635,-0.346,0.21032,0.197,0.46429,0.78175,0,0,0,0.0,0.73413,0.288,0.782,0.628,0,0,0.0,0.0,0,0.0
1,0.643,0,0.673,0.05070,1,0.10827,0.771,0.19498,0.922,0.378,1.141,0.235,1,0.38261,0.94575,0.598,0.569,0.50391,0.75906,0.379,0.80644,0.639,0.79578,0.638,0.709,0.63942,0.59417,0.379,0.677,0.874,0.306,0.71689,0.342,0.75243
0,0,0.0,1.11,1.074,0.0,0,0.549,-1,1.285,-0.802,1,0.875,1,1,0.53,-1,1,0.868,0.622,1,1,-1.455,-0.625,-1,0.756,-1.184,0.878,-1,1,1.185,0,0,1,-1.114
1,1,0.0,1,0.026,0.7,0.136,1.174,0.16159,0.561,0.27921,0.98703,0.163,0.92745,0.37639,0.91118,0.311,0.81939,0.502,0.988,0.676,0.79400,0.411,0.70331,0.525,0.75,0.378,0.871,0.60990,0.318,0.60932,0.45312,0.887,0.40442,0.62658
0,0.0,0.0,0.512,1.073,1.442,-1,0.966,0.773,1.406,1.313,1,1.088,1.165,1,1,1,1.251,-1,-0.833,1,-1.172,1,-1,1,1.223,-1,0.613,1,-1.083,1,-1.475,-1,-1,1
1,1,0.0,1,0.24168,0.878,0.48590,0.858,0.53,1.128,1,1,0.699,1,1,0.701,0.77128,1.258,1,0.814,1,1.042,1.367,0.89647,1.383,0.64628,0.522,0.38255,0.966,0.105,0.752,-0.123,1,-0.81383,1.317
0,0,0.0,1.127,0.778,0.885,-0.873,1.484,1,-1.141,1.173,0,0.0,1,1,0,0,0,0.0,-0.765,1.036,-1,0.837,1,1,1.157,-0.55,1.049,1,0.997,1,1,-1,-1.408,1
1,1.156,0,1,-0.043,0.647,0.62937,0.562,0.09557,1.425,0.201,1.241,-1.338,1,-0.40559,1.279,-0.119,1,0.04895,1,-0.61538,1,-0.258,0.739,-1.018,1.29,-0.58042,1.478,-0.902,1,-0.509,1,-0.769,1,-0.48252
0,0,0,0.571,-0.979,1.215,1,1.365,1,0.659,1,0.847,1.073,1.098,-0.779,1,-1.264,1.29,1,0.844,-1,0.795,1,1.193,1,1,-0.591,1,0.873,1.46,-1,1,1,0.887,-1
1,1,0.0,1.216,0.062,0.92679,0.16251,0.89702,0.24618,0.84111,0.319,0.78801,0.579,0.769,0.442,0.383,0.56476,0.444,0.571,0.51247,0.47,0.31,0.418,0.34232,0.68343,0.23693,0.651,0.18765,0.698,0.09694,0.71038,0.02,0.403,-0.04023,0.74
0,1,0.0,0.68198,-0.17314,1.062,0.198,0.535,0.472,0.25795,0.329,0.905,-0.172,0.01060,0.267,0.012,0.38869,0.18681,0.585,0.10567,0.36353,0.04325,0.218,-0.00083,0.194,-0.015,0.209,-0.04314,0.189,-0.055,0.10349,-0.04585,0.054,-0.04013,0.04586
1,0.63,0,0.74852,-0.02811,0.882,-0.069,0.693,0.02811,0.85947,0.029,0.63462,0.119,0.457,0.103,0.73077,0.035,0.99,-0.27811,0.65976,-0.012,0.933,0.06953,0.34615,-0.278,0.614,0.015,0.61009,-0.059,0.53550,-0.151,0.59024,-0.14053,0.439,0.02959
0,1,0,0.39179,-0.06343,1.021,0.031,1,1,0.35821,0.097,0.54478,0.171,0.558,-0.82090,0.57836,0.67910,0.949,-0.155,0.46642,-0.11567,0.409,0.14792,1.065,0.402,0.551,0.16418,0.688,0.121,0.346,-0.019,0.318,0.123,0.34411,0.116
1,1,0,0.67547,0.04528,0.602,-0.094,0.77358,0.03774,0.717,-0.036,0.64528,0.011,0.454,-0.13962,0.585,-0.03,0.711,0.08679,0.845,-0.073,0.75849,-0.23774,0.73962,-0.219,0.681,-0.139,0.73886,-0.05801,0.66792,0.028,1.108,0.04,0.722,0.00755
0,1,0,0.523,-0.052,0.61,0.018,1.393,0.735,0.381,-0.03,0.48182,-0.16818,0.81809,0.09559,0.56818,1,0.50455,0.326,0.885,0.113,1,-0.343,0.98636,-1.172,0.57273,0.467,0.589,0.212,0.42273,0.074,0.48927,0.14643,1,0.567
1,1,0.0,0.453,-0.015,0.40392,0,0.216,0.174,0.588,-0.05882,0.708,0.094,0.46667,0.08235,0.52549,-0.044,0.58039,0.01569,0.293,0.0,0.45882,0.06667,0.563,0.099,0.49804,0.00392,0.48601,0.102,0.366,0.109,0.329,0.264,0.43137,0.17255
0,1,0.0,0.487,0.12482,0.439,0.12500,0.23182,0.27955,-0.03636,0.309,0.04517,0.203,-0.19091,0.388,-0.148,0.27322,0.02727,0.455,-0.233,0.122,-0.271,0.05078,-0.18636,0.249,-0.159,-0.063,-0.127,-0.08,-1,-1,-0.04,-0.081,-0.00526,-0.06314
1,1,0.0,0.608,-0.21996,1,0.36373,0.82403,0.19206,0.667,0.077,0.728,-0.031,0.85193,0.241,0.77897,0.301,0.964,0.57940,0.922,0.39056,0.794,0.27575,1.288,0.34871,0.56760,0.55,0.605,0.7,1.107,0.58584,0.216,0.417,0.52361,0.54185
0,1,0.0,0.84557,-0.123,-0.182,-0.523,-0.08961,-0.431,0.611,0.046,0.89514,-0.00763,-0.18494,0.63966,-0.267,-0.68065,0.444,-0.11344,0.77979,-0.199,-0.06959,0.50810,-0.46,0.80934,0.78932,-0.041,0.70882,-0.179,0.77884,-0.163,-0.183,-0.823,-0.138,-0.703
1,1,0.0,0.728,-0.24783,0.64348,0.04348,0.45217,0.38261,0.65217,0.18261,0.729,0.278,0.57826,-0.297,0.603,0.309,0.38696,-0.316,0.36087,-0.244,0.307,0.111,0.53246,-0.03845,0.31304,-0.131,0.694,-0.021,0.614,-0.039,0.64348,-0.208,0.655,0.14783
0,0.93,0.0,-0.54180,0.14861,-0.33746,0.73375,0.658,-0.108,0.447,-0.057,0.221,-0.15170,0.287,0.115,0.581,-0.15480,0.16409,0.45201,0.33746,0.046,0.50464,0.07121,-0.804,-0.61610,1,0.728,0.434,-0.374,-0.15170,0.111,0.02399,0.7,0.437,-0.08978
1,0.539,0,0.345,0.196,0.45331,0.147,0.51783,-0.003,0.755,0.20883,0.52462,-0.087,0.47368,-0.058,0.55518,0.024,0.81664,-0.22411,0.42445,-0.044,0.34975,0.052,0.203,-0.20883,0.673,-0.03176,0.422,-0.02,0.289,0.057,0.70798,-0.01868,0.39559,-0.031
0,0.673,0,0.79157,0.218,0,0,0.56541,0.06874,0.286,0.966,0.446,1.362,-0.022,0.564,0.23725,0.12860,-0.04,0.607,-0.50998,0.84922,-0.147,0.38803,-0.213,0.216,-1.356,1.002,-0.476,0.621,-1,0.69401,-1,0.132,0,0
1,1,0,1.151,0.106,0.44,0.203,0.816,0.50515,0.695,0.72997,0.356,0.81152,0.24412,0.87493,0.06438,0.85038,-0.172,0.611,-0.28739,0.665,-0.46635,0.805,-0.57135,0.375,-0.68159,0.39951,-0.71844,0.261,-0.869,0.11218,-0.406,-0.039,-0.957,-0.229
1,1,0,0.97714,0.19049,1.045,0.311,1.023,0.295,0.47968,0.476,0.213,1.226,0.10289,0.539,-0.119,0.84290,-0.458,0.91624,-0.52145,0.764,-0.68274,0.677,-0.77408,0.33537,-1.146,0.17849,-1.215,-0.019,-1.008,-0.19321,-0.424,-0.33662,-0.716,-0.49700
0,1.415,0,-1.139,-1,0.0,0,0.6,-0.78502,0.60586,0.32899,-0.676,-0.511,0,0,0,0.0,0.779,-0.26710,0.469,-0.364,0.811,-1.284,-0.813,-1.464,0.761,-0.59609,-1,-1,-0.817,-1,1.091,-1,0,0.0
1,1,0.0,0.74084,0.04974,1.045,0.038,0.78575,0.03793,0.66230,0.058,0.721,0.31152,0.749,0.049,0.74695,0.071,0.70681,-0.103,0.769,0,0.748,0.11355,0.735,0.12185,0.589,0.156,0.64158,0.13608,0.652,0.17539,0.515,0.101,0.785,0.15114
0,0.565,0.0,0.6,-0.643,0,0,0.647,-0.564,0.80882,0.55147,-0.239,-0.94853,0.0,0.0,0,0,0.72059,-0.77206,0.958,-0.828,0,0.0,0.253,-1,-0.995,-0.502,-1,-0.708,0.536,-1.06,1,-1,0,0
1,1,0.0,1,0.01709,0.96215,-0.017,1.248,-0.03436,0.863,-0.075,1.483,-0.1,0.99173,-0.09002,1,-0.15727,1.417,-0.131,0.911,-0.15,1.44,-0.251,0.812,-0.19272,1.156,-0.221,0.96490,-0.20243,0.94599,-0.17123,0.875,-0.254,0.87011,-0.23296
0,0,0.0,0.0,0.0,0.0,0,0,0,0.0,0.0,0.0,0,0.0,0,0,0,0.0,0.0,0.0,0,0,0.0,0,0.0,0,0.0,1,-0.673,0,0.0,0,0,0.0,0.0
1,0.661,0,1.053,-0.113,0.63318,-0.12690,0.96365,-0.18242,1.262,0.044,0.92003,-0.017,0.83543,-0.131,1,-0.31395,0.621,-0.285,0.999,-0.216,1,-0.27165,0.93126,-0.386,0.704,-0.222,0.88793,-0.31565,1.038,-0.233,0.89095,-0.212,0.882,-0.41573
0,1,0,0.28409,-0.336,0,0,0.68182,-1.413,0.251,0.95833,0.679,0.063,0.352,-0.463,0.0,0.0,0.865,-0.35985,0.655,-0.524,0.0,0.0,0.0,0,0.274,0.173,1.311,-0.23864,0.06061,-0.48485,0.16288,-0.70076,0,0
1,1,0,0.775,-0.49311,1.006,-0.03692,0.704,-0.87052,1.125,0.551,0.752,-0.147,1,-0.074,1.284,-0.15017,1,-0.17681,1.474,-0.20491,1.472,-0.23452,1.47,-0.26571,1.444,-0.351,1,-0.33304,0.799,-0.36931,1.032,-0.604,0.797,-0.44739
0,1.479,0.0,0.0,0.0,0,0,0,0.0,0.0,0.0,0.471,1,0,0.0,0.0,0.0,0.36585,-0.815,0.56098,-1,0,0.0,0,0,0,0.0,1,0.10976,0.0,0.0,0,0.0,0.0,0
1,1,0.0,0.99449,0.006,0.84082,-0.068,0.906,-0.135,1.179,-0.032,0.96484,-0.07496,1.154,0.02966,0.87161,-0.186,0.612,-0.177,0.98298,-0.126,0.89876,0.001,0.87836,-0.05882,0.93368,-0.19872,0.87579,-0.17806,1.264,-0.089,0.412,-0.174,0.46,-0.27794
0,1,0,0.103,0.10811,0.0,0.0,0,0,0.698,0.838,0.31081,1,0.0,0.0,0.0,0.0,0.239,-1,0.328,-0.546,0,0.0,0,0,-0.42568,-1.064,1,-1,0.288,-0.306,0.0,0,0.0,0
1,0.756,0.0,1,-0.57224,0.99150,-0.73371,0.556,-1.039,1.024,-0.35818,0.675,-0.156,0.915,-1.204,1.074,-0.462,1,-0.79603,0.76771,-1.053,0.96601,-0.643,0.70120,-0.487,0.395,-0.76904,0.53777,-0.602,0.81020,-1,1.141,-1,0.366,-0.76112
0,0.731,0.0,0.65909,-0.62879,0.0,0,0.0,0,0.77273,1.185,0.633,-0.28030,0,0.0,0.0,0,0.703,-0.31,1.209,-1,0.7,-1,0,0,0.0,0,0.875,-0.93939,-0.12879,-1.035,0.0,0.0,0,0.0
1,0.527,0.0,0.926,0.209,0.80920,0.41149,0.67203,0.55785,0.805,0.69962,0.512,0.521,0.29,0.85671,-0.04061,0.86284,-0.17241,1.065,-0.308,0.827,-0.684,0.611,-0.47,0.481,-0.572,0.132,-0.63038,0.08818,-0.57241,-0.07816,-0.54866,-0.19923,-0.253,-0.31954
0,0.858,0,0.492,-0.578,0.0,0,0.773,-1,0.90000,1,0.43000,0.64000,0.0,0.0,0.0,0,0.67000,-0.29000,0.667,-1,0,0.0,0.0,0.0,0.277,0.68000,0.833,0.22000,0.0,0.0,0.0,0.0,0,0
1,1,0,1,0.23395,0.91404,0.52013,0.637,0.697,0.659,0.992,0.201,0.69,0.083,0.88248,-0.21980,0.744,-0.354,0.75517,-0.594,0.64527,-0.64527,0.468,-0.74102,0.329,-0.70838,0.03591,-0.71731,-0.084,-0.817,-0.147,-0.359,-0.384,-0.345,-0.53319
0,1,0,0.797,0.635,-0.611,0.509,-0.302,0.55735,0.05405,0.335,-0.18599,-0.1,-0.02,-0.08970,0.016,-0.044,0.01108,-0.006,0.00342,0.00097,0.001,0.001,-0.0,0.0,-0.00003,0.0,-0.0,0,0.0,0,0,0,0,0
1,1.241,0.0,0.21429,-0.09524,0.33333,0.07143,0.19048,0.19048,0.156,0.09524,0.40476,0.021,0.30952,-0.04762,0.30952,-0.035,0.39,-0.174,0.187,0.068,0.303,0.0,0.181,-0.078,0.478,-0.04762,0.22109,-0.023,0.211,0.0,0.16997,-0.02034,0.19,-0.01877
0,0.907,0,0.571,-0.14754,1,0.06,0.453,-0.012,0.65574,0.016,0.85246,-0.03279,0.72131,0.0,0.68852,-0.196,0.156,-0.14754,0.713,-0.102,0.85,0.03279,0.847,-0.23,0.243,-0.34426,0.575,-0.20325,0.32787,-0.035,0.27869,-0.44262,0.634,-0.06557
1,1,0.0,0.98182,0,0.88627,0.03131,0.451,0.043,0.80000,0.0,0.69091,0.04545,0.79343,0.09,1.016,0.085,0.674,0.332,0.795,0.178,0.667,0.173,0.68604,0.102,0.382,0.22727,0.746,0.15088,0.501,0.02727,0.60715,0.103,0.58840,0.17077
0,0.708,0,0.446,0.52381,-0.531,0.068,-0.16628,-0.76378,0.66667,0.011,0.932,0.40476,-0.67230,0.30729,-0.34797,-0.63668,0.46429,0.212,0.496,0.068,-0.403,0.44961,-0.47651,-0.269,0.25,0.998,0.616,0.49,0.737,0.39286,-0.789,-0.29915,0.239,-0.55837
1,1,0,1.138,-0.07111,0.837,-0.023,1,-0.06889,0.87778,0.00222,1.247,-0.06444,0.883,-0.093,0.63,-0.20000,1.157,0.062,0.88000,-0.032,0.907,-0.06,1,-0.265,0.687,0.03556,0.638,-0.14162,0.586,-0.14667,0.894,-0.21,1,-0.44222
0,0.909,0.0,0.457,-0.12727,0.58182,-0.216,0.18182,-0.998,0.34545,-0.03636,0.29091,-0.045,0.29091,0.29091,0.36364,-0.513,0.127,-0.025,0.336,0.05455,0.12727,0.351,0.61818,0.161,0.235,0.192,0.41098,-0.07027,0.452,-0.05455,0.079,-0.334,0.29091,-0.31
1,0.804,0,1.125,-0.854,1,1.031,0.353,-0.075,0.62264,0.0,1,-0.00054,0.45283,0.061,0.652,-0.05660,0.98878,-0.00085,0.559,0.0,0.52830,0.099,0.95190,-0.00112,0.782,0.79245,0.92192,-0.001,0.756,-1.393,1.283,0.43396,0.43396,-0.1
0,1,0,0.586,0.977,-0.918,-0.241,0.191,-0.098,0.257,-0.112,-0.67285,0.12808,0.33333,0,0.28571,-0.103,-0.38214,0.573,0.23810,0.02381,0.46,0.04762,0.16667,-0.328,-0.816,-0.106,0.225,-0.259,1.142,0,-0.66667,-0.04762,0.26190,0.036
1,1,0.0,0.531,0.023,0.791,-0.097,0.39583,0.0,0.418,-0.07,0.379,0.0,0.29167,0.10417,0.719,0.027,0.643,-0.31,0.35417,-0.22917,0.33333,0.08333,0.182,0.18750,0.39583,-0.208,0.257,-0.098,0.41667,-0.08333,0.58333,-0.31250,0.33333,-0.06250
0,1.315,0.0,1,1.298,0,0.0,0.0,0,0.0,0,0.543,-0.609,-0.68,0.494,-0.95489,0.28571,0.64662,1,0,0,0,0.0,0.72,0.20301,-1.363,-1,1,-0.804,1.368,1.259,0.0,0,0.0,0
1,0.758,0.0,0.95217,0.06595,0.551,0.113,0.657,0.267,1.145,-0.528,0.90023,0.61320,0.611,0.173,0.72254,0.399,0.762,0.40844,1.23,0.59862,0.407,0.426,0.46773,0.44511,0.40440,0.44199,0.34374,0.547,1.073,1,0.23405,0.39620,0.196,0.37191
0,1,0.0,0.59840,0.40332,0.905,0.80521,0.76001,0.711,0.914,-0.10984,1.235,0.07981,0.95824,-0.85727,0.91962,0.88444,1.121,-0.043,0.661,0.18135,0.697,-0.717,1.242,-0.7,0.245,-0.30063,1.335,0.204,0.409,0.42677,0.455,0.81007,0.47,0.68822
1,1.254,0,1.046,0.10129,0.607,-0.028,0.98313,0.02555,0.96974,-0.12,0.934,-0.025,0.494,-0.03096,1,-0.046,1,-0.05179,1.267,0.01557,0.97620,-0.09284,0.97889,-0.074,0.988,-0.15675,0.528,-0.06995,1.181,0.015,0.741,-0.137,1.306,-0.06888
0,1,0.0,0,0.0,-0.33672,0.85388,0.0,0.0,0.536,-1,0.97078,0.262,-0.216,-0.621,-0.30241,0.678,0.94155,0.182,0,0,0,0.0,-0.192,-1.284,0.0,0.0,1.031,-0.602,0,0,0.035,0.61881,0,0
1,1,0,0.702,0.011,1,0.005,0.827,-0.00763,0.97868,-0.02844,0.538,-0.046,1,-0.01271,1,-0.039,1,-0.01175,1.347,0.0,1,-0.02612,1,-0.04744,1.244,-0.053,0.958,-0.022,1.353,-0.02478,0.721,-0.02,0.862,-0.059
0,1,0,0,0,0.899,-0.22703,0.273,-0.067,0,0.0,0.957,0.037,1,-0.296,1,0.07027,1,-0.101,0,0,0.673,-0.236,1,-0.589,0,0.0,0.696,-0.215,0.0,0.0,0.708,-0.183,0.28919,-0.15676
1,1,0.0,0.449,0.019,0.34146,-0.02439,0.52751,0.03466,0.175,0.12195,0.547,0.04755,0.21951,0.028,0.29268,0.0,0.425,0,0.321,0.105,0.224,0.068,0.23698,0.05813,0.14,0.09756,0.19304,0.045,0.087,0.05504,0.19512,0.0,0.205,0.1
0,1,0.0,1,1.091,1.323,-1,0.0,0.0,0.0,0.0,0.671,1,1,-0.961,1,1.194,1,-0.629,0.0,0.0,0,0.0,1,-0.27778,0.0,0,1,-1,0.912,1.223,1,-1,0.0,0
1,0.817,0,0.409,0.20408,0.46939,0.24490,0.524,0.269,0.366,0.395,0.209,0.495,0.12245,0.55102,0,0.51020,-0.06122,0.666,-0.233,0.315,-0.28571,0.387,-0.28571,0.19,-0.742,0.154,-0.46579,0.14895,-0.867,0.18367,-0.429,0,-0.202,-0.24490
0,0.987,0.0,0.0,0.0,1,-0.992,0.0,0.0,0,0,1.31,1,1,-0.25342,1.064,0.23288,0.634,-0.568,0,0,0,0,0.643,1.011,0,0,0.668,-0.836,0,0,1,-0.995,0.0,0.0
1,1.267,0,0.538,0.347,0.91176,0.311,0.641,0.929,0.45588,0.538,0.19118,0.88971,-0.02206,0.86029,-0.24,0.82353,-0.37500,0.931,-0.709,0.47794,-1.036,0.405,-0.86029,0.08824,-0.423,-0.071,-0.658,-0.129,-0.39,-0.42647,-0.44118,-0.255,-0.28676,-0.56618
0,1,0.0,-1,0.28105,0.22222,0.083,-1.134,-0.70984,-0.383,0.71242,-0.922,1,-0.757,0.461,-0.79085,-0.029,-0.98039,-0.964,-0.616,-0.638,-0.028,-1.228,0.942,-1.384,-0.527,-0.43137,0.74385,0.09176,-1,0.035,0.264,0.02614,-0.40201,-0.48241
1,1,0.0,0.26667,-0.066,0.413,0,0.33333,-0.114,0.36667,0.159,0.56667,0.025,0.71667,0.08333,0.365,-0.06667,0.53333,0.276,0.41667,-0.022,0.31667,0.20000,0.416,0.0,0.269,0.13333,0.601,0.05439,0.419,0.033,0.472,0.03333,0.26,-0.069
0,1,0,-0.26667,0.40000,-0.27303,0.12159,-0.17778,-0.051,0.044,-0.06879,0.057,0.038,-0.009,0.035,-0.021,-0.00166,-0.001,-0.00883,0.005,-0.002,0.002,0.001,-0.00114,0.001,-0.001,-0.001,0.0,-0.00043,0.0,0.0,0,0.00015,-0.00008,0.00002
1,0.953,0,1,-0.37838,0.936,0.29730,0.64865,-0.14,0.689,0.18919,1,-0.398,0.726,0.0,0.776,-0.05405,0.342,-0.211,0.71833,-0.178,0.656,0.05405,0.781,0.196,0.35135,-0.29730,0.61031,-0.144,0.58478,-0.188,0.72973,-0.827,0.28,-0.24324
0,1.472,0,1.214,-0.03516,-1,-0.33203,-0.799,-0.01563,1.144,0.01172,0.707,-0.01953,-0.711,0.093,-0.752,-0.006,0.95313,-0.03516,0.756,-0.036,-1.309,0.11719,-1.189,0.207,0.962,-0.005,0.82041,0.2,0.90234,-0.06641,-1,-0.276,-1,-0.34375
1,1.388,0,0.697,0.029,1.177,-0.01272,0.93526,0.018,1.296,-0.01734,0.96936,0.00520,0.95665,-0.035,0.95260,-0.00405,0.879,-0.024,0.99769,0.009,0.93584,-0.062,0.71,-0.03,1.394,-0.04451,0.96215,-0.01647,0.586,0.01908,0.95434,-0.023,1.259,0.011
0,1,0,1,-0.045,0.652,-1,0.714,-0.15,0.36111,-0.22222,1,-0.361,0.175,-0.114,1.19,-0.343,1,-0.38853,1.256,-0.42862,0,-0.127,1.015,-0.405,1,-0.355,0.605,-0.57092,1,-0.149,0.889,-0.427,1,-0.65935
1,1,0.0,0.354,-0.10345,0.24138,-0.10345,0.275,-0.06897,0.07405,-0.037,0.05,-0.024,0.01707,-0.02383,0.005,-0.01482,0.00281,-0.011,0.00078,-0.00523,-0.0,-0.002,-0.00028,-0.002,-0.00031,-0.00090,-0.0,-0.00048,-0.0,-0.0,-0.0,-0.0,-0.0,-0.0
0,1,0.0,0.484,-0.07843,0.859,0,0.60784,-0.08,0.551,-0.11765,0.68627,-0.164,0.857,-0.13725,0.64706,-0.09804,0.54902,-0.11765,0.44,-0.21569,0.58824,-0.285,0.738,-0.253,0.341,-0.25490,0.559,-0.166,0.56863,-0.377,0.27,-0.24,0.557,-0.27451
1,1,0.0,0.183,0.088,0.52,0.17,0.27,0.23966,0.098,0.173,0.006,0.14922,-0.02367,0.10188,-0.026,0.06317,-0.052,0.03458,-0.03230,0.008,-0.02474,0.00357,-0.01726,-0.004,-0.012,-0.00539,-0.006,-0.005,-0.002,-0.00520,-0.0,-0.00408,0.00025,-0.00291
0,1,0.0,-0.336,0.169,0.06250,0,0.0,0.06250,0.62500,0.038,0.146,0.0,-0.03125,0.09375,0.037,0.0,0.15625,-0.15625,0.43750,-0.362,0,-0.139,0,0.0,0.045,-0.503,0.037,0.0,-0.71875,0.03125,-0.03125,0.0,0,0.102
1,1,0.0,0.701,-0.015,1,-0.02703,1.317,-0.06486,0.715,-0.01622,0.98919,-0.024,1.298,0.08649,1.399,-0.054,0.95135,0.09189,0.756,-0.00541,1,0.06486,1,0.06,0.928,0.089,0.846,0.01251,0.706,-0.038,0.974,0.019,1,-0.07027
0,1,0.0,0.445,0.05426,1,0.093,1,1.408,0.91473,-0.00775,0.83721,0.04,1.127,0.222,1,1,0.81395,0.052,0.90698,0.173,1,0.437,0.873,-1,0.80620,0.032,0.878,0.901,0.886,0.062,1,1.029,0.92,1
1,1,0,1.156,-0.012,1.141,0.045,1,0.01604,1.091,0.00535,0.93583,-0.02,1,0,1,0.042,1,0.04813,0.907,0.04278,1.119,0.024,1.41,-0.009,0.806,0.05348,0.96974,0.066,0.87701,0.008,1,0.088,0.639,0.033
0,0.659,0.0,-0.20500,0.28750,0.204,0.098,0.28250,0.31750,0.408,0.35000,0.53,-0.34617,0.112,0.207,-0.09500,0.271,-0.052,0.303,-0.34187,0.307,-0.642,-0.08000,0.29908,0.33176,-0.58000,-0.24000,0.353,-0.28475,-0.47000,0.252,-0.27104,-0.318,0.341,0.027
1,1,0.0,0.60000,0.024,0.63333,0.06667,0.553,0.08,0.70000,0.0,0.331,0,0.596,0,0.57,0,0.70000,0.08,0.38,0.10000,0.73333,-0.028,1.052,0.0,0.63333,0.104,0.357,0.10168,0.644,0.13333,0.60000,0.178,0.689,0.16667
0,0.564,0.0,0.05866,-0.00838,0.078,0.00838,0,-0.012,0.004,-0.035,0.022,-0.07542,-0.00559,0.05307,0.06425,-0.017,0,0.09497,-0.074,0.071,-0.061,0.033,0.02793,-0.00559,0.00838,0.00559,0.062,-0.01,0.028,-0.00279,0.051,0.0,0.036,-0.03352
1,1,0.0,0.94653,0.28713,0.514,0.632,0.623,0.82455,0.01267,1.196,-0.24871,0.439,-0.47644,0.665,-0.541,0.526,-0.754,0.07208,-0.65426,-0.131,-0.52475,-0.625,-0.30851,-0.55089,-0.04119,-0.587,0.214,-0.56420,0.503,-0.625,0.358,-0.22535,0.724,-0.05980
0,1,0,0.05460,0.017,-0.018,0.04598,0.01437,0.042,-0.064,0.013,0.01724,-0.094,-0.024,0.04310,-0.06,-0.042,-0.09483,0.08046,-0.035,0.05172,0.02011,0.024,-0.034,-0.01,0.03161,-0.007,0.00862,0.01724,0.016,0.01,0.02586,0.015,-0.038,-0.00575
1,1,0.0,0.72414,-0.01084,0.736,0.01084,0.854,0.00197,0.79015,0.01084,1.095,-0.00985,0.765,0.03251,1.044,0.018,0.80099,-0.011,0.493,-0.02956,0.594,0.039,0.74778,0.05517,0.712,-0.012,1.16,0.00612,0.596,-0.032,0.82956,0.039,0.79015,0.01
0,1,0,0.041,0.02568,0.005,0.0,0.01997,-0.01997,0.019,-0.04993,-0.04850,-0.012,0.019,-0.018,0,-0.034,-0.07,-0.02853,-0.01712,0.03566,0.024,0.003,0.05136,-0.024,0.072,0.025,0.03994,0.014,0.01997,0.005,-0.026,-0.01854,-0.007,0.01997
1,1,0,0.374,0.115,0.309,0.33598,0.25661,0.374,0.012,0.281,-0.02116,0.604,-0.34127,0.31217,-0.41270,0.302,-0.301,0.081,-0.607,-0.166,-0.178,-0.21,-0.14815,-0.38095,-0.292,0.00265,0.024,-0.31739,0.161,-0.21693,0.241,-0.24339,0.26720,0.04233
0,1,0.0,0.08696,0.005,0.13959,-0.04119,0.083,-0.109,0.171,-0.06178,0.23341,-0.017,0.12357,0.07780,0.158,-0.13501,0.29062,-0.061,0.18993,0.07323,0.11670,0,0.126,-0.003,0.15103,-0.129,0.114,0.01373,0.063,-0.074,0.108,-0.099,0.135,-0.039
1,1,0,0.94333,0.38574,0.635,0.64534,0.21572,0.815,-0.726,0.64899,-0.73675,0.445,-0.612,0,-0.873,-0.31079,-0.268,-0.428,-0.165,-0.408,0.628,-0.63620,0.943,-0.258,1.007,-0.075,0.576,0.30384,0.357,0.60512,0.02742,0.54479,-0.234,0.50457
0,1,0.0,0.01975,0.00705,0.04090,-0.011,0.016,0.01128,0.01,0.058,0.00282,0.001,0.025,-0.03103,-0.014,0.06065,-0.021,0.02680,-0.021,-0.003,0.033,-0.02539,0.021,0,0.0,-0.01269,0.014,-0.011,0.00564,-0.022,-0.018,-0.02398,0.00705,0
1,0.944,0.0,0.85736,0.00075,0.884,-0.05676,0.844,-0.04182,0.84317,0.09037,0.86258,0.099,0.885,-0.089,0.78342,0.03510,1.0,-0.056,0.83570,-0.14190,1.005,0.012,0.90515,0.013,0.79686,-0.02,1.145,-0.04,0.88125,-0.042,0.408,-0.01942,0.79089,-0.117
0,1,0.0,0.93,-1.402,1.091,0.778,-1.254,1,1,-1.287,1,-1,-1,-1,-0.741,1.298,0.607,0.866,1,1.351,-1,1,1,-1,1,-1.284,0.936,0.83,1,1,-1.264,0.504,-1.031,1
1,1,0,1.222,0.39252,0.38887,0.762,0.092,0.923,-0.334,0.516,-0.76229,0.416,-0.49,0.10768,-0.717,-0.224,-0.578,-0.55262,-0.202,-0.826,0.28444,-0.434,0.64649,-0.35230,0.77814,-0.23324,0.903,0.21343,0.37830,0.713,0.209,0.399,-0.11215,0.64933
0,0.724,0,1,1.394,1,0.605,0.62500,-0.673,1,1.06,0.02500,0.026,1,1,0,0,0.621,-1,1.447,1,1.295,1,0.19,1,1.368,0.638,0.966,1.301,1.242,1,-1.414,1.444,0,0.0
1,0.555,0.0,0.703,0.633,0.62745,1,0.012,1.164,-0.503,0.653,-1.006,0.58824,-0.909,0.082,-0.96078,-0.373,-0.885,-0.68627,-0.23529,-1.003,0.35294,-1,0.74510,-0.582,0.92157,-0.123,0.92874,0.309,0.72549,0.56863,0.23529,0.90196,-0.105,0.90196
0,1,0.0,0.0,0,-1,-1.223,-1,0.835,0,0.0,-1.277,1,1.201,1.429,1,-1,0.0,0,0.0,0,-1,-0.573,-0.896,1,1,0.579,1.425,-1.012,0,0,-0.543,-0.629,-1.264,1
1,1,0.0,0.44444,0.629,0.53695,0.872,-0.22222,0.678,-0.33333,1.267,-1.213,0.398,-1,-0.085,-0.676,-0.22222,-0.542,-0.77778,0.606,-1,-0.285,-0.77778,0.77778,-0.173,0.486,0,0.63,0.579,0.57454,0.84353,0.22222,1.342,-0.55556,1.464
0,0,0,0.0,0.0,0.0,0,0,0.0,0.0,0,0.0,0.0,0,0,0.0,0.0,0,0,0.0,0,0.0,0.0,0,0.0,0.0,0,1.011,0.0,0,0,0,0.0,0,0.0
1,1,0.0,1,0.0,1,0,0.5,0.334,0.795,0,0.586,0.12094,0.89067,0.14210,0.86922,0.16228,0.746,0.15,0.622,0.5,0.705,0.0,1.373,-0.328,0.534,0.50000,0.734,0.26388,0.426,0.25000,0.393,0.379,0.718,0.30293
0,0,0,-1,0.569,1,0.907,0.0,0,0.969,-1,1,-1.024,0.536,-1,-1.168,-1.408,0,0,-1.417,-0.527,0,0,0,0.0,-1.376,-0.502,0.812,-1.47,1,0.708,-1,-1.267,0.0,0
1,1,0.0,1,0,1.379,0,0.66667,0.164,1,-0.139,0.88889,-0.153,0.553,-0.15,0.663,0.0,1.012,0.0,1,-0.11111,0.903,-0.067,0.66667,-0.102,0.904,0.0,0.90347,-0.05352,0.576,0.11111,0.88889,-0.11111,1.0,0
0,0,0.0,0.0,0.0,0,0.0,0.0,0.0,0,0,0,0.0,-0.935,-1,0.0,0,1,0.75000,0.0,0.0,0,0,-1,1,0.0,0.0,1.364,-1.077,-1,-1.012,1,1.491,0.0,0
1,1,0.0,1,0.594,0.649,-0.241,1,0.09091,1,-0.103,0.985,0,0.704,-0.346,1,-0.18182,0.974,0.05,1,0.0,0.817,-0.36364,0.546,0.09091,1.056,-0.09091,1.311,-0.064,1,0.45455,1.027,-0.27273,1,-0.173
0,1.249,0,0.62121,-0.899,0.0,0,0.0,0,0.498,0.28788,0.351,0.39394,-0.07576,0.299,0.36364,0.31439,-0.797,0.32955,0.143,-0.14773,0.02,-0.53409,-0.607,0.17803,0.232,-0.194,0.25758,-0.57576,0.6,0.24242,0.183,-0.034,0.172,-0.333
1,0.568,0.0,1,0.11765,1.47,0.177,1,0.599,0.757,0.05882,0.884,0.302,1,0.173,1,0.621,1,-0.074,1.377,-0.157,1,0.4,1,0.524,1,-0.11765,1,0.134,0.595,0.05882,1,0.35294,1,0.178
0,0.514,0.0,0.0,0.0,-1,-0.62766,1.255,0.51064,0.118,-0.142,-1,-0.36170,0.065,-0.59043,1,-1,0.0,0.0,0.82979,-0.108,-0.25000,1.19,0.245,-0.70745,0.0,0,-0.19149,-0.46809,-0.22340,-0.48936,0.504,0.809,-0.86,0.245
1,0.804,0,0.91667,0.344,0.83333,-0.148,0.70833,0.257,0.455,-0.115,0.931,0.041,0.83333,0.12500,0.48,0,0.719,0.04167,1,0.08333,0.66667,-0.106,0.75000,0.16667,1.19,-0.12500,0.83796,0.058,1.277,0.262,0.462,0.0,0.70833,0.054
0,1.141,0.0,0.254,-0.16667,0.0,0.0,0.0,0.0,0,0.0,0,0.0,0.11538,-0.19071,0,0.0,0.0,0,0.0,0.0,0,0.0,-0.05128,-0.06571,0.07853,0.08974,0.185,-0.10897,0.174,0.09615,0.031,-0.031,0.16827,0.19551
1,1,0.0,0.875,-0.097,1,-0.11326,1.444,-0.29802,1,-0.265,0.731,-0.368,0.85788,-0.415,1.252,-0.48170,0.73084,-0.65224,0.592,-0.397,0.916,-0.78316,0.58829,-0.74785,0.417,-1.073,0.268,-1.014,0.37941,-0.929,0.31,-0.88846,0.29221,-0.89621
0,1,0,1.174,1,-1,1,-0.639,-0.933,0.436,0.21053,0.258,0.07018,0.248,0.042,0.222,0.313,0.72807,-0.044,0.134,0.28,0,0.0,-0.423,-0.16228,1.394,-0.467,0.781,-1,1.48,-0.24561,0.35088,0.20175,0.82895,0.07895
1,1,0.0,0.833,0.28,0.99815,0.00369,0.492,-0.30133,1.1,-0.181,1.019,-0.316,0.73855,-0.30539,0.678,-0.349,0.375,-0.61189,0.40473,-0.55059,0.61041,-0.58,0.53176,-0.167,0.261,-0.652,0.411,-0.48390,0.137,-0.39143,0.184,-0.51329,0.18353,-0.46603
0,0.0,0.0,-1,1,1,-1.367,0.0,0,0,0,0.966,-1.383,0.858,1,0.0,0,1,-0.522,0.0,0,0.0,0,1,1,-1,0.814,0.726,-0.706,-0.878,1,-1.128,-0.92,0.0,0
1,0.997,0,0.92247,-0.17,0.738,-0.17674,0.87024,-0.255,0.81702,-0.27070,0.79271,-0.339,0.728,-0.575,0.561,-0.742,0.37254,-0.70729,0.211,-0.396,0.40506,-0.54172,0.28,-0.515,0.12,-0.63601,0.098,-0.59589,-0.082,-0.774,-0.01840,-0.54074,-0.07457,-0.564
0,1.338,0.0,-1,-1,-0.50694,0.509,0.562,-1,1,0.398,0.0,0,0.244,-1.156,1,1,0,0,1.29,1,0.753,1,0.0,0,-1.019,1.478,0.33333,-0.647,0.992,-1,0.892,-0.653,0.59,1
1,0.779,0,0.84177,0.56,0.398,0.836,0.09916,0.93460,-0.459,0.88186,-0.708,0.362,-1.281,0.164,-0.86709,-0.373,-0.62869,-0.65612,-0.165,-0.85654,0.174,-0.86498,0.51477,-0.66878,0.893,-0.28903,0.77937,0.07933,0.64135,0.244,0.275,0.529,-0.005,0.615
0,1,0.0,1,1,0.0,0,1,-1.166,-0.944,-1,0.907,0.724,1,-1,0.0,0.0,0.941,-0.778,1.372,1,0,0,0.624,-1,-1.317,-0.89,1,1,-1,0.854,-0.745,1.065,0,0.0
1,1.397,0,1,0.359,0.759,1,0.698,1.305,-0.171,1,-1,1,0,1,-1.42,1,-1.135,0,-1,-0.66667,-1.29,-0.92536,-1.135,-0.33333,-0.33333,-0.777,0.174,-1.437,0.708,-1.147,0.0,-0.599,1.154,-0.66667
0,0,0.0,-0.894,0.837,-1,-0.779,0.0,0,-0.859,1,1.26,-1,-0.638,-1,-1.492,1.166,0.0,0,-1.186,-1.331,-1.343,0.519,0,0,1,-0.713,1,1.368,1,-0.673,1,1,0,0
1,1,0.0,1,0.049,0.907,0.125,0.909,0.22108,0.635,-0.174,1.308,0.39495,1,0.48981,1,0.58986,-0.341,1.483,1,0,0.715,1.078,1.067,1,0.623,1,0.829,1,1,0.262,1.28,1,1,0.814
0,0.0,0.0,-0.885,-1,0.0,0,0,0.0,0.0,0,0,0,0.0,0,0.804,-1,0.0,0.0,-0.812,-1,0,0.0,1,1.057,1.086,-1,0.987,-0.802,0,0,0.0,0,0.0,0
1,1,0,0.761,-0.07896,0.831,-0.073,-0.13129,-0.121,0.29796,0.04403,0.399,-0.18,0.208,-0.424,0.031,-0.274,0.20269,-0.29441,0.15196,-0.29052,0.098,-0.31525,0.06556,-0.154,0.03004,-0.13,-0.001,-0.23210,-0.02612,-0.294,-0.04717,-0.216,0.014,-0.406
0,0.665,0,0.0,0.0,0.0,0,0.0,0,0,0.0,1,-0.33333,0.121,0.26042,0,0,0.0,0.0,0.0,0,-0.184,-0.222,-0.16667,0.90625,-0.969,0.56,0.052,0.75000,-0.181,-1,-0.166,-0.27083,-0.267,-0.93750
1,1.319,0.0,1,0.05149,1.147,0.127,0.96142,0.14756,0.95513,-0.26496,0.66026,0.374,0.452,0.25283,0.73781,0.37,0.66775,0.333,0.416,0.329,0.52494,0.29200,0.574,0.321,0.374,0.27226,0.419,0.277,0.311,0.23568,0.22427,0.291,0.2,0.19083
0,1,0,1,-0.124,-1.288,-1,-0.503,-1.368,1,0.442,0.479,0.736,-1.315,-1,-1,1.051,0.342,1.058,0.804,1,0.68839,-1.085,-1,-0.866,0.82937,0.36508,1,1,1.298,0.35,-1,-0.255,-1,0.865
1,1,0.0,1.187,-0.00190,0.714,0.306,0.92314,-0.536,1.256,0.16828,1.379,0.068,0.756,0.042,0.91586,0.05097,0.975,-0.276,0.667,-0.14482,0.486,0.17,0.75081,-0.03641,0.84547,-0.02589,0.87293,-0.02302,0.98544,0.09385,0.856,-0.10194,0.863,-0.126
0,1,0,0.825,-1,1.195,1,1.14,1,1.298,-0.472,1.269,1,1,1.287,1,1,0.0,0.0,1.031,1,0.866,1,0.817,-1,1,1.028,1.458,0.463,0.552,-1.043,-0.75000,0.504,1,1
1,1,0,0.933,0.252,1,-0.653,1,-0.10401,1,0.15414,0.93,0.277,0.98120,-0.086,1,0.06610,0.745,-0.18954,0.83584,-0.164,0.97400,0.031,1.345,0.119,1.109,-0.016,0.992,-0.049,0.91165,0.049,1,-0.083,1.353,-0.11717
0,0.876,0.0,0.289,-1,-1.301,-1,-0.064,0.582,1,0.59,0.74597,-0.236,-1,-0.79313,-0.093,1.223,0.351,0.25,0.31755,-0.324,-0.206,-0.169,-0.173,0.06895,0.03021,0.06639,0.036,-0.006,-0.00403,-0.01672,-0.00761,0.00108,0.00015,0.00325
1,1,0.0,0.79847,0.277,0.80804,-0.254,1,-0.051,1.007,-0.052,0.70217,0.188,0.99745,0.024,0.877,0.02487,1,-0.126,0.95663,0.049,1,0.002,0.958,0.30804,1.394,-0.14541,1,-0.002,1.12,0.07908,1.368,-0.243,1,-0.05740
0,0.0,0.0,0,0,0.0,0.0,0,0.0,0,0.0,0,0.0,0.569,1,1,1,1,-1.221,0.0,0,1,1,1,-1,1.012,1.277,1,0.0,1.367,0.543,1,-1.163,0.0,0.0
1,1,0.0,1.223,-0.28428,1,-0.25346,0.542,-0.35094,1,-0.30566,0.584,-0.49057,0.90818,-0.603,0.679,-0.58899,0.69748,-0.328,0.712,-0.823,0.975,-0.682,0.54465,-0.87327,0.49214,-0.73333,0.238,-1.109,0.349,-0.989,0.16604,-0.982,0.07,-0.474
0,1,0.0,0,0.0,0,0.0,0,0.0,-0.85000,-1,0,0,1,-0.817,0.0,0.0,-0.761,-1,-0.684,-1.415,0.836,-0.813,-0.406,-1,1,1,-1.464,-0.218,0.912,-1,0,1.18,0.0,0
1,1,0.0,1.322,0.11,0.637,-0.09091,0.825,0,1,0.0,1.251,0,1,0.045,0.8,-0.04545,0.685,0,1,0,1.29,0.09091,1.056,0.076,0.53,0.039,1.208,0.029,0.95455,0.092,0.86364,-0.09091,0.86364,0.04545
0,0,0.0,0,0.0,-1,0.69,1,1,-0.6,-0.536,0.0,0,-0.634,-1,-1,-0.31250,-0.643,-0.502,1,-0.565,1,-0.969,0.0,0.0,0.569,-1.373,-1,-1,0,0.0,1.302,-0.83,0,0
1,1.024,0,0.912,-0.112,1.427,0.17647,0.82353,0.08824,0.845,-0.02941,0.97059,-0.17647,1.091,0.14706,0.94118,0.034,1,0.0,1,0.0,1.145,0.096,0.88235,0.02941,0.85294,0.02941,0.841,0.035,1.325,-0.167,0.511,0.051,1.138,0.05882
0,1.378,0.0,-1,1,-1,0.15244,0.28354,0.999,-1.047,0.595,-1,-1.477,1,0.852,-1.364,-0.305,0.219,-1,1,1.379,-0.181,-1,-1.479,-1.077,1,-1,-1,-0.03578,1,-0.605,-0.553,-0.375,0.176,1
1,0.625,0.0,0.47368,-0.10526,1.249,0.01756,0.816,0.02615,0.363,-0.037,0.868,0,0.79856,0.055,0.78315,0.05756,0.561,0.47368,1.275,0.05263,0.72550,0.088,0.70301,0.054,0.42105,0.197,0.341,0.088,0.52632,-0.213,0.60150,0.128,0.59,0.09719
0,0.985,0,-0.004,-0.5,0,0.0,-0.01923,0.817,0,0.0,0.0,0,0,0.0,0,0.0,0.0,0,0.31410,1.314,-0.35256,1.088,-0.34615,-0.80769,0.0,0.0,-0.895,-0.51282,0,0.0,0.0,0.0,0,0.0
1,0.82,0,0.595,0.362,0.711,0.804,0.81818,0.817,1,-0.091,1,0,0.673,-0.45455,0.63636,0.397,1,-0.63636,1.47,-0.218,0.90909,-0.45455,1.472,0.07750,1.249,-0.094,1.444,0.067,1.482,0.36364,1.176,0.63636,0.72727,0.27273
0,0.0,0.0,-1,-1,1,-1,-1.377,1,0,0,1.132,-0.757,1.388,-1,0.0,0,0.0,0.0,0.0,0,-1,0.757,1.437,-0.664,-1.273,1,0.568,1.479,0,0.0,1,0.5,0.0,0
1,1,0.0,0.45455,0.081,0.895,0.108,0.27273,0.092,0.63636,0,0.36364,-0.09091,0.45455,-0.122,0.61,-0.009,0.799,-0.093,0.275,0.0,0.36364,-0.09091,0.27273,0.18182,0.36364,-0.062,0.34442,-0.018,0.372,0.0,0.36364,0.0,0.155,-0.01832
0,1,0,-0.52,-0.703,0,0.0,-1,0.882,-0.561,1,0,0.0,0,0,0,0.0,0.0,0,0.0,0.0,-1.015,-1.017,0,0.0,0.29839,0.302,1,0.35,0.0,0,0.0,0,0.0,0
1,1.074,0.0,1.141,0.093,1,0.761,1,0.71429,1.184,-0.092,0.85714,-0.14286,1,0.02,1,0,0.42857,-0.14286,0.756,0.023,1.394,-0.192,1,0.0,0.28571,-0.344,1,0.04891,1,0.075,0.922,0.355,1,0.0
0,0,0,1,1,0.868,-0.549,1.114,1.132,0.875,0.878,0.53,0.7,1.437,-1.185,1,0.625,1,-1.285,1.107,-1,1,1,1,1,1,-0.633,1,1,1.363,0.561,0.731,1,1.11,1
1,1,0,0.87032,0.46972,0.521,0.82161,0.116,0.95275,-0.38033,0.87916,-0.73939,0.58226,-0.92099,0.196,-1.149,-0.268,-0.643,-0.334,-0.355,-1.176,0.12,-0.78699,0.403,-0.722,0.626,-0.366,0.69097,0.10484,0.52798,0.204,0.365,0.333,-0.06739,0.627
0,0.0,0.0,1,-1,1.165,1,1.223,-1,1.399,1.317,0.858,-0.948,1,-1,1,-1,1.313,1,0.773,1.442,1.251,0.974,1,-0.833,1,1.088,1,1.172,0.613,1,0.794,1,1,-1
1,1,0.0,0.697,0.04174,0.89266,0.15766,0.86098,0.19791,0.986,0.36526,0.585,0.328,0.669,0.51,0.613,0.48360,0.489,0.716,0.56,0.541,0.48435,0.54212,0.298,0.55684,0.174,0.534,0.26978,0.54214,0.258,0.377,0.14312,0.49124,0.13,0.46571
0,0,0,1.156,1,0.885,-1,1.279,-0.647,1.484,1,0.0,0.0,1,-1,0,0,0.0,0.0,0.0,0,-0.778,1.127,1,1.173,0.0,0.0,1,1,0.0,0,-1,-0.997,0,0.0
1,1,0,0.789,0.13645,1.279,0.25359,0.85705,0.38779,0.79039,0.348,0.72352,0.59942,0.639,0.744,0.383,0.985,0.272,0.82742,0.25539,0.751,0.17,0.872,0.00494,1.266,-0.07361,1.029,-0.306,0.439,-0.33169,0.792,-0.38532,0.571,-0.312,0.55835
0,0,0,1,-0.907,-0.778,1,-0.847,1,1.087,1,1,1,-1,-0.779,-0.795,-0.979,0.571,0.591,1,-1,-1,-0.79,-1,-1.264,0.542,0.0,1,-1.29,1.215,-1,-1.073,0.724,-1.193,1
1,1,0.0,0.80627,0.13069,0.73061,0.24323,0.688,0.19038,0.348,0.6,0.522,0.46439,0.289,0.357,0.129,0.37115,0.08,0.558,-0.09808,0.512,-0.03462,0.42885,-0.08856,0.38,-0.14943,0.522,-0.274,0.489,-0.225,0.22,-0.26634,0.23896,-0.181,0.31154
0,0,0.0,1,-1,1.135,1,1,-1,1,1,0.599,-0.905,0.564,1.147,0.906,-1.135,1.42,-1,1.29,1,1,1.437,1.26,-1,1,-1,1,-0.708,1,0.939,0.779,-0.777,1.368,0.673
1,1,0.0,0.97467,0.167,0.94120,0.126,0.88783,0.32248,0.89009,0.266,0.85550,0.404,0.72298,0.78,0.634,0.305,0.517,0.898,0.312,0.502,0.44245,0.968,0.303,0.75622,0.26832,0.76210,0.16813,1.045,0.07497,0.80439,-0.027,0.77702,-0.086,0.866
0,0,0.0,0,0.0,1.227,0.829,0,0.0,1.486,1,0,0.0,1,-1,0,0.0,0,0,0,0,0.0,0.0,0,0.0,0,0.0,1.067,-0.715,0.0,0,-0.635,0.924,0,0.0
1,1,0,0.92308,0.15451,0.588,0.29757,0.583,0.389,0.566,0.56830,0.57449,0.819,0.43270,1.04,0.433,0.67697,0.245,0.552,0.046,0.76171,-0.12064,0.866,-0.096,0.558,-0.29291,0.87,-0.38798,0.613,-0.414,0.50131,-0.53146,0.331,-0.56231,0.324
0,0,0.0,0,0,1,1.12,1,1,0.0,0.0,0,0,-1.426,-1.253,0.0,0.0,-1,-1,0.0,0.0,0,0.0,1,0.906,0.0,0.0,0.786,1.142,0,0.0,-0.567,1,0,0
1,1,0,1.2,0.463,0.888,0.549,0.29148,0.852,-0.06726,0.90135,-0.39597,0.47,-0.6,0.56502,-0.82960,0.26906,-1.071,-0.08205,-0.353,-0.226,-0.594,-0.55605,-0.16449,-0.64338,0.09562,-0.897,0.342,-0.536,0.543,-0.396,0.264,-0.063,0.42152,0.12556
0,0,0,0.804,-1.259,1,0.698,1,1.137,0.958,1.298,0.684,1.368,1,-1,1.315,1,1.154,1,1,-1,0.689,-1,1.085,-1,1.124,-1.319,1.161,1,1,-1,1.082,1,1.363,0.67
1,0.784,0.0,0.73523,-0.441,0.952,0.139,0.598,0.15266,0.721,0.05252,0.866,0.296,0.71947,0.367,0.68798,0.251,0.25,0.223,0.64333,-0.02845,0.604,0.42528,0.53120,0.44872,0.94530,0.605,0.26,0.48200,0.12473,1,0.253,0.48,0.30588,0.49831
0,0,0.0,0.0,0.0,0,0.0,0.0,0,0,0.0,0,0,0,0,0,0.0,0.0,0,0.0,0,0,0.0,0.0,0.0,0.0,0,1.335,1,0.0,0.0,0.0,0,0.0,0
1,1.402,0,0.885,0.00892,1.263,-0.00260,0.98922,0.00372,0.95801,0.014,0.94054,0.03530,1.251,0.04719,0.98625,0.018,0.94277,0.043,0.98551,-0.009,0.493,0.073,0.96358,0.077,0.93274,0.113,0.706,0.05,1.063,0.01,0.54,0.07061,1,-0.004
0,0,0,1.035,1,-1.064,-0.783,-0.832,-1.049,0.0,0.0,0,0,-1.284,-1,0,0,0.0,0,0,0.0,-1,0.933,1,0.997,0,0.0,0.83,-1.109,0,0,-1.434,-0.778,-1,-0.93
1,1,0.0,0.617,-0.105,0.71442,0.01513,1.065,0.02258,0.931,0.011,0.34615,0.05594,0.69050,0.04393,0.985,0.071,0.587,0.05692,0.63403,-0.04662,0.623,0.05,0.821,0.045,0.84033,0.095,0.59935,0.108,0.451,0.06760,0.56466,0.065,0.294,0.09346
0,1,0.0,0.68729,0.696,0.944,-0.76087,0.81773,0.053,0.945,0.113,0.97,0.67,0.351,0.18227,0.75920,0.092,0.662,-0.25084,0.498,0.18729,0.918,0.24582,0.60201,0.77425,1.164,-0.53846,0.89262,0.22216,0.454,0.481,1.444,-0.06522,0.837,0.23913
1,1,0,0.76296,-0.07778,1,-0.167,1.429,-0.85741,1.094,0.078,0.45556,-0.433,0.7,-0.12581,0.835,-0.453,0.313,0.022,0.737,-0.05926,0.98215,-0.19938,1,0.22037,0.386,-0.318,1.165,-0.24549,0.633,0.02037,0.439,-0.312,1,-0.779
0,1,0.0,0.42,0.142,0.41245,0.095,0.26459,0.344,0.23346,0.13230,0.275,0.25292,0.199,0.36965,0.051,0.22957,-0.03891,0.441,0.074,0.33,0.169,0.139,0.053,0.29961,-0.02494,0.28482,-0.06024,0.26256,-0.14786,0.181,-0.09,0.31128,-0.256,0.193
1,1,0.0,0.57540,-0.03175,1.101,-0.05357,0.359,-0.01190,0.637,0.045,0.748,0.09921,0.731,-0.027,0.524,0.01,0.623,0.02579,0.60317,0.01587,0.364,-0.019,0.59127,0.029,0.5,0.03968,0.61291,-0.016,0.61706,-0.092,0.832,-0.008,0.62500,-0.03175
0,1.302,0.0,0.06404,-0.15271,-0.044,0.05911,0.09,-0.02463,-0.01478,0.28,0.041,0.0,0.12315,-0.063,0.05911,0,0.01970,-0.02956,-0.137,-0.271,0.039,0.015,0.06897,0.02956,0.074,0.173,0.279,-0.04926,-0.081,-0.09360,0.04433,0.054,0.062,-0.10837
1,1,0,0.427,0.10850,0.996,-0.06935,0.584,0.01678,0.74273,0.003,0.404,0.167,0.384,-0.001,0.79754,0.077,0.83669,-0.16555,0.666,-0.124,0.567,-0.01342,0.60962,0.11745,0.402,-0.09508,0.69845,-0.024,0.448,0.029,0.78859,-0.065,0.563,-0.04698
0,0.926,0,0.25316,0.331,0.0,0.0,-0.344,-0.527,0.0,0.0,0.07595,-0.07342,0,0.0,0,0.0,0,0,0.0,0.0,0.00759,0.68101,-0.135,0.33671,-0.13,0.35696,0.05570,-1.0,0.0,0.0,0.086,-1,0,0
1,1,0,0.682,-0.00857,0.629,-0.013,1.009,-0.019,0.89175,-0.072,0.82208,-0.10932,0.489,0.017,0.895,-0.074,0.87138,-0.075,0.567,-0.02358,0.87996,-0.14577,0.82851,-0.12433,0.864,-0.242,0.88245,-0.14903,0.84352,-0.135,1.201,-0.099,1.145,-0.16827
0,1.012,0.0,0.421,-0.5,0,0.0,0.0,0.0,0.46458,0.51042,0.533,0.02083,0,0,0,0.0,0.16458,-0.595,0.59167,-0.18333,0.0,0,0.0,0,0.817,-0.329,-1,-1.284,-0.27917,-0.845,0.0,0.0,0,0.0
1,1,0.0,0.959,0.015,0.92007,0.01305,0.752,0.017,0.694,-0.104,0.90103,-0.08428,0.57,-0.01033,0.93094,-0.08918,0.999,-0.05057,0.89451,-0.054,0.88418,-0.12126,0.88907,-0.11909,1.074,-0.207,0.995,-0.096,0.658,-0.158,0.83524,-0.075,0.86786,-0.087
0,1,0.0,0,0.0,1.017,0.178,0.88444,-0.015,0.0,0.0,1,-0.269,1.301,0.173,0.603,-0.034,1.195,-0.81556,0,0.0,1,-0.021,1,-0.256,0,0.0,1,-1,0,0,0.632,0.11778,0.90667,-0.09556
1,0.791,0,0.81143,0.03714,0.85143,-0.00143,0.452,0.01,0.79571,-0.038,0.87571,0,0.956,-0.057,0.783,0.002,1.01,-0.066,1.092,-0.093,0.76857,-0.08429,0.84286,-0.049,0.77000,-0.06857,0.739,-0.113,0.82571,-0.106,0.81429,-0.038,1.01,-0.15143
0,1,0.0,0.0,0,0.0,0.0,0.0,0.0,0.0,0.0,0.0,0,-1,0.869,1.47,0.55172,0,0,0,0,0.0,0.0,0,0.0,0,0.0,1,1.19,0,0.0,0,0,0.0,0
1,1.24,0.0,0.49870,0.01818,0.43117,-0.09610,0.634,-0.037,0.469,0.09610,0.438,0.048,0.55844,-0.11948,0.307,-0.03636,0.629,-0.051,0.55325,-0.008,0.48571,-0.03377,0.49091,-0.013,0.59221,0.0,0.639,-0.03280,0.502,0.025,0.593,-0.042,0.58961,-0.08571
0,0,0,0,0.0,0.0,0,0,0,0,0,0.0,0.0,0.0,0.0,0.0,0.0,0,0.0,0,0,0.0,0,0.0,0,0,0,1.215,-0.991,0.0,0.0,0.0,0.0,0.0,0
1,1,0.0,1,0.683,0.891,0.25000,0.25000,0.574,0.16851,0.91180,-0.13336,0.80454,-0.472,0.497,-0.483,0.37856,-0.43663,0.21,-0.36676,0.008,-0.26477,-0.119,-0.16178,-0.12964,-0.072,-0.142,-0.028,-0.10242,0.013,-0.037,0.02,-0.04142,0.016,-0.011
0,1,0.0,0,0.0,0,0.0,1,1,-1.079,-0.763,0.0,0.0,1.066,-0.149,0.0,0.0,0,0,-1,1,0.749,1,0.869,-0.52,0.0,0,1.07,-1,0.0,0,0,0.0,1,1
1,1.138,0,0.87048,0.38027,0.701,0.69212,0.31347,0.86625,-0.046,0.90740,-0.42173,0.926,-0.911,0.51560,-0.621,0.256,-0.952,-0.091,-0.585,-0.561,-0.471,-0.62861,-0.13013,-0.70762,0.15552,-0.633,0.37,-0.625,0.52573,-0.29897,0.56239,-0.087,0.483,0.108
0,1,0,0.0,0.0,0,0.0,0,0.0,-1.484,0.99,0,0,1,0.436,-0.085,-0.12000,0,0,-1,-1.455,0.0,0.0,1.169,-0.537,0.0,0.0,0.917,0.217,0,0,0,0,0,0.0
1,0.756,0.0,0.88179,0.43491,0.39,0.845,0.19672,0.94537,-0.291,1.107,-0.722,0.972,-0.939,0.33652,-0.781,-0.05338,-0.596,-0.307,-0.418,-0.704,-0.10237,-0.82217,0.26384,-0.765,0.55984,-0.55910,0.72147,-0.24433,0.72478,0.09599,0.816,0.522,0.261,0.57656
1,1.351,0.0,0.32834,0.037,0.184,0.21278,0.106,0.886,-0.254,0.465,-0.10312,0.19380,-0.694,0.2,-0.94053,-0.05409,-0.145,-0.14329,-0.388,-0.44615,-0.078,-0.85597,0.02,-0.22786,0.27942,-0.06295,0.33,-0.11876,0.27657,-0.165,0.197,0.13296,0.12197,0.198
1,1,0.0,0.83427,0.39121,0.786,0.863,0.113,0.672,-0.438,0.83578,-0.70086,0.622,-0.86622,0.274,-0.84442,-0.265,-0.59714,-0.61894,-0.142,-0.87787,0.12439,-1.172,0.51109,-0.683,0.631,-0.27734,0.873,0.05,0.466,0.264,0.37542,0.70011,-0.059,0.79444
1,0.643,0,0.62335,-0.027,0.59085,0.005,0.60409,-0.042,0.63177,0.00963,0.62455,-0.062,0.447,0.07220,0.322,-0.09,0.67509,0.09146,0.423,0.0,0.445,0.094,0.50060,0.03129,0.554,0.076,0.68,0.024,0.756,0.04452,0.482,-0.00963,0.61372,-0.09146
1,1,0,0.707,-0.026,0.951,0.044,0.72243,0.161,0.79228,0.043,0.81434,0.45,0.63787,0.007,0.664,0.21691,0.741,0.09,0.61029,0.05147,0.39,0.04228,0.52022,-0.25000,0.72978,-0.118,0.778,0.058,0.30882,0.109,0.3,0.07458,0.809,0.21691
1,1,0.0,0.525,0.25,0.78157,0.01780,0.803,0.038,0.65077,-0.10308,0.77538,0.08000,0.875,0.05060,0.456,0.05776,0.817,-0.08923,0.423,0.16308,0.972,0.066,0.63878,0.08041,0.852,-0.07231,0.415,0.123,0.666,0.149,0.53389,0.05,0.738,0.09322
1,1.316,0,0.68317,0.05375,0.789,0.00202,0.473,0.003,0.544,0.09901,0.75813,0.04102,0.478,0.009,0.517,0.007,0.80622,-0.174,0.77935,-0.05,0.77,0.011,0.658,0.00978,0.529,-0.04243,0.38,0.01096,0.62235,0.11598,0.601,0.01190,0.647,0.01227
1,1,0,0.616,0.0,0.3,0.109,0.49130,0.06522,0.46957,-0.046,0.236,-0.12609,0.664,0.04783,0.50435,0.02609,0.277,0.114,0.42174,0.132,0.42174,-0.016,0.43,-0.085,0.47391,-0.013,0.41789,0.083,0.39,0.042,0.35217,0.14783,0.44783,0.103
1,1,0,0.926,0.09417,0.78129,0.16,0.602,0.28068,0.965,0.41252,0.65917,0.534,0.555,0.55,0.49210,0.457,0.192,0.67861,0.194,0.683,0.124,0.68104,0.022,0.72236,-0.053,0.833,-0.11925,0.805,-0.18226,0.56015,-0.25516,0.68,-0.261,0.42467
1,1,0.0,1.081,0.09802,1,0.321,1.318,0.195,1.14,0.53020,0.74977,0.60297,0.56937,0.71942,0.738,0.935,0.29452,0.458,0.211,0.79777,0.09709,0.82162,-0.011,0.415,-0.15144,0.413,-0.166,0.69187,-0.168,0.60948,-0.384,0.582,-0.562,0.44534
1,0.74,0,0.843,0.13425,0.87001,0.31543,1.076,0.43388,0.522,0.59975,0.54003,0.795,0.502,0.707,0.133,1.059,0.09134,0.79598,-0.09159,0.76261,-0.282,0.983,-0.30263,0.62610,-0.40552,0.50489,-0.381,0.373,-0.301,0.266,-0.735,0.257,-0.48808,0.035
1,1,0,0.94631,0.138,0.84,0.246,0.489,0.49960,0.73678,0.344,0.535,0.534,0.48698,0.726,0.368,0.90665,0.17959,0.93429,-0.007,0.68,-0.18880,0.878,-0.33023,0.82492,-0.46534,0.76482,-0.626,0.612,-0.676,0.282,-0.817,0.631,-0.81210,0.26092
1,1,0.0,0.91767,0.131,0.933,0.229,0.72873,0.256,0.60425,0.673,0.50376,0.74922,0.304,1.165,0.15664,0.431,0.00396,0.796,-0.16390,0.758,-0.395,0.76193,-0.341,0.65385,-0.45,0.53886,-0.60328,0.585,-0.64511,0.375,-0.65710,0.145,-0.833,0.05394
1,1.347,0.0,0.76627,0.21106,0.78,0.243,0.451,0.348,0.15000,0.22273,0.076,0.59565,-0.07727,0.44545,0,0.336,-0.27491,0.624,-0.56136,0.279,-0.36591,0.16,-0.346,0.06,-0.38483,-0.03229,-0.33942,-0.12486,-0.346,-0.215,-0.297,-0.243,-0.111,-0.27218
1,1,0,0.727,-0.742,0.454,0.476,0.444,0.081,0.56623,0.199,0.32781,0.24172,0.50331,0.12252,0.63907,0.297,0.71854,0.495,0.54305,0.13907,0.65232,0.212,0.68874,0.061,0.524,0.28,0.29,0.297,0.46216,0.25,0.43484,0.29324,0.441,0.356
1,1,0.0,1.347,0.11385,0.70019,-0.12144,0.796,0.12,0.71157,0.01139,0.56167,-0.1,0.69070,0.12524,0.538,0.045,0.506,-0.03416,0.69450,0.121,0.784,0.074,0.32068,0.03,0.564,0.37381,0.344,0.17951,0.106,0.32448,0.571,0.18897,0.727,0.139
1,1,0.0,0.84843,0.054,1.127,-0.02299,1.068,-0.039,0.66725,-0.06620,0.47,-0.07666,0.67260,-0.05771,0.64260,-0.053,0.39199,0.053,0.71254,0.017,0.666,-0.055,0.614,-0.083,0.47038,-0.182,0.48659,-0.117,0.52613,-0.08537,0.44277,-0.073,0.23,-0.073
1,1,0,1,0.052,0.584,-0.00482,0.673,-0.007,0.87980,-0.051,1,0.01419,1.415,-0.01436,0.5,-0.01671,0.86,0.007,0.46,-0.08848,0.95016,-0.02364,0.874,-0.02591,1.341,0.013,1.272,-0.031,0.94,-0.074,0.92774,-0.03464,0.462,-0.03673
1,1,0.0,0.47938,-0.12371,0.358,-0.159,0.526,-0.236,0.73196,0.07216,0.359,-0.21649,0.698,0.117,0.45361,-0.11856,0.615,0.091,0.745,-0.292,0.745,0.18557,0.42268,0.08247,0.70619,0.213,0.53396,-0.171,0.208,-0.298,0.47423,0.04124,0.45361,-0.441
1,1,0,0.63510,-0.047,0.573,0.02968,0.616,0.36028,0.65358,-0.00462,0.64203,0.043,1.114,-0.43418,1.054,0.277,0.59584,0.13857,0.706,0.279,0.801,-0.25404,0.812,0.113,0.64665,0.23095,0.521,0.178,0.344,0.083,0.66316,0.224,0.826,0.36721
1,1,0.0,0.516,-0.022,0.61124,0.012,0.58876,0.014,0.703,0.02472,0.66742,-0.004,0.71685,-0.071,0.66517,0.013,0.841,0.02472,0.64719,-0.082,0.679,0.211,0.57528,-0.03596,0.46517,0.04944,0.485,0.008,0.545,-0.03596,0.607,0.095,0.60674,-0.08090
1,1,0,0.567,-0.008,0.66667,-0.045,0.63107,-0.05178,0.932,0.105,0.67314,0.115,0.64725,0.14,0.60194,-0.028,0.54369,-0.062,0.252,-0.10032,0.515,0.14887,0.521,0.306,0.52427,-0.05502,0.45105,0.001,0.446,-0.055,0.49191,-0.095,0.227,-0.05178
1,1,0.0,0.68148,0.10370,0.77037,0.023,0.857,0.1,0.60988,-0.00494,1.038,0.131,0.867,0.031,0.62469,0.09630,0.78272,-0.17531,0.406,-0.075,0.48642,0.01,0.755,0.08148,0.657,-0.083,0.63773,-0.016,0.604,0.028,0.61235,-0.07160,0.51358,-0.067
1,0.958,0.0,0.60678,-0.02712,0.47,0.043,0.52881,-0.057,0.26,0.025,0.70508,-0.107,0.57966,-0.011,0.285,0.07797,0.8,0.11864,0.56949,-0.02373,0.53220,0.009,0.886,-0.03390,0.52881,-0.03390,0.31,0.007,0.307,-0.00339,0.58983,-0.02712,0.538,0.089
1,1.079,0.0,0.659,0.09709,0.361,0.05825,0.34951,0.0,0.801,-0.02427,0.684,0.022,0.339,0.037,0.52427,0.004,0.508,-0.086,0.352,0.005,0.488,0.05825,0.18932,0.213,0.31068,-0.15049,0.36547,0.03815,0.39320,0.177,0.26214,0,0.37379,-0.01942
1,1.174,0.0,0.98822,0.027,0.57,0.265,0.528,0.35222,0.912,0.67,1.076,0.629,0.55076,0.60179,0.307,0.66237,0.369,0.911,0.28379,0.415,0.07515,0.73696,0.06338,0.71284,-0.099,0.802,-0.16556,0.60510,-0.16209,0.335,-0.34717,0.409,-0.33483,0.37465
1,1.301,0.0,0.97905,0.177,0.90112,0.271,0.732,0.48561,0.455,0.66,0.58827,0.73743,0.40349,0.83156,0.3,1.173,0.04700,0.85475,-0.12193,0.79749,-0.298,0.51,-0.215,0.634,-0.462,0.717,-0.57587,0.46040,-0.61899,0.30796,-0.903,0.138,-0.782,0.02968
1,1,0,0.99701,0.21677,0.933,0.47030,0.651,0.479,0.605,0.685,0.36774,1.156,0.10107,0.477,-0.06827,0.973,-0.401,0.72073,-0.589,0.61688,-0.664,0.48120,-0.65000,0.275,-0.64658,0.124,-0.527,0.02277,-0.786,-0.122,-0.718,-0.227,-0.47201,-0.35032
1,1,0.0,0.94331,0.158,1.085,0.355,0.827,0.56569,0.681,0.70830,0.41836,0.724,0.089,1.028,0.05167,1.018,-0.24742,0.975,-0.42811,0.75554,-0.541,0.62563,-0.406,0.668,-0.853,0.30912,-0.77097,0.113,-0.705,-0.065,-0.75199,-0.17921,-0.66932,-0.34367
1,1,0.0,0.93972,0.28082,0.80486,0.476,0.445,0.751,0.425,0.685,0.106,1.331,-0.20015,0.576,-0.39730,0.82163,-0.475,0.62867,-0.76305,0.5,-0.608,0.22,-0.995,-0.051,-0.75273,-0.26883,-0.63237,-0.582,-0.46422,-0.61446,-0.271,-0.70835,-0.069,-0.71273
1,1,0.0,0.89835,0.487,0.67333,0.706,0.43898,0.84,-0.019,0.80510,-0.156,0.75334,-0.155,0.48816,-0.569,0.233,-0.461,0.053,-0.596,-0.071,-0.81056,-0.06011,-0.33197,-0.47592,-0.12897,-0.53620,0.039,-0.51925,0.217,-0.303,0.337,-0.332,0.42805,0.13297
1,0.54,0,0.324,0.134,0.172,0.228,0.03759,0.34336,0.069,0.284,0.073,0.189,-0.04725,0.166,-0.08,0.058,-0.086,0.04097,-0.05431,0.01408,-0.036,-0.00280,-0.02876,-0.01176,-0.01755,-0.01505,-0.012,-0.016,-0.00280,-0.012,0.00096,-0.00948,0.002,-0.00647
1,1,0.0,0.58459,-0.35526,1,0.257,0.824,-0.00564,0.82519,0.19361,0.482,-0.27632,0.494,0.049,0.649,0.157,0.89,-0.327,0.623,0.066,0.785,0.20489,0.84774,-0.40977,0.337,-0.04699,0.371,-0.10571,0.706,-0.153,0.15602,-0.179,0.44767,-0.10309
1,1,0,0.975,0.121,0.72171,0.06059,0.65829,0.095,0.183,0.12961,0.512,0.299,0.358,0.11,0.44747,0.164,0.29352,0.02922,0.622,0.102,0.388,0.14616,0.29495,0.139,0.248,0.14530,0.23641,0.14314,0.253,0.16137,0.201,0.13632,0.194,0.149
1,0.712,0.0,0.94080,0.138,0.85738,0.01,0.85124,0.014,1.065,-0.00278,0.449,0.10916,0.83289,0.03027,0.82680,0.027,0.49,0.022,0.80019,0.02405,1.086,0.04901,0.941,0.05352,1.148,0.032,0.79058,0.049,0.85939,0.05,0.999,0.07090,0.742,0.07508
1,1,0.0,0.87111,0.052,0.87,0.22,0.99009,0.29292,0.882,-0.091,0.88598,-0.02028,0.764,-0.302,0.89410,0.261,0.67,-0.056,0.834,-0.014,1.336,-0.34024,0.911,-0.189,0.86661,-0.09193,0.85967,-0.02,0.78774,-0.04101,0.75935,0.21812,0.649,0.09193
1,1,0.0,0.74916,0.017,0.98994,0.132,0.79,0.12877,0.74313,-0.09188,0.551,0.023,1.172,-0.005,0.96110,0.10195,0.711,0.03756,0.381,0.02683,0.81221,-0.04,1.107,0,0.71764,-0.01207,0.605,0.037,0.926,-0.01,0.90409,0.116,0.797,0.02750
1,1,0.0,0.47337,0.19527,0.049,-0.18343,0.522,0.01006,0.45562,-0.031,0.56509,0.019,0.664,0.27515,0.71598,-0.036,0.55621,0.12426,0.41420,0.107,0.52767,0.041,0.562,-0.057,0.36,-0.02367,0.459,0.038,0.427,0.315,0.31953,-0.14497,0.456,-0.004
1,1,0.0,0.59887,0.14689,0.542,-0.109,0.715,-0.205,1.031,0.02448,0.50471,0.02825,0.67420,-0.04520,0.609,-0.173,0.526,-0.275,0.81544,-0.08,0.70245,-0.003,0.33333,0.067,0.56121,-0.373,0.314,-0.16837,0.296,-0.028,0.53861,-0.31262,0.425,-0.22034
1,0.578,0,0.914,-0.03397,0.463,-0.08493,1.096,0.0,0.73673,-0.112,0.686,-0.195,1.074,-0.157,0.77495,-0.18684,0.78132,-0.181,0.506,-0.10191,0.752,-0.15711,0.89384,-0.043,1.027,-0.26115,0.74115,-0.23312,0.66242,-0.209,0.72611,-0.5,0.65817,-0.186
1,1,0,0.774,-0.08152,0.83424,0.074,0.84783,0.042,0.919,-0.026,0.498,-0.067,0.476,-0.068,0.67935,-0.00543,1.237,-0.305,0.571,0.03261,0.86413,-0.052,0.533,-0.186,0.85054,-0.18750,0.591,-0.10211,1.216,-0.021,0.78533,-0.10870,0.79076,-0.00543
1,1,0.0,1.08,-0.139,0.58,0.16996,0.731,0.09486,0.69565,-0.11067,0.879,-0.212,0.514,-0.267,0.73715,0.04150,0.417,-0.00395,0.63636,-0.067,0.79249,-0.36,0.618,-0.28656,0.67194,-0.10474,0.61847,-0.175,0.60079,-0.20949,0.473,0.037,0.752,-0.014
1,1,0,0.625,0.067,0.632,0.00665,0.496,0.082,0.47894,-0.147,0.626,0.018,0.496,-0.16186,0.67849,-0.022,0.54545,-0.13525,0.52993,-0.029,0.28,-0.19512,0.50776,-0.188,0.41463,-0.157,0.53930,-0.119,0.59867,-0.02882,0.327,-0.092,0.56319,-0.033
1,1,0,0.88116,0.27475,0.415,0.42881,0.817,0.535,0.351,1.193,0.106,0.96128,-0.268,0.527,-0.381,0.899,-0.65114,0.62210,-1.015,0.492,-0.81856,0.19095,-0.83943,-0.08079,-0.78334,-0.144,-0.67557,-0.436,-0.54732,-0.471,-0.4,-0.66700,-0.259,-0.721
1,1,0.0,0.93147,0.29282,0.658,0.37,0.436,0.924,0.331,1.264,0.04636,0.96748,-0.23237,1.267,-0.55926,0.452,-0.381,0.62385,-0.971,0.345,-1.032,0.077,-0.93618,-0.19838,-1.18,-0.248,-0.65165,-0.69556,-0.41223,-0.513,-0.13590,-0.939,0.10007,-0.94823
1,0.942,0,0.88241,0.426,0.432,0.807,0.184,0.572,0.05717,0.55,-0.085,0.92118,-0.62403,0.71996,-0.374,0.302,-0.603,0.339,-1.068,-0.011,-0.722,-0.55,-0.766,-0.45478,-0.57242,-0.67605,-0.31610,-0.81876,-0.02979,-0.86841,0.25392,-0.82127,0.002,-0.81686
1,1,0,0.604,0.252,0.69256,0.47702,0.701,0.672,0.327,0.634,-0.08096,0.828,-0.35558,0.938,-0.391,0.563,-0.70350,0.289,-0.75821,0.03939,-0.71225,-0.154,-0.376,-0.39168,-0.37199,-0.304,-0.184,-0.481,0.08425,-0.345,0.213,-0.48468,0.40591,-0.35339
1,1,0,0.92870,0.464,0.76168,0.761,0.272,0.787,0.237,0.753,-0.182,1.318,-0.439,0.83590,-0.752,0.65490,-0.87474,0.36750,-0.906,0.05595,-0.756,-0.26173,-0.73969,-0.54069,-0.262,-0.536,-0.22323,-0.549,0.112,-0.87159,0.36021,-0.846,0.394,-0.60270
1,1,0.0,0.83367,0.31456,0.65541,0.57671,0.34962,0.617,0.17293,0.78947,-0.282,0.978,-0.288,0.66541,-0.584,0.47744,-0.785,0.153,-0.858,-0.071,-0.581,-0.28195,-0.49165,-0.53463,-0.334,-0.66014,-0.021,-0.529,0.28,-0.785,0.43100,-0.76,0.64662,-0.255
1,1,0,0.98455,-0.02736,0.98058,-0.044,1.294,-0.042,0.98720,0.01456,0.95278,-0.027,1.098,-0.08,0.855,-0.107,0.97396,-0.09532,0.97264,-0.086,1.151,-0.053,0.8,-0.08914,0.97352,-0.064,1.023,-0.12912,0.553,-0.14916,0.516,-0.17,1.444,-0.18800
1,1,0,1.166,-0.02,0.94170,0.01001,0.94994,-0.011,0.936,-0.007,1.312,-0.02,0.97173,-0.01767,0.962,-0.03887,0.95465,-0.032,1.219,-0.04711,0.864,-0.029,0.92815,-0.04417,0.92049,-0.051,0.92695,-0.082,0.465,-0.071,0.841,-0.052,0.92049,-0.07420
1,0.696,0.0,0.97032,-0.14384,1.049,-0.002,0.655,-0.17123,1.012,0.215,1.098,0.002,0.776,-0.08447,0.91324,-0.00228,0.86758,-0.102,0.97032,-0.21233,1,0.097,0.92009,-0.05251,0.739,0.081,0.94043,-0.062,0.486,-0.20091,1.111,-0.08676,0.762,-0.21918
1,1,0,0.783,-0.018,0.877,0.08475,0.52542,-0.249,0.417,-0.01695,0.69,-0.171,0.64407,0.407,0.725,-0.231,0.54237,0.01695,0.55932,0.03390,0.814,0.30508,0.86441,0.026,0.555,0.15254,0.673,-0.00266,0.66102,-0.046,0.501,-0.1,0.653,-0.10169
1,1.288,0,0.363,-0.184,0.44444,0.251,0.235,0.125,0.41667,0.13889,0.737,-0.083,0.46,-0.096,0.58333,0.33333,0.55556,0.022,0.278,-0.19444,0.505,-0.031,0.52778,-0.03,0.38889,0.08333,0.605,-0.14256,0.19444,-0.13889,0.496,-0.14809,0.061,-0.5
1,1,0,0.51207,0.758,1.087,0.54,0.637,0.80833,0.581,0.675,0.33081,1,0.21249,1.468,-0.254,0.892,-0.333,0.98722,-0.733,1.145,-0.52674,0.71699,-0.88500,0.47894,-0.519,0.421,-0.505,0.09569,-1,-0.212,-1,-0.592,-0.921,-0.65557
1,1,0,0.612,0.297,0.83550,0.54301,0.54916,0.682,0.528,0.625,0.13469,0.94749,-0.091,0.93778,-0.449,0.442,-0.744,0.71161,-0.704,0.609,-1.045,0.24956,-0.79147,0.033,-0.849,-0.26,-0.782,-0.32792,-0.63312,-0.19185,-0.391,-0.813,-0.19609,-0.62956
1,1,0,1.092,0.42904,1.021,0.58385,0.298,0.78115,0.16470,0.89,-0.086,0.689,-0.368,0.938,-0.59435,0.52070,-0.62,0.353,-0.993,0.047,-0.462,-0.427,-0.47412,-0.695,-0.37298,-0.67796,-0.059,-0.62691,0.182,-0.45911,0.37093,-0.515,0.48319,-0.24313
1,0.536,0,1.272,0.509,0.923,0.65640,0.45571,1.098,0.15323,0.518,-0.21775,0.96301,-0.557,1.097,-0.78751,0.58045,-0.978,0.322,-0.525,-0.041,-0.87028,-0.40949,-0.65079,-0.96,-0.228,-0.84951,-0.04578,-0.91221,0.302,-0.441,0.38,-0.383,0.74828,-0.44173
1,1,0.0,0.92436,0.36924,0.712,0.68420,0.193,0.94078,-0.135,0.855,-0.312,0.92453,-0.66616,0.412,-0.995,0.444,-1.177,0.088,-0.958,0.022,-0.87,-0.908,-0.287,-0.78174,-0.13486,-1.034,0.19765,-0.85137,0.524,-0.70247,0.69886,-0.46048,0.76066,-0.13194
1,1,0.0,1,0.16195,1,-0.05558,0.602,0.011,1,-0.101,1,-0.014,1.012,-0.01731,1,-0.074,1,-0.065,1,0.06,0.711,-0.084,1.08,-0.022,1.463,-0.306,1.396,-0.06823,1,0.097,0.813,-0.14194,1,-0.07439
1,1,0.0,1.236,-0.001,0.86421,-0.13244,0.598,-0.00461,0.82809,-0.51171,1.147,0.10368,1.301,-0.14247,0.99264,-0.016,0.95853,-0.094,0.504,0.61739,1.15,-0.16321,0.87492,-0.048,0.542,-0.02,0.655,-0.022,0.82427,-0.023,0.432,-0.01957,0.801,-0.02039
1,1,0.0,0.79378,0.357,0.781,0.466,0.41319,0.936,0.14177,0.631,-0.13,0.78772,-0.335,0.864,-0.505,0.41471,-0.75436,0.16755,-0.69977,-0.1,-0.443,-0.23503,-0.40637,-0.324,-0.158,-0.587,0.01523,-0.674,0.121,-0.38059,0.31008,-0.264,0.34572,-0.08036
1,1.348,0.0,0.504,0.398,0.68389,0.65128,0.275,0.79784,0.066,0.90842,-0.438,0.856,-0.82,0.69590,-0.77106,0.39309,-1.021,0.08408,-0.81641,-0.318,-0.64579,-0.50022,-0.39766,-0.68337,-0.158,-0.62,0.17041,-0.621,0.418,-0.57649,0.497,-0.333,0.825,-0.13305
1,1,0,0.838,0.451,0.66129,0.567,0.175,0.656,-0.04787,1.155,-0.45725,0.869,-0.844,0.58511,-1.115,0.219,-0.905,-0.15315,-0.582,-0.48404,-0.50931,-0.76197,-0.16,-0.88591,0.134,-0.85703,0.66,-0.819,0.937,-0.40656,0.83142,-0.07029,0.893,0.27926
1,1,0,1.163,-0.247,1.473,-0.20253,0.87342,-0.10127,0.716,0.014,0.873,0.11392,0.92405,0.035,0.522,-0.03797,0.63291,-0.36709,0.675,-0.009,0.701,0.078,1.215,0.228,0.62025,-0.37975,0.577,-0.036,0.691,-0.06329,0.53165,0.022,0.83544,-0.02532
1,1,0,0.404,0.00840,0.742,0.01659,0.82638,0.02469,0.603,0.021,0.838,0.05882,0.732,0.025,0.9,0.05407,0.64706,0.213,0.84034,0.047,0.82,0.066,0.68895,0.068,0.485,0.042,0.63728,0.08296,0.61345,0.015,0.58187,0.072,0.548,0.08891
1,1,0.0,0.85013,0.02,0.92211,0.018,0.856,0.02180,0.92765,0.046,0.933,0.15,0.696,0.057,0.90738,0.044,0.87339,0.02842,0.95866,0.0,0.89097,0.094,0.88430,0.082,0.83721,0.08,0.86923,0.08950,0.87597,0.058,0.85198,0.074,1.129,0.146
1,0.648,0,1,-0.01,1.093,-0.003,1.337,-0.01565,1,-0.01565,1.291,-0.015,1,-0.02187,0.99828,-0.03087,0.956,-0.027,1.138,-0.03452,1,-0.025,1.173,-0.05039,1.472,-0.04931,1.21,-0.081,0.99400,-0.06304,0.99057,-0.05,1.217,-0.098
1,1,0.0,0.704,-0.037,0.87525,0.063,0.89505,0.011,1.085,0.026,0.977,-0.00990,0.94059,-0.008,0.91881,0.03366,1.08,0,0.903,0.01386,0.90495,0.007,0.88713,-0.013,0.89307,0.027,0.89002,0.01611,0.638,0.002,0.87327,0.022,1.113,0.02376
1,1,0.0,0.90071,0.021,1,-0.017,1.247,0.005,0.922,0.051,1,0.023,0.97872,0.013,0.97518,0.03546,1.124,-0.046,1.205,-0.024,0.86170,0.077,1,0.09220,1.337,0.04610,0.94305,0.03247,0.938,0.02482,1,0.015,0.93617,0.016
1,0.977,0,0.298,-0.24242,0.619,0.017,0.45455,0.09091,0.468,0.046,0.21212,-0.256,0.487,0.15152,0.436,0.0,0.56156,0.05,0.51515,0.03,0.561,0.218,0.30303,-0.171,0.48526,0.083,0.46362,0.06142,0.33333,-0.032,0.41856,0.06410,0.574,0.24242
1,1,0,0.86689,0.35950,0.72014,0.967,0.407,0.645,0.08646,0.461,-0.24118,0.86121,-0.51763,0.67577,-0.664,0.41524,-0.77019,0.144,-0.868,-0.13652,-0.735,-0.42207,-0.32537,-0.393,-0.02844,-0.659,0.14,-0.636,0.305,-0.213,0.486,-0.194,0.524,0.013
1,1,0,0.714,0.204,0.723,0.69438,0.184,0.88696,-0.04193,0.739,-0.38875,0.881,-0.67274,0.62078,-0.622,0.30356,-1.134,-0.05365,-0.73564,-0.385,-0.51778,-0.488,-0.23428,-0.414,0.048,-0.862,0.33531,-0.579,0.35,-0.353,0.808,-0.17343,0.503,0.08660
1,1,0.0,0.86,0.605,0.65354,0.712,0.29921,1.289,-0.13342,0.97820,-0.336,0.83263,-0.79657,0.415,-0.96631,0.15192,-1.244,-0.25554,-0.807,-0.748,-0.425,-0.662,-0.013,-1.011,0.272,-0.85368,0.86,-0.61959,0.85977,-0.264,0.88654,0.09800,0.476,0.46301
1,1,0,1,1,0.52,0.092,0.164,1.331,-0.395,0.817,-0.199,0.37685,-0.712,0.315,-0.92857,-0.107,-0.38916,-0.502,-0.46552,-1.159,-0.05419,-0.541,0.25616,-0.274,0.879,-0.544,1.131,-0.06831,1,1,0.207,0.00246,0.17758,0.79790
1,0.685,0,1.169,0.454,0.45455,0.33333,0.06061,0.36364,-0.32104,0.73062,-0.41,0.272,-0.82,0.0,-0.57576,-0.078,-0.345,-0.48485,-0.09091,-0.548,0.26,-0.579,0.57576,-0.428,0.665,-0.39394,0.515,0.12331,0.96970,0.839,0.255,0.36364,0.09091,0.183
1,1,0,1.274,0,0.554,-0.021,0.592,-0.01220,1.312,0.01829,0.967,0.022,1.013,0.00915,0.891,0.004,1,0.037,0.94207,-0.01220,1.119,0.034,0.91463,0.05488,0.99695,0.072,0.89666,0.022,0.814,0.006,1,0.05488,1.229,-0.01220
1,1,0.0,0.82624,0.049,0.79078,-0.05,0.593,-0.01773,0.92908,0.014,0.80142,0.052,1.136,-0.008,0.94326,0.0,1.082,0.266,0.86,-0.006,0.91489,0.009,0.80496,0.07092,0.91135,0.15957,0.89527,0.114,0.77660,0.051,0.92553,0.191,0.92553,0.0
1,1,0.0,0.44,0.10638,0.88706,0.011,0.88542,0.01471,0.87234,-0.019,0.614,0.10638,0.87657,0.037,0.87235,0.018,1.282,0.084,0.519,0.033,1.215,0.04743,0.84931,0.05178,0.832,0.151,1.113,0.04,0.429,-0.035,0.81710,0.06800,0.80774,0.07173
1,1,0.0,0.87578,0.05,1.135,0.00343,1.127,0.007,0.86335,0.0,1.327,0.041,0.82,0.007,0.86303,0.01151,0.468,-0.06211,0.85714,0.02484,0.803,0.015,0.499,0.01749,0.79503,-0.059,0.677,0.02033,1.058,0.08696,0.80757,0.012,0.80088,0.02441
1,1.006,0.0,0.97513,0.004,0.98579,0.01954,1,0.019,0.99290,0.012,1.156,0.023,0.97158,0.049,1.468,0.03730,0.97869,0.02131,0.891,0.05684,0.97158,0.036,0.94494,0.045,0.98401,0.03552,0.892,0.06,0.94849,0.044,0.99112,0.066,0.584,0.086
1,1,0.0,1,0.01105,1,0.01105,0.934,0.023,0.843,-0.01436,1.078,-0.00221,0.98343,0.02320,1.429,0.00884,1.45,0.00773,0.631,0.013,0.98011,0.00663,0.717,0.015,0.936,-0.005,0.55,0.01600,0.97901,0.009,1.069,0.03,0.969,0.02762
1,1,0.0,1,-0.007,1.257,0.01566,1.371,-0.003,1,0.06264,0.965,0.042,0.95973,0.043,1,0.06488,0.839,0.03356,0.663,0.03579,0.99776,0.09396,0.806,0.09,1,0.052,0.99989,0.066,0.99105,0.111,0.637,0.11,1,0.15
1,1,0.0,0.88420,0.437,0.67123,0.722,0.39613,1.066,0.02424,0.979,-0.193,0.83713,-0.60316,0.463,-0.859,0.268,-0.965,-0.00642,-0.933,-0.368,-0.52504,-0.53924,-0.23,-0.582,0.01,-0.69774,0.26028,-0.739,0.44569,-0.43383,0.508,-0.188,0.56286,0.02823
1,1,0,0.826,0.41786,0.64131,0.75725,0.232,0.95148,-0.20449,0.96534,-0.55483,0.821,-0.926,0.539,-1.047,0.139,-0.836,-0.31412,-0.70163,-0.348,-0.167,-1.328,0.035,-0.66,0.44483,-0.887,1.109,-0.55231,0.921,-0.232,1.138,0.20359,0.70555,0.54852
1,1,0.0,0.322,0.087,0.204,0.279,0.14020,0.738,-0.137,0.898,-0.229,0.192,-0.443,0.24865,-0.97650,-0.00337,-0.23227,-0.279,-0.30522,-0.48886,-0.14426,-0.61,0.09345,-0.37,0.28307,-0.18560,0.39599,-0.088,0.31005,0.044,0.278,0.20540,0.13376,0.196
1,1,0.0,0.65845,0.43617,0.44681,0.74804,0.05319,0.85106,-0.223,0.82139,-1.004,0.538,-0.698,0.07111,-0.5,-0.145,-0.315,-0.71725,-0.057,-0.86002,0.318,-0.76316,0.56663,-0.52128,0.884,-0.22,0.597,0.223,0.296,0.768,0.236,0.76764,-0.18533,0.687
1,1,0.0,0.264,0.057,0.057,0.25191,-0.156,0.48866,-0.18321,-0.18321,-0.449,0.052,-0.45420,0.055,-0.211,-0.30534,-0.067,-0.39695,0.18702,-0.153,0.34012,-0.11953,0.393,-0.16031,0.322,0.24692,0.049,0.31092,-0.03817,0.372,-0.087,0.16794,-0.342,-0.458
1,1,0,0.98002,0.00075,0.749,0,0.75,-0.00075,0.793,0.02394,0.97700,0.016,0.782,0.03073,0.99170,0.02338,0.523,0.068,0.472,0.058,1.371,0.08,1,0.069,0.692,0.092,0.96709,0.078,0.95701,0.08088,1.067,0.118,1.306,0.08616
1,1,0.0,0.827,-0.07572,0.80462,0.003,1.304,-0.01214,1.302,-0.07514,0.652,-0.11734,0.84624,0.056,0.432,-0.088,0.74798,0.077,1.15,0.06358,0.86763,-0.024,0.902,-0.066,0.667,-0.02370,0.76717,-0.035,0.742,-0.068,0.70058,-0.04220,0.78439,0.01214
1,1,0.0,0.476,-0.123,0.415,-0.026,0.68195,-0.03574,0.55717,-0.087,0.739,-0.148,0.62099,-0.06527,0.59361,-0.063,0.42271,-0.26409,0.58213,0.051,0.49736,-0.08771,0.546,-0.048,0.538,-0.00564,0.364,-0.12,0.35588,-0.098,0.284,-0.08637,0.235,-0.08300
1,1,0,0.489,0.008,0.682,0.00258,0.85821,0.00384,0.79988,0.018,0.538,0.09,1.03,0.009,0.955,0.00854,0.82777,-0.043,0.76531,0.051,0.953,0.01148,0.75071,0.01232,1.05,-0.002,0.70886,0.018,0.942,0.00849,0.942,0.01484,0.833,0.01525
1,0.958,0.0,0.905,-0.01366,0.97404,0.043,0.49590,0.553,0.389,-0.00273,0.65164,-0.14071,0.40164,-0.48907,0.481,0.617,0.76776,0.223,0.425,0.122,0.469,-0.44945,1,0.00683,0.60656,0.038,0.68656,0.17088,0.87568,0.082,0.297,0.357,0.174,0.596
1,0.523,0.0,0.755,0.055,0.73739,-0.14706,0.943,-0.05567,0.90441,-0.042,0.965,0.13130,0.81197,0.088,0.79307,-0.105,1,-0.02101,0.96639,0.06618,0.864,0.01155,0.625,0.06618,1.332,-0.04202,1.143,0.002,1.012,0.106,0.86660,-0.10714,1.267,-0.053
1,1.463,0.0,0.741,0.00419,0.774,-0.017,0.93438,-0.018,0.94590,0.011,0.96510,0.03281,0.94171,0.07330,1.022,-0.01326,0.748,0.001,0.772,0.078,0.92670,0.08412,0.93124,0.10087,0.94520,0.01361,1.244,0.05,1.155,0.096,1.082,-0.00035,1.11,0.04712
1,1.139,0,0.94701,-0.00034,0.93207,-0.03227,0.968,-0.03431,0.845,0.013,1.168,0.01,0.92595,0.036,0.595,-0.009,0.94837,0.027,0.563,0.018,0.91406,0.094,0.565,0.073,0.93988,0.044,0.557,0.019,0.92120,0.02242,0.92459,0.00442,0.92697,-0.00577
1,1,0,0.707,-0.02,0.98122,-0.01989,1.069,-0.021,0.85746,0.00110,0.689,-0.03315,1.086,-0.01436,0.90608,-0.04530,0.91381,-0.008,0.626,-0.12928,0.88729,0.01215,0.92155,-0.018,0.771,-0.025,0.882,-0.07,1.119,-0.226,1.319,-0.034,0.886,-0.16243
1,1,0.0,1.122,0.146,0.757,-0.067,0.87873,0.068,0.88928,-0.13,0.78735,0.075,0.80668,-0.00351,0.899,-0.01054,0.985,-0.04569,0.87170,-0.03515,0.81722,-0.113,0.513,0.04394,0.86467,-0.131,0.712,-0.042,0.78207,-0.004,1.114,-0.06678,0.85764,-0.081
