1,1,0.0,0.59,-0.05889,0.797,0.02306,0.624,-0.37708,1,0.03760,0.836,-0.14,0.457,-0.383,0.622,-0.415,0.84356,-0.311,0.695,-0.387,0.56971,-0.229,0.36946,-0.47357,0.695,-0.51171,0.514,-0.46168,0.264,-0.34090,0.492,-0.54487,0.18641,-0.466
0,1.151,0,1.215,-0.233,0.93035,-0.41,-0.10868,-0.817,1.385,-0.04549,0.328,-0.67743,0.317,-0.35,-0.51685,-0.97515,0.05499,-0.617,0.488,-1,-0.13151,-0.313,-0.123,-0.35734,-0.20332,-0.26569,-0.126,-0.18401,-0.104,-0.081,-0.113,-0.069,-0.122,-0.02447
1,1,0,1,-0.019,1.263,0.00485,1,-0.134,0.788,0.01198,0.73082,0.044,1.109,0.011,0.404,0.002,0.612,-0.089,0.75535,-0.099,0.616,-0.27502,0.401,-0.107,0.299,-0.506,0.58984,-0.22145,0.43100,-0.231,0.826,-0.24180,0.56045,-0.38238
0,1.07,0,1,-0.45161,0.726,1.337,0.71216,-0.763,0,0.0,0,0.0,0.0,0.0,-1,0.17,0.54094,-0.39330,-1.146,-0.54467,-0.524,0.96,0.0,0.0,0.93,1.187,0.51613,1.472,1,-0.20099,0.344,1,-0.349,1
1,1,0,1,-0.023,1.072,0.08,0.92106,-0.282,0.77152,-0.16399,0.404,-0.20275,0.432,-0.009,0.34395,-0.199,0.52940,-0.204,0.45107,-0.262,0.07,-0.415,0.02309,-0.566,0.038,-0.734,0.13290,-0.53206,0.023,-0.403,-0.05707,-0.59573,-0.04,-0.776
0,1.172,0.0,0.02337,-0.009,-0.147,-0.11949,-0.007,-0.084,0.14706,0.061,0.025,-0.071,0.0,0.0,-0.059,-0.15540,-0.00343,-0.10196,-0.11575,-0.075,0.01838,0.03669,0.01519,0.00888,0.019,-0.012,-0.03240,0.106,-0.07859,0.004,0.0,0,-0.0,0.12011
1,0.751,0.0,1.178,-0.10602,0.94601,-0.205,0.92806,-0.387,0.85996,-0.329,0.867,-0.353,0.78225,-0.5,0.74628,-0.61436,0.655,-0.514,0.32,-0.73641,0.435,-0.76562,0.448,-0.79753,0.156,-0.81634,0.185,-0.952,0.04606,-0.897,-0.04262,-1.062,-0.13832,-0.80975
0,0,0,0.0,0,0,0,1,-1.454,0,0.0,-0.977,-1,0.0,0,0.0,0.0,0.537,1,-0.575,-0.967,0,0.0,0.0,0.0,0.681,1.251,1,1.052,0,0.0,1,0.777,0.0,0
1,1,0.0,0.96355,-0.107,1,-0.135,1,-0.21313,0.929,-0.304,0.92570,-0.43569,1.038,-0.40668,1.19,-0.46381,0.784,-0.295,0.84537,-0.871,0.75346,-0.597,0.748,-0.502,0.994,-0.65440,0.403,-0.728,0.201,-0.63919,0.45114,-0.547,0.21,-0.73420
0,1,0.0,-0.014,-0.08459,0,0,0,0,0.154,-0.199,-0.288,-0.428,0.0,0,-0.363,0.492,-0.288,0.084,0.41,0.22115,0,0,0.0,0.0,-0.151,-0.01326,0.196,-0.022,0,0,0.209,0.24086,-0.121,0.38065
1,1,0.0,0.749,0.089,1,-0.246,1.209,-0.27320,1,-0.543,1,-0.26,1.363,-0.51874,0.90711,-0.341,0.761,-0.66474,0.375,-0.70997,0.935,-0.76320,0.751,-0.658,0.55867,-0.89128,0.703,-1.269,0.566,-1.202,0.271,-0.89093,0.22995,-0.89158
0,1,0.0,1.169,-0.54210,1,-1,0.881,-1,1,0.199,1.036,-0.585,0.561,1,0.665,-1,1,-0.428,1,-0.93599,0.646,0.685,0.706,1.052,1,-0.484,0.578,-0.62745,1.009,-0.536,0.902,-1,0.641,-1
1,1,0.0,1.079,-0.16316,1.008,-0.10169,0.584,-0.15197,1.478,-0.122,0.94055,-0.232,0.95735,-0.231,0.93719,-0.407,0.94486,-0.301,1.31,-0.605,1.084,-0.367,1.2,-0.477,0.753,-0.47137,0.76224,-0.58370,0.65723,-0.905,0.917,-0.64537,0.64727,-0.67226
0,1,0.0,1,-0.915,1,0.136,0.85492,-0.415,0.841,-0.116,0.905,0.35147,1.2,0.07772,1,-0.14767,0.781,-1,1.288,-0.754,0.814,0.208,1,0.827,1,-0.17012,1.065,0.5,0.595,-0.66494,1,1.026,1,-0.123
1,1.419,0.0,1,0.093,1,0.03420,1.334,-0.05563,0.529,0.08764,1.278,0.19651,1.067,0.22,1.339,0.168,1,0.10561,0.52,0.197,0.576,0.447,0.953,0.41750,1,0.215,0.546,0.217,0.95603,0.48641,1,0.32492,1,0.361
0,1,0.0,0.708,-1.213,1.119,0.26708,-0.03520,-1.396,0.74,-0.55,0.43685,-0.824,0,0.0,-1,-0.205,-0.514,0.048,1,-0.954,0,0,0,0.0,-0.16253,0.92236,0.375,0.242,0.0,0.0,1.332,0.23188,0,0
1,0.742,0.0,0.919,0.06468,1.486,-0.011,0.526,0.02498,0.516,0.02312,1.077,0.07808,0.706,0.076,0.948,0.049,0.88809,0.11120,0.86104,0.08631,1.199,0.103,0.83668,0.14442,0.81329,0.13412,0.575,0.133,0.79110,0.151,0.768,0.192,0.70941,0.12015
0,0,0,0,0.0,-1,-1.429,1.063,0.934,-0.974,1,-1.398,1,1.425,-1.084,0.842,1.371,-0.717,-0.645,-1,1,1,-1,-1,1,-1,0.574,0.516,-1,-1,0.791,-0.561,-1.301,0.847,-1.096
1,1,0,0.67065,0.021,0.66626,0.05031,0.836,0.185,0.08776,0.506,0.63621,0.12131,0.411,0.18,0.672,0.135,0.443,0.125,0.157,0.41224,0.801,0.21326,0.328,0.211,0.384,0.23724,0.255,0.3,0.43433,0.25306,0.548,0.242,1,0.33036
0,0.0,0.0,1,-1.189,0,0.0,0.0,0,1.497,1,1,-1,-0.71875,0.548,0.0,0,-1,0.531,1.011,0.84,-0.874,1.08,1,0.652,-1.224,0.762,1.115,1.05,1,-0.591,1,1,1,1
1,0.763,0,0.914,-0.006,0.917,-0.09834,1,-0.07649,1,-0.10605,1,-0.11073,1,-0.552,1.294,-0.21,1.374,-0.337,0.682,-0.34534,0.895,-0.44072,0.96060,-0.6,0.844,-0.457,0.426,-0.523,0.545,-0.38231,0.80448,-0.525,0.517,-0.45039
0,0,0.0,1,1,0,0,0.0,0.0,-1,-1.189,0.0,0.0,0.0,0.0,-0.678,-1,-1,-1,-1,0.829,-1.148,1,0.0,0,0.0,0,1.026,-1.387,-1.197,1.279,-1,0.799,-1,0.789
1,1.26,0,1.303,0.061,1,0.04296,0.67,0.09313,1.232,-0.05144,0.58,0.02580,0.83250,-0.057,0.87534,0.09831,0.462,0.00280,1.028,-0.078,0.858,-0.052,0.56,-0.05929,0.764,-0.07705,0.302,-0.02205,0.251,-0.01251,0.764,-0.0,0.735,-0.00182
0,0,0,-1.456,1,0.0,0,0,0,-1.363,1,0.731,0.798,0,0,0.0,0,1,-1,-1.133,1.342,0.838,1.131,0.0,0,-0.735,-1.089,1.078,-0.749,0.75,0.557,-1,1.112,0.0,0
1,1.457,0,0.505,-0.062,0.758,0.026,1,-0.059,1,-0.022,1,-0.11726,0.918,-0.052,0.93392,-0.066,1.015,-0.07379,0.785,-0.182,0.94910,-0.31558,0.721,-0.379,0.84932,-0.34838,1.054,-0.369,0.73094,-0.38576,0.54356,-0.26284,0.9,-0.205
0,1.03,0,0.858,0.57820,1.346,-1,0.598,-0.883,1.41,-0.93,1.076,-0.811,1,-0.947,1,-1.103,0.537,-1,1,-1,1.194,-0.561,1.112,-1.144,1.499,-1,1,-1.195,1,-1,1,-1.49,1,-1
1,1,0.0,1,-0.08714,1.195,-0.136,1.231,-0.648,1.12,0.61053,1.115,-0.41382,0.704,-0.31736,0.87937,-0.174,0.81051,-0.406,0.173,-1.303,1.201,0.137,0.888,-1.069,0.55389,-0.82868,0.48136,-0.86583,0.504,-0.89674,0.218,-0.593,-0.13341,-1
0,0,0.0,-1,-0.624,0.0,0.0,-1.358,1.248,1,-0.37500,0,0.0,0.0,0.0,0.0,0,1,-1,-1,-1,1,-1,0.0,0,0.701,-0.514,-1.226,1.104,-1.05,-0.621,0,0,-0.536,1.072
1,1,0.0,1,0.055,1,0.17387,1.369,-0.13308,0.98172,0.64520,1.219,0.472,1.174,0.661,1.284,0.70758,1.079,0.749,1,0.911,1.309,1.012,1.372,1,0.906,0.915,0.83899,1,0.74822,0.523,0.64358,1.05,0.52479,1.396
0,0,0.0,-1.15,-1.161,1.213,1.294,0.613,-1,-1,0.779,1.24,-1,-1,-0.925,0,0,1.33,0.806,-1,-1,1,-1.013,1,-0.711,1,1.08,0.815,-1,1.174,-1,-0.602,1,0.813,-1.463
1,1,0.0,0.6,-0.177,1,-0.16256,1,-0.23656,0.603,-0.086,0.536,-0.25010,1,-0.32,0.632,-0.21975,1.384,-0.38606,1.219,-0.46162,1,-0.487,0.567,-0.59661,0.755,-0.569,0.98820,-0.49687,1.017,-0.584,0.634,-0.985,0.629,-0.84437
0,1,0,1.348,-1,1,1,0.572,-1.014,1,-0.781,1,-1,1.229,-0.01840,1,-0.906,1.309,0.99,0.847,-0.776,1.117,1,1,-1.315,0.0,0.0,0.791,1,0.892,-0.862,0.768,1,1.212,1
1,1.087,0.0,0.996,-0.157,0.93408,-0.11057,1.045,-0.135,0.88307,-0.17036,0.88462,-0.189,0.616,-0.31463,0.82116,-0.476,1.144,-0.391,0.773,-0.47022,0.70555,-0.693,0.66150,-0.50085,0.61297,-0.48086,0.653,-0.339,0.436,-0.525,0.47075,-0.683,0.42189,-0.698
0,0.808,0.0,0.883,-0.02595,0.351,-0.23067,0.917,-0.09473,0.899,-0.10236,1,-0.10951,0.721,1,1.049,-1.473,0.65,-0.184,0.80760,-0.182,-0.25914,0.71,0.509,0.042,0.65493,-0.20392,0.93124,-0.41307,0.742,-0.164,1.028,-0.87354,-0.238,-1
1,0.697,0,1,-0.175,0.644,0.343,0.743,-0.538,1.385,-0.28207,1,-0.307,0.416,-0.12527,0.386,0.14638,1.151,0.39337,0.691,0.26590,0.657,-0.01891,0.92599,-0.91338,1.258,0.14803,0.545,-0.115,1,-0.11129,0.681,0.466,1.135,-0.57758
0,1,0,0.836,-1.321,1.113,0.656,1.332,-0.67321,0.80893,-0.219,1,-0.869,0.818,-0.89375,0.74,0.537,0.17589,0.766,1,1.066,1,0.85268,0.574,-1,1.34,0.909,1.162,-0.08571,0.85,-0.36250,0.925,0.847,1,0.34732
1,1.467,0.0,1,0.006,1.07,-0.014,0.819,-0.02960,0.763,-0.077,0.97839,-0.06256,0.52,-0.06544,0.97261,-0.104,0.92561,-0.13665,0.94184,-0.094,1.332,-0.14248,0.911,-0.13565,1.155,-0.20851,0.647,-0.17909,0.982,-0.139,0.83777,-0.187,0.83867,-0.255
0,0.0,0,1,1,0.953,-0.958,0.0,0,0.0,0,-1,-1.212,0,0.0,0,0,-0.712,0.766,1.182,1,-1.169,1,-0.917,1.283,1,-1.07,1,1.138,-1,1.166,0.866,1.126,0.0,0
1,1,0.0,0.91241,0.04347,1.137,0.02280,0.94705,0.053,1.295,0.012,1.077,0.061,1.07,0.12067,0.92048,0.092,0.668,0.12722,0.83744,0.114,0.43,0.133,0.77041,0.11,0.75755,0.11299,0.395,0.145,0.655,0.205,0.70925,0.10754,0.949,0.11447
0,1,0.0,0.756,0.02461,0.99672,0.04861,1.126,0.093,0.843,-0.987,0.91036,0.11147,0.88462,0.53640,0.909,0.14137,0.76929,0.172,1,0.494,0.649,0.138,0.60138,0.121,0.793,0.16390,0.66,0.167,0.31,0.168,0.38352,0.14677,1.403,1.196
1,1,0.0,1.45,0.06538,0.777,0.308,1.454,0.132,0.85,0.339,0.86773,0.429,0.904,0.489,0.79555,0.493,0.65954,0.349,0.57619,0.463,0.47807,0.67135,0.276,0.68840,0.34384,0.922,0.303,0.72386,0.19296,0.683,0.11372,0.72688,0.06990,0.894
0,1,0,-0.929,-0.792,1.074,1,0.837,-0.14375,0,0.0,-1,1,1,1.124,0.17917,-0.699,-0.84,-0.781,0.08750,-1,1,-0.539,-1.168,1.319,-1,-1,0.561,-1.316,-0.512,-0.986,0.798,0.752,0.0,0
1,1,0.0,0.867,0.083,1.158,0.126,1,0.16598,0.55187,0.505,0.545,0.277,0.103,0.42739,0.847,0.46086,0.485,0.557,0.31639,0.174,0.37824,0.694,0.31274,0.602,0.313,0.56527,0.18626,0.56605,0.081,0.56101,0.039,0.295,0.12137,0.67739
0,1.184,0.0,-0.64286,-0.817,1,1.19,1,-1.468,1,-0.329,1,0.82,1.417,-0.37679,0.578,-1,1.457,0.13839,0.873,-0.63,1.488,-0.03393,-0.84286,1,0.722,1.021,1,1.432,1,-1.261,1.323,-0.578,1,-1
1,1,0.0,0.678,-0.068,0.705,-0.137,0.98663,-0.19430,0.545,-0.139,0.961,-0.176,0.817,-0.37965,0.89812,-0.623,0.84922,-0.523,0.882,-0.57075,0.79016,-0.59839,0.74725,-0.414,0.68282,-0.955,0.65247,-1.081,0.61010,-0.75353,0.54752,-0.518,0.276,-0.554
0,0,0,0.0,0.0,0,0.0,0.0,0,1,1,1.335,1.231,0.0,0.0,0.0,0.0,-0.37500,-1,-1,-1,0,0,0.0,0.0,-1,-1.316,-0.776,-1.079,-1.072,0.661,1,0,0.0,0.0
1,1.288,0.0,0.656,-0.03730,0.905,-0.07383,1.156,-0.11039,1.325,-0.09931,0.98941,-0.13814,0.96674,-0.231,1.006,-0.25099,0.556,-0.479,0.53,-0.32152,0.89991,-0.457,0.68,-0.217,0.86213,-0.462,0.865,-0.43122,0.781,-0.561,0.77919,-0.47977,0.587,-0.50152
0,1,0,0.94598,-0.016,-1,0.26131,-0.36393,0.35639,0.909,-0.686,0.546,-0.034,-0.29020,-0.006,-0.523,0.15452,0.91921,-0.337,1,-0.481,-0.157,-0.164,-0.932,0.482,0.468,-0.46734,0.667,-0.776,0.663,-0.61393,-0.137,0.274,-0.06117,0.41913
1,1,0,0.579,0.00874,0.808,-0.053,0.97565,-0.054,0.95947,-0.06971,0.99004,-0.04507,0.88,-0.11102,1.243,-0.137,0.921,-0.095,0.477,-0.282,0.988,-0.17387,1.204,-0.18739,0.655,-0.19689,0.81813,-0.116,1.072,-0.302,0.76911,-0.309,0.68,-0.23902
0,1,0.0,0,0.0,1,0.51724,0.0,0,0.133,-0.791,0.0,0.0,0,0,-1,-0.22414,-0.55711,-0.818,0.766,0.685,0.0,0.0,0.453,0.35668,-0.653,0.389,1,-1,-1,0.438,0.0,0.0,0.0,0
1,1,0,0.819,-0.18362,0.43644,0.02919,0.93421,-0.002,0.453,0.129,0.81121,-0.014,1.262,0.54991,0.91714,-0.57486,0.75000,-0.196,0.922,-0.20104,1,1.096,0.666,-0.212,0.90066,-0.03,1.14,-0.016,0.861,-0.301,0.545,-0.248,0.67,-0.01425
0,0,0.0,1,1,1,-1,0.0,0.0,0.0,0.0,1.487,0.787,1,1.484,-1.092,-1,0.854,-1,-1,1.05,0.0,0,1.234,-1,0.937,-1.257,1,1,-1,-0.849,0.0,0.0,0.0,0
1,0.701,0,1,1,1,1,0.975,1,-0.273,1,-0.715,1,-1,1,-1,0.883,-0.762,-0.307,-1.492,-0.249,-1,-1.159,-0.444,-1.497,0.972,-1,1.115,-1.189,1.079,-1,1,-0.367,0.548,0.359
0,1,0.0,-0.67935,-1.28,-1,0.914,1.294,0.819,0.034,-1,-0.789,-1.131,1,0.952,0.88683,-1,-0.544,1,0.64,1,1,-0.515,-1,-0.991,-0.254,1,1.239,-1,-1,-0.719,-0.696,1,1.399,0.466
1,1,0,0.95659,0.068,1.332,-0.05667,1.147,-0.08484,0.669,-0.065,0.972,0.009,1.221,-0.16795,1.125,-0.154,1.192,-0.371,0.452,-0.35902,0.91428,-0.183,0.90140,-0.29807,0.99899,-0.40747,0.87244,-0.45,0.865,-0.30619,0.83951,-0.459,0.657,-0.306
0,1.473,0,0.114,-0.191,-1.367,1.26,-1,1.0,1.057,0.47173,-0.82143,-0.62723,-1.363,-1,-1,1,-0.039,0.59152,-0.627,-0.273,-0.74628,-1,-0.656,-0.401,-1,0.323,1,-0.604,-0.505,-0.416,-0.873,-0.521,-1,0.61458
1,0.749,0,1,-0.033,0.603,-0.04494,1,-0.051,1.089,-0.08799,1,0.56173,1,-0.094,1,-0.204,0.838,0.32407,1,-0.196,0.746,-0.18949,0.698,-0.16,1.288,-1.344,0.87280,-0.235,0.94,-0.253,0.437,-0.22765,0.73992,-0.309
0,0.0,0,-1,1,1.274,-1,-0.896,1,0.0,0.0,1,0.896,-1.49,-0.208,1.194,1.499,-1,-1,1.087,-1,-0.519,-1.004,0.892,0.505,1.468,-1.457,1.145,1,1,1.006,0,0,-1,-1
1,1,0.0,1,0.05812,1.339,0.07418,1.103,0.071,0.598,-0.01911,0.94846,0.076,0.95713,0.14644,1.133,0.096,0.90896,0.23,0.96741,0.16265,0.99695,0.14258,1.28,0.146,0.743,0.268,0.78,0.188,0.839,0.22511,1.054,0.305,0.987,0.31166
0,1,0.0,0.17188,-1.239,-1,1.331,0,0,0.0,0,-1,1,0.0,0,-0.425,-0.67708,0.80521,0.36146,0.412,0.14375,0.0,0.0,-0.79,-0.27083,-0.631,0.635,1.195,1.167,-1,0.883,0.0,0.0,0.0,0.0
1,0.541,0.0,1.358,0.09771,1.05,0.12197,1,0.327,0.972,0.09237,0.94930,0.238,0.478,0.268,0.625,0.28343,0.85529,0.26721,1.019,0.298,0.894,0.396,0.917,0.39597,0.76193,0.194,0.68452,0.48,0.345,0.46031,0.56791,0.47033,0.54252,0.273
0,1,0,0.01667,-0.35625,0.0,0.0,0.0,0.0,0,0.0,0.0,0.0,0.0,0,0.12292,-0.55000,0.182,0.82813,1,-0.42292,0,0.0,0.115,-0.783,-0.10625,-0.15,0.862,-0.662,-0.957,0.18854,0.0,0,0.845,-0.366
1,1,0,0.796,0.16801,0.626,0.143,0.94616,0.33347,0.91759,0.22610,0.612,0.36,0.463,0.46899,0.897,0.49225,0.63,0.48311,0.717,0.488,0.39,0.305,0.447,0.71,0.48311,0.55236,0.399,0.707,0.35684,0.67,0.33921,0.427,0.273,0.78685
0,1.428,0,0.63816,1.059,0.20833,-0.63,1,0.771,0.726,0.309,-0.357,1,-0.05921,0.74,0.01754,0.05044,-0.426,-0.522,0.14254,-0.04,0.196,-0.43860,-1.316,1.428,1.178,-0.697,1,-0.074,1.487,1.487,0.20614,-1,1,1
1,1,0,0.67,-0.386,0.601,0.76131,0.51,0.096,1,-0.09925,0.548,0.47990,0.65452,-0.223,1.087,0.00879,1.05,-0.609,0.80025,-0.216,1.012,-0.19095,1,-0.137,0.93593,0.10678,1.195,-0.093,1.413,-0.214,0.339,0.19849,0.51382,-0.045
0,1,0,1.204,0.10598,0.508,0.39130,0.72,-1.324,0.66938,0.08424,1.105,0.255,1,0.462,1,0.254,1,0.018,0.34,-0.396,1,0.886,0.572,0.173,0.91033,-0.33333,1.072,0.166,0.37681,-0.01947,0.606,0.22464,0.565,0.501
1,0.581,0.0,1.319,0.231,1,0.02477,0.593,0.07764,1,0.063,0.98762,0.472,1,0.07,1,0.04384,0.555,-0.126,0.84371,-0.049,1.059,0.04150,0.99933,0.392,0.547,-0.49,0.599,-0.02174,0.86747,0.309,0.709,-0.22021,0.80355,-0.046
0,0,0.0,1,-0.848,0.879,-1.222,0.978,-0.557,1,-1.399,1.186,1.354,1,1,1,-1,1,1.015,1.27,1.309,1.117,1.197,1.368,-1,1,-1.01,1,-1,1,0.65625,0.0,0,0.851,-1.042
1,0.913,0.0,1.079,0.67784,0.855,0.91,0.43019,1.223,0.20619,0.80541,-0.274,1,-0.79135,0.474,-0.786,0.403,-0.412,-0.58634,-0.97907,-0.24,-0.73083,-0.76339,-0.281,-0.513,0.402,-0.649,0.589,-0.93296,0.212,-1.417,0.93570,-0.35222,0.98816,0.03446
0,1,0.0,0.96,1.351,1,-0.949,1,-1,1,0.578,0.886,1.258,1.081,0.658,0.675,-1,0.629,1,1,1.29,1.213,1,0.836,1,1.299,1,1,0.5,0.0,0,1,-0.998,1.125,-0.55
1,1.254,0.0,0.531,0.036,1,0.198,1,0.26968,1,0.25068,1.301,0.417,1.194,0.38643,1.102,0.473,1.0,0.65701,1,0.371,1.24,0.701,0.944,0.668,0.89593,0.61,0.89502,0.71374,0.85611,0.67149,0.74389,0.85611,1.043,0.676
0,0.0,0,1,-1.348,1,1,-1,-1.489,1,-1.175,0,0.0,0,0.0,-1,0.694,0.732,-1.485,1.213,-1,-0.75000,1.002,0.713,-1.01,0.947,-1.325,1,-0.794,-1,-0.616,0,0.0,1.322,-1
1,1.323,0,1.356,0.08620,0.96760,0.19279,0.99,0.27451,1.349,0.35052,0.92867,0.604,0.86265,0.52517,0.94,0.317,0.73242,0.414,0.69003,0.884,0.54473,0.56,0.48339,0.758,0.216,0.74689,0.414,0.774,0.127,0.784,0.189,0.751,0.124,0.86285
0,1,0.0,0.69444,0.421,0.0,0,-0.32937,0.493,0.0,0.0,0,0,0,0.0,0.153,-0.24206,0.21032,0.222,0.46429,0.904,0.0,0.0,0.0,0.0,0.382,0.27381,0.512,0.63492,0.0,0.0,0,0,0.0,0
1,0.523,0.0,0.679,0.059,1,0.10827,1,0.121,1,0.202,1,0.34826,1.127,0.38261,0.925,0.358,1.251,0.50391,1.094,0.689,0.80644,0.59962,0.954,0.353,0.607,0.63942,0.515,0.513,0.49538,0.72684,0.303,0.71689,0.375,0.75243
0,0.0,0.0,1.232,1.328,0,0,1,-1,1.122,-1.192,1.342,1,1,1,0.752,-0.697,1,0.92,1,1.001,1.383,-1,-1.335,-0.756,1,-1.04,1,-1.097,0.937,1,0.0,0,0.897,-1
1,1,0.0,1,0.024,1,0.079,1.166,0.16159,0.913,0.27921,0.654,0.30889,0.92745,0.206,0.91118,0.39749,0.418,0.46059,0.78619,0.46994,0.79400,0.588,0.865,0.316,0.695,0.455,0.673,0.60990,0.344,0.422,0.594,0.411,0.419,0.62658
0,0,0,1,0.816,1.143,-1.154,1,0.511,1,1,1,0.948,1,1,1.431,0.693,0.925,-1.389,-0.867,1.024,-0.689,1,-1.128,1.135,1,-1,1.189,1,-1.077,1,-1.368,-1.02,-0.513,1
1,0.953,0.0,1.152,0.24168,1,0.48590,1.018,0.72973,1,1.438,1.454,1.203,0.692,1.222,1.21,0.935,1.172,1,1,1,0.799,0.871,1.086,1,0.64628,1,0.23,1.403,0.10819,0.717,-0.17370,1,-0.656,1
0,0,0.0,0.59,1,1,-1.006,0.742,1.294,-1.213,1,0,0,1.123,1,0.0,0.0,0,0.0,-1,1,-1.148,1,0.933,1,0.586,-0.525,1.47,1,1.231,1,0.731,-0.65,-0.889,1
1,1,0,0.937,-0.06604,1,0.516,1.373,0.12,1,0.20280,0.645,-0.664,1.452,-0.40559,0.522,-0.15851,0.651,0.03,0.994,-0.74,1,-0.384,1,-1,1,-0.378,1.413,-0.81372,0.705,-0.77,1,-0.806,1.158,-0.48252
0,0,0,0.993,-1,1,1,1.187,0.715,1,1.147,1.317,1.146,1,-1.355,1,-1,1.074,0.755,0.632,-1,0.684,1.183,1,1.337,1.031,-1,1.251,1.378,1,-1,1.24,1,1.252,-1.045
1,1,0,0.92277,0.088,0.92679,0.223,0.802,0.24618,0.65,0.35197,0.78801,0.431,0.558,0.612,0.43,0.742,0.60459,0.64200,0.51247,0.64924,0.211,0.596,0.297,0.977,0.23693,0.818,0.18765,0.94,0.09694,0.423,0.04,0.754,-0.04023,0.707
0,1,0,0.355,-0.126,0.476,0.208,0.285,0.21,0.25795,0.58304,0.7,-0.082,0.013,0.44523,0.01060,0.273,0.232,0.414,0.10567,0.237,0.04325,0.344,-0.001,0.24936,-0.02862,0.212,-0.04314,0.138,-0.04779,0.10349,-0.04585,0.082,-0.024,0.04586
1,1,0.0,0.425,-0.039,0.375,-0.029,0.80621,0.02811,0.85947,0.02515,0.63462,0.122,0.71598,0.08,0.554,0.067,1.056,-0.27811,0.362,-0.008,0.78698,0.06953,0.34615,-0.18639,0.376,0.016,0.61009,-0.04,0.296,-0.168,0.59024,-0.099,0.829,0.02959
0,1,0,0.39179,-0.06343,0.97464,0.04328,0.728,0.716,0.35821,0.149,0.54478,0.13060,0.505,-0.52,0.452,0.67910,0.687,-0.10448,0.353,-0.13,0.884,0.111,0.83209,0.569,0.47015,0.137,0.49309,0.14630,0.237,-0.028,0.376,0.124,0.204,0.092
1,1,0,0.67547,0.042,0.893,-0.10566,0.77358,0.03,0.66038,-0.029,0.702,0.01132,0.799,-0.183,0.72075,-0.02264,1.031,0.129,0.684,-0.117,0.932,-0.23774,0.834,-0.182,0.84906,-0.226,0.73886,-0.05801,0.459,0.026,0.834,0.046,0.73208,0.00755
0,0.949,0,0.974,-0.05000,0.662,0.023,1,0.72727,0.893,-0.053,0.48182,-0.17,0.583,0.09559,0.56818,0.612,0.50455,0.21818,0.758,0.10000,1.287,-0.30000,0.98636,-1.177,0.83,0.41,0.56982,0.115,0.469,0.12,0.497,0.14643,0.777,1
1,1,0,0.376,-0.012,0.42,0.0,0.38431,0.112,0.262,-0.05882,0.56471,0.186,0.46667,0.063,0.52549,-0.036,0.487,0.008,0.662,0.0,0.45882,0.062,0.355,0.08235,0.695,0.003,0.358,0.10039,0.46275,0.08235,0.45098,0.23529,0.43137,0.184
0,1.424,0.0,0.41932,0.116,0.434,0.082,0.329,0.413,-0.03636,0.557,0.038,0.25,-0.19091,0.33636,-0.13350,0.27322,0.035,0.585,-0.34773,0.12727,-0.145,0.035,-0.18636,0.285,-0.122,-0.04,-0.147,-0.097,-1,-1,-0.02916,-0.07464,-0.00526,-0.06314
1,1.301,0.0,0.88305,-0.21996,1.404,0.363,0.82403,0.205,0.85086,0.055,0.90558,-0.056,0.46,0.25000,0.639,0.25322,0.351,0.352,0.71030,0.52,0.568,0.388,1,0.34871,0.344,0.476,0.444,0.768,0.80901,0.333,0.43026,0.70923,0.52361,0.54185
0,1,0,0.795,-0.098,-0.31745,-0.80553,-0.083,-0.48,0.721,0.043,0.89514,-0.007,-0.242,0.875,-0.122,-0.68065,0.85701,-0.102,0.674,-0.15729,-0.047,0.404,-0.34128,0.731,0.78932,-0.034,0.70882,-0.25288,0.77884,-0.08,-0.16,-0.78170,-0.237,-0.59867
1,0.815,0.0,1.039,-0.24783,0.437,0.025,0.593,0.549,0.967,0.164,0.5,0.26957,0.627,-0.23043,0.50435,0.348,0.551,-0.37,0.344,-0.26087,0.26957,0.113,0.53246,-0.03845,0.31304,-0.12174,0.707,-0.04264,0.48348,-0.04448,0.739,-0.248,0.647,0.14783
0,1,0.0,-0.362,0.14861,-0.189,0.73375,0.643,-0.192,0.323,-0.06811,0.20743,-0.15,0.532,0.081,0.441,-0.15480,0.211,0.45201,0.33746,0.042,0.633,0.064,-0.913,-0.61610,1,0.65635,0.41348,-0.28,-0.212,0.1,0.016,0.55820,0.52632,-0.08978
1,0.959,0.0,0.29202,0.13582,0.45331,0.145,0.419,-0.003,0.598,0.228,0.452,-0.16638,0.47368,-0.04754,0.463,0.037,1.129,-0.115,0.359,-0.059,0.34975,0.06621,0.28183,-0.20883,0.693,-0.039,0.627,-0.03351,0.34635,0.09847,0.564,-0.026,0.39559,-0.03226
0,1,0,0.499,0.134,0,0.0,0.56541,0.037,0.404,0.55,0.421,0.8,-0.016,0.53215,0.23725,0.191,-0.02661,1.053,-0.50998,0.84922,-0.082,0.358,-0.294,0.261,-0.784,0.80710,-0.34146,0.88248,-1.201,0.69401,-1,0.12860,0.0,0.0
1,0.828,0.0,0.90116,0.128,0.476,0.37379,1.063,0.614,0.59784,0.794,0.44303,1.158,0.24412,0.87493,0.06438,0.85038,-0.12611,0.87396,-0.168,0.79617,-0.465,0.65924,-0.719,0.375,-0.356,0.423,-0.71844,0.315,-0.72369,0.16,-0.71475,-0.082,-0.56,-0.125
1,1,0,0.97714,0.19049,0.497,0.31,0.71771,0.452,0.244,0.84278,0.35,0.819,0.10289,0.93945,-0.095,1.191,-0.32020,0.471,-0.52145,1.025,-0.68274,0.533,-0.77408,0.464,-1.099,0.149,-0.83314,-0.011,-0.481,-0.274,-0.774,-0.33662,-0.558,-0.49700
0,1,0,-1.254,-1,0,0.0,0.50814,-0.443,0.845,0.44,-1,-0.41368,0.0,0.0,0,0.0,0.763,-0.278,0.36482,-0.702,0.623,-1,-0.581,-0.945,1.324,-0.548,-0.581,-1.059,-1,-0.684,1,-1,0,0
1,1,0.0,0.951,0.04974,0.79074,0.02543,0.667,0.03793,0.66230,0.062,0.371,0.257,0.75934,0.07348,0.74695,0.094,1.024,-0.07853,0.63613,0,0.444,0.163,0.389,0.149,0.886,0.15445,0.481,0.079,0.65707,0.104,0.848,0.16,0.293,0.15114
0,1,0,1.015,-1.27,0.0,0.0,0.663,-1.344,0.45,0.55147,-0.368,-0.789,0.0,0,0.0,0.0,0.72059,-0.755,0.73529,-0.60294,0.0,0.0,0.22,-1,-1,-1,-1,-1.01,1,-1.079,1.186,-1,0,0
1,1,0,1,0.019,0.96215,-0.044,1.351,-0.036,0.526,-0.046,0.99026,-0.07092,0.739,-0.09002,1,-0.129,1,-0.14257,0.647,-0.073,1,-0.104,0.649,-0.236,0.99,-0.22083,0.96490,-0.288,0.743,-0.107,1.018,-0.22561,0.941,-0.23296
0,0.0,0,0.0,0,0,0.0,0.0,0.0,0.0,0,0,0,0,0,0.0,0.0,0.0,0,0.0,0,0.0,0.0,0,0.0,0.0,0,1,-0.96,0,0.0,0.0,0.0,0.0,0
1,1,0.0,0.95704,-0.157,0.724,-0.078,0.96365,-0.246,0.97026,0.093,0.868,-0.01124,0.83543,-0.17,1,-0.353,0.99273,-0.317,0.98678,-0.21018,1,-0.324,1.358,-0.39458,1.081,-0.279,0.88793,-0.231,0.815,-0.298,0.89095,-0.328,0.69531,-0.221
0,1,0.0,0.287,-0.319,0,0.0,0.68182,-1.489,0.30682,0.76,0.704,0.06439,0.34848,-1.025,0.0,0,0.41,-0.256,0.45076,-0.80682,0,0,0.0,0.0,0.321,0.17803,1,-0.316,0.09,-0.666,0.126,-0.70076,0.0,0
1,1,0.0,0.873,-0.679,1.135,-0.03692,0.98898,-0.87052,1.042,0.45,1.031,-0.10104,0.865,-0.155,1,-0.15017,1,-0.094,1,-0.267,0.814,-0.209,0.6,-0.242,1,-0.29852,0.508,-0.33304,1,-0.521,0.539,-0.405,1,-0.44739
0,1,0.0,0,0,0,0,0.0,0,0,0,0.89,1,0.0,0.0,0.0,0.0,0.36585,-0.71951,0.663,-0.632,0,0,0,0.0,0.0,0.0,0.74,0.097,0.0,0.0,0,0.0,0.0,0.0
1,1.123,0.0,0.905,0.00526,0.728,-0.07,0.88237,-0.161,0.691,-0.035,0.96484,-0.07496,0.446,0.027,0.87161,-0.20848,0.93881,-0.12977,0.98298,-0.08935,0.637,0.001,1.233,-0.05882,0.93368,-0.282,0.594,-0.17806,0.94294,-0.199,0.80253,-0.302,0.863,-0.205
0,1,0,0.135,0.144,0.0,0,0.0,0.0,0.411,0.82432,0.383,1,0,0.0,0.0,0.0,0.37162,-1.044,0.33108,-0.61,0.0,0,0,0,-0.217,-1.383,1.122,-1,0.55405,-0.237,0.0,0,0,0.0
1,1,0.0,1,-0.378,0.538,-0.73371,0.571,-0.97450,1.368,-0.231,1,-0.241,0.596,-1.133,0.761,-0.315,1.036,-0.71,0.76771,-0.88952,0.96601,-1,0.801,-0.684,0.722,-0.76904,0.53777,-0.77986,0.81020,-0.663,1,-1.02,0.30445,-0.527
0,1,0.0,0.65909,-0.726,0.0,0.0,0.0,0.0,0.67,1,1.211,-0.28030,0.0,0,0,0.0,0.62121,-0.273,0.583,-1,1.135,-1,0,0.0,0.0,0.0,1.024,-1.074,-0.145,-0.93182,0,0,0,0
1,1.403,0,0.86284,0.172,0.80920,0.295,0.886,0.802,0.793,0.69962,0.423,0.71,0.19617,0.85671,-0.044,0.597,-0.17241,0.722,-0.347,0.851,-0.48199,0.56092,-0.736,0.496,-0.718,0.207,-0.63038,0.08818,-0.57241,-0.092,-0.33,-0.19923,-0.42912,-0.31954
0,1,0,0.261,-0.569,0.0,0,0.59,-1,1.011,0.714,0.43000,0.644,0.0,0.0,0.0,0,0.769,-0.212,0.84000,-1,0.0,0.0,0,0.0,0.21000,0.68000,1,0.165,0.0,0,0.0,0,0.0,0
1,1,0.0,1.203,0.338,0.91404,0.52013,0.78020,0.72144,0.31,0.837,0.27639,0.647,0.09467,0.558,-0.21980,0.477,-0.34168,0.779,-0.51360,0.662,-0.64527,0.366,-0.74102,0.29162,-0.546,0.03591,-0.476,-0.077,-0.64962,-0.213,-0.704,-0.646,-0.529,-0.347
0,1,0,0.91353,0.81586,-0.836,1.187,-0.39466,0.734,0.061,0.341,-0.233,-0.062,-0.03158,-0.08970,0.019,-0.03403,0.01108,-0.006,0.00342,0.001,0.001,0.001,-0.0,0.00019,-0.00003,0.0,-0.0,0.0,0,0,0,0.0,0.0,0.0
1,1.451,0,0.273,-0.09524,0.198,0.07143,0.19048,0.25,0.23810,0.074,0.40476,0.02381,0.311,-0.047,0.277,-0.04762,0.28571,-0.11905,0.176,0.04762,0.275,0.0,0.294,-0.121,0.35714,-0.068,0.22109,-0.02,0.248,0,0.104,-0.02034,0.15,-0.02
0,1,0.0,0.64,-0.14754,0.951,0.036,0.57377,-0.019,0.355,0.009,0.85246,-0.03279,0.471,0.0,0.68852,-0.179,0.275,-0.183,0.65558,-0.095,0.67213,0.03279,0.7,-0.29508,0.31148,-0.428,0.52385,-0.144,0.32787,-0.032,0.17,-0.256,0.49180,-0.06557
1,1.028,0,0.98182,0.0,0.88627,0.025,0.489,0.064,0.493,0,0.69091,0.04545,1.066,0.08436,0.77118,0.09579,0.459,0.25455,0.397,0.12727,0.388,0.077,0.38,0.13493,0.74545,0.334,0.369,0.084,0.67273,0.02727,0.785,0.169,0.339,0.13
0,1,0,0.36,0.332,-0.78824,0.089,-0.121,-0.76378,0.425,0.01190,0.82143,0.447,-0.67230,0.30729,-0.252,-0.63668,0.501,0.15476,0.457,0.08,-0.478,0.44961,-0.464,-0.47594,0.309,0.532,0.309,0.293,0.57143,0.441,-0.45,-0.374,0.25441,-0.55837
1,0.799,0.0,1.008,-0.07111,1.128,-0.027,1.252,-0.06889,0.87778,0.003,1.075,-0.06444,1,-0.087,1,-0.20000,0.86889,0.05333,1.02,-0.03778,1,-0.143,0.687,-0.276,1.265,0.03556,1.229,-0.14162,0.82222,-0.18,1,-0.151,1.312,-0.592
0,1,0.0,0.43636,-0.12727,0.384,-0.14545,0.18182,-0.905,0.407,-0.033,0.29091,-0.05455,0.294,0.425,0.36364,-0.464,0.20000,-0.013,0.239,0.047,0.12727,0.3,0.61818,0.121,0.311,0.16364,0.596,-0.071,0.34545,-0.042,0.12727,-0.487,0.33,-0.29091
1,1,0,0.83,-0.92453,1,0.75472,0.49057,-0.04,0.62264,0.0,1.258,-0.0,0.334,0.103,0.62264,-0.037,1.053,-0.001,0.52830,0.0,0.52830,0.07547,0.95190,-0.001,0.931,0.484,0.92192,-0.002,1.317,-1,0.739,0.285,0.43396,-0.105
0,1.473,0.0,0.73810,0.83333,-0.76190,-0.201,0.33333,-0.122,0.45238,-0.098,-0.974,0.12808,0.33333,0.0,0.224,-0.052,-0.542,0.365,0.23810,0.014,0.312,0.047,0.16667,-0.373,-0.709,-0.10234,0.24889,-0.51079,0.795,0.0,-0.66667,-0.04762,0.171,0.02381
1,1,0.0,0.43750,0.021,0.479,-0.10417,0.225,0,0.33333,-0.088,0.442,0.0,0.38,0.10417,0.54167,0.02083,0.236,-0.22917,0.498,-0.22917,0.434,0.053,0.25000,0.271,0.39583,-0.176,0.269,-0.092,0.253,-0.047,0.58333,-0.31250,0.444,-0.06250
0,0.901,0,1,0.865,0.0,0.0,0,0,0,0,0.415,-0.89098,-0.674,0.307,-1.252,0.269,0.64662,0.795,0.0,0,0.0,0.0,0.708,0.20301,-0.896,-1.369,0.851,-0.895,1,0.903,0,0,0,0
1,1,0,0.95217,0.06595,0.763,0.162,1.296,0.19152,1.201,-0.49962,0.90023,0.417,0.767,0.33,1.059,0.338,0.66145,0.376,1.035,0.59862,0.53258,0.633,0.46773,0.614,0.6,0.508,0.34374,0.411,0.513,1,0.3,0.39620,0.18632,0.46
0,1,0,0.59840,0.269,0.743,0.80521,1.088,0.554,1.175,-0.111,0.97311,0.07981,0.946,-0.85727,0.91962,0.88444,0.95452,-0.05206,1.111,0.127,0.98484,-0.791,0.973,-1.214,0.247,-0.27,0.66,0.17076,0.767,0.42677,1.127,0.81007,0.46,0.621
1,1,0.0,0.95882,0.14,1,-0.016,0.98313,0.013,0.96974,-0.075,0.98955,-0.02716,0.97980,-0.041,1.235,-0.028,0.833,-0.033,0.898,0.01557,0.936,-0.095,0.97889,-0.058,0.91567,-0.15675,1.323,-0.06995,0.779,0.016,0.669,-0.10797,0.93144,-0.055
0,1,0.0,0.0,0,-0.279,0.85388,0.0,0.0,0.548,-0.922,0.97078,0.31385,-0.313,-0.59212,-0.181,0.719,0.94155,0.16391,0,0,0.0,0.0,-0.18043,-1.059,0,0.0,0.55,-1,0.0,0.0,0.066,0.61881,0,0.0
1,1.22,0.0,0.96933,0.00876,1,0.006,1.199,-0.00763,0.97868,-0.028,0.827,-0.03510,1.076,-0.018,1.428,-0.015,1,-0.017,0.769,0.00025,1.487,-0.028,0.63,-0.062,0.96019,-0.04527,1.444,-0.03473,1.221,-0.02478,1,-0.02,0.98420,-0.04112
0,1,0.0,0.0,0,0.502,-0.253,0.18919,-0.05405,0,0.0,0.93243,0.07297,0.835,-0.144,1,0.054,1,-0.058,0.0,0.0,1,-0.21081,0.884,-0.41622,0,0,0.763,-0.243,0.0,0.0,1.42,-0.174,0.373,-0.15676
1,0.565,0,0.64122,0.01403,0.219,-0.015,0.706,0.03466,0.113,0.12195,0.43313,0.028,0.291,0.04878,0.22,0,0.36585,0,0.419,0.081,0.337,0.127,0.144,0.05813,0.235,0.103,0.19304,0.079,0.119,0.05504,0.127,0,0.17073,0.067
0,1,0,0.511,1.368,1,-1,0,0.0,0,0.0,1,1.42,0.547,-1.319,1,1,1,-0.571,0.0,0.0,0.0,0.0,1.449,-0.176,0.0,0,1.117,-0.593,0.686,1,1,-1,0,0.0
1,0.649,0,0.339,0.20408,0.636,0.24490,0.40816,0.20408,0.261,0.472,0.261,0.592,0.12245,0.66,0,0.51020,-0.08,0.55102,-0.20408,0.781,-0.238,0.57,-0.28571,0.331,-0.538,0.266,-0.652,0.14895,-0.59184,0.179,-0.34694,0.0,-0.286,-0.24490
0,1.424,0,0.0,0.0,1,-0.626,0.0,0,0,0.0,1.411,1.351,1,-0.199,1,0.252,1,-1,0.0,0,0.0,0,1,0.526,0,0.0,1,-1,0.0,0.0,0.658,-1,0.0,0.0
1,1,0,1.129,0.38235,0.875,0.487,0.914,0.67647,0.45588,0.77941,0.232,0.88971,-0.033,0.86029,-0.299,1.069,-0.335,0.67647,-0.645,0.477,-0.404,0.38235,-0.86029,0.08824,-0.429,-0.129,-0.67925,-0.24131,-0.684,-0.268,-0.58,-0.424,-0.323,-0.56618
0,1,0.0,-1,0.28105,0.265,0.15033,-0.75693,-0.437,-0.361,1.039,-1.143,1,-0.598,0.367,-1.029,-0.019,-1.321,-0.83007,-0.662,-0.609,-0.057,-0.83007,0.94118,-0.94118,-0.531,-0.523,0.663,0.09176,-0.944,0.05229,0.18301,0.02614,-0.402,-0.48241
1,1.286,0.0,0.26667,-0.095,0.792,0.0,0.441,-0.13333,0.401,0.16,0.393,0.01667,0.718,0.08333,0.70000,-0.088,0.794,0.20000,0.212,-0.013,0.31667,0.20000,0.70000,0,0.178,0.135,0.46214,0.072,0.31,0.03333,0.46667,0.04,0.41667,-0.05000
0,1.181,0.0,-0.398,0.548,-0.27303,0.12159,-0.164,-0.04,0.085,-0.06879,0.063,0.032,-0.00885,0.02726,-0.014,-0.00166,-0.001,-0.00883,0.005,-0.00153,0.001,0.001,-0.00114,0.001,-0.00069,-0.00050,0.0,-0.0,0.00026,0.00005,0.0,0.0,-0.00008,0.00002
1,1.001,0.0,1.442,-0.316,0.572,0.29730,0.398,-0.24324,0.451,0.18919,0.632,-0.26,0.51351,0,0.62162,-0.059,0.32432,-0.16,0.71833,-0.198,0.62162,0.05405,0.79,0.13514,0.226,-0.21,0.732,-0.22163,0.58478,-0.27,0.72973,-0.439,0.51351,-0.348
0,0.897,0,0.819,-0.05,-1,-0.33203,-1.342,-0.018,0.678,0.01172,0.93359,-0.012,-1,0.16406,-1.122,-0.003,1.272,-0.03516,0.92188,-0.015,-1.318,0.165,-0.913,0.392,1.075,-0.00391,0.82041,0.093,0.90234,-0.035,-0.91,-0.18750,-1,-0.34375
1,1,0.0,1.045,0.014,0.975,-0.015,0.936,0.01214,0.96705,-0.01734,0.96936,0.00520,0.999,-0.027,0.95260,-0.004,0.99480,-0.034,1.38,0.01792,0.93584,-0.032,0.93815,-0.027,0.97052,-0.04451,0.96215,-0.01647,0.736,0.011,0.717,-0.032,0.489,0.011
0,0.913,0,1,-0.038,0.543,-1,0.518,-0.113,0.36111,-0.22222,1.166,-0.25712,0.16667,-0.11111,0.645,-0.359,0.948,-0.38853,0.663,-0.495,0,-0.16,1,-0.50333,1.229,-0.183,1.189,-0.57092,0.547,-0.38,0.867,-0.63156,0.761,-0.65935
1,1,0.0,0.31034,-0.10345,0.24138,-0.10345,0.20690,-0.035,0.07405,-0.059,0.037,-0.042,0.01707,-0.017,0.00741,-0.012,0.003,-0.006,0.001,-0.00523,-0.0,-0.00299,-0.00028,-0.002,-0.0,-0.001,-0.0,-0.001,-0.00018,-0.0,-0.0,-0.00012,-0.0,-0.00006
0,1,0,0.62745,-0.047,1.043,0.0,0.60784,-0.07843,0.62745,-0.165,0.832,-0.147,0.461,-0.161,0.64706,-0.09804,0.441,-0.11765,0.54902,-0.261,0.678,-0.19608,0.581,-0.23529,0.584,-0.336,0.645,-0.299,0.408,-0.31373,0.383,-0.264,0.47059,-0.27451
1,1,0.0,0.25000,0.16667,0.245,0.157,0.141,0.197,0.072,0.146,0.01070,0.187,-0.02367,0.066,-0.03685,0.06317,-0.024,0.039,-0.03230,0.023,-0.02474,0.004,-0.012,-0.00273,-0.008,-0.005,-0.00621,-0.00586,-0.002,-0.00520,-0.001,-0.005,0.00025,-0.00291
0,1.452,0.0,-0.705,0.15625,0.039,0.0,0.0,0.06250,0.62500,0.072,0.265,0,-0.022,0.049,0.062,0,0.15625,-0.15625,0.43750,-0.37500,0,-0.09375,0.0,0.0,0.032,-0.303,0.03125,0.0,-0.71875,0.032,-0.029,0,0.0,0.09375
1,1,0,1,-0.01081,0.684,-0.016,1.355,-0.077,0.95135,-0.022,1.006,-0.032,1.034,0.068,1.374,-0.06486,0.95135,0.09189,1.105,-0.007,0.715,0.06486,1.187,0.04324,0.97838,0.114,1.298,0.01251,1,-0.037,1,0.034,0.867,-0.07027
0,1,0,0.85271,0.071,1.302,0.09,0.611,0.894,0.91473,-0.00775,0.83721,0.03876,0.951,0.27153,1,0.653,0.81395,0.04651,1.154,0.09,1.451,0.518,0.595,-1.075,0.80620,0.03876,0.978,0.72,0.84496,0.062,0.703,0.87317,1.43,0.529
1,1,0.0,0.90374,-0.009,1,0.08021,0.576,0.01604,0.485,0.00535,0.655,-0.01,1,0,0.953,0.075,1.243,0.047,0.91444,0.06,1.058,0.012,0.98930,-0.012,0.68,0.05348,0.96974,0.04452,0.87701,0.006,1.244,0.058,1.366,0.06417
0,1,0.0,-0.20500,0.21,0.174,0.10000,0.224,0.326,0.433,0.216,0.36285,-0.34617,0.09250,0.356,-0.09500,0.21000,-0.085,0.143,-0.187,0.178,-0.494,-0.08000,0.166,0.33176,-0.58000,-0.353,0.178,-0.163,-0.47000,0.132,-0.27104,-0.31228,0.306,0.03050
1,1,0.0,0.469,0.025,0.758,0.06667,0.675,0.074,0.944,0,0.689,0.0,0.51,0,0.73333,0,0.507,0.083,0.66667,0.10000,0.601,-0.042,0.76667,0.0,0.63333,0.144,0.65932,0.074,0.60000,0.15,0.577,0.16667,0.63333,0.16667
0,1,0,0.047,-0.00838,0.1,0.01,0.0,-0.01117,0.00559,-0.048,0.01676,-0.101,-0.004,0.05307,0.095,-0.03352,0.0,0.09497,-0.06425,0.085,-0.061,0.02514,0.035,-0.00559,0.01,0.004,0.129,-0.008,0.045,-0.00279,0.04469,0.0,0.058,-0.03352
1,0.862,0.0,0.491,0.385,0.72554,0.884,0.47564,1.087,0.01267,0.89109,-0.24871,1.224,-0.426,0.416,-0.75881,0.41743,-0.66455,0.101,-0.65426,-0.152,-0.767,-0.29,-0.415,-0.523,-0.047,-0.396,0.16085,-0.372,0.36752,-0.41901,0.468,-0.22535,0.50376,-0.05980
0,1,0,0.04,0.009,-0.02586,0.04598,0.015,0.043,-0.098,0.007,0.01724,-0.06609,-0.03736,0.046,-0.059,-0.04598,-0.09483,0.08046,-0.052,0.074,0.02011,0.019,-0.051,-0.006,0.019,-0.00862,0.008,0.012,0.02586,0.008,0.017,0.01149,-0.035,-0.00575
1,1,0,0.391,-0.014,0.548,0.01084,0.80000,0.00197,0.79015,0.016,0.782,-0.015,1.182,0.02,0.85123,0.013,0.80099,-0.00788,0.79113,-0.037,0.662,0.03350,1.082,0.05517,0.519,-0.008,0.78041,0.00612,0.631,-0.036,0.699,0.023,0.79015,0.005
0,1,0.0,0.03852,0.02568,0.00428,0.0,0.01997,-0.018,0.02140,-0.028,-0.04850,-0.01284,0.01427,-0.021,0.0,-0.043,-0.04708,-0.02853,-0.01712,0.018,0.029,0.003,0.05136,-0.032,0.048,0.015,0.058,0.01,0.021,0.00713,-0.023,-0.01854,-0.009,0.023
1,1.284,0,0.47090,0.22751,0.336,0.251,0.218,0.47619,0.017,0.49471,-0.019,0.488,-0.296,0.31217,-0.37,0.32540,-0.488,0.06878,-0.5,-0.095,-0.194,-0.143,-0.14815,-0.257,-0.201,0.00265,0.041,-0.408,0.15873,-0.21693,0.24868,-0.219,0.26720,0.056
0,1,0,0.123,0.00686,0.134,-0.039,0.097,-0.055,0.12586,-0.06178,0.346,-0.012,0.155,0.053,0.14645,-0.13501,0.29062,-0.027,0.235,0.091,0.161,0,0.1,-0.003,0.15103,-0.148,0.121,0.01373,0.11213,-0.097,0.09611,-0.072,0.11670,-0.06865
1,1,0,0.94333,0.38574,0.337,0.64534,0.195,0.77514,-0.438,0.907,-0.838,0.602,-0.751,0.0,-0.62706,-0.314,-0.38391,-0.62157,-0.139,-0.981,0.431,-0.63620,0.71481,-0.521,0.624,-0.05484,0.60098,0.341,0.45521,0.737,0.02742,0.489,-0.142,0.283
0,1,0.0,0.019,0.00705,0.04090,-0.00846,0.011,0.016,0.011,0.036,0.002,0.001,0.01,-0.025,-0.016,0.06065,-0.051,0.017,-0.02398,-0.00423,0.035,-0.02539,0.016,0,0,-0.01,0.025,-0.01128,0.00564,-0.019,-0.01693,-0.02398,0.00705,0.0
1,1.428,0.0,0.548,0.001,1.218,-0.047,0.77521,-0.04182,1.061,0.09037,0.517,0.131,0.88051,-0.033,0.78342,0.035,0.578,-0.06796,0.83570,-0.14190,0.88125,0.01,0.793,0.027,0.79686,-0.021,0.82383,-0.032,0.88125,-0.06423,0.73936,-0.01942,0.838,-0.102
0,1,0,1,-0.63,1,1,-1.215,0.697,1.413,-1,0.522,-1,-0.771,-1.087,-0.514,0.67,1.22,1,1,1.428,-1.076,0.586,1,-1,1,-1,1.316,1.384,1.487,1,-0.78,1.456,-0.828,1
1,0.601,0.0,0.85209,0.39252,0.447,0.76432,0.05,0.921,-0.549,0.88744,-0.76229,0.472,-1.322,0.09,-0.85900,-0.222,-0.85,-0.323,-0.19260,-0.791,0.28444,-0.62,0.64649,-0.269,0.77814,-0.152,0.71698,0.189,0.422,0.58310,0.19667,0.66315,-0.11215,0.468
0,0.621,0.0,0.547,1.323,0.825,0.55,0.428,-1,1,0.642,0.015,0.03125,1,1.105,0,0.0,1.254,-0.581,0.581,1,1.395,0.634,0.31250,1.059,1,1,1.042,1,1,1,-0.708,1,0,0
1,0.848,0,1.433,0.54902,0.62745,1.197,0.01961,1.09,-0.49020,0.534,-0.488,0.755,-1.309,0.11765,-1.221,-0.33333,-0.791,-0.68627,-0.322,-0.492,0.511,-1,0.74510,-0.498,0.92157,-0.21569,1.319,0.21876,0.81,0.75,0.12,0.90196,-0.11765,0.94
0,1.411,0.0,0.0,0,-1.0,-1.186,-0.972,0.978,0,0.0,-1,1,1,1.399,1,-0.557,0,0,0.0,0.0,-1,-1,-1,1.079,1.052,0.62,1,-1,0.0,0.0,-1.11,-1.055,-1,1
1,1,0,0.601,0.372,0.336,1.11,-0.22222,1,-0.193,0.547,-1,0.475,-1,-0.11111,-1.125,-0.22222,-0.609,-0.77778,0.375,-1,-0.146,-0.77778,0.841,-0.197,0.316,0,0.686,0.45019,0.451,0.444,0.22222,0.56,-0.55556,0.822
0,0.0,0.0,0,0,0.0,0.0,0.0,0.0,0,0,0,0,0.0,0.0,0,0,0,0.0,0,0.0,0.0,0,0.0,0.0,0.0,0.0,1,0,0.0,0.0,0.0,0,0.0,0
1,0.944,0,1.143,0.0,0.531,0,0.597,0.501,1.114,0.0,0.91201,0.12094,1.201,0.172,1.268,0.12,0.75000,0.25000,0.75000,0.5,0.881,0.0,1,-0.25000,0.5,0.344,0.541,0.26388,0.75000,0.25000,0.69635,0.374,0.878,0.187
0,0,0,-1.01,1,1.241,0.508,0,0,1,-0.794,0.924,-1.305,1,-1,-1.489,-1,0.0,0.0,-0.814,-1.373,0.0,0.0,0,0,-1.322,-0.774,0.694,-1,0.713,1.325,-1,-1,0.0,0
1,1.031,0.0,1,0.0,0.995,0.0,0.409,0.099,0.6,-0.11111,0.88889,-0.152,1,-0.22222,0.414,0.0,0.77778,0,0.96,-0.101,0.77778,-0.131,0.448,-0.157,0.996,0,1.045,-0.054,1,0.11111,0.88889,-0.11111,1,0
0,0,0.0,0.0,0,0,0.0,0.0,0,0.0,0.0,0.0,0.0,-1,-1,0.0,0,0.62,0.75000,0.0,0.0,0,0.0,-1,1.123,0.0,0.0,1.421,-1,-1,-0.632,1,1,0.0,0
1,1,0.0,1.383,0.51,0.679,-0.45455,1.127,0.083,1.342,-0.079,0.523,0,1,-0.383,1,-0.18182,1,0.09091,0.709,0.0,1,-0.36364,1,0.121,0.697,-0.09091,0.978,-0.028,1.283,0.344,1,-0.27273,1,-0.163
0,1,0.0,0.62121,-0.375,0.0,0.0,0.0,0,0.34470,0.188,0.401,0.254,-0.07576,0.618,0.324,0.328,-0.614,0.32955,0.12121,-0.14773,0.021,-0.53409,-0.433,0.17803,0.29167,-0.139,0.164,-0.399,0.264,0.24242,0.18182,-0.02273,0.177,-0.41667
1,1.368,0,0.663,0.122,1.229,0.269,0.913,0.42,1,0.05882,0.867,0.23529,0.816,0.11765,0.543,0.543,1,-0.056,1,-0.06,1,0.35294,1.189,0.41176,1,-0.11765,0.547,0.154,1,0.05882,1.166,0.366,1,0.155
0,1,0,0.0,0,-0.693,-0.872,0.953,0.614,0.07979,-0.217,-1.128,-0.36170,0.12766,-0.605,0.717,-1,0.0,0,0.82979,-0.048,-0.25000,1.077,0.17021,-0.857,0,0.0,-0.195,-0.46809,-0.325,-0.337,0.845,0.90426,-0.825,0.45745
1,0.59,0,0.91667,0.29167,0.83333,-0.16667,0.917,0.25000,0.87500,-0.08333,0.736,0.045,1.01,0.151,0.934,0.0,0.605,0.036,1,0.103,0.936,-0.078,0.562,0.16667,0.83333,-0.144,0.982,0.05503,1.438,0.185,0.70833,0,0.885,0.04167
0,0.522,0,0.18590,-0.119,0.0,0.0,0,0.0,0,0.0,0,0,0.11538,-0.112,0,0.0,0,0.0,0.0,0.0,0.0,0,-0.033,-0.06571,0.051,0.113,0.17308,-0.126,0.14,0.05,0.02564,-0.04808,0.244,0.19551
1,1,0.0,1,-0.118,1,-0.073,0.99246,-0.29802,1.074,-0.33075,0.96662,-0.34281,1.147,-0.47265,0.61,-0.48170,0.552,-0.921,0.68131,-0.655,0.82450,-0.818,0.708,-0.74785,0.666,-1.206,0.48757,-0.983,0.24,-0.83893,0.172,-0.832,0.225,-1.231
0,1,0.0,0.684,1,-1,1,-1,-1.031,0.391,0.305,0.545,0.07,0.18,0.075,0.35088,0.352,1.0,-0.03947,0.314,0.63,0,0,-0.404,-0.099,1,-0.352,1.146,-1,0.867,-0.24561,0.35088,0.20175,1.028,0.07895
1,1,0,0.89,0.24077,0.99815,0.004,0.564,-0.233,0.89919,-0.274,0.70643,-0.215,0.482,-0.214,0.731,-0.36078,0.528,-0.61189,0.396,-0.55059,0.795,-0.5,0.53176,-0.32681,0.146,-0.52142,0.29208,-0.295,0.12777,-0.233,0.15657,-0.552,0.262,-0.443
0,0,0,-1,0.548,1.397,-1.243,0.0,0,0.0,0.0,0.576,-0.982,1.093,1,0,0,1,-0.64,0,0.0,0.0,0.0,1,1.395,-1,1,0.553,-0.759,-1,1,-0.727,-0.567,0.0,0
1,1,0.0,1.28,-0.107,0.96419,-0.101,1.125,-0.264,0.81702,-0.155,0.567,-0.28,0.70302,-0.275,0.63338,-0.49967,0.37254,-0.70729,0.27070,-0.72109,0.281,-0.723,0.386,-0.878,0.14750,-0.79,0.09312,-0.592,-0.07162,-0.738,-0.01840,-0.71,-0.07457,-0.621
0,1.348,0.0,-1.043,-1,-0.565,1,0.561,-1.36,0.669,0.688,0,0.0,0.142,-0.838,1,1,0.0,0.0,1,1,1,1,0,0.0,-0.71528,1.39,0.42,-1,1.106,-1,0.69792,-1.459,0.461,1
1,1,0,0.506,0.43460,0.68,0.973,0.142,1.193,-0.456,0.628,-0.72363,0.61181,-0.93882,0.266,-0.508,-0.25527,-0.62869,-0.733,-0.131,-0.85654,0.16245,-0.899,0.708,-0.433,0.74895,-0.317,0.521,0.07933,0.694,0.427,0.234,0.62447,-0.00422,0.69409
0,1,0,0.862,0.926,0,0,0.759,-1,-0.889,-1,1,1,1.181,-0.758,0,0.0,1.14,-0.921,1,1,0.0,0.0,0.923,-1.469,-1.348,-1,1.363,0.989,-0.681,0.958,-1,1,0.0,0
1,0.634,0.0,1.31,0.693,1,1.469,1.011,1,-0.367,1,-1.095,1,0,1.038,-1,1,-0.537,0,-1,-0.66667,-1.099,-1.316,-1,-0.33333,-0.33333,-0.884,0.209,-1,0.893,-0.644,0.0,-1,1.02,-0.359
0,0.0,0,-0.762,0.808,-1,-1.449,0.0,0,-1,0.964,1.409,-1,-0.606,-1,-1,1.286,0,0,-1.068,-1.147,-1.067,0.811,0.0,0,1,-1.023,1.164,1,0.558,-1,1,0.853,0.0,0
1,1.302,0.0,1,0.06843,1,0.072,1.323,0.197,1,-0.076,1,0.39495,1.22,0.48981,1,0.323,-0.351,1,1,0.0,0.855,0.952,1,0.781,0.715,1,1,1.191,1,0.219,1.286,0.501,1,0.534
0,0,0.0,-1,-1,0.0,0,0,0,0.0,0.0,0,0,0,0.0,1.481,-1.439,0.0,0.0,-1,-0.547,0,0.0,1.079,1,1.321,-0.583,1,-0.509,0.0,0,0.0,0.0,0.0,0
1,1,0,0.69,-0.07896,0.58264,-0.14380,-0.088,-0.21384,0.195,0.028,0.443,-0.284,0.217,-0.403,0.03459,-0.144,0.189,-0.29441,0.096,-0.29052,0.09513,-0.31525,0.07,-0.26795,0.029,-0.15,-0.00046,-0.321,-0.029,-0.249,-0.04717,-0.096,0.017,-0.27201
0,1,0.0,0,0.0,0,0.0,0.0,0.0,0,0.0,0.884,-0.236,0.127,0.26042,0,0.0,0.0,0.0,0,0.0,-0.26,-0.21875,-0.16667,0.574,-0.653,0.503,0.04167,0.75000,-0.22917,-1.373,-0.12500,-0.27083,-0.19792,-1.03
1,1,0,1.485,0.031,0.99363,0.107,0.96142,0.182,0.95513,-0.33,0.66026,0.701,0.618,0.25283,0.815,0.27380,0.633,0.28714,0.366,0.266,0.336,0.425,0.679,0.28476,0.39023,0.179,0.196,0.383,0.27381,0.23568,0.22427,0.13,0.179,0.19083
0,1,0.0,1,-0.105,-1,-1.266,-1,-1,1,0.294,0.869,1.015,-1,-1,-1.016,1.019,0.47364,0.867,1,1,0.388,-0.865,-1.114,-0.665,0.419,0.36508,1,0.897,1,0.481,-1.253,-0.27,-1,0.984
1,1,0.0,0.93669,-0.00190,0.617,0.596,0.763,-0.40129,1.018,0.177,1.366,0.084,0.96,0.095,0.91586,0.05097,0.705,-0.25324,0.87379,-0.163,0.84871,0.135,1.042,-0.03641,1.244,-0.02589,0.87293,-0.02302,0.98544,0.112,0.413,-0.136,0.627,-0.14725
0,1,0.0,0.875,-0.502,1,1.091,1,0.884,1,-0.434,1,0.72,1,1,1,1.115,0,0.0,1,1,1,1.4,1.074,-0.822,0.947,1.154,1,0.337,1.139,-0.524,-0.811,1,1.032,1
1,1.47,0,0.924,0.23058,1,-0.78509,1,-0.10401,1.356,0.15414,0.76,0.35,0.63,-0.063,1.262,0.06610,0.95802,-0.13,1.222,-0.202,0.829,0.03728,1.309,0.09242,0.837,-0.01253,0.96238,-0.04597,0.789,0.039,0.639,-0.188,0.75,-0.11717
0,1.283,0,0.351,-1,-1.21,-1,-0.07661,1,1,0.793,0.74597,-0.38710,-1.21,-0.405,-0.107,0.996,0.48684,0.611,0.31755,-0.406,-0.14343,-0.156,-0.11976,0.072,0.02,0.092,0.03443,-0.01186,-0.005,-0.01672,-0.006,0.001,0.0,0.005
1,0.855,0,0.79847,0.38265,0.80804,-0.16964,1.329,-0.108,0.98151,-0.083,0.577,0.20663,1.135,0.018,0.98214,0.035,1,-0.13074,0.95663,0.059,0.804,0.002,1.164,0.30804,1.158,-0.126,1.46,-0.002,0.745,0.107,0.903,-0.18750,1,-0.05740
0,0,0.0,0.0,0,0.0,0.0,0.0,0.0,0,0,0.0,0.0,1.041,1.201,0.88,1,1,-1.015,0,0.0,1,1.346,0.922,-0.514,0.927,1,1,0.0,1,1,1,-0.996,0,0
1,1.332,0.0,1.166,-0.28428,1.28,-0.25346,0.94623,-0.287,0.695,-0.329,0.92736,-0.49057,1.178,-0.419,0.75723,-0.58899,0.49,-0.808,0.465,-0.363,0.68459,-0.678,0.615,-0.87327,0.49214,-1.092,0.35504,-0.76054,0.26352,-0.516,0.1,-0.73145,0.13994,-0.864
0,1,0.0,0,0,0.0,0.0,0.0,0,-0.949,-0.615,0,0.0,1.489,-1,0.0,0.0,-0.708,-0.706,-1.447,-1,1.108,-0.689,-0.318,-1,1,1,-1,-0.16,1,-1,0.0,1,0.0,0
1,1,0.0,0.541,0.122,0.95455,-0.09091,0.77273,0.0,1.12,0,1.272,0,1.437,0.04,0.909,-0.04545,1.309,0,1.468,0,0.86364,0.09091,0.399,0.126,0.67,0.04545,0.602,0.02897,0.95455,0.073,1.271,-0.068,0.886,0.04545
0,0.0,0,0.0,0,-1,0.795,0.51,1,-1,-1.185,0.0,0,-1,-1.24,-1,-0.31250,-0.668,-1,1,-1.31,1.227,-0.544,0,0.0,1,-1.491,-1.169,-1.135,0,0.0,0.731,-1.327,0.0,0
1,1,0,0.91176,-0.111,1.368,0.138,0.895,0.08824,1.274,-0.02941,1.233,-0.095,0.493,0.14706,0.94118,0.02941,1.135,0,1.247,0.0,0.39,0.11765,0.88235,0.02941,0.774,0.028,1.053,0.024,0.94118,-0.065,0.558,0.05882,0.91176,0.058
0,1.338,0,-1,1,-1,0.199,0.28354,0.811,-1,0.778,-1,-1.314,0.9,1,-0.676,-0.26,0.28301,-1,0.702,0.837,-0.227,-1.138,-1,-1.17,1.241,-0.74,-0.769,-0.03578,0.61,-1,-1,-0.263,0.133,1
1,1,0.0,0.47368,-0.125,0.445,0.01756,1.024,0.02615,0.474,-0.029,1.007,0.0,0.79856,0.075,0.978,0.05756,0.91,0.47368,0.89,0.047,0.72550,0.051,0.70301,0.046,0.42105,0.21053,0.65419,0.08968,0.678,-0.233,0.497,0.09534,0.417,0.09719
0,0.79,0,-0.008,-0.292,0,0.0,-0.01923,1,0,0.0,0,0.0,0,0.0,0,0.0,0.0,0.0,0.465,0.74,-0.493,0.74359,-0.34615,-0.823,0.0,0,-0.386,-0.714,0,0.0,0,0,0.0,0
1,1,0.0,1.009,0.478,1.476,0.54545,0.718,0.584,1,-0.133,1,0,0.81818,-0.465,0.63636,0.145,1.401,-0.774,1,-0.285,0.959,-0.258,1,0.114,1,-0.09091,1,0.085,1.317,0.438,1,0.701,0.72727,0.27273
0,0,0.0,-1,-1,0.755,-1.378,-1,1,0.0,0.0,0.838,-1.223,1,-0.513,0.0,0,0.0,0.0,0.0,0.0,-0.59,1.155,0.563,-1,-1,0.96,1.314,1,0.0,0,1,0.5,0,0
1,1,0.0,0.664,0.09091,0.63636,0.109,0.323,0.18182,0.645,0,0.305,-0.054,0.65,-0.09091,0.48612,-0.01343,0.727,-0.18182,0.45455,0.0,0.329,-0.095,0.27273,0.115,0.489,-0.09091,0.314,-0.01768,0.405,0.0,0.36364,0,0.274,-0.013
0,1.449,0.0,-0.765,-0.59677,0.0,0,-0.624,0.746,-1.191,1.022,0,0.0,0.0,0,0.0,0.0,0,0,0.0,0,-0.552,-1,0,0.0,0.29839,0.234,1.324,0.644,0,0,0,0,0.0,0
1,1,0,0.503,0.14286,1.165,0.692,1,0.986,1,-0.122,0.85714,-0.145,1.395,0.02,1,0.0,0.326,-0.14286,1,0.042,1,-0.237,1,0,0.28571,-0.315,1,0.057,0.954,0.03,1.221,0.57143,1.036,0.0
0,0,0.0,0.552,1.227,0.975,-1.167,1,1,1.376,1,0.934,1,1.329,-1,1,0.53,1,-1,1,-0.524,0.579,1,1.06,0.675,1,-1.066,1,1,0.65,0.929,1.316,1.124,1,1.498
1,1,0,0.951,0.46972,0.761,1.17,0.086,1.344,-0.274,0.685,-0.54,0.56,-0.829,0.16731,-0.507,-0.129,-0.59383,-0.587,-0.24012,-0.82881,0.18823,-0.78699,0.7,-0.57430,0.69274,-0.147,0.69097,0.136,0.557,0.358,0.25974,0.56573,-0.044,0.57552
0,0.0,0,1,-1,1,1.313,1,-0.855,1,0.969,0.715,-0.693,1.334,-0.968,1.296,-1,0.994,1,1.106,1.152,1,1,1.167,-1,1.242,1.388,1,1,1,0.55,1.123,1.1,0.572,-1
1,1,0.0,0.551,0.04174,0.89266,0.214,0.86098,0.19791,1.163,0.475,1.031,0.40198,0.76221,0.592,0.66586,0.48360,0.827,0.346,0.673,0.672,0.619,0.604,0.42546,0.816,0.449,0.55274,0.26978,0.455,0.22307,0.53448,0.08,0.543,0.121,0.46571
0,0.0,0,0.52,1,1,-0.602,1.039,-1,1,0.668,0.0,0,1.117,-1,0,0,0.0,0.0,0,0.0,-1.36,1,0.996,1.097,0,0.0,1.208,1,0.0,0,-0.862,-1.469,0,0.0
1,0.923,0.0,0.93537,0.13645,0.898,0.25359,1.155,0.38779,0.732,0.321,0.72352,0.455,0.452,0.75000,0.50830,0.73586,0.315,0.82742,0.227,1.278,0.13712,0.85615,0.00494,0.88869,-0.071,0.942,-0.20995,1.022,-0.452,0.658,-0.381,0.64363,-0.503,0.794
0,0.0,0.0,1,-1.099,-1,1,-1.469,1,1,1.095,1,0.538,-0.884,-1,-0.735,-1,1.31,1,1.449,-0.537,-1.038,-1,-1,-1,1,0.0,1.084,-1.09,0.893,-1.444,-1,0.811,-1,0.634
1,1.023,0,0.80627,0.143,0.73061,0.136,0.91,0.19038,0.36923,0.45577,0.547,0.375,0.25000,0.57308,0.289,0.186,0.15215,0.604,-0.075,0.37,-0.03462,0.413,-0.08856,0.44424,-0.192,0.496,-0.19940,0.373,-0.203,0.316,-0.26634,0.23896,-0.154,0.189
0,0,0.0,0.505,-0.855,1,1,1,-1,0.509,1,0.548,-1.286,0.715,1.028,1.302,-0.893,1,-0.875,0.781,1.035,1,1,1,-1,1,-1,1.191,-1.139,0.936,1,0.534,-1.323,1.049,1
1,1,0.0,0.97467,0.188,0.94120,0.216,0.88783,0.347,0.89009,0.388,0.499,0.575,1.071,0.52284,0.924,0.58820,0.459,0.66893,0.267,0.70398,0.558,0.384,0.476,0.75622,0.142,0.862,0.16813,0.78541,0.07497,0.906,-0.02962,0.762,-0.091,0.74242
0,0,0.0,0.0,0.0,1,1,0.0,0,1,1,0.0,0.0,0.762,-1,0.0,0,0,0.0,0.0,0,0.0,0,0.0,0,0,0.0,0.968,-0.634,0.0,0.0,-1,1.3,0.0,0
1,0.811,0.0,0.92308,0.212,0.86399,0.29757,0.465,0.36790,0.819,0.847,0.57449,0.62719,0.562,0.74676,0.31705,0.442,0.181,0.76818,0.058,0.76171,-0.079,1.012,-0.18479,0.915,-0.29291,0.416,-0.28,0.58553,-0.57,0.50131,-0.535,0.448,-0.56231,0.316
0,0,0.0,0,0.0,1,1,0.595,1,0.0,0.0,0.0,0.0,-0.609,-1,0.0,0.0,-1,-0.64,0.0,0,0.0,0.0,1,1,0,0.0,1,0.61,0,0.0,-0.907,1.056,0,0
1,1.333,0.0,0.88804,0.38138,0.65926,0.69431,0.29148,0.444,-0.06726,0.915,-0.39597,1.142,-0.658,0.56502,-1.039,0.223,-0.78940,-0.076,-0.699,-0.268,-0.388,-0.55605,-0.181,-0.64338,0.09562,-0.797,0.30406,-0.612,0.43227,-0.259,0.445,-0.09461,0.237,0.128
0,0,0,1.053,-1.388,0.947,1,1,1,1,1,1,1,1.077,-1.472,1.127,0.963,0.826,1.093,0.515,-1,0.527,-1,1,-1.115,1.196,-1.379,1,1.164,1.081,-1,0.73,1.331,0.932,1
1,1,0,0.73523,-0.207,0.701,0.119,0.86,0.15266,0.55580,0.05252,1.032,0.21225,0.71947,0.28954,0.481,0.32925,0.454,0.17287,0.529,-0.02845,0.413,0.336,0.605,0.491,0.82,0.57549,0.336,0.48200,0.063,1,0.31,0.534,0.42,0.698
0,0,0,0.0,0,0,0.0,0.0,0.0,0.0,0,0.0,0,0.0,0,0.0,0,0.0,0.0,0.0,0,0,0.0,0,0,0,0.0,1,1.292,0.0,0,0.0,0.0,0.0,0.0
1,1,0.0,1.099,0.007,0.808,-0.003,0.657,0.00372,0.817,0.01598,1.374,0.03530,0.968,0.066,1.266,0.009,1.305,0.079,0.98551,-0.007,0.97770,0.074,0.96358,0.094,0.93274,0.08101,0.95243,0.036,0.97473,0.00818,1.184,0.07061,1,-0.00260
0,0,0.0,0.514,1,-0.922,-0.996,-0.822,-1.081,0,0,0,0,-1.118,-1,0,0.0,0,0,0.0,0.0,-0.867,1.138,1,0.873,0.0,0,1,-0.855,0,0.0,-1.409,-0.618,-0.903,-1
1,1.346,0.0,0.651,-0.106,0.71442,0.021,0.71063,0.028,0.473,0.011,0.34615,0.058,1.008,0.045,0.68101,0.046,0.67023,0.068,0.63403,-0.04662,0.64503,0.05,0.585,0.079,0.508,0.18065,0.59935,0.08304,0.38228,0.042,0.56466,0.09046,0.735,0.09346
0,1,0.0,0.68729,1.489,0.91973,-0.939,0.923,0.031,0.887,0.159,0.86789,0.7,0.70067,0.235,0.5,0.13712,1.099,-0.25084,0.70736,0.153,0.864,0.24582,0.649,1.12,1.297,-0.53846,0.89262,0.22216,0.679,0.53846,1,-0.091,0.56522,0.186
1,1.471,0.0,0.529,-0.07778,1,-0.323,1.108,-0.606,1.014,0.038,0.45556,-0.42778,1,-0.12581,0.516,-0.83519,0.395,0.01,0.508,-0.05926,0.98215,-0.19938,0.684,0.22037,0.723,-0.392,0.92148,-0.24549,0.881,0.027,0.898,-0.27105,0.689,-0.57037
0,1,0,0.38521,0.224,0.224,0.084,0.26459,0.193,0.23346,0.13230,0.19455,0.337,0.361,0.36965,0.095,0.23,-0.029,0.36965,0.059,0.24903,0.183,0.143,0.07782,0.261,-0.02494,0.319,-0.06024,0.26256,-0.168,0.194,-0.13,0.169,-0.19066,0.189
1,1,0.0,0.313,-0.03175,0.75198,-0.05357,0.61508,-0.009,0.669,0.03373,0.784,0.13,0.774,-0.012,0.743,0.006,0.361,0.02579,0.899,0.011,0.587,-0.02778,0.59127,0.05,0.365,0.03968,0.386,-0.01237,0.61706,-0.13492,0.68849,-0.009,0.709,-0.03175
0,1,0.0,0.06,-0.15271,-0.04433,0.05911,0.104,-0.02463,-0.013,0.177,0.084,0,0.134,-0.09852,0.037,0,0.01970,-0.016,-0.065,-0.119,0.078,0.01478,0.054,0.041,0.078,0.132,0.28079,-0.04926,-0.05911,-0.09360,0.063,0.045,0.07389,-0.136
1,1,0,0.809,0.076,0.70694,-0.06935,0.476,0.02,0.662,0.002,0.808,0.196,0.71588,-0.002,0.79754,0.073,0.83669,-0.101,0.68680,-0.067,0.486,-0.01342,0.60962,0.173,0.71253,-0.077,0.69845,-0.021,0.63311,0.064,0.57,-0.05145,0.763,-0.04698
0,1,0,0.282,0.239,0.0,0,-0.29620,-0.888,0.0,0.0,0.084,-0.07342,0.0,0,0,0,0.0,0,0.0,0.0,0.009,0.68101,-0.195,0.179,-0.10380,0.35696,0.05570,-0.667,0,0.0,0.052,-1.081,0.0,0
1,1,0.0,0.929,-0.005,0.715,-0.013,1.325,-0.01822,1.066,-0.12755,0.82208,-0.10932,0.974,0.011,1.334,-0.13719,0.87138,-0.09,0.90782,-0.035,0.87996,-0.092,0.82851,-0.12433,0.527,-0.19507,1.209,-0.08,0.86,-0.12862,0.88424,-0.258,0.64,-0.16827
0,1,0.0,0.431,-0.459,0.0,0,0.0,0,0.46458,0.51042,0.58958,0.02083,0.0,0.0,0.0,0,0.158,-0.241,0.713,-0.223,0,0.0,0,0.0,1.383,-0.40833,-1.102,-1,-0.353,-0.429,0,0.0,0,0
1,1,0.0,0.487,0.015,0.92007,0.012,1.306,0.02,0.89179,-0.052,0.90103,-0.08428,0.93040,-0.01033,0.93094,-0.053,0.721,-0.03,0.89451,-0.053,0.88418,-0.14,1.257,-0.11909,0.784,-0.08,1.058,-0.11808,0.85536,-0.13051,0.631,-0.172,0.769,-0.12235
0,1,0.0,0,0.0,1,0.131,0.88444,-0.018,0,0.0,1,-0.356,1,0.124,1.029,-0.05333,1.225,-0.744,0.0,0,1,-0.031,1,-0.224,0,0.0,1,-1,0.0,0,1.184,0.084,1.314,-0.101
1,1,0.0,0.897,0.03714,0.985,-0.001,0.79000,0.00714,0.608,-0.028,0.867,0.0,0.472,-0.078,0.539,0.00286,0.82857,-0.055,0.81000,-0.11857,1.147,-0.112,0.873,-0.05000,0.77000,-0.06857,0.466,-0.08669,0.82571,-0.143,0.81429,-0.05,1.025,-0.15143
0,1,0.0,0.0,0,0,0,0.0,0.0,0.0,0.0,0.0,0,-1.395,1,0.761,0.55172,0.0,0,0.0,0,0.0,0.0,0.0,0,0.0,0,1,0.779,0.0,0,0.0,0,0.0,0
1,1,0.0,0.747,0.01818,0.226,-0.136,0.54,-0.044,0.50130,0.126,0.615,0.081,0.55844,-0.069,0.51688,-0.03636,0.291,-0.05974,0.55325,-0.01039,0.48571,-0.033,0.26,-0.01039,0.385,0.0,0.497,-0.03280,0.401,0.03377,0.54545,-0.067,0.663,-0.08571
0,0,0,0.0,0.0,0.0,0.0,0.0,0.0,0.0,0.0,0.0,0.0,0.0,0,0.0,0,0,0,0,0.0,0.0,0.0,0,0.0,0,0,0.719,-1,0,0,0.0,0,0.0,0
1,1,0.0,1.152,0.522,1,0.25000,0.25000,1,0.225,0.78,-0.175,0.461,-0.33,0.71,-0.43820,0.37856,-0.43663,0.16709,-0.509,0.00678,-0.26477,-0.065,-0.16178,-0.143,-0.086,-0.158,-0.027,-0.138,0.006,-0.07036,0.02224,-0.041,0.02249,-0.02
0,1,0,0,0.0,0.0,0,1,1,-1,-1,0,0.0,0.669,-0.123,0.0,0.0,0,0,-1.36,1,1.277,1.114,1.117,-1.278,0.0,0.0,1,-1,0.0,0.0,0,0.0,1.39,1.465
1,1,0,0.87048,0.283,0.64099,0.69212,0.357,0.86625,-0.034,0.588,-0.62,0.465,-0.96,0.51560,-0.957,0.151,-0.422,-0.186,-0.67474,-0.46,-0.273,-0.42,-0.13013,-0.971,0.168,-0.66421,0.38544,-0.514,0.52573,-0.18,0.56239,-0.05938,0.739,0.16645
0,1,0.0,0.0,0,0,0,0.0,0.0,-1,0.759,0,0,0.967,0.37333,-0.157,-0.164,0,0.0,-0.692,-0.921,0.0,0.0,1,-1,0.0,0,0.926,0.224,0.0,0,0,0.0,0.0,0
1,1,0,0.752,0.43491,0.78,0.5,0.19672,0.764,-0.261,0.92544,-0.62526,0.71257,-0.464,0.33652,-0.92384,-0.039,-0.77356,-0.44707,-0.298,-0.474,-0.10237,-0.82217,0.291,-0.417,0.811,-0.55910,1.042,-0.216,0.588,0.105,0.639,0.397,0.361,0.57656
1,1,0,0.32834,0.032,0.156,0.3,0.09,0.903,-0.275,0.92324,-0.12,0.151,-0.61352,0.25786,-0.94053,-0.062,-0.14,-0.138,-0.30315,-0.271,-0.057,-0.478,0.02668,-0.271,0.27942,-0.06295,0.33737,-0.11876,0.343,-0.125,0.15078,0.13296,0.078,0.156
1,1,0.0,0.457,0.39121,0.704,0.808,0.12326,0.89402,-0.348,0.83578,-0.927,0.59564,-0.987,0.26,-0.739,-0.24164,-0.59714,-0.443,-0.103,-0.87787,0.12439,-0.89064,0.437,-0.75,0.707,-0.27734,1.067,0.08718,0.336,0.49079,0.37542,0.395,-0.02,0.463
1,1,0,0.62335,-0.03490,0.669,0.004,0.815,-0.066,0.63177,0.00963,0.581,-0.07461,0.845,0.078,0.906,-0.08424,0.369,0.049,0.67148,0,0.664,0.10108,0.741,0.03129,0.707,0.152,0.474,0.018,0.653,0.04452,0.61733,-0.00963,0.811,-0.09
1,1,0,0.472,-0.028,0.752,0.03309,0.651,0.16912,0.922,0.052,0.81434,0.262,0.564,0.00551,0.70772,0.142,0.544,0.059,0.61029,0.05147,0.877,0.054,0.676,-0.25000,0.72978,-0.15809,0.61727,0.07124,0.427,0.044,0.354,0.057,0.457,0.21691
1,0.948,0.0,0.61538,0.124,1.165,0.024,0.77486,0.024,0.46,-0.066,0.993,0.097,0.468,0.05060,0.72322,0.047,0.691,-0.08923,0.61692,0.16308,0.768,0.055,0.63878,0.106,0.60154,-0.07231,0.58803,0.08767,0.55077,0.25692,0.349,0.137,0.556,0.09322
1,1,0.0,0.68317,0.078,0.84803,0.00202,0.84341,0.003,0.832,0.059,0.844,0.032,0.81892,0.005,0.80738,0.008,0.529,-0.12447,0.518,-0.03536,1.145,0.01,0.74635,0.01,0.79632,-0.047,0.70824,0.01096,0.314,0.071,0.66624,0.007,0.412,0.01227
1,1,0,0.5,0.0,0.485,0.10435,0.654,0.06522,0.407,-0.022,0.363,-0.105,0.45652,0.04783,0.512,0.02609,0.495,0.248,0.35,0.2,0.562,-0.02609,0.304,-0.16,0.47391,-0.00870,0.425,0.09,0.38696,0.03913,0.327,0.142,0.44783,0.17391
1,1,0,0.921,0.05,1.15,0.223,0.71628,0.313,0.69320,0.48,0.788,0.548,0.57898,0.567,0.49210,0.427,0.376,0.561,0.28,0.63548,0.09599,0.68104,0.023,0.72236,-0.094,0.666,-0.11925,0.60696,-0.094,0.773,-0.25516,0.51701,-0.299,0.42467
1,0.867,0.0,1,0.09802,1,0.259,0.98390,0.33044,0.735,0.53020,1.029,0.779,0.468,0.71942,0.398,0.74079,0.335,0.82193,0.161,0.79777,0.084,0.82162,-0.01734,0.79870,-0.15144,0.668,-0.123,0.347,-0.464,0.854,-0.353,0.54522,-0.338,0.311
1,1,0.0,0.89410,0.124,0.741,0.397,0.78896,0.588,0.63388,0.59975,0.54003,0.859,0.254,0.506,0.357,0.79523,0.09134,1.046,-0.116,0.76261,-0.13,0.667,-0.30263,0.596,-0.40552,0.664,-0.318,0.317,-0.418,0.27252,-0.52823,0.19172,-0.409,0.05972
1,1.353,0,1.048,0.182,0.90946,0.388,0.85096,0.417,0.73678,0.773,0.59215,0.63,0.565,0.83614,0.421,0.775,0.17959,0.477,-0.00701,0.576,-0.18880,1.188,-0.288,1.059,-0.46534,0.592,-0.58563,0.969,-1.004,0.52564,-1.061,0.42488,-0.81210,0.26092
1,1,0,0.91767,0.256,0.777,0.35543,0.599,0.45747,0.557,0.696,0.649,0.649,0.36100,0.914,0.081,0.951,0.00396,0.887,-0.16390,0.77853,-0.417,0.583,-0.43087,0.916,-0.427,0.53886,-0.594,0.443,-0.64511,0.253,-0.65710,0.164,-0.64056,0.05394
1,1.078,0.0,0.816,0.21106,0.63935,0.38112,0.336,0.533,0.091,0.22273,0.13753,0.59565,-0.07727,0.65,0.0,0.306,-0.27491,0.385,-0.412,0.475,-0.36591,0.254,-0.40533,0.07588,-0.339,-0.048,-0.33942,-0.112,-0.27540,-0.19714,-0.124,-0.318,-0.11894,-0.374
1,0.659,0,0.687,-0.688,1.272,0.55298,1.174,0.097,0.441,0.16225,0.419,0.24172,0.621,0.159,0.81,0.19868,0.587,0.42715,0.384,0.13907,0.462,0.27815,0.654,0.101,0.51872,0.26653,0.49013,0.326,0.46216,0.201,0.43484,0.29324,0.40821,0.286
1,1,0.0,1.468,0.11385,0.479,-0.12144,0.655,0.067,0.71157,0.007,0.56167,-0.041,1.017,0.12524,0.638,0.025,0.781,-0.025,0.478,0.16888,0.72676,0.074,0.32068,0.05882,0.717,0.554,0.49090,0.17951,0.15180,0.337,0.44141,0.098,0.627,0.15180
1,0.737,0,1.111,0.06794,0.80562,-0.02299,0.77031,-0.043,0.667,-0.044,0.794,-0.07666,0.67260,-0.08,0.64260,-0.068,0.213,0.025,0.71254,0.02,0.55970,-0.105,0.606,-0.08453,0.527,-0.22822,0.553,-0.073,0.346,-0.08537,0.44277,-0.09621,0.368,-0.115
1,1,0,0.987,0.08013,1.098,-0.004,0.768,-0.007,1.079,-0.03923,0.908,0.009,0.96186,-0.008,0.95947,-0.01671,1.307,0.005,1.273,-0.045,1.208,-0.02364,0.94636,-0.039,0.98164,0.02003,0.93772,-0.038,1.185,-0.039,0.472,-0.03464,0.92226,-0.03673
1,1,0.0,0.47938,-0.12371,0.309,-0.141,0.762,-0.39175,1.032,0.091,0.234,-0.116,0.65,0.151,0.261,-0.11856,0.42268,0.039,0.624,-0.27320,0.54639,0.18557,0.354,0.08247,0.987,0.19588,0.296,-0.12447,0.15464,-0.205,0.372,0.04124,0.232,-0.51546
1,1,0.0,0.63510,-0.04388,0.871,0.039,0.61432,0.22,0.962,-0.00462,0.802,0.08314,0.657,-0.391,0.9,0.54965,0.59584,0.185,0.446,0.21940,0.428,-0.25404,0.546,0.111,0.64665,0.23095,0.68775,0.131,0.412,0.07621,0.733,0.161,0.69053,0.435
1,1.481,0,0.50112,-0.03596,0.407,0.012,0.58876,0.023,0.58876,0.027,0.423,-0.00449,0.636,-0.061,0.374,0.00899,0.57303,0.02472,0.797,-0.059,0.56854,0.156,0.319,-0.03596,0.518,0.04944,0.392,0.00824,0.253,-0.035,0.343,0.10562,0.521,-0.08090
1,1.408,0,0.71521,-0.00647,0.39,-0.04207,0.865,-0.05178,0.621,0.119,0.67314,0.09709,0.709,0.162,0.72,-0.01942,0.54369,-0.04531,0.46926,-0.14,0.347,0.219,0.222,0.151,0.553,-0.081,0.45105,0.001,0.302,-0.06796,0.26,-0.109,0.30421,-0.05178
1,1.204,0,0.68148,0.10370,0.77037,0.03457,0.65185,0.099,0.642,-0.00494,0.79012,0.109,0.59753,0.026,0.789,0.092,1.148,-0.096,0.558,-0.095,0.48642,0.00988,0.60988,0.043,0.965,-0.169,0.703,-0.02451,1.006,0.031,0.61235,-0.075,0.518,-0.04691
1,1,0.0,0.857,-0.021,0.67119,0.06,0.443,-0.04407,0.50508,0.022,0.997,-0.103,0.57966,-0.011,0.273,0.072,0.64068,0.105,0.586,-0.032,0.53220,0.00678,0.71525,-0.047,0.52881,-0.03390,0.57262,0.00750,0.58644,-0.002,0.559,-0.02712,0.614,0.064
1,0.609,0,0.49515,0.117,0.429,0.073,0.346,0,0.362,-0.02427,0.415,0.035,0.306,0.04854,0.52427,0.00485,0.557,-0.09,0.43204,0.004,0.371,0.05825,0.197,0.25728,0.454,-0.15049,0.36547,0.047,0.449,0.17476,0.347,0.0,0.37379,-0.01942
1,1,0,1.143,0.02187,0.93102,0.34100,0.83904,0.269,0.74706,0.48906,0.657,0.323,0.356,0.469,0.43130,0.664,0.242,0.402,0.28379,0.68873,0.103,1.017,0.06338,0.788,-0.246,0.722,-0.169,0.47,-0.16209,0.425,-0.192,0.44195,-0.39,0.37465
1,0.921,0,0.97905,0.15810,0.916,0.177,0.794,0.515,0.791,0.64888,0.504,0.85,0.40349,0.83156,0.293,0.84804,0.04700,1.192,-0.12193,0.663,-0.26180,0.80754,-0.37835,0.837,-0.623,0.775,-0.597,0.439,-0.403,0.249,-0.65754,0.18345,-0.64134,0.036
1,0.9,0.0,0.99701,0.309,0.91966,0.47030,0.76902,0.62415,0.562,0.78120,0.392,1.215,0.099,0.83312,-0.064,0.89274,-0.318,0.417,-0.43707,0.924,-0.55769,0.265,-0.385,0.35534,-0.436,0.209,-0.353,0.02277,-0.64872,-0.13462,-0.741,-0.324,-0.47201,-0.184
1,1,0.0,0.54,0.19959,0.96132,0.378,0.588,0.515,0.56687,0.588,0.41836,1.034,0.211,0.89489,0.067,0.617,-0.24742,0.83939,-0.42811,0.732,-0.651,0.488,-0.59,0.485,-0.68851,0.30912,-0.4,0.096,-0.75406,-0.048,-0.75199,-0.17921,-0.752,-0.34367
1,1,0,1.223,0.28082,0.558,0.52821,0.58167,0.854,0.196,0.80511,0.113,0.90403,-0.263,0.89335,-0.218,1.107,-0.678,0.62867,-0.546,0.40368,-0.899,0.252,-0.81317,-0.04284,-0.75273,-0.373,-0.629,-0.645,-0.46422,-0.676,-0.255,-0.70835,-0.076,-0.918
1,1,0.0,1.004,0.365,0.729,0.62233,0.228,0.94353,-0.03643,0.883,-0.292,0.75334,-0.211,0.48816,-0.734,0.316,-0.978,0.10591,-0.47359,-0.084,-0.896,-0.076,-0.33197,-0.694,-0.177,-0.53620,0.07158,-0.309,0.31,-0.43478,0.36586,-0.201,0.42805,0.13297
1,1,0,0.396,0.10025,0.282,0.17293,0.044,0.222,0.072,0.154,0.06266,0.21303,-0.04725,0.12767,-0.058,0.114,-0.042,0.04097,-0.047,0.021,-0.062,-0.002,-0.02,-0.008,-0.024,-0.01505,-0.00886,-0.01475,-0.003,-0.012,0.00096,-0.00948,0.004,-0.00647
1,1,0,0.58459,-0.344,1,0.519,0.67,-0.00564,0.79,0.179,0.347,-0.373,0.419,0.06391,0.69737,0.156,0.738,-0.42669,0.76128,0.042,0.508,0.269,0.642,-0.40977,0.922,-0.04699,0.507,-0.10571,0.52820,-0.13346,0.15602,-0.083,0.49,-0.112
1,1,0.0,0.83609,0.097,0.387,0.06059,0.65829,0.107,0.154,0.12961,0.387,0.295,0.266,0.108,0.44747,0.082,0.323,0.024,0.679,0.15756,0.474,0.14616,0.29495,0.14638,0.291,0.14530,0.23641,0.093,0.346,0.16137,0.18767,0.149,0.135,0.13198
1,1,0.0,0.472,0.06,0.915,0.006,0.85124,0.018,0.76966,-0.001,0.84459,0.13,1.032,0.019,0.82680,0.045,0.74838,0.015,0.61,0.02405,0.80862,0.04901,0.80259,0.058,0.77336,0.027,0.844,0.06235,0.521,0.09251,0.751,0.07090,0.886,0.07508
1,1,0.0,0.87111,0.051,0.827,0.1,1.039,0.381,0.838,-0.074,0.88598,-0.02028,0.792,-0.353,0.89410,0.19964,0.758,-0.04642,0.84452,-0.00991,0.97882,-0.34024,0.432,-0.25101,0.505,-0.09193,0.76,-0.033,0.78774,-0.054,0.387,0.156,0.88238,0.052
1,1.072,0.0,0.398,0.02549,0.98994,0.089,0.744,0.12877,0.74313,-0.046,0.95842,0.036,1.108,-0.00469,1.035,0.10195,0.718,0.042,0.539,0.02683,1.203,-0.08048,0.654,0,0.774,-0.01207,1.037,0.032,0.72435,-0.01073,0.90409,0.149,0.678,0.02750
1,1,0.0,0.257,0.23,0.06213,-0.238,0.62316,0.01006,0.304,-0.051,0.657,0.01775,0.266,0.21,0.71598,-0.042,0.352,0.125,0.41420,0.11538,0.52767,0.018,0.461,-0.10651,0.509,-0.02367,0.46514,0.042,0.519,0.25148,0.31953,-0.188,0.34615,-0.003
1,0.633,0,0.59887,0.106,1.041,-0.13936,0.85122,-0.13936,0.80979,0.017,0.331,0.018,0.67420,-0.029,0.80791,-0.181,0.488,-0.24482,0.81544,-0.14313,0.637,-0.002,0.33333,0.069,0.56121,-0.408,0.913,-0.205,0.427,-0.02072,0.53861,-0.429,0.864,-0.134
1,1,0.0,0.428,-0.03397,0.86412,-0.079,0.81953,0.0,0.73673,-0.07643,0.71975,-0.184,0.576,-0.125,0.77495,-0.272,0.649,-0.131,0.412,-0.10191,0.782,-0.141,0.89384,-0.022,0.517,-0.26115,0.74115,-0.256,0.394,-0.22293,1.088,-0.37792,0.821,-0.24841
1,1,0,1.17,-0.083,0.695,0.07337,0.987,0.039,1.071,-0.019,0.87,-0.072,0.779,-0.108,0.67935,-0.007,1.172,-0.181,0.47,0.03261,0.86413,-0.05978,0.711,-0.27989,1.207,-0.18750,1.092,-0.10211,0.85870,-0.03261,0.798,-0.10870,0.79076,-0.00543
1,1,0,0.696,-0.13241,0.586,0.16996,0.87,0.09486,0.549,-0.128,0.66798,-0.346,0.951,-0.202,0.639,0.021,0.63043,-0.00395,0.63636,-0.061,0.853,-0.25296,0.741,-0.237,0.67194,-0.144,0.61847,-0.114,0.60079,-0.229,0.37549,0.06917,0.322,-0.015
1,1.4,0,0.409,0.121,0.58980,0.00665,0.472,0.06874,0.47894,-0.123,0.685,0.017,0.659,-0.133,0.67849,-0.03326,0.393,-0.13525,0.775,-0.04656,0.364,-0.19512,0.50776,-0.087,0.569,-0.109,0.53930,-0.105,0.59867,-0.02882,0.611,-0.082,0.487,-0.04435
1,1,0,1.241,0.346,0.72125,0.519,0.61559,0.63662,0.47,0.902,0.144,0.96128,-0.20097,1.126,-0.35737,0.773,-0.65114,0.62210,-0.503,0.45535,-0.563,0.182,-1.103,-0.067,-0.724,-0.175,-0.67557,-0.354,-0.54732,-0.825,-0.256,-0.341,-0.19312,-0.75597
1,1,0.0,0.97,0.333,0.79917,0.55756,0.59952,0.919,0.162,0.92651,0.04636,0.825,-0.23237,0.95130,-0.827,0.81018,-0.627,0.731,-1.231,0.501,-0.77,0.088,-0.818,-0.19838,-0.83192,-0.507,-0.757,-0.69556,-0.548,-0.85725,-0.15,-0.93953,0.082,-0.94823
1,1,0.0,0.88241,0.30634,0.73232,0.501,0.261,0.536,0.05717,1,-0.048,0.959,-0.62403,0.834,-0.69767,0.32558,-0.654,0.41195,-0.996,-0.01,-1.106,-0.529,-0.694,-0.508,-0.57242,-0.67605,-0.292,-0.807,-0.02979,-1.043,0.235,-0.82127,0.003,-0.81686
1,0.604,0.0,0.83479,0.28993,0.69256,0.35,0.635,0.998,0.194,0.86761,-0.08096,0.85011,-0.529,0.7,-0.535,0.58425,-0.70350,0.31291,-0.47,0.031,-0.449,-0.206,-0.716,-0.39168,-0.401,-0.52954,-0.16950,-0.786,0.08425,-0.61488,0.311,-0.337,0.557,-0.35339
1,1.267,0,0.92870,0.33164,0.76168,0.438,0.49305,0.596,0.254,0.628,-0.13956,0.96167,-0.323,1.244,-0.70747,0.462,-1.119,0.532,-0.486,0.078,-0.734,-0.248,-0.707,-0.54069,-0.50757,-0.969,-0.26,-0.86122,0.07810,-0.87159,0.36021,-0.626,0.59407,-0.681
1,0.798,0.0,1.224,0.466,0.65541,0.57671,0.34962,0.70677,0.17293,0.407,-0.117,1.074,-0.441,0.409,-0.471,0.47744,-0.74725,0.287,-0.72180,-0.04887,-0.62030,-0.21,-0.545,-0.53463,-0.348,-0.66014,-0.01530,-0.69706,0.22708,-0.661,0.634,-0.557,0.448,-0.312
1,1,0.0,1.367,-0.02736,0.981,-0.054,0.544,-0.07635,0.659,0.007,1.27,-0.023,0.98500,-0.07458,0.99382,-0.07149,0.97396,-0.052,0.97264,-0.12224,0.99294,-0.061,0.95278,-0.08914,1.105,-0.08341,1.266,-0.085,0.688,-0.167,0.97132,-0.086,1.101,-0.27
1,1,0.0,0.94052,-0.01531,1.249,0.005,0.94994,-0.01472,1.189,-0.013,0.94641,-0.03710,0.499,-0.01767,0.97055,-0.058,0.759,-0.04064,0.94,-0.03,0.94229,-0.025,0.92815,-0.04417,0.617,-0.041,0.92695,-0.055,0.66,-0.089,1.297,-0.092,1.129,-0.07420
1,1,0,0.812,-0.159,0.992,-0.00228,0.915,-0.133,1.29,0.18265,1.145,0.001,0.93607,-0.096,0.466,-0.002,0.86758,-0.055,0.97032,-0.21233,1.398,0.092,1.047,-0.05251,0.75,0.039,0.94043,-0.09252,0.97032,-0.264,0.473,-0.08676,0.96575,-0.21918
1,0.813,0.0,0.52542,-0.037,0.854,0.052,0.656,-0.16949,0.206,-0.023,0.655,-0.13559,0.64407,0.16,0.687,-0.35593,0.54237,0.012,0.663,0.03390,0.59322,0.357,0.86441,0.034,0.40678,0.15254,0.498,-0.002,0.66102,-0.03390,1.222,-0.107,0.76271,-0.10169
1,1,0,0.411,-0.157,0.395,0.327,0.345,0.18,0.277,0.13889,0.346,-0.11111,0.54911,-0.047,0.58333,0.286,0.55556,0.02778,0.25000,-0.19,0.704,-0.05556,0.52778,-0.02778,0.207,0.117,0.243,-0.113,0.19444,-0.088,0.411,-0.219,0.08333,-0.5
1,1,0.0,0.51207,1,1,0.79,0.991,0.828,0.576,0.263,0.363,0.963,0.254,1,-0.177,0.796,-0.33081,1.457,-0.61382,1.055,-0.52674,0.71699,-0.475,0.47894,-0.697,0.355,-1,0.09569,-1,-0.16713,-1.044,-0.579,-0.91903,-0.916
1,1.204,0,0.75564,0.49638,0.458,0.499,0.54916,0.72063,0.35225,0.70792,0.197,0.94749,-0.09818,0.9,-0.284,1.081,-0.279,0.71161,-0.363,0.984,-0.854,0.344,-0.872,0.02995,-0.935,-0.306,-0.986,-0.32792,-0.556,-0.19185,-0.34131,-0.698,-0.19609,-0.829
1,1,0.0,0.83789,0.607,0.425,0.3,0.269,0.78115,0.093,1.168,-0.13012,0.895,-0.686,0.743,-0.542,0.406,-0.78470,0.26529,-1.13,0.047,-0.549,-0.263,-0.47412,-0.48905,-0.338,-0.67796,-0.05054,-0.767,0.14690,-0.45911,0.37093,-0.39167,0.637,-0.24313
1,1,0,1.169,0.35107,0.75254,0.65640,0.45571,1.085,0.222,0.95776,-0.133,0.96301,-0.56,0.83397,-0.498,0.588,-0.93104,0.288,-1.339,-0.054,-0.905,-0.40949,-0.65079,-0.512,-0.442,-0.84951,-0.049,-1.332,0.195,-0.979,0.54827,-0.922,0.74828,-0.511
1,1,0,0.92436,0.37,0.71976,0.523,0.341,0.94078,-0.11108,0.595,-0.31605,0.92453,-0.911,0.508,-0.941,0.493,-0.94315,0.053,-0.779,0.033,-0.414,-0.66278,-0.263,-0.78174,-0.13486,-0.88082,0.273,-0.76,0.73,-0.535,0.667,-0.46048,0.614,-0.13194
1,1.036,0.0,1,0.157,0.857,-0.031,1,0.011,1,-0.126,0.921,-0.01511,1.103,-0.011,1,-0.06374,1,-0.095,0.503,0.05900,0.579,-0.10108,1,-0.02685,1.153,-0.321,1.06,-0.06823,1.227,0.08299,1,-0.132,1,-0.087
1,1,0.0,0.95559,-0.002,0.453,-0.13244,0.94982,-0.007,1.09,-0.303,1.039,0.111,1,-0.14247,0.99264,-0.013,1.301,-0.15518,0.84013,0.577,0.659,-0.11,0.629,-0.08495,1.18,-0.023,0.84132,-0.015,0.82427,-0.017,0.80634,-0.021,0.78761,-0.02039
1,0.73,0.0,0.722,0.29492,0.64064,0.52312,0.383,0.677,0.2,0.83548,-0.196,0.763,-0.42911,0.813,-0.57165,0.41471,-0.824,0.131,-0.69977,-0.09856,-0.57695,-0.23503,-0.391,-0.496,-0.226,-0.289,0.01523,-0.48707,0.19030,-0.234,0.161,-0.209,0.198,-0.08036
1,0.715,0.0,0.88085,0.301,0.68389,0.452,0.34816,0.79784,0.05832,0.90842,-0.29784,0.86490,-0.351,0.967,-0.859,0.39309,-0.944,0.08408,-0.81641,-0.333,-0.832,-0.576,-0.58,-0.68337,-0.143,-1.008,0.17041,-0.939,0.45,-0.777,0.737,-0.384,0.62765,-0.13305
1,0.669,0,1.13,0.254,0.66129,0.977,0.307,0.90824,-0.053,0.94415,-0.622,0.84605,-0.991,0.58511,-0.92819,0.25133,-1.013,-0.08,-0.76064,-0.48404,-0.50931,-0.76197,-0.148,-0.88591,0.128,-0.85703,0.68,-0.575,0.74846,-0.56,0.929,-0.076,0.462,0.409
1,1,0,1.348,-0.358,1,-0.20253,0.996,-0.07,0.88608,0.012,1,0.11392,0.92405,0.093,0.84810,-0.03797,0.451,-0.317,1.191,-0.01266,0.622,0.06329,1.208,0.148,0.62025,-0.449,0.565,-0.055,0.744,-0.091,0.729,0.023,0.83544,-0.02532
1,1,0,0.402,0.00840,0.83312,0.016,0.608,0.02469,0.86555,0.01681,0.617,0.054,1.037,0.04731,1.101,0.052,0.578,0.205,0.637,0.039,1.047,0.049,0.68895,0.048,0.66387,0.091,0.483,0.09,0.61345,0.018,0.58187,0.08757,0.55330,0.08891
1,0.606,0.0,0.882,0.026,0.597,0.012,0.982,0.02180,0.92765,0.116,0.708,0.11370,0.91161,0.061,0.90738,0.058,0.87339,0.031,1.233,0.0,0.98,0.07047,0.782,0.07697,0.83721,0.10853,0.467,0.08950,0.87597,0.08786,0.85198,0.086,0.84258,0.123
1,0.534,0.0,1,-0.01179,0.606,-0.00343,1,-0.019,1,-0.01565,0.501,-0.027,0.781,-0.02187,0.99828,-0.034,0.99528,-0.042,0.638,-0.03452,1.323,-0.03881,1,-0.036,1.068,-0.038,0.557,-0.05527,0.502,-0.064,0.885,-0.06497,1.208,-0.06668
1,0.564,0.0,0.939,-0.03168,0.51,0.05545,0.838,0.014,0.473,0.037,0.91287,-0.00990,0.94059,-0.009,0.91881,0.03366,1.237,0,0.94257,0.012,0.90495,0.009,0.912,-0.02,0.89307,0.026,0.761,0.009,0.88119,0.00198,1.037,0.04158,0.767,0.02376
1,1.077,0.0,0.90071,0.01773,0.931,-0.01773,0.683,0.009,0.84752,0.05674,0.784,0.045,0.97872,0.01,0.493,0.03546,1.179,-0.044,0.89716,-0.024,0.971,0.07801,1,0.09220,0.478,0.045,0.94305,0.035,0.619,0.036,1,0.012,0.93617,0.02128
1,0.656,0,0.25,-0.235,0.62655,0.01270,0.483,0.09091,0.63636,0.09091,0.115,-0.214,0.757,0.15152,0.235,0.0,0.356,0.04,0.661,0.03030,0.6,0.18182,0.202,-0.123,0.63,0.05929,0.417,0.08,0.33333,-0.035,0.41856,0.06410,0.39394,0.24242
1,1,0,0.86689,0.35950,0.877,0.994,0.37201,0.587,0.078,1.276,-0.24118,0.951,-0.51763,0.843,-0.435,0.299,-0.505,0.148,-0.69397,-0.13652,-0.49488,-0.276,-0.447,-0.57679,-0.017,-0.384,0.091,-0.53127,0.306,-0.37088,0.46189,-0.242,0.40956,0.023
1,0.897,0,0.89563,0.48,0.979,0.576,0.333,0.448,-0.026,0.621,-0.299,0.84414,-0.67274,0.62078,-0.508,0.38,-0.91,-0.05365,-0.73564,-0.338,-0.51778,-0.399,-0.23428,-0.73855,0.06911,-0.789,0.341,-0.62296,0.52414,-0.569,0.673,-0.17343,0.669,0.08660
1,1.331,0.0,1.285,0.383,0.619,0.843,0.358,0.95905,-0.13342,1.304,-0.52236,0.83263,-0.79657,0.55086,-0.96631,0.15192,-0.93001,-0.187,-0.71863,-0.59379,-0.4,-0.85205,-0.023,-0.93788,0.205,-0.85368,0.688,-0.516,0.746,-0.28123,1.231,0.106,0.653,0.539
1,1,0.0,1,1,0.394,0.032,0.12993,1.011,-0.27586,0.812,-0.31527,0.37685,-1.006,0.35,-0.92857,-0.08867,-0.38916,-0.27,-0.519,-0.869,-0.028,-1.024,0.377,-0.282,0.73792,-0.45950,0.85471,-0.074,1.4,1,0.319,0.00246,0.155,0.401
1,1,0.0,0.72,0.51515,0.45455,0.33333,0.052,0.375,-0.32104,0.73062,-0.45455,0.48485,-0.79,0,-0.57576,-0.138,-0.284,-0.429,-0.091,-0.458,0.627,-0.402,0.57576,-0.349,1,-0.36,0.469,0.094,0.62,0.57576,0.318,0.36364,0.133,0.33333
1,0.777,0.0,1.158,0.0,0.94817,-0.02744,1.178,-0.01220,0.899,0.01829,1.092,0.01829,0.893,0.00915,0.802,0.00305,1,0.033,0.786,-0.01220,1.232,0.036,0.608,0.051,0.99695,0.069,1.041,0.02226,0.90854,0.013,1.262,0.05488,0.97561,-0.01220
1,1,0.0,0.82624,0.08156,0.876,-0.088,0.90426,-0.014,0.764,0.012,0.80142,0.12,0.94681,-0.00709,0.804,0,0.93262,0.299,0.95035,-0.007,1.289,0.008,1.176,0.07092,0.91135,0.099,0.89527,0.105,1.032,0.059,1.085,0.18085,0.791,0
1,1.158,0,0.74468,0.143,0.822,0.01,0.779,0.01471,0.87234,-0.013,1.066,0.10638,0.87657,0.02912,0.908,0.031,0.95745,0.07801,0.95035,0.04255,0.789,0.064,0.682,0.062,1.222,0.058,0.638,0.06014,0.793,-0.046,0.708,0.06800,0.80774,0.07173
1,0.779,0.0,0.87578,0.023,0.89951,0.005,0.89210,0.004,0.86335,0.0,0.589,0.07453,1.123,0.012,1.285,0.01151,1.117,-0.056,0.85714,0.02484,0.84182,0.02,0.83486,0.01749,0.552,-0.029,0.885,0.028,0.81988,0.08696,0.80757,0.02308,0.484,0.031
1,1,0,1.089,0.00710,0.98579,0.014,0.706,0.025,0.99290,0.01,1.385,0.026,0.97158,0.03552,1.297,0.047,0.518,0.02131,0.674,0.046,1.133,0.03,0.772,0.039,1.157,0.03552,0.97540,0.06477,0.907,0.08171,0.99112,0.06217,1.473,0.09947
1,1,0.0,1.309,0.01105,1.345,0.01105,1,0.023,0.99448,-0.021,1.38,-0.002,0.98343,0.02320,1.108,0.005,0.97569,0.00773,1.005,0.012,1.439,0.00663,1.454,0.023,0.97127,-0.005,1.115,0.011,0.97901,0.01547,1.042,0.02099,0.98674,0.041
1,1,0,0.544,-0.019,1,0.012,1,-0.003,1.169,0.07,1.109,0.03,0.49,0.02908,1.327,0.097,1.318,0.04,1.31,0.03579,0.656,0.09396,0.95749,0.04,1,0.088,0.99989,0.08763,0.99105,0.08501,1.306,0.10067,0.544,0.10067
1,1.137,0,0.88420,0.292,0.853,0.424,0.498,0.86399,0.012,1.143,-0.35148,0.561,-0.60316,0.58842,-0.78658,0.304,-0.83285,-0.003,-0.629,-0.409,-0.52504,-0.394,-0.311,-0.366,0.008,-0.689,0.26028,-0.60678,0.44569,-0.43383,0.514,-0.21542,0.794,0.02823
1,1,0,0.90147,0.213,0.475,0.823,0.30440,1.083,-0.255,0.743,-0.55483,0.587,-1.071,0.413,-1.355,0.10345,-0.91456,-0.31412,-0.70163,-0.376,-0.425,-0.88999,0.05865,-0.94172,0.44483,-0.739,0.74105,-0.347,0.748,-0.167,0.87893,0.225,0.549,0.304
1,1,0.0,0.222,0.091,0.15970,0.26,0.188,0.74485,-0.25131,1.354,-0.11,0.26664,-0.462,0.24865,-1.142,-0.00337,-0.23227,-0.247,-0.30522,-0.343,-0.14426,-1.124,0.111,-0.16,0.28307,-0.18560,0.322,-0.08,0.31005,0.05614,0.276,0.125,0.148,0.26422
1,1,0.0,0.65845,0.43617,0.398,0.437,0.05319,0.85106,-0.32027,0.82139,-0.476,0.295,-0.84211,0.061,-1.02,-0.28723,-0.295,-0.71725,-0.025,-1.282,0.23292,-0.76316,0.301,-0.58,0.74300,-0.18645,0.591,0.334,0.669,0.638,0.302,0.75,-0.189,0.74356
1,1.024,0,0.203,0.058,0.04198,0.135,-0.145,0.48866,-0.256,-0.18321,-0.53,0.09,-0.437,0.09160,-0.216,-0.173,-0.10305,-0.39695,0.224,-0.17557,0.34012,-0.131,0.28626,-0.223,0.318,0.24692,0.034,0.31092,-0.04,0.21,-0.16794,0.16794,-0.16,-0.33588
1,0.513,0.0,1.08,0.00075,0.945,0.0,0.914,-0.001,1.327,0.02394,0.97700,0.02130,0.97888,0.044,0.749,0.012,0.787,0.05713,1.127,0.05279,0.97738,0.05524,1.052,0.06241,1.146,0.08107,0.888,0.095,1.319,0.08088,1.44,0.08126,0.97247,0.08616
1,1,0.0,0.485,-0.07572,0.919,0.00231,0.775,-0.007,0.86821,-0.071,0.891,-0.11734,0.84624,0.046,1.174,-0.058,1.058,0.06705,0.78324,0.06358,0.786,-0.017,0.444,-0.072,0.74451,-0.024,0.76717,-0.041,0.877,-0.07630,0.70058,-0.04220,1.035,0.01214
1,1,0.0,0.409,-0.152,0.69387,-0.02423,0.68195,-0.03574,0.55717,-0.065,0.885,-0.152,0.775,-0.06527,0.786,-0.046,0.432,-0.201,0.58213,0.052,0.49736,-0.08771,0.458,-0.05,0.377,-0.00564,0.584,-0.09038,0.436,-0.10306,0.32232,-0.053,0.423,-0.08300
1,1.38,0.0,0.76046,0.01092,0.86335,0.004,0.85821,0.002,0.79988,0.025,0.623,0.069,0.518,0.00744,0.82,0.00854,0.63,-0.054,0.892,0.031,1.074,0.01148,0.583,0.01232,0.77138,-0.003,0.70886,0.014,0.66161,0.00849,0.592,0.014,0.63887,0.01525
1,1,0,0.66667,-0.01366,0.97404,0.06831,0.249,0.29,0.75683,-0.002,0.691,-0.121,0.375,-0.48907,0.452,0.324,0.76776,0.31831,0.964,0.11339,0.438,-0.597,1,0.006,0.60656,0.06967,0.447,0.209,0.907,0.083,0.646,0.229,0.142,0.48087
1,1,0.0,0.433,0.117,0.437,-0.22,0.84349,-0.05567,0.882,-0.04622,0.589,0.118,0.81197,0.06723,1.044,-0.08929,0.719,-0.029,0.512,0.06618,0.87605,0.01155,0.407,0.074,0.95378,-0.06,0.88,0.00123,0.83,0.176,1.222,-0.10714,0.90546,-0.04307
1,0.615,0,0.95113,0.004,1.234,-0.031,0.93438,-0.017,0.94590,0.015,1.112,0.03281,0.94171,0.07330,0.691,-0.016,0.97173,0.001,0.943,0.06038,1.286,0.08412,0.646,0.131,0.876,0.007,0.93522,0.054,0.93159,0.08168,0.94066,-0.0,0.91483,0.037
1,1,0,0.917,-0.0,1.192,-0.042,0.534,-0.03431,0.95584,0.02446,0.94124,0.025,1.356,0.061,0.93954,-0.01461,1.056,0.012,1.208,0.015,0.91406,0.07677,0.64,0.06148,0.804,0.03193,0.965,0.028,0.92120,0.025,0.92459,0.00442,1.237,-0.008
1,1,0.0,0.90608,-0.018,1.186,-0.01989,0.95691,-0.047,0.638,0.001,1.22,-0.045,0.463,-0.012,0.903,-0.032,0.91381,-0.00884,1.019,-0.084,1.133,0.01215,1.268,-0.02320,0.91050,-0.013,0.89147,-0.07760,0.82983,-0.179,0.96022,-0.042,0.87403,-0.16243
1,1,0.0,0.78,0.094,1.004,-0.06151,1.206,0.111,0.88928,-0.09139,0.78735,0.079,0.92,-0.00351,0.465,-0.007,0.85764,-0.04569,0.925,-0.03,0.81722,-0.084,0.538,0.065,0.86467,-0.15114,0.81147,-0.04822,0.78207,-0.006,1.113,-0.06678,0.573,-0.061
