1,0.538,0,0.99539,-0.057,0.939,0.021,0.83398,-0.37708,1,0.029,0.581,-0.17755,0.654,-0.285,0.535,-0.38223,1.239,-0.369,0.594,-0.349,0.56971,-0.29674,0.484,-0.47357,0.418,-0.51171,0.538,-0.412,0.232,-0.485,0.227,-0.54487,0.18641,-0.45300
0,1,0.0,1,-0.193,0.93035,-0.36156,-0.116,-1.352,0.808,-0.029,0.328,-0.41,0.367,-0.69707,-0.536,-0.97515,0.05499,-0.62237,0.33109,-1,-0.153,-0.345,-0.154,-0.518,-0.262,-0.26569,-0.20468,-0.202,-0.19040,-0.133,-0.206,-0.06288,-0.111,-0.016
1,0.534,0.0,0.781,-0.03365,1.139,0.00485,0.505,-0.12062,0.88965,0.006,0.73082,0.05346,0.468,0.007,0.565,0.00299,0.915,-0.163,0.75535,-0.11,0.70887,-0.241,0.529,-0.12062,0.57528,-0.288,0.58984,-0.214,0.368,-0.17365,0.60436,-0.147,0.741,-0.213
0,0.564,0.0,1,-0.474,1,1,0.806,-1.028,0.0,0.0,0,0,0,0,-1.321,0.128,0.424,-0.358,-1,-0.318,-0.356,0.531,0.0,0.0,1,1.224,0.51613,0.98,1,-0.20099,0.277,0.547,-0.32382,1
1,1,0.0,1,-0.015,0.832,0.06531,0.602,-0.25,0.973,-0.16399,0.595,-0.217,0.56409,-0.004,0.447,-0.266,0.52940,-0.11,0.45107,-0.189,0.071,-0.35575,0.02309,-0.52879,0.025,-0.435,0.13290,-0.53206,0.034,-0.579,-0.05707,-0.377,-0.054,-0.65697
0,1,0.0,0.02337,-0.00592,-0.089,-0.11949,-0.006,-0.078,0.14706,0.085,0.03786,-0.041,0,0.0,-0.04572,-0.204,-0.004,-0.112,-0.073,-0.063,0.01838,0.055,0.012,0.005,0.022,-0.01535,-0.03240,0.093,-0.07859,0.00732,0.0,0.0,-0.0,0.12011
1,1,0.0,0.97588,-0.096,0.94601,-0.259,0.92806,-0.28350,0.849,-0.21,0.79766,-0.47929,0.5,-0.50764,0.454,-0.375,0.869,-0.68086,0.37852,-0.453,0.54,-0.502,0.337,-0.756,0.22792,-0.81634,0.13659,-1.201,0.051,-0.548,-0.025,-1.042,-0.124,-0.80975
0,0,0,0.0,0.0,0.0,0.0,1.019,-1,0,0,-0.83,-1,0.0,0.0,0,0.0,1,1,-1.253,-1.016,0.0,0.0,0,0.0,0.505,1,0.946,1,0.0,0.0,0.865,1.333,0,0
1,1,0.0,0.96355,-0.08,1.472,-0.14333,1.196,-0.225,1.093,-0.299,0.92570,-0.318,0.498,-0.40668,0.842,-0.46381,1.356,-0.35257,0.976,-0.66020,0.811,-0.705,0.69637,-0.64225,1.133,-0.337,0.622,-0.69712,0.245,-0.63919,0.493,-0.689,0.38895,-0.73420
0,1,0.0,-0.026,-0.05,0,0.0,0.0,0,0.11470,-0.292,-0.229,-0.208,0,0.0,-0.484,0.421,-0.37133,0.15018,0.63728,0.137,0.0,0,0.0,0.0,-0.14803,-0.01326,0.108,-0.02,0.0,0,0.16595,0.209,-0.08208,0.191
1,1,0.0,1,0.064,0.827,-0.175,0.58,-0.27320,0.768,-0.552,1.289,-0.41349,0.96232,-0.51874,1.224,-0.346,0.89230,-0.66474,0.69876,-0.955,0.466,-0.76320,0.63081,-1.021,0.55867,-0.89128,0.351,-0.767,0.587,-0.83675,0.241,-1.153,0.273,-1.15
0,1.064,0.0,1.058,-0.528,1,-0.906,1.057,-1,1,0.36217,1.184,-0.41119,1.484,0.548,1,-1,0.677,-0.29354,0.669,-1.099,0.588,1.37,1.31,0.574,1,-0.233,0.676,-0.62745,1,-1,1,-1.065,0.85,-1
1,1.252,0.0,1,-0.09,1.156,-0.10169,0.99999,-0.103,0.809,-0.118,0.94055,-0.343,0.95735,-0.194,0.867,-0.34412,0.94486,-0.293,0.90137,-0.554,0.86043,-0.507,0.957,-0.633,1.118,-0.47137,0.76224,-0.58370,0.46,-0.88,0.68714,-0.955,0.721,-0.67226
0,1,0.0,0.712,-0.86701,0.681,0.279,0.85492,-0.568,1.06,-0.172,1,0.487,1,0.07772,1,-0.075,0.643,-1.142,0.623,-1.382,0.61831,0.15803,1,0.758,1,-0.17012,1.431,0.384,1.254,-0.659,1,0.551,0.824,-0.18826
1,1,0.0,1,0.07380,1.261,0.051,0.918,-0.065,1.472,0.076,1,0.111,1,0.145,0.651,0.098,0.665,0.10561,1,0.293,1,0.344,1,0.608,1,0.22,0.657,0.36743,0.95603,0.48641,1,0.378,0.818,0.301
0,1,0,0.416,-0.93996,1.032,0.373,-0.048,-0.515,1,-0.848,0.47,-1,0.0,0,-1.456,-0.34265,-0.406,0.02,1,-0.703,0,0.0,0,0.0,-0.16253,0.695,0.359,0.26501,0,0.0,0.95,0.23188,0.0,0.0
1,1,0,0.99645,0.05,1.399,-0.01236,0.97811,0.02498,1.291,0.02312,1.166,0.087,0.968,0.10346,0.526,0.05269,0.487,0.149,0.459,0.118,0.81633,0.111,1.174,0.107,0.81329,0.188,0.82,0.164,0.816,0.15379,0.656,0.184,0.70941,0.12015
0,0.0,0.0,0.0,0.0,-1.139,-1,0.614,0.637,-0.591,1.205,-1,1,1.338,-1,0.895,1,-1,-1.024,-1,1,1.135,-1,-0.779,1,-1.167,1,1,-1.182,-1,0.762,-1.219,-1,0.698,-1.368
1,1,0,0.807,0.02528,0.663,0.049,0.764,0.266,0.051,0.213,0.63621,0.177,0.62099,0.192,0.418,0.10976,0.495,0.137,0.11,0.324,0.53888,0.232,0.51420,0.22625,0.48838,0.23724,0.469,0.27,0.309,0.25306,0.40663,0.279,1.388,0.33036
0,0.0,0.0,1,-1.096,0.0,0.0,0,0,1,0.532,1,-0.53,-0.71875,1,0.0,0,-0.577,1,0.915,0.587,-0.865,1,0.8,0.56250,-0.926,1.301,1.079,1.462,1.062,-0.907,1,1,1,1.152
1,0.978,0,0.598,-0.00612,0.83,-0.13,1.21,-0.07649,0.807,-0.157,1,-0.11073,0.842,-0.327,1,-0.15616,1.062,-0.27,0.895,-0.261,1.22,-0.483,1.26,-0.339,0.81874,-0.448,0.82681,-0.243,0.75784,-0.38231,0.836,-0.40575,0.74354,-0.45039
0,0,0.0,1.435,0.956,0.0,0.0,0.0,0,-1.294,-1.465,0.0,0,0,0,-1,-1.291,-1.151,-1.28,-1,1,-0.743,1.162,0,0,0,0,0.865,-1.319,-1,0.633,-1,0.954,-1.348,0.916
1,1,0.0,0.652,0.07088,1,0.04296,1,0.09313,0.897,-0.048,1.082,0.02580,0.538,-0.086,1.138,0.064,0.833,0.00280,0.75206,-0.05295,0.49,-0.07905,0.767,-0.05929,0.766,-0.058,0.58051,-0.017,0.49664,-0.012,0.523,-0.0,0.622,-0.002
0,0.0,0,-1,0.928,0.0,0,0,0.0,-1,1,1.187,1,0,0.0,0.0,0,1,-0.762,-0.561,1,1.186,1.005,0.0,0.0,-1,-1.316,1.262,-1.205,1,1.136,-1.411,1.034,0.0,0
1,1.038,0.0,0.828,-0.06,1,0.02942,0.912,-0.027,1,-0.021,1.405,-0.148,0.84493,-0.05202,0.93392,-0.06598,0.41,-0.07379,0.982,-0.20367,0.798,-0.176,0.80852,-0.31654,0.747,-0.34838,0.72529,-0.19,0.775,-0.333,0.54356,-0.344,0.802,-0.481
0,1,0.0,0.992,0.57820,1,-1,1,-0.964,1.475,-0.579,1.481,-1.453,1.114,-1.472,1.478,-1.313,1,-1.179,0.85,-1.098,1,-0.62796,1,-1,1,-1.215,0.765,-1,0.523,-1.002,1.41,-0.707,1,-1
1,1,0.0,0.797,-0.091,1,-0.17263,0.86635,-1.103,0.829,0.61053,0.95473,-0.44,1.232,-0.307,0.87937,-0.315,0.81051,-0.932,0.12245,-0.697,1.107,0.11053,0.62357,-0.78547,0.357,-0.82868,0.33,-0.661,0.286,-1.298,0.243,-1.32,-0.134,-1
0,0,0,-1,-0.819,0,0.0,-1.012,0.535,1,-0.542,0.0,0.0,0,0,0,0,0.774,-1,-1.359,-1.092,1.437,-1.218,0,0,0.841,-1.385,-0.575,1.038,-0.763,-0.612,0,0,-0.544,1.411
1,1,0.0,0.604,0.11,0.556,0.17387,0.771,-0.13308,0.87,0.64,1,0.47904,1,0.495,1,1.053,0.718,0.982,0.716,0.742,1,1.148,0.98042,1.05,0.91624,1,0.83899,1,0.471,0.859,0.477,0.858,0.349,1
0,0.0,0.0,-0.933,-1,1.002,1.152,1.35,-0.616,-0.834,1,0.607,-1.219,-0.938,-1,0.0,0,1,1,-1.449,-0.861,1.299,-1,1.316,-0.601,1,0.842,1,-1,1,-1,-0.799,1,1,-1.448
1,1,0,1.15,-0.182,1.163,-0.195,1,-0.23656,1,-0.104,1,-0.188,0.79,-0.237,1.006,-0.21975,1.01,-0.38606,0.606,-0.67,0.758,-0.35519,0.834,-0.59661,1,-0.47643,1.049,-0.499,1.074,-0.597,1,-1.094,1,-0.674
0,1,0.0,0.582,-1.004,0.79,0.592,1,-1,0.874,-1,0.871,-0.604,0.596,-0.01840,0.794,-1,1,0.678,0.893,-0.85583,0.776,1,1,-1,0.0,0.0,1.069,1,0.82,-0.79141,1.072,1,0.878,0.814
1,1,0.0,0.88208,-0.164,0.93408,-0.088,0.92100,-0.177,0.75,-0.17036,1.256,-0.31809,0.85269,-0.302,0.82116,-0.232,1.017,-0.385,0.593,-0.455,0.70555,-0.536,0.445,-0.348,0.61297,-0.48086,0.82,-0.481,0.597,-0.59854,0.638,-0.57377,0.602,-0.58086
0,1.47,0.0,1.01,-0.025,0.41287,-0.23067,0.98019,-0.127,0.99709,-0.058,0.823,-0.10951,0.58965,1,0.959,-1,0.452,-0.194,0.80760,-0.176,-0.25914,0.537,0.27,0.077,0.497,-0.20392,0.592,-0.41307,0.955,-0.211,1.163,-0.533,-0.23186,-1
1,1.203,0.0,0.797,-0.219,0.72314,0.345,0.661,-0.58388,1.381,-0.212,1.44,-0.646,1.106,-0.12527,0.915,0.14638,1,0.579,0.72,0.26590,0.96354,-0.015,0.92599,-0.91338,1,0.098,0.826,-0.118,1,-0.086,1,0.361,1,-0.57758
0,0.805,0,0.66161,-0.966,1,1,1,-0.58,0.561,-0.607,0.947,-1,1,-0.89375,1,0.398,0.173,0.526,0.77,0.449,1.337,1.026,1,-1.001,1,0.85357,0.668,-0.08571,1.38,-0.301,1.359,0.875,0.629,0.34732
1,0.596,0,1,0.002,1.138,-0.01209,1,-0.043,1.023,-0.097,0.612,-0.06256,0.747,-0.095,0.97261,-0.07917,0.531,-0.13665,1.304,-0.097,0.577,-0.14248,0.94815,-0.13565,0.89469,-0.191,0.89067,-0.166,0.448,-0.256,0.83777,-0.178,0.496,-0.267
0,0,0.0,1.259,1,0.878,-1.035,0.0,0,0.0,0.0,-1,-1,0.0,0.0,0.0,0,-0.795,1,1.479,1,-1,0.798,-1,0.522,0.85,-0.739,1,1.389,-1,0.692,1.425,1,0.0,0
1,1.237,0,0.91241,0.038,0.94191,0.016,0.94705,0.062,0.78,0.01321,0.579,0.062,0.92766,0.094,1.258,0.06211,0.881,0.12722,0.735,0.14439,0.469,0.11849,0.719,0.14222,0.536,0.11299,0.464,0.18,0.966,0.145,0.849,0.10754,0.83,0.11447
0,1.418,0.0,0.808,0.019,0.99672,0.04861,0.97545,0.076,0.61745,-1,0.91036,0.11,0.571,0.361,0.82077,0.158,0.76929,0.205,1,0.41003,0.65850,0.086,0.836,0.234,0.404,0.115,0.48867,0.097,0.43481,0.152,0.38352,0.197,0.649,1.39
1,1.37,0.0,1.444,0.084,1.015,0.253,1,0.228,0.93051,0.32213,0.91,0.39039,0.75474,0.617,0.79555,0.431,0.65954,0.522,0.57619,0.344,0.71,0.67135,0.583,0.751,0.34384,0.72082,0.139,0.789,0.114,0.685,0.11372,0.449,0.06990,0.71444
0,1,0.0,-0.832,-1,1,1,0.786,-0.119,0,0.0,-1,1,1.349,0.952,0.17917,-1.412,-0.743,-0.521,0.118,-0.58,0.586,-1.456,-1,1.294,-1,-1,1.289,-1,-0.69,-1.29,1,0.969,0,0.0
1,1,0,1.077,0.086,0.673,0.16888,1,0.217,0.369,0.721,0.413,0.503,0.094,0.452,0.57620,0.392,0.51067,0.49618,0.31639,0.074,0.37824,0.648,0.31274,0.656,0.168,0.56527,0.165,0.603,0.115,0.56101,0.06927,0.55061,0.154,0.458
0,1,0.0,-0.805,-0.809,1.28,0.82857,0.819,-0.653,1,-0.143,1.153,0.528,0.7,-0.37679,0.977,-1,1.48,0.13839,1.073,-1.064,1,-0.042,-0.84286,1,0.53750,1.272,1.043,1,0.925,-1,1,-1,1.276,-0.68
1,1,0.0,0.99025,-0.08,0.99793,-0.13009,0.813,-0.193,0.99374,-0.358,0.632,-0.30130,0.92651,-0.484,0.639,-0.43796,0.84922,-0.324,1.243,-0.57075,0.79016,-0.59839,0.993,-0.328,0.425,-0.858,0.818,-0.73174,0.679,-1.078,0.581,-0.80278,0.569,-1.186
0,0,0,0.0,0,0.0,0,0.0,0.0,1,0.643,1.165,1.142,0.0,0.0,0,0.0,-0.456,-0.645,-1.08,-1,0,0,0.0,0.0,-0.651,-1,-1,-0.563,-0.862,1,0.712,0.0,0,0
1,0.753,0.0,1.077,-0.03730,0.553,-0.109,0.99601,-0.11039,1.27,-0.09931,0.98941,-0.13814,0.96674,-0.184,0.86,-0.238,0.6,-0.281,0.683,-0.32152,0.89991,-0.258,0.753,-0.37643,1.087,-0.302,0.429,-0.54,0.81433,-0.283,0.77919,-0.47977,0.808,-0.50152
0,1,0.0,1.377,-0.02685,-1.031,0.222,-0.36393,0.411,0.533,-0.63427,1,-0.031,-0.348,-0.00550,-0.54852,0.216,0.91921,-0.477,1,-0.50424,-0.29735,-0.37,-0.73864,0.522,0.83872,-0.522,0.286,-0.781,1.365,-0.841,-0.053,0.286,-0.034,0.41913
1,1,0.0,0.98166,0.005,0.98103,-0.045,0.97565,-0.069,0.95947,-0.044,0.99004,-0.04507,0.94713,-0.149,0.93369,-0.187,0.7,-0.088,1.065,-0.208,0.521,-0.17387,0.883,-0.192,0.88487,-0.153,0.81813,-0.21136,0.966,-0.326,1.079,-0.278,0.74323,-0.271
0,1,0,0,0.0,1.082,0.51724,0.0,0,0.083,-0.579,0.0,0.0,0,0,-1.341,-0.119,-0.659,-0.83297,0.782,0.687,0.0,0.0,0.779,0.254,-0.565,0.44828,1,-1.095,-1,0.81573,0.0,0,0.0,0
1,1.323,0,0.84134,-0.18362,0.464,0.027,0.495,-0.004,0.517,0.13795,0.81121,-0.01789,1.02,0.499,0.793,-0.57486,0.433,-0.29520,0.86676,-0.20104,1.096,1.337,0.606,-0.087,0.824,-0.02778,0.791,-0.01158,0.61582,-0.352,0.84,-0.25706,1.364,-0.011
0,0,0.0,1,1.287,1,-1,0,0.0,0.0,0.0,0.598,0.842,1,0.827,-1,-0.83,1.352,-0.574,-1,1,0,0.0,1,-1.322,1.153,-1,0.807,0.756,-0.847,-0.859,0.0,0,0,0.0
1,1,0.0,1,1.311,1,0.588,0.834,1,-0.348,0.897,-1.218,1.147,-1,1.482,-1.348,0.72526,-1,-0.665,-1,-0.304,-1.387,-1.435,-0.52838,-0.633,0.859,-1.162,1,-1,0.978,-1,1.237,-0.258,1,0.34845
0,1,0.0,-0.67935,-1,-1.28,0.679,1,0.63317,0.03515,-0.943,-1.019,-0.929,1,1.3,0.88683,-0.743,-1,1.294,0.834,1.196,1,-1,-1.466,-0.865,-0.142,1.402,1,-1,-0.647,-0.752,-1.213,1.376,1,0.321
1,1,0.0,0.95659,0.089,0.905,-0.037,0.647,-0.08484,0.96097,-0.06561,0.94717,0.015,1.204,-0.16795,0.94612,-0.265,1.171,-0.302,0.90343,-0.274,0.91428,-0.27316,0.906,-0.339,1.193,-0.40747,1.148,-0.34586,1.001,-0.276,1.184,-0.487,0.82166,-0.398
0,0.879,0.0,0.088,-0.20685,-1,1.034,-1,1.249,0.71875,0.249,-0.82143,-0.408,-1.258,-1.213,-0.863,1,-0.015,0.577,-0.42113,-0.42113,-0.909,-1,-1.186,-0.555,-1.309,0.23810,1.493,-1,-0.828,-0.38914,-1.038,-1.405,-1,0.61458
1,1,0,1.481,-0.016,1,-0.027,1,-0.035,0.841,-0.087,0.964,0.828,1.098,-0.12738,1.244,-0.14522,1,0.32407,1.002,-0.15,0.99484,-0.11,0.95601,-0.20081,1,-0.706,0.796,-0.226,1.205,-0.264,0.78479,-0.299,0.899,-0.22981
0,0.0,0,-1.447,0.966,1,-1,-1.002,1.064,0.0,0.0,1,0.644,-1.41,-0.196,1,1,-1,-0.704,0.797,-1,-0.686,-1,1.226,1.433,1.392,-1,1,1.472,1.114,1,0,0.0,-0.697,-1
1,1,0.0,1.497,0.05812,1.284,0.045,0.535,0.098,1.218,-0.015,0.546,0.097,1.045,0.14644,0.94862,0.086,0.90896,0.169,0.96741,0.16265,0.99695,0.14258,0.90784,0.237,1.373,0.22431,1.311,0.238,0.88568,0.22511,0.426,0.399,1.179,0.31166
0,1,0.0,0.17188,-1,-1.05,0.556,0.0,0.0,0,0.0,-1,1,0.0,0,-0.913,-0.451,0.80521,0.36146,0.51979,0.17,0.0,0.0,-1.315,-0.27083,-0.534,0.751,1,0.718,-0.774,0.522,0,0.0,0.0,0
1,1.316,0.0,0.799,0.087,1,0.114,0.616,0.19,0.592,0.066,0.94930,0.234,0.8,0.328,0.89241,0.309,0.85529,0.26721,0.508,0.48,0.83393,0.31698,0.74829,0.34,0.638,0.34658,0.68452,0.619,0.62764,0.46031,0.56791,0.337,0.453,0.50903
0,1.005,0,0.017,-0.35625,0,0.0,0.0,0.0,0,0.0,0.0,0.0,0.0,0,0.12292,-0.55000,0.22813,0.991,1.444,-0.54,0.0,0.0,0.08333,-1,-0.10625,-0.194,1,-0.76667,-1.378,0.212,0.0,0,0.79,-0.248
1,1,0,0.834,0.146,0.99352,0.097,0.845,0.271,0.91759,0.181,0.91408,0.191,1.032,0.501,0.81011,0.49225,0.78473,0.48311,0.65091,0.611,0.496,0.351,0.55586,0.511,0.422,0.418,0.355,0.69129,0.208,0.604,0.33921,0.518,0.134,0.78685
0,1,0,0.444,0.788,0.135,-1.124,0.968,1,0.772,0.30921,-0.66886,1.143,-0.05921,0.796,0.01754,0.05044,-0.51535,-0.673,0.137,-0.044,0.466,-0.473,-1.444,0.838,0.80921,-1,1,-0.036,1.26,1.004,0.14,-1,0.849,1
1,1,0,1.137,-0.589,0.636,0.76131,0.87060,0.182,0.759,-0.09925,0.93844,0.395,0.928,-0.174,1.146,0.013,0.775,-0.312,0.80025,-0.36,1.189,-0.19095,0.563,-0.12312,0.741,0.103,0.92890,-0.086,1,-0.27387,0.242,0.121,0.51382,-0.05402
0,1,0,0.84783,0.108,1,0.39130,1,-0.797,0.797,0.08424,1.44,0.195,1,0.455,1,0.491,1,0.02672,0.58424,-0.43025,0.521,0.368,1.171,0.367,1.258,-0.225,1.296,0.192,0.47,-0.015,1.417,0.22464,1.338,0.247
1,1,0.0,1,0.28046,0.792,0.024,0.826,0.07764,1,0.042,0.621,0.478,1,0.082,0.668,0.04384,1.152,-0.24598,0.84371,-0.07,1.34,0.061,0.99933,0.27376,1,-0.522,0.965,-0.018,0.471,0.173,1.285,-0.22021,0.619,-0.07329
0,0,0,1,-1,0.573,-0.747,0.625,-0.886,1,-1.288,1.023,0.914,0.523,0.575,1,-1.453,1,0.694,1,1.384,1.464,1,0.862,-1.38,0.805,-1,0.592,-1,1,0.61,0.0,0.0,1,-1
1,0.522,0.0,1.362,0.847,0.459,0.72,0.43019,1,0.143,0.834,-0.43872,1,-0.471,1.14,-1,0.40268,-0.39046,-0.58634,-0.723,-0.374,-1.043,-0.76339,-0.37671,-1.227,0.279,-1,0.41778,-0.93296,0.268,-0.58,0.93570,-0.502,1.429,0.039
0,1,0,1.456,1,1,-0.98,1,-1.158,1,1,0.834,1,1,0.579,1,-0.782,0.691,1.355,0.63,0.946,1,1.272,0.991,0.878,1,1.367,1,0.619,0.0,0.0,0.798,-0.631,0.795,-1
1,1,0.0,0.742,0.03529,0.524,0.148,1,0.26968,1.344,0.176,0.649,0.228,1,0.412,0.646,0.31674,1,0.646,0.934,0.53846,0.884,0.61267,1.39,0.874,1.073,0.969,1.0,0.505,0.85611,0.67149,0.74389,1.19,0.71493,0.75837
0,0.0,0.0,1.233,-1,1.015,0.502,-0.618,-1.444,1,-1.486,0.0,0,0,0.0,-1,1,0.867,-1.35,1,-0.969,-0.75000,1,1.45,-1,0.591,-0.603,0.859,-0.983,-1,-1.219,0,0,1.281,-1
1,1.29,0,0.557,0.084,0.96760,0.19279,0.915,0.227,1.385,0.453,0.544,0.305,0.678,0.52517,0.82820,0.58794,0.73242,0.69065,0.69003,0.73140,0.405,0.529,0.527,0.628,0.40615,1.074,0.23,0.83796,0.322,0.86061,0.188,0.452,0.122,0.86285
0,1,0.0,0.465,0.38889,0.0,0.0,-0.39,0.744,0,0,0,0.0,0.0,0.0,0.20635,-0.24206,0.21032,0.162,0.552,0.709,0.0,0.0,0,0.0,0.73413,0.27381,0.76190,0.672,0.0,0.0,0.0,0.0,0,0
1,1,0.0,0.653,0.05070,0.85,0.10827,1,0.25,1.236,0.174,1,0.34826,1,0.21,0.94575,0.3,1.168,0.50391,0.614,0.482,0.80644,0.638,0.79578,0.931,0.768,0.63942,0.404,0.381,0.335,0.72684,0.49,0.897,0.33381,0.443
0,0.0,0,1,0.977,0,0.0,1,-0.712,1.253,-0.623,1.276,1,1.254,1.156,0.508,-0.824,1,1,1,1.48,1,-1.06,-0.925,-1,1.422,-1.069,1.382,-1,1.073,0.623,0,0.0,1,-1
1,1,0,1.142,0.029,1.48,0.11982,1.215,0.16159,0.991,0.18,0.98703,0.30889,1.321,0.325,0.91118,0.39749,1.193,0.46059,1.125,0.508,0.79400,0.56282,0.54,0.317,0.67077,0.384,0.45,0.343,0.628,0.844,0.498,0.414,0.40442,0.62658
0,0,0.0,1.251,1,1.472,-1,1.075,0.754,1,1,0.818,1.032,0.703,1,1.261,1,1,-0.95,-1.16,1,-1,0.818,-0.657,1,0.856,-0.918,1,1.016,-0.848,1.077,-0.903,-1,-0.665,1
1,1.399,0,1,0.133,1,0.366,1.456,0.72973,0.744,1.396,1,1.371,1,1.175,1.365,0.411,0.549,1.343,1,1.201,0.74468,1.398,0.496,1.117,0.667,1,0.197,1,0.10819,0.935,-0.17370,1,-0.84,1
0,0.0,0,0.779,1,1,-0.743,1.403,0.637,-1.026,0.769,0.0,0,1,0.85,0,0.0,0,0,-1.368,0.614,-1,1.084,0.762,1,0.559,-1,1,1.024,1,1.219,1.135,-1.336,-1.338,1
1,1,0.0,1,-0.06604,1.23,0.639,0.698,0.09557,1,0.159,1.182,-1.457,1,-0.462,1,-0.113,0.895,0.04895,1.46,-0.61538,1.082,-0.26,1,-0.626,1,-0.778,1,-0.81372,1,-1.205,0.761,-0.945,0.786,-0.256
0,0.0,0.0,1,-0.915,0.587,1,1,1,1,0.848,1,1.462,1,-0.53,1.323,-1,1.152,0.926,1.095,-1.301,1.062,1,0.577,0.532,1.089,-0.579,0.995,1,1,-1.417,1,0.865,1,-1
1,1,0,0.92277,0.065,0.92679,0.16251,0.89702,0.141,0.918,0.35197,0.78801,0.34,0.956,0.569,0.566,0.476,0.361,0.64200,0.562,0.836,0.39903,0.575,0.34232,0.517,0.23693,0.691,0.25,0.611,0.112,0.767,0.03,0.77072,-0.04023,0.762
0,1.322,0.0,0.946,-0.233,0.82332,0.21908,0.445,0.32862,0.25795,0.721,1.435,-0.129,0.008,0.584,0.01060,0.229,0.214,0.426,0.10567,0.36353,0.056,0.30745,-0.001,0.24936,-0.02862,0.225,-0.042,0.14481,-0.05,0.10349,-0.053,0.07064,-0.04013,0.068
1,1,0.0,0.563,-0.026,0.65680,-0.067,1.109,0.026,0.822,0.02515,0.759,0.087,0.71598,0.07840,0.552,0.05178,0.927,-0.207,0.65976,-0.021,0.742,0.06953,0.299,-0.19,0.846,0.037,0.61009,-0.085,0.53550,-0.21154,0.529,-0.14053,0.56361,0.02959
0,1,0,0.39179,-0.059,0.635,0.04328,1.194,1.248,0.434,0.193,0.37,0.121,0.555,-0.79,0.559,0.739,0.66791,-0.10448,0.511,-0.17,0.659,0.209,0.83209,0.45522,0.47015,0.16418,0.669,0.176,0.21,-0.02612,0.39118,0.13521,0.391,0.12755
1,1.061,0.0,0.56,0.04528,0.751,-0.10566,1.155,0.03774,0.686,-0.04528,0.64528,0.014,0.66792,-0.123,0.72075,-0.023,0.76981,0.08679,0.534,-0.06,0.425,-0.334,0.413,-0.14717,0.566,-0.08,0.868,-0.069,0.66792,0.02264,1.052,0.05,0.73208,0.00755
0,1.244,0.0,0.72727,-0.05000,1.115,0.032,0.841,0.72727,0.431,-0.059,0.631,-0.204,0.965,0.096,0.336,1,0.635,0.317,0.985,0.10000,1,-0.311,0.516,-1,0.57273,0.189,0.748,0.14673,0.42273,0.08182,0.48927,0.14643,0.765,1
1,1.226,0,0.49,-0.011,0.286,0,0.568,0.134,0.557,-0.05882,0.56471,0.14118,0.687,0.083,0.741,-0.079,0.463,0.01569,0.744,0.0,0.511,0.06667,0.561,0.08235,0.49804,0.005,0.342,0.10039,0.46275,0.08235,0.45098,0.258,0.296,0.17255
0,0.763,0,0.458,0.092,0.35000,0.076,0.344,0.27955,-0.031,0.44318,0.065,0.36194,-0.203,0.454,-0.14,0.148,0.02727,0.606,-0.34773,0.111,-0.107,0.05078,-0.18636,0.278,-0.14003,-0.04802,-0.09971,-0.07114,-1.446,-0.575,-0.036,-0.105,-0.00526,-0.095
1,0.742,0.0,1.269,-0.228,1,0.431,0.834,0.19206,0.85086,0.051,0.90558,-0.04292,1.157,0.193,0.77897,0.25322,0.795,0.862,0.71030,0.39056,0.73176,0.184,1.385,0.22,0.465,0.289,0.69811,0.322,0.80901,0.58584,0.585,0.549,0.52361,0.423
0,1,0.0,0.605,-0.124,-0.31745,-0.80553,-0.054,-0.818,0.673,0.039,0.94,-0.01,-0.18494,0.388,-0.177,-0.635,0.615,-0.165,0.77979,-0.15729,-0.056,0.436,-0.373,0.499,0.78932,-0.03718,0.70882,-0.341,0.653,-0.14109,-0.21354,-0.78170,-0.18494,-0.59867
1,1,0.0,0.70870,-0.266,0.836,0.049,0.541,0.302,0.65217,0.194,0.5,0.31,0.57826,-0.23043,0.505,0.37826,0.38696,-0.52,0.36087,-0.197,0.26957,0.11739,0.773,-0.03845,0.246,-0.142,0.721,-0.04264,0.489,-0.04448,0.554,-0.18,0.695,0.17
0,1,0.0,-0.581,0.087,-0.33746,0.73375,0.315,-0.13932,0.247,-0.06811,0.209,-0.15170,0.385,0.078,0.566,-0.093,0.16409,0.45201,0.256,0.03406,0.50464,0.091,-0.509,-0.514,1.224,0.595,0.369,-0.40116,-0.15170,0.066,0.012,0.55820,0.432,-0.08978
1,1,0.0,0.396,0.115,0.485,0.16808,0.582,-0.005,0.663,0.28,0.52462,-0.16638,0.542,-0.032,0.441,0.037,0.484,-0.22411,0.373,-0.04244,0.34975,0.06621,0.28183,-0.202,0.36,-0.03176,0.339,-0.03351,0.302,0.106,0.70798,-0.01868,0.564,-0.03226
0,1.146,0.0,0.858,0.16851,0.0,0.0,0.56541,0.06874,0.313,1,0.38359,0.548,-0.016,0.756,0.355,0.079,-0.022,0.95122,-0.387,1.226,-0.081,0.38803,-0.42572,0.336,-0.806,0.80710,-0.34146,0.88248,-1.19,0.582,-1,0.12860,0,0.0
1,1,0.0,0.677,0.132,0.79299,0.217,0.72990,0.50515,0.38,0.946,0.611,0.782,0.165,1.052,0.06438,0.612,-0.12611,0.87396,-0.293,0.79617,-0.308,0.65924,-0.57135,0.641,-0.912,0.566,-0.448,0.146,-0.377,0.11218,-0.988,-0.05525,-0.67699,-0.19904
1,1.44,0,1.404,0.19049,0.82683,0.46259,0.71771,0.556,0.302,1.13,0.31409,0.92643,0.10289,0.93945,-0.105,0.84290,-0.264,0.91624,-0.65,1.081,-0.913,0.478,-0.77408,0.336,-0.839,0.144,-1.002,-0.02,-0.447,-0.149,-0.93,-0.495,-0.59943,-0.49700
0,1,0,-0.747,-0.929,0,0.0,0.704,-0.78502,0.60586,0.273,-0.886,-0.606,0.0,0.0,0.0,0.0,1,-0.206,0.36482,-0.63518,0.508,-1,-0.575,-1.38,1,-0.59609,-0.592,-0.694,-0.862,-1.023,0.741,-1,0,0
1,0.914,0,0.499,0.037,0.79074,0.02543,0.41,0.03793,0.66230,0.138,0.67801,0.272,0.475,0.07348,0.74695,0.08442,0.962,-0.116,0.724,0,0.875,0.11355,0.858,0.174,0.388,0.16,0.363,0.13608,0.391,0.182,0.59759,0.209,0.57455,0.22
0,1,0.0,1,-0.782,0.0,0.0,1.056,-0.99265,0.56,0.55147,-0.627,-0.929,0.0,0.0,0,0,0.72059,-0.77206,1.021,-0.60294,0.0,0,0.18382,-1.367,-0.798,-1,-0.991,-1.272,1,-0.691,0.795,-1.446,0.0,0
1,1,0.0,1,0.012,0.558,-0.042,1,-0.03436,1,-0.033,0.99026,-0.07092,0.877,-0.058,1.471,-0.099,0.934,-0.14257,1.216,-0.11813,1,-0.125,0.791,-0.19272,1.146,-0.156,1.028,-0.242,1.057,-0.09,0.96436,-0.22561,1.209,-0.23296
0,0,0.0,0.0,0.0,0.0,0,0.0,0,0,0,0.0,0.0,0.0,0.0,0,0.0,0,0,0.0,0.0,0.0,0.0,0,0,0.0,0,1,-0.591,0.0,0,0.0,0.0,0.0,0
1,1,0,1.238,-0.12095,0.63318,-0.1,0.559,-0.1,0.8,0.08460,1.004,-0.016,0.83543,-0.319,0.859,-0.207,0.517,-0.274,0.956,-0.21018,1,-0.372,0.93126,-0.272,0.502,-0.19233,0.88793,-0.261,0.605,-0.147,1.258,-0.31857,0.69531,-0.41573
0,1.456,0.0,0.28409,-0.303,0,0,0.392,-1.057,0.205,0.95833,0.64394,0.087,0.414,-0.575,0.0,0,0.576,-0.319,0.45076,-0.80682,0.0,0.0,0.0,0.0,0.202,0.19,1,-0.23864,0.06061,-0.621,0.16288,-0.70076,0.0,0
1,1,0.0,0.94490,-0.675,1.153,-0.022,1.262,-0.568,0.816,0.548,1.175,-0.055,1,-0.154,0.676,-0.092,0.85,-0.17681,1.28,-0.20491,1,-0.23452,1,-0.26571,1,-0.29852,1,-0.233,1.31,-0.203,1.484,-0.433,1,-0.44739
0,1,0,0.0,0.0,0,0,0.0,0.0,0.0,0,0.62195,1,0.0,0.0,0.0,0.0,0.338,-0.763,0.56098,-1.329,0.0,0,0.0,0,0,0.0,0.623,0.075,0.0,0.0,0,0,0.0,0
1,1,0,0.99449,0.008,0.84082,-0.165,0.88237,-0.228,0.637,-0.054,1.172,-0.107,0.531,0.016,0.87161,-0.117,0.93881,-0.151,0.75,-0.089,0.89876,0.001,1.003,-0.084,0.607,-0.19872,0.87579,-0.09,0.608,-0.127,0.80253,-0.25741,0.76586,-0.27794
0,1,0.0,0.111,0.10811,0.0,0.0,0.0,0,0.54730,0.851,0.234,0.703,0,0,0.0,0.0,0.4,-1,0.33108,-1.48,0.0,0.0,0.0,0.0,-0.28,-1,1,-0.818,0.55405,-0.217,0.0,0,0,0
1,0.553,0.0,1.031,-0.57224,0.99150,-0.378,0.674,-1.336,1,-0.501,1,-0.273,0.62890,-1.206,1,-0.838,1,-0.79603,0.718,-1.195,1.209,-1,0.387,-0.641,0.61946,-0.859,0.646,-0.77986,0.603,-1,1.365,-1,0.275,-0.76112
0,1,0.0,0.65909,-0.62879,0.0,0,0.0,0,0.574,1.399,1,-0.318,0,0.0,0.0,0.0,0.757,-0.22727,1.124,-1,0.85,-1,0,0,0.0,0.0,1.024,-0.716,-0.181,-0.93182,0.0,0,0.0,0.0
1,1,0.0,0.656,0.19310,0.80920,0.506,0.67203,0.389,0.429,0.757,0.535,0.964,0.19617,1.031,-0.04061,1.039,-0.201,0.75785,-0.243,0.65747,-0.377,0.56092,-0.60230,0.40996,-0.794,0.293,-0.63038,0.056,-0.57241,-0.114,-0.491,-0.204,-0.334,-0.31954
0,1.388,0.0,0.42000,-0.382,0.0,0.0,0.587,-1,0.90000,1,0.457,0.627,0,0,0.0,0.0,0.872,-0.167,0.84000,-0.579,0.0,0,0,0.0,0.307,0.68000,0.753,0.22000,0.0,0,0.0,0.0,0,0
1,1.096,0,0.756,0.23395,0.785,0.42,0.944,0.72144,0.47660,0.78,0.221,0.91730,0.122,0.967,-0.21980,0.91404,-0.313,0.434,-0.56,0.535,-0.558,0.44614,-0.613,0.265,-0.816,0.03591,-0.71731,-0.129,-0.64962,-0.28183,-0.682,-0.44505,-0.506,-0.53319
0,0.723,0.0,1.338,0.906,-0.714,1.435,-0.41,0.469,0.05405,0.175,-0.246,-0.087,-0.03158,-0.116,0.014,-0.039,0.007,-0.00537,0.005,0.001,0.001,0.00075,-0.00003,0.00019,-0.00003,0.00002,-0.00001,0,0,0.0,0,0.0,0,0
1,0.956,0.0,0.295,-0.09524,0.393,0.073,0.19048,0.182,0.23810,0.09524,0.40476,0.02381,0.30952,-0.04762,0.283,-0.061,0.28571,-0.142,0.332,0.055,0.288,0.0,0.21429,-0.11905,0.35714,-0.035,0.191,-0.021,0.19048,0.0,0.236,-0.02034,0.19,-0.014
0,1.466,0.0,0.943,-0.095,1,0.04918,0.629,-0.023,0.493,0.01639,0.791,-0.03279,0.72131,0.0,0.68852,-0.196,0.19672,-0.179,0.65558,-0.241,0.5,0.022,1.005,-0.29508,0.301,-0.391,0.52385,-0.257,0.32787,-0.032,0.27869,-0.44262,0.49180,-0.071
1,1,0,0.98182,0.0,0.88627,0.037,0.778,0.04,0.80000,0.0,0.365,0.04545,0.79343,0.105,0.432,0.09579,0.62727,0.25455,0.454,0.153,1.055,0.15,0.709,0.132,0.74545,0.22727,0.787,0.157,0.798,0.038,0.339,0.16465,0.798,0.17077
0,1,0.0,0.39286,0.52381,-1.035,0.138,-0.138,-0.792,0.833,0.01190,0.475,0.40476,-0.88,0.265,-0.369,-0.772,0.46429,0.101,0.324,0.086,-0.51830,0.44961,-0.47651,-0.47594,0.32143,0.59,0.51971,0.458,0.521,0.489,-0.691,-0.288,0.25441,-0.55837
1,1,0.0,1.167,-0.06,1,-0.016,1.114,-0.06889,0.62,0.00222,1.238,-0.06444,1.098,-0.089,1.41,-0.20000,0.693,0.041,0.88000,-0.038,1,-0.11526,1.478,-0.187,1.222,0.052,0.523,-0.14162,0.848,-0.14667,1,-0.15609,0.704,-0.44222
0,1,0.0,0.531,-0.111,0.58182,-0.078,0.18182,-0.67273,0.188,-0.03636,0.29091,-0.033,0.305,0.405,0.36364,-0.319,0.193,-0.014,0.249,0.05455,0.191,0.662,0.456,0.16364,0.32727,0.16364,0.589,-0.07027,0.368,-0.05455,0.184,-0.545,0.411,-0.29091
1,1.385,0.0,1,-0.92453,0.771,1.085,0.49057,-0.046,0.62264,0.0,1.092,-0.001,0.45283,0.042,0.63,-0.05660,1.172,-0.001,0.409,0.0,0.52830,0.046,0.548,-0.00112,0.78,0.666,0.92192,-0.002,0.94340,-1,1,0.43396,0.43396,-0.071
0,1.315,0,0.775,0.83333,-0.545,-0.23810,0.364,-0.14286,0.45238,-0.14286,-0.977,0.079,0.33333,0.0,0.28571,-0.06,-0.283,0.673,0.23810,0.02381,0.45238,0.04762,0.16667,-0.244,-0.492,-0.088,0.209,-0.452,0.842,0.0,-0.9,-0.055,0.174,0.02381
1,1,0,0.43750,0.048,0.845,-0.135,0.39583,0.0,0.33333,-0.06250,0.47917,0.0,0.274,0.144,0.623,0.022,0.634,-0.267,0.35417,-0.22917,0.33333,0.08333,0.281,0.113,0.474,-0.229,0.44012,-0.145,0.253,-0.08333,0.502,-0.235,0.33333,-0.045
0,1,0,1,0.907,0.0,0.0,0.0,0.0,0.0,0.0,0.398,-0.897,-0.518,0.345,-0.95489,0.415,0.64662,1,0,0.0,0,0,0.542,0.104,-1.224,-0.604,1,-1.277,1,1,0,0.0,0.0,0
1,1,0.0,0.564,0.051,0.93614,0.125,0.719,0.205,0.758,-0.435,0.97,0.61320,0.77937,0.34328,0.574,0.37988,0.887,0.277,0.95472,0.59862,0.569,0.306,0.526,0.509,0.391,0.44199,0.34374,0.367,0.712,1,0.23405,0.39620,0.164,0.37191
0,1,0.0,0.402,0.246,0.82809,1.141,0.577,0.694,0.667,-0.10984,1.431,0.07,0.619,-0.85727,0.91962,0.88444,0.95452,-0.05206,1.28,0.18135,0.78,-0.877,0.713,-0.85755,0.386,-0.30063,1,0.203,0.853,0.485,0.87757,1.156,1.164,0.68822
1,1,0.0,0.95882,0.103,1,-0.01918,0.665,0.03,0.533,-0.049,0.98955,-0.02716,0.97980,-0.019,0.72,-0.074,0.563,-0.05179,0.93840,0.01,0.644,-0.09284,1.062,-0.05318,0.882,-0.203,0.95677,-0.105,1.217,0.015,1,-0.153,0.93144,-0.04
0,1,0.0,0.0,0.0,-0.443,1.256,0,0.0,0.68869,-1,0.92,0.378,-0.141,-0.372,-0.30241,0.519,1.299,0.16391,0,0.0,0,0,-0.249,-1,0,0,0.983,-0.826,0,0,0.043,0.891,0.0,0.0
1,1,0,0.96933,0.00876,1,0.00843,0.685,-0.007,0.754,-0.017,1.285,-0.03510,1,-0.009,0.506,-0.02581,0.741,-0.01175,0.849,0.0,1,-0.035,1.437,-0.027,0.55,-0.038,1.014,-0.048,1.297,-0.037,0.805,-0.03855,0.98420,-0.04112
0,1,0.0,0,0,1.024,-0.22703,0.277,-0.068,0.0,0.0,0.93243,0.067,0.929,-0.252,1,0.102,1,-0.11351,0.0,0,1.384,-0.132,0.674,-0.593,0,0,1,-0.092,0,0.0,0.565,-0.25946,0.214,-0.091
1,1,0.0,0.933,0.01403,0.272,-0.019,0.523,0.024,0.19512,0.104,0.3,0.066,0.21951,0.04878,0.184,0,0.32,0,0.31707,0.109,0.224,0.12195,0.23698,0.05813,0.317,0.096,0.286,0.077,0.17410,0.05504,0.203,0.0,0.15,0.07317
0,1,0,1,1,1.39,-1,0.0,0,0.0,0.0,1.471,1.272,1.197,-0.707,1.367,1,1,-1.355,0.0,0.0,0,0.0,0.884,-0.175,0.0,0.0,0.674,-1,1,1,1,-1.118,0.0,0
1,1,0.0,0.428,0.217,0.462,0.194,0.401,0.261,0.46939,0.667,0.30612,0.59184,0.12245,0.534,0.0,0.51020,-0.049,0.55102,-0.20408,0.744,-0.3,0.44898,-0.405,0.473,-0.747,0.22449,-0.626,0.14895,-0.439,0.18367,-0.34694,0.0,-0.172,-0.24490
0,1.289,0,0.0,0,1,-1.438,0.0,0,0,0.0,1.091,1,1.29,-0.15,1.091,0.144,0.786,-1,0.0,0.0,0,0,1,1,0.0,0.0,0.521,-0.66,0.0,0,0.502,-0.827,0,0
1,1,0,0.89706,0.455,0.529,0.506,0.999,0.67647,0.664,0.77941,0.226,0.88971,-0.021,1.102,-0.121,0.82353,-0.475,0.644,-0.647,0.47794,-0.73529,0.407,-0.669,0.068,-0.503,-0.104,-0.67925,-0.255,-0.55147,-0.42647,-0.44118,-0.377,-0.28676,-0.502
0,1,0.0,-1,0.28105,0.22222,0.16,-0.435,-0.70984,-0.208,0.499,-0.85,0.653,-0.796,0.399,-1.173,-0.02614,-1.284,-1.137,-0.545,-0.54248,-0.027,-0.472,0.516,-0.94118,-0.819,-0.456,0.74385,0.09176,-1,0.05229,0.18301,0.014,-0.245,-0.48241
1,1.276,0.0,0.216,-0.116,0.53333,0.0,0.33333,-0.154,0.36667,0.108,0.56667,0.01667,0.798,0.069,0.70000,-0.065,0.683,0.215,0.41667,-0.011,0.31667,0.20000,0.876,0.0,0.261,0.13333,0.639,0.034,0.40000,0.03333,0.62,0.049,0.41667,-0.05000
0,1.254,0,-0.15,0.569,-0.27303,0.121,-0.17778,-0.056,0.047,-0.06879,0.04461,0.017,-0.013,0.02726,-0.01,-0.00166,-0.00093,-0.004,0.005,-0.001,0.002,0.003,-0.002,0.00102,-0.0,-0.00050,0.00019,-0.00043,0.0,0.00005,0.0,0.00015,-0.0,0.0
1,1,0.0,0.918,-0.37838,0.426,0.29730,0.559,-0.24324,0.86486,0.143,1,-0.341,0.51351,0.0,0.62162,-0.055,0.349,-0.21622,0.588,-0.205,0.527,0.08,1.12,0.088,0.378,-0.29730,0.434,-0.258,0.58478,-0.153,0.72973,-0.59459,0.747,-0.24324
0,1,0.0,0.94531,-0.033,-1,-0.33203,-1.251,-0.016,0.538,0.01172,0.93359,-0.02,-1,0.239,-0.818,-0.004,0.526,-0.03,0.92188,-0.02734,-0.99219,0.082,-0.703,0.477,0.95703,-0.005,0.78,0.13758,1.232,-0.049,-1,-0.18750,-0.515,-0.437
1,1,0.0,0.732,0.02254,0.93757,-0.014,0.713,0.01214,0.96705,-0.01734,1.139,0.00520,1.342,-0.035,1.275,-0.005,0.99480,-0.027,0.99769,0.025,0.93584,-0.037,0.93815,-0.013,0.542,-0.04451,0.96215,-0.022,1.088,0.016,1.282,-0.018,0.981,0.00809
0,1,0,1,-0.076,1.205,-1.082,0.318,-0.087,0.36111,-0.22222,1.167,-0.264,0.205,-0.078,1.182,-0.417,1.46,-0.38853,0.895,-0.42862,0,-0.285,1.457,-0.309,1,-0.27778,1.219,-0.57092,0.783,-0.282,1,-0.63156,1,-0.39
1,1,0,0.44,-0.10345,0.264,-0.10345,0.287,-0.037,0.073,-0.073,0.026,-0.023,0.01,-0.02383,0.00741,-0.013,0.003,-0.00893,0.00078,-0.007,-0.0,-0.002,-0.0,-0.001,-0.0,-0.00090,-0.0,-0.00048,-0.0,-0.00024,-0.00012,-0.00012,-0.00008,-0.0
0,1,0.0,0.62745,-0.07843,0.72549,0.0,0.60784,-0.073,0.677,-0.089,0.68627,-0.095,0.901,-0.13725,0.587,-0.09804,0.54902,-0.129,0.439,-0.261,0.58824,-0.226,0.355,-0.135,0.39,-0.25490,0.278,-0.24668,0.732,-0.269,0.43137,-0.197,0.47059,-0.299
1,1,0,0.359,0.106,0.387,0.276,0.25,0.234,0.07766,0.19939,0.01070,0.166,-0.017,0.086,-0.022,0.06317,-0.05,0.03458,-0.03230,0.01532,-0.02474,0.005,-0.01726,-0.002,-0.011,-0.006,-0.008,-0.00586,-0.002,-0.003,-0.001,-0.00408,0.0,-0.00291
0,1,0.0,-0.84,0.135,0.06250,0.0,0,0.06250,0.561,0.06250,0.18750,0.0,-0.042,0.09375,0.072,0.0,0.15625,-0.116,0.43750,-0.37500,0.0,-0.124,0.0,0,0.043,-0.553,0.03125,0.0,-0.93,0.039,-0.043,0.0,0,0.09375
1,1,0.0,0.679,-0.01,1,-0.02703,1.402,-0.06486,0.95135,-0.016,1.2,-0.024,0.747,0.08649,0.995,-0.071,0.95135,0.09189,1.111,-0.006,1,0.042,1.466,0.028,0.727,0.09189,0.98556,0.01251,0.928,-0.03243,1.196,0.028,1.262,-0.07027
0,0.902,0.0,0.832,0.064,1.411,0.075,1,0.561,1.286,-0.00775,0.841,0.037,1,0.331,1,1,0.842,0.035,0.90698,0.11628,1.357,0.50670,0.879,-1.186,1.061,0.046,1,0.71613,1.018,0.046,1,0.87317,1,1
1,1.453,0.0,0.90374,-0.01604,0.912,0.1,1,0.013,0.93048,0.006,0.523,-0.008,1,0.0,0.863,0.084,1.244,0.04813,0.91444,0.04278,1.218,0.018,0.98930,-0.01604,0.999,0.032,1.43,0.04452,1.064,0.011,1,0.053,0.97861,0.06417
0,1,0.0,-0.132,0.416,0.23000,0.10000,0.216,0.224,0.455,0.35000,0.289,-0.34617,0.136,0.407,-0.09500,0.202,-0.08750,0.309,-0.291,0.31408,-0.71,-0.08000,0.157,0.37,-0.598,-0.24000,0.32190,-0.28475,-0.466,0.18500,-0.298,-0.379,0.405,0.03050
1,0.704,0,0.60000,0.03333,0.949,0.1,0.975,0.06667,0.733,0,0.63333,0.0,0.80000,0.0,0.541,0.0,0.944,0.087,0.895,0.10000,0.399,-0.023,0.76667,0,0.635,0.163,0.637,0.10168,0.847,0.13333,0.60000,0.177,0.339,0.16667
0,1,0.0,0.05866,-0.009,0.037,0.00838,0,-0.009,0.00559,-0.048,0.01,-0.112,-0.00559,0.045,0.087,-0.03352,0.0,0.09497,-0.067,0.07542,-0.036,0.02514,0.033,-0.006,0.007,0.004,0.10335,-0.00838,0.025,-0.004,0.061,0.0,0.04749,-0.03352
1,1,0,0.702,0.28713,0.792,0.67248,0.47564,0.82455,0.011,0.747,-0.214,0.675,-0.47644,0.432,-0.75881,0.37,-0.698,0.07208,-0.468,-0.19525,-0.781,-0.579,-0.30851,-0.55089,-0.06,-0.643,0.097,-0.376,0.264,-0.41901,0.284,-0.259,0.433,-0.05980
0,1,0.0,0.059,0.01437,-0.02586,0.04598,0.019,0.04598,-0.07759,0.01,0.01724,-0.04,-0.038,0.036,-0.05,-0.067,-0.123,0.096,-0.04023,0.075,0.014,0.02299,-0.046,-0.015,0.035,-0.012,0.008,0.01724,0.022,0.01149,0.02586,0.011,-0.04598,-0.00575
1,0.582,0.0,0.72414,-0.01084,0.79704,0.009,0.80000,0.002,0.908,0.016,0.594,-0.00985,0.695,0.03251,0.857,0.01675,0.485,-0.008,1.09,-0.02956,0.93,0.026,0.563,0.07,0.72611,-0.01478,0.78041,0.004,0.603,-0.05025,0.82956,0.023,0.919,0.00788
0,0.604,0.0,0.03,0.029,0.00428,0,0.012,-0.018,0.02140,-0.04993,-0.052,-0.01,0.01427,-0.02,0,-0.029,-0.04708,-0.015,-0.012,0.03566,0.023,0.00428,0.05136,-0.019,0.05136,0.01854,0.031,0.016,0.01997,0.006,-0.034,-0.02,-0.011,0.01997
1,1,0.0,0.668,0.147,0.42328,0.33598,0.25661,0.47619,0.025,0.623,-0.02116,0.53968,-0.34127,0.262,-0.469,0.462,-0.347,0.052,-0.44,-0.11640,-0.14815,-0.21,-0.176,-0.38095,-0.23280,0.003,0.03574,-0.311,0.11,-0.21693,0.279,-0.149,0.256,0.06
0,1.191,0.0,0.128,0.01,0.13959,-0.04119,0.055,-0.107,0.12586,-0.06178,0.154,-0.007,0.12357,0.07780,0.168,-0.13501,0.29062,-0.04805,0.183,0.098,0.068,0,0.11213,-0.003,0.094,-0.139,0.067,0.008,0.11213,-0.055,0.054,-0.07323,0.11670,-0.074
1,1,0,1.358,0.261,0.371,0.485,0.21572,0.558,-0.55941,0.809,-0.73675,0.347,-0.915,0,-0.824,-0.429,-0.38391,-0.62157,-0.12797,-0.69287,0.734,-0.878,0.716,-0.453,0.726,-0.043,0.60098,0.293,0.363,0.60512,0.02742,0.54479,-0.298,0.406
0,0.747,0.0,0.026,0.00705,0.022,-0.006,0.02116,0.007,0.01128,0.04372,0.00282,0.002,0.015,-0.03103,-0.025,0.06065,-0.023,0.02680,-0.033,-0.004,0.04372,-0.02539,0.026,0.0,0.0,-0.01269,0.01834,-0.01128,0.00564,-0.013,-0.012,-0.018,0.004,0.0
1,0.565,0.0,1.187,0.001,0.429,-0.058,0.77521,-0.028,0.502,0.08,0.86258,0.06,0.805,-0.085,0.986,0.03510,0.618,-0.06796,0.951,-0.208,0.88125,0.01195,0.90515,0.02240,0.996,-0.018,0.82383,-0.03678,0.88125,-0.06423,0.429,-0.01942,0.79089,-0.054
0,1,0.0,1,-0.878,0.85,1,-1.035,1,1,-1,1,-1.479,-0.795,-1,-0.522,1,1.039,1,0.782,0.98,-0.991,1,0.692,-1.446,1.389,-1.362,0.798,1,0.874,1.495,-1,1.425,-0.878,1
1,1,0.0,0.85209,0.276,0.363,1.124,0.106,0.98903,-0.269,0.88744,-0.969,0.49980,-0.93092,0.10768,-0.716,-0.424,-0.467,-0.382,-0.182,-0.58,0.251,-1.172,0.407,-0.35230,0.77814,-0.27,0.71698,0.21343,0.526,0.58310,0.19667,0.821,-0.11215,0.88
0,1.049,0,0.742,1.065,1,0.657,0.62500,-1.35,1.418,1.444,0.025,0.03125,1.344,1.419,0,0.0,0.646,-0.808,1.118,1,1,0.983,0.31250,1,1.39,0.969,1,1,1,0.649,-0.94375,0.791,0,0.0
1,0.867,0,1,0.453,0.765,1.438,0.012,1.091,-0.246,0.92157,-0.82353,0.348,-1,0.11765,-0.5,-0.33333,-0.798,-0.59,-0.23529,-0.86275,0.35294,-1.091,1.08,-0.72549,0.725,-0.32,0.92874,0.222,0.396,0.803,0.322,0.90196,-0.081,0.90196
0,0.778,0.0,0.0,0.0,-1,-1,-1.294,0.952,0,0.0,-1,1,0.969,0.887,1,-1.281,0.0,0,0,0.0,-1,-1,-1.289,0.827,1.345,0.364,1,-1,0,0,-1.456,-0.768,-0.58,0.743
1,1,0,0.44444,0.582,0.487,0.743,-0.131,1.064,-0.325,0.756,-1.37,0.33333,-1,-0.118,-1,-0.22222,-0.66667,-0.822,0.316,-1.184,-0.261,-0.829,0.77778,-0.22222,0.226,0.0,0.617,0.304,0.57454,1.252,0.128,1,-0.55556,1
0,0,0.0,0.0,0,0.0,0,0,0.0,0.0,0,0.0,0,0.0,0.0,0.0,0,0.0,0,0,0.0,0.0,0,0,0.0,0,0.0,1.153,0.0,0.0,0.0,0.0,0.0,0,0
1,1.382,0.0,0.643,0.0,1,0,0.712,0.50000,0.75000,0.0,0.568,0.12094,0.952,0.141,0.86922,0.134,0.94,0.25000,0.467,0.341,1.039,0.0,1,-0.314,0.5,0.50000,0.526,0.134,0.911,0.285,0.69635,0.29074,0.67493,0.30293
0,0,0.0,-1,0.665,1,0.862,0.0,0.0,1,-1,1.472,-1.08,0.918,-1,-1.16,-1,0,0.0,-1,-0.768,0.0,0.0,0,0.0,-0.818,-0.651,1.016,-1.455,1.099,1,-1,-1,0.0,0
1,1,0.0,1,0,1.077,0.0,0.502,0.057,1,-0.11111,1.294,-0.11111,1.272,-0.31,0.546,0.0,0.739,0.0,1,-0.11111,0.77778,-0.11111,0.368,-0.061,0.66667,0.0,0.90347,-0.058,1.032,0.091,0.88889,-0.094,0.856,0
0,0,0.0,0,0.0,0,0,0.0,0.0,0.0,0.0,0,0,-1,-1.403,0.0,0.0,1.343,0.9,0.0,0,0.0,0.0,-1,1.399,0,0.0,1,-1,-1.175,-1.153,1,1.336,0,0.0
1,1.024,0.0,1.338,0.537,1,-0.45455,1,0.133,0.698,-0.124,1.026,0.0,1,-0.27273,1,-0.219,0.637,0.09091,1,0,1,-0.443,1,0.106,1,-0.071,1.139,-0.037,1,0.279,0.779,-0.27273,1.135,-0.163
0,1.457,0.0,0.62121,-0.633,0.0,0.0,0,0.0,0.488,0.244,0.42803,0.39394,-0.07576,0.51894,0.394,0.378,-0.286,0.32955,0.168,-0.14773,0.012,-0.716,-0.452,0.17803,0.208,-0.27273,0.25758,-0.334,0.43182,0.264,0.18182,-0.03,0.187,-0.41667
1,1,0.0,1,0.11765,0.532,0.318,1,0.41176,1.079,0.077,1,0.271,1.062,0.069,1.462,0.25,1,-0.05882,1,-0.11765,1,0.387,1.287,0.373,0.577,-0.094,1,0.187,0.915,0.05882,0.859,0.35294,1.323,0.257
0,0.978,0,0,0.0,-1,-0.36,0.827,0.531,0.07979,-0.23404,-1,-0.374,0.167,-0.647,0.598,-1.482,0.0,0.0,0.82979,-0.089,-0.25000,1.21,0.123,-0.70745,0,0,-0.19149,-0.378,-0.188,-0.414,0.618,0.684,-0.67553,0.45745
1,1,0,0.581,0.172,1.156,-0.215,1.038,0.186,1.004,-0.103,0.91667,0.04167,0.83333,0.165,0.70833,0.0,0.87500,0.038,0.956,0.08,0.66667,-0.08333,0.649,0.16667,1.078,-0.12500,1.129,0.064,1.435,0.24,0.70833,0,0.635,0.04167
0,1.272,0,0.18590,-0.16667,0,0.0,0,0.0,0.0,0.0,0.0,0.0,0.11538,-0.19,0,0.0,0.0,0.0,0.0,0.0,0,0.0,-0.038,-0.047,0.094,0.123,0.256,-0.10897,0.12500,0.113,0.02564,-0.04808,0.16827,0.19551
1,1.464,0.0,1.405,-0.08183,1,-0.085,1.063,-0.313,1,-0.389,0.96662,-0.258,0.85788,-0.47265,0.763,-0.48170,0.945,-0.83,0.68131,-0.63544,0.82450,-0.703,0.57,-0.553,0.67033,-0.706,0.544,-0.85669,0.482,-0.83893,0.173,-0.841,0.29221,-1.193
0,1,0.0,1.013,1,-1,1.386,-0.596,-0.82456,0.34649,0.193,0.268,0.068,0.267,0.07,0.35088,0.34649,0.73,-0.044,0.341,0.53070,0,0.0,-0.375,-0.16228,1,-0.472,1,-1,0.722,-0.297,0.193,0.259,0.82895,0.093
1,1,0.0,1,0.141,0.763,0.00369,0.446,-0.30133,0.913,-0.16,0.70643,-0.24077,0.73855,-0.353,0.501,-0.342,0.319,-0.61189,0.40473,-0.55059,0.789,-0.39328,0.629,-0.288,0.147,-0.52142,0.29208,-0.705,0.142,-0.511,0.092,-0.366,0.244,-0.46603
0,0,0,-1.068,0.818,1,-0.897,0,0.0,0.0,0.0,1.342,-1,1,1,0.0,0,1,-1,0.0,0.0,0.0,0.0,1,0.562,-0.948,1.413,1.307,-1.034,-1,1,-1.49,-1.187,0.0,0
1,1,0.0,0.92247,-0.273,0.674,-0.138,0.631,-0.22602,0.894,-0.152,0.758,-0.256,0.79,-0.447,0.63338,-0.49967,0.37254,-0.678,0.251,-0.72109,0.308,-0.54172,0.4,-0.444,0.146,-0.63601,0.095,-0.59589,-0.093,-0.54928,-0.019,-0.54074,-0.07457,-0.47898
0,1,0.0,-0.597,-0.795,-0.50694,1,0.618,-1,1,0.53819,0.0,0,0.278,-1,1.322,0.613,0,0.0,1,1.31,0.834,1,0.0,0.0,-1.035,1.097,0.201,-0.997,1.188,-1.435,0.69792,-0.735,0.47569,1
1,1,0.0,1.211,0.43460,0.594,0.611,0.087,0.834,-0.37764,0.88186,-0.72363,0.519,-0.93882,0.233,-0.693,-0.25527,-0.72,-0.65612,-0.25105,-0.955,0.099,-0.899,0.51477,-0.66878,0.77,-0.414,0.77937,0.107,0.825,0.295,0.405,0.586,-0.00422,0.69409
0,1,0.0,1,1,0.0,0.0,0.808,-0.699,-1.445,-0.766,0.694,1.164,1.09,-0.705,0.0,0,1.337,-1.189,1,1.305,0,0,0.907,-1,-1,-1,1,1,-0.586,1.162,-0.898,1.443,0,0
1,1,0.0,1,0.813,1,0.982,0.77123,1.309,-0.419,0.514,-1.03,0.933,0.0,0.834,-1,1.432,-1.232,0,-1.368,-0.66667,-1,-0.573,-0.689,-0.33333,-0.221,-0.513,0.19235,-1.009,1,-1.021,0.0,-1,1,-0.66667
0,0,0,-1,1,-1.342,-1,0,0.0,-0.599,1,1.008,-0.75,-0.567,-1.2,-0.601,1,0.0,0.0,-1,-0.596,-1,0.511,0,0,1.325,-1.012,0.996,1,0.958,-1.087,0.705,1.065,0.0,0
1,0.899,0,1,0.049,0.825,0.14211,1.413,0.169,1,-0.065,0.615,0.39495,1.435,0.48981,1,0.681,-0.362,1,1,0.0,0.996,0.92001,1.172,0.542,1,1,1.129,0.562,0.977,0.253,1.355,1,1,0.62
0,0.0,0.0,-1,-0.851,0,0.0,0.0,0.0,0,0,0,0,0.0,0,1.462,-0.962,0.0,0,-1,-1,0.0,0,1.312,0.55,1,-1,0.708,-1.253,0.0,0.0,0,0.0,0.0,0.0
1,0.971,0,0.713,-0.116,0.58264,-0.14380,-0.13129,-0.303,0.29796,0.03,0.38096,-0.26339,0.362,-0.447,0.03459,-0.18947,0.202,-0.29441,0.197,-0.341,0.103,-0.198,0.084,-0.26795,0.02,-0.241,-0.001,-0.23210,-0.032,-0.21129,-0.025,-0.163,0.013,-0.27201
0,1,0.0,0,0.0,0,0,0.0,0.0,0.0,0.0,1.093,-0.335,0.16667,0.379,0.0,0.0,0,0,0.0,0,-0.19792,-0.262,-0.16667,0.962,-0.561,0.5,0.023,0.382,-0.22917,-0.733,-0.099,-0.27083,-0.108,-0.93750
1,1,0,1.416,0.05149,0.99363,0.1,0.96142,0.191,0.95513,-0.26496,0.519,0.61,0.45,0.25283,0.789,0.23,0.383,0.148,0.59615,0.364,0.441,0.351,0.412,0.155,0.39023,0.4,0.32930,0.25553,0.206,0.317,0.22427,0.21378,0.175,0.148
0,1.2,0.0,1,-0.09524,-1,-1,-1,-1.316,0.861,0.161,0.81349,0.73,-0.892,-1.067,-1.239,0.573,0.691,1,1,1,0.829,-1,-1.404,-1.442,1.118,0.36508,1.021,1,1.379,0.50794,-0.528,-0.35,-0.581,0.72831
1,1,0.0,0.871,-0.00190,0.774,0.43204,1.017,-0.297,0.581,0.16828,0.64,0.07,0.858,0.08172,0.91586,0.042,0.84628,-0.25324,0.848,-0.087,0.654,0.179,0.75081,-0.03641,0.774,-0.02589,1.059,-0.016,1.244,0.117,0.78317,-0.10194,1.214,-0.14725
0,1.427,0,0.978,-1,1,1.421,1,1,1.205,-0.301,1,0.779,0.982,1,1,1,0.0,0.0,0.54,0.64,0.956,1.119,1,-1,1.099,1.104,1.457,0.631,0.642,-0.75000,-0.464,1.16,1,1
1,1,0,0.871,0.33,0.894,-0.569,1,-0.151,1.379,0.176,1.295,0.36,0.98120,-0.06861,1.406,0.063,1.161,-0.182,0.522,-0.108,0.97400,0.03728,1.461,0.054,1,-0.01253,0.53,-0.04597,0.91165,0.032,1,-0.13722,1.144,-0.11717
0,1,0.0,0.288,-1,-1.193,-0.606,-0.07661,1,1.07,1.174,0.734,-0.491,-1.287,-1.172,-0.09677,1,0.316,0.46502,0.463,-0.138,-0.072,-0.163,-0.118,0.06895,0.03021,0.068,0.04,-0.017,-0.00403,-0.024,-0.00761,0.00108,0.00015,0.00325
1,1.231,0.0,0.567,0.38265,0.432,-0.16964,0.852,-0.07653,1.141,-0.07398,0.70217,0.20663,1.278,0.02105,0.98214,0.014,1,-0.1,1.112,0.063,1,0.002,0.90306,0.387,1.117,-0.169,0.996,-0.006,0.75638,0.07908,0.871,-0.108,1.039,-0.05740
0,0,0,0,0.0,0,0.0,0,0.0,0.0,0,0.0,0.0,1.102,1,1.195,1.313,0.847,-1.006,0.0,0,0.903,0.816,1,-0.689,0.85,1,1.32,0.0,1.237,1,1.127,-1,0,0
1,1,0.0,1,-0.28428,1,-0.378,0.849,-0.194,0.675,-0.30566,0.92736,-0.561,0.691,-0.537,0.669,-0.58899,0.774,-0.456,0.818,-0.827,0.68459,-0.70975,0.437,-1.257,0.673,-0.73333,0.35504,-0.76054,0.366,-0.78239,0.211,-1.074,0.108,-0.70000
0,1,0.0,0,0.0,0,0,0,0.0,-0.85000,-0.777,0.0,0.0,1.051,-1,0.0,0.0,-1.417,-0.867,-1,-0.923,1,-1.018,-0.841,-1,1,0.951,-1.279,-0.285,0.783,-1.04,0,1,0.0,0
1,1.219,0,0.84,0.09091,0.843,-0.09091,0.592,0,1,0.0,0.95455,0.0,0.899,0.068,0.675,-0.052,1,0.0,1.373,0,0.923,0.09,0.963,0.09091,0.677,0.04545,0.827,0.026,0.561,0.09091,0.86364,-0.09091,0.86364,0.066
0,0.0,0,0,0.0,-1,1.13,1.314,0.691,-1,-1,0,0,-1.071,-0.559,-0.964,-0.31250,-0.988,-1,0.897,-1.455,1,-1.222,0.0,0.0,1,-1,-0.762,-1,0.0,0.0,0.874,-0.925,0,0.0
1,1,0.0,0.617,-0.08824,1.361,0.26,0.426,0.047,0.91176,-0.02941,0.772,-0.158,1.119,0.14706,0.94118,0.039,1.075,0.0,1,0.0,0.76471,0.172,0.575,0.03,0.518,0.02941,0.581,0.02600,1.379,-0.11765,0.97059,0.05882,1.228,0.05882
0,1.261,0.0,-0.648,1.319,-0.743,0.161,0.366,0.548,-1,1,-1,-1,0.689,1.29,-1,-0.319,0.323,-0.673,1,1.182,-0.326,-1.162,-0.645,-1,1.029,-1,-0.609,-0.03578,1,-1,-1.06,-0.32317,0.14939,1
1,1,0,0.377,-0.079,0.682,0.025,0.83155,0.019,0.689,-0.05263,0.68421,0.0,1.117,0.05028,0.78315,0.048,0.72,0.661,0.821,0.05263,0.911,0.07631,0.70301,0.121,0.474,0.21053,0.65419,0.072,0.391,-0.21053,0.589,0.064,0.845,0.09719
0,1,0,-0.00641,-0.328,0.0,0,-0.024,1.01,0,0.0,0,0.0,0.0,0.0,0.0,0.0,0,0,0.31410,1.21,-0.28,0.965,-0.34615,-0.733,0,0.0,-0.45,-0.51282,0.0,0,0.0,0.0,0,0.0
1,1,0.0,1.036,0.45455,1,0.769,1.111,0.565,0.708,-0.09091,1,0.0,0.781,-0.45455,0.63636,0.219,1.041,-0.496,1,-0.27273,0.709,-0.45455,1.267,0.082,1,-0.094,1,0.131,1.405,0.219,1,0.63636,0.673,0.409
0,0,0.0,-1,-1.116,1,-1.178,-1.331,1,0,0,0.946,-1,1.321,-1.499,0.0,0.0,0.0,0,0,0,-1,0.83,1,-1,-1.405,0.968,0.751,0.898,0.0,0.0,1.273,0.627,0,0.0
1,1.11,0,0.55,0.088,0.762,0.09091,0.213,0.131,0.63636,0.0,0.532,-0.09091,0.45455,-0.09091,0.726,-0.01343,0.801,-0.252,0.45455,0.0,0.445,-0.064,0.286,0.18182,0.36364,-0.09091,0.2,-0.016,0.285,0.0,0.467,0,0.28985,-0.01832
0,1.013,0.0,-0.8,-0.59677,0,0.0,-1.015,0.64516,-0.874,1.293,0.0,0.0,0,0,0.0,0.0,0,0,0.0,0.0,-1,-1.173,0,0.0,0.29839,0.164,1,0.394,0.0,0,0,0,0.0,0.0
1,1,0.0,1.184,0.117,0.897,0.71429,1.154,0.959,1.413,-0.148,0.476,-0.14286,0.62,0.033,1,0.0,0.42857,-0.115,0.948,0.03617,1.057,-0.416,1,0.0,0.28571,-0.28571,1.187,0.04891,1,0.05182,1.497,0.321,1,0
0,0.0,0,1.026,0.929,1,-1,1,1,0.725,1,1,1,0.9,-0.78,1.49,0.992,1,-0.762,1.1,-1,1,1.295,1.094,1.068,0.957,-1,1,1.016,1,0.699,1.192,0.744,0.959,0.885
1,1,0,0.489,0.299,0.53945,0.819,0.062,0.52,-0.302,0.539,-0.934,0.58226,-0.92099,0.123,-1.079,-0.187,-0.59383,-0.752,-0.24012,-0.82881,0.18823,-0.656,0.51557,-0.57430,0.973,-0.357,0.416,0.10484,0.764,0.246,0.374,0.56573,-0.076,0.57552
0,0,0.0,1,-0.61,0.873,1,1.145,-1,1.286,1.347,1,-1,1,-0.688,1.188,-1,1.161,1.433,0.938,1.198,0.878,1.322,1,-1.097,1,1,1,0.893,1.115,1.213,0.848,1,1.028,-1
1,1,0,0.983,0.032,1.061,0.15766,0.86098,0.232,0.912,0.251,0.80619,0.361,1.102,0.40552,0.869,0.698,0.60101,0.602,0.53392,0.418,0.48435,0.695,0.42546,0.717,0.33340,0.642,0.218,0.376,0.298,0.53448,0.149,0.49124,0.167,0.46571
0,0.0,0.0,0.933,0.586,1.001,-1.279,1,-0.663,1,1,0,0.0,1,-0.659,0.0,0,0.0,0,0.0,0.0,-1,1,1,1,0,0.0,0.689,1.009,0.0,0.0,-0.705,-1.232,0,0
1,1,0,0.562,0.096,0.93716,0.318,0.853,0.225,0.473,0.502,0.693,0.59942,0.65260,0.75000,0.50830,0.987,0.214,0.82742,0.17,0.85952,0.149,0.437,0.00494,1.066,-0.07361,0.814,-0.206,0.528,-0.33169,0.426,-0.289,0.64363,-0.47419,0.74
0,0,0.0,1,-1,-1,0.966,-1.129,1,1.134,0.712,1.413,1.05,-1,-0.899,-0.996,-1,0.542,0.567,0.62,-1.01,-0.562,-0.766,-1,-1,1.008,0,1,-0.615,1.012,-1.355,-1.172,1,-1,1
1,1,0,0.771,0.133,0.73061,0.174,0.945,0.22,0.36923,0.45577,0.44793,0.667,0.25000,0.85,0.25192,0.465,0.129,0.51877,-0.129,0.57500,-0.041,0.236,-0.122,0.366,-0.14943,0.212,-0.19940,0.34976,-0.306,0.154,-0.256,0.297,-0.23846,0.265
0,0,0,1,-0.672,1.418,1.16,1.28,-1,1,1.174,1,-0.997,1,1,1.294,-1.397,0.957,-1.466,1.467,1,1,0.657,1,-0.958,0.533,-0.682,0.708,-1.314,0.629,1.097,1,-1,0.861,1
1,0.971,0.0,0.97467,0.134,0.94120,0.20036,0.88783,0.255,1.066,0.32711,0.85550,0.242,0.53,0.267,0.415,0.736,0.58548,0.375,0.48869,0.70398,0.247,0.991,0.382,0.75622,0.244,0.76210,0.091,0.789,0.09,0.854,-0.02962,0.77702,-0.124,0.74242
0,0,0.0,0.0,0.0,1,0.545,0,0,0.751,1.345,0,0.0,1,-1,0.0,0,0.0,0.0,0,0.0,0.0,0.0,0.0,0.0,0,0.0,1.201,-1,0,0,-0.992,1,0.0,0.0
1,1.2,0.0,1.347,0.15451,0.771,0.29757,0.72582,0.186,0.404,0.441,0.483,0.62719,0.43270,1.03,0.167,0.959,0.237,0.82,0.04686,0.76171,-0.067,0.663,-0.243,0.697,-0.29291,0.65708,-0.38798,0.58553,-0.631,0.291,-0.53146,0.40732,-0.677,0.35095
0,0,0.0,0,0,0.739,0.971,1.274,1.404,0.0,0.0,0,0,-1,-1.076,0.0,0,-0.767,-1,0,0.0,0,0.0,1.214,1.442,0,0.0,1,1,0,0.0,-0.834,0.929,0.0,0.0
1,1,0.0,0.88804,0.556,0.665,0.406,0.29148,0.97,-0.06726,0.543,-0.39597,0.497,-0.498,0.803,-0.82960,0.26906,-0.78940,-0.053,-0.62780,-0.373,-0.46637,-0.38,-0.16449,-0.64338,0.09562,-0.855,0.182,-0.532,0.424,-0.426,0.432,-0.09,0.42152,0.146
0,0.0,0.0,1,-1,1,0.54,1.119,1,1.467,1,1,0.96,0.961,-0.779,1,1,1,1,1.43,-1.45,1.139,-0.625,1,-1,1.295,-1,0.978,0.871,0.725,-0.894,0.822,0.55,1.406,1
1,1,0,0.432,-0.473,0.80151,0.10278,0.807,0.194,0.434,0.036,1,0.299,0.71947,0.285,0.68798,0.477,0.49672,0.222,0.64333,-0.018,0.288,0.42528,0.617,0.581,0.932,0.57549,0.44174,0.48200,0.133,0.606,0.484,0.25,0.452,0.49831
0,0.0,0.0,0.0,0.0,0.0,0,0.0,0.0,0,0,0.0,0.0,0,0.0,0,0.0,0.0,0.0,0.0,0,0.0,0.0,0,0,0,0.0,1,1,0.0,0,0,0.0,0,0.0
1,1.006,0.0,0.94649,0.01,0.794,-0.003,1.305,0.004,0.95801,0.01598,1.205,0.037,0.97213,0.04719,0.98625,0.01858,0.649,0.085,0.98551,-0.00706,1.046,0.042,0.96358,0.08,0.93274,0.065,0.945,0.039,0.97473,0.011,0.97845,0.07061,0.903,-0.002
0,0.0,0,1,1,-1,-1,-1,-1,0.0,0.0,0.0,0,-0.803,-0.897,0,0,0.0,0,0,0.0,-1.102,1,0.884,0.675,0.0,0.0,1,-0.554,0.0,0.0,-1.436,-1.274,-1.111,-1.109
1,1,0.0,0.48,-0.16900,1.002,0.012,0.796,0.02258,0.68065,0.01282,0.34615,0.059,0.703,0.04393,0.925,0.052,0.526,0.07,0.63403,-0.064,0.671,0.053,0.742,0.07381,0.729,0.116,0.59935,0.08304,0.38228,0.051,0.537,0.09046,0.666,0.09346
0,1.373,0.0,0.98,0.742,0.91973,-0.588,1.121,0.04348,0.639,0.066,0.86789,0.943,0.70067,0.18227,0.75920,0.167,0.833,-0.268,0.624,0.18729,0.64883,0.362,0.60201,0.77425,0.923,-0.53846,0.89262,0.201,0.702,0.53846,0.588,-0.074,0.56522,0.346
1,1,0,0.76296,-0.117,0.899,-0.29630,1.348,-0.605,0.80000,0.08,0.315,-0.42778,0.559,-0.12581,0.762,-1.021,0.475,0.023,0.916,-0.086,0.97,-0.19938,0.766,0.22037,0.432,-0.231,0.92148,-0.24549,0.78889,0.026,0.785,-0.27105,1,-0.611
0,0.651,0,0.38521,0.144,0.603,0.104,0.161,0.24125,0.146,0.173,0.199,0.25292,0.359,0.477,0.07,0.119,-0.03891,0.426,0.05058,0.24903,0.24903,0.11,0.07782,0.441,-0.013,0.28482,-0.054,0.26256,-0.1,0.14786,-0.126,0.248,-0.19066,0.28794
1,1.06,0.0,0.371,-0.03175,0.75198,-0.055,0.61508,-0.014,0.555,0.03373,0.312,0.09921,0.59127,-0.02381,0.62698,0.014,0.736,0.033,0.60317,0.012,0.631,-0.02778,0.59127,0.024,0.415,0.03968,0.659,-0.01237,0.553,-0.154,0.419,-0.019,0.806,-0.03175
0,1,0.0,0.06404,-0.114,-0.04433,0.082,0.08374,-0.02463,-0.015,0.276,0.043,0.0,0.12315,-0.082,0.05911,0.0,0.01970,-0.021,-0.12808,-0.20690,0.103,0.01,0.06897,0.024,0.07882,0.243,0.28079,-0.033,-0.047,-0.08,0.036,0.068,0.078,-0.10837
1,1,0.0,0.575,0.121,0.903,-0.098,1.053,0.021,0.74273,0.00224,0.71029,0.15772,0.71588,-0.00224,0.724,0.06600,0.83669,-0.123,0.488,-0.09060,0.755,-0.01342,0.351,0.11745,0.566,-0.137,0.657,-0.016,0.822,0.04810,0.796,-0.041,0.44,-0.04698
0,1.405,0.0,0.25316,0.343,0.0,0.0,-0.307,-1,0,0.0,0.056,-0.07342,0.0,0.0,0.0,0,0,0.0,0,0,0.008,0.531,-0.26,0.427,-0.08,0.253,0.05570,-1,0,0,0.06329,-1.264,0.0,0
1,1.27,0.0,0.646,-0.006,0.745,-0.018,0.94105,-0.026,0.864,-0.12755,0.82208,-0.137,0.992,0.018,0.90782,-0.13719,0.87138,-0.06109,0.90782,-0.03,0.87996,-0.154,0.82851,-0.165,0.90139,-0.176,1.166,-0.193,0.84352,-0.19,0.88424,-0.18542,0.868,-0.214
0,0.781,0.0,0.321,-0.5,0,0,0.0,0.0,0.46458,0.51042,0.618,0.023,0,0.0,0,0.0,0.16458,-0.45417,0.697,-0.18333,0.0,0,0.0,0,1.03,-0.374,-0.898,-1,-0.27917,-0.915,0.0,0.0,0.0,0.0
1,1,0.0,0.782,0.021,0.645,0.01305,0.92442,0.008,0.89179,-0.133,0.90103,-0.085,1.203,-0.01033,0.93094,-0.105,0.86025,-0.034,0.897,-0.024,0.602,-0.093,0.642,-0.066,0.82980,-0.144,0.86453,-0.11808,0.85536,-0.16,1.157,-0.12452,0.694,-0.12235
0,1.184,0.0,0.0,0,0.553,0.104,0.88444,-0.012,0.0,0.0,1,-0.448,1,0.19556,0.555,-0.062,1.111,-0.843,0,0,1.284,-0.053,1,-0.264,0,0.0,1,-0.612,0,0,0.562,0.112,0.90667,-0.09556
1,1,0.0,0.81143,0.036,0.85143,-0.002,0.699,0.00714,0.651,-0.04286,0.87571,0,0.598,-0.06714,0.86429,0.003,0.631,-0.079,0.729,-0.122,0.76857,-0.066,0.84286,-0.05000,0.77000,-0.068,0.783,-0.078,1.069,-0.115,0.869,-0.065,0.82143,-0.166
0,0.561,0,0.0,0.0,0,0,0,0.0,0.0,0.0,0.0,0.0,-1,0.735,0.602,0.55172,0,0.0,0,0,0,0.0,0,0.0,0.0,0.0,1,0.834,0.0,0,0.0,0.0,0.0,0
1,0.873,0.0,0.513,0.026,0.618,-0.09610,0.50649,-0.033,0.50130,0.09610,0.419,0.037,0.55844,-0.107,0.6,-0.03636,0.697,-0.05974,0.55325,-0.013,0.309,-0.03377,0.547,-0.007,0.59221,0.0,0.584,-0.03280,0.378,0.03377,0.54545,-0.062,0.359,-0.08571
0,0.0,0,0,0.0,0,0.0,0,0.0,0.0,0,0,0,0.0,0,0.0,0,0.0,0,0,0.0,0.0,0.0,0.0,0.0,0.0,0,1,-0.898,0.0,0.0,0.0,0.0,0.0,0
1,1,0.0,1,0.616,1,0.25000,0.358,0.514,0.16851,1.069,-0.102,0.80454,-0.34107,0.60793,-0.409,0.265,-0.43663,0.167,-0.306,0.006,-0.26477,-0.056,-0.221,-0.12964,-0.053,-0.163,-0.015,-0.134,0.011,-0.07036,0.02224,-0.04142,0.024,-0.013
0,1,0.0,0.0,0,0.0,0,1.087,1,-0.668,-1,0.0,0,0.513,-0.11111,0.0,0.0,0,0.0,-1,1,0.958,1,1,-0.659,0.0,0,1.065,-0.676,0.0,0,0.0,0.0,1.2,0.982
1,0.511,0.0,0.87048,0.371,0.64099,0.531,0.316,1.224,-0.022,0.90740,-0.42173,1.075,-0.827,0.51560,-0.81049,0.22735,-0.81136,-0.12539,-0.404,-0.221,-0.382,-0.565,-0.13013,-0.802,0.15552,-0.641,0.38544,-0.541,0.298,-0.29897,0.568,-0.032,0.69,0.16645
0,1.129,0,0.0,0.0,0.0,0,0,0,-1,1,0,0,0.53,0.318,-0.102,-0.085,0,0,-1.179,-1.284,0,0.0,1.312,-1.435,0.0,0.0,1.155,0.141,0.0,0.0,0,0,0.0,0
1,1,0.0,0.601,0.292,0.654,0.994,0.19672,0.905,-0.342,0.582,-0.62526,1.057,-1.002,0.33652,-1.277,-0.075,-0.77356,-0.44707,-0.46950,-0.948,-0.067,-0.82217,0.386,-0.77570,0.821,-0.55910,0.948,-0.24433,0.513,0.098,0.31,0.38915,0.34749,0.57656
1,1.062,0,0.472,0.02520,0.153,0.21278,0.14919,0.926,-0.25706,0.92324,-0.058,0.282,-0.313,0.378,-0.524,-0.059,-0.13117,-0.14329,-0.364,-0.44615,-0.068,-1.033,0.02,-0.22786,0.27942,-0.057,0.29,-0.11876,0.27657,-0.109,0.081,0.129,0.143,0.20468
1,1,0.0,0.455,0.39121,0.54040,0.78579,0.07,0.89402,-0.181,0.83578,-0.943,0.59564,-1.121,0.173,-0.436,-0.258,-0.742,-0.61894,-0.19354,-1.051,0.071,-0.89064,0.507,-0.72454,0.775,-0.27734,0.459,0.08718,0.728,0.386,0.362,0.70011,-0.033,0.886
1,0.84,0,0.62335,-0.03490,0.299,0.003,0.887,-0.07461,0.759,0.013,0.485,-0.067,0.384,0.095,0.758,-0.073,0.67509,0.051,0.39,0.0,0.58965,0.10108,0.376,0.03129,0.65945,0.169,0.60463,0.029,0.51384,0.04452,0.61733,-0.009,0.869,-0.09146
1,1,0.0,0.74449,-0.03,0.70772,0.03309,0.645,0.239,0.79228,0.07721,0.602,0.43934,0.532,0.00551,0.687,0.21691,1.348,0.056,0.657,0.05147,0.627,0.059,0.657,-0.192,1.052,-0.15809,0.61727,0.07124,0.33,0.083,0.571,0.064,0.768,0.21691
1,1,0,0.384,0.114,0.457,0.01780,0.465,0.02647,0.445,-0.10308,0.77538,0.08000,0.73961,0.032,0.72322,0.05776,0.756,-0.108,0.61692,0.238,0.609,0.07573,0.493,0.114,0.858,-0.08,0.562,0.056,0.55077,0.25692,0.365,0.129,0.614,0.108
1,1,0,0.778,0.044,0.833,0.00202,0.84341,0.004,0.81,0.09901,0.75813,0.04102,0.801,0.008,0.957,0.007,0.585,-0.151,0.77935,-0.051,0.76365,0.009,0.74635,0.005,0.891,-0.038,0.552,0.01096,0.598,0.11598,0.66624,0.007,0.64407,0.007
1,0.688,0.0,0.733,0,0.544,0.10435,0.49130,0.084,0.46957,-0.03913,0.462,-0.12609,0.45652,0.037,0.315,0.026,0.452,0.283,0.42174,0.158,0.212,-0.036,0.209,-0.14,0.47391,-0.01,0.41789,0.06,0.228,0.03913,0.35217,0.14783,0.441,0.17391
1,1,0,0.928,0.08,0.78129,0.11,0.71628,0.28068,0.892,0.41252,0.331,0.617,0.57898,0.60814,0.57,0.58445,0.202,0.67861,0.344,0.63548,0.14,0.555,0.023,0.582,-0.09,0.55,-0.068,0.724,-0.18226,0.56015,-0.142,0.636,-0.194,0.42467
1,1,0,1.195,0.09802,1,0.25101,0.98,0.228,0.835,0.427,0.548,0.773,0.435,0.77,0.796,0.74079,0.29452,0.733,0.21137,0.792,0.088,0.926,-0.022,0.803,-0.15144,0.75596,-0.265,0.908,-0.4,0.60948,-0.40291,0.72,-0.42815,0.44534
1,1,0.0,0.988,0.183,0.87001,0.257,0.634,0.24,0.539,0.53,0.617,0.71016,0.39699,0.76161,0.3,0.838,0.09134,0.714,-0.131,0.882,-0.20201,0.66926,-0.334,0.935,-0.40552,0.50489,-0.312,0.519,-0.387,0.27252,-0.52823,0.162,-0.48808,0.05972
1,1,0.0,1.164,0.17498,1.247,0.257,1.225,0.525,0.73678,0.778,0.663,1.046,0.48698,0.796,0.30459,0.90665,0.17959,0.93429,-0.00701,0.93109,-0.144,1.243,-0.33023,0.843,-0.517,0.76482,-0.46,0.575,-0.952,0.583,-0.75321,0.404,-0.956,0.26092
1,1,0,0.681,0.18198,0.86090,0.35543,0.649,0.45747,0.861,0.69865,0.644,0.629,0.333,0.81795,0.191,0.826,0.006,0.85210,-0.101,0.58,-0.385,0.597,-0.43087,0.745,-0.53140,0.345,-0.60328,0.426,-0.64511,0.247,-0.901,0.106,-0.64056,0.073
1,1,0.0,0.76627,0.161,0.63935,0.376,0.612,0.363,0.206,0.334,0.13753,0.59565,-0.07727,0.555,0,0.542,-0.27491,0.609,-0.56136,0.331,-0.32,0.248,-0.40533,0.07588,-0.38483,-0.044,-0.2,-0.12486,-0.211,-0.287,-0.141,-0.153,-0.105,-0.27218
1,1,0.0,0.58940,-0.891,1.257,0.336,0.81126,0.07285,0.692,0.129,0.32781,0.217,0.58,0.12252,0.936,0.106,0.812,0.381,0.502,0.134,0.65232,0.27815,0.448,0.07285,0.51872,0.26653,0.49013,0.373,0.46216,0.292,0.272,0.229,0.572,0.29942
1,1,0,1,0.074,0.904,-0.12144,0.81594,0.09677,0.482,0.012,0.56167,-0.058,0.69070,0.12524,0.303,0.03985,0.53131,-0.019,0.351,0.179,0.72676,0.044,0.32068,0.077,0.344,0.38,0.44,0.209,0.156,0.269,0.522,0.249,0.762,0.15180
1,0.795,0.0,0.84843,0.077,0.555,-0.02299,0.518,-0.028,0.705,-0.085,0.889,-0.099,0.67260,-0.065,0.64260,-0.048,0.39199,0.04530,1.059,0.01394,0.582,-0.08039,0.53430,-0.118,0.334,-0.22822,0.49,-0.075,0.52613,-0.071,0.558,-0.09621,0.42223,-0.09808
1,1,0.0,0.672,0.112,0.635,-0.007,0.947,-0.007,0.653,-0.05,1.472,0.01419,0.764,-0.01436,0.95947,-0.022,1.399,0.013,0.731,-0.08848,0.95016,-0.019,0.94636,-0.02591,0.98164,0.02003,0.93772,-0.02,1,-0.071,0.535,-0.03464,1.026,-0.03673
1,1,0,0.47938,-0.174,0.445,-0.1,0.70103,-0.495,0.699,0.07216,0.247,-0.21649,0.439,0.165,0.354,-0.071,0.42268,0.093,0.5,-0.27320,0.742,0.18557,0.42268,0.08247,0.502,0.153,0.721,-0.12447,0.143,-0.192,0.47423,0.058,0.412,-0.671
1,1,0.0,0.658,-0.042,1.011,0.021,0.61432,0.279,0.83,-0.00462,0.622,0.123,0.79446,-0.43418,0.602,0.711,0.59584,0.102,0.672,0.21940,0.63279,-0.25404,0.70951,0.15359,0.823,0.346,1.031,0.198,0.61663,0.07621,0.831,0.19841,0.971,0.465
1,0.751,0,0.46,-0.039,0.717,0.016,0.58876,0.019,0.569,0.02472,0.66742,-0.00449,0.71685,-0.035,0.66517,0.009,0.514,0.031,0.967,-0.07416,0.593,0.1,0.343,-0.046,0.46517,0.04944,0.405,0.011,0.47640,-0.027,0.54607,0.155,0.60674,-0.08090
1,1.293,0,0.71521,-0.004,0.66667,-0.024,0.919,-0.035,0.77994,0.08091,0.395,0.085,0.897,0.15858,0.60194,-0.01942,0.54369,-0.055,0.46926,-0.10032,0.506,0.14887,0.39159,0.273,0.531,-0.065,0.45105,0.0,0.384,-0.075,0.493,-0.077,0.232,-0.028
1,0.586,0,0.548,0.10370,0.782,0.04,0.36,0.08148,0.578,-0.00494,1.183,0.152,0.59753,0.047,0.62469,0.126,0.78272,-0.195,0.73827,-0.129,0.48642,0.007,0.812,0.08148,0.942,-0.071,0.63773,-0.026,0.468,0.02222,0.633,-0.05,0.51358,-0.04691
1,1,0,0.544,-0.022,0.604,0.032,0.403,-0.04407,0.469,0.036,0.70508,-0.101,0.864,-0.014,0.585,0.105,0.64068,0.13,0.608,-0.02373,0.775,0.004,0.849,-0.021,0.52881,-0.03390,0.587,0.00750,0.58644,-0.004,0.58983,-0.02712,0.50169,0.06780
1,1.31,0,0.508,0.073,0.29612,0.082,0.191,0.0,0.57282,-0.02427,0.327,0.02427,0.33495,0.04854,0.589,0.00485,0.47087,-0.10680,0.439,0.004,0.34951,0.052,0.151,0.189,0.31068,-0.179,0.36547,0.03815,0.328,0.105,0.195,0.0,0.371,-0.028
1,1,0.0,0.985,0.013,0.93102,0.396,0.787,0.387,0.988,0.701,0.73584,0.32,0.55076,0.60179,0.264,0.804,0.278,0.70443,0.28379,0.825,0.066,1.06,0.06338,0.71284,-0.16489,0.69714,-0.19,0.416,-0.233,0.622,-0.34717,0.44195,-0.33483,0.445
1,1,0,0.785,0.228,1.156,0.244,0.655,0.624,0.959,0.707,0.58827,0.73743,0.40349,1.196,0.292,0.517,0.04700,0.879,-0.12193,0.79749,-0.26180,1.167,-0.51,0.71676,-0.51034,0.58324,-0.57587,0.391,-0.553,0.249,-0.684,0.218,-0.64134,0.038
1,1,0,1.228,0.297,0.826,0.331,0.792,0.726,0.497,0.78120,0.36774,0.88291,0.10107,0.428,-0.081,1.279,-0.256,0.845,-0.43707,0.431,-0.327,0.368,-0.431,0.35534,-0.844,0.15908,-0.872,0.024,-0.64872,-0.092,-0.54615,-0.22949,-0.47201,-0.35032
1,1,0.0,0.787,0.102,1.23,0.40803,0.604,0.571,0.556,0.755,0.41836,0.694,0.098,0.89489,0.035,0.956,-0.269,0.836,-0.42811,0.75554,-0.503,0.786,-0.65515,0.50428,-0.486,0.30912,-0.77097,0.108,-0.75406,-0.027,-0.902,-0.17921,-0.66932,-0.34367
1,1,0,0.949,0.377,0.771,0.52821,0.58167,0.74,0.474,0.80511,0.061,0.90403,-0.193,1.184,-0.39730,0.82163,-0.3,0.378,-0.455,0.473,-0.487,0.18888,-0.81317,-0.04284,-0.75,-0.156,-0.485,-0.453,-0.252,-0.61446,-0.266,-0.803,-0.08937,-0.71273
1,1,0.0,0.89835,0.35157,0.357,0.62233,0.247,0.674,-0.03643,0.499,-0.293,0.851,-0.264,0.48816,-0.57377,0.234,-0.66750,0.065,-0.47359,-0.056,-0.424,-0.086,-0.33197,-0.591,-0.12897,-0.53620,0.061,-0.5,0.24321,-0.37,0.431,-0.425,0.494,0.13297
1,1,0.0,0.206,0.10025,0.23308,0.17293,0.049,0.329,0.076,0.305,0.069,0.21303,-0.04725,0.084,-0.083,0.109,-0.06328,0.04097,-0.05431,0.01408,-0.04166,-0.00280,-0.02876,-0.015,-0.023,-0.022,-0.013,-0.008,-0.004,-0.009,0.00096,-0.01,0.003,-0.004
1,1,0.0,0.58459,-0.324,1.201,0.426,0.423,-0.00564,0.876,0.284,0.628,-0.27632,0.65977,0.06391,0.893,0.146,0.72368,-0.218,1.063,0.04511,0.641,0.20489,0.84774,-0.398,0.64850,-0.04,0.806,-0.057,0.52820,-0.074,0.169,-0.143,0.44767,-0.10309
1,1,0,0.819,0.158,0.568,0.088,0.65829,0.047,0.267,0.13,0.43837,0.20330,0.49418,0.126,0.376,0.182,0.29352,0.02922,0.526,0.15756,0.179,0.14616,0.285,0.14638,0.26436,0.181,0.242,0.206,0.26429,0.16137,0.148,0.081,0.092,0.171
1,1.2,0.0,0.94080,0.175,0.491,0.005,0.733,0.009,1.123,-0.00278,0.84459,0.061,0.891,0.016,0.82680,0.046,0.74838,0.011,0.672,0.02405,0.80862,0.04901,0.80259,0.04,0.422,0.02220,0.95,0.06235,1.035,0.09251,0.77863,0.055,1.094,0.07508
1,1,0.0,0.87111,0.04326,0.743,0.18297,1.011,0.148,0.869,-0.08337,1.097,-0.022,0.694,-0.197,1.289,0.19964,0.954,-0.04642,0.84452,-0.014,1.32,-0.34024,0.704,-0.355,0.576,-0.115,0.717,-0.041,0.78774,-0.04101,0.742,0.21812,0.88238,0.09193
1,1,0,1.05,0.017,1.412,0.057,0.486,0.088,0.447,-0.084,0.95842,0.02482,1.247,-0.005,0.617,0.10195,0.705,0.023,0.897,0.02683,0.81221,-0.08048,1.16,0.0,0.618,-0.018,0.82271,0.02552,0.873,-0.01073,0.90409,0.069,0.72837,0.02750
1,1,0,0.47337,0.215,0.061,-0.18,0.876,0.009,0.45562,-0.063,0.56509,0.014,0.639,0.149,0.688,-0.03846,0.561,0.12426,0.41420,0.11538,0.52767,0.032,0.282,-0.10651,0.47929,-0.017,0.416,0.031,0.331,0.278,0.31953,-0.14497,0.394,-0.003
1,1,0,0.352,0.213,0.847,-0.165,0.85122,-0.096,1.197,0.02448,0.74,0.02825,0.554,-0.04520,0.80791,-0.13748,0.51412,-0.153,1.056,-0.112,0.969,-0.004,0.33333,0.06215,0.489,-0.481,0.61444,-0.218,0.669,-0.02072,0.626,-0.203,0.67420,-0.272
1,1,0.0,0.84713,-0.029,0.434,-0.08493,0.877,0,0.906,-0.098,1.049,-0.13588,0.74947,-0.11677,0.901,-0.23,1.099,-0.21231,0.739,-0.10191,0.922,-0.155,0.89384,-0.028,0.684,-0.302,0.74115,-0.166,0.38,-0.22293,0.44,-0.37792,0.674,-0.24841
1,1,0,0.765,-0.08152,0.83424,0.096,0.84783,0.051,0.769,-0.02174,0.77174,-0.046,0.817,-0.096,0.67935,-0.00543,0.471,-0.268,0.83424,0.036,1.004,-0.033,0.97283,-0.282,1.225,-0.137,0.64,-0.10211,0.892,-0.037,0.78533,-0.116,0.79076,-0.006
1,1,0,0.74704,-0.113,0.432,0.139,0.9,0.1,0.47,-0.11067,0.997,-0.345,0.87945,-0.171,0.73715,0.04150,0.63043,-0.00395,0.63636,-0.105,0.79249,-0.334,0.732,-0.317,0.67194,-0.12,0.426,-0.139,0.333,-0.264,0.37549,0.095,0.517,-0.01383
1,0.952,0,0.46785,0.157,0.58980,0.005,0.55432,0.06874,0.489,-0.107,0.52993,0.01,0.63858,-0.16186,0.753,-0.037,0.54545,-0.117,0.589,-0.055,0.688,-0.199,0.619,-0.166,0.41463,-0.20177,0.53930,-0.087,0.862,-0.026,0.53659,-0.15,0.56319,-0.061
1,1.139,0,0.88116,0.373,0.75,0.42881,0.517,0.902,0.554,0.835,0.09831,1.01,-0.296,0.662,-0.35737,0.77500,-0.417,0.383,-0.78768,0.45535,-1.047,0.148,-0.83943,-0.113,-0.613,-0.26,-0.67557,-0.45511,-0.54732,-0.579,-0.30512,-0.713,-0.235,-0.75597
1,1,0,0.713,0.402,0.79917,0.425,0.668,0.495,0.381,1.155,0.04636,0.956,-0.207,0.95130,-0.505,0.453,-0.73329,0.62385,-1.227,0.225,-0.543,0.045,-0.826,-0.297,-1.142,-0.46906,-0.586,-0.69556,-0.41223,-0.85725,-0.13590,-0.93953,0.10007,-1.373
1,1,0.0,1.237,0.346,0.73232,0.505,0.365,0.58527,0.037,1.021,-0.072,1.165,-0.84,0.71996,-0.853,0.314,-0.51,0.541,-1,-0.00775,-0.73,-0.604,-0.76901,-0.45478,-0.57242,-0.67605,-0.31610,-1.199,-0.027,-0.775,0.179,-0.82127,0.00194,-0.81686
1,1,0,0.83479,0.374,0.914,0.396,0.255,0.367,0.253,1.177,-0.08096,1.114,-0.217,0.392,-0.52735,0.58425,-0.456,0.322,-0.75821,0.03939,-0.71225,-0.104,-0.689,-0.573,-0.296,-0.393,-0.16950,-0.393,0.091,-0.551,0.25164,-0.48468,0.40591,-0.35339
1,1,0.0,0.92870,0.33164,0.76168,0.62349,0.49305,1.087,0.21592,0.95193,-0.162,0.527,-0.5,0.562,-0.807,0.681,-0.87474,0.546,-0.924,0.05595,-0.948,-0.33,-0.73969,-0.373,-0.434,-0.558,-0.22323,-0.611,0.088,-0.87159,0.367,-0.653,0.59407,-0.757
1,1,0,0.83367,0.469,0.65541,0.565,0.34962,0.854,0.17293,0.734,-0.246,1.117,-0.332,0.929,-0.46,0.322,-0.74725,0.19492,-0.72180,-0.04,-0.792,-0.28195,-0.698,-0.53463,-0.391,-0.734,-0.012,-0.69706,0.327,-0.64428,0.354,-0.51206,0.48,-0.241
1,0.78,0.0,0.98455,-0.02,0.98058,-0.061,0.888,-0.096,0.943,0.021,1.286,-0.02604,0.98500,-0.101,0.99382,-0.058,0.562,-0.09532,0.901,-0.12224,1.293,-0.05252,0.95278,-0.08914,0.97352,-0.105,0.877,-0.12912,1.313,-0.151,0.637,-0.15755,0.688,-0.18800
1,1,0,1.242,-0.012,0.667,0.01001,0.702,-0.01472,0.866,-0.011,0.94641,-0.047,1.012,-0.018,0.97055,-0.03887,0.95465,-0.04064,0.573,-0.04711,0.735,-0.031,1.374,-0.066,1.169,-0.04476,1.162,-0.062,1.145,-0.112,0.91991,-0.06,0.92049,-0.07420
1,0.917,0,0.711,-0.14384,1.337,-0.00228,1.137,-0.17123,0.933,0.129,0.689,0.00228,0.977,-0.082,0.91324,-0.002,0.86758,-0.052,1.255,-0.21233,0.898,0.074,0.92009,-0.056,0.92466,0.076,1.405,-0.09252,1.291,-0.152,0.85388,-0.08676,0.96575,-0.279
1,1,0.0,0.661,-0.03390,1.161,0.094,0.527,-0.219,0.30508,-0.01,0.491,-0.106,0.653,0.37,0.83051,-0.207,0.392,0.023,0.427,0.03390,0.59322,0.30508,0.86441,0.05085,0.40678,0.15254,0.789,-0.00266,0.8,-0.03390,0.974,-0.15254,1.111,-0.122
1,0.586,0.0,0.33333,-0.25000,0.44444,0.15,0.38889,0.119,0.41667,0.13889,0.474,-0.145,0.61,-0.08443,0.397,0.234,0.55556,0.039,0.333,-0.25,0.47222,-0.049,0.293,-0.02778,0.38889,0.08333,0.334,-0.114,0.19444,-0.164,0.553,-0.15,0.096,-0.5
1,1.456,0,0.459,1.057,1,0.44,0.71178,0.80833,0.487,0.46427,0.205,0.948,0.21249,1,-0.207,0.762,-0.33081,1.02,-0.61382,0.553,-0.368,1.068,-0.974,0.626,-1,0.472,-1,0.098,-0.9,-0.183,-1,-0.42226,-0.517,-0.65557
1,1,0.0,0.749,0.49638,0.857,0.394,0.54916,0.933,0.35225,0.70792,0.13469,0.906,-0.138,0.746,-0.37604,0.612,-0.52742,0.683,-0.502,0.811,-0.547,0.24956,-0.735,0.017,-1.006,-0.29099,-0.79,-0.32792,-0.56,-0.19185,-0.447,-0.60454,-0.248,-0.62956
1,1,0,1.108,0.295,0.393,0.361,0.654,1.131,0.236,0.527,-0.13012,0.86947,-0.553,0.469,-0.59435,0.52070,-0.78470,0.322,-0.737,0.046,-0.62041,-0.312,-0.47412,-0.294,-0.28,-0.415,-0.073,-0.688,0.14690,-0.545,0.37093,-0.39167,0.48319,-0.24313
1,1,0.0,1.261,0.35107,0.75254,0.4,0.365,0.708,0.15323,0.95776,-0.21775,0.99,-0.56535,0.969,-0.858,0.665,-0.79,0.348,-0.836,-0.06418,-0.905,-0.40949,-0.726,-0.633,-0.36799,-1.095,-0.04578,-1.17,0.27330,-0.85762,0.705,-0.69613,1.077,-0.525
1,1.309,0,0.708,0.439,0.71976,0.68420,0.207,0.653,-0.11108,0.687,-0.31605,0.92453,-0.963,0.923,-0.92145,0.606,-0.66,0.064,-1,0.019,-0.773,-0.66278,-0.46010,-0.83,-0.13486,-0.822,0.16,-0.85137,0.443,-1.013,0.912,-0.46048,0.522,-0.13194
1,0.75,0.0,1.279,0.16195,0.982,-0.05558,1,0.014,1.087,-0.084,0.659,-0.01511,1.03,-0.01731,1.065,-0.06374,1,-0.037,0.834,0.06,1,-0.10108,1.368,-0.02685,1,-0.22978,0.834,-0.042,1,0.057,0.514,-0.175,1.001,-0.07439
1,0.958,0.0,0.95559,-0.001,1.037,-0.08,0.94982,-0.00461,0.838,-0.51171,0.92,0.062,1,-0.162,0.988,-0.025,0.926,-0.088,0.84013,0.61739,1,-0.16321,0.617,-0.049,1.162,-0.011,1.115,-0.01769,0.82427,-0.025,0.80634,-0.012,0.78761,-0.02039
1,1,0,0.43,0.298,0.64064,0.273,0.254,0.423,0.14177,0.83548,-0.162,0.78772,-0.306,0.929,-0.57165,0.373,-0.622,0.16755,-0.69977,-0.07,-0.828,-0.265,-0.476,-0.38287,-0.17437,-0.552,0.01523,-0.373,0.269,-0.214,0.31008,-0.23199,0.408,-0.093
1,1,0,0.88085,0.194,0.449,0.955,0.34816,0.875,0.087,1.138,-0.29784,1.264,-0.533,0.69590,-0.77106,0.402,-0.731,0.08408,-1.071,-0.24017,-0.44,-0.621,-0.39766,-0.68337,-0.129,-0.401,0.17041,-0.684,0.535,-0.552,0.56626,-0.36765,0.868,-0.094
1,0.561,0,0.89589,0.209,0.66129,0.899,0.199,0.666,-0.04787,0.94415,-0.45725,0.453,-0.841,0.58511,-0.889,0.251,-1.353,-0.15315,-0.655,-0.626,-0.598,-1.08,-0.14895,-1.237,0.21581,-1.097,0.297,-0.828,0.74846,-0.40656,0.807,-0.044,0.76862,0.27926
1,0.51,0,1,-0.324,1,-0.16,0.87342,-0.10127,1.273,0.018,1.062,0.11392,1.196,0.071,0.469,-0.022,0.648,-0.441,0.475,-0.01266,0.93671,0.06329,1,0.231,0.623,-0.37975,1.052,-0.061,0.593,-0.06329,0.53165,0.03,0.819,-0.02532
1,1,0,0.418,0.004,0.454,0.015,0.82638,0.036,0.728,0.024,0.347,0.086,0.454,0.04731,0.409,0.043,0.64706,0.19328,1.009,0.042,0.762,0.094,0.68895,0.07577,0.641,0.08403,0.63728,0.08296,0.515,0.013,0.58187,0.066,0.55330,0.08891
1,1.404,0.0,0.494,0.01809,0.992,0.01456,0.92046,0.019,0.686,0.08010,0.935,0.153,0.461,0.04320,0.90738,0.05018,0.728,0.039,1.382,0.0,0.853,0.07047,0.88430,0.075,0.813,0.10853,0.86923,0.08,0.87597,0.08786,0.85198,0.122,1.044,0.134
1,1,0.0,1,-0.01179,1.457,-0.005,0.929,-0.01565,1.262,-0.01565,1,-0.034,1.102,-0.014,0.766,-0.043,0.68,-0.039,0.766,-0.044,1,-0.036,1,-0.03,0.683,-0.04931,0.99842,-0.037,0.99400,-0.038,0.636,-0.06497,0.98971,-0.06668
1,0.618,0.0,0.697,-0.031,0.962,0.032,0.89505,0.008,0.92871,0.027,0.584,-0.00990,0.94059,-0.01584,0.91881,0.03366,0.93663,0.0,0.94257,0.01386,0.913,0.011,0.479,-0.01782,0.89307,0.023,1.251,0.015,0.986,0.002,1.241,0.04158,1.24,0.02376
1,1,0,0.653,0.011,1,-0.01773,1.306,0.01,0.583,0.069,1.235,0.03546,0.97872,0.01064,1.345,0.031,1.185,-0.029,1.299,-0.036,0.86170,0.115,0.588,0.09220,0.90071,0.06,0.906,0.041,0.94681,0.02482,0.822,0.01064,1.213,0.02128
1,1,0.0,0.239,-0.24242,0.62655,0.015,0.45455,0.071,0.63636,0.046,0.247,-0.21212,0.57576,0.15152,0.39394,0.0,0.601,0.04561,0.528,0.03030,1.014,0.147,0.441,-0.15152,0.278,0.058,0.652,0.06142,0.33333,-0.02,0.21,0.074,0.321,0.282
1,0.535,0,0.86689,0.418,0.748,0.82,0.336,0.83049,0.111,0.477,-0.24118,0.921,-0.51763,0.67577,-0.68714,0.464,-0.77019,0.09898,-0.854,-0.159,-0.591,-0.368,-0.277,-0.831,-0.036,-0.59954,0.153,-0.599,0.32309,-0.283,0.458,-0.19681,0.40956,0.01820
1,0.73,0,0.721,0.304,0.85,0.567,0.397,0.751,-0.04193,0.93345,-0.343,0.84414,-0.883,0.62078,-0.82680,0.30356,-0.86150,-0.054,-0.497,-0.452,-0.76,-0.773,-0.271,-0.779,0.06911,-0.628,0.33531,-0.687,0.467,-0.42086,0.422,-0.17343,0.60073,0.08660
1,1,0.0,1.113,0.316,0.65354,0.711,0.29921,0.95905,-0.13342,0.97820,-0.579,1.199,-0.79657,0.55086,-0.96631,0.15192,-0.93001,-0.195,-0.71863,-0.723,-0.57,-1.272,-0.02250,-0.954,0.201,-0.949,0.97,-0.61959,1.095,-0.252,0.696,0.136,1.032,0.529
1,1.358,0,0.641,1.219,0.375,0.057,0.12993,1.322,-0.239,0.93596,-0.31527,0.37685,-0.87192,0.414,-0.718,-0.08867,-0.38916,-0.34236,-0.46552,-0.82512,-0.056,-1.197,0.244,-0.16,1.087,-0.651,0.85471,-0.06831,1.068,1.402,0.238,0.003,0.17758,0.62
1,1,0.0,1.348,0.772,0.518,0.457,0.06061,0.203,-0.441,0.559,-0.405,0.48485,-0.57576,0,-0.641,-0.12121,-0.33333,-0.436,-0.09,-0.84848,0.48485,-0.57576,0.718,-0.374,1,-0.389,0.72961,0.179,0.57,0.52,0.204,0.36364,0.09091,0.247
1,0.651,0.0,1.114,0.0,0.94817,-0.025,0.93598,-0.009,1.103,0.01829,0.90244,0.016,0.93902,0.01,0.859,0.00305,0.874,0.02744,0.908,-0.01220,0.552,0.02439,0.91463,0.042,0.99695,0.04878,0.557,0.024,0.709,0.013,1.314,0.05488,0.97561,-0.018
1,1.029,0.0,0.82624,0.088,1.073,-0.08156,0.75,-0.011,0.92908,0.01064,0.80142,0.066,0.49,-0.01,0.94326,0,0.93262,0.20213,1.392,-0.01,0.91489,0.009,1.039,0.07092,0.817,0.15957,0.452,0.053,0.895,0.069,0.92553,0.144,0.92553,0.0
1,1,0,0.501,0.113,0.88706,0.008,0.88542,0.018,0.601,-0.01418,0.964,0.10638,0.882,0.02912,0.87235,0.044,1.207,0.043,1.226,0.049,0.85597,0.04743,1.004,0.05178,0.87234,0.12,0.83429,0.068,0.758,-0.037,0.53,0.078,0.492,0.07173
1,1,0.0,1.222,0.03727,0.732,0.00343,0.89210,0.00510,0.86335,0.0,0.95031,0.07453,0.714,0.011,1.043,0.01151,1.247,-0.046,0.68,0.037,0.67,0.013,0.83486,0.01749,0.79503,-0.062,0.82111,0.014,0.81988,0.062,0.648,0.017,0.784,0.035
1,0.78,0.0,0.97513,0.00710,0.98579,0.01954,1,0.01954,0.99290,0.011,1.433,0.029,1.369,0.025,1,0.049,0.97869,0.02131,0.917,0.073,0.882,0.065,0.94494,0.04,0.98401,0.034,0.918,0.084,1.199,0.08171,1.001,0.05,0.649,0.09947
1,0.708,0,0.78,0.014,1,0.01105,1,0.031,0.898,-0.022,0.99448,-0.002,0.98343,0.02320,1,0.009,1.241,0.00773,0.97901,0.017,0.87,0.00663,1.333,0.02099,0.584,-0.007,0.76,0.024,1.019,0.02,0.98564,0.031,1.386,0.02762
1,1,0,0.754,-0.016,0.898,0.017,1,-0.003,1.405,0.081,0.947,0.047,0.709,0.02908,1,0.048,0.936,0.03356,1,0.048,0.99776,0.067,0.719,0.094,1,0.10067,1.116,0.092,0.99105,0.071,1,0.10067,1,0.128
1,0.917,0.0,0.88420,0.36724,0.391,0.807,0.499,0.515,0.028,0.93182,-0.35148,1.251,-0.436,0.58842,-0.78658,0.38778,-0.925,-0.00642,-0.813,-0.32963,-0.728,-0.541,-0.277,-0.375,0.008,-0.69774,0.26028,-0.742,0.315,-0.525,0.54209,-0.21542,0.44,0.02823
1,1,0.0,1.041,0.41786,0.64131,0.579,0.30440,0.95148,-0.146,0.591,-0.55483,0.57,-0.481,0.50949,-1.254,0.10345,-0.536,-0.319,-0.39,-0.446,-0.32354,-0.88999,0.047,-1.046,0.592,-1.073,0.74105,-0.55231,0.847,-0.18725,0.774,0.241,1.028,0.54852
1,1,0.0,0.294,0.11042,0.232,0.24,0.198,0.74485,-0.156,0.91993,-0.16503,0.276,-0.63714,0.372,-1.276,-0.00337,-0.187,-0.19909,-0.30522,-0.27,-0.148,-0.89991,0.099,-0.343,0.311,-0.198,0.39599,-0.109,0.31005,0.032,0.21443,0.264,0.199,0.26422
1,1,0.0,0.65845,0.417,0.44681,0.74804,0.063,0.85106,-0.415,0.82139,-0.477,0.533,-0.946,0.07111,-0.746,-0.314,-0.47032,-0.71725,-0.035,-0.86002,0.223,-0.76316,0.411,-0.52128,0.762,-0.262,0.569,0.235,0.45185,0.59071,0.182,0.713,-0.145,0.939
1,0.637,0.0,0.19466,0.076,0.04198,0.154,-0.152,0.292,-0.18321,-0.201,-0.259,0.054,-0.527,0.09160,-0.16412,-0.442,-0.082,-0.39695,0.102,-0.17557,0.25,-0.11953,0.375,-0.134,0.163,0.149,0.03913,0.31092,-0.03817,0.26336,-0.167,0.16794,-0.433,-0.33588
1,0.61,0.0,0.98002,0.001,1.188,0,0.98982,-0.001,0.94721,0.025,0.872,0.017,0.97888,0.041,1.278,0.02338,0.93929,0.059,1.135,0.05279,0.97738,0.047,1.198,0.06241,1.079,0.08107,0.665,0.068,0.95701,0.08088,0.98190,0.104,1.394,0.069
1,1,0.0,0.82254,-0.07572,0.73,0.003,1.142,-0.013,0.86821,-0.052,0.848,-0.11734,0.592,0.029,0.577,-0.095,0.74798,0.06705,0.78324,0.074,1.017,-0.02370,0.78844,-0.08,0.74451,-0.025,0.541,-0.02731,0.88,-0.058,0.70058,-0.034,1.132,0.01214
1,1.009,0,0.33,-0.173,0.69387,-0.035,0.933,-0.044,0.55717,-0.078,0.61836,-0.10467,0.385,-0.065,0.583,-0.061,0.431,-0.26409,0.58213,0.026,0.33,-0.08771,0.46241,-0.08989,0.375,-0.00564,0.39146,-0.093,0.35588,-0.053,0.422,-0.057,0.2,-0.08300
1,1,0,0.81,0.011,0.609,0.00258,0.85821,0.004,0.79988,0.02304,0.81504,0.116,0.903,0.006,0.81815,0.005,0.82777,-0.094,0.518,0.03881,0.436,0.013,0.76,0.008,0.462,-0.002,0.70886,0.007,0.394,0.00849,0.795,0.01484,0.63887,0.02
1,1,0.0,0.66667,-0.014,0.604,0.072,0.49590,0.384,0.75683,-0.00273,0.65164,-0.087,0.464,-0.552,0.323,0.574,0.401,0.457,0.78552,0.102,0.338,-0.454,1,0.00683,0.60656,0.094,0.372,0.096,0.87568,0.075,0.55328,0.24590,0.163,0.48087
1,1.312,0,0.83508,0.059,0.705,-0.216,0.84349,-0.05567,0.769,-0.039,0.86,0.164,0.81197,0.06723,0.421,-0.131,1,-0.02101,0.96639,0.06618,0.87605,0.006,0.963,0.078,1.319,-0.054,1.238,0.00123,1.16,0.084,0.86660,-0.109,0.641,-0.04307
1,1,0,0.911,0.006,0.95183,-0.027,0.93438,-0.021,0.94590,0.019,0.96510,0.032,0.94171,0.092,1.038,-0.01326,0.836,0.00140,0.94834,0.041,0.632,0.111,1.093,0.10087,0.94520,0.01361,1.326,0.026,1.192,0.106,0.901,-0.0,1.341,0.04712
1,0.558,0.0,0.94701,-0.00034,0.475,-0.032,0.95177,-0.019,0.52,0.02446,0.94124,0.01,0.983,0.025,0.93954,-0.01461,0.94837,0.024,1.364,0.01393,0.91406,0.077,1.072,0.067,0.93988,0.019,0.92489,0.02542,0.839,0.023,0.92459,0.003,1.332,-0.003
1,1,0.0,0.761,-0.016,0.98122,-0.018,0.95691,-0.027,1.214,0.00110,0.89724,-0.03315,1.198,-0.019,0.90608,-0.026,1.342,-0.005,0.864,-0.109,0.88729,0.012,1.107,-0.013,0.91050,-0.02099,0.89147,-0.087,0.82983,-0.136,0.496,-0.03757,0.87403,-0.202
1,0.892,0,0.912,0.13533,0.389,-0.06151,0.503,0.116,0.766,-0.09139,0.78735,0.08,0.972,-0.003,1.093,-0.014,0.85764,-0.04569,1.272,-0.03515,0.81722,-0.118,0.71002,0.04394,0.86467,-0.154,0.777,-0.04822,0.396,-0.004,0.808,-0.088,0.85764,-0.089
