1,1.001,0.0,0.99539,-0.061,1.129,0.03,0.83398,-0.551,0.512,0.03760,0.85243,-0.202,0.666,-0.385,0.729,-0.38223,0.66,-0.38542,0.369,-0.374,0.56971,-0.29674,0.36946,-0.47357,0.624,-0.479,0.396,-0.46168,0.21266,-0.458,0.255,-0.54487,0.119,-0.501
0,1,0.0,0.542,-0.18829,0.98,-0.36156,-0.10868,-0.936,1.073,-0.04549,0.354,-0.451,0.427,-0.955,-0.302,-0.558,0.05499,-0.689,0.404,-0.731,-0.13151,-0.45300,-0.14,-0.35734,-0.171,-0.26569,-0.20468,-0.102,-0.173,-0.11593,-0.172,-0.061,-0.201,-0.02447
1,1,0,1.316,-0.022,1,0.003,1,-0.112,1.028,0.012,0.73082,0.039,0.85443,0.00827,0.54591,0.004,0.623,-0.18,0.38,-0.091,0.462,-0.176,0.553,-0.12062,0.862,-0.40220,0.58984,-0.149,0.596,-0.16,0.49,-0.175,0.56045,-0.38238
0,0.547,0.0,0.843,-0.613,1,1.249,0.71216,-1,0.0,0,0.0,0,0,0.0,-1.32,0.126,0.774,-0.487,-1,-0.573,-0.69975,0.854,0.0,0,0.76,0.661,0.51613,0.735,0.606,-0.20099,0.182,1,-0.279,1
1,1,0.0,1,-0.02401,1.07,0.073,1.255,-0.287,0.991,-0.16399,0.702,-0.28,0.496,-0.004,0.34395,-0.239,0.786,-0.21780,0.45107,-0.199,0.05982,-0.37,0.027,-0.291,0.029,-0.65158,0.13290,-0.303,0.036,-0.62197,-0.029,-0.359,-0.04608,-0.65697
0,1,0,0.018,-0.006,-0.09924,-0.163,-0.00763,-0.11824,0.164,0.045,0.02,-0.051,0,0.0,-0.029,-0.15540,-0.003,-0.053,-0.13,-0.063,0.01838,0.03669,0.013,0.00888,0.021,-0.015,-0.03240,0.09223,-0.075,0.005,0.0,0.0,-0.0,0.12011
1,1.141,0,0.97588,-0.155,1.3,-0.20800,0.92806,-0.42,0.85996,-0.322,0.6,-0.589,0.78225,-0.392,0.553,-0.61436,0.563,-0.68086,0.37852,-0.732,0.195,-0.698,0.447,-0.704,0.22792,-0.81634,0.087,-0.579,0.034,-0.82395,-0.031,-0.81318,-0.187,-0.805
0,0.0,0,0.0,0,0.0,0.0,1.055,-1.163,0.0,0,-1.404,-0.938,0,0.0,0,0,1.039,1,-1,-1,0.0,0.0,0,0.0,0.517,1.4,1,1.362,0.0,0.0,1.457,1,0.0,0
1,1.002,0.0,1.148,-0.104,1,-0.14333,0.881,-0.21313,1,-0.513,0.92570,-0.378,0.94510,-0.40668,0.90392,-0.46381,1.219,-0.228,1.162,-0.66020,0.908,-0.60589,1.025,-0.358,0.557,-0.827,0.765,-0.991,0.322,-0.63919,0.45114,-0.708,0.206,-1.059
0,0.825,0.0,-0.01864,-0.08459,0,0.0,0.0,0,0.11470,-0.335,-0.277,-0.38172,0,0.0,-0.454,0.38602,-0.541,0.15018,0.803,0.15,0.0,0.0,0.0,0,-0.121,-0.017,0.261,-0.015,0.0,0.0,0.16595,0.24086,-0.109,0.38065
1,0.716,0.0,0.538,0.062,1.371,-0.103,1,-0.238,1.185,-0.548,0.561,-0.54,0.831,-0.51874,0.90711,-0.59017,1.135,-0.66474,0.69876,-0.70997,0.70645,-0.422,0.936,-0.649,0.282,-0.89128,0.47211,-0.834,0.40303,-0.444,0.30996,-0.565,0.266,-0.89158
0,1,0,1,-0.716,1.428,-0.867,0.809,-1.401,1.169,0.323,1,-0.41119,1.21,1,1.116,-1.073,1.006,-0.431,1,-0.823,1,0.605,1.323,1.493,0.9,-0.40888,1,-0.62745,1.354,-0.961,0.899,-1,1,-1.441
1,1,0,0.756,-0.239,1,-0.10169,1.181,-0.2,0.838,-0.26,0.972,-0.196,0.95735,-0.29785,0.93719,-0.199,0.598,-0.28106,1.028,-0.43383,0.622,-0.582,0.82987,-0.501,0.958,-0.434,0.428,-0.58370,0.972,-0.68794,0.847,-0.586,0.64727,-0.693
0,1.423,0.0,0.904,-1.037,1.372,0.22280,0.85492,-0.5,0.823,-0.18,0.804,0.35147,1,0.052,1.475,-0.14767,0.735,-1.354,1,-0.567,0.839,0.15803,0.728,0.62349,1,-0.17012,1,0.486,1.067,-0.895,1,0.642,1.333,-0.18826
1,1,0,1.195,0.09,1.407,0.049,1.169,-0.05563,1,0.053,1,0.19651,0.96,0.27,1,0.12785,1,0.08,0.508,0.141,0.554,0.662,1.485,0.405,1,0.20033,0.609,0.454,0.984,0.48641,1,0.479,1.124,0.606
0,1,0.0,0.581,-1.404,0.665,0.256,-0.018,-0.534,1.048,-1.46,0.43685,-1,0.0,0,-1.414,-0.464,-0.37681,0.03623,1,-0.763,0,0.0,0,0.0,-0.16253,0.92236,0.568,0.26501,0.0,0.0,0.909,0.23188,0.0,0.0
1,1,0,1.367,0.06468,1.485,-0.013,0.97811,0.019,1.181,0.03,0.99274,0.089,0.952,0.10346,0.94212,0.037,0.88809,0.149,0.86104,0.08,0.458,0.11830,0.731,0.14442,0.81329,0.13412,1.175,0.164,1.072,0.144,0.638,0.132,0.506,0.061
0,0.0,0.0,0,0.0,-1,-0.863,1,0.735,-0.912,1.173,-1.239,1,0.584,-0.887,0.961,1,-0.689,-1.457,-1,1,1,-0.814,-1,1,-1.124,1.092,0.8,-1,-0.526,1.079,-1,-1.451,1.352,-1
1,1.062,0,0.489,0.017,0.66626,0.05031,0.356,0.18761,0.094,0.239,0.617,0.161,0.512,0.14285,0.78637,0.10976,0.657,0.177,0.14395,0.41224,0.53888,0.213,0.51420,0.22625,0.463,0.301,0.389,0.286,0.593,0.25306,0.216,0.345,0.983,0.368
0,0,0,0.836,-0.934,0.0,0.0,0,0,1,1.317,0.664,-1.014,-0.71875,1.292,0,0,-1,1,0.525,1,-0.719,1.213,0.887,0.333,-1,1.013,1.281,0.88,1.467,-0.576,0.754,1.325,0.577,1
1,1,0.0,0.587,-0.004,1,-0.09834,1.075,-0.081,0.786,-0.115,1,-0.108,0.932,-0.272,0.907,-0.137,0.92124,-0.31884,0.86473,-0.34534,0.91693,-0.353,0.96060,-0.46866,0.535,-0.40372,0.512,-0.211,0.641,-0.453,0.676,-0.593,0.455,-0.45039
0,0.0,0.0,1.072,0.904,0,0,0.0,0.0,-1,-0.688,0.0,0.0,0.0,0.0,-0.717,-1,-1.275,-1.241,-0.792,1.366,-0.973,0.618,0.0,0.0,0,0,1,-1,-0.528,1,-1,1,-1,1
1,0.928,0.0,0.702,0.078,0.691,0.044,1,0.09313,0.547,-0.05144,1.285,0.015,0.574,-0.068,0.87534,0.09831,0.76544,0.004,0.75206,-0.05295,0.387,-0.07905,0.352,-0.046,0.432,-0.07705,0.606,-0.018,0.49664,-0.008,0.51310,-0.0,0.69,-0.00182
0,0,0,-1.127,0.714,0.0,0,0.0,0.0,-0.866,1.444,1.399,1.124,0,0.0,0,0.0,0.669,-1,-1,0.868,1.412,0.919,0.0,0,-1.172,-1.085,1.377,-0.874,1.367,1,-1,1,0,0
1,1.405,0.0,1,-0.044,0.789,0.02942,1,-0.05131,0.628,-0.01707,1.165,-0.11726,1.101,-0.075,0.93392,-0.059,0.95,-0.07,0.337,-0.20367,0.94910,-0.401,0.506,-0.215,0.889,-0.34838,0.431,-0.406,0.73094,-0.513,0.54356,-0.326,0.72,-0.39487
0,1,0.0,1.486,0.614,0.525,-0.925,0.928,-1.232,1.256,-1.39,1.1,-0.792,1.146,-1,1.289,-1.211,1,-1,1.05,-1,1,-0.884,0.964,-1,1.402,-1,1,-1,0.911,-1,0.834,-1,1.448,-1
1,1,0,1,-0.071,1.307,-0.191,0.993,-0.925,0.762,0.587,0.95473,-0.499,0.709,-0.387,0.87937,-0.23433,1.176,-0.888,0.115,-1.374,0.90284,0.095,0.62357,-0.78547,0.299,-0.789,0.656,-0.769,0.40650,-0.89674,0.32984,-1.036,-0.143,-1
0,0.0,0.0,-1,-1.018,0.0,0.0,-0.895,1.271,1,-0.558,0.0,0,0.0,0,0,0.0,1,-0.593,-0.645,-1,0.806,-1,0.0,0,1.148,-1,-1.352,1.134,-1.041,-1,0,0,-1.345,1.165
1,1,0,1.08,0.108,1.248,0.17387,0.841,-0.158,0.588,0.468,0.911,0.47904,1.317,0.59113,1.21,0.70758,1.362,1.004,1,0.95099,1.217,0.552,1.1,1,0.863,1,0.67,1,0.74822,1.054,0.334,0.719,0.552,1
0,0,0.0,-1.204,-0.686,1,1.242,0.989,-0.512,-1.329,0.692,1,-0.634,-1,-1.163,0.0,0.0,0.671,1,-0.637,-1,1,-0.579,1.253,-1,1,1,0.519,-1,1.001,-1.207,-1.009,1,0.924,-1
1,1.073,0.0,1,-0.14236,0.641,-0.16256,0.783,-0.131,0.936,-0.041,1,-0.25010,1.115,-0.196,1,-0.188,1.37,-0.372,1,-0.62,1.14,-0.35519,0.603,-0.59661,1.385,-0.47643,1.085,-0.49687,1.324,-0.787,1,-0.75761,1.308,-0.889
0,0.665,0.0,1.219,-0.585,0.811,0.572,1.465,-0.731,1,-1,1,-1,1,-0.017,1.071,-1,1,1,0.643,-0.856,0.696,1.034,1,-0.651,0.0,0,0.842,1,1,-0.717,0.963,1.24,0.968,1
1,1,0.0,1.22,-0.126,0.93408,-0.146,0.786,-0.119,1.02,-0.159,0.445,-0.406,0.85269,-0.222,0.526,-0.35924,0.80681,-0.33632,0.403,-0.349,0.931,-0.47153,0.469,-0.75,0.446,-0.48086,0.382,-0.626,0.664,-0.59854,0.47075,-0.57377,0.42189,-0.58086
0,1,0.0,0.71253,-0.02595,0.41287,-0.23067,1.144,-0.1,0.99709,-0.115,1.485,-0.10951,0.813,0.76,0.706,-1.025,0.82270,-0.108,1.009,-0.156,-0.142,1.259,0.51933,0.05456,0.967,-0.149,0.93124,-0.359,0.842,-0.228,0.757,-0.87354,-0.23186,-1.432
1,0.569,0.0,1,-0.204,0.642,0.214,0.83443,-0.471,1,-0.28207,1,-0.557,0.79962,-0.171,0.76837,0.14638,1.073,0.237,1.137,0.213,1.191,-0.01,1.264,-0.91338,1,0.125,1,-0.137,1,-0.167,0.871,0.53372,1.12,-0.324
0,0.527,0.0,0.643,-0.629,0.684,1.077,0.597,-0.67321,0.80893,-0.395,1.041,-1.16,1.116,-0.9,0.912,0.38,0.17589,0.381,1,0.742,0.825,1.048,1,-1,1,0.85357,1.177,-0.08571,0.95982,-0.36250,1.374,0.65268,1,0.472
1,1.4,0.0,0.702,0.006,1,-0.018,0.883,-0.02960,0.637,-0.07014,1.116,-0.062,1.353,-0.092,0.97261,-0.059,0.92561,-0.13665,0.94184,-0.108,1.428,-0.142,1.403,-0.13565,0.66,-0.227,0.688,-0.183,0.85644,-0.18552,0.83777,-0.20101,0.55,-0.20766
0,0.0,0,1,1,0.806,-1.039,0.0,0.0,0.0,0,-0.558,-1.443,0.0,0.0,0.0,0.0,-1.374,1,1.055,1,-1,0.894,-0.973,1,1.421,-1,1.24,1,-1,0.938,1.457,1,0.0,0
1,1,0.0,1.153,0.04347,0.94191,0.015,1.128,0.071,0.93582,0.018,0.91911,0.06348,0.817,0.12067,0.92048,0.041,1.282,0.185,1.233,0.098,0.80983,0.072,1.092,0.075,0.75755,0.074,0.73550,0.115,0.543,0.194,0.855,0.10754,0.654,0.11447
0,1.306,0.0,1,0.031,1.345,0.061,0.82,0.038,0.61745,-0.618,0.91036,0.129,0.62,0.53640,0.82077,0.179,0.634,0.15189,1,0.41003,0.399,0.19,0.765,0.14,0.301,0.205,0.48867,0.09,0.43481,0.158,0.526,0.14677,1,1
1,1,0,0.716,0.06538,0.933,0.223,0.806,0.227,0.93051,0.29,0.487,0.248,0.894,0.50082,0.79555,0.52321,0.65954,0.851,0.556,0.62999,0.426,0.339,0.515,0.6,0.34384,0.733,0.24,0.838,0.19296,0.70682,0.061,0.984,0.104,0.71444
0,0.809,0,-1.169,-1.441,1.006,1.467,1,-0.129,0,0.0,-1.428,1.14,1,1,0.217,-0.922,-0.961,-0.605,0.131,-0.88,1.323,-1.479,-1,1,-1,-1.034,1,-0.723,-1.116,-1,1,1,0.0,0
1,0.567,0.0,1.341,0.108,0.483,0.095,1,0.171,0.55187,0.68154,0.70207,0.36719,0.136,0.42739,0.709,0.348,0.51067,0.726,0.2,0.12967,0.278,0.717,0.31274,0.637,0.293,0.842,0.136,0.554,0.12635,0.56101,0.093,0.589,0.12137,0.67739
0,1.354,0.0,-0.857,-0.804,1.354,0.82857,1.346,-1.196,1.254,-0.23393,1,1.026,1,-0.37679,1.474,-1.33,0.609,0.13839,1,-0.508,1,-0.046,-1.156,1,0.53750,0.446,1,1.423,0.823,-1,0.675,-1,0.904,-1.226
1,1,0,0.99025,-0.082,1.192,-0.072,1.465,-0.19430,1.471,-0.196,1.084,-0.30130,1.001,-0.469,0.692,-0.43796,0.84922,-0.733,1.259,-0.496,0.478,-0.616,0.74725,-0.626,0.655,-0.68479,0.65247,-1.068,0.696,-0.75353,0.54752,-0.902,0.639,-0.83245
0,0,0,0.0,0.0,0.0,0,0.0,0,1,1.048,1,0.503,0.0,0,0.0,0.0,-0.312,-1,-1.428,-1,0.0,0,0.0,0.0,-0.923,-0.663,-1,-1,-0.909,1.229,1.066,0.0,0.0,0
1,1,0.0,1,-0.055,0.769,-0.061,0.99601,-0.163,1.475,-0.07,0.98941,-0.167,0.96674,-0.21695,0.974,-0.34,0.91236,-0.499,0.826,-0.229,0.841,-0.443,0.87874,-0.19,0.86213,-0.464,0.83172,-0.465,0.81433,-0.42593,1.069,-0.419,0.422,-0.50152
0,0.702,0,0.94598,-0.017,-1.352,0.26131,-0.36393,0.29,0.364,-0.744,0.926,-0.044,-0.257,-0.005,-0.539,0.133,1.033,-0.319,0.735,-0.50424,-0.282,-0.31454,-0.73864,0.37361,0.916,-0.46734,0.52208,-0.847,0.584,-0.61393,-0.077,0.20477,-0.059,0.41913
1,1,0,0.98166,0.009,0.98103,-0.02,1.132,-0.073,0.95947,-0.06971,0.99004,-0.045,0.94713,-0.11102,0.77,-0.124,1.287,-0.098,0.459,-0.19200,0.644,-0.22,1.153,-0.201,0.6,-0.165,1.057,-0.238,1.152,-0.223,0.76911,-0.257,0.74323,-0.23902
0,0.887,0.0,0,0,0.592,0.406,0.0,0.0,0.097,-1.017,0.0,0.0,0.0,0.0,-1,-0.147,-0.55711,-0.884,0.76940,0.832,0,0,0.403,0.35668,-0.90302,0.44828,1,-0.525,-1.213,0.408,0.0,0,0.0,0
1,0.973,0.0,0.84134,-0.218,0.43644,0.02919,1.366,-0.00267,1.092,0.11,0.756,-0.01789,0.88559,0.591,0.68,-0.57486,0.75000,-0.316,0.729,-0.20104,0.845,1.078,0.289,-0.096,0.881,-0.02778,0.817,-0.007,0.425,-0.32298,1.154,-0.25706,0.93323,-0.013
0,0,0.0,0.691,1.178,1,-1.275,0.0,0,0,0,1.148,1,1,0.904,-1,-0.66,1.264,-0.618,-1.216,0.528,0.0,0.0,0.574,-1,1,-1.415,1,1,-1.015,-1.209,0.0,0.0,0,0.0
1,1,0.0,1,1,0.689,1,0.5,0.587,-0.26970,1,-0.921,0.901,-0.928,0.782,-1.298,0.741,-0.668,-0.449,-0.868,-0.42052,-0.714,-1,-0.588,-0.672,1.296,-0.83,0.919,-1,1,-0.607,1,-0.369,1,0.34845
0,1.444,0.0,-0.954,-1,-1,1.24,0.874,0.63317,0.03,-1.287,-1,-1,1,1,1.04,-1,-1.023,1,1.146,1,0.679,-1.412,-1,-1.046,-0.184,1,0.669,-1.127,-1.392,-1.124,-0.519,1,1.399,0.377
1,1.374,0.0,1.247,0.08143,1.225,-0.082,0.696,-0.053,0.96097,-0.034,0.94717,0.01,0.86,-0.16795,0.94612,-0.19497,0.815,-0.41,0.474,-0.35902,0.574,-0.27316,1.299,-0.29807,0.99899,-0.574,0.959,-0.329,1.368,-0.357,0.83951,-0.52,0.82166,-0.41173
0,1.307,0,0.088,-0.20685,-0.814,1.363,-1,1,0.885,0.608,-0.76,-0.719,-1,-0.911,-0.937,0.964,-0.02753,0.822,-0.51,-0.42113,-1.046,-0.54,-1,-0.371,-1.146,0.23810,1.448,-1,-0.928,-0.409,-1,-1,-1,0.513
1,1,0.0,1.271,-0.031,1.428,-0.036,1.451,-0.06682,1,-0.085,0.851,0.362,1,-0.102,1,-0.14522,1,0.288,1,-0.203,0.99484,-0.18949,1.058,-0.20081,1.124,-0.79,1.18,-0.227,1.001,-0.22370,0.844,-0.277,0.73992,-0.219
0,0.0,0.0,-1.018,1,0.535,-1.487,-0.631,1,0,0.0,1,1.122,-1,-0.18750,1.362,1.18,-1,-0.552,0.955,-1.134,-0.593,-0.895,0.841,0.52,1,-1,1,1,0.791,1.345,0.0,0.0,-1,-1
1,1,0.0,1,0.072,0.94525,0.093,0.911,0.165,0.942,-0.01911,1.154,0.07033,1.007,0.093,1.228,0.134,0.90896,0.217,0.96741,0.16265,0.99695,0.172,0.725,0.11,1.207,0.236,0.53,0.285,0.88568,0.22511,0.78324,0.214,0.83574,0.378
0,1,0.0,0.17188,-0.783,-1,1,0,0.0,0,0,-1,1.038,0.0,0.0,-0.61354,-0.465,0.969,0.36146,0.48,0.144,0.0,0.0,-1.404,-0.172,-1.109,0.667,1,1.163,-0.748,0.67708,0.0,0.0,0,0.0
1,1.115,0,1.37,0.09771,0.936,0.078,0.963,0.136,1.323,0.068,1.387,0.174,0.514,0.256,0.89241,0.154,0.85529,0.186,0.83656,0.33129,0.95,0.31698,0.822,0.381,0.76193,0.34658,0.68452,0.42746,0.62764,0.306,0.609,0.651,0.561,0.50903
0,0.842,0,0.01667,-0.522,0,0.0,0.0,0.0,0.0,0,0.0,0,0.0,0.0,0.132,-0.295,0.22813,0.802,1,-0.275,0.0,0.0,0.042,-1,-0.132,-0.16667,0.743,-0.76667,-1,0.18854,0,0.0,1.108,-0.175
1,1.319,0,1,0.122,1.488,0.16334,0.94616,0.285,1.246,0.298,1.265,0.37107,0.784,0.538,1.069,0.49225,0.78473,0.264,0.685,0.491,0.81,0.39,0.55586,0.64720,0.558,0.391,0.43317,0.508,0.252,0.579,0.33921,0.66844,0.282,0.78685
0,1,0,0.63816,0.505,0.243,-1.485,1,1.379,0.87719,0.225,-0.588,1.039,-0.073,0.58772,0.021,0.074,-0.644,-1,0.086,-0.018,0.42,-0.37,-1,1.124,0.80921,-1.363,1.025,-0.07,1,0.551,0.20614,-1,0.868,1
1,1,0,1.33,-0.41457,0.844,0.76131,0.595,0.23,1,-0.111,0.93844,0.456,0.65452,-0.16080,0.682,0.008,0.97613,-0.437,1.093,-0.196,0.679,-0.19095,1,-0.074,0.755,0.12,0.997,-0.099,0.603,-0.156,0.43970,0.298,0.51382,-0.06
0,1,0.0,0.623,0.107,1.402,0.38,1,-1,0.776,0.08424,0.537,0.199,0.994,0.426,0.527,0.184,1.229,0.02672,0.58424,-0.355,0.976,0.63496,0.561,0.286,0.91033,-0.493,1,0.188,0.37681,-0.01947,1,0.22464,1.041,0.341
1,1,0.0,0.883,0.28046,1,0.02477,0.753,0.058,1.4,0.061,1.149,0.33266,1,0.074,1.434,0.048,0.584,-0.24598,0.863,-0.057,1.055,0.043,0.99933,0.312,1,-0.302,0.614,-0.02174,0.86747,0.132,0.94578,-0.236,1.176,-0.07329
0,0,0.0,1.421,-0.938,1,-1,1,-1.374,1.362,-0.517,1,1,0.53,1,0.894,-1.443,1.46,1,1,1.264,1,0.973,1.417,-1.191,0.867,-0.806,1,-1,0.654,0.814,0.0,0.0,0.557,-1
1,1,0,1,0.787,0.665,0.438,0.633,1.266,0.275,0.80541,-0.43872,0.68,-0.79135,0.77092,-1,0.268,-0.274,-0.516,-0.83,-0.498,-0.73083,-0.765,-0.311,-1.421,0.597,-1.171,0.27,-0.93296,0.342,-0.606,1.128,-0.35222,0.98816,0.03446
0,0.53,0,1.349,1.306,0.716,-0.561,1,-0.841,1,0.618,0.552,1.185,1,1.272,1,-0.538,1,1,1.483,1,1.026,1.25,1.263,0.606,1,1.261,0.806,0.482,0,0,1.371,-1,1.268,-1
1,1,0.0,1.428,0.047,1.017,0.18281,0.561,0.243,0.635,0.25068,0.505,0.348,0.605,0.335,1,0.31674,1.073,0.76,1.006,0.48,1,0.61267,1,0.805,0.781,0.68326,0.835,0.71374,1.2,0.67149,0.669,1.088,0.71493,0.75837
0,0,0.0,0.577,-1,1.323,1,-1.03,-1,1.479,-1,0.0,0,0.0,0.0,-1.14,1,1,-1.14,0.961,-1.181,-1.097,1.116,1,-0.908,1,-1.467,0.88,-1.23,-1.034,-1,0.0,0,1.493,-1
1,1.07,0.0,1.265,0.084,0.96760,0.231,0.805,0.185,0.721,0.432,0.92867,0.46281,0.86265,0.707,0.82820,0.333,0.464,0.385,0.69003,0.73140,0.54473,0.566,0.72,0.576,0.40615,0.74689,0.243,0.83796,0.14,1.147,0.13756,0.785,0.09048,1.272
0,1,0.0,0.69444,0.415,0.0,0.0,-0.183,0.507,0.0,0,0.0,0.0,0,0.0,0.279,-0.123,0.21032,0.288,0.63,1.072,0.0,0.0,0,0.0,0.73413,0.27381,0.464,0.63492,0,0.0,0,0.0,0,0
1,1.414,0,1.46,0.05070,0.77,0.10827,1.14,0.19498,1,0.352,1,0.303,1,0.38261,0.94575,0.285,1.065,0.269,0.382,0.687,0.80644,0.545,0.859,0.477,0.749,0.63942,0.856,0.69435,0.565,0.698,0.359,0.738,0.324,0.75243
0,0,0.0,0.957,1,0.0,0,1.206,-1.355,1.493,-1,1.478,1.048,1.428,1,0.874,-0.831,1,1,1,1,1,-1,-1.136,-1,1.341,-1.229,1.066,-0.663,0.561,1,0.0,0.0,1.032,-0.923
1,1.278,0,0.769,0.04078,1.352,0.11982,0.926,0.119,0.689,0.27921,0.704,0.455,0.866,0.198,0.753,0.39749,1.189,0.497,0.78619,0.417,0.79400,0.575,1.045,0.41,0.92,0.59723,0.58903,0.60990,0.53952,0.60932,0.45312,0.58,0.436,0.776
0,0,0.0,0.584,1,1.092,-1,1.062,1.337,1.07,0.702,0.623,0.8,0.863,1.327,1,1.173,1,-1,-1,1,-1,1,-0.949,1,1.457,-0.825,1.124,1,-0.983,1.125,-1,-0.998,-0.814,0.961
1,1,0,0.843,0.24168,0.729,0.28,0.754,0.967,1.292,1,1,0.934,1.16,1,1,0.782,1,1,1.467,0.592,0.944,0.678,0.749,0.525,0.343,1.366,0.49,1,0.095,1.113,-0.17370,0.969,-0.81383,1
0,0.0,0,1,0.83,0.786,-0.654,0.5,0.735,-1.082,1.075,0.0,0.0,1,0.887,0,0.0,0,0.0,-0.577,0.664,-1,1,1.078,1,1,-1.213,1,0.875,1,1.317,0.619,-1,-1.061,1
1,1,0.0,0.587,-0.06604,1.366,0.62937,1,0.09557,1.178,0.20280,1,-0.69,1,-0.397,1.275,-0.127,0.841,0.03,1,-0.9,0.742,-0.26573,0.932,-1.072,1,-0.491,0.904,-0.792,0.688,-1.241,1,-0.902,0.66,-0.48252
0,0.0,0,1,-1,0.901,0.607,0.618,1.112,0.938,1.021,0.691,1,1,-1,1,-1,1.015,1.209,1,-1,1.264,1,1.415,1.298,1.216,-1.044,0.574,0.73,1,-0.785,0.528,0.792,1,-1.325
1,1.399,0,1.001,0.07804,0.619,0.135,0.702,0.24618,0.894,0.35197,0.78801,0.366,0.388,0.436,0.55,0.56476,0.60459,0.657,0.5,0.464,0.574,0.66975,0.34232,0.68343,0.305,0.7,0.164,0.818,0.09694,0.71038,0.016,1.061,-0.027,0.69509
0,1,0.0,0.456,-0.17314,0.82332,0.21908,0.608,0.474,0.302,0.657,0.679,-0.214,0.015,0.44523,0.01060,0.561,0.262,0.41168,0.092,0.36353,0.041,0.30745,-0.00083,0.28,-0.02862,0.218,-0.045,0.18,-0.03,0.082,-0.024,0.097,-0.04013,0.04586
1,1,0.0,0.612,-0.02811,0.913,-0.05178,0.80621,0.014,0.775,0.02515,0.397,0.081,0.513,0.113,0.851,0.05178,0.78550,-0.27811,0.829,-0.01479,1.108,0.06953,0.34615,-0.098,0.65385,0.02811,0.775,-0.093,0.796,-0.222,0.569,-0.084,0.62,0.027
0,1.062,0.0,0.449,-0.06343,0.783,0.057,0.911,1.232,0.411,0.221,0.702,0.186,0.333,-1.0,0.482,0.637,0.66791,-0.10448,0.46642,-0.092,0.65574,0.202,1.207,0.37,0.47015,0.16418,0.49309,0.14630,0.26,-0.02612,0.39118,0.145,0.34411,0.12755
1,1,0,0.928,0.044,0.979,-0.121,0.856,0.045,0.66038,-0.047,0.64528,0.01132,0.68,-0.13962,0.64,-0.019,0.865,0.117,0.61887,-0.07925,1.02,-0.226,0.893,-0.14717,0.76,-0.15094,0.629,-0.037,0.993,0.026,0.86415,0.043,0.73208,0.00755
0,0.841,0.0,0.378,-0.05000,0.706,0.022,0.593,0.417,0.79,-0.048,0.48182,-0.16818,0.81809,0.09559,0.56818,1.217,0.302,0.21818,0.66818,0.055,1.134,-0.30000,0.98636,-0.535,0.57273,0.235,0.519,0.14673,0.547,0.092,0.363,0.199,1.08,1
1,1,0.0,0.334,-0.01,0.425,0,0.464,0.157,0.274,-0.05882,0.56471,0.186,0.46667,0.103,0.381,-0.067,0.721,0.01569,0.464,0,0.308,0.06667,0.58039,0.066,0.699,0.00392,0.49,0.126,0.46275,0.043,0.475,0.23529,0.573,0.17255
0,1.038,0.0,0.548,0.182,0.179,0.168,0.199,0.319,-0.027,0.44318,0.04517,0.251,-0.23,0.372,-0.081,0.274,0.02727,0.40455,-0.272,0.12727,-0.223,0.059,-0.174,0.36364,-0.14003,-0.04802,-0.09971,-0.045,-1,-1,-0.029,-0.07464,-0.007,-0.06314
1,1,0.0,0.948,-0.21996,0.553,0.36373,0.638,0.281,0.85086,0.05901,0.90558,-0.029,0.897,0.25000,0.966,0.278,0.482,0.57940,0.406,0.354,0.757,0.27575,1.37,0.189,0.629,0.52039,0.588,0.389,0.80901,0.58584,0.596,0.454,0.504,0.54185
0,1,0.0,0.84557,-0.08580,-0.203,-0.541,-0.124,-0.56435,0.654,0.04576,0.575,-0.008,-0.18494,0.63966,-0.20019,-0.365,0.85701,-0.11,0.901,-0.168,-0.092,0.619,-0.34128,0.745,0.734,-0.028,0.904,-0.25288,0.77884,-0.102,-0.107,-0.78170,-0.108,-0.793
1,1,0.0,0.70870,-0.18,0.549,0.062,0.45217,0.271,0.885,0.18261,0.38,0.337,0.854,-0.169,0.664,0.442,0.38696,-0.448,0.311,-0.26087,0.163,0.102,0.703,-0.03845,0.31304,-0.12174,0.49930,-0.049,0.724,-0.04448,0.454,-0.312,0.50435,0.14783
0,1,0,-0.812,0.184,-0.33746,0.404,0.709,-0.13932,0.358,-0.08,0.20743,-0.122,0.416,0.133,0.56347,-0.15480,0.143,0.228,0.465,0.03406,0.517,0.052,-0.63777,-0.791,1.137,0.396,0.41348,-0.417,-0.085,0.11146,0.02,0.317,0.52632,-0.08978
1,1,0.0,0.29202,0.115,0.619,0.115,0.415,-0.00509,0.567,0.20883,0.52462,-0.186,0.644,-0.04754,0.55518,0.042,0.85,-0.26,0.427,-0.04244,0.289,0.06621,0.275,-0.143,0.577,-0.028,0.50369,-0.03351,0.34635,0.094,0.423,-0.021,0.526,-0.03226
0,1,0.0,0.584,0.16851,0.0,0,0.777,0.06874,0.392,1.141,0.472,0.99557,-0.036,0.339,0.23725,0.12860,-0.014,1.334,-0.50998,0.656,-0.149,0.285,-0.42572,0.23725,-1.078,0.598,-0.177,0.857,-1,0.633,-1,0.081,0.0,0
1,1.362,0.0,0.90116,0.17,0.484,0.523,0.795,0.50515,0.392,0.781,0.44303,0.81152,0.24412,0.772,0.067,0.85038,-0.177,0.704,-0.216,1.16,-0.438,0.696,-0.819,0.53805,-0.609,0.227,-0.972,0.25835,-0.72369,0.11218,-0.71475,-0.029,-0.67699,-0.19904
1,1,0.0,0.86,0.28,0.82683,0.675,0.71771,0.742,0.377,0.47,0.31409,0.92643,0.10289,0.93945,-0.13254,0.84290,-0.455,1.298,-0.52145,0.986,-0.362,0.324,-0.906,0.33537,-0.553,0.1,-0.83314,-0.02,-1.189,-0.23,-0.894,-0.463,-0.583,-0.49700
0,0.618,0,-0.825,-0.606,0,0.0,0.356,-0.642,0.73,0.32899,-0.606,-0.35,0,0.0,0,0,1.332,-0.143,0.243,-0.804,1.128,-1.263,-1,-1.002,0.68,-0.59609,-1,-1.026,-1,-1,1,-1.25,0.0,0
1,1,0.0,0.74084,0.04,0.79074,0.02543,0.661,0.03793,0.366,0.053,0.67801,0.317,0.75934,0.087,0.74695,0.114,0.70681,-0.07853,0.872,0.0,0.501,0.11355,0.68183,0.106,0.376,0.179,0.838,0.173,0.369,0.094,0.302,0.218,0.536,0.15114
0,1.271,0,1,-1.401,0.0,0.0,0.701,-1.417,0.699,0.334,-0.41912,-0.94853,0,0.0,0.0,0.0,0.72059,-0.695,1.06,-0.60294,0.0,0.0,0.185,-0.891,-1,-0.961,-1,-0.867,1.321,-1.073,1,-1,0,0
1,0.558,0,1,0.016,0.96215,-0.018,1,-0.039,1.493,-0.05071,0.99026,-0.07092,0.803,-0.068,0.922,-0.179,1.03,-0.147,0.98310,-0.175,1.467,-0.181,1,-0.237,1.335,-0.14,0.808,-0.20243,1.383,-0.17123,1.138,-0.163,0.87011,-0.23296
0,0.0,0.0,0.0,0.0,0.0,0,0,0,0,0.0,0.0,0.0,0,0.0,0,0,0,0,0.0,0,0.0,0.0,0.0,0.0,0.0,0.0,1.333,-1,0,0.0,0.0,0.0,0.0,0
1,1.195,0,0.579,-0.061,0.63318,-0.172,0.96365,-0.18242,1.134,0.08460,0.92003,-0.008,0.939,-0.366,1,-0.452,0.55,-0.129,0.513,-0.258,1,-0.382,1.239,-0.39458,1.067,-0.19233,0.861,-0.31565,0.81428,-0.308,1.313,-0.473,0.528,-0.41573
0,1,0.0,0.28409,-0.289,0,0.0,0.437,-0.96,0.458,0.95833,0.344,0.06439,0.397,-1.239,0,0.0,0.59091,-0.445,0.431,-0.621,0.0,0,0.0,0.0,0.24242,0.17803,1,-0.182,0.065,-0.321,0.108,-0.70076,0.0,0
1,1.341,0,0.94490,-0.49311,1.206,-0.042,1.338,-0.439,0.831,0.66942,1,-0.137,1,-0.096,1.066,-0.125,0.874,-0.17681,0.591,-0.20491,1.485,-0.23452,1.229,-0.365,1,-0.279,1,-0.492,1.032,-0.36931,0.561,-0.288,1,-0.319
0,1,0.0,0,0.0,0.0,0.0,0.0,0,0,0,0.428,0.814,0,0.0,0.0,0,0.36585,-1.044,0.817,-1.079,0.0,0.0,0.0,0.0,0.0,0.0,1,0.10976,0.0,0,0,0.0,0,0.0
1,1,0.0,1.064,0.00526,0.826,-0.06,0.728,-0.16431,0.617,-0.053,0.96484,-0.07496,0.905,0.02966,0.849,-0.277,0.93881,-0.12977,0.848,-0.08935,1.202,0.00075,0.876,-0.075,1.096,-0.19872,0.615,-0.198,0.914,-0.186,0.80253,-0.175,0.613,-0.27794
0,1.017,0.0,0.10135,0.143,0.0,0,0,0,0.635,0.82432,0.163,1.013,0,0,0.0,0.0,0.271,-1.467,0.25,-1.366,0,0.0,0.0,0.0,-0.42568,-0.88,1,-0.719,0.55405,-0.221,0.0,0,0,0.0
1,1,0,0.907,-0.57224,0.838,-0.73371,0.554,-0.97450,1,-0.35818,1,-0.182,0.504,-0.928,1.061,-0.376,0.83,-0.696,0.443,-0.445,1.412,-0.587,0.515,-0.497,0.61946,-0.76904,0.53777,-0.77986,0.681,-1.078,1,-1.082,0.361,-0.466
0,1,0.0,0.797,-0.466,0.0,0,0.0,0.0,0.51,1,1,-0.28030,0,0.0,0.0,0.0,0.732,-0.22727,0.84091,-0.792,0.973,-1.415,0.0,0.0,0,0.0,1,-0.648,-0.12,-0.93182,0,0.0,0.0,0
1,0.782,0,0.86284,0.174,0.845,0.342,0.67203,0.55785,0.337,0.69962,0.285,0.81533,0.19617,0.52,-0.04061,0.58,-0.224,0.77,-0.415,0.671,-0.352,0.388,-0.415,0.456,-0.55,0.341,-0.591,0.051,-0.634,-0.07816,-0.54866,-0.19923,-0.42912,-0.31954
0,1,0,0.605,-0.56,0,0.0,1,-1.412,0.787,0.714,0.372,0.896,0.0,0,0,0,0.923,-0.283,0.84000,-1,0.0,0,0.0,0.0,0.21000,0.93,0.868,0.234,0.0,0.0,0,0,0.0,0.0
1,1.405,0.0,0.679,0.23395,0.91404,0.692,0.78020,0.813,0.319,1.173,0.322,0.873,0.09467,0.88248,-0.317,0.574,-0.34168,0.96,-0.51360,0.331,-0.725,0.44614,-0.966,0.182,-0.741,0.03591,-0.426,-0.148,-0.892,-0.28183,-0.51251,-0.44505,-0.37432,-0.421
0,0.964,0.0,1.148,0.757,-0.665,0.716,-0.419,0.55735,0.075,0.418,-0.18599,-0.10241,-0.03158,-0.103,0.01401,-0.044,0.009,-0.00537,0.004,0.001,0.00048,0.00075,-0.0,0.0,-0.0,0.00002,-0.00001,0.0,0.0,0.0,0,0.0,0,0
1,1,0.0,0.311,-0.102,0.33333,0.07143,0.19048,0.19048,0.23810,0.115,0.499,0.033,0.30952,-0.04762,0.249,-0.065,0.321,-0.136,0.33333,0.062,0.30952,0.0,0.19,-0.11905,0.335,-0.038,0.32,-0.033,0.19048,0.0,0.188,-0.017,0.177,-0.01877
0,1,0,1.345,-0.14754,0.952,0.04918,0.548,-0.009,0.65574,0.014,0.82,-0.039,0.917,0.0,0.781,-0.244,0.19672,-0.093,0.886,-0.179,0.434,0.026,1.131,-0.344,0.31148,-0.34426,0.52385,-0.20325,0.377,-0.03279,0.284,-0.263,0.49180,-0.06557
1,1,0,0.98182,0.0,1.072,0.03131,1.116,0.04572,0.58,0,0.513,0.04545,0.944,0.071,0.616,0.116,0.62727,0.275,0.829,0.12727,0.70674,0.066,0.77,0.184,0.412,0.22727,0.387,0.15088,0.36,0.022,0.553,0.16465,0.423,0.161
0,1,0,0.363,0.52381,-0.949,0.11342,-0.085,-0.76378,0.832,0.01190,0.992,0.40476,-0.67230,0.213,-0.239,-0.369,0.607,0.206,0.552,0.063,-0.348,0.44961,-0.592,-0.597,0.32143,0.365,0.514,0.38848,0.57143,0.25,-0.723,-0.331,0.357,-0.55837
1,1,0.0,0.86889,-0.068,0.553,-0.02494,1.038,-0.044,0.87778,0.00222,0.504,-0.075,1.342,-0.097,1.308,-0.2,0.745,0.042,0.966,-0.03778,0.936,-0.11526,1,-0.12,0.84444,0.052,1,-0.158,0.615,-0.14667,1.053,-0.214,1,-0.44222
0,1,0.0,0.43636,-0.074,0.56,-0.141,0.167,-0.67273,0.371,-0.033,0.245,-0.055,0.29091,0.29091,0.242,-0.41818,0.207,-0.02,0.208,0.05455,0.12727,0.266,0.61818,0.107,0.479,0.127,0.3,-0.07027,0.34545,-0.05455,0.155,-0.451,0.202,-0.29091
1,1.155,0.0,1,-0.594,0.931,0.999,0.625,-0.05660,0.62264,0.0,0.709,-0.00054,0.45283,0.07547,0.62264,-0.046,0.98878,-0.001,0.52830,0.0,0.393,0.07547,0.699,-0.001,1,0.532,0.494,-0.001,1.305,-1,1.071,0.43396,0.315,-0.057
0,0.76,0.0,0.913,0.732,-0.538,-0.205,0.184,-0.167,0.45238,-0.12,-0.67285,0.183,0.492,0,0.156,-0.043,-0.332,0.538,0.323,0.02381,0.45238,0.063,0.16667,-0.361,-0.57255,-0.075,0.24889,-0.436,1,0,-0.66667,-0.059,0.26190,0.02381
1,1,0.0,0.497,0.032,0.518,-0.10417,0.39583,0.0,0.393,-0.06250,0.538,0,0.235,0.053,0.54167,0.02083,0.43750,-0.22917,0.38,-0.22917,0.33333,0.047,0.375,0.18750,0.489,-0.105,0.585,-0.112,0.363,-0.07,0.866,-0.31250,0.346,-0.038
0,1,0.0,1,1,0.0,0.0,0.0,0.0,0.0,0.0,0.301,-0.714,-0.49,0.375,-1.174,0.28571,0.347,0.527,0,0,0,0,0.668,0.20301,-1,-1.365,0.682,-0.684,1.12,1,0.0,0,0,0.0
1,1.48,0.0,0.699,0.06595,0.854,0.13030,0.90996,0.268,0.596,-0.686,1.027,0.86,0.774,0.303,0.474,0.242,0.66145,0.40844,0.95472,0.876,0.53,0.519,0.46773,0.44511,0.40440,0.482,0.34374,0.43221,0.67,1.353,0.176,0.39620,0.144,0.37191
0,1,0.0,0.864,0.40332,0.82809,0.80521,0.813,0.746,0.84010,-0.151,0.97311,0.07981,1.305,-0.766,1.291,1.288,0.532,-0.05206,0.88673,0.101,0.774,-0.998,1.008,-0.85755,0.28604,-0.156,1.039,0.17076,0.591,0.42677,0.707,0.459,1.197,0.42
1,1,0,1.363,0.144,1.472,-0.01918,0.98313,0.02555,0.96974,-0.112,1.253,-0.027,1.301,-0.03096,1.332,-0.05343,1,-0.045,0.913,0.02,0.649,-0.134,0.97889,-0.035,0.91567,-0.107,0.95677,-0.062,1.084,0.016,1.171,-0.07,0.93144,-0.037
0,0.818,0,0,0,-0.33672,0.528,0,0,0.417,-0.534,0.681,0.31385,-0.158,-0.748,-0.30241,0.899,0.94155,0.207,0.0,0,0,0.0,-0.23,-1.026,0.0,0.0,1,-1,0.0,0.0,0.052,0.784,0.0,0.0
1,1,0.0,0.544,0.011,0.864,0.008,0.86,-0.00763,0.97868,-0.016,1.481,-0.018,0.716,-0.01271,1,-0.025,1,-0.009,1.14,0.0,1.185,-0.02612,1,-0.025,0.96019,-0.04527,1.009,-0.03473,1.233,-0.023,1,-0.052,0.98420,-0.026
0,1,0.0,0,0.0,0.98919,-0.2,0.18919,-0.06,0.0,0,0.93243,0.085,0.723,-0.20000,1,0.057,1.428,-0.11351,0.0,0.0,1.21,-0.183,1.493,-0.6,0.0,0,1.401,-0.232,0,0.0,0.899,-0.25946,0.175,-0.15676
1,0.561,0.0,0.64122,0.01403,0.193,-0.026,0.399,0.036,0.19512,0.12195,0.534,0.059,0.327,0.04878,0.286,0.0,0.482,0,0.183,0.066,0.317,0.12195,0.199,0.037,0.21951,0.09756,0.19304,0.076,0.199,0.051,0.19512,0,0.17073,0.041
0,0.726,0,1.475,0.823,0.675,-1,0,0.0,0.0,0,1.196,1,1.474,-1.254,1,1.372,1,-1.423,0,0,0,0.0,0.728,-0.37,0.0,0.0,1.067,-1,1.354,1.357,1.354,-1.346,0,0
1,1,0,0.491,0.302,0.535,0.252,0.588,0.303,0.66,0.233,0.397,0.574,0.118,0.55102,0,0.631,-0.081,0.305,-0.123,0.55102,-0.28571,0.44898,-0.28571,0.32653,-0.716,0.22449,-0.46579,0.091,-0.59184,0.18367,-0.264,0.0,-0.298,-0.358
0,0.665,0,0.0,0.0,0.909,-1.353,0,0,0,0,1,1.136,1,-0.242,0.503,0.23288,0.591,-0.641,0.0,0.0,0,0.0,1,1,0.0,0,1.032,-0.534,0.0,0.0,1.14,-1,0.0,0.0
1,1,0,0.828,0.38235,0.831,0.37500,0.649,0.73,0.45588,1.131,0.19118,0.88971,-0.02206,0.715,-0.263,0.462,-0.289,0.917,-0.252,0.706,-0.687,0.407,-0.86029,0.131,-0.759,-0.172,-0.67925,-0.291,-0.456,-0.301,-0.315,-0.50735,-0.28676,-0.56618
0,1,0,-1.079,0.175,0.243,0.139,-0.75693,-0.70984,-0.30719,0.615,-0.983,1.352,-0.81699,0.421,-0.79085,-0.02614,-0.98039,-1.223,-0.60131,-0.637,-0.044,-0.664,0.549,-0.94118,-0.526,-0.303,0.74385,0.067,-1.124,0.036,0.149,0.023,-0.40201,-0.703
1,1,0.0,0.26667,-0.10000,0.53333,0,0.442,-0.148,0.36667,0.11667,0.565,0.01667,0.68,0.08333,0.749,-0.091,0.713,0.20000,0.304,-0.014,0.464,0.136,0.744,0.0,0.206,0.169,0.46214,0.045,0.40000,0.018,0.269,0.037,0.483,-0.05000
0,1,0,-0.201,0.517,-0.27303,0.12159,-0.131,-0.059,0.06192,-0.06879,0.04461,0.015,-0.00885,0.02726,-0.016,-0.002,-0.001,-0.006,0.004,-0.00153,0.001,0.002,-0.001,0.001,-0.00069,-0.00050,0.0,-0.0,0.0,0.0,0.0,0.0,-0.0,0.00002
1,1,0.0,1.075,-0.37838,0.64865,0.322,0.64865,-0.261,0.86486,0.117,1.241,-0.287,0.354,0,0.849,-0.049,0.474,-0.211,0.71833,-0.17666,0.67,0.035,0.75676,0.108,0.215,-0.175,0.513,-0.22163,0.58478,-0.23027,0.638,-0.59459,0.434,-0.288
0,1.178,0.0,1.143,-0.024,-0.66,-0.33203,-1,-0.014,0.721,0.01172,0.739,-0.02,-1.148,0.16406,-0.73,-0.00391,1.348,-0.043,0.92188,-0.014,-1.254,0.11719,-0.93359,0.24,0.932,-0.00391,0.644,0.13758,0.90234,-0.085,-0.717,-0.18750,-0.574,-0.34375
1,1.107,0,0.994,0.02254,0.669,-0.009,0.629,0.009,1.256,-0.018,0.96936,0.00520,0.794,-0.024,0.95260,-0.00405,0.99480,-0.016,0.99769,0.011,0.93584,-0.034,0.93815,-0.02370,1.079,-0.039,1.275,-0.024,0.904,0.01,0.95434,-0.03410,0.899,0.007
0,1,0.0,1,-0.05529,0.866,-1.399,0.5,-0.157,0.241,-0.306,1.287,-0.251,0.16667,-0.11111,1.122,-0.18,1.444,-0.38853,1,-0.455,0.0,-0.25000,1,-0.462,1,-0.38,1.124,-0.619,1,-0.344,1.046,-0.646,1.127,-0.65935
1,0.716,0.0,0.31034,-0.10345,0.19,-0.10345,0.20690,-0.092,0.07405,-0.05431,0.03649,-0.052,0.024,-0.015,0.005,-0.021,0.004,-0.00893,0.00078,-0.00523,-0.0,-0.003,-0.0,-0.00166,-0.0,-0.001,-0.0,-0.001,-0.0,-0.0,-0.0,-0.0,-0.00008,-0.00006
0,1,0,0.62745,-0.062,0.77,0.0,0.507,-0.073,0.62745,-0.11765,0.68627,-0.064,0.35,-0.125,0.834,-0.09804,0.54902,-0.165,0.576,-0.176,0.58824,-0.19608,0.872,-0.218,0.45098,-0.25490,0.646,-0.31,0.823,-0.436,0.416,-0.261,0.539,-0.27451
1,1,0.0,0.277,0.242,0.502,0.364,0.19036,0.23966,0.094,0.162,0.01070,0.128,-0.02367,0.087,-0.03,0.087,-0.035,0.03458,-0.021,0.01532,-0.02474,0.003,-0.01726,-0.003,-0.01097,-0.007,-0.00621,-0.007,-0.002,-0.00520,-0.001,-0.004,0.0,-0.00291
0,1,0,-0.487,0.15625,0.06250,0.0,0.0,0.07,0.525,0.039,0.148,0,-0.03125,0.054,0.074,0,0.15625,-0.232,0.43750,-0.382,0.0,-0.084,0,0.0,0.03125,-0.532,0.019,0,-0.748,0.03125,-0.017,0.0,0.0,0.067
1,1,0.0,0.52,-0.014,0.911,-0.02703,1,-0.06486,1.187,-0.01622,0.98919,-0.018,0.98919,0.063,1.08,-0.079,0.95135,0.112,0.567,-0.007,1.052,0.06486,1,0.041,1.164,0.09189,1.039,0.015,0.671,-0.03243,1.317,0.037,1,-0.042
0,1.106,0.0,0.85271,0.05426,0.637,0.106,0.512,1,1.211,-0.005,1.008,0.027,1.163,0.361,0.686,1,0.81395,0.036,1.186,0.11628,0.519,0.468,1,-1.207,0.798,0.03876,1,1.006,0.84496,0.06977,1,0.874,1,1.242
1,1,0,0.90374,-0.022,1.073,0.117,1,0.01604,0.93048,0.006,1.043,-0.022,0.748,0,0.963,0.067,0.542,0.04813,1.252,0.027,0.535,0.02,0.98930,-0.01604,1.057,0.05348,0.879,0.038,0.584,0.006,1,0.088,1.115,0.06417
0,1,0,-0.132,0.222,0.23000,0.084,0.28250,0.236,0.173,0.228,0.253,-0.507,0.075,0.157,-0.095,0.21000,-0.081,0.23500,-0.417,0.184,-0.514,-0.099,0.29908,0.167,-0.58000,-0.24000,0.32190,-0.315,-0.47000,0.135,-0.28,-0.302,0.40445,0.03050
1,1,0.0,0.425,0.03333,0.545,0.06667,0.927,0.076,1.049,0.0,0.63333,0.0,1.02,0,0.73333,0,0.598,0.105,0.77,0.10000,0.967,-0.044,1.012,0.0,0.447,0.13333,0.614,0.10168,0.60000,0.13333,0.328,0.112,0.63333,0.231
0,1.025,0,0.05866,-0.012,0.06704,0.005,0.0,-0.015,0.006,-0.03911,0.009,-0.086,-0.008,0.078,0.047,-0.03352,0.0,0.072,-0.06425,0.064,-0.059,0.02514,0.02793,-0.007,0.00838,0.00559,0.058,-0.00838,0.027,-0.003,0.04469,0.0,0.055,-0.03352
1,0.771,0.0,0.645,0.355,0.69,0.67248,0.531,0.82455,0.01267,0.956,-0.24871,1.124,-0.24,0.56079,-0.432,0.41743,-0.784,0.064,-0.84,-0.118,-0.52475,-0.44000,-0.249,-0.48,-0.046,-0.64792,0.16085,-0.56420,0.502,-0.469,0.369,-0.22535,0.755,-0.05980
0,0.734,0,0.059,0.01437,-0.015,0.04598,0.01,0.029,-0.106,0.005,0.014,-0.06609,-0.044,0.064,-0.08333,-0.057,-0.099,0.08,-0.04023,0.05172,0.02,0.021,-0.03736,-0.01149,0.03161,-0.008,0.012,0.02,0.014,0.011,0.013,0.01149,-0.04598,-0.00575
1,1,0.0,0.72414,-0.01084,0.6,0.01084,1.147,0.001,0.785,0.01084,0.803,-0.00985,1.168,0.024,0.657,0.012,0.51,-0.00788,0.862,-0.034,0.75961,0.03350,1.012,0.05517,1.017,-0.01,0.548,0.007,0.654,-0.05025,0.82956,0.043,0.834,0.00788
0,1,0.0,0.03852,0.025,0.00428,0,0.017,-0.027,0.019,-0.063,-0.069,-0.016,0.01427,-0.02282,0.0,-0.03281,-0.04708,-0.031,-0.01712,0.018,0.03,0.002,0.05136,-0.02282,0.048,0.01854,0.058,0.023,0.021,0.006,-0.016,-0.015,-0.008,0.01997
1,0.881,0.0,0.47090,0.22751,0.504,0.39,0.25661,0.289,0.01852,0.495,-0.028,0.717,-0.181,0.31217,-0.522,0.392,-0.51587,0.06878,-0.5,-0.079,-0.122,-0.214,-0.14815,-0.247,-0.23280,0.002,0.03,-0.31739,0.104,-0.21693,0.363,-0.24339,0.385,0.05
0,1.261,0.0,0.08696,0.004,0.074,-0.022,0.133,-0.08238,0.076,-0.063,0.23341,-0.01144,0.12357,0.09,0.14645,-0.109,0.379,-0.04805,0.18993,0.109,0.11670,0.0,0.069,-0.001,0.204,-0.10297,0.116,0.01373,0.143,-0.06636,0.12,-0.093,0.098,-0.06865
1,1,0,1.322,0.336,0.434,0.64534,0.274,0.77514,-0.55941,0.879,-0.372,0.42048,-0.76051,0.0,-0.62706,-0.29,-0.38391,-0.62157,-0.077,-0.44,0.578,-0.63620,0.643,-0.37660,0.976,-0.065,0.611,0.263,0.393,0.584,0.02,0.486,-0.121,0.50457
0,0.961,0,0.01975,0.00705,0.04090,-0.009,0.028,0.016,0.016,0.065,0.00282,0.002,0.02,-0.03103,-0.018,0.06065,-0.04090,0.031,-0.027,-0.00423,0.035,-0.02539,0.011,0.0,0.0,-0.019,0.017,-0.017,0.007,-0.016,-0.015,-0.02398,0.00705,0
1,0.978,0,0.624,0.00075,0.553,-0.032,0.915,-0.04182,0.869,0.09037,0.86258,0.11949,1.085,-0.066,0.78342,0.047,0.53,-0.038,1.028,-0.08,0.88125,0.01195,0.758,0.02240,0.953,-0.029,0.82383,-0.027,1.312,-0.085,0.73936,-0.015,0.79089,-0.124
0,1,0.0,0.52,-1,0.554,1.357,-0.726,1.474,1.372,-1,1,-1.354,-0.508,-0.904,-1,0.823,1,1,1.33,1,-1.354,0.609,1.423,-1,1,-1.254,0.804,1.226,1.067,1,-1,1.298,-0.605,1
1,1,0.0,0.429,0.459,0.259,0.945,0.085,0.98903,-0.42625,0.677,-0.76229,0.703,-0.93092,0.155,-0.85900,-0.301,-0.502,-0.569,-0.272,-0.981,0.415,-0.80496,0.64649,-0.35230,1.155,-0.23324,0.71698,0.24,0.409,0.697,0.291,0.66315,-0.086,0.64933
0,1,0,1,0.663,1,0.49,0.62500,-1,1.136,1,0.021,0.03125,1,0.505,0.0,0.0,1,-1.206,1.428,0.534,1.353,1.14,0.284,1.478,0.591,1,1.493,1.032,1.066,1.048,-0.94375,1,0.0,0.0
1,1,0.0,1.473,0.388,0.352,1,0.01961,1,-0.728,1.177,-1.02,0.58824,-1,0.11765,-0.96078,-0.36,-0.888,-0.567,-0.22,-0.931,0.309,-0.912,0.392,-0.72549,0.92157,-0.149,1.348,0.203,0.742,0.406,0.181,0.90196,-0.11765,0.90196
0,1,0.0,0,0,-1,-0.863,-1.352,1,0.0,0.0,-0.887,1.327,1.337,1,1.173,-1.124,0,0,0.0,0,-1,-1.062,-0.814,1,0.735,0.43,0.584,-0.623,0.0,0.0,-0.961,-0.949,-1,1
1,1.467,0.0,0.44444,0.44444,0.688,0.90763,-0.22222,0.825,-0.293,0.88889,-1.113,0.281,-0.754,-0.147,-0.998,-0.186,-0.66667,-1.005,0.295,-1,-0.162,-0.77778,0.986,-0.22222,0.357,0,0.92120,0.436,0.331,1.153,0.22222,0.678,-0.644,1
0,0.0,0.0,0.0,0,0,0.0,0,0.0,0.0,0,0.0,0,0.0,0.0,0,0,0.0,0.0,0,0,0,0.0,0.0,0.0,0.0,0,1.317,0.0,0.0,0.0,0.0,0,0,0.0
1,1.241,0,1.462,0.0,1,0.0,0.487,0.306,0.68,0.0,0.91201,0.071,0.89067,0.128,0.86922,0.112,0.699,0.21,0.733,0.344,0.75000,0,1,-0.185,0.5,0.683,0.592,0.26388,0.806,0.25000,0.69635,0.371,0.67493,0.326
0,0,0,-0.692,1.209,0.528,1,0,0.0,0.73,-1,0.884,-1.227,1.431,-0.785,-0.717,-1,0.0,0.0,-1.415,-1,0,0,0,0.0,-0.792,-0.634,1.178,-1.137,1,1,-1,-1.037,0.0,0.0
1,1.389,0,1.419,0.0,1,0,0.774,0.11111,0.952,-0.103,0.486,-0.129,1,-0.22222,0.804,0,0.77778,0.0,0.735,-0.11111,0.456,-0.11111,0.66667,-0.11111,0.558,0.0,1.04,-0.05352,1.314,0.154,0.878,-0.104,0.92,0.0
0,0,0.0,0.0,0.0,0,0,0.0,0.0,0.0,0.0,0,0.0,-1.278,-1,0.0,0.0,1.191,0.75000,0.0,0,0.0,0,-1,1,0.0,0.0,1,-1,-1.225,-1,0.77,1.405,0.0,0.0
1,1,0,1.454,0.39,1,-0.54,1,0.067,0.959,-0.123,0.856,0,1,-0.179,0.568,-0.256,1,0.104,1,0,0.678,-0.495,1,0.133,0.956,-0.063,1.295,-0.034,0.949,0.342,1.205,-0.27273,1,-0.18182
0,0.813,0.0,0.71,-0.952,0.0,0,0.0,0.0,0.355,0.28788,0.42803,0.375,-0.091,0.51894,0.36364,0.31439,-0.373,0.202,0.12121,-0.113,0.01894,-0.357,-0.57576,0.178,0.196,-0.268,0.25758,-0.57576,0.303,0.326,0.18182,-0.021,0.17045,-0.618
1,1,0.0,0.976,0.168,0.959,0.238,0.548,0.41176,1,0.05882,1.188,0.236,1.138,0.11765,1,0.376,1,-0.05882,0.501,-0.11765,1.09,0.35294,1.196,0.482,1.029,-0.11765,1.434,0.20225,1.068,0.067,0.808,0.305,0.868,0.23529
0,0.974,0.0,0.0,0.0,-0.797,-0.62766,1.261,0.33,0.056,-0.208,-1,-0.36170,0.101,-0.59043,1.236,-1.253,0,0.0,0.748,-0.089,-0.25000,0.764,0.17021,-0.943,0,0,-0.161,-0.46809,-0.201,-0.48936,0.89,0.90426,-0.67553,0.48
1,0.846,0,0.658,0.29167,0.83333,-0.16667,0.402,0.362,1.298,-0.08333,0.91667,0.023,0.83333,0.07,0.70833,0.0,0.715,0.049,1.425,0.068,0.66667,-0.073,0.75000,0.16667,0.673,-0.063,0.527,0.052,1.056,0.20833,0.582,0.0,0.552,0.04167
0,0.555,0,0.188,-0.119,0.0,0,0.0,0.0,0,0,0.0,0.0,0.11538,-0.096,0.0,0.0,0.0,0.0,0.0,0,0.0,0.0,-0.031,-0.039,0.07853,0.053,0.17308,-0.10897,0.185,0.09615,0.02564,-0.039,0.16827,0.19551
1,1.118,0,0.914,-0.042,1.358,-0.073,0.627,-0.29802,1.303,-0.308,0.96662,-0.34281,1.089,-0.69,0.91904,-0.48170,0.73084,-0.658,0.671,-0.79,0.82450,-0.78316,0.58829,-0.74785,0.511,-0.96296,0.571,-0.466,0.37941,-0.532,0.137,-0.444,0.242,-0.51
0,1.106,0.0,0.773,1.02,-1,1,-1.336,-0.999,0.34649,0.21053,0.61,0.064,0.22807,0.079,0.377,0.34649,0.72807,-0.055,0.22807,0.296,0.0,0.0,-0.354,-0.16228,1,-0.66667,1,-0.894,1.442,-0.137,0.437,0.268,0.82895,0.091
1,1.159,0.0,1,0.296,0.99815,0.00369,0.80244,-0.151,0.874,-0.191,0.70643,-0.257,0.73855,-0.452,0.71492,-0.247,0.265,-0.488,0.554,-0.46,0.495,-0.223,0.48,-0.32681,0.346,-0.673,0.29208,-0.48390,0.191,-0.39143,0.156,-0.51329,0.157,-0.46603
0,0,0.0,-1,0.724,1,-1,0.0,0.0,0.0,0,0.837,-1,1,1.236,0.0,0.0,1,-1,0.0,0.0,0.0,0.0,1.445,1.142,-1,1,0.732,-0.652,-1,1,-1.05,-1.476,0.0,0.0
1,1,0.0,0.768,-0.19448,0.651,-0.17674,0.87024,-0.284,0.531,-0.347,0.761,-0.28909,0.578,-0.387,0.63338,-0.49967,0.406,-0.639,0.27070,-0.72109,0.40506,-0.717,0.278,-0.59691,0.171,-0.385,0.097,-0.802,-0.07162,-0.611,-0.01,-0.57,-0.057,-0.47898
0,1,0,-0.833,-0.58,-0.591,1.036,1.144,-0.736,1.11,0.475,0,0,0.354,-1,1,1,0,0.0,1,1,1.106,1,0.0,0,-0.71528,0.617,0.422,-1.274,0.976,-0.929,1.025,-1.033,0.695,1.433
1,1,0.0,0.84177,0.273,0.5,0.573,0.09916,0.93460,-0.224,0.88186,-1.082,0.342,-1.359,0.17,-0.435,-0.179,-0.62869,-0.65612,-0.25105,-1.089,0.168,-0.612,0.51477,-0.566,1.047,-0.28903,0.502,0.053,0.457,0.42827,0.378,0.39,-0.00422,0.58
0,1.074,0,0.757,0.849,0.0,0.0,1.376,-0.806,-1.109,-1.308,1.443,1,1.067,-1.451,0,0,1.01,-0.784,0.942,1,0,0.0,0.963,-1,-1,-1,1,1.478,-1,1.365,-1.298,1,0,0.0
1,1.307,0.0,0.955,0.95,0.699,1,0.662,1,-0.33333,1.094,-1,0.61,0.0,1,-0.957,0.861,-1.14,0,-1.159,-0.66667,-1,-1.386,-1,-0.403,-0.33333,-1.401,0.19235,-0.563,1.013,-1,0.0,-1.358,1,-0.802
0,0,0,-0.705,1.499,-1.15,-1.244,0.0,0,-1,1,0.729,-1.103,-1.277,-1,-1,1.446,0.0,0.0,-0.709,-0.983,-0.728,1,0.0,0.0,1,-1,1,1.448,0.522,-1,1.244,0.656,0,0.0
1,1,0,1.335,0.06843,1,0.078,0.519,0.22108,1,-0.113,1.043,0.239,1,0.548,1,0.58986,-0.553,1,1,0.0,0.65,1.27,0.919,1.115,0.746,1.109,0.837,1.402,1.266,0.25000,1,1.1,0.942,0.785
0,0.0,0,-1,-1,0.0,0.0,0.0,0.0,0.0,0.0,0.0,0.0,0.0,0,1.102,-1.431,0,0,-0.626,-1.093,0.0,0,1.452,1.01,1,-0.514,1,-1,0.0,0.0,0,0,0.0,0
1,0.517,0.0,0.558,-0.098,0.58264,-0.17,-0.099,-0.253,0.29796,0.04403,0.38096,-0.156,0.349,-0.31997,0.019,-0.124,0.151,-0.261,0.125,-0.29052,0.094,-0.307,0.06556,-0.246,0.03004,-0.227,-0.0,-0.173,-0.02612,-0.191,-0.04717,-0.18950,0.01336,-0.27201
0,1,0,0.0,0,0.0,0.0,0.0,0.0,0.0,0,1,-0.431,0.232,0.321,0,0.0,0,0.0,0.0,0,-0.256,-0.201,-0.21,0.748,-1.317,0.5,0.061,0.75000,-0.22917,-1.081,-0.12500,-0.303,-0.135,-0.93750
1,0.868,0.0,1,0.05,1.388,0.10123,1.345,0.14756,0.818,-0.264,0.839,0.534,0.80426,0.334,0.98,0.206,0.373,0.295,0.611,0.438,0.479,0.29200,0.679,0.28476,0.39023,0.27226,0.334,0.25553,0.27381,0.228,0.22427,0.194,0.18086,0.19083
0,0.998,0,1,-0.111,-1,-1,-1.288,-0.95,1,0.31746,0.81349,1.124,-1,-1.37,-1.075,1,0.457,1,1.215,0.771,0.8,-0.798,-1.089,-0.79,0.82937,0.505,1.355,0.564,0.728,0.684,-0.833,-0.183,-1,0.72831
1,1.172,0,0.93669,-0.002,0.655,0.43204,0.533,-0.416,0.715,0.16828,0.96197,0.094,0.804,0.059,1.299,0.035,0.84628,-0.25324,0.87379,-0.088,0.809,0.26133,0.75081,-0.03641,0.975,-0.028,0.541,-0.028,0.98544,0.104,0.49,-0.10194,0.471,-0.144
0,0.688,0,1.333,-0.763,0.908,1.016,1,1,1.176,-0.5,1,1.193,0.605,0.932,1.235,1,0.0,0.0,0.601,1.414,0.777,1.099,1,-1,0.923,1,0.822,0.62500,1,-0.647,-0.844,1,1.211,1
1,1,0.0,1,0.172,0.535,-0.78509,0.726,-0.06,1.041,0.215,0.527,0.145,0.851,-0.06861,1.148,0.06610,0.96,-0.18954,0.43,-0.15633,0.651,0.038,0.62,0.09242,1.116,-0.01253,0.96238,-0.04597,0.91165,0.05,1,-0.099,0.55,-0.14
0,1.443,0,0.542,-1,-1,-1,-0.06,0.772,1.224,0.95041,0.801,-0.38710,-1.244,-1.128,-0.09677,0.672,0.48684,0.46502,0.465,-0.289,-0.082,-0.127,-0.11976,0.053,0.03021,0.07,0.024,-0.009,-0.00403,-0.011,-0.01,0.001,0.0,0.00325
1,1,0.0,0.79847,0.248,1.115,-0.164,1,-0.07653,1.008,-0.072,0.70217,0.124,0.99745,0.028,1.388,0.02487,0.619,-0.181,0.776,0.094,1,0.002,0.90306,0.443,0.797,-0.181,1,-0.003,0.75638,0.07908,1.031,-0.271,1,-0.065
0,0,0.0,0,0.0,0.0,0.0,0,0.0,0,0.0,0,0.0,1,0.564,1.058,1.214,1.431,-0.634,0.0,0,0.59,1,1.165,-0.759,0.538,1,1,0.0,1,0.692,1.227,-0.73,0,0
1,1,0,1,-0.28428,1,-0.25346,1.042,-0.334,1.015,-0.30566,0.507,-0.49057,0.532,-0.613,0.995,-0.819,0.513,-0.423,0.71,-0.53,0.707,-0.70975,0.54465,-1.116,0.502,-0.724,0.35504,-1.068,0.26352,-0.9,0.135,-0.676,0.117,-0.70000
0,1,0,0.0,0,0.0,0.0,0.0,0,-1.07,-0.675,0.0,0,0.523,-1,0.0,0,-1,-1,-0.755,-1.225,0.751,-0.571,-0.598,-1.143,0.698,1,-1,-0.147,1,-1.454,0.0,1.486,0.0,0
1,1.247,0.0,1,0.09091,0.95455,-0.055,0.77273,0.0,1,0.0,0.95455,0.0,1.143,0.062,1.36,-0.044,1.362,0.0,1,0,0.86364,0.063,0.918,0.079,0.863,0.04545,0.621,0.02897,0.626,0.087,1.041,-0.133,0.86364,0.04545
0,0,0.0,0.0,0,-0.612,0.808,0.672,1,-1.483,-1,0,0.0,-0.813,-0.669,-1.03,-0.448,-0.976,-1.136,0.693,-1.203,1,-1,0,0.0,1,-1.212,-1.343,-1,0.0,0,1.0,-1,0,0.0
1,1,0,1.091,-0.08824,1.057,0.179,0.937,0.076,0.457,-0.02941,0.97059,-0.21,0.775,0.157,1.101,0.042,1,0,1,0.0,0.846,0.11765,0.926,0.037,0.855,0.036,1.107,0.027,0.94118,-0.147,0.97059,0.05882,1.215,0.05882
0,1,0,-1.115,0.841,-1,0.121,0.411,0.899,-0.559,1,-0.973,-1,0.797,1,-1,-0.193,0.252,-1.253,0.821,1.455,-0.283,-0.764,-0.846,-0.819,1,-1,-1,-0.03578,0.696,-0.647,-1,-0.315,0.121,1
1,1,0,0.298,-0.1,0.885,0.009,0.648,0.037,0.68421,-0.05263,1.015,0.0,0.79856,0.041,0.431,0.034,1.197,0.703,1,0.048,0.411,0.041,0.70301,0.105,0.42105,0.186,0.65419,0.08968,0.376,-0.21053,0.60150,0.09534,0.58,0.07
0,1,0,-0.00641,-0.5,0.0,0.0,-0.01923,0.529,0.0,0,0.0,0.0,0,0.0,0.0,0,0.0,0.0,0.178,1.243,-0.322,0.74359,-0.322,-0.51,0,0,-0.341,-0.51282,0.0,0.0,0.0,0.0,0.0,0
1,1,0.0,1,0.376,0.5,0.54545,0.81818,0.38,1,-0.106,1,0.0,0.465,-0.347,0.63636,0.385,1.459,-0.578,1,-0.139,0.896,-0.565,1.02,0.07750,1.211,-0.09091,0.569,0.08867,1.303,0.462,0.635,0.63636,0.988,0.27273
0,0,0,-0.557,-1.151,1,-1,-0.502,0.557,0.0,0,1,-1.246,1.38,-1.106,0.0,0.0,0.0,0,0.0,0,-0.811,1.446,1,-1.368,-1.329,1.076,1,1,0.0,0.0,0.722,0.5,0,0.0
1,0.999,0.0,0.39,0.112,0.727,0.088,0.187,0.18182,0.367,0.0,0.36364,-0.076,0.45455,-0.09091,0.439,-0.02,0.63636,-0.18182,0.45455,0.0,0.538,-0.097,0.153,0.18182,0.469,-0.073,0.34442,-0.015,0.27273,0,0.421,0.0,0.28985,-0.01832
0,0.91,0,-1.158,-0.59677,0,0.0,-1,0.537,-0.735,1.112,0,0,0.0,0.0,0,0.0,0.0,0,0.0,0,-0.822,-0.96,0,0,0.345,0.289,0.94,0.542,0.0,0.0,0,0.0,0,0.0
1,0.527,0,1,0.14286,0.929,0.71429,1.033,0.578,1.347,-0.183,0.934,-0.158,0.65,0.032,1.323,0,0.42857,-0.14286,1,0.021,1,-0.173,0.765,0.0,0.223,-0.28571,1,0.041,1.037,0.05182,1,0.666,1.258,0.0
0,0,0,1,1.448,1.036,-0.861,0.783,0.882,1,1.433,0.666,1.469,1,-0.628,1.274,0.712,1.271,-1,0.617,-1,1,0.976,1,1,1.144,-0.833,1,1.461,1.495,1.11,1.479,1,0.736,1
1,0.757,0.0,0.87032,0.474,0.53945,0.82161,0.088,0.667,-0.467,0.735,-0.413,0.84,-0.779,0.108,-0.414,-0.148,-0.59383,-0.63342,-0.181,-1.159,0.18823,-0.78699,0.51557,-0.359,0.69274,-0.299,1.021,0.092,0.425,0.39762,0.25974,0.56573,-0.06739,0.596
0,0,0.0,1.451,-0.858,1.358,1,1,-1,1.308,0.617,1,-1,1.376,-1,1.298,-1,1.377,1,1.074,1,1.293,1,0.582,-0.963,1.109,0.942,0.699,0.766,1.365,1.067,1,0.61,1.401,-1
1,1,0.0,0.641,0.04174,0.89266,0.196,0.86098,0.223,1.011,0.349,0.772,0.40198,0.76221,0.40552,0.66586,0.272,0.658,0.6,0.609,0.736,0.725,0.811,0.512,0.392,0.33340,0.722,0.26978,0.54214,0.22307,0.389,0.14312,0.256,0.168,0.472
0,0,0,1.244,0.919,1.301,-1,1,-0.991,0.901,1.135,0.0,0,1.499,-1,0,0,0,0,0.0,0,-1.244,1,1.277,1.15,0.0,0.0,1.446,0.709,0.0,0.0,-1,-1.119,0.0,0.0
1,1,0.0,0.93537,0.201,0.93716,0.239,0.639,0.535,0.79039,0.47127,0.372,0.59942,0.548,0.75000,0.43,0.446,0.41629,0.82742,0.371,0.554,0.115,0.845,0.006,1.186,-0.07361,0.44,-0.165,0.903,-0.346,0.71454,-0.38532,0.419,-0.529,0.55835
0,0,0.0,1,-1,-1.239,0.767,-1,1.093,0.51,1.48,1.372,0.544,-1.307,-1,-0.653,-1,0.626,0.746,0.904,-0.535,-1.437,-1,-1,-1.01,1,0,1.183,-0.985,0.747,-1,-1,1.102,-0.693,1
1,1,0,0.973,0.068,0.73061,0.133,0.64615,0.252,0.36923,0.45577,0.385,0.253,0.25000,0.558,0.25192,0.37115,0.125,0.526,-0.09808,0.528,-0.041,0.633,-0.105,0.44424,-0.135,0.237,-0.245,0.264,-0.134,0.319,-0.26634,0.212,-0.219,0.31154
0,0.0,0.0,1.432,-1,1,1,1,-0.865,1,0.662,1.399,-1.117,0.673,0.826,1.291,-1.259,1,-1,0.752,1,1.317,1.293,1.495,-1.392,1,-1,1,-1.213,1,0.908,1.294,-0.681,1.119,1
1,1.089,0,0.545,0.119,0.94120,0.275,0.88783,0.32248,0.912,0.32711,0.88,0.45217,0.699,0.779,0.69946,0.58820,0.788,0.884,0.682,0.70398,0.441,1.005,0.35289,1.046,0.312,0.76210,0.17,0.672,0.07497,0.785,-0.029,1.032,-0.131,0.74242
0,0,0.0,0,0.0,0.798,1.038,0.0,0.0,1.288,0.626,0.0,0,0.998,-1,0.0,0,0,0,0.0,0.0,0.0,0.0,0.0,0.0,0,0,1,-0.771,0,0.0,-1,0.833,0.0,0
1,1,0.0,0.671,0.167,0.86399,0.35,0.72582,0.36790,0.484,0.56830,0.57449,0.706,0.262,0.955,0.31705,0.702,0.154,0.829,0.029,0.76171,-0.12064,0.753,-0.18479,0.615,-0.358,0.65708,-0.298,0.675,-0.46799,0.345,-0.53146,0.223,-0.75,0.411
0,0,0,0,0.0,1.094,1,0.763,0.908,0.0,0,0.0,0,-1.211,-1,0,0.0,-1,-1.016,0.0,0.0,0.0,0.0,1.235,1.296,0,0.0,1,1.099,0,0,-1.414,0.646,0.0,0.0
1,0.779,0.0,0.88804,0.29,0.476,0.69431,0.166,0.458,-0.06726,0.90135,-0.265,0.602,-0.469,0.56502,-0.82960,0.26906,-0.78940,-0.092,-0.62780,-0.30942,-0.271,-0.317,-0.16449,-0.344,0.1,-0.47,0.32,-0.714,0.515,-0.342,0.47029,-0.132,0.366,0.12556
0,0.0,0.0,0.622,-1,1.443,1,1.264,1.051,1,0.63,0.655,1.38,1.414,-1,0.966,0.672,1,1,1.074,-1,1.224,-1,0.689,-1,1,-1,0.648,1.343,1,-1,0.772,1.244,1.422,1.469
1,1,0,0.73523,-0.38293,0.554,0.083,1.128,0.219,0.566,0.05252,1,0.21225,0.704,0.28954,0.728,0.338,0.565,0.194,0.646,-0.02845,0.592,0.522,0.456,0.44872,0.754,0.831,0.551,0.589,0.077,1,0.35070,0.299,0.30588,0.69
0,0,0.0,0,0,0,0.0,0.0,0,0,0.0,0.0,0,0.0,0.0,0.0,0,0.0,0,0.0,0,0.0,0.0,0.0,0,0.0,0,1.214,0.73,0.0,0,0.0,0.0,0.0,0.0
1,1,0.0,1.159,0.00892,1.005,-0.002,0.98922,0.004,1.259,0.01598,0.929,0.024,1.224,0.04719,0.578,0.01858,0.687,0.037,1.134,-0.007,1.25,0.04980,1.432,0.072,0.93274,0.066,1.134,0.061,0.97473,0.00818,0.97845,0.039,1,-0.00260
0,0.0,0,0.77,1,-1.415,-0.887,-1,-1,0,0.0,0.0,0.0,-1,-0.684,0.0,0.0,0.0,0.0,0,0,-1.454,0.606,0.751,1.479,0,0,0.755,-1,0.0,0.0,-0.698,-0.571,-1,-1
1,1,0.0,0.50466,-0.253,0.71442,0.014,0.61,0.014,0.591,0.015,0.212,0.072,0.789,0.04393,0.681,0.049,0.797,0.077,0.63403,-0.044,0.777,0.06856,0.513,0.07381,0.84033,0.268,0.617,0.056,0.38228,0.06760,0.704,0.09046,0.54632,0.09346
0,1,0,0.483,1.002,0.701,-0.76087,0.706,0.024,0.76087,0.085,0.832,0.894,0.70067,0.245,0.508,0.135,0.628,-0.25084,0.354,0.269,0.633,0.17,0.60201,0.92,0.903,-0.53846,0.988,0.179,0.71070,0.53846,1.136,-0.06522,0.56522,0.23913
1,1,0.0,0.851,-0.07778,1,-0.267,1.236,-0.85741,0.612,0.064,0.317,-0.42778,1,-0.122,1.261,-0.83519,0.49259,0.012,0.983,-0.065,1.011,-0.19938,1.068,0.223,0.868,-0.301,1.228,-0.24549,0.78889,0.024,0.87492,-0.317,1,-0.495
0,1,0.0,0.326,0.15564,0.24,0.07393,0.216,0.198,0.186,0.067,0.19455,0.25292,0.201,0.207,0.087,0.22957,-0.031,0.232,0.074,0.221,0.312,0.09728,0.07782,0.284,-0.02494,0.24,-0.06024,0.26256,-0.14786,0.121,-0.084,0.329,-0.276,0.28794
1,1,0.0,0.57540,-0.017,0.968,-0.05357,0.61508,-0.014,0.767,0.026,0.61706,0.056,0.598,-0.013,0.62698,0.007,0.70833,0.029,0.721,0.009,0.422,-0.026,0.335,0.03770,0.5,0.03968,0.44,-0.018,0.61706,-0.2,0.68849,-0.021,0.575,-0.03175
0,1,0.0,0.086,-0.15271,-0.05,0.05911,0.08374,-0.013,-0.012,0.119,0.041,0,0.12315,-0.09852,0.05911,0.0,0.018,-0.043,-0.159,-0.20690,0.038,0.021,0.035,0.02956,0.046,0.135,0.28079,-0.04926,-0.084,-0.11,0.04433,0.034,0.045,-0.062
1,0.773,0,0.369,0.097,0.539,-0.075,0.70358,0.009,0.74273,0.001,0.944,0.206,0.705,-0.00224,0.79754,0.038,1.014,-0.16555,0.948,-0.131,0.638,-0.012,0.60962,0.11745,0.904,-0.129,0.69845,-0.01673,0.639,0.064,0.78859,-0.073,0.65213,-0.04698
0,1.188,0,0.25316,0.293,0.0,0.0,-0.29620,-1.446,0.0,0.0,0.112,-0.041,0.0,0.0,0.0,0.0,0,0.0,0.0,0.0,0.00759,0.68101,-0.20000,0.243,-0.142,0.35696,0.05570,-1,0.0,0.0,0.06329,-0.797,0,0
1,1,0.0,1.019,-0.005,0.89818,-0.02465,1.09,-0.01822,0.652,-0.134,0.82208,-0.10932,0.762,0.011,1.115,-0.115,1.302,-0.06109,1.037,-0.02358,0.87996,-0.14577,0.477,-0.112,1.164,-0.127,0.88245,-0.184,0.82,-0.121,0.88424,-0.148,1.053,-0.16827
0,1.258,0,0.233,-0.39,0.0,0.0,0.0,0,0.387,0.51042,0.852,0.017,0.0,0,0.0,0.0,0.098,-0.67,0.59167,-0.155,0,0,0.0,0,0.98750,-0.40833,-1,-1,-0.262,-0.794,0.0,0.0,0.0,0
1,1,0,0.88853,0.012,1.239,0.01305,0.487,0.017,0.89179,-0.095,1.051,-0.112,1.333,-0.011,0.93094,-0.08918,0.984,-0.029,0.924,-0.04024,0.88418,-0.12126,0.937,-0.176,0.82980,-0.207,0.636,-0.071,0.946,-0.165,0.83524,-0.12452,0.9,-0.083
0,1,0,0,0,0.861,0.187,0.546,-0.029,0,0.0,1,-0.42444,1,0.13,0.752,-0.038,1,-0.981,0,0.0,0.833,-0.025,1.036,-0.237,0.0,0.0,0.976,-1,0.0,0.0,0.625,0.104,0.90667,-0.09556
1,1,0,0.5,0.051,1.228,-0.001,0.636,0.00714,0.79571,-0.04286,0.907,0.0,0.655,-0.048,0.503,0.002,0.82857,-0.08,0.81000,-0.11857,0.76857,-0.109,0.84286,-0.05000,0.386,-0.066,0.526,-0.072,0.82571,-0.146,0.81429,-0.061,0.459,-0.129
0,1.126,0.0,0.0,0,0.0,0,0,0,0,0.0,0.0,0.0,-0.784,1.242,1,0.55172,0.0,0.0,0.0,0,0.0,0.0,0.0,0.0,0,0,1.308,1,0,0,0.0,0.0,0.0,0.0
1,1,0,0.621,0.026,0.371,-0.09610,0.757,-0.047,0.50130,0.109,0.44675,0.09,0.55844,-0.084,0.524,-0.054,0.762,-0.05974,0.55325,-0.012,0.253,-0.039,0.49091,-0.007,0.59221,0.0,0.582,-0.046,0.243,0.025,0.54545,-0.054,0.58961,-0.08571
0,0.0,0.0,0,0,0.0,0,0.0,0.0,0,0.0,0,0,0,0,0.0,0,0.0,0.0,0,0.0,0,0.0,0.0,0,0.0,0.0,0.645,-1.277,0.0,0.0,0.0,0,0.0,0.0
1,1.476,0.0,0.845,0.5,0.767,0.25000,0.327,1,0.184,1.251,-0.13336,0.631,-0.34107,0.60793,-0.43820,0.318,-0.265,0.165,-0.273,0.004,-0.146,-0.09025,-0.235,-0.108,-0.112,-0.12744,-0.024,-0.10242,0.01033,-0.078,0.021,-0.04142,0.012,-0.02017
0,1,0.0,0.0,0,0,0.0,1,0.517,-1,-1,0.0,0.0,0.544,-0.11111,0.0,0.0,0.0,0.0,-1.239,1.183,0.746,0.693,1,-0.747,0.0,0,1.48,-0.888,0,0.0,0,0,0.985,1
1,0.699,0,1.127,0.38027,0.588,0.458,0.236,0.86625,-0.021,0.90740,-0.557,0.888,-0.70561,0.51560,-0.876,0.22735,-1.197,-0.12539,-0.872,-0.38102,-0.38334,-0.345,-0.157,-0.871,0.128,-0.394,0.391,-0.443,0.587,-0.29897,0.517,-0.05938,0.61,0.16645
0,1,0.0,0.0,0.0,0.0,0.0,0.0,0,-1.317,1,0.0,0.0,1.392,0.37333,-0.151,-0.12000,0.0,0.0,-1.432,-1,0.0,0,1,-1,0,0.0,0.975,0.275,0,0.0,0,0.0,0,0.0
1,1,0.0,0.88179,0.43491,0.335,0.77655,0.19672,0.914,-0.24103,0.948,-0.827,0.995,-0.74,0.496,-0.843,-0.05338,-0.645,-0.432,-0.46950,-0.73285,-0.11,-0.82217,0.307,-1.156,0.61,-0.55910,0.959,-0.232,1.002,0.129,0.797,0.311,0.34749,0.57656
1,1,0.0,0.399,0.018,0.216,0.168,0.093,0.724,-0.331,0.92324,-0.103,0.12,-0.473,0.25786,-0.94053,-0.05409,-0.145,-0.14329,-0.245,-0.519,-0.14,-0.826,0.015,-0.22786,0.27942,-0.065,0.33737,-0.11876,0.27657,-0.155,0.15078,0.127,0.12197,0.124
1,1.099,0.0,0.939,0.361,0.54040,0.924,0.09,0.771,-0.33221,0.83578,-0.538,0.687,-1.015,0.21909,-0.84442,-0.133,-0.59714,-0.61894,-0.212,-0.87787,0.12439,-0.732,0.51109,-0.782,1.012,-0.191,1.005,0.089,0.888,0.49079,0.37542,0.48,-0.043,0.79444
1,1,0.0,0.566,-0.03490,0.311,0.006,0.469,-0.07461,0.589,0.00963,0.326,-0.038,0.448,0.07220,0.636,-0.08424,0.488,0.09146,0.418,0,0.728,0.10108,0.708,0.035,0.426,0.158,0.60463,0.02019,0.666,0.034,0.61733,-0.00963,0.615,-0.128
1,1,0.0,0.646,-0.015,0.70772,0.025,0.72243,0.111,0.461,0.114,0.436,0.43934,0.793,0.00551,0.843,0.21691,1,0.046,0.642,0.05147,0.453,0.04228,0.52022,-0.193,0.415,-0.181,0.61727,0.104,0.30882,0.067,0.55916,0.054,0.343,0.319
1,1,0.0,0.61538,0.18923,1.123,0.014,0.77486,0.016,0.874,-0.10308,0.98,0.077,0.73961,0.05060,0.72322,0.062,0.976,-0.08923,0.425,0.103,0.66233,0.07573,0.63878,0.065,0.612,-0.07231,0.811,0.127,0.579,0.314,0.755,0.089,0.618,0.06
1,1.227,0,0.411,0.05375,0.84803,0.00202,0.84341,0.003,1.051,0.068,0.75813,0.04102,0.519,0.008,0.455,0.005,0.907,-0.107,0.886,-0.036,0.76365,0.013,0.74635,0.007,0.799,-0.023,0.70824,0.012,0.62235,0.088,0.923,0.01190,0.402,0.01227
1,1.151,0.0,0.581,0,0.38696,0.145,0.468,0.06522,0.504,-0.03913,0.35652,-0.129,0.269,0.04783,0.50435,0.027,0.35652,0.115,0.428,0.18,0.31,-0.037,0.423,-0.104,0.47391,-0.01,0.41789,0.06908,0.361,0.03913,0.35217,0.206,0.396,0.161
1,1,0.0,1.121,0.112,0.78129,0.20656,0.434,0.28068,0.468,0.41252,0.345,0.35,0.857,0.60814,0.433,0.426,0.345,0.67861,0.29587,0.532,0.143,0.68104,0.017,0.72,-0.08748,0.56,-0.09,0.60696,-0.18226,0.553,-0.281,0.651,-0.349,0.42467
1,1,0,1.362,0.09802,1,0.143,0.98390,0.33044,0.769,0.389,0.518,0.883,0.56937,0.71942,0.55311,1.077,0.417,0.82193,0.287,0.961,0.066,0.633,-0.012,0.524,-0.15144,0.568,-0.321,0.592,-0.18,0.523,-0.46,0.54522,-0.509,0.44534
1,1,0.0,0.89410,0.174,0.755,0.221,0.547,0.43388,0.63388,0.59975,0.54003,0.676,0.303,1.13,0.277,0.79523,0.09134,0.79598,-0.056,0.724,-0.20201,0.642,-0.246,0.615,-0.607,0.52,-0.417,0.249,-0.606,0.273,-0.659,0.19172,-0.48808,0.05972
1,1.136,0.0,0.923,0.212,0.90946,0.33143,0.85096,0.25,0.588,0.914,0.795,0.877,0.48698,0.83614,0.364,0.90665,0.17959,0.93429,-0.008,1.335,-0.127,0.896,-0.181,0.849,-0.46534,0.76482,-0.667,0.636,-0.67929,0.52564,-0.804,0.367,-0.656,0.26092
1,0.973,0,0.91767,0.18198,0.599,0.35543,0.655,0.57,0.391,0.779,0.671,0.895,0.286,0.625,0.139,0.83558,0.00396,0.85210,-0.203,0.77853,-0.35996,0.641,-0.469,0.59,-0.558,0.429,-0.524,0.40972,-0.64511,0.27338,-0.65710,0.16,-0.808,0.078
1,0.819,0,0.446,0.118,0.63935,0.543,0.48409,0.429,0.188,0.26,0.111,0.59565,-0.073,0.347,0.0,0.514,-0.139,0.42014,-0.813,0.36818,-0.3,0.18864,-0.40533,0.07588,-0.38483,-0.048,-0.33942,-0.078,-0.268,-0.162,-0.19962,-0.14,-0.11894,-0.24
1,1.483,0.0,0.58940,-0.561,1.219,0.55298,0.81126,0.07285,0.56623,0.16225,0.422,0.173,0.717,0.088,0.376,0.19868,0.71854,0.42715,0.299,0.085,0.616,0.27815,0.68874,0.041,0.417,0.133,0.259,0.309,0.467,0.342,0.236,0.172,0.40821,0.29942
1,1,0.0,1.243,0.155,1.022,-0.067,1.063,0.09677,0.996,0.01139,0.465,-0.04,0.376,0.12524,0.58634,0.03985,0.266,-0.046,0.441,0.107,0.72676,0.046,0.32068,0.05882,0.487,0.348,0.623,0.17951,0.153,0.32448,0.251,0.18897,0.658,0.15180
1,1.442,0.0,0.836,0.081,0.976,-0.02299,0.77031,-0.03299,0.398,-0.048,0.461,-0.102,0.686,-0.062,0.852,-0.058,0.544,0.04530,0.406,0.01394,0.55970,-0.1,0.754,-0.08453,0.47038,-0.253,0.48659,-0.09128,0.699,-0.08537,0.338,-0.09621,0.583,-0.09808
1,1,0.0,0.814,0.065,0.96775,-0.004,0.96683,-0.008,0.87980,-0.051,0.972,0.01419,0.96186,-0.008,0.535,-0.011,0.98497,0.015,0.823,-0.121,1.374,-0.029,1.008,-0.02591,0.98164,0.02003,0.93772,-0.015,0.557,-0.05843,1.386,-0.035,0.735,-0.03673
1,0.622,0,0.47938,-0.09,0.246,-0.12371,0.735,-0.213,1.061,0.083,0.304,-0.203,0.396,0.117,0.67,-0.099,0.42268,0.052,0.618,-0.249,0.54639,0.18557,0.275,0.08247,0.818,0.168,0.53396,-0.12447,0.15464,-0.247,0.542,0.04124,0.45361,-0.51546
1,1,0.0,0.63510,-0.034,0.76530,0.025,0.399,0.326,0.712,-0.005,0.666,0.05,1.148,-0.43418,0.72517,0.579,0.59584,0.13857,0.486,0.276,0.63279,-0.267,0.955,0.126,0.621,0.192,0.68775,0.227,0.373,0.07621,0.768,0.19841,0.69053,0.36721
1,1,0.0,0.417,-0.037,0.479,0.015,0.433,0.02,0.58876,0.029,0.66742,-0.00449,0.484,-0.069,0.65,0.00899,0.594,0.023,0.64719,-0.098,0.56854,0.14157,0.636,-0.03596,0.27,0.031,0.56588,0.00824,0.251,-0.03596,0.808,0.10562,0.694,-0.116
1,0.559,0.0,0.5,-0.00647,0.691,-0.051,0.63107,-0.039,0.77994,0.08091,0.67314,0.09709,0.571,0.15858,0.767,-0.017,0.362,-0.068,0.302,-0.147,0.461,0.105,0.39159,0.183,0.52427,-0.028,0.45105,0.00040,0.399,-0.043,0.49191,-0.067,0.30421,-0.075
1,1,0,0.68148,0.084,0.77037,0.047,0.911,0.118,0.60988,-0.003,0.79012,0.101,0.604,0.03,0.589,0.09630,0.962,-0.133,0.955,-0.149,0.48642,0.01,0.467,0.064,0.66667,-0.12840,0.63773,-0.02451,0.64,0.029,0.61235,-0.106,0.741,-0.061
1,1.498,0,0.60678,-0.038,0.807,0.028,0.568,-0.051,0.50508,0.051,0.605,-0.07797,0.555,-0.018,0.568,0.07797,0.721,0.11864,0.544,-0.02373,0.53220,0.00678,0.725,-0.042,0.52881,-0.021,0.57262,0.004,0.58644,-0.004,0.801,-0.035,0.50169,0.077
1,1.499,0.0,0.698,0.09709,0.209,0.042,0.435,0,0.828,-0.024,0.758,0.02427,0.33495,0.04854,0.52427,0.003,0.343,-0.056,0.299,0.00485,0.506,0.05825,0.18932,0.296,0.31068,-0.15049,0.467,0.03815,0.446,0.172,0.287,0.0,0.559,-0.01942
1,1.38,0,0.776,0.02187,1.374,0.177,0.83904,0.35222,0.673,0.48906,0.809,0.575,0.697,0.332,0.43130,0.66237,0.205,0.94,0.28379,0.857,0.07515,0.768,0.042,0.71284,-0.184,0.64,-0.16556,0.60510,-0.181,0.467,-0.259,0.488,-0.469,0.37465
1,1,0.0,1.133,0.227,0.90112,0.35237,1.073,0.666,0.676,0.768,0.871,0.813,0.441,0.83156,0.213,0.857,0.025,0.556,-0.094,0.79749,-0.22,0.49,-0.37835,0.71676,-0.504,0.58324,-0.399,0.46040,-0.61899,0.30796,-0.338,0.18345,-0.931,0.02968
1,1,0.0,0.857,0.112,0.906,0.557,0.695,0.339,0.482,0.78120,0.444,1.093,0.055,0.83312,-0.06827,0.89274,-0.28269,0.72073,-0.426,0.61688,-0.495,0.48120,-0.65000,0.232,-0.364,0.15908,-0.498,0.014,-0.484,-0.08,-0.502,-0.188,-0.47201,-0.35032
1,1,0.0,1.392,0.258,0.636,0.514,0.607,0.56569,0.382,0.917,0.452,0.83230,0.151,0.89489,0.067,0.511,-0.24742,1.105,-0.393,0.528,-0.50251,0.62563,-0.777,0.621,-0.569,0.30912,-0.77097,0.15619,-0.996,-0.04399,-0.84,-0.17921,-0.749,-0.34367
1,0.975,0,0.64,0.402,0.45,0.397,0.58167,0.73151,0.34961,0.80511,0.10797,0.90403,-0.203,0.89335,-0.39730,1.228,-0.877,0.574,-0.693,0.562,-1.137,0.18888,-0.786,-0.037,-0.653,-0.355,-0.63,-0.563,-0.449,-0.61446,-0.335,-0.70835,-0.092,-0.71273
1,1.329,0.0,0.507,0.35157,0.67333,0.592,0.595,0.746,-0.029,0.80510,-0.22838,0.75334,-0.258,0.48816,-0.625,0.274,-0.932,0.143,-0.365,-0.072,-0.456,-0.06011,-0.357,-0.47592,-0.178,-0.53620,0.07158,-0.766,0.24321,-0.43478,0.305,-0.412,0.42805,0.155
1,1,0,0.182,0.116,0.128,0.187,0.038,0.37,0.118,0.163,0.06266,0.302,-0.04725,0.132,-0.082,0.07907,-0.051,0.025,-0.052,0.01408,-0.043,-0.00280,-0.02876,-0.014,-0.019,-0.01505,-0.006,-0.01475,-0.002,-0.015,0.00096,-0.00948,0.002,-0.00647
1,0.822,0.0,0.425,-0.35526,1.211,0.243,0.65,-0.006,0.749,0.116,0.50188,-0.27632,0.722,0.07,0.69737,0.14662,0.467,-0.509,0.76128,0.046,0.66917,0.253,0.997,-0.40977,0.864,-0.04699,0.56836,-0.081,0.52820,-0.13346,0.199,-0.113,0.417,-0.10309
1,1,0.0,0.44,0.069,0.561,0.063,0.375,0.08315,0.23888,0.094,0.62,0.20330,0.49418,0.127,0.625,0.098,0.337,0.033,0.48158,0.159,0.199,0.189,0.29495,0.091,0.26436,0.14530,0.158,0.14314,0.136,0.16137,0.18767,0.13632,0.097,0.157
1,1.244,0.0,0.94080,0.068,0.85738,0.015,0.656,0.01546,0.76966,-0.00278,1.238,0.075,0.83289,0.023,0.555,0.022,0.569,0.013,0.694,0.025,0.80862,0.062,0.982,0.05352,0.414,0.033,0.832,0.06235,0.85939,0.09251,1.107,0.07090,0.487,0.07508
1,0.772,0.0,1.064,0.04326,0.638,0.252,1.008,0.251,0.89455,-0.12,0.951,-0.012,1.127,-0.26724,0.89410,0.162,1.191,-0.048,0.84452,-0.01,1.01,-0.22,0.78954,-0.241,1.225,-0.09193,0.85967,-0.02908,0.78774,-0.04101,0.47,0.21812,1.274,0.09193
1,1,0.0,0.74916,0.027,0.98994,0.09792,0.448,0.12877,0.74313,-0.131,0.95842,0.019,1.202,-0.005,0.94,0.09,1.268,0.044,0.71026,0.02683,0.815,-0.059,1,0.0,0.455,-0.008,0.882,0.02552,0.815,-0.007,0.90409,0.062,0.755,0.02750
1,1,0.0,0.672,0.19527,0.063,-0.223,0.62316,0.014,0.471,-0.049,0.473,0.021,0.621,0.362,0.73,-0.03846,0.55621,0.12426,0.394,0.106,0.289,0.02842,0.51183,-0.105,0.552,-0.019,0.46514,0.03259,0.53550,0.147,0.295,-0.107,0.34615,-0.00296
1,1,0,0.436,0.217,0.423,-0.13936,0.85122,-0.166,0.624,0.022,0.636,0.02825,0.385,-0.04520,1.033,-0.118,0.51412,-0.24482,1.154,-0.175,0.70245,-0.002,0.33333,0.092,0.379,-0.482,0.61444,-0.161,0.525,-0.018,0.53861,-0.236,0.47,-0.22034
1,1,0.0,0.84713,-0.03397,0.86412,-0.058,0.81953,0.0,0.509,-0.066,0.823,-0.093,0.563,-0.111,1.056,-0.18684,0.78132,-0.21231,0.747,-0.132,0.752,-0.15711,0.655,-0.03397,0.729,-0.26115,1.042,-0.141,0.434,-0.22293,0.863,-0.513,0.65817,-0.141
1,1,0,0.87772,-0.08152,0.954,0.045,0.84783,0.031,0.758,-0.02174,0.877,-0.069,0.669,-0.106,0.457,-0.007,1.098,-0.216,0.586,0.03261,0.781,-0.048,0.97283,-0.27989,1.024,-0.281,1.2,-0.071,0.85870,-0.03261,0.525,-0.10870,1.173,-0.00543
1,1,0.0,0.74704,-0.13241,0.545,0.203,0.398,0.113,0.69565,-0.11067,0.798,-0.236,0.939,-0.187,1.055,0.04,0.718,-0.00395,0.553,-0.148,0.79249,-0.25296,0.777,-0.312,0.67194,-0.108,0.31,-0.12041,0.60079,-0.20949,0.3,0.077,0.527,-0.01383
1,1,0,0.46785,0.11308,0.854,0.005,0.55432,0.077,0.697,-0.107,0.476,0.013,0.505,-0.105,0.541,-0.03326,0.54545,-0.132,0.435,-0.04656,0.638,-0.205,0.427,-0.13525,0.41463,-0.179,0.486,-0.094,0.59867,-0.036,0.374,-0.11752,0.71,-0.04435
1,1,0.0,1.028,0.39,0.591,0.453,0.339,0.63662,0.244,0.90502,0.08,0.96128,-0.112,0.89200,-0.315,0.998,-0.65114,0.62210,-0.565,0.676,-0.464,0.19095,-0.83943,-0.115,-0.742,-0.26356,-0.526,-0.265,-0.54732,-0.56,-0.30512,-0.361,-0.098,-0.75597
1,1.483,0.0,0.527,0.268,0.79917,0.309,0.353,1.02,0.265,0.92651,0.04636,0.96748,-0.23237,0.582,-0.624,0.765,-0.589,0.62385,-1.217,0.259,-0.92254,0.06040,-0.93618,-0.237,-0.44,-0.46906,-0.326,-0.69556,-0.588,-0.85725,-0.19,-0.93953,0.059,-1.061
1,1,0.0,0.448,0.30634,0.858,0.57816,0.34109,0.826,0.05717,0.641,-0.09238,0.525,-0.62403,0.709,-0.69767,0.32558,-0.986,0.246,-1.459,-0.006,-0.736,-0.41085,-0.956,-0.258,-0.57242,-0.67605,-0.158,-0.678,-0.016,-0.551,0.345,-0.82127,0.003,-0.824
1,1.02,0.0,0.83479,0.28993,0.925,0.47702,0.247,0.529,0.21991,0.704,-0.08096,0.76,-0.35558,0.433,-0.294,0.58425,-0.971,0.346,-0.75821,0.03939,-1.027,-0.203,-0.693,-0.488,-0.338,-0.52954,-0.16950,-0.60863,0.112,-0.61488,0.201,-0.558,0.437,-0.491
1,1.048,0,0.521,0.266,0.474,0.62349,0.284,0.686,0.21592,0.95193,-0.139,0.96167,-0.47202,1.208,-0.82,0.65490,-1.307,0.36750,-1.36,0.051,-1.103,-0.26173,-0.788,-0.525,-0.435,-0.512,-0.305,-0.86122,0.07810,-0.87159,0.465,-0.443,0.59407,-0.503
1,1,0.0,0.83367,0.454,0.549,0.418,0.256,0.70677,0.166,0.657,-0.113,0.924,-0.616,0.434,-0.644,0.59,-0.74725,0.223,-0.72180,-0.04887,-0.712,-0.154,-0.415,-0.53463,-0.242,-0.66014,-0.01530,-0.69706,0.205,-0.64428,0.453,-0.51206,0.938,-0.30075
1,1,0.0,0.64,-0.022,0.98058,-0.034,1,-0.052,1.024,0.008,1.283,-0.022,0.767,-0.081,0.76,-0.074,0.97396,-0.1,0.97264,-0.12224,0.99294,-0.061,0.95278,-0.08914,1.288,-0.107,1.075,-0.12912,0.93469,-0.09,0.512,-0.15755,1.224,-0.18800
1,1.479,0,0.94052,-0.01531,0.591,0.008,0.984,-0.019,1.388,-0.016,0.697,-0.053,0.97173,-0.026,1.077,-0.03887,0.747,-0.04064,0.95230,-0.069,1.078,-0.02179,0.92815,-0.04417,0.92049,-0.028,1.026,-0.054,0.778,-0.066,0.91991,-0.084,0.899,-0.07420
1,1,0,0.97032,-0.12,0.946,-0.002,0.726,-0.17123,0.702,0.18265,0.461,0.002,0.93607,-0.102,0.923,-0.001,0.86758,-0.08676,0.687,-0.119,0.849,0.10274,0.92009,-0.031,1.175,0.06849,0.658,-0.062,1.192,-0.20091,1.232,-0.121,0.603,-0.21918
1,0.963,0,0.583,-0.032,0.719,0.08475,0.736,-0.233,0.30508,-0.025,0.50847,-0.146,0.397,0.377,0.83051,-0.35593,0.465,0.01695,0.55932,0.03390,0.59322,0.414,0.678,0.066,0.555,0.225,0.67287,-0.00266,0.506,-0.044,0.886,-0.123,0.444,-0.10169
1,1.242,0.0,0.47,-0.25000,0.25,0.25,0.38889,0.16,0.41667,0.101,0.305,-0.11111,0.66,-0.08443,0.638,0.436,0.531,0.028,0.29,-0.167,0.47222,-0.083,0.52778,-0.014,0.38889,0.08333,0.502,-0.196,0.291,-0.13889,0.36924,-0.14809,0.058,-0.5
1,1,0,0.51207,0.729,0.656,0.53810,0.705,1.169,0.525,0.457,0.412,0.692,0.234,0.709,-0.09,1,-0.464,1.12,-0.61382,1,-0.52674,0.71699,-0.88500,0.47894,-1.448,0.527,-0.901,0.09569,-1.374,-0.217,-1.277,-0.298,-1.144,-0.65557
1,0.84,0.0,1.115,0.39,0.83550,0.54301,0.54916,0.72063,0.263,0.70792,0.156,0.94749,-0.09818,0.93778,-0.245,0.92,-0.588,0.71161,-0.441,0.754,-0.70163,0.24956,-0.825,0.02995,-0.977,-0.16,-0.646,-0.32792,-0.597,-0.211,-0.432,-0.807,-0.164,-0.382
1,1.307,0,0.581,0.42904,0.72113,0.643,0.248,0.78115,0.166,0.82732,-0.11,0.667,-0.46177,0.929,-0.318,0.771,-0.585,0.385,-1.153,0.026,-0.888,-0.161,-0.297,-0.703,-0.37298,-0.613,-0.05054,-0.32,0.14690,-0.45911,0.37093,-0.39167,0.528,-0.24313
1,1,0,1.237,0.416,0.562,0.65640,0.419,1.048,0.151,0.525,-0.197,1.193,-0.335,1.006,-0.78751,0.499,-1.006,0.196,-0.831,-0.053,-0.87028,-0.212,-0.355,-0.67464,-0.36799,-0.861,-0.04578,-0.91221,0.27330,-0.483,0.534,-0.69613,0.74828,-0.44173
1,0.865,0,0.92436,0.339,0.71976,0.622,0.327,0.623,-0.164,0.928,-0.31605,0.92453,-0.877,0.78766,-1.191,0.473,-1.161,0.079,-0.868,0.022,-0.66431,-0.834,-0.46010,-0.78174,-0.13486,-1.14,0.19765,-0.573,0.681,-0.70247,0.526,-0.46048,0.982,-0.09
1,1,0.0,1,0.222,0.913,-0.05558,1,0.019,0.967,-0.184,1,-0.023,1,-0.018,0.975,-0.094,1,-0.102,1.346,0.033,1.399,-0.10108,0.966,-0.023,1.329,-0.292,1,-0.06823,1.028,0.085,1,-0.14194,1.322,-0.07439
1,1,0.0,1.027,-0.00155,0.86421,-0.154,0.594,-0.003,0.661,-0.51171,0.92441,0.103,1.355,-0.14247,0.765,-0.036,1.165,-0.15518,1.082,0.61739,1,-0.19,0.87492,-0.062,0.85741,-0.016,0.473,-0.01,0.687,-0.02,0.766,-0.01957,0.622,-0.02039
1,1,0.0,0.79378,0.183,0.385,0.589,0.227,0.68158,0.139,0.901,-0.16831,0.54,-0.42911,0.848,-0.439,0.395,-0.75436,0.16755,-0.509,-0.109,-0.665,-0.244,-0.438,-0.38287,-0.17437,-0.362,0.012,-0.48707,0.233,-0.38059,0.31008,-0.23199,0.21,-0.103
1,1,0.0,0.821,0.35232,0.522,0.777,0.34816,0.515,0.058,0.90842,-0.397,0.95,-0.773,0.819,-0.7,0.363,-0.85803,0.08408,-0.704,-0.24017,-0.64579,-0.311,-0.435,-0.68337,-0.067,-0.915,0.17041,-0.556,0.334,-0.57649,0.801,-0.36765,0.331,-0.13305
1,1,0.0,0.89589,0.341,0.354,0.71804,0.154,0.66,-0.062,0.94415,-0.639,0.84605,-0.77660,0.671,-1.369,0.25133,-0.525,-0.15315,-0.792,-0.49,-0.50931,-0.509,-0.087,-0.989,0.21581,-0.964,0.405,-0.353,0.74846,-0.231,0.83142,-0.053,0.916,0.27926
1,0.63,0.0,1.224,-0.24051,1.38,-0.196,0.87342,-0.128,0.88608,0.013,1.051,0.167,0.92405,0.06329,0.911,-0.03797,0.609,-0.36709,0.587,-0.01,0.646,0.06329,0.77,0.166,0.895,-0.37975,1.053,-0.081,1,-0.06329,0.53165,0.02,1.188,-0.02532
1,1,0,0.641,0.009,0.83312,0.019,0.82638,0.025,0.86555,0.024,0.60504,0.067,0.79093,0.059,0.819,0.043,0.869,0.278,0.844,0.026,0.735,0.043,0.841,0.07577,0.538,0.08403,0.63728,0.08296,0.397,0.023,0.58187,0.126,0.541,0.08891
1,1,0.0,1.043,0.011,0.92211,0.01456,0.92046,0.012,0.92765,0.08010,0.64,0.11370,0.85,0.033,0.973,0.071,0.807,0.025,0.663,0.0,0.89097,0.07047,1.031,0.07697,0.494,0.151,1.207,0.08950,0.87597,0.056,0.48,0.10134,1.206,0.111
1,1,0.0,1,-0.009,1,-0.004,1.486,-0.02,0.729,-0.01565,1.225,-0.026,1.02,-0.021,0.812,-0.041,0.99528,-0.03238,0.99314,-0.019,1,-0.026,0.586,-0.06,1,-0.057,0.99842,-0.05527,1.009,-0.062,0.99057,-0.06497,0.828,-0.094
1,1,0,0.766,-0.043,0.87525,0.078,0.656,0.01386,0.92871,0.04,0.689,-0.009,0.725,-0.018,0.602,0.03366,0.93663,0,1.394,0.017,0.902,0.008,0.537,-0.01,0.671,0.017,0.89002,0.01611,0.461,0.00198,0.87327,0.024,0.763,0.02376
1,1,0.0,0.90071,0.018,1,-0.01773,0.864,0.006,0.807,0.05674,1,0.03546,0.97872,0.011,0.592,0.041,1.357,-0.038,1.162,-0.04,0.527,0.07801,1,0.063,1.07,0.04610,1.411,0.031,0.654,0.022,1,0.015,0.635,0.02128
1,1,0.0,0.34,-0.233,0.62655,0.01270,0.367,0.09091,0.426,0.064,0.21212,-0.116,0.468,0.182,0.529,0.0,0.56156,0.052,0.624,0.045,1.13,0.164,0.30303,-0.105,0.48526,0.04,0.46362,0.068,0.33333,-0.03030,0.408,0.06410,0.39394,0.121
1,1.247,0.0,0.944,0.479,0.722,0.792,0.37201,0.945,0.08646,1.004,-0.24118,0.86121,-0.51763,0.67577,-0.68714,0.497,-0.77019,0.09898,-0.714,-0.133,-0.528,-0.504,-0.41,-0.57679,-0.035,-0.59954,0.22,-0.461,0.327,-0.296,0.417,-0.19681,0.40956,0.019
1,1,0.0,0.709,0.37917,0.435,0.87,0.35916,0.88696,-0.04193,0.522,-0.38875,0.84414,-0.55,0.558,-0.82680,0.257,-0.437,-0.037,-0.73564,-0.273,-0.325,-0.62443,-0.208,-0.719,0.056,-1.074,0.256,-0.62296,0.759,-0.345,0.515,-0.17343,0.493,0.08660
1,1,0.0,0.956,0.379,0.371,0.537,0.283,0.543,-0.13342,1.394,-0.583,0.595,-0.79657,0.429,-0.96631,0.15192,-0.504,-0.25554,-0.925,-0.59379,-0.41546,-1.264,-0.023,-0.516,0.36318,-0.85368,1.002,-0.61959,0.814,-0.248,0.88654,0.114,0.44,0.46301
1,1,0.0,0.587,1,0.232,0.051,0.12993,0.49,-0.15,0.93596,-0.31527,0.189,-1.166,0.526,-0.528,-0.057,-0.465,-0.34236,-0.46552,-0.82512,-0.05,-1.336,0.359,-0.187,0.434,-0.255,0.85471,-0.042,1,1,0.564,0.002,0.17758,0.79790
1,1,0,1.171,0.52,0.551,0.414,0.06061,0.36364,-0.32104,0.745,-0.448,0.44,-0.57576,0,-0.57576,-0.175,-0.298,-0.289,-0.09091,-0.84848,0.615,-0.619,0.57576,-0.576,0.508,-0.224,1.03,0.095,0.485,0.57576,0.316,0.231,0.069,0.33333
1,0.811,0.0,0.88,0.0,0.94817,-0.015,0.93598,-0.007,1.253,0.01829,0.90244,0.01829,0.93902,0.011,1.279,0.00305,0.814,0.015,1.042,-0.014,0.724,0.018,0.91463,0.073,1.376,0.04878,0.89666,0.03,0.623,0.00915,1,0.063,0.97561,-0.016
1,1,0.0,0.692,0.065,0.79078,-0.08156,0.508,-0.021,1.388,0.01064,0.779,0.08865,0.94681,-0.005,1.005,0,0.93262,0.169,0.858,-0.007,0.91489,0.00709,0.5,0.065,0.782,0.236,1.106,0.105,0.447,0.06738,0.871,0.18085,0.92553,0.0
1,1,0.0,0.545,0.10638,1.309,0.011,1.113,0.01471,0.87234,-0.01418,0.73050,0.10638,0.522,0.02912,0.838,0.039,0.95745,0.082,0.859,0.035,0.99,0.034,0.662,0.044,1.265,0.164,0.694,0.039,0.74468,-0.03546,0.81710,0.06800,0.44,0.08
1,1,0.0,0.87578,0.03727,1.211,0.004,0.682,0.006,0.86335,0.0,0.501,0.07453,0.87021,0.00994,1.277,0.01151,0.83851,-0.071,0.85714,0.033,0.869,0.009,0.83486,0.022,0.79503,-0.064,0.763,0.021,0.81988,0.07,0.545,0.024,0.886,0.015
1,1,0.0,1.082,0.009,1.448,0.012,1,0.025,0.97,0.01599,0.992,0.02309,0.97158,0.053,0.833,0.03730,0.97869,0.018,0.98579,0.05684,0.599,0.042,0.94494,0.05506,0.655,0.031,0.718,0.094,0.675,0.057,0.776,0.089,0.98934,0.09947
1,1,0.0,1.01,0.01105,1.229,0.011,1,0.02,0.748,-0.01436,1.435,-0.00221,0.98343,0.03,1,0.005,0.97569,0.006,1.014,0.01657,0.694,0.004,0.548,0.017,0.97127,-0.004,0.98033,0.01,0.818,0.01547,1.378,0.031,0.98674,0.014
1,1.365,0.0,1.242,-0.018,0.957,0.01,0.942,-0.003,0.784,0.06264,1.084,0.061,0.95973,0.02908,1.308,0.045,1.435,0.036,0.858,0.022,0.99776,0.129,0.95749,0.057,1,0.10067,0.99989,0.08763,0.99105,0.08501,1,0.13,1.067,0.10067
1,1,0.0,1.017,0.267,0.947,0.67382,0.518,0.856,0.036,1.062,-0.243,0.59,-0.873,0.331,-0.78658,0.38778,-0.911,-0.00642,-0.69318,-0.494,-0.52504,-0.281,-0.236,-0.68126,0.00806,-0.843,0.39,-0.73,0.44569,-0.43383,0.54209,-0.206,0.652,0.02823
1,1,0.0,0.90147,0.217,0.455,0.552,0.44,1.061,-0.281,1.256,-0.55483,0.81191,-0.929,0.50949,-0.954,0.129,-0.91456,-0.398,-0.70163,-0.65461,-0.454,-0.88999,0.066,-0.94172,0.554,-0.82154,0.667,-0.356,0.89415,-0.206,1.122,0.225,0.648,0.54852
1,1,0.0,0.364,0.061,0.097,0.29308,0.14020,0.63,-0.25131,0.91993,-0.16503,0.278,-0.6,0.245,-1.441,-0.00337,-0.23227,-0.167,-0.30522,-0.652,-0.14426,-1.235,0.108,-0.227,0.407,-0.18560,0.39599,-0.097,0.45,0.05614,0.11,0.11,0.1,0.365
1,0.517,0,0.726,0.54,0.44681,0.728,0.05319,0.463,-0.32027,1.175,-1.01,0.52408,-0.84211,0.07111,-0.98,-0.255,-0.307,-0.71725,-0.024,-0.641,0.161,-0.76316,0.56663,-0.52128,0.57,-0.18645,0.736,0.148,0.591,0.441,0.208,0.839,-0.167,0.74356
1,1,0.0,0.147,0.05725,0.052,0.333,-0.097,0.48866,-0.217,-0.18321,-0.454,0.074,-0.45420,0.09160,-0.16412,-0.167,-0.089,-0.514,0.124,-0.17557,0.502,-0.121,0.339,-0.16031,0.118,0.223,0.023,0.175,-0.03817,0.242,-0.16794,0.16794,-0.30153,-0.434
1,1,0.0,1.266,0.00075,1,0,1.106,-0.00075,0.96,0.029,1.242,0.024,0.849,0.03073,0.668,0.016,1.308,0.047,0.93552,0.05279,1.399,0.05524,0.908,0.06241,1.24,0.055,0.96709,0.091,0.828,0.121,1.374,0.08126,0.97247,0.065
1,1,0.0,0.463,-0.07572,0.777,0.003,1.304,-0.018,0.49,-0.07514,0.72832,-0.11734,0.84624,0.05029,1.139,-0.07399,0.74798,0.06705,0.78324,0.063,1.168,-0.033,0.441,-0.07,0.68,-0.024,0.824,-0.02731,0.74046,-0.074,0.763,-0.036,1.085,0.012
1,1,0.0,0.433,-0.13768,0.843,-0.019,0.68195,-0.03574,0.55717,-0.071,0.61836,-0.081,0.8,-0.052,0.804,-0.07289,0.422,-0.375,0.364,0.04992,0.473,-0.08771,0.512,-0.08989,0.363,-0.006,0.326,-0.09038,0.206,-0.099,0.32232,-0.082,0.301,-0.08300
1,0.606,0.0,0.467,0.014,0.923,0.002,0.482,0.00384,0.79988,0.016,0.505,0.16,1.223,0.00744,0.81815,0.00854,0.82777,-0.076,0.663,0.044,0.76979,0.01148,0.75071,0.009,0.77138,-0.00303,0.591,0.02,0.492,0.009,0.66298,0.01484,0.779,0.018
1,1,0,0.66667,-0.02,1.138,0.045,0.49590,0.541,0.75683,-0.003,0.65164,-0.168,0.467,-0.48907,0.484,0.832,0.803,0.408,0.876,0.132,0.47541,-0.44945,0.633,0.00683,0.509,0.061,0.65,0.185,0.87568,0.074,0.569,0.142,0.13934,0.48087
1,1,0,1.09,0.08298,0.937,-0.14706,0.947,-0.05567,0.621,-0.034,0.832,0.143,0.81197,0.054,0.991,-0.082,1,-0.02101,1.32,0.06618,1.08,0.015,0.865,0.06618,0.548,-0.058,0.747,0.00123,1.02,0.082,0.86660,-0.10714,1.073,-0.034
1,1,0,0.95113,0.006,1.111,-0.02723,1.348,-0.01920,1.139,0.022,1.097,0.03281,0.94171,0.041,1.3,-0.017,1.223,0.00140,0.861,0.06038,0.708,0.051,0.93124,0.052,1.322,0.01361,0.89,0.071,1.177,0.043,1.142,-0.00035,0.769,0.04712
1,1,0.0,0.692,-0.0,0.93207,-0.03227,0.505,-0.03431,1.254,0.018,0.654,0.01,0.92595,0.041,0.509,-0.014,1.026,0.015,1.037,0.01393,1.057,0.07677,1.14,0.06148,0.93988,0.026,1.086,0.021,1.359,0.019,0.92459,0.00442,0.92697,-0.00577
1,0.673,0.0,1.138,-0.017,0.98122,-0.021,0.95691,-0.054,0.566,0.00110,0.888,-0.031,0.49,-0.009,0.90608,-0.058,0.91381,-0.00884,1.018,-0.12928,0.88729,0.007,1.1,-0.028,0.91050,-0.016,0.89147,-0.039,0.82983,-0.207,0.788,-0.03757,0.945,-0.16243
1,1,0.0,0.59,0.13533,1.013,-0.06151,0.87873,0.08260,0.689,-0.129,0.78735,0.068,0.80668,-0.002,0.662,-0.011,0.433,-0.04569,0.87170,-0.03,0.645,-0.139,0.859,0.031,0.645,-0.15114,0.81147,-0.04822,1.037,-0.004,0.719,-0.077,0.73,-0.06151
