1,1,0,0.766,-0.05889,0.475,0.02306,0.869,-0.223,0.574,0.03760,0.624,-0.17755,0.555,-0.435,0.487,-0.451,1.152,-0.38542,0.614,-0.32192,0.338,-0.29674,0.36946,-0.47357,0.792,-0.286,0.409,-0.397,0.164,-0.439,0.337,-0.333,0.149,-0.45300
0,1,0.0,0.671,-0.18829,1.265,-0.36156,-0.137,-0.93597,1.263,-0.035,0.50874,-0.719,0.34432,-0.527,-0.51685,-1.42,0.05499,-0.639,0.318,-1.432,-0.088,-0.477,-0.109,-0.475,-0.253,-0.278,-0.182,-0.235,-0.266,-0.11593,-0.16626,-0.075,-0.13738,-0.02447
1,1,0.0,0.666,-0.045,1.302,0.002,1.015,-0.107,0.88965,0.017,0.73082,0.044,1.239,0.00827,0.408,0.003,1.121,-0.151,0.75535,-0.045,0.915,-0.27502,0.43385,-0.151,0.57528,-0.40220,0.58984,-0.22145,0.43100,-0.232,0.525,-0.16,0.307,-0.492
0,1,0.0,1.197,-0.529,1.108,1.428,0.987,-1.286,0.0,0.0,0.0,0.0,0.0,0.0,-1,0.075,0.564,-0.39330,-1.468,-0.54467,-0.581,1.203,0.0,0.0,1,1.097,0.51613,1,1,-0.20099,0.25682,1,-0.288,1
1,1.464,0.0,0.657,-0.018,0.877,0.06531,0.904,-0.205,0.692,-0.16399,0.68,-0.165,0.56409,-0.00712,0.344,-0.292,0.52940,-0.262,0.481,-0.25,0.05982,-0.21,0.02309,-0.52879,0.033,-0.65158,0.179,-0.349,0.02431,-0.523,-0.081,-0.59573,-0.053,-0.65697
0,1,0.0,0.027,-0.00592,-0.09924,-0.11949,-0.007,-0.11824,0.165,0.06637,0.048,-0.079,0.0,0.0,-0.038,-0.178,-0.00343,-0.146,-0.065,-0.049,0.01838,0.05,0.02,0.008,0.03513,-0.01535,-0.041,0.09223,-0.086,0.011,0,0.0,-0.0,0.081
1,1.321,0.0,0.97588,-0.10602,0.94601,-0.13,0.92806,-0.336,0.798,-0.154,0.707,-0.474,0.492,-0.50764,0.682,-0.498,0.525,-0.714,0.37852,-0.817,0.227,-0.957,0.316,-0.511,0.301,-0.81634,0.19,-0.82510,0.04606,-0.661,-0.04262,-0.81318,-0.13832,-0.478
0,0.0,0,0.0,0.0,0.0,0.0,1,-0.737,0.0,0.0,-0.681,-1,0.0,0,0,0,1.344,1.227,-1.179,-0.513,0,0,0.0,0.0,1,0.588,1,1,0.0,0.0,0.543,0.791,0.0,0
1,0.865,0.0,0.96355,-0.099,1.492,-0.203,1,-0.252,1,-0.238,1.118,-0.43569,0.94510,-0.289,0.8,-0.595,0.98305,-0.282,0.84537,-0.66020,0.769,-0.60589,0.69637,-0.517,0.85106,-0.34,0.57577,-0.402,0.164,-0.514,0.417,-0.476,0.266,-0.898
0,0.962,0.0,-0.026,-0.061,0.0,0.0,0,0.0,0.147,-0.26810,-0.45663,-0.497,0.0,0.0,-0.256,0.457,-0.37133,0.217,0.63728,0.114,0.0,0,0,0,-0.103,-0.01326,0.20645,-0.02294,0.0,0.0,0.153,0.252,-0.08208,0.436
1,1,0.0,1.333,0.06655,1.095,-0.111,1,-0.27320,1,-0.43107,1,-0.46,0.679,-0.759,0.90711,-0.59017,1.253,-0.38,0.891,-0.626,0.70645,-0.76320,0.624,-0.7,0.57,-0.647,0.633,-0.819,0.497,-0.966,0.425,-1.007,0.195,-0.89158
0,1,0.0,1,-0.812,1.462,-0.583,0.651,-0.638,0.56,0.494,1,-0.458,1.369,1,1.068,-1.165,0.529,-0.29354,1,-0.93599,1,1.294,0.815,1.468,1,-0.469,1.491,-0.663,1.06,-1,1.195,-0.967,1,-1
1,1,0.0,1,-0.141,1,-0.112,1.06,-0.15197,0.503,-0.19277,0.812,-0.281,0.928,-0.29785,0.523,-0.214,1.144,-0.159,0.90137,-0.43383,0.86043,-0.358,0.806,-0.448,0.435,-0.47137,0.996,-0.799,0.508,-0.995,0.964,-0.851,0.64727,-0.67226
0,1,0.0,1.135,-0.86701,0.861,0.291,1.026,-0.407,1.012,-0.146,0.548,0.35147,1.345,0.076,1,-0.14767,1,-1.06,1,-0.882,0.61831,0.125,1.21,0.719,1.082,-0.17012,1,0.365,0.804,-0.66494,0.529,0.604,1,-0.216
1,1,0,1.031,0.089,0.813,0.03420,1.229,-0.059,0.96,0.116,1,0.258,0.623,0.20328,1,0.12785,1,0.066,1.063,0.27087,1,0.44758,1.417,0.473,1.118,0.20033,0.65,0.44,0.917,0.467,0.571,0.481,0.605,0.491
0,1,0.0,0.50932,-1.273,1.093,0.26708,-0.019,-1.433,1.423,-1.284,0.643,-1,0.0,0.0,-0.992,-0.421,-0.37681,0.03623,1,-0.582,0.0,0,0.0,0.0,-0.092,1.295,0.522,0.283,0.0,0.0,1,0.23188,0,0
1,1,0.0,0.961,0.06468,1,-0.009,0.932,0.02498,0.65,0.02312,1.406,0.048,0.89323,0.08,0.94212,0.059,0.533,0.071,1.278,0.08631,0.954,0.11830,0.577,0.147,1.064,0.101,0.79476,0.161,1.082,0.201,0.77122,0.15930,0.929,0.179
0,0,0.0,0.0,0,-1,-1.304,1,0.898,-1.206,1,-0.67,1.427,1.23,-0.555,1.452,1.448,-1.271,-0.918,-1.119,1.449,1,-0.548,-1.061,1.445,-1,1.213,0.549,-1.107,-1,1,-0.665,-1,1,-1
1,1,0.0,0.974,0.02528,0.47,0.05031,0.57197,0.123,0.123,0.21,0.873,0.061,0.62099,0.077,0.584,0.079,0.414,0.097,0.14395,0.41224,0.696,0.21326,0.362,0.179,0.48838,0.306,0.46167,0.211,0.233,0.278,0.40663,0.25792,0.842,0.308
0,0,0.0,0.747,-1.347,0,0,0.0,0.0,0.72,1,1,-1.344,-0.955,1,0.0,0.0,-1.182,0.942,1.063,1.074,-1.152,0.573,1,0.56250,-1.266,1,1,1,0.501,-1.398,0.953,1.115,0.786,1
1,1,0,0.569,-0.008,1,-0.135,0.541,-0.07649,1,-0.10605,0.596,-0.113,1.319,-0.519,0.806,-0.1,0.92124,-0.403,0.86473,-0.42,0.91693,-0.405,0.821,-0.363,1.025,-0.40372,0.82681,-0.581,0.687,-0.412,0.80448,-0.27,0.933,-0.508
0,0,0.0,1,0.834,0.0,0,0.0,0.0,-1,-0.992,0.0,0.0,0.0,0.0,-1,-1,-1,-1.362,-0.68,1.463,-0.853,1.275,0.0,0.0,0.0,0,0.988,-1,-1,1,-1.132,1.174,-1,0.562
1,1,0.0,1.414,0.07088,0.615,0.033,1,0.101,0.964,-0.054,1.264,0.03,0.83250,-0.06142,1.278,0.09831,0.831,0.00280,0.631,-0.054,0.804,-0.07905,0.64158,-0.05929,0.491,-0.055,0.717,-0.019,0.49664,-0.017,0.599,-0.0,0.565,-0.00182
0,0,0.0,-1.25,1,0,0.0,0.0,0.0,-0.574,1,0.739,0.579,0.0,0.0,0.0,0,1,-1.02,-1,0.633,0.947,0.796,0,0.0,-1.115,-0.93,1,-1.115,0.665,1,-1.282,1,0.0,0
1,1,0.0,0.605,-0.059,1,0.02942,1.311,-0.061,1.451,-0.023,0.908,-0.108,0.58,-0.044,0.486,-0.06598,0.69170,-0.07379,0.898,-0.20367,1.032,-0.31558,0.618,-0.31654,0.76,-0.508,1.008,-0.187,0.901,-0.516,0.54356,-0.26284,0.64207,-0.32
0,1,0,1.475,0.423,1.258,-1.399,0.531,-1,1.204,-1.137,0.842,-0.822,1.374,-1,1.214,-1,0.867,-0.741,1.275,-1,1.167,-0.737,1,-0.553,1.312,-1.443,1,-1,1.263,-1,1,-0.527,1.156,-1
1,1,0,1,-0.047,0.941,-0.091,0.514,-0.977,0.94817,0.769,1.199,-0.409,0.88486,-0.343,0.657,-0.153,0.563,-0.62180,0.106,-0.551,0.90284,0.085,0.585,-0.78547,0.373,-0.916,0.579,-1.28,0.40650,-0.592,0.182,-0.92128,-0.13341,-1
0,0.0,0.0,-1.081,-1,0.0,0.0,-0.864,1,1.017,-0.28,0,0,0,0,0.0,0.0,0.852,-0.505,-0.506,-0.543,1.049,-1,0,0.0,1,-1.416,-1,1.031,-1,-0.821,0.0,0,-0.504,0.746
1,1,0.0,1.023,0.087,1,0.17387,0.593,-0.106,0.98172,0.64520,1.151,0.275,0.756,0.59113,1.288,0.684,0.859,0.82777,0.836,0.95099,0.611,1.465,0.546,1,0.638,1.055,1.146,0.59,0.74822,0.559,0.885,1,0.52479,0.699
0,0,0.0,-0.929,-0.672,0.805,1.432,0.603,-0.755,-0.796,1,1.397,-1,-0.996,-1.181,0.0,0.0,1.457,1.026,-1.244,-1.263,1,-1.393,1.36,-1,1,1,0.732,-1,1,-0.733,-1,1,0.773,-1
1,1,0.0,1.341,-0.179,0.96,-0.107,0.522,-0.196,1,-0.056,1.336,-0.254,0.666,-0.26161,1,-0.21975,1,-0.199,1.199,-0.46162,1.338,-0.515,1,-0.59661,0.929,-0.366,1.049,-0.49687,1.276,-1.053,1.251,-0.75761,1.053,-0.84437
0,1.164,0,1,-1,1.183,0.831,1,-1.044,1.302,-1,1,-1,0.548,-0.024,1.291,-1.468,1.286,1.188,1.385,-0.744,1.428,1,1.179,-0.885,0,0,0.641,0.926,1.197,-0.687,1.105,1,1,1.108
1,1,0.0,1.067,-0.14639,0.482,-0.085,0.92100,-0.138,0.884,-0.17,0.88462,-0.312,0.765,-0.277,0.856,-0.432,0.946,-0.33632,0.75243,-0.438,0.417,-0.42,0.399,-0.50085,0.388,-0.48086,0.656,-0.54629,0.329,-0.59854,0.607,-0.57377,0.42189,-0.748
0,0.674,0.0,0.71253,-0.035,0.41287,-0.23067,0.897,-0.127,0.99709,-0.10236,1.202,-0.089,0.58965,1.119,1.226,-1.152,1.154,-0.251,0.67,-0.28257,-0.25914,1.178,0.765,0.06,0.65493,-0.217,1.333,-0.231,0.666,-0.189,0.86136,-0.931,-0.23186,-1
1,1,0.0,1.425,-0.15899,1.006,0.328,0.83443,-0.542,1.257,-0.176,1,-0.32,0.923,-0.12527,0.702,0.193,1,0.222,1.25,0.26590,0.96354,-0.017,1.061,-0.91338,1.418,0.092,1,-0.144,1.35,-0.085,0.906,0.53372,0.914,-0.57758
0,1,0.0,0.66161,-1,0.585,0.991,0.946,-0.67321,0.656,-0.40446,0.802,-1.214,1.109,-0.885,1.065,0.73393,0.17589,0.70982,1.319,0.575,1,0.463,0.588,-0.59,1.344,0.85357,1.049,-0.073,0.653,-0.36250,1.068,0.65268,1.057,0.217
1,1,0.0,1.004,0.00433,0.804,-0.01209,1,-0.03,1.282,-0.046,0.97839,-0.078,0.923,-0.06544,0.97261,-0.07917,0.92561,-0.121,1.137,-0.14327,1.487,-0.073,1.289,-0.07,1.055,-0.288,0.869,-0.122,0.689,-0.228,0.83777,-0.161,0.993,-0.20766
0,0,0.0,1.303,1.492,1.283,-1,0.0,0,0.0,0.0,-0.57,-1.375,0.0,0.0,0.0,0.0,-1,1,1,1,-0.71,0.576,-1,0.699,1.047,-0.569,0.716,0.645,-1,1.145,1.032,1,0,0
1,1,0,0.999,0.04347,1.201,0.02280,0.936,0.062,0.483,0.015,0.81,0.089,0.92766,0.112,1.329,0.036,0.841,0.179,1.24,0.106,1.157,0.086,0.77041,0.121,0.576,0.11299,0.73550,0.13282,0.4,0.15300,0.682,0.10754,0.875,0.11447
0,1,0,1.294,0.02461,0.812,0.04861,1.301,0.106,0.719,-1.498,1.331,0.097,0.624,0.301,0.82077,0.193,0.785,0.187,1.068,0.41003,0.698,0.156,0.60138,0.16516,0.607,0.185,0.516,0.22,0.43481,0.1,0.38352,0.14677,1.462,1
1,1,0.0,0.622,0.035,1,0.20746,0.967,0.23,0.93051,0.37,0.86773,0.466,1.059,0.259,0.79555,0.454,0.385,0.60756,0.29,0.62999,0.47807,0.375,0.555,0.834,0.34384,0.764,0.157,0.548,0.283,0.70682,0.11,0.959,0.096,0.71444
0,1,0.0,-1.082,-1,1,0.861,1.307,-0.193,0.0,0,-1.135,1,0.773,0.971,0.17917,-1,-0.548,-0.546,0.101,-0.529,1.204,-0.567,-0.864,1.446,-1.2,-1,1.06,-0.799,-1,-1,1.306,1.021,0,0
1,1,0.0,1.101,0.08791,0.591,0.149,1.197,0.204,0.731,0.654,0.746,0.52,0.16286,0.259,0.586,0.287,0.51067,0.403,0.307,0.124,0.37824,0.58,0.329,0.55826,0.24856,0.56527,0.18626,0.573,0.1,0.451,0.06927,0.344,0.12137,0.67739
0,1.471,0,-0.79,-1.069,1,0.82857,0.908,-1.306,1.284,-0.23393,1,0.954,1,-0.427,1,-1.212,1.252,0.13839,1.031,-0.567,1.118,-0.046,-0.482,0.988,0.53750,0.85714,1,1.093,0.939,-1.314,1.479,-0.527,0.96,-1
1,1,0.0,1.402,-0.069,0.99793,-0.124,1.467,-0.19430,1.424,-0.288,0.92738,-0.30130,0.92651,-0.257,1.333,-0.615,1.161,-0.312,0.87433,-0.442,1.034,-0.412,0.74725,-0.64615,0.513,-0.513,0.928,-0.961,0.433,-0.75353,0.557,-0.513,0.49195,-0.83245
0,0,0,0.0,0,0,0.0,0.0,0.0,0.549,1,1,1,0.0,0.0,0,0,-0.37500,-1.168,-0.548,-1.061,0.0,0.0,0.0,0,-1.445,-0.918,-1.107,-0.619,-1,1.452,1.448,0.0,0.0,0.0
1,0.705,0.0,1,-0.029,1,-0.081,0.553,-0.11039,0.99838,-0.061,0.709,-0.178,0.96674,-0.283,0.95288,-0.25099,1.122,-0.34400,0.603,-0.211,0.483,-0.34691,1.276,-0.37643,0.804,-0.639,1.162,-0.304,0.81433,-0.358,0.553,-0.537,1.072,-0.50152
0,1.328,0.0,0.579,-0.02685,-1,0.281,-0.499,0.41,0.773,-0.63427,1,-0.042,-0.29020,-0.00550,-0.431,0.216,0.662,-0.232,0.724,-0.677,-0.29735,-0.31454,-0.696,0.37361,0.947,-0.46734,0.448,-0.58130,1.291,-0.61393,-0.051,0.11,-0.045,0.395
1,0.906,0.0,1.051,0.006,0.53,-0.036,1.234,-0.05699,0.95947,-0.06971,0.99004,-0.034,1.186,-0.153,0.531,-0.12790,0.876,-0.11583,1.074,-0.216,0.88274,-0.111,0.494,-0.18739,0.94,-0.19689,0.81813,-0.21136,1.032,-0.204,0.972,-0.23095,0.903,-0.185
0,1,0,0,0.0,1,0.478,0.0,0.0,0.145,-1,0,0.0,0.0,0.0,-1.078,-0.133,-0.55711,-1.045,0.782,0.833,0.0,0,0.53448,0.476,-1.23,0.307,1.463,-1,-1.375,1.135,0.0,0,0.0,0
1,0.707,0.0,0.977,-0.124,0.476,0.02919,0.574,-0.002,1.284,0.13795,0.81121,-0.01789,0.498,0.54991,1.077,-0.733,0.75000,-0.29520,0.751,-0.20104,1.323,1.069,0.347,-0.176,0.976,-0.019,0.749,-0.01158,0.61582,-0.32298,0.64,-0.378,1.056,-0.01425
0,0,0,1.168,0.947,0.579,-1.115,0.0,0.0,0.0,0,1,1,1.236,1,-0.838,-1,1,-1.162,-0.882,0.955,0.0,0.0,1,-1.028,1,-1,1.431,1.146,-1.167,-1.193,0.0,0,0.0,0.0
1,0.895,0,1.123,1.305,1,1.233,1.015,1,-0.26970,1,-0.904,1,-1.366,1.25,-1,0.72526,-0.574,-0.53,-0.841,-0.429,-1.185,-0.81,-0.718,-1.39,0.90014,-1.338,0.641,-1,0.686,-0.739,1,-0.276,1.271,0.34845
0,1,0.0,-0.67935,-1,-0.553,0.908,1.311,0.63317,0.019,-1,-1,-0.842,1.258,1.167,1.218,-0.952,-1,1.451,0.83840,0.822,1.263,-1.399,-1,-1,-0.114,1,1.137,-1.214,-1.204,-0.52,-1,0.764,0.731,0.485
1,1.082,0.0,1.123,0.104,0.97487,-0.043,0.527,-0.074,0.96097,-0.06561,0.94717,0.007,0.95436,-0.194,0.94612,-0.107,0.934,-0.32268,0.669,-0.234,0.91428,-0.27316,0.674,-0.29807,0.99899,-0.242,1.287,-0.3,0.92059,-0.338,1.101,-0.368,0.571,-0.492
0,1.26,0,0.08333,-0.17,-0.949,0.538,-1,0.506,0.869,0.47173,-0.988,-0.678,-1,-0.551,-1,1.2,-0.02753,0.441,-0.529,-0.536,-0.738,-1,-1,-0.315,-1.031,0.352,0.504,-1.049,-0.505,-0.331,-1,-1,-1,0.406
1,1,0.0,1,-0.013,0.699,-0.04494,1,-0.095,1,-0.066,0.775,0.647,0.574,-0.175,0.859,-0.151,1.465,0.192,1,-0.234,0.831,-0.18949,0.723,-0.20081,1,-0.92284,0.87280,-0.118,0.655,-0.125,0.803,-0.158,0.752,-0.22981
0,0,0,-1.288,0.559,0.805,-1.055,-1.328,0.996,0.0,0.0,1,1,-0.889,-0.256,0.611,0.773,-1.263,-0.796,1,-1,-1.181,-0.967,1,1.457,0.929,-1,1,1,0.732,0.798,0.0,0,-1.393,-1
1,1,0.0,1,0.05812,1.206,0.057,0.514,0.089,0.672,-0.01911,0.992,0.042,1.191,0.107,0.717,0.11224,0.933,0.288,0.803,0.226,0.957,0.151,0.956,0.16410,0.91667,0.22431,1.181,0.219,0.88568,0.22511,0.939,0.29576,0.848,0.31166
0,1.197,0,0.11,-1.286,-1.45,0.869,0,0.0,0.0,0.0,-1,1,0.0,0.0,-0.61354,-0.67708,1.116,0.484,0.51979,0.125,0.0,0.0,-0.661,-0.35,-1.061,1.063,1,1.341,-1,0.67708,0.0,0,0.0,0
1,1.043,0.0,1.172,0.09771,1.001,0.063,0.656,0.22574,0.878,0.096,0.561,0.274,0.92992,0.287,0.876,0.28343,0.85529,0.26721,1.08,0.33129,0.83393,0.374,0.74829,0.439,0.76193,0.509,0.828,0.42746,0.581,0.46031,0.73,0.566,0.627,0.322
0,0.931,0.0,0.015,-0.356,0.0,0.0,0.0,0.0,0.0,0.0,0,0,0.0,0.0,0.12292,-0.699,0.15,0.82813,1,-0.565,0.0,0,0.08333,-1,-0.086,-0.178,1,-0.76667,-1,0.166,0,0.0,0.84,-0.21
1,1,0.0,1,0.094,1.112,0.204,0.606,0.33347,0.852,0.333,0.697,0.428,0.84250,0.46899,0.74,0.426,0.718,0.685,0.916,0.712,0.356,0.391,0.699,0.64720,0.48311,0.458,0.43317,0.69129,0.35684,0.76147,0.458,0.606,0.253,0.78685
0,0.543,0,0.63816,1,0.20833,-0.802,0.588,0.623,1.25,0.30921,-0.66886,1,-0.033,0.582,0.01754,0.048,-0.304,-1,0.14254,-0.035,0.455,-0.578,-1,0.737,0.898,-0.887,1.184,-0.061,1.321,0.811,0.20614,-1.049,0.625,1.065
1,1,0.0,0.923,-0.619,1,0.76131,0.849,0.253,0.585,-0.12,1.151,0.645,0.65452,-0.16080,1,0.00879,0.5,-0.50126,0.855,-0.24497,0.6,-0.19095,1.184,-0.124,1.167,0.148,1.095,-0.062,1,-0.27387,0.354,0.157,0.455,-0.034
0,1,0.0,0.554,0.102,0.801,0.253,1.416,-1,0.468,0.102,0.683,0.27038,1.492,0.741,0.71,0.35507,0.576,0.018,0.333,-0.43025,1,0.751,1.226,0.271,0.788,-0.33333,1,0.128,0.37681,-0.01947,1.446,0.162,1,0.37409
1,0.849,0.0,1.145,0.28046,1.303,0.02477,0.572,0.07764,1.443,0.06,1.332,0.33266,1.341,0.05489,0.761,0.04384,0.988,-0.181,0.744,-0.08668,1,0.024,1.283,0.253,0.716,-0.39056,1.427,-0.02174,0.629,0.23360,0.57,-0.231,0.80355,-0.071
0,0,0.0,1.404,-1,1.463,-1,1,-1,1,-1,0.946,0.989,1.13,1.371,1.115,-0.869,0.705,1.021,1,1.154,1.068,0.56,1.112,-1.095,1,-1.333,1.233,-1,1.294,0.65625,0,0.0,1.275,-1.491
1,1.363,0.0,1.403,0.67784,0.81309,0.82021,0.373,1.211,0.20619,0.925,-0.511,0.638,-0.754,1.132,-0.967,0.427,-0.585,-0.58634,-0.798,-0.279,-0.73083,-0.445,-0.399,-0.97491,0.219,-1.195,0.551,-0.93296,0.25773,-1.056,0.93570,-0.35222,1.353,0.03446
0,0.546,0.0,1,0.517,1,-1,1.105,-1.204,0.548,0.875,1,0.757,1,0.864,1.446,-0.969,1.06,1.153,1.306,1.2,0.773,1,1,0.567,1,1,0.799,0.5,0.0,0,1.369,-1,0.971,-0.558
1,1,0,0.96,0.043,1,0.198,0.683,0.26968,1.345,0.288,1,0.28,1,0.395,1,0.31674,1.065,0.521,1,0.644,1.016,0.493,0.882,0.59457,1.186,0.361,0.89502,0.722,0.85611,0.644,0.783,1.119,0.811,0.653
0,0.0,0.0,1,-1,0.623,1.479,-1.306,-1,1,-1.063,0,0.0,0,0.0,-0.992,1,1.212,-0.571,1.031,-1.229,-0.75000,0.605,1.417,-0.96,1.355,-1,1,-1,-1.132,-1.118,0.0,0.0,0.625,-1
1,0.908,0.0,0.507,0.127,1.386,0.19279,0.681,0.27451,0.98044,0.35052,0.917,0.46281,0.961,0.52517,1.037,0.804,0.872,0.69065,0.69003,0.548,0.699,0.474,0.492,0.444,0.387,0.701,0.33401,1.101,0.24944,1.208,0.093,0.86835,0.09048,1.228
0,0.775,0.0,0.69444,0.38889,0.0,0,-0.32937,0.69841,0.0,0.0,0.0,0.0,0.0,0,0.199,-0.24206,0.13,0.254,0.607,0.78175,0,0.0,0.0,0.0,1.063,0.324,0.857,0.63492,0.0,0.0,0.0,0,0.0,0
1,1,0,0.717,0.028,0.71,0.097,1.427,0.19498,1.213,0.261,1,0.313,0.705,0.256,1.058,0.621,1.162,0.50391,0.75906,0.709,0.80644,0.59962,0.979,0.934,0.66643,0.924,0.366,0.462,0.719,0.512,0.47027,0.71689,0.467,0.75243
0,0,0,0.932,1,0.0,0.0,1,-1,1.452,-1,0.539,0.859,1,1.291,0.501,-0.532,0.742,1,1.098,0.789,1.266,-1.398,-1,-1.372,0.656,-0.537,0.612,-1,0.502,0.842,0,0.0,1.291,-1
1,1,0,1.063,0.037,0.569,0.142,1.129,0.16159,1.344,0.27921,0.844,0.295,0.672,0.35,0.91118,0.255,0.81939,0.493,0.587,0.338,0.886,0.374,0.948,0.58129,0.848,0.59723,0.463,0.702,0.53952,0.60932,0.45312,0.364,0.381,0.62658
0,0.0,0.0,1,0.775,1.319,-0.918,1.215,1.252,1,1.474,0.695,1.254,1.375,0.68,1,1.127,1,-1.078,-0.541,1,-1,0.685,-1,1.264,1,-1,1.313,0.735,-1,1,-0.992,-1.375,-0.596,1
1,1.275,0,1.463,0.319,1.069,0.649,1,0.491,1.174,1,0.853,0.988,1.132,1,1.362,1.073,1,1,1,0.562,0.51,0.834,1.041,0.867,0.705,1,0.235,0.924,0.081,1,-0.17370,0.803,-0.81383,1
0,0.0,0.0,1.028,1.168,1,-0.882,1.162,1.082,-1,1,0,0.0,1.084,1,0,0,0,0.0,-1.46,1.219,-1.079,1.416,1,0.757,1,-1.146,1.236,0.707,1,0.955,1.167,-0.838,-1.472,1
1,1,0.0,1,-0.06604,1.115,0.786,1,0.064,1,0.226,1,-1.02,0.895,-0.257,1,-0.216,0.81,0.046,1.282,-0.454,1,-0.356,1,-1,0.796,-0.688,1.271,-1.164,0.947,-1,1.193,-0.882,1,-0.277
0,0.0,0.0,1.311,-1,0.917,1,1.214,1,1,1.39,1.263,0.52,0.686,-1,1,-1.087,1,0.908,0.952,-0.841,0.527,1.359,1.399,1.451,1,-1.458,0.605,0.641,1,-1.233,1,1,1,-1.167
1,0.741,0,1.02,0.043,0.92679,0.16251,0.89702,0.323,0.584,0.263,0.911,0.366,0.851,0.386,0.517,0.642,0.654,0.947,0.602,0.64924,0.576,0.854,0.34232,0.68343,0.2,0.404,0.18765,0.565,0.133,0.71038,0.02735,0.669,-0.04023,0.69509
0,0.538,0.0,0.37,-0.163,1.048,0.21908,0.257,0.195,0.25795,0.58304,1,-0.15194,0.006,0.467,0.013,0.38869,0.18681,0.425,0.069,0.436,0.04325,0.387,-0.001,0.168,-0.034,0.19405,-0.04314,0.14481,-0.04779,0.085,-0.043,0.039,-0.059,0.045
1,1,0,0.377,-0.041,0.65680,-0.039,0.601,0.02,0.85947,0.018,0.344,0.075,0.71598,0.085,0.743,0.05178,0.904,-0.27811,0.65976,-0.014,0.398,0.096,0.262,-0.147,0.65385,0.04,0.61009,-0.06637,0.71,-0.18,0.299,-0.17,0.437,0.02959
0,0.796,0.0,0.287,-0.06343,0.905,0.024,1,0.59,0.35821,0.213,0.468,0.08,0.474,-0.471,0.683,0.67910,0.66791,-0.10448,0.46642,-0.064,0.65574,0.14792,0.664,0.27,0.642,0.16418,0.514,0.188,0.323,-0.022,0.39118,0.143,0.352,0.12755
1,1,0.0,0.711,0.04,0.76981,-0.10566,0.77358,0.03774,0.962,-0.04528,0.877,0.01132,0.448,-0.13962,0.544,-0.032,0.518,0.11,0.79,-0.07925,0.794,-0.285,0.596,-0.141,1.186,-0.188,0.73886,-0.043,0.403,0.023,0.86415,0.029,0.566,0.00755
0,1,0.0,0.916,-0.046,0.89241,0.031,1,0.484,0.364,-0.076,0.252,-0.16818,1.136,0.063,0.56818,1,0.50455,0.21818,0.969,0.134,1,-0.319,1.323,-1.015,0.74,0.438,0.426,0.14673,0.351,0.095,0.612,0.14643,1.105,1
1,1,0,0.68,-0.019,0.488,0,0.38431,0.167,0.514,-0.05882,0.671,0.14118,0.405,0.08235,0.52549,-0.078,0.852,0.019,0.417,0.0,0.45882,0.062,0.755,0.099,0.52,0.005,0.538,0.10039,0.543,0.072,0.45098,0.151,0.384,0.17255
0,1.202,0.0,0.41932,0.079,0.35,0.082,0.178,0.27955,-0.047,0.372,0.04517,0.218,-0.178,0.358,-0.117,0.27322,0.022,0.363,-0.34773,0.171,-0.20028,0.05,-0.187,0.215,-0.14003,-0.04802,-0.09971,-0.07114,-1.155,-1,-0.043,-0.078,-0.007,-0.06314
1,1.247,0.0,0.595,-0.168,1.098,0.407,0.82403,0.27,0.476,0.08,0.90558,-0.028,0.907,0.25000,0.646,0.25322,0.599,0.57940,0.65,0.45,0.764,0.347,1.154,0.466,0.56760,0.745,0.69811,0.53235,0.80901,0.863,0.393,0.70923,0.52361,0.54185
0,1,0,0.528,-0.09,-0.31745,-1.148,-0.112,-0.56435,0.80648,0.037,0.818,-0.006,-0.205,0.845,-0.279,-0.68065,0.76,-0.134,0.893,-0.089,-0.06959,0.50810,-0.34128,0.519,0.715,-0.03718,1.005,-0.25,0.49,-0.131,-0.21354,-1.031,-0.115,-0.59867
1,1.383,0,0.70870,-0.246,0.64348,0.032,0.45217,0.226,0.617,0.124,0.534,0.362,0.611,-0.196,0.50435,0.565,0.198,-0.517,0.384,-0.163,0.26957,0.11739,0.53246,-0.048,0.31304,-0.12174,0.612,-0.025,0.262,-0.04448,0.64348,-0.148,0.686,0.117
0,1,0,-0.5,0.14861,-0.221,0.886,0.613,-0.13932,0.31889,-0.068,0.20743,-0.104,0.312,0.08978,0.451,-0.124,0.16,0.45201,0.175,0.02,0.753,0.07121,-0.552,-0.79,1.021,0.65635,0.333,-0.355,-0.18,0.153,0.02399,0.55820,0.644,-0.058
1,1,0,0.432,0.19,0.45331,0.174,0.749,-0.004,0.71,0.219,0.621,-0.236,0.341,-0.027,0.55518,0.045,1.179,-0.292,0.42445,-0.032,0.34975,0.064,0.28183,-0.268,0.37,-0.03176,0.37,-0.032,0.34635,0.09847,0.70798,-0.013,0.225,-0.03226
0,0.924,0,0.79157,0.172,0.0,0.0,0.808,0.06874,0.335,1.275,0.38359,0.984,-0.033,0.462,0.333,0.145,-0.023,1.268,-0.307,0.93,-0.10200,0.274,-0.22,0.23725,-0.524,0.80710,-0.34146,1.21,-1,0.504,-1,0.122,0,0
1,0.529,0,0.90116,0.16607,0.884,0.243,0.774,0.481,0.815,0.706,0.44303,1.192,0.199,0.87493,0.06438,0.976,-0.163,0.51,-0.28739,1.187,-0.46635,0.369,-0.665,0.53805,-1.021,0.39951,-0.767,0.378,-0.72369,0.134,-0.882,-0.05525,-0.99,-0.21
1,0.969,0.0,0.781,0.19049,0.82683,0.46259,0.938,0.711,0.47968,0.524,0.31409,1.222,0.114,0.93945,-0.13254,1.154,-0.182,0.971,-0.456,0.79525,-0.528,0.481,-0.77408,0.19,-0.85376,0.114,-1.169,-0.007,-0.82366,-0.168,-0.51,-0.33662,-0.821,-0.278
0,0.683,0,-1.149,-1,0.0,0.0,0.615,-0.942,0.332,0.442,-1.153,-0.41368,0,0.0,0,0.0,1.016,-0.386,0.36482,-0.347,0.97068,-0.804,-0.972,-1.06,1,-0.526,-1,-0.861,-1.204,-0.529,0.864,-1,0,0
1,1,0,0.602,0.031,0.79074,0.024,0.78575,0.03,0.697,0.119,0.67801,0.31152,0.86,0.07348,0.794,0.111,0.856,-0.079,0.782,0.0,0.70021,0.161,0.903,0.074,0.714,0.088,0.64158,0.13608,0.734,0.17539,0.573,0.14697,0.85,0.094
0,0.567,0,1.284,-1,0,0.0,1.056,-1.461,1.151,0.72,-0.448,-0.891,0.0,0,0.0,0.0,0.743,-0.77206,0.921,-0.741,0,0,0.241,-1,-1,-1.093,-0.988,-1,1.191,-1,0.96,-0.527,0.0,0
1,0.964,0,1,0.011,0.96215,-0.03142,1.31,-0.03436,1.168,-0.035,0.99026,-0.043,0.768,-0.09002,1,-0.15727,1.485,-0.107,1.106,-0.162,0.582,-0.206,1,-0.145,0.98971,-0.289,0.919,-0.125,0.963,-0.17123,1.366,-0.267,1.294,-0.158
0,0.0,0.0,0,0.0,0,0.0,0,0.0,0.0,0.0,0.0,0.0,0.0,0,0.0,0,0.0,0,0,0.0,0,0,0.0,0.0,0,0,0.898,-1.452,0.0,0.0,0.0,0.0,0,0.0
1,1,0.0,0.686,-0.12095,0.885,-0.09,0.96365,-0.2,0.97026,0.06,0.92003,-0.007,0.445,-0.212,0.742,-0.31395,0.612,-0.21216,0.831,-0.196,1.452,-0.27165,0.93126,-0.39458,0.705,-0.19233,0.446,-0.407,0.439,-0.306,1.325,-0.251,0.855,-0.41573
0,1,0.0,0.36,-0.3,0,0.0,0.68182,-0.943,0.353,0.95833,0.64394,0.039,0.2,-0.84848,0.0,0.0,0.425,-0.35985,0.45076,-0.80682,0.0,0.0,0.0,0,0.24242,0.166,0.786,-0.173,0.06061,-0.651,0.175,-0.944,0.0,0.0
1,1,0,0.733,-0.281,1.078,-0.03692,0.98898,-1.197,0.90083,0.711,1,-0.06,1.016,-0.12493,0.918,-0.197,1.264,-0.221,1.127,-0.186,1,-0.297,1,-0.214,1,-0.255,0.641,-0.405,0.541,-0.436,1,-0.56,0.665,-0.44739
0,1,0,0,0.0,0.0,0,0.0,0,0.0,0,0.426,1.474,0,0.0,0,0.0,0.43,-0.614,0.468,-1,0.0,0.0,0.0,0,0.0,0.0,0.803,0.101,0.0,0,0.0,0,0.0,0.0
1,1,0.0,0.559,0.007,0.741,-0.131,0.88237,-0.233,0.75,-0.065,0.96484,-0.093,0.85221,0.044,0.87161,-0.226,0.93881,-0.12977,1.435,-0.077,0.754,0.001,0.54,-0.05882,1.012,-0.19872,1.067,-0.183,0.94294,-0.16581,0.568,-0.25741,0.525,-0.297
0,1,0.0,0.081,0.101,0,0.0,0,0.0,0.639,0.82432,0.356,1,0,0.0,0,0.0,0.415,-1,0.372,-0.955,0.0,0.0,0.0,0,-0.314,-1.193,1,-1,0.351,-0.303,0.0,0,0.0,0.0
1,1.233,0.0,1,-0.57224,1.078,-0.594,1.174,-0.97450,1,-0.35818,1.366,-0.133,0.327,-0.86402,1.25,-0.548,0.764,-0.79603,1.114,-1.209,1.227,-0.917,0.589,-0.74896,0.61946,-0.689,0.345,-1.044,0.556,-1,1.185,-1,0.30445,-1.058
0,1,0,0.65909,-0.53,0.0,0.0,0.0,0.0,0.985,1.374,1.167,-0.28030,0,0.0,0.0,0.0,0.62121,-0.12,0.729,-1.214,1.137,-1,0,0.0,0.0,0,1,-0.93939,-0.068,-1.094,0.0,0.0,0.0,0
1,0.938,0.0,0.86284,0.102,0.48,0.41149,0.632,0.417,0.356,0.518,0.397,0.807,0.19617,0.472,-0.06,0.456,-0.17241,0.75785,-0.377,0.65747,-0.48199,0.35,-0.719,0.222,-0.872,0.179,-0.63038,0.08818,-0.777,-0.07816,-0.419,-0.19923,-0.373,-0.31954
0,1,0.0,0.42000,-0.61000,0,0.0,1,-0.742,1.162,0.627,0.354,0.64000,0.0,0.0,0.0,0,0.49,-0.329,0.84000,-1.115,0.0,0.0,0.0,0,0.27,0.401,1.155,0.169,0.0,0.0,0.0,0,0,0
1,1,0.0,1,0.257,0.91404,0.453,0.78020,0.72144,0.244,0.613,0.27639,0.726,0.104,0.88248,-0.201,0.91404,-0.34168,0.528,-0.634,0.64527,-0.465,0.608,-1.066,0.234,-0.739,0.031,-1.041,-0.161,-0.592,-0.408,-0.543,-0.47,-0.37432,-0.53319
0,1.194,0.0,0.691,0.81586,-0.72973,1,-0.389,0.588,0.078,0.154,-0.18599,-0.092,-0.034,-0.053,0.016,-0.02,0.014,-0.00537,0.004,0.00097,0.001,0.00075,-0.0,0.00019,-0.0,0.00002,-0.0,0.0,0.0,0.0,0,0.0,0,0
1,0.833,0.0,0.127,-0.133,0.252,0.065,0.272,0.161,0.185,0.09524,0.40476,0.017,0.30952,-0.04762,0.307,-0.062,0.28571,-0.11905,0.494,0.04762,0.30952,0.0,0.158,-0.165,0.35714,-0.03,0.22109,-0.02,0.237,0.0,0.16997,-0.02034,0.217,-0.023
0,1,0.0,1.283,-0.14754,0.81,0.06,0.678,-0.01639,0.442,0.02,0.527,-0.041,0.72131,0.0,0.665,-0.17,0.278,-0.14754,0.65558,-0.17176,0.8,0.027,1,-0.29508,0.398,-0.34426,0.573,-0.171,0.454,-0.036,0.329,-0.44262,0.5,-0.06557
1,1.363,0.0,1.438,0.0,1.282,0.03131,0.603,0.06,0.883,0.0,0.932,0.04545,0.79343,0.08436,1.105,0.09579,0.62727,0.375,0.609,0.12727,0.723,0.085,0.68604,0.114,0.446,0.325,0.64581,0.15088,0.704,0.022,0.60715,0.212,0.58840,0.235
0,0.639,0.0,0.229,0.575,-0.78824,0.13,-0.151,-0.76378,0.654,0.017,0.82143,0.539,-0.738,0.395,-0.176,-0.564,0.43,0.173,0.328,0.063,-0.51830,0.541,-0.47651,-0.47594,0.32143,0.70238,0.633,0.26,0.57143,0.539,-0.599,-0.29915,0.25441,-0.55837
1,1.067,0.0,0.86889,-0.09,0.837,-0.02494,0.875,-0.101,0.946,0.00222,0.83556,-0.06444,1.288,-0.074,1,-0.104,0.86889,0.046,0.96,-0.038,1,-0.143,1,-0.23,0.67,0.03556,0.649,-0.166,0.538,-0.14667,0.573,-0.157,1.037,-0.44222
0,0.599,0.0,0.43636,-0.171,0.58182,-0.207,0.18182,-0.67273,0.34545,-0.03,0.149,-0.05455,0.187,0.367,0.302,-0.456,0.193,-0.021,0.36364,0.05455,0.12727,0.672,0.842,0.16364,0.24,0.137,0.41098,-0.074,0.47,-0.05455,0.114,-0.528,0.197,-0.246
1,1,0.0,1,-1.009,0.866,0.75472,0.549,-0.039,0.62264,0.0,1.296,-0.00054,0.43,0.07547,0.644,-0.044,0.979,-0.00085,0.595,0.0,0.52830,0.087,0.95190,-0.001,1.167,0.815,0.722,-0.00128,0.477,-1,1,0.276,0.566,-0.137
0,1,0.0,0.914,0.704,-0.708,-0.248,0.33333,-0.14286,0.642,-0.14286,-0.67285,0.174,0.33333,0.0,0.379,-0.07143,-0.38214,0.588,0.23810,0.031,0.387,0.04762,0.16667,-0.26190,-0.668,-0.143,0.289,-0.527,0.557,0.0,-0.397,-0.05,0.297,0.014
1,1,0,0.612,0.037,0.506,-0.112,0.54,0,0.247,-0.06250,0.505,0.0,0.395,0.10417,0.54167,0.019,0.638,-0.332,0.26,-0.22917,0.17,0.08333,0.333,0.119,0.537,-0.244,0.44012,-0.076,0.41667,-0.099,0.58333,-0.273,0.431,-0.06250
0,1,0,0.601,1.457,0.0,0,0,0.0,0.0,0.0,0.47744,-1.225,-0.345,0.45489,-0.732,0.256,0.963,1,0,0.0,0.0,0,0.717,0.17,-0.795,-1,1,-0.711,1.4,1,0.0,0.0,0.0,0.0
1,1,0.0,0.996,0.06595,0.93614,0.079,0.892,0.19152,0.824,-0.742,1.175,0.85,0.77937,0.467,0.72254,0.37988,0.972,0.239,0.95472,0.59862,0.594,0.485,0.587,0.458,0.428,0.343,0.217,0.424,0.888,1,0.247,0.39620,0.238,0.37191
0,1,0,0.59840,0.494,0.67,0.442,0.76001,0.869,1.107,-0.12,0.97311,0.091,0.855,-1.055,0.91962,0.708,0.95452,-0.032,1.099,0.16,1.474,-0.69594,0.488,-0.989,0.278,-0.30063,0.685,0.213,0.62958,0.42677,0.461,0.925,0.952,0.68822
1,1,0.0,0.729,0.10129,1.323,-0.028,0.98313,0.03,0.96974,-0.09316,1.324,-0.015,1.018,-0.045,1,-0.044,1.367,-0.05179,1.383,0.019,0.97620,-0.074,0.802,-0.05318,1.0,-0.15675,0.835,-0.06995,1.193,0.016,1.239,-0.11,0.509,-0.06888
0,1,0.0,0.0,0.0,-0.33672,1.193,0.0,0.0,0.954,-0.689,0.55,0.404,-0.178,-0.59212,-0.192,0.551,0.94155,0.103,0,0.0,0.0,0.0,-0.18043,-0.674,0,0.0,1.131,-0.685,0,0,0.051,0.61881,0,0
1,1,0,0.895,0.005,1,0.011,0.886,-0.005,1.215,-0.022,0.824,-0.03510,1.071,-0.012,1,-0.037,0.763,-0.014,0.602,0.0,0.578,-0.039,1,-0.04744,0.615,-0.036,0.99188,-0.031,0.585,-0.02478,1,-0.03855,0.98420,-0.024
0,1,0.0,0.0,0.0,0.98919,-0.128,0.18919,-0.071,0,0,0.93243,0.07297,1.136,-0.271,0.515,0.086,0.599,-0.088,0,0,1,-0.146,1.41,-0.428,0.0,0,1.023,-0.132,0.0,0,0.843,-0.231,0.198,-0.144
1,1.136,0.0,0.64122,0.02,0.503,-0.025,0.63,0.037,0.135,0.138,0.43313,0.062,0.194,0.062,0.29268,0,0.373,0.0,0.327,0.047,0.26829,0.132,0.23698,0.068,0.21951,0.105,0.2,0.082,0.17410,0.067,0.19512,0,0.17073,0.07317
0,0.568,0,0.834,1.27,0.605,-1,0,0,0,0,0.639,1,1.395,-1.303,0.835,1,0.726,-0.869,0.0,0.0,0.0,0.0,1,-0.308,0.0,0.0,1.088,-1,1,0.641,0.853,-1.214,0.0,0
1,1,0.0,0.43,0.154,0.46939,0.24490,0.314,0.20408,0.336,0.507,0.427,0.59184,0.12245,0.55102,0.0,0.412,-0.043,0.66,-0.287,0.68,-0.245,0.44898,-0.28571,0.38,-0.536,0.162,-0.46579,0.206,-0.814,0.219,-0.182,0.0,-0.26531,-0.24490
0,0.9,0,0.0,0.0,1,-1.337,0.0,0.0,0.0,0,1.423,1.393,1,-0.25342,0.713,0.316,1.341,-1,0.0,0,0.0,0,1,0.998,0,0,1.395,-0.899,0.0,0.0,0.8,-1.144,0,0.0
1,1,0.0,0.489,0.38235,0.502,0.294,0.493,0.67647,0.45588,0.638,0.19118,0.576,-0.02206,1.28,-0.20588,0.939,-0.37500,0.473,-0.558,0.47794,-0.85,0.23,-1.142,0.106,-0.74265,-0.081,-0.956,-0.177,-0.383,-0.623,-0.44118,-0.673,-0.411,-0.56618
0,1,0.0,-0.872,0.179,0.208,0.188,-0.806,-0.70984,-0.30719,0.71242,-1,0.629,-0.694,0.501,-1.113,-0.022,-1.313,-0.662,-0.60131,-0.6,-0.04575,-0.83007,0.499,-0.94118,-1.291,-0.617,1.087,0.081,-0.881,0.05229,0.18301,0.037,-0.427,-0.48241
1,1.234,0,0.181,-0.10000,0.702,0.0,0.291,-0.11,0.36667,0.102,0.56667,0.01667,0.71667,0.054,0.747,-0.06,0.351,0.293,0.457,-0.01,0.258,0.279,0.983,0.0,0.25000,0.101,0.46214,0.05439,0.517,0.03333,0.339,0.03333,0.41667,-0.031
0,0.502,0,-0.233,0.463,-0.27303,0.162,-0.113,-0.04444,0.086,-0.045,0.059,0.035,-0.01,0.02726,-0.01586,-0.00166,-0.00093,-0.00883,0.00470,-0.001,0.001,0.00238,-0.001,0.00102,-0.001,-0.0,0.0,-0.0,0.0,0.0,0.0,0.0,-0.0,0.00002
1,1.13,0.0,1.096,-0.357,0.333,0.151,0.64865,-0.24324,0.619,0.18919,1.179,-0.213,0.41,0.0,0.667,-0.05405,0.374,-0.21622,0.903,-0.17666,0.8,0.028,0.631,0.113,0.35135,-0.29730,0.678,-0.231,0.58478,-0.24,1.072,-0.59459,0.51351,-0.24324
0,1,0,0.94531,-0.029,-1.24,-0.33203,-1.471,-0.018,0.574,0.007,0.93359,-0.01953,-1,0.189,-1.439,-0.002,1.063,-0.019,0.825,-0.038,-0.783,0.151,-1.268,0.34766,0.95703,-0.006,0.514,0.08,0.771,-0.075,-0.824,-0.18750,-1,-0.34375
1,1,0,1.009,0.029,0.93757,-0.01272,0.975,0.016,0.96705,-0.01734,0.767,0.003,1.011,-0.016,1.338,-0.00405,0.99480,-0.02659,0.99769,0.016,1.347,-0.04971,1.358,-0.017,0.71,-0.034,0.7,-0.018,0.722,0.017,1.05,-0.037,0.95838,0.006
0,0.643,0,1,-0.068,1,-1.194,0.5,-0.1,0.273,-0.22222,1,-0.373,0.098,-0.11111,1.15,-0.267,0.535,-0.355,1,-0.42862,0.0,-0.25000,0.803,-0.365,1.364,-0.24,0.512,-0.57092,1.049,-0.267,1,-0.932,1.067,-0.696
1,1.436,0.0,0.31034,-0.129,0.344,-0.074,0.177,-0.06897,0.095,-0.05431,0.023,-0.034,0.025,-0.014,0.007,-0.01482,0.002,-0.00893,0.001,-0.006,-0.00003,-0.00299,-0.0,-0.001,-0.00031,-0.00090,-0.0,-0.0,-0.00018,-0.00024,-0.0,-0.0,-0.0,-0.00006
0,1,0.0,0.62745,-0.099,0.72549,0.0,0.46,-0.109,0.62745,-0.079,0.68627,-0.11765,0.788,-0.13725,0.625,-0.09804,0.406,-0.151,0.586,-0.305,0.58824,-0.235,0.741,-0.326,0.375,-0.303,0.533,-0.298,0.56863,-0.37,0.43137,-0.236,0.291,-0.27451
1,1,0,0.25000,0.138,0.572,0.25,0.273,0.347,0.107,0.263,0.007,0.126,-0.02367,0.061,-0.03685,0.06317,-0.03766,0.025,-0.03230,0.01532,-0.02474,0.005,-0.022,-0.003,-0.009,-0.008,-0.00621,-0.007,-0.004,-0.005,-0.00089,-0.003,0.0,-0.002
0,1,0,-0.552,0.201,0.06250,0.0,0.0,0.042,0.415,0.06250,0.209,0,-0.038,0.09375,0.06250,0.0,0.15625,-0.15625,0.43750,-0.347,0.0,-0.103,0,0.0,0.016,-0.514,0.043,0.0,-0.71875,0.033,-0.018,0.0,0.0,0.137
1,1.235,0,1.388,-0.013,0.639,-0.02703,1.017,-0.069,1.305,-0.023,0.98919,-0.041,0.647,0.08649,1,-0.039,0.843,0.09189,1.068,-0.00541,1.009,0.06486,1.021,0.025,1.258,0.112,0.98556,0.015,1,-0.028,1.288,0.02703,1.037,-0.07027
0,0.641,0,0.442,0.068,1,0.067,0.875,0.678,0.91473,-0.008,0.614,0.03876,1,0.27153,1.091,0.511,0.81395,0.04651,0.951,0.092,0.649,0.541,1,-1.453,0.80620,0.03876,1.462,0.594,0.982,0.1,0.599,1.173,0.845,1
1,1.151,0.0,1.229,-0.018,0.636,0.091,1,0.008,1.123,0.00535,0.926,-0.01604,1,0,1.028,0.058,0.615,0.04813,0.91444,0.036,1.324,0.02139,0.98930,-0.009,0.96257,0.062,1.257,0.04452,0.532,0.014,0.783,0.088,0.816,0.06417
0,1,0.0,-0.214,0.267,0.23000,0.105,0.316,0.301,0.423,0.35000,0.36285,-0.236,0.09250,0.228,-0.082,0.217,-0.099,0.23500,-0.34187,0.31408,-0.496,-0.048,0.424,0.28,-0.58000,-0.272,0.32190,-0.419,-0.485,0.143,-0.316,-0.31228,0.537,0.03050
1,1.363,0.0,0.60000,0.038,0.63333,0.072,0.835,0.06667,0.98,0,0.63333,0.0,0.80000,0,0.994,0.0,0.70000,0.10000,0.506,0.10000,0.73333,-0.043,0.427,0.0,0.784,0.121,0.694,0.148,0.402,0.13333,0.525,0.226,0.323,0.222
0,1.072,0,0.054,-0.00838,0.091,0.00838,0.0,-0.016,0.005,-0.03911,0.01676,-0.07542,-0.00559,0.041,0.068,-0.025,0,0.057,-0.058,0.055,-0.04749,0.02514,0.039,-0.008,0.007,0.005,0.082,-0.00838,0.036,-0.004,0.032,0,0.03,-0.034
1,1.117,0,1.41,0.394,0.89,0.661,0.687,0.862,0.01267,0.521,-0.24871,0.546,-0.66,0.832,-0.75881,0.41743,-0.66455,0.071,-0.719,-0.132,-0.586,-0.431,-0.206,-0.55089,-0.044,-0.813,0.16085,-0.56420,0.54,-0.407,0.46059,-0.22535,0.685,-0.05980
0,1,0.0,0.06,0.01,-0.021,0.04598,0.018,0.04598,-0.07759,0.00862,0.018,-0.06609,-0.02,0.065,-0.08333,-0.06,-0.086,0.092,-0.04023,0.05172,0.02011,0.014,-0.049,-0.014,0.025,-0.00862,0.011,0.01,0.014,0.012,0.03,0.015,-0.04598,-0.005
1,1,0.0,0.72414,-0.01084,0.633,0.01084,0.45,0.00197,0.969,0.013,0.977,-0.015,0.514,0.047,1.06,0.01675,0.779,-0.009,1.058,-0.02956,0.75961,0.044,0.622,0.05517,0.634,-0.018,0.797,0.007,0.74089,-0.05025,0.47,0.026,0.432,0.00788
0,1,0.0,0.04,0.02568,0.005,0,0.013,-0.03,0.018,-0.059,-0.03,-0.01284,0.008,-0.015,0.0,-0.03281,-0.032,-0.038,-0.01712,0.05,0.02140,0.005,0.064,-0.029,0.05136,0.01854,0.027,0.01569,0.017,0.00713,-0.018,-0.014,-0.01427,0.011
1,1.307,0.0,0.47090,0.156,0.42328,0.33598,0.25661,0.374,0.01852,0.49471,-0.026,0.53968,-0.439,0.353,-0.41270,0.32540,-0.51587,0.07,-0.748,-0.096,-0.171,-0.14550,-0.161,-0.291,-0.23280,0.004,0.022,-0.293,0.22,-0.309,0.234,-0.218,0.158,0.045
0,1,0.0,0.08,0.005,0.097,-0.022,0.133,-0.086,0.12586,-0.06178,0.131,-0.01144,0.181,0.095,0.123,-0.13501,0.261,-0.04805,0.223,0.07323,0.11670,0.0,0.072,-0.001,0.107,-0.078,0.08467,0.014,0.163,-0.06636,0.136,-0.057,0.11670,-0.06865
1,1,0.0,0.94333,0.523,0.48263,0.64534,0.211,0.8,-0.738,0.64899,-0.762,0.43,-0.453,0.0,-0.376,-0.31079,-0.38391,-0.742,-0.12797,-0.618,0.537,-0.671,0.864,-0.536,0.73857,-0.035,0.77,0.208,0.403,0.60512,0.031,0.54479,-0.312,0.50457
0,1,0.0,0.011,0.005,0.04090,-0.012,0.027,0.01128,0.012,0.026,0.004,0.002,0.021,-0.03103,-0.023,0.06065,-0.04090,0.02680,-0.017,-0.004,0.03,-0.028,0.015,0.0,0,-0.013,0.013,-0.014,0.00564,-0.01551,-0.022,-0.02398,0.006,0
1,1,0,0.85736,0.00075,0.955,-0.068,0.875,-0.034,1.045,0.09037,0.86258,0.083,0.63,-0.06124,0.78342,0.043,0.83719,-0.095,0.63,-0.135,0.986,0.017,1.263,0.012,0.685,-0.01942,0.528,-0.031,0.766,-0.042,0.845,-0.015,0.79089,-0.09186
0,1,0,0.77,-0.704,1.395,0.714,-1,1.341,0.876,-1.375,0.72,-0.918,-0.713,-1,-1,1.234,1,1.393,0.596,1.198,-1.3,1.423,1,-1,1.337,-1,1.357,1.064,0.872,0.538,-1,1,-1.405,1
1,1.487,0.0,0.85209,0.39252,0.252,0.76432,0.08858,0.657,-0.546,0.62,-0.76229,0.73,-1.31,0.137,-1.14,-0.279,-0.946,-0.639,-0.19260,-0.469,0.197,-0.577,0.539,-0.35230,0.637,-0.267,0.71698,0.21343,0.208,0.525,0.19667,0.66315,-0.11215,0.519
0,0.53,0.0,0.879,1.473,1,0.584,0.894,-0.638,1,0.938,0.018,0.027,1.407,1,0.0,0.0,0.798,-0.601,1,1,0.647,1,0.377,1,1,1,1,0.85,1.117,1,-1.328,0.881,0.0,0
1,1.234,0.0,1,0.361,0.62745,0.622,0.01961,1.393,-0.522,0.567,-0.599,0.58824,-1.465,0.106,-0.836,-0.468,-0.526,-1.003,-0.304,-0.928,0.375,-1,0.485,-0.72549,0.92157,-0.21569,1.078,0.21876,0.72549,0.629,0.129,1.128,-0.11765,0.90196
0,1,0.0,0.0,0.0,-1.067,-0.572,-0.754,0.901,0.0,0,-0.7,0.874,1,1.144,1.34,-1.321,0,0,0.0,0,-1,-1.316,-1,1,0.658,0.479,0.636,-1,0.0,0,-0.827,-0.929,-1.292,1
1,1,0.0,0.415,0.44444,0.53695,0.90763,-0.209,1.154,-0.271,0.88889,-1.33,0.171,-0.837,-0.11111,-1,-0.126,-0.66667,-1.051,0.429,-0.716,-0.22222,-0.834,0.613,-0.22222,0.237,0.0,0.583,0.661,0.793,0.879,0.113,1.042,-0.55556,1
0,0.0,0,0,0.0,0.0,0.0,0.0,0.0,0.0,0,0.0,0,0,0,0.0,0.0,0.0,0,0,0.0,0.0,0.0,0.0,0,0.0,0.0,1,0.0,0,0.0,0.0,0.0,0.0,0
1,0.792,0,1,0.0,1,0,0.54,0.548,0.395,0.0,0.676,0.128,0.703,0.14210,1.251,0.119,1.053,0.323,0.75000,0.292,0.683,0,1.043,-0.25000,0.279,0.384,0.825,0.303,0.75000,0.25000,0.69635,0.239,0.588,0.30293
0,0,0.0,-1.364,0.721,1,1.476,0.0,0,1.451,-1,0.7,-0.771,1,-0.588,-1,-0.903,0,0.0,-1,-1.439,0.0,0.0,0,0.0,-1,-0.512,1.234,-1.448,0.726,1,-0.913,-0.728,0,0.0
1,1,0.0,0.535,0,1,0,0.704,0.11111,1.242,-0.11111,0.88889,-0.119,1.049,-0.291,0.766,0,0.997,0,0.643,-0.094,1.117,-0.128,0.386,-0.066,0.66667,0.0,0.90347,-0.031,1.07,0.058,1.062,-0.126,1,0.0
0,0,0,0.0,0.0,0.0,0,0.0,0.0,0,0.0,0,0.0,-0.757,-1.427,0.0,0.0,0.74,0.75000,0.0,0,0.0,0,-1.386,1,0.0,0.0,1,-1.067,-1.478,-1,0.675,1.199,0.0,0
1,1.112,0.0,1.182,0.426,1,-0.281,1,0.116,1,-0.09091,1,0,1,-0.264,1.433,-0.188,1,0.077,1.046,0,0.825,-0.446,1.264,0.074,0.717,-0.117,1.432,-0.058,1,0.625,1.017,-0.359,1,-0.18182
0,0.598,0.0,0.62121,-0.63636,0.0,0,0.0,0.0,0.34470,0.28788,0.477,0.403,-0.07576,0.707,0.535,0.345,-0.53788,0.477,0.12121,-0.124,0.01894,-0.374,-0.388,0.119,0.375,-0.27273,0.23,-0.467,0.43182,0.123,0.219,-0.031,0.227,-0.41667
1,1.271,0.0,0.654,0.11765,1.064,0.23529,1,0.263,1.217,0.05882,1.288,0.23529,1.144,0.11765,1,0.479,0.598,-0.05882,1,-0.115,0.584,0.35294,1,0.585,1.371,-0.109,1.097,0.25,1.009,0.062,0.886,0.385,1,0.214
0,1,0.0,0.0,0,-0.518,-0.62766,1.091,0.747,0.07979,-0.23404,-0.649,-0.232,0.073,-0.644,0.875,-0.869,0,0.0,0.82979,-0.093,-0.211,1.067,0.174,-0.762,0,0.0,-0.266,-0.59,-0.22340,-0.48936,1.0,0.90426,-0.701,0.45745
1,1.368,0.0,0.91667,0.336,0.695,-0.085,0.963,0.225,0.87500,-0.08333,0.91667,0.061,0.83333,0.12500,0.358,0.0,1.248,0.023,0.964,0.086,0.908,-0.05,0.627,0.194,0.565,-0.104,0.83796,0.05503,0.615,0.20833,0.70833,0,0.742,0.04167
0,1,0.0,0.241,-0.16667,0.0,0.0,0.0,0,0.0,0.0,0,0.0,0.131,-0.116,0.0,0.0,0.0,0,0.0,0,0,0.0,-0.05128,-0.062,0.07853,0.132,0.202,-0.094,0.12500,0.057,0.02564,-0.031,0.203,0.19551
1,1,0,1,-0.048,1.042,-0.119,0.99246,-0.355,1.149,-0.448,1.269,-0.486,1.139,-0.47265,0.91904,-0.412,0.73084,-0.889,0.843,-0.656,0.553,-0.78316,0.58829,-1.047,0.67033,-1.403,0.272,-0.65,0.392,-0.83893,0.204,-0.88846,0.339,-0.567
0,1,0.0,1.356,0.874,-1.332,1.354,-1.299,-0.519,0.34649,0.21053,0.46053,0.07018,0.207,0.05702,0.35088,0.364,0.72807,-0.02,0.22807,0.392,0.0,0.0,-0.29825,-0.141,1,-0.4,0.924,-1.448,1,-0.188,0.309,0.282,0.892,0.071
1,1.36,0.0,1,0.295,0.677,0.00369,1.123,-0.30133,1.128,-0.238,0.686,-0.24077,0.587,-0.327,0.462,-0.36078,0.703,-0.841,0.585,-0.55059,0.408,-0.39328,0.594,-0.342,0.235,-0.52142,0.426,-0.344,0.12777,-0.39143,0.131,-0.51329,0.202,-0.46603
0,0.0,0.0,-1.305,1.154,1.059,-1.485,0.0,0,0,0.0,1,-1,0.776,0.983,0,0.0,1,-1.497,0.0,0.0,0,0.0,1,0.902,-0.809,1,1.28,-1,-1.116,0.98,-1.053,-1,0.0,0
1,1.318,0.0,1.143,-0.19448,0.96419,-0.17674,0.87024,-0.22,0.654,-0.27070,1.159,-0.198,0.876,-0.437,0.789,-0.49967,0.37254,-0.821,0.27070,-0.406,0.223,-0.592,0.33509,-0.59691,0.091,-0.567,0.114,-0.326,-0.104,-0.672,-0.021,-0.54074,-0.059,-0.47898
0,0.852,0.0,-0.84,-1,-0.747,0.831,1,-1.323,1,0.53819,0,0.0,0.294,-1.367,1,1,0.0,0.0,1.039,1,1.338,1.239,0.0,0.0,-0.71528,1,0.189,-1,0.873,-1,0.481,-0.635,0.582,0.819
1,1.014,0.0,0.84177,0.296,0.699,0.76160,0.09916,0.563,-0.255,1.255,-0.668,0.61181,-0.588,0.19409,-0.934,-0.25527,-0.592,-0.401,-0.25105,-1.074,0.16245,-1.198,0.559,-0.874,0.74895,-0.192,0.77937,0.102,0.64135,0.495,0.356,0.341,-0.003,0.69409
0,1,0.0,1,0.515,0.0,0,1.495,-0.786,-0.843,-1,0.898,1,1.465,-1.261,0.0,0.0,1,-1,0.825,1,0.0,0.0,0.898,-0.693,-1.071,-1.038,1,0.71,-1.435,1,-1,1,0.0,0.0
1,1,0,1.136,0.63548,1.224,0.891,1.018,0.686,-0.33333,1.356,-1.194,0.775,0.0,1,-1,1.028,-0.599,0,-1.453,-0.651,-1.023,-0.85,-0.753,-0.33333,-0.33333,-1.034,0.219,-1.446,1.41,-1,0.0,-1,1.075,-0.66667
0,0,0,-1.109,1.117,-1,-1.295,0.0,0.0,-1,1.27,1,-1.079,-0.568,-1,-1,1.055,0.0,0.0,-1,-0.691,-0.639,1.088,0.0,0,1.13,-1.032,0.886,1.424,1,-1.42,1,1.209,0,0.0
1,0.853,0.0,0.524,0.077,1,0.162,1.394,0.308,1.119,-0.12500,0.773,0.515,1,0.48981,0.869,0.32,-0.37500,1,1,0.0,1,0.59,0.949,1.165,1,0.834,0.716,1,0.726,0.25000,0.835,0.605,1.214,1
0,0.0,0.0,-0.72,-1.393,0.0,0,0,0.0,0.0,0.0,0,0,0.0,0.0,1,-0.769,0,0.0,-1.234,-1.337,0.0,0,1,1,0.807,-0.872,1.341,-1.198,0.0,0,0,0.0,0.0,0
1,0.704,0.0,0.465,-0.07896,0.58264,-0.14380,-0.108,-0.21384,0.29796,0.031,0.342,-0.338,0.367,-0.45,0.051,-0.135,0.275,-0.29441,0.15196,-0.261,0.135,-0.461,0.055,-0.144,0.03004,-0.25124,-0.00046,-0.166,-0.028,-0.242,-0.04717,-0.18950,0.019,-0.272
0,1,0.0,0.0,0.0,0.0,0.0,0.0,0.0,0,0,1,-0.262,0.245,0.26042,0.0,0,0,0.0,0.0,0.0,-0.145,-0.253,-0.147,0.77,-1,0.324,0.029,0.75000,-0.22917,-1,-0.151,-0.309,-0.109,-0.93750
1,1.407,0.0,0.798,0.05149,0.808,0.108,0.96142,0.133,0.95513,-0.26496,0.406,0.54701,1.132,0.37,1.055,0.27380,0.937,0.28714,0.633,0.366,0.678,0.391,0.45582,0.242,0.249,0.239,0.32930,0.25553,0.27381,0.273,0.123,0.236,0.18086,0.12
0,1,0.0,1,-0.09524,-0.65,-1,-1,-0.901,1,0.341,1.071,0.835,-0.87,-0.622,-1,0.658,0.322,1.012,1,1,0.89,-1,-0.572,-1.234,0.725,0.423,0.754,1.321,0.827,0.369,-1.465,-0.347,-1,0.72831
1,1,0.0,0.93669,-0.001,0.565,0.377,0.92314,-0.326,0.612,0.16828,0.612,0.097,0.5,0.104,1.047,0.05097,0.601,-0.25324,0.87379,-0.194,0.84871,0.384,0.999,-0.023,0.881,-0.02589,0.688,-0.02302,1.137,0.053,1.081,-0.10194,0.97,-0.14725
0,1,0.0,0.837,-1,0.508,0.509,0.934,0.716,1.471,-0.521,1,1,1,0.513,0.529,1,0,0,0.836,1.288,1,1.257,0.854,-0.799,1.358,1,1,0.589,1.11,-0.75000,-0.822,1.179,1.388,1.152
1,1,0,0.895,0.23058,1.439,-0.463,1,-0.12,1.135,0.114,0.824,0.358,1.378,-0.06861,1,0.074,0.737,-0.278,0.487,-0.123,0.97400,0.03728,1.145,0.09242,1.24,-0.008,0.96238,-0.029,0.51,0.03885,0.731,-0.177,0.505,-0.11717
0,1,0.0,0.503,-0.803,-1,-1,-0.07661,1,1,1.046,0.522,-0.353,-1.234,-0.79313,-0.101,0.871,0.48684,0.509,0.337,-0.2,-0.14343,-0.16,-0.128,0.05,0.028,0.09,0.018,-0.013,-0.006,-0.009,-0.011,0.00108,0.00015,0.00325
1,1,0.0,0.427,0.457,0.73,-0.182,1.281,-0.07653,0.98151,-0.106,0.807,0.20663,0.99745,0.016,1.116,0.015,1,-0.13074,0.95663,0.067,0.518,0.002,0.90306,0.303,1,-0.215,1.049,-0.00394,0.809,0.076,0.643,-0.18750,1.451,-0.044
0,0.0,0.0,0.0,0.0,0.0,0,0,0.0,0.0,0.0,0,0,0.596,0.593,1,1,0.63,-1,0,0.0,0.845,1,1,-0.757,1.483,0.857,0.74,0.0,1,0.575,0.992,-1.478,0.0,0
1,1,0,1.017,-0.28428,1.386,-0.171,1.209,-0.35094,1,-0.334,0.752,-0.49057,1.073,-0.491,0.913,-0.552,0.69748,-0.619,0.715,-0.596,0.416,-0.686,0.699,-0.736,0.581,-0.873,0.35504,-0.628,0.26352,-0.483,0.234,-0.73145,0.13994,-0.70000
0,1,0.0,0.0,0.0,0.0,0,0,0,-1.217,-0.717,0.0,0,1.374,-1.023,0,0.0,-1.317,-0.811,-1.348,-1.264,1,-1,-0.879,-1.447,1.104,1,-0.841,-0.20000,1.285,-1.472,0.0,1.046,0,0
1,1,0,1.363,0.09091,0.95455,-0.09091,0.758,0.0,0.665,0.0,0.95455,0,1,0.055,0.609,-0.029,0.886,0.0,1.421,0.0,0.963,0.053,0.843,0.125,0.967,0.04545,1.177,0.032,0.95455,0.104,0.86364,-0.121,0.948,0.04545
0,0.0,0.0,0.0,0.0,-1.009,1.388,0.869,1,-1,-0.654,0.0,0,-1.462,-1,-1.174,-0.33,-1,-1.021,1.037,-1.017,1,-1,0.0,0,1.288,-1,-1,-0.573,0.0,0.0,1,-1.271,0.0,0
1,1,0.0,0.91176,-0.092,0.97059,0.17647,1.122,0.074,1.247,-0.02941,0.849,-0.17647,1.223,0.14706,0.563,0.042,1.453,0.0,0.733,0,0.47,0.11765,0.451,0.02941,0.579,0.025,0.783,0.028,1.094,-0.11765,1.046,0.038,0.879,0.05882
0,0.866,0.0,-0.636,0.771,-1.207,0.145,0.292,1,-1,1,-1.305,-1,1.034,1,-1,-0.232,0.28301,-1,1.092,0.898,-0.31402,-0.606,-0.506,-1,1.138,-0.783,-1.167,-0.03,1.296,-1.126,-1,-0.175,0.203,1
1,1.042,0.0,0.264,-0.098,0.865,0.01756,0.711,0.037,0.68421,-0.05263,0.68421,0.0,0.927,0.066,0.78315,0.039,0.84211,0.629,0.585,0.05263,0.834,0.07631,0.984,0.095,0.471,0.218,0.962,0.094,0.52632,-0.21053,0.60150,0.057,0.385,0.09719
0,1,0.0,-0.009,-0.5,0,0.0,-0.01,0.733,0.0,0,0.0,0,0,0.0,0,0,0.0,0.0,0.408,0.589,-0.311,0.74359,-0.34615,-0.80769,0,0.0,-0.82,-0.663,0.0,0.0,0.0,0.0,0.0,0.0
1,1,0,1.372,0.662,0.669,0.54545,1.004,0.401,1,-0.076,0.601,0,0.945,-0.361,0.571,0.375,1.356,-0.891,1.117,-0.194,1.317,-0.45455,1.49,0.07750,1,-0.09091,1.072,0.068,1.051,0.368,1,0.63636,0.47,0.27273
0,0,0,-1.059,-1.305,1,-1,-1,0.678,0,0,0.607,-1.386,1.485,-1.099,0.0,0.0,0.0,0.0,0.0,0.0,-0.983,1,1.28,-1,-1.469,1.116,0.585,1.36,0,0.0,0.98,0.5,0,0.0
1,1.093,0.0,0.239,0.062,0.952,0.08,0.154,0.162,0.63636,0.0,0.294,-0.09091,0.566,-0.12,0.48612,-0.01343,0.655,-0.21,0.45455,0,0.422,-0.112,0.334,0.18182,0.36364,-0.05,0.34442,-0.011,0.212,0.0,0.291,0,0.28985,-0.01832
0,1,0,-1,-0.338,0.0,0.0,-1.239,0.705,-0.691,1.462,0.0,0,0.0,0.0,0.0,0.0,0,0,0.0,0,-1,-1.452,0,0,0.244,0.178,1.227,0.643,0,0.0,0,0.0,0.0,0.0
1,1,0,1,0.14286,1.423,0.847,1.254,0.448,1,-0.14286,0.578,-0.145,1.286,0.029,1,0.0,0.42857,-0.12,1.397,0.025,1.086,-0.28571,1,0.0,0.28571,-0.244,1.039,0.033,0.635,0.028,1.077,0.647,0.665,0
0,0,0,0.924,1,0.685,-0.71,0.641,1,0.592,1.307,0.898,1.495,1,-1.071,0.53,0.898,0.941,-1,1,-0.763,1.241,1.385,0.786,0.825,0.602,-1,1.435,0.611,1,1,1.261,1,0.578,1
1,1.356,0,0.87032,0.46972,0.321,0.963,0.10380,0.95275,-0.295,0.609,-1.043,0.3,-1.339,0.1,-0.856,-0.24942,-0.59383,-0.651,-0.202,-0.82881,0.18823,-0.602,0.631,-0.57430,0.389,-0.242,0.707,0.154,0.485,0.39762,0.295,0.426,-0.06,0.57552
0,0.0,0.0,1,-1.034,0.69,1.446,1,-1.032,1.32,1.194,1,-1,1.055,-1,1,-1.13,1.424,1.164,1.079,0.639,0.691,1,1.136,-1.42,1.209,1.02,1,1.295,1.075,1,1,1,1,-0.686
1,0.834,0.0,0.503,0.024,0.776,0.176,0.86098,0.19791,0.91,0.409,0.80619,0.40198,0.76221,0.40552,0.738,0.63,0.60101,0.762,0.53392,0.52180,0.553,0.514,0.42546,0.676,0.284,0.462,0.273,0.688,0.22307,0.388,0.111,0.584,0.11573,0.282
0,0,0.0,1,0.754,1,-1,0.641,-1.19,0.769,1,0,0.0,1.394,-1,0.0,0.0,0.0,0.0,0.0,0,-1.128,0.524,0.696,1,0,0.0,1,1.24,0.0,0.0,-1,-1.384,0.0,0.0
1,1,0.0,1.251,0.13645,0.86,0.211,0.912,0.38779,0.609,0.281,0.893,0.853,0.911,0.528,0.69,0.73586,0.41629,0.744,0.356,0.687,0.184,0.461,0.00494,0.88869,-0.07361,0.79780,-0.24,0.78004,-0.237,0.71454,-0.38532,0.578,-0.338,0.4
0,0,0,1,-0.699,-0.819,1.327,-1.156,1.461,1.487,0.551,1,1,-1,-1,-1.327,-0.647,1.117,1.206,0.601,-0.647,-0.694,-0.545,-1,-1.27,1.432,0,0.998,-1.282,1,-0.731,-1.408,1,-0.664,1
1,0.85,0,0.80627,0.169,0.73061,0.282,0.549,0.21,0.392,0.4,0.44793,0.246,0.352,0.457,0.22,0.327,0.097,0.51877,-0.131,0.84,-0.049,0.337,-0.08856,0.44424,-0.214,0.589,-0.19940,0.328,-0.23832,0.29541,-0.26634,0.273,-0.298,0.31154
0,0,0.0,0.899,-0.813,0.727,1.393,1,-0.615,1,1,1.404,-0.629,1.065,0.87,0.65,-1,1.075,-1.096,1.067,1.465,0.754,1,1,-1,0.622,-1,1.234,-0.827,1,0.874,1,-0.68,0.549,1
1,0.872,0,0.97467,0.13082,1.216,0.232,0.88783,0.32248,0.687,0.304,0.85550,0.316,0.977,0.425,0.46,0.752,0.771,0.336,0.44,0.70398,0.44245,0.433,0.223,0.433,0.357,0.76210,0.222,0.78541,0.086,0.571,-0.02962,1.041,-0.104,0.74242
0,0.0,0,0,0.0,1.072,0.934,0.0,0,1.257,1.13,0.0,0,1,-0.716,0,0.0,0.0,0.0,0,0.0,0,0.0,0,0,0.0,0.0,1.11,-1,0.0,0.0,-0.513,0.565,0.0,0
1,1,0.0,0.92308,0.15451,0.86399,0.245,0.72582,0.29,1.034,0.789,0.514,0.62719,0.43270,0.74676,0.456,0.424,0.101,0.887,0.06,0.76171,-0.067,0.615,-0.18479,0.81,-0.183,0.815,-0.527,0.862,-0.522,0.50131,-0.454,0.40732,-0.47,0.404
0,0.0,0,0.0,0.0,0.911,1.1,1,1.079,0.0,0,0.0,0,-1.043,-1,0.0,0.0,-1,-0.742,0,0.0,0.0,0.0,1,1,0.0,0.0,0.526,1.06,0,0.0,-0.731,0.583,0,0
1,1,0.0,0.672,0.515,0.65926,0.69431,0.149,0.87892,-0.072,0.814,-0.489,0.734,-0.881,0.813,-1.224,0.26906,-1.145,-0.088,-0.62780,-0.182,-0.249,-0.55605,-0.16449,-0.496,0.09562,-0.61055,0.263,-0.48392,0.454,-0.343,0.452,-0.061,0.42152,0.091
0,0.0,0,1,-0.575,0.985,0.518,1,1,0.596,1.281,0.579,1.055,1.478,-1,1.136,0.776,0.717,1,0.908,-1.31,0.992,-0.845,1.07,-1,0.857,-1,1,1.194,1.242,-1,1,1.436,1,0.593
1,1,0.0,1.019,-0.241,0.891,0.10278,0.862,0.148,0.77,0.063,0.74,0.21225,0.71947,0.241,0.981,0.351,0.505,0.131,0.64333,-0.042,0.57399,0.51,0.323,0.44872,1.198,0.388,0.533,0.619,0.12473,1,0.35070,0.49721,0.361,0.49831
0,0,0.0,0,0,0.0,0,0,0.0,0.0,0.0,0.0,0.0,0,0.0,0.0,0.0,0.0,0.0,0,0.0,0.0,0.0,0,0.0,0.0,0.0,1,1,0.0,0,0.0,0.0,0.0,0
1,0.507,0.0,0.94649,0.011,1.425,-0.003,1.079,0.004,0.95801,0.01598,1.282,0.047,0.97213,0.064,0.898,0.012,0.94277,0.078,0.576,-0.01,0.97770,0.04980,0.892,0.073,0.93274,0.08101,0.801,0.029,0.97473,0.00818,1.08,0.091,1.144,-0.00260
0,0.0,0.0,1,0.886,-1.037,-1.091,-1.017,-1.271,0,0,0.0,0,-1.097,-1.064,0.0,0,0,0.0,0.0,0.0,-1.288,1.286,1,1.174,0.0,0.0,1,-1,0,0,-1.057,-1,-0.598,-0.573
1,1,0.0,0.50466,-0.16900,0.524,0.019,0.71063,0.026,0.436,0.01282,0.373,0.029,0.583,0.026,0.68101,0.062,0.586,0.045,0.526,-0.066,0.64503,0.06856,0.644,0.108,0.917,0.123,0.389,0.087,0.32,0.091,0.56466,0.09046,0.54632,0.09346
0,1,0.0,0.372,1,1.251,-0.635,0.683,0.022,0.484,0.10702,1.183,1.009,0.70067,0.18,0.886,0.083,0.901,-0.225,0.805,0.18729,0.64883,0.253,0.60201,0.77425,0.511,-0.331,0.89262,0.29,0.818,0.588,1,-0.06522,0.682,0.23913
1,1,0.0,0.859,-0.07778,1,-0.393,1.296,-0.814,0.80000,0.057,0.47,-0.42778,1.47,-0.086,0.585,-0.947,0.38,0.022,0.681,-0.05926,0.851,-0.119,1.033,0.22037,0.546,-0.26481,0.92148,-0.207,0.78889,0.023,0.916,-0.27105,1.034,-0.57037
0,1.053,0.0,0.38521,0.193,0.559,0.097,0.375,0.123,0.302,0.13230,0.226,0.25292,0.24514,0.425,0.13,0.313,-0.053,0.316,0.032,0.24903,0.24903,0.105,0.07782,0.399,-0.02494,0.28482,-0.04,0.313,-0.192,0.14786,-0.071,0.31128,-0.19066,0.403
1,1,0.0,0.57540,-0.028,0.75198,-0.075,0.61508,-0.01190,0.53968,0.035,0.518,0.071,0.433,-0.02381,0.395,0.017,0.70833,0.024,0.818,0.01587,0.669,-0.025,0.59127,0.055,0.5,0.046,0.368,-0.011,0.535,-0.107,0.528,-0.019,0.462,-0.03175
0,1,0.0,0.06404,-0.15271,-0.04433,0.05911,0.054,-0.027,-0.01478,0.235,0.069,0.0,0.12315,-0.058,0.058,0.0,0.013,-0.044,-0.086,-0.299,0.073,0.02,0.067,0.043,0.077,0.16256,0.28079,-0.04926,-0.066,-0.092,0.054,0.055,0.07389,-0.10837
1,0.892,0.0,0.61857,0.161,0.745,-0.06935,0.70358,0.009,0.812,0.002,0.927,0.15772,0.376,-0.001,1.105,0.06600,0.955,-0.149,0.68680,-0.09060,0.769,-0.015,0.628,0.176,0.71253,-0.118,0.894,-0.01673,0.512,0.033,0.78859,-0.05145,0.65213,-0.028
0,1,0.0,0.25316,0.44,0.0,0.0,-0.162,-1.318,0.0,0,0.11,-0.07342,0,0.0,0,0.0,0.0,0,0.0,0.0,0.00759,0.835,-0.227,0.294,-0.086,0.414,0.049,-1.338,0,0,0.06329,-1,0.0,0.0
1,1.482,0,0.88103,-0.00857,0.89818,-0.02465,0.978,-0.024,0.89175,-0.12755,0.82208,-0.074,0.88853,0.009,0.763,-0.15,0.594,-0.042,0.90782,-0.029,0.948,-0.097,0.82851,-0.17,0.511,-0.166,1.106,-0.122,0.861,-0.12862,0.482,-0.118,1.137,-0.2
0,1,0.0,0.394,-0.5,0.0,0.0,0.0,0.0,0.291,0.51042,0.355,0.02083,0.0,0,0,0.0,0.16458,-0.375,0.59167,-0.112,0.0,0.0,0.0,0.0,1.117,-0.312,-1,-1.307,-0.27917,-1.048,0,0.0,0.0,0
1,1,0.0,0.88853,0.019,0.826,0.007,0.49,0.01,0.89179,-0.10223,1.271,-0.08428,0.93040,-0.008,0.523,-0.08918,0.79,-0.05057,0.89451,-0.04024,1.285,-0.174,0.88907,-0.11909,0.634,-0.166,0.614,-0.173,0.888,-0.165,0.535,-0.086,0.502,-0.103
0,1,0.0,0.0,0.0,1,0.12889,0.913,-0.02000,0.0,0.0,1.028,-0.42444,0.686,0.19556,1,-0.032,0.976,-0.86,0.0,0.0,1,-0.048,1.32,-0.166,0,0,1.194,-0.599,0.0,0,1.446,0.122,1.291,-0.09556
1,1.473,0.0,0.81143,0.031,0.589,-0.002,0.478,0.005,0.79571,-0.055,1.04,0.0,0.873,-0.085,0.873,0.002,0.894,-0.05429,0.81000,-0.11857,0.437,-0.093,0.84286,-0.05000,0.559,-0.06857,0.911,-0.055,0.82571,-0.087,0.81429,-0.05000,0.728,-0.15143
0,1,0.0,0.0,0,0.0,0,0.0,0.0,0.0,0,0,0.0,-0.949,0.641,1.19,0.363,0,0.0,0.0,0.0,0.0,0.0,0.0,0.0,0.0,0.0,1,0.859,0,0,0.0,0,0,0
1,1,0,0.667,0.013,0.43117,-0.09610,0.444,-0.04156,0.437,0.09610,0.311,0.072,0.689,-0.168,0.51688,-0.03636,0.52727,-0.055,0.742,-0.008,0.659,-0.046,0.264,-0.007,0.59221,0,0.692,-0.047,0.304,0.026,0.76,-0.058,0.351,-0.08571
0,0.0,0,0.0,0.0,0.0,0,0.0,0.0,0.0,0.0,0.0,0.0,0.0,0,0,0.0,0,0.0,0.0,0.0,0,0.0,0,0,0,0,0.998,-0.647,0.0,0.0,0,0.0,0.0,0
1,0.881,0,0.85,0.67,1.206,0.132,0.183,0.647,0.16851,0.582,-0.177,0.80454,-0.488,0.60793,-0.385,0.33,-0.343,0.16709,-0.36676,0.00678,-0.302,-0.09025,-0.16178,-0.12964,-0.07782,-0.088,-0.02,-0.151,0.015,-0.099,0.025,-0.025,0.02249,-0.029
0,1.462,0.0,0.0,0.0,0.0,0.0,0.813,1.234,-1,-1,0,0.0,1,-0.11111,0.0,0.0,0.0,0,-1,1,1.16,0.622,1,-1,0.0,0.0,0.798,-0.549,0,0.0,0.0,0.0,1,0.629
1,1,0.0,0.87048,0.38027,0.408,0.739,0.42,0.758,-0.03933,1.05,-0.557,0.598,-0.929,0.465,-0.81049,0.22735,-0.568,-0.117,-0.683,-0.492,-0.38334,-0.719,-0.13013,-0.481,0.17,-0.38,0.38544,-0.659,0.52573,-0.197,0.605,-0.05938,0.426,0.16645
0,1.042,0.0,0.0,0.0,0,0.0,0.0,0,-1,1,0,0.0,0.834,0.37333,-0.162,-0.079,0.0,0,-0.813,-0.71,0,0.0,0.788,-1,0.0,0.0,0.943,0.175,0.0,0.0,0.0,0,0,0
1,1.155,0.0,1.133,0.271,0.59573,0.77655,0.19672,1.036,-0.24103,0.791,-0.584,0.791,-1.087,0.33652,-0.92384,-0.069,-0.891,-0.554,-0.46950,-0.995,-0.151,-0.82217,0.211,-0.648,0.296,-0.55910,0.851,-0.124,0.72478,0.09599,0.807,0.38915,0.509,0.361
1,1,0,0.424,0.029,0.15236,0.226,0.087,1.039,-0.25706,0.483,-0.10312,0.19380,-0.61352,0.25786,-0.742,-0.05409,-0.096,-0.118,-0.332,-0.263,-0.085,-0.924,0.038,-0.259,0.255,-0.048,0.178,-0.11876,0.155,-0.102,0.168,0.13296,0.12197,0.162
1,1.234,0,0.761,0.563,0.54040,0.78579,0.072,0.718,-0.33221,0.83578,-0.51,0.519,-0.748,0.153,-1.225,-0.326,-0.657,-0.646,-0.264,-1.271,0.131,-0.89064,0.368,-0.773,0.79143,-0.409,0.83008,0.08718,0.66592,0.356,0.289,0.358,-0.03983,0.79444
1,1,0.0,0.62335,-0.03490,0.316,0.006,0.60409,-0.07461,0.718,0.006,0.615,-0.072,0.67028,0.046,0.66,-0.108,0.388,0.09146,0.718,0.0,0.631,0.10108,0.379,0.03129,0.65945,0.121,0.60463,0.026,0.738,0.047,0.557,-0.006,0.61372,-0.077
1,0.757,0.0,0.925,-0.02390,0.854,0.03309,0.72243,0.154,0.79228,0.107,1.032,0.469,0.378,0.00551,0.981,0.322,1.396,0.045,0.61029,0.05147,0.67463,0.03,0.328,-0.353,1.078,-0.186,0.61727,0.07124,0.37,0.08640,0.434,0.062,0.598,0.21691
1,1,0.0,0.755,0.177,0.988,0.024,1.11,0.027,0.65077,-0.132,0.862,0.105,0.73961,0.052,0.861,0.039,0.68615,-0.08923,0.675,0.158,0.409,0.07573,0.527,0.065,0.60154,-0.07231,0.755,0.08767,0.464,0.368,0.53389,0.09207,0.50609,0.11
1,1,0.0,0.68317,0.032,0.84803,0.003,0.565,0.00301,0.84300,0.067,1.01,0.059,0.544,0.004,0.80738,0.005,0.971,-0.12447,0.77935,-0.03536,0.76365,0.007,0.628,0.014,0.879,-0.047,0.91,0.015,0.637,0.104,0.66624,0.016,0.674,0.01227
1,0.654,0,0.504,0.0,0.409,0.106,0.536,0.079,0.46957,-0.03913,0.459,-0.12609,0.501,0.029,0.50435,0.02609,0.316,0.19565,0.246,0.14783,0.414,-0.024,0.163,-0.12,0.47391,-0.00870,0.594,0.06908,0.425,0.036,0.483,0.14783,0.286,0.224
1,0.793,0.0,0.694,0.09417,0.448,0.24,0.599,0.33,0.69320,0.45,0.65917,0.321,0.717,0.773,0.49210,0.58445,0.42,0.67861,0.411,0.63548,0.1,0.734,0.026,0.72236,-0.08748,0.689,-0.174,0.315,-0.159,0.56015,-0.25516,0.336,-0.292,0.42467
1,1,0.0,1,0.05,1.343,0.21,1.148,0.33044,1.095,0.317,0.819,0.409,0.56937,0.694,0.459,0.74079,0.309,0.82193,0.13,1.091,0.112,0.82162,-0.015,0.79870,-0.15144,1.099,-0.22839,0.507,-0.265,0.60948,-0.548,0.49,-0.611,0.44534
1,1.119,0.0,0.89410,0.127,0.899,0.324,0.826,0.335,0.497,0.409,0.468,0.71016,0.39699,0.987,0.24266,0.79523,0.058,0.788,-0.056,0.92,-0.227,0.66926,-0.30263,0.62610,-0.219,0.742,-0.603,0.464,-0.50314,0.27252,-0.438,0.114,-0.48808,0.05972
1,1.363,0.0,0.94631,0.17498,0.576,0.33143,0.887,0.464,0.999,0.63842,0.733,0.495,0.271,1.098,0.178,0.90665,0.154,0.93429,-0.007,1.11,-0.18880,1.027,-0.279,1.171,-0.651,0.76482,-0.778,0.66335,-0.715,0.61,-0.75321,0.42488,-0.947,0.26092
1,0.51,0.0,0.834,0.18198,0.86090,0.308,0.72873,0.275,0.528,0.69865,0.53,0.998,0.526,0.515,0.15664,1.081,0.003,1.107,-0.222,0.77853,-0.35996,0.578,-0.464,0.479,-0.393,0.731,-0.874,0.40972,-0.64511,0.382,-0.65710,0.123,-0.64056,0.05394
1,1,0.0,0.76627,0.21106,0.63935,0.524,0.699,0.72,0.161,0.257,0.193,0.59565,-0.07727,0.298,0,0.61,-0.401,0.322,-0.836,0.361,-0.248,0.134,-0.40533,0.093,-0.38483,-0.031,-0.219,-0.12486,-0.27540,-0.157,-0.223,-0.258,-0.1,-0.27218
1,0.776,0.0,0.58940,-0.60927,0.5,0.55298,0.835,0.059,0.596,0.098,0.378,0.276,0.50331,0.12252,0.956,0.19868,0.704,0.547,0.575,0.153,0.728,0.386,0.434,0.07285,0.51872,0.396,0.49013,0.272,0.46216,0.28574,0.591,0.431,0.533,0.29942
1,1.224,0,0.8,0.11385,0.861,-0.108,1.016,0.053,0.71157,0.01,0.316,-0.048,0.548,0.154,0.58634,0.03985,0.617,-0.019,0.69450,0.209,0.72676,0.082,0.32068,0.057,0.365,0.37381,0.643,0.17951,0.15180,0.355,0.646,0.249,0.295,0.15180
1,1,0.0,0.539,0.06794,0.998,-0.028,1.119,-0.029,0.817,-0.09,0.59582,-0.091,0.992,-0.033,0.364,-0.08,0.407,0.06,0.542,0.015,0.55970,-0.108,0.53430,-0.08453,0.47038,-0.187,0.404,-0.09128,0.442,-0.08537,0.44277,-0.098,0.42223,-0.09808
1,1,0.0,0.627,0.086,0.667,-0.007,0.96683,-0.01,0.995,-0.037,1,0.015,0.649,-0.01436,0.95947,-0.019,0.998,0.013,0.606,-0.123,0.878,-0.02364,0.646,-0.02591,1.263,0.011,0.93772,-0.026,1,-0.05843,0.567,-0.043,0.92226,-0.03673
1,1.071,0.0,0.47938,-0.104,0.353,-0.12371,0.372,-0.22,0.657,0.065,0.26289,-0.15,0.49485,0.092,0.356,-0.084,0.42268,0.091,0.296,-0.27320,0.54639,0.18557,0.255,0.053,0.876,0.19588,0.798,-0.12447,0.195,-0.377,0.47423,0.04124,0.347,-0.604
1,1,0.0,0.63510,-0.033,0.76530,0.02968,0.564,0.488,0.65358,-0.005,0.497,0.08314,0.79446,-0.444,0.498,0.775,0.59584,0.143,0.327,0.255,0.92,-0.152,0.423,0.165,0.64665,0.225,0.821,0.17704,0.814,0.07621,0.688,0.287,0.845,0.36721
1,1,0.0,0.506,-0.032,0.61124,0.016,0.762,0.016,0.621,0.017,0.847,-0.006,0.731,-0.04719,0.378,0.00899,0.57303,0.02472,0.723,-0.106,0.363,0.14157,0.57528,-0.03596,0.481,0.04944,0.61,0.009,0.702,-0.03596,0.649,0.119,0.777,-0.08090
1,1,0,0.598,-0.005,0.516,-0.059,0.599,-0.06,0.472,0.092,0.67314,0.062,0.64725,0.176,0.60194,-0.021,0.54369,-0.038,0.611,-0.073,0.77,0.14887,0.39159,0.189,0.336,-0.062,0.385,0.00040,0.17,-0.06796,0.55,-0.10680,0.30421,-0.063
1,0.876,0.0,0.406,0.075,0.923,0.03457,0.65185,0.08148,0.46,-0.007,1.027,0.11852,0.84,0.04,0.573,0.09630,1.09,-0.151,0.486,-0.10864,0.48642,0.00988,0.756,0.063,0.66667,-0.067,0.787,-0.019,1.067,0.02222,0.842,-0.07160,0.711,-0.04691
1,1.395,0.0,0.606,-0.04,0.67119,0.058,0.441,-0.059,0.50508,0.02,0.634,-0.089,0.415,-0.029,0.682,0.055,0.814,0.11864,0.773,-0.02373,0.53220,0.006,0.643,-0.03390,0.52881,-0.03390,0.57262,0.005,0.58644,-0.003,0.58983,-0.029,0.358,0.06780
1,1,0.0,0.49515,0.09709,0.252,0.035,0.226,0.0,0.45,-0.02427,0.58252,0.016,0.33495,0.043,0.364,0.004,0.47087,-0.129,0.499,0.006,0.34951,0.086,0.18932,0.25728,0.412,-0.082,0.544,0.03815,0.448,0.195,0.229,0.0,0.206,-0.01942
1,1,0.0,1.245,0.031,0.791,0.34100,0.83904,0.338,0.825,0.48906,0.73584,0.649,0.788,0.792,0.458,0.746,0.31800,0.70443,0.28379,0.605,0.073,0.549,0.059,1.003,-0.16489,0.807,-0.16556,0.864,-0.217,0.55805,-0.277,0.282,-0.177,0.37465
1,0.966,0.0,1.197,0.162,0.90112,0.306,0.82039,0.487,0.984,0.64888,0.733,0.489,0.251,0.91,0.152,0.84804,0.025,0.85475,-0.12193,1.032,-0.382,0.813,-0.37835,1.061,-0.657,0.58324,-0.57587,0.46040,-0.31,0.332,-0.65754,0.18345,-0.828,0.017
1,1,0,1.192,0.289,1.114,0.47030,0.76902,0.795,0.332,0.787,0.22,0.953,0.10107,0.83312,-0.102,0.819,-0.28269,0.72073,-0.225,0.69,-0.55769,0.577,-0.887,0.448,-0.766,0.19,-0.66651,0.028,-0.338,-0.094,-0.54615,-0.21,-0.375,-0.35032
1,1.128,0,0.94331,0.26,0.96132,0.443,0.492,0.56569,0.85,0.355,0.41836,0.83230,0.101,1.171,0.027,1.388,-0.301,0.83939,-0.42811,1.036,-0.748,0.543,-0.432,0.612,-0.599,0.30912,-0.694,0.15619,-0.45,-0.029,-0.75199,-0.187,-0.581,-0.34367
1,1,0.0,1.201,0.397,0.80486,0.514,0.375,0.73151,0.518,0.80511,0.10797,0.90403,-0.125,0.956,-0.535,0.772,-0.483,0.62867,-0.824,0.323,-1.152,0.179,-1.131,-0.038,-1.088,-0.219,-0.566,-0.46438,-0.46422,-0.61446,-0.181,-0.70835,-0.132,-0.71273
1,1,0.0,0.89835,0.205,0.67333,0.449,0.341,1.063,-0.044,1.172,-0.268,0.75334,-0.25137,0.335,-0.57377,0.335,-0.846,0.105,-0.47359,-0.059,-1.101,-0.06011,-0.242,-0.485,-0.12897,-0.646,0.105,-0.51925,0.158,-0.254,0.36586,-0.361,0.336,0.13297
1,1.107,0.0,0.423,0.10025,0.23308,0.17293,0.04,0.5,0.12030,0.224,0.06266,0.265,-0.051,0.182,-0.082,0.05,-0.078,0.046,-0.05431,0.013,-0.062,-0.00280,-0.032,-0.006,-0.01755,-0.016,-0.007,-0.008,-0.004,-0.01250,0.001,-0.00948,0.00290,-0.00647
1,1,0,0.305,-0.286,0.67,0.406,0.75376,-0.007,0.82519,0.19361,0.544,-0.344,0.65977,0.075,0.526,0.14662,0.72368,-0.455,0.484,0.025,0.66917,0.20489,0.84774,-0.569,0.418,-0.058,0.5,-0.10571,0.371,-0.181,0.169,-0.181,0.656,-0.126
1,1,0.0,0.735,0.08,0.72171,0.078,0.342,0.044,0.357,0.101,0.43837,0.283,0.687,0.128,0.292,0.13507,0.367,0.02922,0.433,0.23,0.32835,0.166,0.415,0.14638,0.26436,0.178,0.137,0.14314,0.316,0.16137,0.153,0.151,0.16655,0.13198
1,1,0.0,1.099,0.11933,0.726,0.01038,0.631,0.015,0.76966,-0.00278,1.096,0.121,0.83289,0.03027,0.82680,0.035,0.598,0.013,0.449,0.022,0.908,0.066,0.80259,0.048,0.77336,0.02220,1.102,0.06235,1.075,0.049,1.029,0.038,0.859,0.111
1,1,0.0,0.87111,0.04326,0.795,0.108,1.38,0.177,1.271,-0.08337,0.943,-0.02,0.789,-0.26724,0.466,0.232,0.88644,-0.067,0.84452,-0.014,0.631,-0.467,0.78954,-0.173,0.86661,-0.089,0.599,-0.02908,0.78774,-0.027,0.75935,0.26,0.959,0.048
1,1,0.0,0.661,0.02549,0.547,0.095,0.506,0.072,1.002,-0.112,0.852,0.02482,0.97921,-0.00469,1.329,0.10195,0.755,0.023,1.017,0.02683,0.81221,-0.08048,1.015,0.0,0.827,-0.01207,0.82271,0.021,0.465,-0.01073,0.711,0.078,0.449,0.024
1,1,0.0,0.31,0.19527,0.053,-0.169,0.742,0.007,0.45562,-0.034,0.521,0.011,0.44675,0.27515,1.002,-0.03846,0.617,0.12426,0.41420,0.11538,0.52767,0.015,0.317,-0.149,0.406,-0.035,0.497,0.03259,0.553,0.356,0.469,-0.171,0.34615,-0.002
1,1,0,0.308,0.076,0.774,-0.13936,0.85122,-0.075,0.80979,0.029,0.282,0.031,0.67420,-0.034,0.80791,-0.106,0.51412,-0.24482,0.91,-0.211,0.561,-0.00377,0.372,0.04,0.485,-0.422,0.682,-0.166,0.548,-0.015,0.53861,-0.441,0.504,-0.22034
1,1.129,0.0,0.84713,-0.03397,0.545,-0.127,0.81953,0.0,0.73673,-0.054,0.775,-0.105,0.74947,-0.11677,0.791,-0.105,0.78132,-0.257,0.474,-0.108,0.79193,-0.175,0.534,-0.025,0.84926,-0.2,0.604,-0.23312,0.66242,-0.22293,0.687,-0.429,0.874,-0.36
1,0.625,0.0,0.539,-0.08152,0.83424,0.063,0.84783,0.04076,0.926,-0.02174,0.77174,-0.082,0.587,-0.10598,0.448,-0.003,0.502,-0.20924,0.912,0.047,0.86413,-0.078,1.311,-0.235,0.953,-0.24,1.085,-0.10211,0.601,-0.036,0.398,-0.10870,0.79076,-0.008
1,1.393,0,0.443,-0.126,0.53755,0.16996,0.72727,0.09486,1.041,-0.163,0.549,-0.233,1.05,-0.106,1.085,0.04150,0.688,-0.004,0.63636,-0.11858,0.79249,-0.319,0.563,-0.388,0.408,-0.10474,0.422,-0.169,0.60079,-0.279,0.37549,0.088,0.366,-0.007
1,1,0,0.468,0.126,0.707,0.005,0.55432,0.069,0.696,-0.185,0.52993,0.01330,0.739,-0.094,0.83,-0.022,0.54545,-0.134,0.52993,-0.04656,0.274,-0.19512,0.50776,-0.178,0.345,-0.272,0.53930,-0.155,0.59867,-0.039,0.612,-0.154,0.578,-0.033
1,1,0,1.091,0.403,0.775,0.472,0.61559,0.491,0.451,0.489,0.117,0.81,-0.20097,0.815,-0.231,1.145,-0.639,0.655,-0.78768,0.515,-0.81856,0.19095,-0.83943,-0.045,-0.712,-0.26356,-0.725,-0.672,-0.805,-0.60858,-0.192,-0.428,-0.19312,-0.75597
1,1.388,0.0,0.535,0.21,0.79917,0.55756,0.481,0.71596,0.26203,0.92651,0.04636,0.96748,-0.21,0.489,-0.281,0.81018,-0.73329,0.62385,-1.05,0.36200,-0.973,0.041,-0.819,-0.276,-1.032,-0.428,-0.383,-0.69556,-0.46,-0.511,-0.198,-1.065,0.075,-0.63
1,1.284,0.0,1.178,0.284,0.636,0.57816,0.444,0.58527,0.05717,0.679,-0.08,0.92118,-0.596,0.71996,-0.69767,0.403,-0.935,0.536,-1.497,-0.008,-1.109,-0.287,-1.013,-0.45478,-0.57242,-0.805,-0.304,-0.677,-0.02979,-0.86841,0.344,-0.82127,0.001,-0.81686
1,1,0,0.772,0.316,0.466,0.482,0.49234,0.793,0.21991,0.86761,-0.045,0.976,-0.35558,1.05,-0.637,0.675,-0.759,0.31291,-1.045,0.045,-0.838,-0.154,-0.672,-0.39168,-0.53,-0.495,-0.163,-0.60863,0.08425,-0.885,0.213,-0.48468,0.40591,-0.358
1,1,0.0,1.348,0.33164,0.76168,0.62349,0.247,0.84266,0.194,1.189,-0.188,0.661,-0.47202,0.93,-0.70747,0.585,-0.547,0.36750,-0.609,0.041,-0.664,-0.342,-0.73969,-0.764,-0.50757,-1.039,-0.166,-1.243,0.07810,-0.842,0.295,-0.56,0.59407,-0.761
1,1,0.0,0.83367,0.248,0.803,0.691,0.321,0.70677,0.17293,0.78947,-0.283,0.988,-0.261,0.912,-0.466,0.47744,-0.74725,0.19492,-0.608,-0.035,-0.805,-0.28195,-0.49165,-0.381,-0.235,-0.879,-0.01530,-0.524,0.251,-0.421,0.493,-0.657,0.64662,-0.349
1,1,0,1.334,-0.041,1.075,-0.04104,1,-0.06,0.879,0.01456,0.789,-0.019,1.351,-0.07458,0.99382,-0.07149,1.172,-0.118,0.752,-0.135,1.468,-0.05252,0.572,-0.08914,0.783,-0.118,1.073,-0.089,1.258,-0.14916,1.045,-0.114,0.956,-0.18800
1,1.498,0.0,0.94052,-0.011,1.254,0.011,0.94994,-0.008,0.95878,-0.014,0.94641,-0.035,0.81,-0.022,0.954,-0.049,0.95465,-0.027,0.696,-0.04711,1.123,-0.012,0.59,-0.04417,0.521,-0.04476,0.92695,-0.079,0.90342,-0.07479,1.231,-0.076,1.162,-0.07420
1,1,0,1.152,-0.184,0.91324,-0.002,0.96575,-0.256,0.98630,0.218,0.91781,0.002,0.804,-0.08447,1.152,-0.003,0.798,-0.06,1.12,-0.184,0.801,0.10274,1.282,-0.05251,1.256,0.062,1.19,-0.058,0.97032,-0.265,0.479,-0.08676,0.96575,-0.325
1,1,0,0.423,-0.03390,0.829,0.043,0.575,-0.1,0.218,-0.01,0.50847,-0.082,0.399,0.279,0.434,-0.533,0.369,0.011,0.716,0.031,0.59322,0.415,0.621,0.05085,0.337,0.15254,0.973,-0.00266,0.789,-0.03390,0.83051,-0.15254,0.857,-0.10169
1,1.012,0,0.205,-0.25000,0.44444,0.17,0.504,0.16667,0.535,0.13889,0.5,-0.145,0.567,-0.092,0.58333,0.198,0.55556,0.037,0.37,-0.166,0.332,-0.05556,0.52778,-0.037,0.484,0.117,0.339,-0.095,0.12,-0.13889,0.358,-0.076,0.076,-0.5
1,1,0,0.319,1.287,0.5,0.696,0.71178,1.154,0.45622,0.446,0.33081,1,0.185,1,-0.094,1.223,-0.33081,1.08,-0.678,1,-0.457,0.71699,-1.024,0.47894,-1.26,0.438,-1.006,0.055,-0.745,-0.188,-1.003,-0.364,-0.91903,-0.97
1,1.261,0,0.75564,0.5,0.934,0.327,0.54916,0.72063,0.38,0.70792,0.123,0.94749,-0.119,0.653,-0.486,0.983,-0.328,0.71161,-1.022,0.932,-0.70163,0.241,-1.154,0.02995,-1.35,-0.371,-0.421,-0.32792,-0.63312,-0.229,-0.455,-0.618,-0.13,-0.62956
1,1,0,1.02,0.635,0.573,0.58385,0.45625,0.78115,0.16470,1.079,-0.067,0.436,-0.566,0.681,-0.316,0.617,-0.941,0.322,-0.84014,0.059,-0.67,-0.31351,-0.47412,-0.48905,-0.405,-0.46,-0.05054,-0.575,0.09,-0.683,0.193,-0.39167,0.663,-0.145
1,1,0.0,0.586,0.35107,0.849,0.571,0.395,0.88576,0.123,1.385,-0.144,1.007,-0.838,1.065,-1.113,0.58045,-0.93104,0.214,-0.91,-0.06418,-0.94,-0.551,-0.753,-0.67464,-0.36799,-0.909,-0.041,-1.194,0.27330,-0.559,0.54827,-0.449,0.74828,-0.44173
1,1,0,0.92436,0.215,0.71976,0.771,0.261,1.192,-0.11108,0.725,-0.38,0.634,-0.66616,0.74,-1.359,0.42314,-1.281,0.09585,-0.65,0.026,-0.8,-0.676,-0.316,-0.78174,-0.13486,-1.249,0.19765,-0.85137,0.576,-1.03,0.505,-0.64,0.597,-0.131
1,1.07,0.0,1.175,0.16195,1.454,-0.05558,1,0.01373,0.776,-0.103,1.123,-0.01511,0.543,-0.01731,0.642,-0.036,1,-0.093,1.023,0.056,0.851,-0.107,1.091,-0.02685,1,-0.22978,1,-0.04,1.424,0.101,1.456,-0.134,0.73,-0.07439
1,1.465,0.0,1.076,-0.002,1.055,-0.13244,0.94982,-0.004,0.82809,-0.51171,0.92441,0.14,0.754,-0.212,0.873,-0.02542,0.95853,-0.099,0.991,0.61739,1.245,-0.203,1.005,-0.044,0.47,-0.01664,0.84132,-0.01769,1.201,-0.023,0.80634,-0.01,0.998,-0.014
1,1,0.0,1.103,0.438,0.692,0.677,0.29,0.557,0.161,1.219,-0.252,0.78772,-0.42911,0.72328,-0.57165,0.41471,-0.75436,0.087,-0.862,-0.09856,-0.581,-0.149,-0.565,-0.38287,-0.243,-0.52540,0.01523,-0.314,0.228,-0.342,0.436,-0.23199,0.225,-0.065
1,1,0,1.101,0.35232,0.365,0.65128,0.34816,0.701,0.035,0.846,-0.386,0.717,-0.62635,0.69590,-0.433,0.229,-0.85803,0.058,-1.138,-0.3,-0.791,-0.737,-0.526,-0.759,-0.061,-1.01,0.17041,-0.645,0.40675,-0.57649,0.56626,-0.429,0.489,-0.133
1,1,0,0.53,0.415,0.735,0.71804,0.29521,0.902,-0.046,1.127,-0.45725,0.738,-0.621,0.58511,-0.92819,0.186,-0.982,-0.081,-1.103,-0.319,-0.431,-0.402,-0.167,-1.216,0.21581,-0.85703,0.321,-0.443,0.39,-0.449,0.83142,-0.049,0.76862,0.27926
1,1.394,0.0,1,-0.342,1.086,-0.179,0.609,-0.098,0.697,0.008,1,0.08,0.92405,0.063,1.03,-0.03797,0.63291,-0.36709,1.017,-0.018,0.93671,0.09,0.552,0.25316,0.348,-0.253,0.84637,-0.079,0.818,-0.06329,0.53165,0.029,0.936,-0.02532
1,1,0,0.74790,0.007,0.712,0.016,0.947,0.024,0.77,0.01681,0.373,0.036,0.79093,0.04731,1.082,0.045,0.479,0.125,0.868,0.04202,0.71285,0.1,0.68895,0.07,0.66387,0.099,0.54,0.08296,0.61345,0.011,0.621,0.057,0.285,0.12
1,1,0.0,1.251,0.02,0.92211,0.016,0.498,0.011,0.709,0.069,0.87597,0.11370,1.011,0.055,0.90738,0.039,0.488,0.02842,0.882,0,0.89097,0.036,0.88430,0.05,1.231,0.10853,0.86923,0.127,1.285,0.08786,0.951,0.105,1.003,0.082
1,0.771,0.0,0.764,-0.013,1.077,-0.004,1,-0.018,1,-0.012,1.427,-0.021,1,-0.022,0.99828,-0.03,0.559,-0.03238,1.481,-0.026,0.701,-0.043,0.765,-0.04,1.447,-0.065,0.99842,-0.078,0.99400,-0.06304,0.99057,-0.06497,0.98971,-0.06668
1,1,0,0.944,-0.042,0.978,0.062,0.89505,0.009,0.612,0.016,1.095,-0.00990,0.94059,-0.01584,0.91881,0.048,0.93663,0,1.223,0.01386,0.668,0.007,0.88713,-0.015,0.845,0.02376,0.726,0.018,1.118,0.001,1.132,0.045,0.439,0.035
1,1,0,0.90071,0.025,1,-0.011,1.347,0.007,0.944,0.035,1,0.02,1.363,0.01064,0.696,0.03546,1,-0.043,0.979,-0.03191,0.437,0.07801,0.607,0.078,1.075,0.044,1.209,0.03247,1.392,0.013,1.347,0.01064,0.561,0.015
1,1,0,0.53,-0.24242,0.358,0.017,0.616,0.127,0.925,0.093,0.167,-0.268,0.531,0.15152,0.39394,0,0.687,0.04561,0.758,0.025,0.78788,0.18182,0.411,-0.198,0.485,0.04,0.528,0.05,0.438,-0.03030,0.533,0.071,0.39394,0.24242
1,1,0,0.86689,0.35950,0.72014,0.66667,0.503,0.536,0.107,0.923,-0.356,0.997,-0.556,0.67577,-0.371,0.41,-0.848,0.119,-0.515,-0.13652,-0.417,-0.271,-0.32537,-0.67,-0.016,-0.59954,0.085,-0.53127,0.325,-0.339,0.357,-0.207,0.276,0.01820
1,1,0,0.89563,0.423,0.402,1.022,0.5,0.802,-0.061,0.588,-0.312,0.84414,-0.501,0.492,-0.82680,0.30356,-1.258,-0.049,-0.73564,-0.246,-0.51778,-0.62443,-0.23428,-0.425,0.078,-0.837,0.33531,-0.74,0.52414,-0.212,0.36,-0.256,0.745,0.085
1,1,0.0,0.90547,0.434,0.336,1.012,0.29921,0.583,-0.13342,0.97820,-0.364,1.169,-0.529,0.55086,-0.922,0.15192,-0.93001,-0.355,-0.71863,-0.59379,-0.555,-1.276,-0.026,-0.821,0.315,-0.583,0.67538,-0.807,0.992,-0.37,0.853,0.09800,0.983,0.573
1,1,0,1.149,1,0.36700,0.072,0.15,0.629,-0.258,0.93596,-0.318,0.253,-0.87192,0.355,-1.192,-0.097,-0.322,-0.297,-0.46552,-0.82512,-0.055,-1.29,0.25616,-0.257,0.772,-0.388,0.85471,-0.069,1.191,1,0.551,0.002,0.17758,0.739
1,1.352,0,1.307,0.51515,0.654,0.449,0.06061,0.36364,-0.366,0.73062,-0.45455,0.48485,-0.622,0.0,-0.382,-0.175,-0.208,-0.48485,-0.062,-0.84848,0.685,-0.641,0.317,-0.59,1.451,-0.497,0.72961,0.11,1.171,0.627,0.281,0.36364,0.105,0.33333
1,1.105,0,0.88110,0,0.916,-0.02744,0.93598,-0.01220,1.158,0.01829,0.667,0.013,1.073,0.00915,0.785,0.00305,1,0.02,0.683,-0.011,1.124,0.033,1.142,0.034,0.815,0.04878,0.89666,0.017,0.765,0.006,1.331,0.082,1.133,-0.01
1,1,0,0.82624,0.08156,0.612,-0.098,1.0,-0.016,0.918,0.013,0.80142,0.109,1.229,-0.005,0.652,0,0.93262,0.217,0.95035,-0.00709,0.91489,0.005,1.084,0.056,0.596,0.114,1.077,0.068,0.625,0.092,0.819,0.18085,0.556,0
1,1,0.0,0.621,0.10638,0.88706,0.012,0.935,0.022,0.956,-0.019,0.464,0.10638,1.098,0.043,0.49,0.03382,1.063,0.07801,1.287,0.04255,0.85597,0.045,0.84931,0.046,0.628,0.074,1.184,0.082,0.975,-0.03546,0.597,0.06800,0.963,0.07173
1,1,0,0.701,0.047,1.068,0.00343,0.89210,0.00510,1.181,0.0,0.874,0.073,0.548,0.007,0.86303,0.01,0.83851,-0.074,1.284,0.014,0.84182,0.01603,0.637,0.01749,0.979,-0.057,0.82111,0.019,0.459,0.111,0.869,0.015,1.067,0.02441
1,1.28,0.0,0.68,0.008,0.98579,0.012,0.859,0.01954,1.146,0.024,0.652,0.021,0.97158,0.03552,0.508,0.03730,0.577,0.019,1.477,0.077,0.94,0.04796,0.94494,0.082,1.338,0.03552,0.887,0.06477,1.196,0.08171,0.99112,0.042,0.796,0.09947
1,1,0.0,1,0.012,1.297,0.01105,0.763,0.02,0.604,-0.009,0.99448,-0.003,1.457,0.012,1,0.005,0.578,0.008,0.97901,0.008,0.98011,0.009,0.98122,0.017,1.003,-0.005,0.98033,0.012,1.38,0.011,0.98564,0.02099,1.312,0.02762
1,1,0.0,1.303,-0.012,1,0.02,1.158,-0.002,1,0.061,0.853,0.04474,1.194,0.029,0.593,0.06488,1.113,0.037,1,0.047,1.257,0.082,0.919,0.09,1,0.11,0.99989,0.113,0.99105,0.057,0.863,0.10067,1,0.10067
1,0.966,0,0.88420,0.36724,0.67123,0.469,0.586,0.86399,0.015,1.019,-0.322,0.419,-0.349,0.733,-1.147,0.38778,-0.852,-0.00642,-0.69318,-0.178,-0.529,-0.645,-0.27377,-0.735,0.012,-0.69774,0.336,-0.402,0.277,-0.595,0.606,-0.21542,0.566,0.02823
1,1,0.0,0.538,0.41786,0.777,0.75725,0.30440,1.166,-0.109,0.886,-0.822,0.418,-0.982,0.643,-0.96986,0.10345,-0.91456,-0.429,-0.894,-0.872,-0.444,-0.88999,0.071,-0.94172,0.44483,-0.973,0.8,-0.66,0.535,-0.114,0.457,0.20359,0.439,0.54852
1,1,0.0,0.285,0.164,0.08,0.307,0.091,0.74485,-0.25131,0.91993,-0.107,0.167,-0.63714,0.224,-0.847,-0.004,-0.23227,-0.131,-0.30522,-0.48886,-0.175,-0.61,0.081,-0.28916,0.306,-0.18560,0.447,-0.125,0.31005,0.05,0.21443,0.2,0.201,0.338
1,1,0.0,0.65845,0.606,0.517,0.74804,0.067,1.231,-0.475,0.82139,-0.56,0.36,-0.84211,0.07111,-0.82811,-0.386,-0.419,-0.71725,-0.045,-1.268,0.28,-1.082,0.56663,-0.357,0.595,-0.253,1.057,0.23713,0.483,0.59071,0.20549,0.626,-0.174,1.091
1,1,0.0,0.19466,0.058,0.04198,0.283,-0.10557,0.379,-0.18321,-0.18321,-0.27,0.045,-0.266,0.052,-0.16412,-0.29,-0.15,-0.39695,0.177,-0.17557,0.198,-0.135,0.28626,-0.104,0.21645,0.24692,0.033,0.309,-0.045,0.269,-0.132,0.244,-0.218,-0.41
1,0.543,0.0,1.156,0.00075,0.804,0.0,1.059,-0.001,1.225,0.02394,1.201,0.022,0.97888,0.045,0.517,0.03,1.057,0.085,1.142,0.078,1.392,0.05524,1.465,0.06241,1.042,0.08107,0.823,0.07255,0.95701,0.08088,0.98190,0.08126,0.619,0.08616
1,1.246,0.0,0.82254,-0.07572,0.924,0.00231,0.455,-0.01214,1.124,-0.104,0.897,-0.11734,0.918,0.05029,0.731,-0.07399,0.564,0.072,1.143,0.089,0.453,-0.032,0.78844,-0.09,0.74451,-0.015,0.76717,-0.02731,0.789,-0.054,0.70058,-0.023,0.506,0.018
1,1,0.0,0.35346,-0.084,0.967,-0.03,0.552,-0.028,0.455,-0.051,0.7,-0.131,0.62099,-0.038,0.59361,-0.081,0.42271,-0.26409,0.58213,0.033,0.49736,-0.077,0.431,-0.125,0.633,-0.00564,0.48,-0.09038,0.19,-0.10306,0.426,-0.101,0.26,-0.08300
1,1.104,0.0,1.121,0.01,0.469,0.002,1.147,0.00384,0.639,0.023,0.81504,0.12068,0.83096,0.00744,0.919,0.00854,0.874,-0.059,0.691,0.03881,0.432,0.008,0.75071,0.01232,0.407,-0.004,0.92,0.015,0.66161,0.00849,0.492,0.01,0.63887,0.015
1,1.383,0.0,0.663,-0.019,1.092,0.06831,0.539,0.584,0.75683,-0.002,0.65164,-0.2,0.209,-0.432,0.546,0.568,0.455,0.26,0.78552,0.11339,0.251,-0.44945,1.194,0.00683,0.645,0.049,0.68656,0.12,0.87568,0.107,0.55328,0.24590,0.13934,0.688
1,1,0.0,0.83508,0.08298,0.482,-0.14706,0.821,-0.046,0.90441,-0.026,0.89391,0.074,0.688,0.06,0.847,-0.108,0.62,-0.021,1.114,0.06618,0.846,0.016,0.77521,0.057,0.95378,-0.04202,0.515,0.00123,0.642,0.112,0.526,-0.10714,0.604,-0.034
1,1.471,0.0,0.877,0.00419,0.494,-0.032,1.375,-0.01920,0.94590,0.01606,0.96510,0.048,0.94171,0.054,0.94625,-0.007,0.743,0.002,0.611,0.06038,0.92670,0.099,0.93124,0.112,0.976,0.015,0.482,0.038,1.304,0.08168,1.078,-0.00035,0.842,0.036
1,1,0,0.985,-0.0,0.93207,-0.03227,0.95177,-0.03431,1.217,0.013,1.329,0.02,1.021,0.033,0.718,-0.011,0.94837,0.02,0.93784,0.017,0.91406,0.07677,1.181,0.046,0.699,0.035,0.6,0.037,0.797,0.023,0.92459,0.002,0.92697,-0.005
1,0.771,0.0,0.90608,-0.024,0.98122,-0.028,0.95691,-0.03646,0.734,0.001,0.511,-0.03315,0.726,-0.009,1.023,-0.033,0.699,-0.00884,0.454,-0.066,0.88729,0.013,1.032,-0.026,0.961,-0.02099,0.562,-0.07760,0.907,-0.17238,1.072,-0.056,0.87403,-0.16243
1,1,0.0,1.086,0.072,0.82,-0.082,0.87873,0.105,1.33,-0.123,1.021,0.087,0.968,-0.002,0.487,-0.01054,0.85764,-0.066,0.87170,-0.038,0.81722,-0.09490,0.71002,0.022,0.86467,-0.15114,0.683,-0.058,0.547,-0.005,0.75747,-0.096,0.85764,-0.034
