1,1,0.0,0.597,-0.05889,1.155,0.02306,0.569,-0.37708,0.607,0.051,0.7,-0.15,0.59755,-0.44945,0.88,-0.518,1.032,-0.382,0.554,-0.191,0.798,-0.29674,0.466,-0.47357,0.836,-0.51171,0.235,-0.643,0.313,-0.34090,0.39,-0.723,0.237,-0.45300
0,1,0.0,1,-0.186,0.93035,-0.448,-0.10868,-1.122,1.309,-0.053,0.294,-0.746,0.222,-0.58,-0.51685,-0.891,0.081,-0.842,0.435,-1,-0.13151,-0.453,-0.181,-0.241,-0.218,-0.26569,-0.237,-0.18401,-0.196,-0.11593,-0.16626,-0.047,-0.153,-0.021
1,0.981,0.0,1,-0.017,1.188,0.00485,1,-0.137,1.315,0.011,0.404,0.05346,0.85443,0.005,0.609,0.00299,0.624,-0.13644,0.937,-0.08540,0.547,-0.27502,0.457,-0.168,0.52,-0.217,0.865,-0.25,0.43100,-0.187,0.361,-0.24180,0.322,-0.563
0,1,0.0,0.962,-0.275,0.875,0.588,0.486,-0.719,0,0.0,0.0,0.0,0,0.0,-1.154,0.14516,0.54094,-0.39330,-0.665,-0.28,-1.048,1,0,0.0,0.912,0.90695,0.51613,1,1.388,-0.159,0.348,1.46,-0.309,1.404
1,1,0.0,1,-0.03,0.818,0.06531,1.083,-0.196,0.777,-0.114,0.458,-0.289,0.698,-0.00712,0.397,-0.315,0.536,-0.28,0.45107,-0.246,0.056,-0.239,0.02309,-0.554,0.03,-0.65158,0.13290,-0.53206,0.029,-0.422,-0.074,-0.552,-0.04608,-0.65697
0,1,0,0.012,-0.003,-0.134,-0.075,-0.00763,-0.078,0.204,0.064,0.03786,-0.072,0.0,0.0,-0.05,-0.15540,-0.004,-0.118,-0.151,-0.05414,0.02,0.044,0.01519,0.01,0.03513,-0.01535,-0.03240,0.093,-0.07,0.01,0.0,0.0,-0.0,0.12011
1,1.237,0.0,1.218,-0.102,1.214,-0.20800,0.834,-0.411,0.63,-0.196,0.881,-0.47929,0.78225,-0.757,0.628,-0.61436,0.475,-0.493,0.37852,-0.544,0.36324,-0.76562,0.199,-0.544,0.288,-0.948,0.187,-0.82510,0.04606,-0.82395,-0.032,-0.665,-0.13832,-1.078
0,0.0,0.0,0.0,0,0.0,0.0,0.654,-1.225,0.0,0.0,-0.988,-1.371,0,0.0,0.0,0.0,1,0.885,-1,-1.197,0.0,0.0,0,0.0,1,1.239,1,1,0,0,0.723,0.752,0.0,0
1,1,0.0,1.368,-0.08,1,-0.103,1.362,-0.2,1,-0.453,1.369,-0.649,0.491,-0.40668,0.90392,-0.387,0.98305,-0.258,1.067,-0.66020,0.498,-0.60589,0.69637,-0.765,0.933,-0.857,0.57577,-0.944,0.162,-0.63919,0.295,-0.769,0.52,-0.412
0,1,0,-0.023,-0.047,0.0,0,0,0.0,0.065,-0.215,-0.288,-0.483,0,0.0,-0.331,0.355,-0.349,0.192,0.63728,0.331,0.0,0,0.0,0.0,-0.109,-0.018,0.20645,-0.03,0.0,0.0,0.16595,0.209,-0.08208,0.38065
1,1.359,0,0.59,0.077,0.619,-0.096,0.968,-0.307,0.91,-0.37,1.498,-0.598,0.96232,-0.418,0.633,-0.349,0.89230,-0.453,0.69876,-0.62,0.359,-0.513,0.69,-0.80544,0.55867,-0.812,0.701,-0.86500,0.516,-0.83675,0.30996,-0.89093,0.313,-0.89158
0,1,0.0,1.012,-0.381,0.719,-0.669,1,-1,0.715,0.36217,0.852,-0.528,0.593,0.763,1,-1,1.409,-0.178,1,-1.387,1.33,1.244,1,0.83,1,-0.252,0.816,-0.648,0.513,-0.907,1,-1,0.619,-1.297
1,1,0,1.287,-0.233,0.873,-0.076,1.223,-0.2,1.26,-0.19277,0.94055,-0.52,0.95735,-0.29785,0.93719,-0.297,0.948,-0.283,0.782,-0.488,0.942,-0.458,0.908,-0.663,0.84080,-0.273,0.76224,-0.58370,0.857,-0.66,0.759,-0.747,0.324,-0.67226
0,1.211,0,0.966,-1.104,0.54,0.155,1.104,-0.365,0.663,-0.12090,1.364,0.35147,1,0.104,1.007,-0.151,1,-0.622,1.459,-1.196,0.61831,0.095,1.371,0.786,1,-0.17012,0.623,0.387,1,-0.743,1,1.322,1.246,-0.18826
1,1,0.0,0.794,0.038,0.501,0.018,1.371,-0.051,1,0.08764,0.531,0.117,1,0.20328,1.079,0.12785,1.213,0.064,1.226,0.325,1,0.44758,1.196,0.618,1.185,0.218,0.868,0.36743,1.164,0.48641,1.304,0.484,1,0.317
0,1.483,0.0,0.50932,-0.846,0.625,0.401,-0.051,-1,1,-0.645,0.558,-1,0.0,0.0,-0.896,-0.386,-0.533,0.035,1.157,-1,0.0,0,0,0,-0.141,0.965,0.262,0.26501,0.0,0.0,1,0.201,0.0,0
1,1.126,0.0,1.386,0.053,0.994,-0.007,0.97811,0.02498,0.659,0.02312,1.408,0.07808,0.89323,0.10346,0.94212,0.036,0.834,0.099,1.012,0.127,0.81633,0.11830,1.137,0.147,0.977,0.13412,0.574,0.089,1.002,0.146,0.606,0.234,0.836,0.12015
0,0.0,0,0.0,0.0,-1.055,-0.851,1,1.293,-1.107,0.57,-0.951,0.947,1.023,-0.776,1.091,1,-0.543,-1,-1,1.454,0.642,-1,-1.123,1.07,-1,1,0.636,-1.424,-0.585,1,-1,-1.486,1.221,-1
1,1,0,0.35,0.038,0.903,0.073,0.657,0.18761,0.111,0.217,0.63621,0.12131,0.62099,0.075,0.98,0.097,0.44,0.18151,0.176,0.41224,0.53888,0.21326,0.282,0.255,0.327,0.257,0.371,0.29,0.541,0.178,0.433,0.317,1,0.484
0,0.0,0.0,1.294,-0.9,0,0.0,0.0,0.0,1,1.196,1.392,-0.809,-0.71875,1.232,0.0,0.0,-1.133,1.459,1.484,1,-0.534,0.817,0.652,0.781,-1,1,1,1,1,-1,0.879,1,1.39,1.495
1,1,0,0.581,-0.009,1,-0.137,1.337,-0.063,1.111,-0.10605,1.249,-0.129,0.528,-0.39489,0.847,-0.191,0.92124,-0.399,0.86473,-0.256,0.91693,-0.44072,0.957,-0.423,0.81874,-0.449,0.464,-0.548,0.411,-0.505,0.556,-0.40575,0.693,-0.497
0,0.0,0.0,1,0.965,0.0,0,0.0,0.0,-1.423,-1.056,0,0.0,0.0,0.0,-0.603,-1,-1.123,-1,-0.527,1,-1.394,1.194,0.0,0,0,0,1.373,-1,-1.064,1,-0.69,1.421,-0.697,1.45
1,1,0.0,0.96071,0.07088,1,0.05,0.889,0.082,0.90169,-0.058,0.906,0.017,0.96,-0.067,0.87534,0.09831,0.539,0.002,0.75206,-0.064,0.519,-0.048,0.354,-0.085,0.46,-0.07705,0.387,-0.021,0.278,-0.01,0.316,-0.0,0.52099,-0.00182
0,0.0,0,-1.068,1.19,0.0,0.0,0,0.0,-1.179,1.417,0.764,0.922,0.0,0.0,0,0.0,1,-0.92,-1.467,1,0.654,1,0.0,0,-0.62,-1,0.645,-1,1.398,1.4,-0.847,1,0,0.0
1,1.116,0.0,0.748,-0.069,0.541,0.02942,1.411,-0.057,1,-0.015,1.273,-0.061,0.633,-0.069,0.93392,-0.06598,0.69170,-0.077,0.967,-0.163,1.051,-0.31558,0.623,-0.31654,0.84932,-0.34838,0.405,-0.189,0.544,-0.426,0.65,-0.26284,0.634,-0.39487
0,1,0,0.701,0.656,0.562,-0.765,0.816,-1,0.771,-1,1.21,-1.491,0.507,-1.328,1,-1.077,0.738,-0.63,0.857,-0.598,1,-0.701,1,-1.447,1.055,-1,1.427,-1,1.129,-0.946,1.02,-0.764,1,-1
1,1,0.0,1,-0.08714,1.437,-0.17263,0.571,-0.81779,1.037,0.792,1.145,-0.258,0.991,-0.403,1.282,-0.23433,0.429,-0.838,0.175,-0.841,0.90284,0.123,0.62357,-0.78547,0.55389,-0.472,0.575,-1.154,0.29,-0.627,0.203,-1.194,-0.068,-1
0,0.0,0.0,-0.571,-1.496,0.0,0.0,-1.393,1.401,0.922,-0.37500,0.0,0,0,0,0,0.0,1.355,-1.273,-1,-1,1,-0.607,0.0,0,0.821,-1.14,-1,0.952,-0.592,-0.991,0,0.0,-0.6,1.091
1,0.989,0.0,1,0.07,0.674,0.17387,0.913,-0.179,1.289,0.873,1.161,0.47904,0.579,0.59113,1,0.711,1.158,0.534,1.309,0.95099,1,1.199,1.449,1.112,0.984,1,0.839,1,0.555,1,0.661,1.453,0.52479,1.223
0,0.0,0.0,-1,-1,1.131,1.478,1,-0.843,-0.597,0.772,1.188,-0.629,-1,-1.472,0,0.0,0.553,0.54,-0.981,-1,1.053,-0.503,0.575,-1.241,1,1.467,1.074,-1,1,-1.101,-1.238,1,1.392,-1
1,1,0.0,1,-0.106,0.682,-0.084,1,-0.268,1.055,-0.05,1,-0.219,1.154,-0.25,1.317,-0.21975,1,-0.349,1.353,-0.46162,0.792,-0.255,0.802,-0.893,1,-0.661,0.98820,-0.478,1,-0.75820,1.335,-0.691,1.46,-0.497
0,1,0.0,1.149,-1.047,1,1,0.925,-1.013,1.379,-1.302,1,-0.698,0.867,-0.011,1,-1.425,1.155,0.926,1.191,-0.862,1.302,1.284,1.237,-1,0.0,0.0,0.869,1.256,1,-0.537,1,1,1,1
1,1,0.0,0.88208,-0.131,0.62,-0.11057,0.93,-0.16450,0.88307,-0.164,0.88462,-0.297,0.586,-0.454,1.11,-0.434,0.936,-0.33632,0.983,-0.54,0.70555,-0.26,0.714,-0.571,0.61297,-0.692,0.618,-0.594,0.50179,-0.59854,0.654,-0.773,0.356,-0.67
0,1,0,0.64,-0.037,0.41287,-0.166,0.98019,-0.08,0.99709,-0.10236,1.263,-0.09,0.656,1.451,0.613,-1.105,0.795,-0.129,0.80760,-0.328,-0.177,0.689,0.51933,0.05456,0.65493,-0.279,1.152,-0.338,0.729,-0.162,1.147,-0.438,-0.289,-1
1,1,0.0,1.106,-0.171,0.573,0.197,1.004,-0.715,1,-0.28207,1,-0.441,0.523,-0.094,0.952,0.115,1,0.304,1,0.22,1.237,-0.014,0.92599,-0.571,1,0.14803,1.491,-0.07,1.197,-0.09,1.346,0.53372,0.919,-0.57758
0,1,0.0,0.699,-1.355,0.94,0.72,1.371,-0.67321,1.196,-0.551,1.192,-0.562,1.252,-0.568,0.834,0.804,0.17589,1.057,1,1.044,1,1.116,0.653,-1,1,0.85357,0.519,-0.085,0.663,-0.403,1,0.926,1,0.34732
1,1,0,1.498,0.00433,0.56,-0.015,1.192,-0.027,1,-0.07014,1.338,-0.06256,0.738,-0.07,0.956,-0.11,1.219,-0.13665,0.817,-0.191,0.627,-0.14248,0.724,-0.077,1.102,-0.20851,1.138,-0.17909,0.566,-0.136,1.06,-0.189,0.995,-0.20766
0,0.0,0.0,1,1.094,1,-1.447,0.0,0.0,0.0,0.0,-0.801,-1.498,0.0,0,0.0,0.0,-1,1.359,0.968,1,-1,0.681,-0.874,1,1.261,-0.805,0.508,1,-1,1.154,0.59,1,0.0,0
1,1.194,0.0,0.91241,0.023,0.94191,0.016,0.786,0.044,1.386,0.01321,1.295,0.06348,0.92766,0.16,0.92048,0.044,0.539,0.165,0.497,0.185,0.80983,0.07,0.77041,0.121,0.388,0.114,0.73550,0.082,0.746,0.117,0.70925,0.077,0.674,0.11447
0,1,0,1,0.024,1.283,0.042,1.193,0.062,0.62,-0.669,0.91036,0.107,0.88462,0.53640,0.899,0.14137,0.866,0.138,1,0.585,0.762,0.181,0.605,0.215,0.54446,0.206,0.643,0.138,0.562,0.115,0.38352,0.183,1,1.094
1,1,0.0,1,0.041,0.5,0.20746,1,0.26281,0.561,0.32213,0.604,0.578,0.914,0.29,0.79555,0.535,0.65954,0.328,0.621,0.609,0.47807,0.979,0.485,0.944,0.346,0.66,0.414,0.72386,0.24,0.964,0.075,0.72688,0.044,0.923
0,0.52,0,-0.678,-1.196,1,1.218,1,-0.192,0.0,0.0,-1.481,1.199,1.079,1,0.228,-1.185,-0.794,-1,0.044,-1.371,0.531,-0.597,-1.261,1,-1,-0.611,1,-0.868,-1,-1,1,1.226,0.0,0.0
1,1,0.0,0.90932,0.131,1.001,0.19,1,0.246,0.364,0.68154,0.852,0.302,0.106,0.42739,0.57620,0.297,0.666,0.701,0.31639,0.126,0.339,0.817,0.31274,0.55826,0.269,0.74,0.116,0.491,0.132,0.6,0.062,0.55061,0.155,0.67739
0,1.467,0.0,-0.865,-1,1,0.675,1.202,-1.267,1.205,-0.22,0.994,1.364,0.891,-0.296,0.8,-1.019,1,0.13839,1.446,-1,0.687,-0.047,-0.84286,1.359,0.53750,0.965,1,0.686,0.722,-0.947,1,-1,1.178,-1
1,1,0.0,0.636,-0.05785,1.453,-0.139,0.72,-0.185,1.116,-0.151,1.012,-0.354,0.92651,-0.37965,0.512,-0.238,1.209,-0.52064,0.512,-0.57075,0.79016,-0.59839,0.74725,-0.94,0.68282,-0.885,0.65247,-0.612,0.473,-0.714,0.56,-0.98,0.419,-0.541
0,0.0,0.0,0.0,0.0,0.0,0.0,0.0,0,0.522,1,1,1.267,0.0,0,0.0,0,-0.396,-1.355,-1,-1.126,0.0,0,0.0,0,-1.495,-1.066,-1.486,-1,-0.879,0.548,1,0.0,0.0,0
1,1,0.0,1.196,-0.04,1.495,-0.103,0.99601,-0.164,1.005,-0.129,0.601,-0.089,0.96674,-0.302,1.325,-0.272,0.91236,-0.219,0.74,-0.32152,0.89991,-0.393,0.456,-0.305,1.258,-0.387,0.83172,-0.43122,0.531,-0.42593,0.77919,-0.47977,1.056,-0.352
0,1,0.0,0.94598,-0.036,-1.393,0.26,-0.32,0.525,0.69258,-0.741,1.297,-0.023,-0.27,-0.00550,-0.54852,0.09,0.91921,-0.511,0.779,-0.63,-0.29735,-0.416,-0.73864,0.31,1.028,-0.519,0.279,-0.727,0.903,-0.61393,-0.054,0.228,-0.06117,0.41913
1,1,0.0,0.678,0.00874,1.036,-0.041,0.852,-0.068,0.954,-0.045,0.522,-0.051,0.571,-0.11102,0.553,-0.12790,0.753,-0.11583,0.79682,-0.134,0.88274,-0.17387,0.856,-0.18739,0.75,-0.19689,0.426,-0.301,0.758,-0.177,1.056,-0.335,0.392,-0.23902
0,1,0.0,0.0,0,1.015,0.628,0,0.0,0.09,-0.787,0.0,0.0,0.0,0.0,-1,-0.318,-0.55711,-0.467,0.76940,0.63147,0,0.0,0.441,0.217,-0.579,0.44828,1,-1,-1.383,0.95,0.0,0.0,0.0,0.0
1,1,0.0,1.237,-0.18362,0.43644,0.02919,0.91,-0.002,0.87947,0.142,0.81121,-0.012,0.579,0.422,1.345,-0.511,0.641,-0.29520,0.799,-0.237,1,1,0.498,-0.157,1.261,-0.017,0.482,-0.01158,0.706,-0.274,1.181,-0.226,0.93323,-0.017
0,0,0.0,1.116,1.472,0.764,-1,0,0,0.0,0.0,1.107,1,0.514,1,-0.865,-1.411,0.541,-0.799,-1,1.116,0,0.0,1,-0.649,1.417,-1,1.109,1.195,-1.04,-1.273,0.0,0.0,0.0,0
1,1,0.0,1,1.129,0.771,1,0.696,1.491,-0.26970,0.765,-0.848,1,-1,1.134,-0.738,0.508,-1.117,-0.61,-1,-0.251,-1,-1.32,-0.52838,-1.447,0.969,-1.328,1.21,-1,0.63,-1.427,0.562,-0.259,1,0.33
0,0.614,0.0,-0.67935,-0.625,-1,1,1,0.63317,0.03515,-1.269,-1.12,-1.296,1.2,1.114,1.271,-1.437,-1.093,0.699,0.83840,1.282,1,-0.841,-1.347,-0.57,-0.18856,1,1.298,-0.816,-0.659,-0.857,-0.507,0.507,1.458,0.33611
1,1,0.0,0.786,0.077,0.538,-0.077,0.97165,-0.125,0.569,-0.06561,0.94717,0.01279,0.579,-0.101,0.94612,-0.273,1.189,-0.475,0.616,-0.35902,0.522,-0.252,1.255,-0.253,1.332,-0.404,1.111,-0.34586,0.92059,-0.458,1.059,-0.39061,0.896,-0.41173
0,1.353,0.0,0.113,-0.271,-1.453,1,-0.579,1,0.953,0.47173,-0.936,-0.627,-1.112,-0.645,-1,1.478,-0.02753,0.59152,-0.42113,-0.567,-0.621,-1.005,-1,-0.46801,-0.989,0.313,0.674,-0.742,-1.027,-0.38914,-1.199,-1.223,-1.158,0.61458
1,1,0.0,1,-0.026,0.54,-0.04494,1.478,-0.06682,1.074,-0.086,1.472,0.56173,1,-0.107,1,-0.156,1.116,0.401,0.772,-0.194,1.234,-0.172,0.614,-0.212,0.913,-0.92284,0.87280,-0.21793,0.459,-0.328,0.911,-0.22765,0.879,-0.137
0,0,0.0,-1,1,1,-0.719,-0.588,1.353,0.0,0,1.388,0.875,-1.133,-0.261,0.682,1,-0.514,-1.154,1,-0.665,-0.503,-1,0.792,0.575,0.954,-1.404,1,0.912,0.802,1.46,0.0,0.0,-1,-1
1,1.302,0,1,0.059,0.909,0.098,0.99952,0.139,1,-0.024,1.42,0.09,1.14,0.14644,0.577,0.11224,0.90896,0.175,1.378,0.191,1.009,0.118,0.616,0.206,0.849,0.22431,0.617,0.205,0.88568,0.293,0.78324,0.29576,1.152,0.358
0,1,0,0.208,-1,-0.935,1,0.0,0.0,0.0,0.0,-0.687,1.089,0.0,0,-0.826,-0.423,1.089,0.36146,0.51979,0.14375,0.0,0.0,-1.155,-0.309,-0.978,0.924,1,1.16,-0.672,0.737,0.0,0,0.0,0
1,1,0.0,1.413,0.13,0.732,0.177,1,0.19,1.245,0.076,0.94930,0.277,0.92992,0.18,1.104,0.203,0.85529,0.26721,0.606,0.33129,0.83393,0.216,0.375,0.263,0.736,0.482,0.615,0.488,0.784,0.46031,0.56791,0.386,0.604,0.50903
0,1.283,0.0,0.018,-0.35625,0.0,0.0,0,0.0,0.0,0,0.0,0.0,0.0,0.0,0.12292,-0.414,0.22813,1.235,1,-0.301,0.0,0,0.069,-0.723,-0.128,-0.16667,1,-0.603,-1.371,0.254,0.0,0,1,-0.334
1,1,0,1.478,0.184,0.99352,0.232,0.568,0.278,1.243,0.22610,1.089,0.392,0.936,0.46899,1.103,0.486,0.542,0.632,0.969,0.56977,0.56553,0.301,0.43,0.696,0.662,0.492,0.275,0.866,0.35684,0.497,0.33921,0.66844,0.22101,0.567
0,1,0.0,0.854,0.562,0.248,-1,0.731,1.498,1.2,0.195,-0.824,1,-0.05921,0.434,0.016,0.05044,-0.289,-1.277,0.14254,-0.031,0.32675,-0.335,-1,0.983,0.87,-0.94,0.566,-0.082,1,0.661,0.20614,-1,1.187,1.394
1,1,0,0.911,-0.279,1.485,1.002,1.304,0.149,0.859,-0.09925,0.755,0.327,0.65452,-0.16080,1.154,0.008,1.068,-0.50126,0.558,-0.124,0.88065,-0.166,1,-0.076,0.818,0.10678,1.391,-0.043,1.265,-0.27387,0.426,0.25,0.51382,-0.073
0,1,0.0,0.84783,0.074,1.447,0.319,0.763,-1,0.857,0.044,0.592,0.36,0.715,0.368,1,0.456,0.83,0.036,0.58424,-0.43025,1.194,0.63496,0.92,0.375,0.91033,-0.33333,0.616,0.207,0.37681,-0.012,1,0.161,1.124,0.319
1,0.907,0.0,0.745,0.366,1.105,0.024,0.863,0.1,0.868,0.038,1.41,0.33266,1,0.062,0.593,0.04384,0.95750,-0.269,0.977,-0.058,1,0.04150,1.222,0.277,1.482,-0.375,0.967,-0.027,0.86747,0.23360,1.245,-0.22021,0.80355,-0.07329
0,0.0,0,1.094,-0.579,1,-1,1,-1.006,1.292,-1.118,1.287,1,0.622,1,1,-1,1,1,0.603,1.459,1,1.078,1.007,-1.196,0.966,-1.48,0.915,-1.246,0.5,0.354,0.0,0.0,0.663,-1.495
1,1,0.0,1,0.353,1.084,1.034,0.524,0.597,0.305,0.80541,-0.348,1,-0.959,0.409,-0.611,0.40268,-0.39046,-0.302,-0.97907,-0.393,-0.997,-0.824,-0.45,-0.607,0.567,-1.185,0.41778,-1.143,0.309,-1,0.56,-0.35222,1.258,0.03446
0,0.678,0,1.5,1.128,1.278,-1,0.645,-1,1.087,1.157,1,0.625,1.304,1,0.659,-1,0.868,1,0.896,1,1.309,1.08,1,1,1.213,0.869,0.9,0.434,0,0.0,0.652,-0.972,1.046,-1.483
1,0.815,0.0,1,0.038,1,0.215,1,0.255,0.785,0.301,0.687,0.236,0.686,0.38643,1.267,0.44,1.418,0.95,1.475,0.53846,1,0.832,1,0.606,0.841,0.68326,0.89502,0.571,0.85611,0.668,1.052,1.152,0.637,0.75837
0,0.0,0,1.175,-1.454,1,1,-0.642,-1.07,1,-0.851,0,0.0,0.0,0,-0.837,1.221,0.776,-1.205,0.722,-0.65,-0.845,1.456,0.585,-1,1.023,-0.947,0.73,-1,-1,-0.57,0.0,0,0.583,-1
1,1.267,0,1.197,0.123,1.141,0.155,0.96026,0.143,0.98044,0.35052,1.353,0.692,0.472,0.591,0.555,0.718,0.781,0.69065,0.69003,0.73140,0.594,1.008,0.535,1.132,0.40615,0.918,0.33401,0.438,0.24944,0.86061,0.158,0.763,0.058,0.91
0,1.389,0.0,0.966,0.392,0.0,0,-0.231,0.444,0.0,0.0,0.0,0,0.0,0.0,0.20635,-0.24206,0.21032,0.239,0.241,0.78175,0,0,0.0,0.0,0.554,0.406,0.76190,0.514,0,0,0.0,0.0,0.0,0.0
1,1,0.0,1.225,0.045,1,0.145,1,0.19498,1.249,0.257,1.111,0.202,1,0.38261,0.94575,0.556,0.728,0.269,0.887,0.58801,0.628,0.414,0.741,0.785,0.405,0.891,0.592,0.377,0.49538,1.071,0.39,0.71689,0.469,0.75243
0,0,0.0,1.373,1.194,0,0.0,0.799,-1,0.521,-0.993,0.847,0.527,0.528,0.592,0.965,-1.104,0.742,1,1.45,1,0.603,-1.064,-1,-1.112,1.056,-1,1.123,-0.69,0.659,1,0,0.0,1,-1
1,1,0.0,1,0.029,1.015,0.116,1,0.089,1,0.27921,0.98703,0.30889,1.292,0.37639,0.804,0.483,0.81939,0.258,0.78619,0.547,0.482,0.649,0.70331,0.827,0.927,0.489,0.378,0.684,0.772,0.406,0.45,0.444,0.318,0.89
0,0,0.0,1.467,0.62,0.516,-0.645,1.398,1,1,0.654,1,0.889,0.854,1.179,0.965,0.974,1.033,-1.068,-1.349,1,-1.146,1,-0.617,1,0.826,-0.74,1,1,-1,0.877,-0.922,-0.847,-1,1.4
1,1,0.0,1,0.288,1,0.715,1,0.72973,1,0.649,1.04,1.472,0.514,1.109,0.541,0.594,1.116,0.519,1,1,0.558,0.764,0.89647,0.92,0.823,0.559,0.427,1,0.12,1.411,-0.192,1.195,-1.153,1
0,0.0,0.0,1.055,0.799,1,-0.744,1.134,1,-1,1,0.0,0.0,1,0.764,0.0,0,0,0.0,-0.771,1,-0.701,0.988,1.107,1.427,1,-1.447,1,1.129,1,1.491,1.077,-0.562,-0.598,1.328
1,1,0.0,1,-0.06604,1.093,0.513,0.625,0.054,0.767,0.20280,1,-1,1.437,-0.40559,1.283,-0.19,0.95,0.031,0.841,-0.61538,1,-0.26573,0.543,-0.738,1.12,-0.835,1.117,-0.81372,1.458,-0.646,1.298,-0.398,0.857,-0.497
0,0,0,0.59,-0.566,1,0.664,0.731,1.346,1,1,1.188,1,0.58,-0.74,0.589,-1.486,1,1,1.001,-1,1.235,1.389,1.457,0.636,1.104,-0.746,0.598,1,0.855,-1.285,1.238,0.637,0.711,-1
1,1,0.0,1.176,0.07804,0.92679,0.184,0.89702,0.243,0.819,0.476,0.51,0.291,0.417,0.304,0.814,0.822,0.518,0.535,0.51247,0.62,0.39903,0.777,0.34232,0.68343,0.23693,0.81,0.224,0.541,0.131,0.855,0.029,0.62,-0.04023,0.69509
0,1.278,0,0.647,-0.17314,0.423,0.21908,0.324,0.32862,0.25795,0.58304,0.779,-0.188,0.01060,0.276,0.014,0.251,0.18681,0.602,0.088,0.36353,0.031,0.239,-0.001,0.292,-0.03,0.131,-0.049,0.14481,-0.033,0.082,-0.025,0.079,-0.059,0.04586
1,1,0.0,0.817,-0.02811,0.65680,-0.061,0.463,0.036,1.185,0.015,0.855,0.117,0.505,0.089,0.824,0.05178,0.78550,-0.197,0.559,-0.015,0.78698,0.06953,0.218,-0.18639,0.69,0.04,0.402,-0.055,0.689,-0.173,0.59024,-0.14053,0.517,0.02959
0,1.034,0,0.558,-0.092,0.825,0.04328,0.589,0.713,0.35821,0.15299,0.632,0.105,0.595,-0.611,0.304,0.771,0.833,-0.117,0.268,-0.158,0.533,0.14792,0.83209,0.45522,0.254,0.16418,0.49309,0.155,0.453,-0.022,0.361,0.13521,0.235,0.12755
1,1,0.0,0.67547,0.04528,0.802,-0.10566,0.789,0.03774,0.648,-0.064,0.947,0.01132,0.66792,-0.129,0.72075,-0.012,0.76981,0.123,0.553,-0.047,0.511,-0.23774,0.488,-0.088,0.593,-0.22,0.484,-0.051,0.66792,0.029,0.682,0.03,0.98,0.01
0,1.169,0.0,0.72727,-0.05000,0.973,0.04,1.483,0.72727,0.942,-0.057,0.4,-0.16818,0.81809,0.099,0.367,1.134,0.50455,0.21818,0.66818,0.10000,0.782,-0.30000,0.742,-1.051,0.462,0.32727,0.795,0.106,0.289,0.066,0.591,0.088,0.752,0.918
1,0.697,0.0,0.294,-0.01569,0.296,0.0,0.338,0.072,0.587,-0.077,0.654,0.14118,0.46667,0.102,0.33,-0.05490,0.58039,0.01569,0.627,0.0,0.37,0.06667,0.485,0.099,0.518,0.00392,0.312,0.094,0.621,0.073,0.566,0.23529,0.43137,0.17255
0,1,0,0.501,0.07,0.285,0.067,0.159,0.377,-0.054,0.606,0.059,0.36194,-0.19091,0.33636,-0.13350,0.334,0.027,0.461,-0.511,0.158,-0.146,0.057,-0.178,0.255,-0.189,-0.04802,-0.096,-0.07114,-0.916,-1.434,-0.02916,-0.055,-0.00526,-0.06314
1,1,0.0,0.606,-0.21996,0.524,0.472,0.806,0.283,1.175,0.038,0.90558,-0.04292,1.243,0.25000,0.813,0.318,0.69206,0.636,0.372,0.39056,0.73176,0.181,1.111,0.46,0.407,0.666,0.509,0.53235,0.492,0.834,0.628,0.534,0.52361,0.54185
0,0.553,0.0,0.84557,-0.103,-0.31745,-0.849,-0.08961,-0.573,0.80648,0.04576,0.631,-0.00763,-0.171,0.643,-0.293,-0.451,0.913,-0.126,1.113,-0.228,-0.061,0.50810,-0.34128,1.064,0.802,-0.042,0.407,-0.25288,0.502,-0.101,-0.21354,-1.042,-0.15,-0.59867
1,1,0,0.596,-0.24783,0.791,0.023,0.392,0.38261,0.752,0.18261,0.5,0.16,0.517,-0.23043,0.484,0.327,0.486,-0.338,0.36087,-0.157,0.154,0.061,0.792,-0.052,0.344,-0.123,0.635,-0.058,0.48348,-0.04448,0.872,-0.26,0.378,0.14783
0,1,0.0,-0.409,0.14861,-0.398,0.905,0.599,-0.13932,0.391,-0.053,0.14,-0.15170,0.447,0.09,0.694,-0.192,0.16409,0.341,0.461,0.02,0.388,0.07121,-0.63777,-0.61610,1.134,0.649,0.563,-0.295,-0.082,0.11146,0.031,0.55820,0.37,-0.08978
1,0.611,0,0.309,0.088,0.526,0.094,0.51783,-0.004,0.413,0.263,0.52462,-0.101,0.249,-0.04754,0.375,0.03905,0.889,-0.22411,0.298,-0.046,0.442,0.07,0.411,-0.187,0.51731,-0.041,0.50369,-0.019,0.468,0.09847,0.486,-0.01868,0.39559,-0.019
0,0.531,0.0,1.059,0.16851,0.0,0.0,0.56541,0.06874,0.571,0.833,0.36,0.914,-0.027,0.465,0.134,0.12860,-0.021,0.584,-0.50998,0.822,-0.10200,0.326,-0.411,0.23725,-0.915,0.80710,-0.177,1.282,-1,0.92,-0.536,0.073,0,0
1,1.301,0.0,0.661,0.16607,0.456,0.37379,0.72990,0.50515,0.826,0.454,0.44303,0.783,0.24412,0.942,0.051,1.146,-0.103,0.87396,-0.363,1.069,-0.46635,0.444,-0.516,0.46,-0.7,0.563,-0.671,0.292,-0.898,0.11218,-0.376,-0.07,-0.67699,-0.19904
1,1.267,0.0,1.278,0.211,0.771,0.46259,0.71771,0.381,0.283,1.134,0.31409,0.92643,0.074,1.133,-0.171,0.901,-0.16,0.91624,-0.637,0.79525,-0.68274,0.653,-0.779,0.406,-0.769,0.18,-0.655,-0.009,-0.82366,-0.19321,-0.67289,-0.443,-0.59943,-0.682
0,1.083,0,-1.459,-1.3,0.0,0.0,0.50814,-0.722,0.60586,0.32899,-1,-0.57,0.0,0,0,0.0,1.046,-0.277,0.232,-0.897,1.117,-1,-1,-1.074,0.521,-0.796,-0.598,-0.644,-0.623,-1,0.658,-0.786,0.0,0
1,1,0.0,0.461,0.037,0.79074,0.02543,0.78575,0.023,0.467,0.13,0.67801,0.26,0.521,0.104,0.74695,0.056,0.977,-0.051,0.715,0.0,0.70021,0.092,0.89,0.076,0.804,0.15445,0.89,0.141,0.585,0.17539,0.59759,0.215,0.426,0.15114
0,0.642,0,1,-1,0,0.0,0.818,-0.99265,0.612,0.719,-0.368,-1.157,0,0,0,0,0.987,-0.77206,1.069,-0.49,0.0,0.0,0.243,-1.165,-1.4,-1.237,-1,-1.245,1.335,-0.734,0.541,-0.69,0.0,0.0
1,1,0.0,1.37,0.021,0.96215,-0.03142,1.011,-0.039,1,-0.049,0.555,-0.07092,0.99173,-0.116,1.267,-0.157,0.568,-0.153,1.14,-0.11813,1.237,-0.223,1.077,-0.183,1.031,-0.173,0.96490,-0.191,1.063,-0.17123,0.52,-0.289,0.87011,-0.23296
0,0,0.0,0.0,0.0,0,0.0,0.0,0.0,0,0.0,0,0.0,0.0,0.0,0.0,0.0,0,0.0,0.0,0.0,0.0,0,0.0,0,0.0,0,1,-0.72,0.0,0.0,0,0.0,0.0,0
1,1,0.0,0.95704,-0.126,0.63318,-0.064,0.784,-0.114,0.97026,0.08460,1.1,-0.01124,0.582,-0.186,1.096,-0.255,0.786,-0.284,0.88,-0.312,1,-0.379,0.93126,-0.39458,1.149,-0.258,0.88793,-0.219,1.0,-0.138,0.716,-0.225,0.69531,-0.291
0,0.502,0.0,0.28409,-0.408,0.0,0,0.576,-1.216,0.30682,0.678,0.688,0.06439,0.352,-0.84848,0.0,0.0,0.83,-0.312,0.4,-0.541,0.0,0,0.0,0,0.126,0.17803,0.673,-0.349,0.06061,-0.48485,0.2,-0.70076,0.0,0.0
1,1,0.0,0.94490,-0.49311,1.275,-0.046,0.98898,-1.286,0.90083,0.511,1.355,-0.10104,0.963,-0.141,1.146,-0.122,1,-0.206,0.872,-0.271,1.493,-0.255,1.323,-0.176,0.802,-0.329,1,-0.33304,1.169,-0.198,1.315,-0.275,1,-0.44739
0,1,0,0.0,0,0,0.0,0.0,0,0.0,0,0.801,1.333,0,0.0,0.0,0.0,0.249,-0.71951,0.352,-0.918,0.0,0.0,0.0,0,0.0,0.0,1.205,0.059,0.0,0.0,0.0,0.0,0,0
1,1.081,0.0,0.99449,0.003,0.468,-0.11313,0.88237,-0.129,0.583,-0.06257,0.6,-0.07496,0.85221,0.033,0.594,-0.20848,0.93881,-0.107,1.068,-0.132,1.284,0.00075,0.911,-0.061,1.395,-0.178,0.832,-0.1,0.94294,-0.238,0.518,-0.33,1.072,-0.27794
0,1,0.0,0.06,0.128,0.0,0.0,0.0,0.0,0.703,0.615,0.31081,0.767,0.0,0.0,0,0.0,0.37162,-1,0.195,-1,0,0.0,0,0,-0.511,-1,1.001,-0.855,0.41,-0.351,0.0,0.0,0.0,0
1,0.69,0,1.16,-0.57224,0.85,-0.964,1.211,-0.97450,1.203,-0.381,1.455,-0.244,0.622,-0.501,1,-0.661,1,-1.015,0.951,-0.576,0.777,-0.59,0.514,-0.893,0.61946,-1.038,0.53777,-0.76,0.81020,-0.598,1.131,-1,0.30445,-0.76112
0,1.278,0.0,0.548,-0.407,0.0,0.0,0,0.0,1.131,0.62,0.833,-0.144,0.0,0.0,0.0,0.0,0.335,-0.22727,0.84091,-0.779,0.682,-1.045,0.0,0,0,0.0,0.949,-0.93939,-0.12879,-0.93182,0,0.0,0,0
1,1,0.0,1.19,0.19310,0.80920,0.449,0.67203,0.321,0.54559,0.571,0.494,0.81533,0.19617,0.85671,-0.024,0.973,-0.204,0.918,-0.34100,0.694,-0.401,0.37,-0.60230,0.40996,-0.665,0.331,-0.639,0.075,-0.769,-0.089,-0.503,-0.281,-0.363,-0.225
0,1,0.0,0.42000,-0.563,0.0,0,1.16,-0.574,0.90000,0.813,0.62,0.64000,0,0,0,0.0,0.67000,-0.24,1.069,-1,0.0,0.0,0.0,0.0,0.156,0.703,0.629,0.156,0.0,0.0,0.0,0,0.0,0.0
1,1,0.0,1,0.23395,0.91404,0.757,0.994,0.476,0.468,0.778,0.27639,0.974,0.075,0.919,-0.294,0.91404,-0.486,0.509,-0.677,0.64527,-0.947,0.44614,-1.055,0.174,-0.421,0.037,-0.71731,-0.11943,-0.64962,-0.223,-0.336,-0.609,-0.53,-0.477
0,1,0.0,0.687,0.81586,-0.5,1.134,-0.43,0.522,0.032,0.29730,-0.18599,-0.12,-0.025,-0.075,0.014,-0.04,0.01108,-0.005,0.00342,0.00097,0.00048,0.001,-0.0,0.00019,-0.0,0.0,-0.0,0.0,0.0,0.0,0,0.0,0.0,0
1,1,0.0,0.21429,-0.118,0.251,0.05,0.097,0.122,0.23810,0.14,0.469,0.029,0.30952,-0.04762,0.275,-0.04762,0.357,-0.1,0.418,0.04762,0.30952,0.0,0.304,-0.087,0.35714,-0.03,0.297,-0.019,0.27,0.0,0.149,-0.019,0.14694,-0.01877
0,1,0.0,0.806,-0.135,1.471,0.059,0.784,-0.022,0.626,0.01639,0.85246,-0.023,0.817,0.0,0.683,-0.221,0.19672,-0.142,0.476,-0.092,0.547,0.024,1,-0.388,0.31148,-0.193,0.52385,-0.264,0.32787,-0.03279,0.341,-0.304,0.49180,-0.06557
1,1.239,0.0,0.704,0.0,1.293,0.046,0.843,0.059,0.80000,0,0.99,0.05,0.416,0.058,1.153,0.09579,0.457,0.25455,0.441,0.16,0.37,0.174,0.516,0.178,1.1,0.22727,0.919,0.15088,0.67273,0.02727,0.634,0.16465,0.58840,0.17077
0,1.199,0.0,0.39286,0.526,-1.125,0.11342,-0.16628,-1.004,0.756,0.014,0.59,0.285,-0.67230,0.312,-0.283,-0.63668,0.299,0.165,0.54762,0.05952,-0.691,0.249,-0.691,-0.47594,0.411,0.617,0.51971,0.258,0.627,0.436,-0.558,-0.29915,0.268,-0.55837
1,1,0.0,1.174,-0.07111,1.257,-0.02494,1.153,-0.055,0.87778,0.00222,1.132,-0.079,1,-0.055,1.032,-0.12,0.648,0.028,0.471,-0.034,1.099,-0.066,1.463,-0.18667,1.257,0.049,0.594,-0.14162,0.71,-0.14667,1,-0.15,1.013,-0.44222
0,1,0.0,0.436,-0.12727,0.792,-0.14545,0.18182,-0.67273,0.34545,-0.031,0.219,-0.051,0.252,0.37,0.448,-0.41818,0.20000,-0.01818,0.36364,0.032,0.089,0.49091,0.729,0.186,0.247,0.209,0.473,-0.086,0.239,-0.037,0.093,-0.45,0.288,-0.228
1,1,0.0,1.264,-1.25,1.055,0.488,0.258,-0.066,0.378,0.0,1,-0.001,0.45283,0.07547,0.62264,-0.05660,1.351,-0.001,0.52830,0.0,0.415,0.042,0.95190,-0.001,1.058,0.443,1.004,-0.001,0.94340,-0.611,1.46,0.43396,0.304,-0.11321
0,1,0.0,0.596,0.899,-0.431,-0.29,0.33333,-0.191,0.45238,-0.159,-0.67285,0.128,0.33333,0.0,0.176,-0.064,-0.38214,0.274,0.346,0.032,0.377,0.04762,0.16667,-0.246,-0.57255,-0.053,0.241,-0.51079,0.965,0.0,-0.965,-0.044,0.149,0.02381
1,1,0.0,0.605,0.036,0.526,-0.131,0.21,0,0.311,-0.06250,0.352,0,0.196,0.118,0.54167,0.028,0.589,-0.22917,0.204,-0.143,0.47,0.047,0.31,0.149,0.39583,-0.18750,0.44012,-0.131,0.525,-0.086,0.58333,-0.164,0.28,-0.06250
0,1,0.0,0.814,0.591,0.0,0.0,0.0,0.0,0,0.0,0.605,-0.639,-0.51504,0.586,-0.86,0.28571,0.696,1.32,0.0,0.0,0.0,0.0,0.62030,0.20301,-1.211,-1,1,-1,1.345,1.107,0,0.0,0.0,0
1,1,0.0,1.398,0.086,0.93614,0.122,0.90996,0.123,0.84881,-0.482,0.90023,0.61320,0.897,0.34328,0.72254,0.37988,0.52,0.376,1.025,0.59862,0.53258,0.643,0.485,0.613,0.242,0.275,0.465,0.577,0.978,0.636,0.287,0.559,0.16,0.389
0,1.382,0.0,0.41,0.40332,0.615,1.134,1.112,0.926,0.592,-0.10984,1.011,0.051,0.95824,-1.118,0.769,0.582,0.95452,-0.05206,0.88673,0.218,0.613,-0.69594,1.127,-0.447,0.397,-0.311,0.752,0.17076,0.62958,0.42677,0.973,0.505,0.73,0.68822
1,1.4,0.0,0.638,0.10129,1,-0.01918,1.3,0.014,1.264,-0.122,1.356,-0.021,0.97980,-0.04,1,-0.043,1,-0.054,0.93840,0.017,0.97620,-0.096,0.861,-0.039,0.91567,-0.209,0.661,-0.06995,0.90978,0.011,1.245,-0.066,1.136,-0.044
0,1,0,0,0,-0.33672,0.85388,0,0.0,0.944,-1.042,0.93,0.364,-0.334,-0.69,-0.237,0.789,1.014,0.088,0.0,0.0,0.0,0.0,-0.18043,-0.996,0,0.0,1,-1,0.0,0.0,0.064,0.347,0.0,0.0
1,1,0.0,1.293,0.00876,1.12,0.007,0.98658,-0.007,0.97868,-0.031,1.294,-0.026,1,-0.016,0.578,-0.028,1.267,-0.01,0.98485,0.0,0.72,-0.038,1.143,-0.04744,1.383,-0.04527,0.99188,-0.032,0.85,-0.02478,1.377,-0.036,1.138,-0.04112
0,1,0.0,0.0,0.0,0.805,-0.22703,0.15,-0.05405,0.0,0.0,0.583,0.07297,1,-0.279,1,0.07027,0.972,-0.079,0.0,0.0,1.486,-0.259,1,-0.559,0.0,0,1.096,-0.17568,0.0,0,1.278,-0.298,0.146,-0.14
1,1,0,0.355,0.01403,0.23,-0.026,0.641,0.041,0.281,0.171,0.532,0.042,0.228,0.04878,0.29268,0.0,0.245,0,0.31707,0.061,0.344,0.065,0.23698,0.05,0.21951,0.079,0.137,0.028,0.17410,0.034,0.285,0.0,0.089,0.07317
0,1,0.0,0.676,0.872,1.323,-1,0,0,0,0.0,1.132,0.662,0.788,-1.009,1,1.493,1.087,-1.275,0,0.0,0.0,0.0,1,-0.27778,0.0,0,1.315,-1.355,1.361,1.103,1.165,-1.322,0,0.0
1,0.691,0.0,0.318,0.27,0.46939,0.271,0.40816,0.139,0.251,0.515,0.164,0.736,0.12245,0.55102,0,0.348,-0.06122,0.348,-0.20408,0.71,-0.261,0.394,-0.344,0.32653,-0.47,0.182,-0.546,0.184,-0.59184,0.227,-0.34694,0.0,-0.167,-0.24490
0,1,0,0.0,0.0,1.333,-1,0.0,0,0,0,1,1.482,1,-0.263,1,0.221,1.086,-1,0.0,0.0,0.0,0.0,1,1.473,0.0,0.0,0.624,-0.562,0.0,0.0,1.428,-1.102,0.0,0.0
1,1,0.0,0.89706,0.38235,0.675,0.539,0.999,0.431,0.45588,0.77941,0.136,0.525,-0.015,0.487,-0.112,0.602,-0.445,0.67647,-0.729,0.366,-0.908,0.38235,-0.86029,0.066,-1.104,-0.12500,-0.67925,-0.242,-0.662,-0.547,-0.44118,-0.299,-0.317,-0.365
0,1,0.0,-1.353,0.369,0.255,0.15033,-0.795,-1.033,-0.178,0.71242,-1.16,1,-0.598,0.362,-0.979,-0.02614,-0.84,-0.99,-0.766,-0.54248,-0.04575,-1.12,0.563,-0.94118,-1.389,-0.298,0.74385,0.09176,-1.203,0.05229,0.119,0.034,-0.256,-0.388
1,0.648,0.0,0.264,-0.095,0.288,0,0.231,-0.096,0.188,0.11667,0.56667,0.024,0.71667,0.087,0.471,-0.078,0.364,0.20000,0.246,-0.021,0.31667,0.167,1.024,0,0.195,0.13333,0.46214,0.034,0.332,0.032,0.301,0.032,0.41667,-0.05000
0,1,0,-0.281,0.23,-0.192,0.151,-0.194,-0.04444,0.08,-0.06879,0.05,0.021,-0.007,0.031,-0.014,-0.00166,-0.001,-0.00883,0.006,-0.00153,0.001,0.003,-0.002,0.001,-0.001,-0.00050,0.0,-0.001,0.00026,0.0,0,0.0,-0.0,0.00002
1,0.847,0,1,-0.314,0.906,0.274,0.64865,-0.24324,0.644,0.219,1.181,-0.363,0.302,0.0,0.501,-0.06,0.413,-0.153,0.512,-0.111,0.326,0.067,0.75676,0.11,0.24,-0.338,0.61031,-0.252,0.58478,-0.23027,0.72973,-0.59459,0.51351,-0.351
0,0.655,0.0,0.94531,-0.03516,-1.368,-0.346,-0.79,-0.01563,1.385,0.012,0.93359,-0.011,-1,0.209,-1.034,-0.003,0.566,-0.03516,0.92188,-0.02734,-0.99219,0.11719,-1.231,0.51,0.57,-0.006,0.573,0.13758,0.488,-0.097,-0.789,-0.199,-0.894,-0.46
1,1,0.0,1.412,0.02254,0.93757,-0.01,1.129,0.01214,1.369,-0.01734,0.699,0.004,0.923,-0.032,0.95260,-0.005,1.084,-0.031,0.99769,0.017,0.876,-0.033,1.063,-0.02370,1.353,-0.036,0.846,-0.014,1.138,0.01908,0.654,-0.03410,0.575,0.00809
0,1,0,1.42,-0.069,0.697,-1,0.323,-0.11111,0.38,-0.14,1.389,-0.365,0.16667,-0.134,1.467,-0.361,0.81,-0.38853,0.51,-0.42862,0.0,-0.25000,1.239,-0.583,1,-0.373,0.836,-0.534,1,-0.247,0.918,-0.63156,0.752,-0.423
1,0.537,0.0,0.253,-0.10345,0.314,-0.118,0.116,-0.066,0.07405,-0.05431,0.049,-0.03689,0.01707,-0.02383,0.009,-0.021,0.00281,-0.006,0.001,-0.007,-0.0,-0.003,-0.00028,-0.00166,-0.0,-0.001,-0.0,-0.0,-0.00018,-0.00024,-0.0,-0.0,-0.0,-0.0
0,1,0.0,0.62745,-0.059,0.72549,0.0,0.60784,-0.057,0.329,-0.11765,0.471,-0.082,0.432,-0.2,0.802,-0.141,0.54902,-0.162,0.61,-0.323,0.868,-0.19608,0.66667,-0.23529,0.236,-0.372,0.746,-0.31,0.594,-0.414,0.422,-0.155,0.47059,-0.27451
1,1,0.0,0.362,0.136,0.473,0.351,0.19036,0.172,0.099,0.121,0.011,0.14922,-0.02367,0.10188,-0.03685,0.077,-0.041,0.041,-0.021,0.01532,-0.014,0.00357,-0.01726,-0.004,-0.007,-0.006,-0.006,-0.008,-0.003,-0.004,-0.001,-0.00408,0.0,-0.00291
0,1.488,0.0,-0.887,0.135,0.06250,0.0,0.0,0.036,0.645,0.032,0.18750,0,-0.042,0.137,0.06250,0,0.09,-0.158,0.445,-0.297,0.0,-0.134,0.0,0.0,0.03125,-0.46875,0.027,0,-0.69,0.03125,-0.03125,0,0.0,0.115
1,1.232,0.0,0.943,-0.012,0.867,-0.02,0.998,-0.038,1.211,-0.01622,0.98919,-0.032,0.98919,0.08649,1,-0.075,0.565,0.09189,1.075,-0.003,1,0.074,1,0.036,0.97838,0.062,1.22,0.01251,0.702,-0.024,1.18,0.02,0.783,-0.07027
0,0.559,0,0.85271,0.038,1.352,0.08069,1.233,1,0.967,-0.006,1.222,0.049,0.606,0.27153,0.589,1.226,0.81395,0.032,1.239,0.061,1,0.31,0.692,-1.28,1.038,0.03876,1.089,0.756,0.546,0.055,1.161,0.87317,1,1
1,0.965,0.0,0.90374,-0.021,1.079,0.08021,0.968,0.009,0.814,0.007,0.93583,-0.012,1.22,0.0,1.453,0.057,1,0.061,0.521,0.04278,0.773,0.02,0.668,-0.01604,0.96257,0.05348,0.891,0.04452,0.47,0.009,0.558,0.076,0.97861,0.06417
0,1.262,0.0,-0.20500,0.28750,0.122,0.134,0.28250,0.394,0.291,0.35000,0.339,-0.436,0.09250,0.307,-0.09500,0.21000,-0.07,0.235,-0.23,0.31408,-0.299,-0.046,0.422,0.375,-0.81,-0.312,0.182,-0.28475,-0.345,0.268,-0.27104,-0.432,0.346,0.03050
1,1.347,0.0,0.60000,0.03333,0.63333,0.09,0.96,0.06667,0.70000,0.0,0.63333,0.0,0.772,0.0,0.73333,0.0,0.502,0.059,0.459,0.107,0.885,-0.03333,0.849,0.0,0.816,0.176,0.65932,0.10168,0.616,0.07,0.389,0.168,0.57,0.16667
0,1.459,0.0,0.037,-0.01,0.053,0.011,0,-0.015,0.006,-0.025,0.018,-0.049,-0.00559,0.05307,0.065,-0.044,0.0,0.139,-0.079,0.104,-0.04749,0.02514,0.026,-0.00559,0.005,0.00559,0.10335,-0.00838,0.028,-0.003,0.046,0.0,0.04749,-0.03352
1,1,0.0,0.702,0.15,1.007,0.877,0.47564,0.82455,0.017,0.89109,-0.221,1.098,-0.512,0.56079,-0.653,0.501,-0.66455,0.07,-0.677,-0.19525,-0.545,-0.331,-0.435,-0.806,-0.04119,-0.64792,0.16085,-0.472,0.229,-0.276,0.637,-0.159,0.50376,-0.037
0,1,0,0.033,0.016,-0.034,0.06,0.01437,0.063,-0.07759,0.006,0.01724,-0.06609,-0.025,0.028,-0.111,-0.037,-0.077,0.052,-0.04023,0.054,0.025,0.02299,-0.039,-0.01149,0.028,-0.00862,0.006,0.021,0.02586,0.007,0.022,0.006,-0.06,-0.008
1,0.757,0.0,0.83,-0.01,0.856,0.01084,0.454,0.00197,0.58,0.014,0.913,-0.013,1.197,0.035,1.053,0.01675,0.80099,-0.009,0.788,-0.043,0.75961,0.03350,0.867,0.057,0.734,-0.014,0.421,0.008,0.74089,-0.064,0.82956,0.02956,0.79015,0.00788
0,1,0,0.034,0.037,0.005,0.0,0.017,-0.01997,0.031,-0.04993,-0.063,-0.009,0.01427,-0.02282,0.0,-0.018,-0.04708,-0.034,-0.013,0.021,0.02,0.004,0.038,-0.02282,0.069,0.014,0.03994,0.019,0.01997,0.007,-0.033,-0.026,-0.01427,0.021
1,1,0.0,0.631,0.158,0.42328,0.368,0.25661,0.337,0.016,0.347,-0.02116,0.524,-0.419,0.218,-0.31,0.32540,-0.569,0.061,-0.671,-0.11640,-0.14815,-0.14550,-0.119,-0.31,-0.145,0.004,0.053,-0.161,0.15873,-0.138,0.24868,-0.273,0.342,0.04233
0,1,0.0,0.1,0.00686,0.081,-0.04119,0.10526,-0.05,0.067,-0.06178,0.299,-0.008,0.12357,0.114,0.14645,-0.112,0.16,-0.042,0.274,0.088,0.143,0.0,0.116,-0.002,0.123,-0.054,0.08467,0.01373,0.11213,-0.044,0.103,-0.103,0.11670,-0.046
1,1,0,1.394,0.507,0.564,0.545,0.176,0.77514,-0.608,0.64899,-0.521,0.628,-0.76051,0,-0.73,-0.343,-0.49,-0.474,-0.12797,-0.842,0.565,-0.841,0.483,-0.189,0.73857,-0.075,0.60098,0.201,0.45521,0.60512,0.022,0.437,-0.218,0.44
0,0.768,0.0,0.01975,0.009,0.051,-0.01,0.028,0.008,0.007,0.023,0.00282,0.002,0.019,-0.027,-0.014,0.06065,-0.038,0.017,-0.022,-0.005,0.059,-0.017,0.01834,0,0,-0.012,0.01834,-0.015,0.00564,-0.01551,-0.01693,-0.023,0.00705,0.0
1,1,0.0,0.535,0.00075,0.452,-0.061,0.804,-0.06,0.989,0.056,0.86258,0.081,0.681,-0.055,0.436,0.03510,0.83719,-0.075,0.83570,-0.175,0.88125,0.018,0.532,0.019,1.062,-0.021,0.441,-0.03678,1.233,-0.06423,1.104,-0.01942,0.619,-0.09186
0,1.001,0.0,0.562,-0.74,1.201,1,-1.03,1.188,0.637,-1.457,1,-0.711,-0.543,-1,-1.283,1,0.664,0.767,1.486,0.731,-0.746,0.589,1,-0.95,1.438,-1,1,1.235,1.104,0.646,-1,1,-1,1
1,0.648,0.0,0.85209,0.39252,0.54,0.655,0.129,1.18,-0.548,0.515,-0.76229,0.619,-0.99,0.064,-1.159,-0.31044,-0.766,-0.55262,-0.261,-0.86063,0.208,-0.80496,0.64649,-0.199,0.537,-0.23324,0.71698,0.136,0.37830,0.743,0.258,0.798,-0.151,0.555
0,1,0.0,0.833,1.126,0.989,0.51250,0.597,-1,0.62,0.59,0.019,0.025,1.169,0.513,0.0,0.0,1.464,-1,1,1,0.673,1.05,0.26,1.463,1,1,0.694,0.723,1.131,0.974,-0.94375,0.648,0,0
1,0.792,0.0,1,0.374,0.531,1.278,0.018,1,-0.408,1.039,-1.162,0.58824,-0.645,0.128,-0.96078,-0.33333,-0.377,-0.77,-0.306,-0.86275,0.454,-1,0.428,-0.898,0.92157,-0.21569,1.251,0.21876,0.564,0.56863,0.192,0.594,-0.1,1.244
0,1.116,0.0,0.0,0,-0.847,-0.967,-1,1.16,0,0.0,-1,1,1.181,0.684,1.247,-1.397,0,0.0,0.0,0.0,-0.629,-0.744,-0.923,1,0.713,0.462,0.525,-1,0,0.0,-1,-1.343,-1.272,1
1,1,0,0.633,0.652,0.433,1.321,-0.227,1,-0.425,0.88889,-1,0.33333,-0.54,-0.11111,-1,-0.132,-0.397,-0.644,0.575,-1.422,-0.304,-0.826,0.509,-0.298,0.191,0.0,0.92120,0.355,0.57454,0.957,0.22222,0.79,-0.388,0.981
0,0,0.0,0.0,0,0.0,0.0,0.0,0.0,0,0.0,0.0,0.0,0.0,0,0.0,0.0,0,0.0,0,0.0,0.0,0,0.0,0.0,0,0.0,1,0.0,0.0,0.0,0.0,0.0,0,0
1,1,0,0.918,0.0,0.697,0.0,0.582,0.391,0.75000,0.0,0.91201,0.12094,0.745,0.172,0.86922,0.16228,0.75000,0.157,0.868,0.467,0.941,0.0,0.879,-0.26,0.445,0.50000,0.777,0.387,0.564,0.162,0.69635,0.235,0.736,0.30293
0,0,0.0,-1,0.51,1,1.348,0.0,0,0.687,-0.733,1,-1.386,1.389,-1,-0.806,-0.537,0,0,-0.73,-1.301,0.0,0.0,0.0,0.0,-1,-1,1.471,-1.314,0.727,0.955,-1.347,-1.141,0,0.0
1,1,0.0,0.524,0.0,1.239,0.0,0.652,0.11,1,-0.11111,0.466,-0.11111,1,-0.247,1.074,0.0,1.115,0.0,1,-0.11111,0.93,-0.139,0.997,-0.152,0.66667,0.0,0.62,-0.05352,1,0.164,0.928,-0.11111,0.717,0.0
0,0.0,0.0,0.0,0.0,0.0,0.0,0,0.0,0.0,0.0,0.0,0,-1,-1.28,0,0.0,1,0.75000,0,0.0,0,0.0,-1,0.647,0.0,0.0,1.054,-1.134,-1,-1,1.315,1.297,0.0,0.0
1,1,0.0,0.553,0.36,1,-0.616,1,0.081,0.52,-0.09091,1.013,0.0,0.572,-0.146,1,-0.18182,1,0.09091,1.229,0.0,1.463,-0.272,1.351,0.094,0.878,-0.092,1.257,-0.028,0.602,0.45455,0.864,-0.27273,1,-0.259
0,1,0.0,0.469,-0.611,0.0,0,0.0,0,0.26,0.326,0.53,0.433,-0.103,0.51894,0.216,0.31439,-0.466,0.448,0.18,-0.108,0.024,-0.53409,-0.485,0.17803,0.291,-0.27273,0.297,-0.679,0.497,0.229,0.18182,-0.02273,0.17045,-0.412
1,1,0,1,0.062,1.058,0.29,0.686,0.266,0.769,0.036,1.055,0.301,0.541,0.11765,1.089,0.606,1.366,-0.036,1,-0.145,1,0.277,0.785,0.505,1.46,-0.11765,1,0.14,0.589,0.05882,1,0.446,1.352,0.23529
0,0.701,0.0,0.0,0.0,-0.798,-0.62766,1.079,0.51064,0.045,-0.215,-0.965,-0.456,0.078,-0.59043,1,-1,0,0,0.691,-0.07979,-0.169,0.755,0.152,-0.70745,0,0.0,-0.107,-0.378,-0.216,-0.655,1.082,0.484,-0.377,0.45745
1,1,0.0,1.292,0.329,0.83333,-0.156,0.951,0.226,0.875,-0.08333,1.193,0.024,0.83333,0.12500,0.79,0.0,0.87500,0.04167,0.622,0.047,0.66667,-0.071,0.915,0.21,1.104,-0.105,0.83796,0.04,1.447,0.258,0.70833,0.0,0.376,0.04167
0,1,0.0,0.18590,-0.201,0.0,0.0,0.0,0.0,0.0,0.0,0.0,0.0,0.11538,-0.204,0.0,0.0,0.0,0,0,0.0,0.0,0,-0.065,-0.06571,0.106,0.087,0.175,-0.10897,0.171,0.124,0.02564,-0.04808,0.222,0.19551
1,1,0.0,1.006,-0.104,1,-0.11326,0.913,-0.29802,1.377,-0.486,0.612,-0.34281,1.161,-0.689,0.572,-0.378,0.892,-0.858,0.433,-0.63544,0.82450,-0.848,0.58829,-0.74785,0.401,-0.62,0.383,-0.85669,0.354,-1.016,0.24117,-0.921,0.382,-1.098
0,1,0,0.705,1,-1.039,1.382,-0.965,-0.949,0.384,0.274,0.615,0.073,0.274,0.05702,0.458,0.216,1.026,-0.052,0.22807,0.399,0.0,0,-0.266,-0.12,1.035,-0.66667,0.658,-1,1,-0.24561,0.183,0.217,1.15,0.07895
1,1,0.0,0.812,0.201,1.217,0.00369,0.842,-0.441,0.598,-0.23486,0.70643,-0.3,0.761,-0.427,0.932,-0.291,0.647,-0.331,0.40473,-0.335,0.61041,-0.39328,0.332,-0.273,0.145,-0.52142,0.188,-0.48390,0.144,-0.39143,0.209,-0.51329,0.126,-0.322
0,0.0,0.0,-1,0.948,1.147,-1,0,0.0,0,0,1.323,-0.959,1.454,1,0,0.0,1,-1.237,0.0,0,0.0,0.0,0.757,1.37,-1.291,1.074,1.305,-1,-1.3,0.54,-1.282,-0.568,0.0,0
1,1.249,0.0,1.11,-0.19448,1.186,-0.17674,0.87024,-0.262,1.125,-0.27070,0.458,-0.375,0.544,-0.49639,0.497,-0.538,0.371,-0.896,0.288,-0.651,0.40506,-0.54172,0.306,-0.86,0.083,-0.6,0.09312,-0.859,-0.054,-0.464,-0.01840,-0.54074,-0.07457,-0.548
0,1,0,-0.701,-1.334,-0.452,1.228,0.803,-0.841,1.103,0.53819,0.0,0.0,0.321,-0.625,1.12,0.72,0,0.0,1,0.638,0.694,1.395,0,0,-0.71528,1,0.385,-0.506,1,-1,0.493,-0.955,0.357,1.278
1,1.486,0.0,1.006,0.303,0.304,0.618,0.067,0.93460,-0.197,1.272,-0.419,0.61181,-0.93882,0.213,-0.686,-0.171,-0.62869,-0.582,-0.353,-0.85654,0.16245,-0.86498,0.51477,-0.821,0.74895,-0.155,0.77937,0.044,0.737,0.42827,0.336,0.914,-0.002,0.458
0,0.676,0.0,1.282,1.132,0,0,1.216,-0.867,-0.707,-0.788,0.845,0.828,1,-1,0.0,0.0,0.872,-1,1,1.103,0,0.0,1.165,-1.275,-1,-1,0.814,1.087,-0.662,1,-1,1.478,0.0,0.0
1,1,0.0,1,0.439,1.205,1,0.884,0.681,-0.304,1,-0.683,1.323,0.0,1.322,-1.315,1,-1,0.0,-1.107,-0.421,-1,-1.192,-0.915,-0.256,-0.321,-0.918,0.19235,-1,1,-0.878,0.0,-0.537,1,-0.829
0,0,0.0,-0.622,1.173,-0.827,-0.556,0.0,0.0,-0.783,1.494,1.333,-1,-1,-0.774,-1,0.536,0.0,0,-1,-1.102,-1,0.624,0,0.0,1.428,-1.086,0.809,0.682,0.972,-1.234,1.235,1,0,0
1,1,0.0,0.731,0.04,1.037,0.14211,1,0.13,1,-0.089,1.457,0.39495,1.188,0.628,1,0.381,-0.37500,0.767,1,0,0.95,1.105,1.486,0.543,1.438,1,1,1.001,1.03,0.159,1.104,0.664,0.562,0.59
0,0.0,0,-0.566,-1,0,0.0,0,0,0.0,0.0,0,0.0,0.0,0,1.16,-0.855,0,0.0,-0.746,-1.346,0.0,0,1.15,1.389,0.648,-1.349,1,-0.598,0.0,0.0,0.0,0.0,0.0,0
1,1,0.0,0.679,-0.083,0.58264,-0.195,-0.13129,-0.178,0.29796,0.05,0.306,-0.26339,0.286,-0.231,0.051,-0.158,0.136,-0.29441,0.105,-0.149,0.111,-0.461,0.063,-0.209,0.03004,-0.148,-0.00046,-0.125,-0.038,-0.21129,-0.031,-0.18950,0.01336,-0.265
0,1,0.0,0.0,0,0.0,0.0,0.0,0.0,0,0,1.123,-0.33333,0.142,0.26042,0,0.0,0.0,0.0,0.0,0.0,-0.19792,-0.185,-0.139,1.159,-1.091,0.651,0.054,0.75000,-0.284,-1,-0.176,-0.328,-0.19792,-0.651
1,1,0,0.589,0.042,1.174,0.069,0.716,0.077,1.286,-0.26496,0.823,0.387,0.80426,0.282,0.747,0.368,0.42,0.365,0.59615,0.309,0.592,0.269,0.45582,0.398,0.39023,0.23,0.374,0.18,0.159,0.23568,0.217,0.21378,0.18086,0.19083
0,1,0.0,1.034,-0.101,-0.574,-1,-0.829,-1,1,0.324,0.484,0.884,-0.699,-0.713,-1.443,1,0.312,1,1,1.456,0.409,-1,-1,-0.655,1.134,0.536,1,0.54,1.274,0.401,-0.805,-0.369,-1.339,0.72831
1,0.532,0.0,0.919,-0.002,0.60761,0.43204,0.92314,-0.324,1.088,0.25,0.648,0.075,1.039,0.08172,1.106,0.05097,0.668,-0.25324,0.87379,-0.14482,1.02,0.345,1.063,-0.03641,0.781,-0.023,0.598,-0.033,1.018,0.106,0.78317,-0.077,0.755,-0.14725
0,1,0.0,1,-0.879,1.341,1.42,1.09,0.752,0.836,-0.627,1,0.6,1.165,1.467,1.419,1,0,0.0,0.697,1,0.89,1.04,1,-1,0.936,1.051,1,0.62500,1,-0.868,-0.587,0.628,0.646,0.81
1,1.301,0.0,0.955,0.222,1,-0.78509,1,-0.067,1.347,0.106,1.207,0.27820,1.363,-0.06861,1,0.037,0.95802,-0.097,0.673,-0.195,0.97400,0.03,0.99624,0.105,1.239,-0.009,1.265,-0.064,0.668,0.057,1,-0.074,0.96523,-0.11
0,1.239,0.0,0.269,-1.495,-1.381,-1.196,-0.103,1.044,1,0.95041,0.74,-0.438,-1,-1.084,-0.118,1,0.476,0.662,0.31755,-0.144,-0.101,-0.289,-0.11976,0.06895,0.03021,0.046,0.032,-0.01186,-0.006,-0.01672,-0.005,0.001,0.0,0.00325
1,1,0.0,0.79847,0.42,1.077,-0.112,1,-0.047,0.716,-0.07398,0.927,0.20663,0.654,0.02105,1.035,0.03,1.315,-0.092,0.95663,0.071,1.134,0.001,1.003,0.30804,0.647,-0.118,1,-0.006,0.968,0.103,1.015,-0.188,1,-0.05740
0,0.0,0,0.0,0.0,0.0,0.0,0,0,0.0,0,0.0,0.0,1.355,1,0.644,1,0.746,-1.229,0.0,0,0.793,1.463,0.574,-1.199,1.351,0.572,0.719,0,0.878,1.017,1,-1.45,0,0
1,1,0.0,1,-0.327,0.96,-0.25346,0.94623,-0.258,1.488,-0.384,0.801,-0.49057,0.998,-0.333,1.03,-0.804,0.69748,-0.547,0.502,-0.499,0.871,-0.535,0.54465,-0.59,0.296,-0.865,0.207,-0.753,0.156,-0.902,0.16604,-0.73145,0.13994,-0.70000
0,0.769,0,0,0.0,0.0,0,0.0,0.0,-0.588,-1.058,0.0,0,1.089,-1.264,0.0,0,-0.606,-1,-0.998,-1,1.238,-1.226,-0.739,-1.352,1.287,0.541,-1.366,-0.20000,1,-0.647,0,1.134,0.0,0
1,0.833,0,0.755,0.051,0.95455,-0.115,0.77273,0.0,0.785,0.0,0.924,0.0,0.614,0.036,0.487,-0.066,0.569,0,0.686,0,0.86364,0.09091,0.542,0.051,0.814,0.049,0.91541,0.028,0.835,0.061,0.86364,-0.09091,0.697,0.04545
0,0,0,0.0,0.0,-0.918,1.396,1.41,0.674,-1,-1,0.0,0,-1.0,-1,-0.934,-0.31250,-1,-0.84,1.22,-1,1,-1.262,0.0,0.0,0.734,-1,-1.301,-1.343,0.0,0.0,0.855,-1.24,0.0,0.0
1,1.347,0.0,0.91176,-0.08824,1.306,0.14,0.795,0.079,0.91176,-0.031,0.669,-0.17647,0.97059,0.091,1.136,0.03,1.076,0.0,0.902,0.0,0.439,0.096,1.112,0.015,0.85294,0.033,0.92663,0.029,0.94118,-0.076,0.97059,0.05882,0.91176,0.035
0,1,0,-1.036,1,-1,0.096,0.28354,1,-1,1.412,-1.289,-1.211,1.308,0.933,-0.623,-0.23476,0.28301,-0.786,1.006,1,-0.414,-1.267,-0.644,-1,0.92,-1.083,-0.598,-0.049,1.221,-1.372,-1.468,-0.205,0.197,0.786
1,1.039,0.0,0.509,-0.138,0.551,0.023,0.83155,0.038,0.788,-0.033,0.758,0.0,0.416,0.052,0.78315,0.05756,0.84211,0.457,1.3,0.05263,0.538,0.07631,0.605,0.08141,0.375,0.253,0.684,0.08968,0.52632,-0.258,0.60150,0.134,0.797,0.09719
0,1,0.0,-0.00641,-0.5,0.0,0.0,-0.016,1.049,0,0.0,0.0,0.0,0.0,0.0,0,0.0,0,0.0,0.353,0.777,-0.35256,0.495,-0.34615,-0.489,0.0,0.0,-0.61538,-0.33,0.0,0.0,0.0,0,0.0,0
1,1.237,0.0,1,0.436,0.568,0.54545,0.879,0.63636,0.757,-0.132,1.291,0.0,0.852,-0.369,0.63636,0.258,1,-0.559,1.124,-0.34,1.246,-0.45455,1.165,0.042,1.305,-0.067,1.237,0.08867,1.323,0.36364,1,0.827,0.72727,0.27273
0,0,0,-0.913,-1,1,-1.077,-1.296,1,0.0,0.0,1.147,-0.785,0.943,-0.56,0.0,0.0,0.0,0.0,0,0.0,-1,1.267,0.774,-1,-1.282,0.845,1.066,1.23,0.0,0,0.578,0.5,0.0,0
1,1,0.0,0.442,0.09091,0.849,0.127,0.174,0.25,0.63636,0.0,0.36364,-0.046,0.581,-0.076,0.607,-0.013,0.398,-0.126,0.398,0.0,0.36364,-0.112,0.305,0.146,0.36364,-0.09091,0.398,-0.01768,0.27273,0,0.36364,0.0,0.389,-0.014
0,1,0.0,-1.195,-0.59677,0,0,-1.228,0.64516,-0.87097,1.068,0.0,0.0,0,0.0,0,0.0,0.0,0.0,0.0,0,-0.892,-0.887,0.0,0.0,0.182,0.256,0.812,0.725,0,0.0,0.0,0.0,0.0,0
1,1.478,0,0.828,0.097,0.707,0.603,0.662,0.563,1.103,-0.115,1.093,-0.14286,0.763,0.022,0.66,0,0.215,-0.14286,1,0.03617,1.169,-0.28571,1,0.0,0.28571,-0.366,1,0.049,1.087,0.027,0.55,0.465,0.867,0
0,0,0,1.323,0.963,1,-1,1,0.628,0.631,1.361,0.691,1,0.537,-1.165,1.323,0.768,0.915,-1,1.146,-1,1.132,0.918,1,1,1.205,-0.912,1.493,1.244,1,0.878,1.355,1.315,1.107,1.322
1,1.428,0.0,1.282,0.605,0.719,0.513,0.10380,0.51,-0.38033,0.87916,-0.505,0.58226,-1.015,0.16731,-0.458,-0.373,-0.59383,-0.349,-0.356,-0.671,0.147,-0.536,0.501,-0.71,0.855,-0.24843,0.69097,0.10484,0.437,0.432,0.25974,0.664,-0.06739,0.445
0,0.0,0.0,1.283,-1,0.622,1,1.438,-0.543,0.637,1.457,1,-0.896,0.562,-1,1.4,-1,0.767,0.95,1.001,0.682,1,1.201,1,-0.59,0.588,1,1.037,1,1.104,1,1.03,0.589,0.646,-1
1,1,0,1.144,0.056,0.89266,0.105,0.86098,0.275,0.89,0.434,1.198,0.256,0.76221,0.235,0.431,0.358,0.44,0.309,0.619,0.52180,0.48435,0.647,0.42546,0.315,0.33340,0.55274,0.26978,0.712,0.284,0.662,0.122,0.631,0.086,0.627
0,0,0.0,0.831,1.455,1,-1,1,-1,1.169,0.804,0,0.0,1,-0.69,0.0,0.0,0,0.0,0.0,0.0,-0.955,1,1.464,1.05,0,0.0,0.974,0.857,0,0.0,-1.131,-0.673,0.0,0.0
1,1,0,1.158,0.116,0.742,0.25359,0.896,0.269,0.79039,0.47127,0.72352,0.395,0.84,0.845,0.571,0.475,0.346,0.82742,0.36,0.586,0.085,0.85615,0.005,1.136,-0.07,0.79780,-0.273,0.78004,-0.283,0.985,-0.198,0.525,-0.369,0.55835
0,0.0,0.0,1,-0.708,-1.343,1.116,-0.705,1,0.967,0.582,1,1,-1.091,-1.137,-1,-0.813,1.128,1.055,1.013,-0.589,-0.684,-1,-1,-1,0.629,0.0,1,-1,1.272,-1.397,-0.525,0.847,-1.347,1
1,0.699,0.0,0.935,0.071,0.73061,0.24323,0.64615,0.194,0.36923,0.649,0.508,0.267,0.25000,0.453,0.267,0.37115,0.223,0.309,-0.091,0.717,-0.05,0.42885,-0.08856,0.368,-0.14943,0.40006,-0.131,0.34976,-0.157,0.21,-0.215,0.247,-0.178,0.426
0,0,0.0,0.594,-1,1,1.394,1,-1.274,1,1.416,0.789,-0.831,1.042,0.532,0.685,-0.894,0.923,-1.033,0.965,1,1,1.319,1.456,-1,1.207,-1,0.981,-1.422,0.807,1,1.202,-0.673,1.134,1
1,0.879,0.0,0.97467,0.13082,1.336,0.20036,1.028,0.376,1.305,0.344,1.268,0.607,0.566,0.338,0.566,0.523,0.44,0.614,0.368,0.70398,0.46,0.743,0.35289,1.073,0.26832,0.549,0.16813,0.735,0.07497,0.80439,-0.02962,0.975,-0.062,0.74242
0,0,0.0,0.0,0,0.727,1.389,0,0.0,1,0.935,0.0,0.0,1.314,-0.836,0.0,0,0.0,0,0,0.0,0.0,0.0,0.0,0,0.0,0.0,0.559,-1,0.0,0,-1.301,0.641,0,0.0
1,1,0.0,1.323,0.113,0.86399,0.401,0.822,0.365,0.784,0.829,0.793,0.777,0.31,0.513,0.31705,0.964,0.19128,0.733,0.07,0.76171,-0.165,0.76969,-0.169,0.873,-0.29291,0.786,-0.38798,0.58553,-0.328,0.50131,-0.53146,0.425,-0.55,0.241
0,0.0,0.0,0.0,0,1,0.663,1,1,0.0,0,0.0,0.0,-0.524,-1,0.0,0.0,-1,-1.28,0.0,0.0,0.0,0.0,1.097,0.608,0,0.0,1,1,0.0,0.0,-0.729,0.647,0.0,0
1,1.351,0,0.665,0.38138,0.68,0.399,0.416,0.937,-0.091,0.806,-0.348,0.445,-0.936,0.364,-0.474,0.272,-0.78940,-0.108,-0.638,-0.166,-0.46637,-0.55605,-0.16449,-0.857,0.09562,-0.893,0.30406,-0.348,0.518,-0.29838,0.47029,-0.107,0.314,0.12556
0,0,0.0,1,-1,1.273,1,1,1.153,0.754,0.702,1,0.52,0.989,-1,0.793,0.864,1.36,0.842,1,-1,1.18,-1.257,1,-0.594,0.943,-1.099,1.365,0.867,1.151,-1.488,0.602,0.584,0.96,1
1,1,0.0,0.73523,-0.294,0.80151,0.127,0.78826,0.188,0.359,0.065,1,0.273,0.44,0.157,0.68798,0.32925,0.49672,0.135,0.64333,-0.038,0.57399,0.25,0.322,0.339,0.694,0.607,0.558,0.591,0.125,1,0.237,0.679,0.347,0.345
0,0.0,0.0,0.0,0.0,0,0,0.0,0,0.0,0.0,0.0,0.0,0.0,0,0.0,0.0,0.0,0,0,0,0,0,0.0,0.0,0.0,0.0,0.808,1,0.0,0.0,0.0,0.0,0,0.0
1,0.84,0,0.94649,0.01,0.517,-0.002,0.989,0.00372,0.513,0.021,1.224,0.045,0.893,0.044,1.223,0.026,0.94277,0.087,0.98551,-0.004,0.97770,0.04980,1.394,0.07098,1.236,0.109,0.95243,0.025,0.715,0.004,0.552,0.07061,0.855,-0.00260
0,0.0,0.0,1,1.382,-0.965,-1.107,-1,-1.26,0.0,0,0.0,0.0,-1,-1,0.0,0.0,0,0.0,0,0.0,-1,0.9,1.068,1,0.0,0.0,0.526,-1,0.0,0,-1.347,-1.41,-0.575,-0.717
1,1,0.0,0.471,-0.16900,0.98,0.01513,0.71063,0.023,0.824,0.016,0.272,0.035,0.444,0.04393,1.0,0.05058,0.426,0.075,0.803,-0.028,0.64503,0.06856,0.825,0.048,1.109,0.18065,0.59935,0.112,0.414,0.06760,0.352,0.117,0.551,0.073
0,1.108,0,0.825,1.035,0.91973,-0.76087,0.426,0.053,0.474,0.149,0.86789,0.73746,0.726,0.243,0.75920,0.13712,0.615,-0.353,0.70736,0.181,0.558,0.24582,0.447,1.006,1.074,-0.563,0.821,0.301,0.927,0.785,1,-0.09,0.651,0.23913
1,1,0.0,0.793,-0.069,1.31,-0.41,1.4,-1.255,0.80000,0.06111,0.45556,-0.571,1,-0.12581,1.031,-0.939,0.398,0.012,0.82222,-0.072,0.98215,-0.273,0.752,0.151,0.491,-0.278,0.561,-0.24549,0.659,0.02037,0.546,-0.18,1,-0.346
0,0.665,0.0,0.38521,0.182,0.435,0.07393,0.223,0.24125,0.23346,0.138,0.29,0.25292,0.316,0.36965,0.08949,0.267,-0.022,0.38,0.056,0.301,0.322,0.134,0.102,0.178,-0.021,0.368,-0.051,0.26256,-0.14786,0.114,-0.09339,0.284,-0.196,0.28794
1,1.431,0.0,0.546,-0.028,0.75198,-0.03,0.401,-0.01190,0.53968,0.03373,0.61706,0.068,0.51,-0.02,0.436,0.016,0.6,0.026,0.60317,0.013,0.375,-0.032,0.787,0.029,0.48,0.03968,0.859,-0.019,0.61706,-0.13492,0.654,-0.01389,0.364,-0.03175
0,1,0.0,0.06,-0.176,-0.04433,0.05911,0.087,-0.014,-0.01478,0.202,0.06404,0.0,0.156,-0.09852,0.072,0.0,0.016,-0.032,-0.12808,-0.273,0.101,0.014,0.06897,0.017,0.042,0.242,0.22,-0.04926,-0.046,-0.096,0.04433,0.059,0.07389,-0.056
1,1.237,0.0,0.559,0.10850,0.70694,-0.06935,0.70358,0.019,0.759,0.002,0.841,0.15772,0.626,-0.00224,0.79754,0.048,1.127,-0.144,0.589,-0.09060,0.555,-0.008,0.403,0.116,0.427,-0.074,0.816,-0.025,0.63311,0.04810,0.958,-0.045,0.942,-0.04698
0,1,0.0,0.25316,0.35949,0.0,0.0,-0.385,-1.137,0.0,0.0,0.107,-0.07342,0.0,0.0,0,0.0,0.0,0.0,0,0.0,0.007,0.89,-0.20000,0.246,-0.10380,0.375,0.05570,-0.514,0.0,0,0.069,-1.339,0.0,0
1,1,0.0,1.232,-0.006,0.89818,-0.016,0.94105,-0.018,0.89175,-0.12755,0.434,-0.131,0.904,0.01,1.135,-0.179,1.113,-0.042,1.232,-0.02358,0.459,-0.14577,0.82851,-0.12433,1.157,-0.13,0.663,-0.102,0.84352,-0.094,0.88424,-0.196,0.518,-0.192
0,1,0.0,0.575,-0.301,0,0.0,0.0,0.0,0.46458,0.51042,0.673,0.018,0,0.0,0,0,0.218,-0.626,0.59167,-0.144,0,0,0.0,0.0,1.148,-0.37,-1.463,-0.742,-0.174,-0.546,0.0,0.0,0.0,0
1,0.511,0.0,0.88853,0.023,0.888,0.01,0.698,0.012,0.591,-0.10223,0.667,-0.08428,0.93040,-0.014,0.6,-0.08918,0.885,-0.039,0.595,-0.057,0.693,-0.12126,0.509,-0.17,0.82980,-0.082,0.86453,-0.118,0.69,-0.066,0.83524,-0.12452,0.86786,-0.061
0,1,0,0,0.0,1,0.106,0.485,-0.026,0.0,0.0,1.139,-0.24,1,0.147,1.231,-0.034,1.051,-0.81556,0.0,0.0,1,-0.04000,1.019,-0.186,0.0,0.0,1.402,-1,0.0,0.0,0.806,0.064,0.90667,-0.09556
1,1.485,0.0,0.935,0.027,0.85143,-0.001,0.646,0.01,0.553,-0.051,0.87571,0.0,0.816,-0.06714,1.173,0.00286,0.685,-0.05429,0.852,-0.084,1.123,-0.054,0.84286,-0.05000,1.153,-0.102,0.672,-0.08669,1.148,-0.057,0.81429,-0.044,0.82143,-0.15143
0,0.649,0.0,0.0,0.0,0.0,0.0,0,0,0.0,0.0,0,0.0,-0.548,1.221,0.701,0.55172,0,0,0.0,0.0,0.0,0.0,0,0.0,0,0.0,0.781,0.661,0.0,0,0,0.0,0,0.0
1,1,0.0,0.593,0.026,0.43117,-0.079,0.756,-0.051,0.435,0.09610,0.516,0.059,0.728,-0.166,0.51688,-0.054,0.52727,-0.05974,0.55325,-0.012,0.479,-0.044,0.358,-0.014,0.442,0.0,0.53215,-0.03,0.245,0.03377,0.654,-0.036,0.58961,-0.08571
0,0,0,0.0,0.0,0.0,0,0.0,0,0.0,0,0.0,0,0.0,0.0,0,0,0.0,0,0.0,0.0,0.0,0.0,0.0,0.0,0,0.0,0.808,-1.011,0.0,0.0,0.0,0,0.0,0.0
1,1,0,1,0.323,0.962,0.28,0.354,1.474,0.142,0.91180,-0.126,0.80454,-0.464,0.359,-0.43820,0.37856,-0.384,0.137,-0.404,0.005,-0.219,-0.09025,-0.192,-0.174,-0.07782,-0.12744,-0.012,-0.129,0.015,-0.083,0.02224,-0.053,0.024,-0.015
0,0.546,0.0,0,0.0,0,0,1,1,-0.887,-1.367,0.0,0.0,0.791,-0.096,0.0,0.0,0.0,0.0,-1.337,0.748,1,1,1.331,-1,0.0,0.0,1.151,-1.248,0.0,0.0,0,0,0.507,1
1,1.285,0.0,0.824,0.427,0.816,0.402,0.31347,0.86625,-0.03933,0.90740,-0.215,0.79346,-0.70561,0.282,-0.682,0.317,-0.602,-0.064,-0.845,-0.541,-0.38334,-0.518,-0.13013,-0.70762,0.117,-0.736,0.379,-0.51568,0.668,-0.2,0.309,-0.084,0.344,0.16645
0,0.832,0,0.0,0.0,0,0.0,0.0,0.0,-0.881,0.851,0,0.0,1,0.232,-0.12000,-0.137,0,0.0,-1.091,-1,0,0.0,1.263,-1.376,0,0.0,1.208,0.12,0.0,0.0,0,0.0,0.0,0
1,1,0,1.3,0.628,0.521,0.426,0.23,0.489,-0.192,0.92544,-0.62526,0.764,-0.56,0.429,-0.657,-0.05338,-0.78,-0.303,-0.607,-0.463,-0.058,-0.438,0.137,-0.77570,0.55984,-0.513,0.908,-0.359,0.72478,0.071,0.58137,0.495,0.34749,0.57656
1,1,0.0,0.32834,0.02520,0.212,0.255,0.14,0.74003,-0.25706,0.959,-0.077,0.212,-0.61352,0.177,-0.964,-0.05409,-0.19,-0.147,-0.161,-0.576,-0.11409,-0.85597,0.017,-0.279,0.223,-0.068,0.262,-0.065,0.326,-0.11409,0.079,0.176,0.12197,0.291
1,1,0,0.95,0.39121,0.283,0.977,0.135,1.182,-0.33221,0.419,-0.483,0.59564,-1.018,0.259,-0.728,-0.24164,-0.381,-0.61894,-0.283,-0.815,0.18,-1.31,0.432,-0.72454,0.79143,-0.348,0.868,0.116,0.615,0.49079,0.37542,0.35,-0.028,0.729
1,1,0.0,0.543,-0.034,0.59085,0.004,0.526,-0.07461,0.331,0.00963,0.597,-0.043,0.823,0.077,0.62936,-0.101,0.872,0.07,0.67148,0,0.67,0.143,0.57,0.03,0.79,0.14079,0.597,0.02019,0.749,0.04452,0.588,-0.013,0.61372,-0.064
1,1,0.0,0.761,-0.023,1.036,0.025,0.9,0.159,0.79228,0.103,0.81434,0.576,0.63787,0.008,1.033,0.21691,0.746,0.06066,0.335,0.05147,0.687,0.035,0.329,-0.33,0.621,-0.15809,0.61727,0.04,0.463,0.08640,0.55916,0.098,0.349,0.155
1,0.577,0,0.61538,0.221,0.78157,0.01780,0.856,0.026,0.65077,-0.107,0.704,0.08000,0.496,0.047,0.386,0.05776,1.006,-0.052,0.736,0.16308,0.39,0.047,0.547,0.044,0.79,-0.07231,0.58803,0.104,0.373,0.262,0.611,0.119,0.688,0.09322
1,1.076,0,0.68317,0.05375,0.84803,0.002,0.596,0.002,0.84300,0.09901,0.827,0.047,1.131,0.008,1.092,0.004,0.611,-0.12447,0.886,-0.03536,1.063,0.00909,0.659,0.012,0.963,-0.04243,0.804,0.014,0.505,0.172,0.433,0.017,0.778,0.01227
1,1,0.0,0.701,0.0,0.316,0.102,0.49130,0.036,0.578,-0.03913,0.35652,-0.12609,0.45652,0.035,0.431,0.027,0.385,0.19565,0.555,0.14783,0.474,-0.014,0.192,-0.139,0.291,-0.013,0.479,0.068,0.519,0.049,0.35217,0.14783,0.44783,0.181
1,1,0.0,0.847,0.101,0.78129,0.15,0.71628,0.334,0.457,0.593,0.667,0.417,0.853,0.681,0.289,0.405,0.33354,0.413,0.29587,0.562,0.093,0.561,0.014,0.72236,-0.119,0.63183,-0.11925,0.60696,-0.18226,0.621,-0.2,0.524,-0.184,0.42467
1,1,0.0,1.333,0.09802,0.857,0.275,0.899,0.434,1.035,0.685,0.74977,0.499,0.509,0.72,0.683,0.74079,0.425,1.017,0.21137,0.425,0.127,1.034,-0.009,0.79870,-0.215,0.75596,-0.22839,1.021,-0.31713,0.734,-0.40291,0.491,-0.223,0.44534
1,1,0,1.175,0.13425,0.982,0.344,0.813,0.43388,0.819,0.633,0.416,0.916,0.513,0.76161,0.24266,0.79523,0.09134,0.451,-0.136,0.852,-0.184,0.779,-0.255,0.897,-0.345,0.528,-0.524,0.476,-0.608,0.376,-0.52823,0.114,-0.48808,0.05972
1,1,0.0,0.94631,0.157,0.90946,0.314,1.112,0.475,1.033,0.424,0.502,0.513,0.4,0.83614,0.313,0.619,0.206,0.954,-0.01,0.93109,-0.18880,0.701,-0.33023,1.149,-0.46534,0.66,-0.58563,0.514,-0.563,0.343,-0.75321,0.565,-0.473,0.26092
1,1,0.0,0.948,0.143,0.86090,0.468,0.686,0.45747,0.60425,0.884,0.471,0.979,0.346,0.847,0.123,0.469,0.002,0.85210,-0.131,0.943,-0.35996,0.76193,-0.628,0.65385,-0.53140,0.554,-0.695,0.247,-0.64511,0.295,-0.383,0.15,-0.713,0.05394
1,1.184,0.0,0.896,0.313,0.659,0.229,0.251,0.306,0.13,0.22273,0.13753,0.643,-0.07727,0.347,0.0,0.725,-0.27491,0.366,-0.56136,0.313,-0.36591,0.138,-0.414,0.092,-0.379,-0.03229,-0.457,-0.143,-0.27540,-0.169,-0.19962,-0.163,-0.11894,-0.27218
1,1.43,0,0.58940,-0.60927,0.916,0.507,1.003,0.037,0.56623,0.09,0.209,0.254,0.50331,0.156,0.765,0.233,0.933,0.42715,0.54305,0.13907,0.59,0.27815,0.68874,0.079,0.678,0.249,0.35,0.294,0.619,0.413,0.383,0.214,0.577,0.29942
1,1,0.0,0.565,0.059,0.467,-0.091,0.863,0.124,0.695,0.015,0.56167,-0.099,0.506,0.14,0.58634,0.029,0.53131,-0.035,0.835,0.16888,0.383,0.082,0.28,0.041,0.53321,0.304,0.687,0.122,0.19,0.32448,0.44141,0.18897,0.56167,0.15180
1,1,0,0.84843,0.093,1.085,-0.031,0.58,-0.038,0.66725,-0.06620,0.845,-0.106,0.67260,-0.045,0.747,-0.058,0.236,0.04530,0.529,0.012,0.598,-0.08039,0.386,-0.08453,0.47038,-0.156,0.48659,-0.053,0.491,-0.056,0.506,-0.06,0.527,-0.136
1,0.572,0.0,1.477,0.109,0.642,-0.00482,1.414,-0.00722,0.651,-0.03923,1,0.008,0.96186,-0.007,0.95947,-0.013,0.656,0.008,0.938,-0.077,0.917,-0.02364,0.474,-0.037,0.98164,0.013,0.93772,-0.03034,0.55,-0.078,1.322,-0.049,0.465,-0.03673
1,1,0.0,0.372,-0.09,0.335,-0.12371,0.97,-0.231,0.429,0.062,0.216,-0.21649,0.562,0.087,0.45361,-0.154,0.42268,0.047,0.499,-0.27320,0.406,0.18557,0.421,0.08247,0.70619,0.158,0.53396,-0.12447,0.163,-0.268,0.301,0.035,0.257,-0.587
1,1,0.0,0.668,-0.04388,1.118,0.042,0.474,0.36028,0.887,-0.006,0.525,0.08314,1.071,-0.289,0.504,0.54965,0.491,0.132,0.883,0.141,0.947,-0.25404,0.389,0.15359,0.64665,0.23095,0.68775,0.146,0.439,0.045,0.477,0.229,1.026,0.36721
1,1,0.0,0.466,-0.03596,0.61124,0.01348,0.533,0.018,0.389,0.02472,0.66742,-0.004,0.502,-0.056,0.66517,0.007,0.318,0.02472,0.64719,-0.07416,0.301,0.075,0.293,-0.023,0.302,0.04944,0.539,0.009,0.571,-0.049,0.515,0.075,0.906,-0.099
1,1,0,0.534,-0.006,0.799,-0.035,0.771,-0.068,0.767,0.046,0.369,0.09709,0.432,0.19,0.594,-0.01942,0.28,-0.039,0.666,-0.10032,0.963,0.201,0.452,0.297,0.704,-0.077,0.45105,0.00040,0.31392,-0.05,0.734,-0.10680,0.30421,-0.05178
1,1,0.0,0.55,0.09,0.77037,0.05,0.89,0.064,0.635,-0.006,0.79012,0.131,0.716,0.04938,0.62469,0.052,0.78272,-0.17531,0.572,-0.10864,0.716,0.008,0.749,0.084,0.66667,-0.167,0.716,-0.017,0.76543,0.016,0.728,-0.106,0.566,-0.04691
1,1,0.0,0.771,-0.031,0.632,0.04068,0.621,-0.04407,0.599,0.033,0.959,-0.099,0.475,-0.029,0.587,0.05,0.64068,0.151,0.637,-0.02373,0.397,0.00678,1.054,-0.034,0.52881,-0.03390,0.551,0.01,0.485,-0.004,0.58983,-0.023,0.50169,0.06780
1,1,0,0.49515,0.096,0.255,0.05825,0.34951,0.0,0.857,-0.019,0.328,0.028,0.33495,0.066,0.278,0.006,0.264,-0.10680,0.255,0.00485,0.414,0.05825,0.096,0.221,0.337,-0.201,0.36547,0.051,0.51,0.17476,0.228,0.0,0.256,-0.014
1,1,0.0,0.98822,0.016,0.882,0.34100,0.427,0.35222,0.41,0.327,0.73584,0.347,0.55076,0.591,0.43130,0.385,0.31800,0.999,0.28379,0.68873,0.082,0.374,0.07,0.529,-0.139,0.885,-0.16556,0.453,-0.226,0.305,-0.408,0.64,-0.376,0.481
1,1,0.0,0.97905,0.177,0.90112,0.401,0.984,0.56,0.524,0.757,0.829,0.614,0.307,0.83156,0.304,0.782,0.04700,0.85475,-0.12193,0.878,-0.223,0.598,-0.2,0.897,-0.51034,0.58324,-0.358,0.232,-0.61899,0.254,-0.65754,0.174,-0.565,0.037
1,1,0.0,1.466,0.21677,0.963,0.598,0.968,0.497,0.53312,0.913,0.36774,0.652,0.146,1.077,-0.035,0.89274,-0.361,0.72073,-0.43707,0.349,-0.352,0.516,-0.336,0.35534,-0.64658,0.146,-0.917,0.02277,-0.64872,-0.096,-0.55,-0.292,-0.306,-0.306
1,1,0,1.391,0.155,1.051,0.326,1.143,0.384,0.56687,0.70830,0.287,0.83230,0.14939,0.917,0.05167,0.964,-0.24742,0.83939,-0.233,0.567,-0.542,0.62563,-0.68,0.605,-0.363,0.447,-0.942,0.147,-0.973,-0.023,-0.75199,-0.207,-0.932,-0.216
1,0.5,0.0,1.169,0.194,0.80486,0.447,0.58167,0.679,0.34961,1.185,0.076,0.90403,-0.20015,1.29,-0.468,0.412,-0.312,0.581,-1.014,0.40368,-0.81262,0.197,-0.889,-0.057,-0.885,-0.26883,-0.63237,-0.46438,-0.582,-0.564,-0.312,-0.70835,-0.118,-0.373
1,0.952,0.0,0.688,0.35157,0.67333,0.907,0.305,0.821,-0.03643,0.701,-0.26,0.925,-0.25137,0.519,-0.57377,0.324,-0.647,0.101,-0.408,-0.082,-0.424,-0.06011,-0.429,-0.47592,-0.082,-0.529,0.07158,-0.366,0.24321,-0.248,0.438,-0.30057,0.42805,0.13
1,0.568,0.0,0.168,0.094,0.23308,0.165,0.05,0.292,0.159,0.353,0.064,0.21303,-0.054,0.091,-0.06333,0.081,-0.06328,0.059,-0.041,0.008,-0.04166,-0.003,-0.02876,-0.01176,-0.01755,-0.022,-0.013,-0.009,-0.00280,-0.01,0.001,-0.00948,0.002,-0.00647
1,0.857,0,0.795,-0.209,1.313,0.421,0.75376,-0.00564,0.82519,0.241,0.50188,-0.218,0.787,0.075,0.712,0.091,0.754,-0.286,0.415,0.066,0.739,0.20489,0.84774,-0.277,0.599,-0.04699,0.734,-0.158,0.305,-0.13,0.15602,-0.071,0.44767,-0.10309
1,1,0.0,0.738,0.13215,0.51,0.084,0.65829,0.112,0.23888,0.12961,0.43837,0.20330,0.449,0.12686,0.231,0.163,0.336,0.022,0.525,0.176,0.431,0.188,0.336,0.217,0.214,0.165,0.295,0.14314,0.26429,0.098,0.1,0.191,0.189,0.13198
1,1,0.0,0.94080,0.165,0.85738,0.01,0.85124,0.023,0.76966,-0.002,0.84459,0.115,0.83289,0.03027,1.089,0.043,0.732,0.012,0.417,0.02405,0.873,0.04901,0.585,0.06,0.475,0.024,0.514,0.084,0.702,0.106,0.809,0.087,0.432,0.07508
1,1,0.0,0.87111,0.03,1.09,0.18297,0.99009,0.29292,0.89455,-0.08337,0.88598,-0.02028,0.658,-0.22,0.963,0.19964,0.737,-0.058,0.557,-0.007,0.862,-0.331,0.78954,-0.254,0.919,-0.135,1.154,-0.017,0.529,-0.045,0.672,0.313,0.893,0.072
1,1,0,0.943,0.036,0.98994,0.141,0.914,0.107,0.885,-0.09188,1.259,0.02482,0.881,-0.00469,1.189,0.062,0.836,0.03756,0.796,0.02683,1.199,-0.08048,0.857,0.0,0.71764,-0.016,0.823,0.014,0.368,-0.013,1.218,0.058,0.942,0.02750
1,1,0.0,0.499,0.19527,0.06213,-0.213,0.803,0.01006,0.271,-0.05,0.638,0.01775,0.64,0.41,0.781,-0.03846,0.55621,0.161,0.433,0.119,0.617,0.025,0.672,-0.10651,0.47929,-0.022,0.509,0.018,0.692,0.324,0.31953,-0.123,0.266,-0.00296
1,1,0.0,0.569,0.195,0.913,-0.195,0.85122,-0.194,0.80979,0.034,0.564,0.023,0.772,-0.031,0.68,-0.08,0.51412,-0.24482,0.839,-0.14313,0.70245,-0.003,0.276,0.06215,0.44,-0.226,0.551,-0.143,0.539,-0.014,0.53861,-0.31262,0.439,-0.22034
1,1,0.0,1.026,-0.019,0.67,-0.08493,1.195,0.0,0.73673,-0.045,0.383,-0.13588,0.949,-0.11677,0.77495,-0.244,0.613,-0.22,0.637,-0.10191,0.79193,-0.15711,1.178,-0.038,0.795,-0.26115,0.581,-0.22,0.66242,-0.334,1.039,-0.39,0.758,-0.238
1,1,0,0.454,-0.071,0.975,0.062,0.84783,0.044,0.672,-0.025,0.685,-0.05707,0.82337,-0.129,0.41,-0.004,0.88043,-0.206,0.83424,0.033,0.693,-0.035,1.443,-0.417,0.85054,-0.18750,0.991,-0.068,0.751,-0.034,0.848,-0.065,0.79076,-0.00543
1,0.858,0.0,0.74704,-0.13241,0.564,0.216,0.658,0.09486,0.86,-0.144,0.944,-0.23518,0.488,-0.169,0.782,0.049,0.901,-0.00395,0.63636,-0.087,0.79249,-0.33,0.712,-0.414,0.67194,-0.096,0.393,-0.088,0.60079,-0.282,0.37549,0.083,0.61067,-0.01
1,1,0.0,0.46785,0.11,0.753,0.00665,0.55432,0.078,0.327,-0.182,0.353,0.017,0.714,-0.176,0.486,-0.03326,0.54545,-0.13525,0.28,-0.04656,0.47894,-0.147,0.413,-0.143,0.499,-0.148,0.549,-0.131,0.802,-0.02,0.53659,-0.06,0.704,-0.04435
1,0.58,0.0,0.636,0.232,1.009,0.42881,0.574,0.63662,0.38825,0.90502,0.09831,1.199,-0.137,1.21,-0.35737,0.575,-0.877,0.711,-1.085,0.45535,-0.952,0.149,-0.897,-0.042,-0.78334,-0.26356,-0.447,-0.645,-0.54732,-0.458,-0.267,-0.926,-0.12,-0.75597
1,1,0.0,0.512,0.256,0.79917,0.55756,0.849,0.71596,0.237,1.355,0.024,0.644,-0.331,0.544,-0.791,1.109,-0.73329,0.62385,-0.90995,0.36200,-1.054,0.03,-0.707,-0.16,-0.83192,-0.453,-0.671,-0.69556,-0.327,-0.499,-0.09,-0.93953,0.136,-1.258
1,0.548,0,0.88241,0.154,0.73232,0.57816,0.34109,0.345,0.084,0.587,-0.092,0.79,-0.623,0.757,-0.381,0.252,-0.81422,0.311,-1,-0.008,-0.573,-0.568,-0.874,-0.338,-0.743,-0.382,-0.31610,-0.703,-0.022,-0.86841,0.209,-0.82127,0.00194,-0.64
1,0.771,0.0,1.22,0.173,0.661,0.643,0.351,0.475,0.181,0.86761,-0.08096,0.894,-0.35558,0.956,-0.279,0.819,-0.801,0.31291,-1.126,0.055,-0.582,-0.15317,-0.58315,-0.324,-0.429,-0.52954,-0.137,-0.405,0.08425,-0.442,0.25164,-0.48468,0.40591,-0.194
1,1.192,0.0,1.265,0.45,0.491,0.62349,0.446,0.467,0.201,1.14,-0.074,0.96167,-0.445,0.425,-1.057,0.65490,-0.567,0.36750,-0.643,0.068,-0.855,-0.139,-0.73969,-0.54069,-0.76,-0.74735,-0.22323,-0.86122,0.05,-0.576,0.36021,-0.78057,0.542,-0.525
1,1,0,0.457,0.273,0.786,0.666,0.316,0.515,0.17293,0.78947,-0.108,0.79886,-0.473,0.795,-0.68421,0.47,-0.737,0.13,-1.077,-0.073,-0.833,-0.387,-0.49165,-0.53463,-0.35,-0.806,-0.021,-0.359,0.162,-0.64428,0.354,-0.51206,0.505,-0.30075
1,0.807,0.0,0.795,-0.039,1.424,-0.04104,1.227,-0.091,0.827,0.01456,1.301,-0.02604,0.98500,-0.094,1.473,-0.096,0.696,-0.099,1.166,-0.086,0.77,-0.039,1.051,-0.08914,1.014,-0.08341,1.085,-0.12912,0.93469,-0.14916,1.267,-0.15755,0.838,-0.18800
1,1,0.0,0.778,-0.01531,0.772,0.01001,0.799,-0.022,0.95878,-0.012,1.122,-0.02,0.97173,-0.01767,1.14,-0.03887,1.212,-0.052,0.897,-0.048,1.333,-0.024,1.023,-0.033,0.722,-0.04476,0.92695,-0.063,1.141,-0.102,0.91991,-0.084,1.239,-0.07420
1,1,0,0.97032,-0.14384,1.184,-0.002,0.96575,-0.17123,1.069,0.18265,0.542,0.002,0.526,-0.08447,0.722,-0.001,1.155,-0.044,0.664,-0.21233,1.497,0.10274,0.802,-0.045,0.82,0.079,0.806,-0.124,0.626,-0.20091,0.821,-0.103,1.32,-0.274
1,1,0.0,0.52542,-0.04,0.504,0.108,0.52542,-0.24,0.3,-0.013,0.50847,-0.15,0.64407,0.192,0.904,-0.35593,0.54237,0.012,0.55932,0.017,0.324,0.343,0.86441,0.026,0.385,0.128,0.974,-0.004,0.495,-0.019,1.058,-0.114,0.76271,-0.10169
1,0.832,0.0,0.33333,-0.3,0.44444,0.242,0.206,0.122,0.309,0.13889,0.577,-0.098,0.54911,-0.07,0.295,0.223,0.612,0.035,0.156,-0.184,0.47222,-0.05556,0.616,-0.032,0.437,0.08333,0.242,-0.201,0.19444,-0.13889,0.36924,-0.19,0.104,-0.5
1,0.851,0.0,0.651,1.169,1.208,0.563,0.461,0.443,0.45622,0.263,0.303,0.738,0.271,1.259,-0.251,1.47,-0.355,0.98722,-0.61382,0.762,-0.52674,0.71699,-0.88500,0.612,-1,0.182,-0.875,0.09569,-1,-0.23,-0.796,-0.426,-0.91903,-0.65557
1,1,0.0,0.75564,0.718,0.83550,0.559,0.633,0.512,0.273,0.48,0.072,1.225,-0.137,0.511,-0.258,0.899,-0.421,0.71161,-0.36,0.67989,-1.035,0.157,-0.79147,0.02995,-1.405,-0.314,-0.908,-0.393,-0.328,-0.19185,-0.256,-0.60454,-0.19609,-0.62956
1,1,0.0,0.42,0.448,0.848,0.309,0.468,0.78115,0.086,0.82732,-0.13012,1.272,-0.325,1.134,-0.59435,0.483,-0.664,0.276,-1.053,0.052,-0.731,-0.31351,-0.59,-0.72,-0.493,-0.67796,-0.05054,-0.62691,0.074,-0.421,0.37093,-0.368,0.529,-0.24313
1,1,0,1.15,0.35107,0.75254,0.641,0.238,0.505,0.146,0.95776,-0.211,0.614,-0.56535,1.215,-1.018,0.573,-0.803,0.277,-0.93641,-0.06418,-0.758,-0.544,-0.862,-0.642,-0.34,-0.84951,-0.04578,-1.039,0.327,-0.604,0.378,-0.793,1.062,-0.44173
1,1,0,0.642,0.377,0.514,0.645,0.29303,1.377,-0.091,0.634,-0.2,1.107,-0.66616,0.803,-1.215,0.42314,-0.821,0.09585,-1.312,0.024,-0.509,-0.961,-0.46010,-0.745,-0.13486,-1.0,0.109,-1.243,0.645,-0.70247,0.936,-0.46048,0.76066,-0.075
1,1,0,1.313,0.109,1,-0.05558,1,0.017,0.787,-0.12352,1,-0.011,0.578,-0.01,0.857,-0.054,0.588,-0.07157,0.578,0.036,1.192,-0.13,0.545,-0.028,1.021,-0.212,1.192,-0.06823,1.498,0.08299,1.166,-0.193,1,-0.082
1,1,0.0,0.95559,-0.002,0.655,-0.179,1.061,-0.00461,1.214,-0.5,1.008,0.10368,0.908,-0.211,0.99264,-0.02542,1.196,-0.218,0.681,0.707,1,-0.185,0.87492,-0.045,0.85741,-0.019,0.434,-0.025,0.82427,-0.011,0.80634,-0.013,0.557,-0.027
1,0.817,0,1.024,0.363,0.627,0.588,0.579,0.68158,0.196,0.715,-0.251,0.78772,-0.24,0.431,-0.566,0.216,-0.811,0.122,-0.69977,-0.09856,-0.657,-0.153,-0.439,-0.38287,-0.17437,-0.602,0.016,-0.43,0.19030,-0.38059,0.418,-0.306,0.34572,-0.08036
1,0.885,0.0,0.541,0.35232,0.68389,0.574,0.241,0.86,0.065,0.90842,-0.245,0.842,-0.841,0.69590,-0.78,0.39309,-1.169,0.088,-0.594,-0.16,-0.64579,-0.50022,-0.39766,-0.68337,-0.139,-0.75533,0.17041,-0.448,0.585,-0.387,0.834,-0.242,0.522,-0.104
1,1,0,0.806,0.39286,0.66129,0.943,0.398,1.341,-0.048,1.234,-0.45725,0.429,-0.77660,0.655,-1.105,0.311,-1.23,-0.093,-0.695,-0.258,-0.3,-0.76197,-0.123,-1.26,0.21581,-0.85703,0.53229,-0.358,0.794,-0.349,1.199,-0.071,0.994,0.27926
1,1,0.0,1,-0.263,1,-0.185,0.87342,-0.086,1.0,0.008,1.288,0.17,0.92405,0.049,1.047,-0.041,0.63291,-0.36709,1.021,-0.016,1.061,0.06329,1.055,0.327,0.888,-0.37975,1.019,-0.05540,1.163,-0.082,0.643,0.02532,1.077,-0.023
1,1,0.0,0.74790,0.00840,0.83312,0.015,0.82638,0.02469,0.733,0.01681,0.394,0.082,0.79093,0.062,1.07,0.06,0.667,0.257,0.84034,0.033,0.728,0.049,0.68895,0.062,0.441,0.118,0.604,0.058,0.703,0.016,0.58187,0.074,0.459,0.092
1,1,0.0,1.216,0.01,1.38,0.008,1.203,0.02180,0.92765,0.083,0.87597,0.089,0.91161,0.063,1.01,0.047,1.151,0.017,0.51,0.0,0.915,0.07047,0.88430,0.072,0.488,0.094,0.834,0.092,0.87597,0.068,1.114,0.10134,0.84258,0.10698
1,1,0.0,0.985,-0.006,1,-0.00343,1.079,-0.009,1.169,-0.016,1.492,-0.022,1,-0.02187,0.99828,-0.019,1.075,-0.025,1.207,-0.041,0.662,-0.03881,1.152,-0.05039,1,-0.043,0.99842,-0.044,0.596,-0.054,0.99057,-0.058,1.137,-0.058
1,1.444,0.0,1.205,-0.029,1.111,0.05545,1.107,0.01386,0.807,0.015,0.91287,-0.00990,0.94059,-0.014,0.91881,0.021,1.339,0.0,0.963,0.01386,0.664,0.007,0.88713,-0.015,0.653,0.028,1.32,0.015,0.88119,0.002,1.045,0.054,0.86733,0.02376
1,0.667,0,0.615,0.024,1.413,-0.01773,0.622,0.00709,0.607,0.042,1,0.03546,0.736,0.01064,1.273,0.045,1.119,-0.03191,0.973,-0.036,0.86170,0.082,1.25,0.094,0.90071,0.052,0.94305,0.017,1.001,0.013,0.976,0.009,0.93617,0.015
1,1,0,0.531,-0.24242,0.377,0.015,0.301,0.079,0.794,0.09091,0.157,-0.288,0.486,0.182,0.284,0,0.56156,0.059,0.551,0.035,0.78788,0.18182,0.171,-0.212,0.281,0.082,0.639,0.06142,0.174,-0.024,0.41856,0.048,0.269,0.24242
1,1,0,0.86689,0.35950,1.019,0.503,0.37201,0.424,0.058,0.554,-0.33,0.86121,-0.343,0.958,-1.005,0.41524,-1.091,0.092,-0.606,-0.079,-0.272,-0.408,-0.258,-0.57679,-0.039,-0.59954,0.096,-0.607,0.185,-0.37088,0.418,-0.261,0.422,0.01820
1,0.74,0,0.89563,0.222,0.396,0.69438,0.366,0.883,-0.033,0.768,-0.305,0.84414,-0.874,0.859,-0.709,0.30356,-0.86150,-0.039,-0.371,-0.194,-0.765,-0.471,-0.23428,-0.73855,0.069,-0.549,0.33531,-0.708,0.45,-0.6,0.494,-0.087,0.60073,0.08660
1,1,0,0.645,0.336,0.65354,1.048,0.285,0.95905,-0.089,0.754,-0.286,0.83263,-1.183,0.383,-1.016,0.083,-0.59,-0.314,-0.818,-0.684,-0.41546,-1.185,-0.013,-0.773,0.36318,-0.85368,0.67538,-0.328,0.693,-0.411,0.932,0.054,0.75495,0.46301
1,1,0.0,1,0.719,0.36700,0.06158,0.146,0.598,-0.27586,0.607,-0.261,0.37685,-0.483,0.244,-0.493,-0.108,-0.38916,-0.326,-0.46552,-1.12,-0.047,-1.121,0.383,-0.278,0.674,-0.234,0.85471,-0.048,1.192,1,0.364,0.003,0.266,0.79790
1,0.903,0,0.987,0.706,0.259,0.464,0.06061,0.242,-0.228,1.087,-0.241,0.48485,-0.57576,0,-0.57576,-0.066,-0.26,-0.581,-0.082,-0.84848,0.58,-0.57576,0.5,-0.42424,1.344,-0.387,0.598,0.063,0.96970,0.703,0.275,0.338,0.105,0.33333
1,0.808,0.0,0.658,0,1.197,-0.04,0.682,-0.013,0.90244,0.01829,1.073,0.013,0.728,0.00915,0.95732,0.005,1.418,0.02744,1.241,-0.015,1.02,0.036,0.91463,0.057,1.361,0.066,0.89666,0.023,1.185,0.00915,0.807,0.05488,0.697,-0.01220
1,1,0,0.715,0.12,1.004,-0.08156,1.072,-0.02,0.94,0.008,0.671,0.08865,1.36,-0.006,1.284,0,0.93262,0.224,1.207,-0.00709,1.231,0.00709,0.80496,0.067,0.91135,0.132,1.001,0.067,0.77660,0.073,0.504,0.152,1.372,0.0
1,0.871,0.0,0.74468,0.10638,1.186,0.012,0.779,0.017,0.87234,-0.016,0.947,0.073,0.87657,0.017,0.87235,0.019,0.95745,0.085,0.95035,0.027,1.139,0.04743,0.84931,0.05,1.089,0.133,0.829,0.03,0.74468,-0.02,1.223,0.06,0.693,0.07173
1,1,0.0,1.115,0.03727,0.852,0.005,0.89210,0.007,0.474,0,1.207,0.052,0.978,0.00994,0.641,0.006,0.56,-0.06211,1.216,0.021,0.84182,0.012,1.209,0.014,0.865,-0.051,0.82111,0.017,0.908,0.08696,0.80757,0.013,0.599,0.02441
1,1,0.0,0.97513,0.004,1.182,0.01954,1,0.023,0.501,0.016,0.95737,0.025,0.532,0.03,0.529,0.019,1.225,0.02131,0.72,0.035,1.091,0.068,0.896,0.061,0.907,0.046,0.97540,0.043,0.94849,0.08171,0.99112,0.055,0.815,0.09947
1,1,0,1,0.013,1.376,0.009,0.762,0.02320,0.99448,-0.011,0.99448,-0.00221,0.902,0.025,0.631,0.013,0.535,0.006,1.025,0.024,1.253,0.00663,0.98122,0.027,0.826,-0.008,0.635,0.014,0.97901,0.018,1.255,0.02099,0.511,0.033
1,1,0.0,1,-0.007,0.545,0.023,0.751,-0.00224,0.566,0.087,0.97763,0.032,0.988,0.02908,1.29,0.082,1.209,0.023,1,0.053,0.99776,0.108,0.965,0.081,1.293,0.10067,0.99989,0.08763,1.07,0.121,0.686,0.063,1,0.08
1,1.322,0.0,0.621,0.384,0.568,0.808,0.411,0.67,0.022,0.876,-0.36,0.984,-0.60316,0.58842,-0.78658,0.458,-0.911,-0.00642,-0.347,-0.32963,-0.275,-0.636,-0.362,-0.68126,0.01,-0.69774,0.137,-0.893,0.44569,-0.43383,0.498,-0.114,0.56286,0.02823
1,1.324,0,1.319,0.238,0.64131,0.862,0.29,0.95148,-0.20449,0.483,-0.547,0.81191,-0.522,0.497,-0.683,0.147,-0.874,-0.31412,-0.747,-0.635,-0.32354,-0.613,0.05865,-0.94172,0.233,-1.187,0.844,-0.714,0.89415,-0.249,0.758,0.188,0.845,0.54852
1,0.828,0,0.334,0.11042,0.15970,0.24,0.14020,0.556,-0.239,1.334,-0.091,0.26664,-0.854,0.217,-0.97650,-0.00337,-0.161,-0.19909,-0.365,-0.48886,-0.164,-1.186,0.09345,-0.422,0.412,-0.272,0.486,-0.088,0.409,0.05614,0.187,0.13,0.176,0.27
1,1.498,0.0,0.768,0.43617,0.413,0.535,0.05319,0.887,-0.327,0.704,-0.68253,0.52408,-0.486,0.07111,-0.82811,-0.28723,-0.272,-0.792,-0.04,-0.506,0.317,-0.76316,0.309,-0.621,0.74300,-0.147,0.564,0.23713,0.563,0.776,0.265,0.76764,-0.105,0.887
1,1,0.0,0.19,0.077,0.022,0.281,-0.128,0.331,-0.18321,-0.257,-0.281,0.06107,-0.281,0.074,-0.149,-0.448,-0.10305,-0.229,0.142,-0.17557,0.424,-0.084,0.346,-0.16031,0.301,0.24692,0.051,0.356,-0.03817,0.26336,-0.183,0.16794,-0.446,-0.33588
1,1.147,0.0,1.373,0.001,0.979,0.0,0.847,-0.001,0.94721,0.02394,0.97700,0.02130,0.97888,0.032,0.591,0.014,0.489,0.029,0.927,0.05279,0.97738,0.071,0.559,0.046,1.406,0.08107,1.303,0.096,0.622,0.08088,0.98190,0.072,1.108,0.08616
1,0.727,0.0,0.82254,-0.07572,0.536,0.002,0.92,-0.016,1.248,-0.076,0.787,-0.16,0.937,0.041,0.83121,-0.07399,0.469,0.099,0.88,0.06358,0.86763,-0.015,0.644,-0.04,0.74451,-0.03,0.747,-0.034,0.74046,-0.07630,0.485,-0.04220,0.652,0.01214
1,1,0.0,0.457,-0.13768,0.859,-0.015,0.764,-0.048,0.55717,-0.033,0.547,-0.106,0.62099,-0.054,0.59361,-0.077,0.249,-0.134,0.58213,0.04992,0.49736,-0.058,0.46241,-0.13,0.6,-0.005,0.352,-0.108,0.506,-0.054,0.423,-0.076,0.28943,-0.08300
1,1,0.0,0.76046,0.012,0.86335,0.003,1.106,0.003,0.906,0.02304,0.92,0.152,1.005,0.00744,0.81815,0.008,0.873,-0.06974,0.8,0.047,0.655,0.017,0.968,0.014,0.77138,-0.004,0.875,0.01375,0.855,0.01,0.857,0.015,0.63887,0.01525
1,1,0.0,0.887,-0.009,0.97404,0.039,0.511,0.659,0.75683,-0.004,0.388,-0.14071,0.40164,-0.676,0.33,0.874,0.651,0.328,0.9,0.158,0.391,-0.44945,1.117,0.00683,0.60656,0.064,0.68656,0.119,0.687,0.08,0.55328,0.22,0.132,0.48087
1,1,0.0,1.1,0.079,0.73739,-0.14706,0.492,-0.052,0.78,-0.025,0.89391,0.126,0.629,0.044,0.79307,-0.08929,1.211,-0.017,0.96639,0.039,0.49,0.01155,0.863,0.037,0.988,-0.055,0.83479,0.002,1.431,0.12815,0.816,-0.11,1.183,-0.04307
1,0.888,0.0,0.95113,0.005,1.096,-0.04,0.93438,-0.023,1.411,0.01606,0.96510,0.026,0.94171,0.076,1.087,-0.008,0.97173,0.002,0.94834,0.065,0.721,0.08412,0.482,0.099,0.974,0.012,0.93522,0.04925,1.021,0.048,0.94066,-0.0,0.552,0.038
1,0.871,0.0,0.94701,-0.0,1.333,-0.048,0.817,-0.031,0.876,0.021,0.688,0.019,1.175,0.034,0.93954,-0.01461,0.806,0.029,0.621,0.01393,1.094,0.078,0.89470,0.083,0.877,0.03193,0.92489,0.02542,1.203,0.014,0.92459,0.00442,0.514,-0.00577
1,1.049,0.0,1.157,-0.009,0.98122,-0.01989,0.719,-0.041,0.697,0.001,1.054,-0.03315,0.653,-0.007,0.983,-0.032,0.979,-0.009,0.822,-0.12928,0.633,0.01215,1.197,-0.02320,0.607,-0.02099,0.89147,-0.07760,0.566,-0.17238,0.96022,-0.043,1.235,-0.212
1,0.602,0.0,0.84710,0.098,0.856,-0.052,0.87873,0.08260,0.67,-0.09139,0.457,0.071,1.035,-0.00351,0.991,-0.009,0.978,-0.062,0.851,-0.028,0.461,-0.09490,0.71002,0.023,0.572,-0.182,0.81147,-0.04822,1.054,-0.005,1.059,-0.06678,1.069,-0.06151
