1,1,0.0,0.99539,-0.081,0.496,0.032,0.426,-0.37708,1.463,0.039,1.208,-0.134,0.557,-0.596,0.60536,-0.246,0.626,-0.44,0.333,-0.292,0.55,-0.29674,0.245,-0.47357,0.56811,-0.51171,0.582,-0.628,0.117,-0.34090,0.335,-0.54487,0.257,-0.301
0,0.74,0,0.501,-0.268,1.208,-0.36156,-0.061,-0.93597,1,-0.035,0.50874,-0.591,0.34432,-0.694,-0.731,-0.97515,0.055,-0.534,0.246,-0.754,-0.066,-0.462,-0.131,-0.307,-0.20332,-0.26569,-0.165,-0.272,-0.19040,-0.068,-0.23,-0.052,-0.156,-0.019
1,1,0.0,0.587,-0.03365,0.666,0.005,1,-0.077,1.247,0.017,0.73082,0.062,0.704,0.009,0.54591,0.002,0.83775,-0.11,0.75535,-0.08540,0.376,-0.225,0.237,-0.084,0.841,-0.384,0.42,-0.22145,0.453,-0.258,0.744,-0.133,0.334,-0.38238
0,1,0.0,0.872,-0.45161,1.497,0.554,0.801,-1,0.0,0,0.0,0.0,0.0,0.0,-1,0.077,0.494,-0.534,-0.942,-0.649,-0.451,1.348,0.0,0.0,1.221,0.90695,0.51613,0.952,0.826,-0.20099,0.17,1.198,-0.32382,1
1,1.344,0.0,1,-0.027,0.926,0.078,1.213,-0.23255,0.549,-0.16399,0.352,-0.176,0.839,-0.009,0.34395,-0.215,0.386,-0.179,0.45107,-0.101,0.032,-0.488,0.02309,-0.272,0.03286,-0.796,0.185,-0.48,0.028,-0.62197,-0.05707,-0.326,-0.045,-0.65697
0,1.366,0.0,0.02337,-0.00592,-0.08,-0.132,-0.00763,-0.11824,0.22,0.051,0.03786,-0.065,0.0,0.0,-0.04572,-0.22,-0.005,-0.076,-0.13,-0.068,0.01838,0.048,0.016,0.013,0.025,-0.018,-0.026,0.077,-0.116,0.00732,0.0,0,-0.0,0.12011
1,1,0.0,0.8,-0.107,0.94601,-0.241,1.249,-0.407,0.948,-0.215,0.945,-0.563,0.737,-0.641,0.406,-0.61436,0.736,-0.68086,0.37852,-0.816,0.36324,-0.826,0.451,-0.514,0.17,-0.676,0.115,-1.123,0.04606,-0.82395,-0.04262,-1.032,-0.204,-0.80975
0,0.0,0.0,0.0,0.0,0,0.0,0.871,-1.367,0.0,0,-1,-0.858,0.0,0.0,0.0,0,1,1,-1,-1.084,0.0,0.0,0.0,0.0,0.56,1.297,0.546,1,0.0,0,0.887,0.59,0,0.0
1,0.947,0.0,0.96355,-0.07198,1.27,-0.107,1,-0.232,1,-0.36174,0.779,-0.43569,1.112,-0.457,0.605,-0.591,0.98305,-0.35257,0.937,-0.363,0.526,-0.877,0.522,-0.351,1.207,-0.65440,0.292,-0.971,0.189,-0.628,0.58,-0.371,0.26,-0.73420
0,1,0,-0.022,-0.095,0.0,0.0,0.0,0.0,0.094,-0.26810,-0.388,-0.538,0.0,0,-0.463,0.38602,-0.409,0.093,0.53,0.195,0.0,0,0,0,-0.113,-0.01,0.235,-0.017,0.0,0.0,0.194,0.222,-0.08208,0.38065
1,1,0,0.917,0.06655,1.047,-0.18388,0.875,-0.353,1.008,-0.43107,1,-0.305,1.23,-0.336,0.90711,-0.743,1.043,-0.529,1.009,-0.367,0.502,-0.972,0.63081,-0.864,0.55867,-0.563,0.694,-0.49,0.273,-0.433,0.165,-1.132,0.126,-0.89158
0,1,0,1.093,-0.663,1.029,-0.94,1.039,-1.025,1.179,0.467,1.199,-0.572,0.628,1.447,1,-1.42,1,-0.201,1.08,-0.93599,1,0.527,1,1.474,1,-0.472,0.775,-0.471,0.798,-0.53,1,-1.322,0.545,-1
1,0.952,0.0,0.918,-0.205,0.5,-0.10169,0.99999,-0.141,0.862,-0.19277,1.106,-0.4,1.191,-0.29785,0.93719,-0.34412,1.249,-0.373,1.302,-0.367,0.549,-0.333,0.767,-0.353,0.879,-0.47137,0.76224,-0.58370,0.967,-0.813,0.68714,-0.706,0.339,-0.983
0,0.87,0.0,1,-0.664,0.97,0.22280,1.024,-0.39,1,-0.069,1.457,0.347,1,0.068,1.136,-0.141,1,-1.019,1.324,-1,0.61831,0.15803,1,0.433,0.82,-0.17012,1.064,0.464,1.419,-0.796,0.523,0.623,1.228,-0.192
1,1,0.0,0.549,0.07,0.953,0.05,0.828,-0.04,1.359,0.08764,1.318,0.114,1.318,0.153,0.787,0.095,1,0.142,0.632,0.154,1.463,0.44758,0.851,0.385,1,0.20033,1.291,0.458,1.386,0.48641,1,0.32492,1.312,0.46712
0,1.313,0,0.635,-0.93996,0.619,0.295,-0.025,-0.908,1.166,-1,0.296,-1,0,0.0,-0.67,-0.34265,-0.385,0.03623,1,-0.758,0.0,0,0.0,0,-0.182,1.056,0.414,0.316,0.0,0.0,0.857,0.134,0.0,0.0
1,1,0.0,0.514,0.06468,1.136,-0.013,0.837,0.032,0.583,0.02312,1.199,0.07808,1.334,0.144,0.764,0.038,0.955,0.146,1.041,0.128,0.81633,0.11830,0.83668,0.199,1.001,0.152,0.905,0.184,0.79110,0.15379,1.083,0.15930,0.461,0.162
0,0.0,0.0,0.0,0.0,-1.342,-1,1.051,1.08,-0.991,1,-0.614,1,1,-1.124,0.672,1,-0.817,-1.401,-0.693,1.317,0.521,-1,-1,1.363,-1.147,0.596,1.246,-1.04,-1,0.785,-1,-1,0.626,-0.559
1,0.831,0.0,0.394,0.036,0.571,0.045,0.522,0.223,0.08776,0.307,0.644,0.129,0.62099,0.14285,0.78637,0.10976,0.647,0.18151,0.186,0.272,0.53888,0.239,0.313,0.302,0.526,0.231,0.407,0.24618,0.64,0.128,0.40663,0.25792,0.727,0.274
0,0.0,0,1,-1.292,0,0.0,0,0.0,1.204,1.347,1.443,-1,-1.029,1.288,0.0,0,-1.209,1.314,0.533,1,-1.163,1.422,1.235,0.56250,-1.307,1.001,1.237,1.095,0.893,-1,1.476,1.128,1.259,1
1,1,0.0,1.331,-0.00612,1.046,-0.138,1.381,-0.107,0.851,-0.112,1.314,-0.127,1,-0.406,1,-0.201,0.612,-0.269,0.514,-0.386,0.945,-0.45,0.668,-0.548,0.81874,-0.229,0.82681,-0.42231,0.623,-0.38231,0.80448,-0.37,0.74354,-0.347
0,0.0,0.0,0.532,0.683,0.0,0.0,0.0,0.0,-0.583,-1,0.0,0.0,0.0,0.0,-0.896,-1,-1,-1,-0.652,0.847,-0.948,1,0,0.0,0,0.0,1.036,-1.497,-0.862,1,-0.95,0.784,-1,1
1,0.888,0.0,1.137,0.086,0.784,0.04296,1.266,0.073,0.90169,-0.056,0.89263,0.016,0.779,-0.06142,0.87534,0.051,0.428,0.004,0.75206,-0.052,0.65961,-0.091,0.514,-0.05929,0.64,-0.115,0.598,-0.023,0.544,-0.008,0.51310,-0.00015,0.562,-0.002
0,0,0.0,-0.904,1.444,0.0,0.0,0.0,0.0,-0.734,1,1.269,1,0.0,0.0,0.0,0.0,1,-0.881,-1,1,0.868,1.237,0,0.0,-0.916,-1.346,1.43,-1.197,1.483,1,-1,0.584,0.0,0
1,1,0.0,0.733,-0.069,1,0.038,1.049,-0.056,1,-0.017,0.752,-0.084,0.577,-0.05202,0.988,-0.034,0.812,-0.099,0.704,-0.20367,0.501,-0.21,0.919,-0.31654,0.84932,-0.455,0.53,-0.373,0.955,-0.38576,0.375,-0.26284,0.907,-0.39487
0,1,0.0,1.141,0.723,0.565,-0.722,1.347,-1,1.247,-1.283,1.357,-0.813,0.874,-1.142,1.399,-1,0.753,-0.521,1.163,-1,1,-0.53,1.202,-1,1,-1,0.783,-0.682,0.661,-0.58,1,-1.069,1,-0.602
1,1,0,0.966,-0.116,0.663,-0.236,0.86635,-1.196,1.343,0.38,0.709,-0.473,0.88486,-0.24,1.221,-0.186,0.81051,-0.62180,0.126,-1,0.818,0.152,0.319,-0.78547,0.516,-1.127,0.265,-0.576,0.40650,-0.513,0.213,-1.306,-0.078,-1
0,0,0.0,-0.726,-0.589,0.0,0.0,-0.873,1,1,-0.303,0.0,0,0.0,0.0,0,0,1.477,-1.019,-0.775,-1,0.859,-0.996,0.0,0.0,0.504,-1,-1.136,1.414,-0.566,-1,0.0,0.0,-1,1.383
1,1,0.0,0.817,0.122,0.549,0.2,0.548,-0.11,0.98172,0.64520,1,0.369,0.635,0.411,1.402,0.504,0.595,0.452,0.806,0.95099,1,1.139,1.206,0.954,0.91624,1.051,0.882,0.53,0.498,1,0.956,0.587,0.52479,1
0,0.0,0.0,-0.661,-0.701,1.124,0.826,1.494,-0.554,-1,0.913,0.952,-1,-1,-1.198,0,0,1,0.929,-0.531,-0.719,0.508,-0.649,1,-1.221,0.645,1,1.362,-1.497,1.192,-0.872,-1,0.942,0.643,-1
1,1,0.0,0.711,-0.14,0.569,-0.147,1,-0.172,1,-0.103,1.222,-0.25010,0.667,-0.135,0.781,-0.327,0.82,-0.537,0.987,-0.46162,1,-0.308,0.53,-0.802,0.548,-0.47643,1.185,-0.655,1.195,-0.859,1.155,-0.75761,1,-0.84437
0,1,0.0,1.199,-1.262,1.035,1.471,1.349,-1.366,1,-0.837,1,-1,1.123,-0.019,1,-1,1.189,0.747,1,-0.612,1.304,0.775,1.482,-1,0.0,0.0,1.103,1,0.808,-0.639,1.452,0.866,0.703,1
1,1.079,0.0,1.12,-0.173,0.93408,-0.149,1.03,-0.16450,0.88307,-0.17036,0.694,-0.433,0.862,-0.399,0.612,-0.295,1.189,-0.33632,0.829,-0.675,0.70555,-0.596,0.623,-0.50085,0.679,-0.48086,0.56804,-0.632,0.415,-0.326,0.47075,-0.812,0.272,-0.682
0,1,0,1.066,-0.02595,0.232,-0.222,0.841,-0.09473,0.99709,-0.089,1.331,-0.087,0.639,0.879,0.573,-0.993,0.73,-0.154,0.80760,-0.325,-0.354,0.492,0.284,0.071,0.777,-0.255,0.549,-0.41307,0.63811,-0.111,0.86136,-1.168,-0.13,-1
1,1,0,1,-0.111,0.72314,0.393,1.063,-0.319,1,-0.267,0.742,-0.641,1.015,-0.064,0.422,0.144,1,0.295,1.088,0.178,1.342,-0.027,1.026,-0.769,0.581,0.14803,1,-0.136,1,-0.056,1.124,0.53372,0.748,-0.387
0,1,0.0,0.66161,-0.731,0.622,1.091,1,-0.56,0.599,-0.511,0.505,-0.922,1,-1.043,0.529,0.696,0.17589,0.70982,0.823,0.9,1,0.725,1.41,-1.199,1.123,1.031,1.101,-0.076,0.731,-0.36250,1.139,0.898,1,0.34732
1,1.278,0.0,0.648,0.00433,0.566,-0.011,1.271,-0.022,1,-0.07014,0.97839,-0.079,0.517,-0.06544,0.518,-0.07917,0.507,-0.147,0.749,-0.097,0.99589,-0.14248,1.208,-0.196,0.89469,-0.20851,1.151,-0.263,1.001,-0.117,0.844,-0.21,0.434,-0.19
0,0,0,1,1.42,1,-1.029,0,0.0,0.0,0.0,-0.794,-1,0.0,0.0,0.0,0.0,-0.775,1.447,1.474,0.545,-0.53,1.039,-1,1.222,1.322,-1,0.798,1.199,-0.94,1.093,1.154,1.025,0,0
1,1.317,0.0,1.365,0.04347,0.94191,0.014,1.178,0.08,0.93582,0.01321,1.026,0.069,0.752,0.121,0.781,0.06211,0.672,0.065,0.822,0.147,1.156,0.163,0.432,0.14222,0.659,0.11299,0.867,0.13282,0.418,0.219,0.70925,0.10754,0.405,0.163
0,0.87,0.0,0.716,0.022,1.393,0.067,1.406,0.063,0.61745,-0.704,0.91036,0.11147,0.47,0.53640,0.82077,0.14137,0.81,0.22,1.128,0.41003,0.515,0.21,0.731,0.095,0.54446,0.126,0.48867,0.081,0.403,0.15436,0.403,0.209,1.289,0.7
1,1,0.0,0.646,0.058,1.211,0.256,1,0.26281,0.93051,0.359,1.136,0.572,0.586,0.322,0.746,0.621,0.65954,0.60756,0.527,0.915,0.536,0.67135,0.387,0.992,0.446,0.72082,0.244,0.782,0.181,0.572,0.11372,0.72688,0.047,0.582
0,0.743,0.0,-0.882,-1.066,1,0.561,1.114,-0.14375,0.0,0.0,-0.818,1.482,0.892,0.55,0.268,-1.466,-1.178,-1,0.099,-1,1,-1.245,-1.055,0.939,-0.986,-1,1.085,-1,-1.169,-0.934,1.103,1,0,0
1,1,0.0,1.327,0.047,0.473,0.16888,0.598,0.17,0.55187,0.952,0.417,0.353,0.128,0.618,0.616,0.662,0.588,0.49618,0.284,0.078,0.266,0.773,0.309,0.824,0.24856,0.56527,0.18626,0.56605,0.12635,0.559,0.035,0.759,0.149,0.67739
0,1.291,0.0,-0.776,-1,0.763,0.82857,0.847,-1,0.565,-0.23393,1.01,0.96161,1.078,-0.255,0.578,-0.8,1,0.13839,0.512,-0.829,1.484,-0.03393,-1.143,1.347,0.549,0.441,1,1.332,1,-1.333,1.458,-1.355,0.645,-0.676
1,1,0.0,1.019,-0.055,1.437,-0.148,1.016,-0.162,0.85,-0.157,0.92738,-0.30130,0.92651,-0.37965,0.945,-0.225,0.84922,-0.441,1.104,-0.646,0.79016,-0.434,0.74725,-0.777,0.68282,-0.691,0.351,-0.73174,0.707,-0.526,0.661,-0.905,0.64,-0.647
0,0,0.0,0,0.0,0.0,0.0,0.0,0.0,1,1.142,1.434,0.708,0,0,0.0,0.0,-0.512,-1,-0.729,-0.527,0.0,0.0,0,0,-0.673,-0.935,-1.358,-1.268,-1,0.969,1,0.0,0.0,0.0
1,1,0.0,1.454,-0.03730,0.955,-0.083,1.45,-0.11039,1.016,-0.09931,0.611,-0.073,1.381,-0.307,0.888,-0.287,0.91236,-0.34400,0.528,-0.32152,0.89991,-0.289,1.028,-0.278,0.907,-0.42990,1.161,-0.37,1.16,-0.42593,0.444,-0.611,0.506,-0.709
0,1.252,0.0,0.94598,-0.019,-1.343,0.26131,-0.445,0.409,0.431,-0.511,1,-0.019,-0.165,-0.008,-0.401,0.15452,0.91,-0.501,1.319,-0.50424,-0.354,-0.31454,-1.102,0.332,0.83872,-0.527,0.552,-0.734,1,-0.694,-0.09634,0.255,-0.051,0.41913
1,1.342,0,0.92,0.00874,1.022,-0.04,0.97565,-0.05,1.249,-0.053,0.99004,-0.043,0.743,-0.113,0.958,-0.094,1.261,-0.11583,0.977,-0.19200,0.88274,-0.157,0.543,-0.138,0.88487,-0.239,1.038,-0.136,1.039,-0.23864,0.45,-0.214,0.74323,-0.286
0,1.226,0.0,0.0,0,0.7,0.409,0,0.0,0.082,-0.783,0.0,0.0,0.0,0.0,-1,-0.22414,-0.351,-0.83297,0.76940,0.696,0.0,0.0,0.755,0.35668,-0.951,0.531,1.287,-1,-1.304,0.81573,0.0,0.0,0.0,0
1,1,0.0,0.748,-0.18362,0.576,0.02919,0.943,-0.004,0.655,0.122,0.81121,-0.012,0.586,0.54991,0.717,-0.637,0.617,-0.366,1.066,-0.144,0.886,1.312,0.63,-0.243,0.845,-0.018,0.735,-0.01158,0.335,-0.259,0.84463,-0.25706,0.93323,-0.01425
0,0.0,0.0,0.996,1.328,1,-1,0.0,0.0,0,0.0,1,1.122,0.85,1,-0.964,-1.125,1.041,-1,-0.623,1.351,0.0,0,1.037,-1,1.486,-0.641,0.602,1,-1,-0.742,0.0,0.0,0.0,0.0
1,0.506,0.0,1,1,0.733,0.752,0.91010,1.459,-0.275,1,-0.974,1,-1.462,1,-1.445,0.674,-0.59,-0.772,-1,-0.509,-1,-1.289,-0.603,-1.003,1.282,-1.024,0.757,-1.289,1,-1.113,1,-0.389,1.269,0.409
0,0.966,0.0,-0.67935,-1.319,-1.261,1,1,0.796,0.024,-1,-1.359,-1,1.282,0.794,0.643,-0.982,-1.144,1,0.678,1.227,0.907,-0.946,-1,-1.012,-0.18856,0.54,0.992,-1,-1.421,-1,-0.79,0.698,0.774,0.409
1,1,0.0,1.083,0.05,1.215,-0.034,1.451,-0.113,0.804,-0.06561,1.068,0.01279,0.95436,-0.246,1.196,-0.191,0.99630,-0.32268,0.697,-0.451,0.477,-0.27316,0.477,-0.184,0.925,-0.301,0.87244,-0.34586,1.191,-0.336,0.83951,-0.284,0.595,-0.587
0,0.53,0,0.056,-0.282,-0.667,1,-0.529,1.259,0.71875,0.387,-0.82143,-0.811,-1.028,-1.045,-0.526,1,-0.04,0.59152,-0.375,-0.343,-0.74628,-0.955,-1.04,-0.46801,-1,0.248,1.215,-0.775,-1.061,-0.369,-1.175,-1.056,-0.636,0.61458
1,1,0.0,0.634,-0.018,1,-0.057,0.817,-0.094,0.925,-0.08799,1,0.801,1,-0.142,1,-0.147,1.329,0.306,1,-0.176,0.99484,-0.274,0.608,-0.107,1.024,-0.92284,1.172,-0.122,0.82920,-0.146,0.84,-0.228,0.51,-0.272
0,0,0.0,-1.447,1.225,1.344,-1,-0.663,1.37,0,0.0,0.81,1.041,-1,-0.18750,1,1.055,-1,-0.554,1.176,-1.282,-1,-1.263,1,1.265,0.821,-0.574,1.117,0.724,1.414,1.492,0.0,0,-0.753,-1.315
1,1,0.0,1,0.05812,0.94525,0.07418,0.718,0.145,0.701,-0.015,0.747,0.078,1.157,0.104,1.079,0.056,0.469,0.257,1.096,0.138,0.99695,0.111,0.90784,0.211,0.558,0.142,0.88423,0.23571,1.112,0.145,0.464,0.379,0.521,0.31166
0,1,0.0,0.136,-0.626,-1.07,1.321,0.0,0,0.0,0,-1.015,0.922,0,0,-0.61354,-0.356,0.80521,0.285,0.51979,0.103,0,0.0,-1.26,-0.18,-1.219,0.731,0.922,0.859,-0.782,0.781,0,0.0,0.0,0.0
1,1,0.0,0.943,0.09771,1.482,0.137,1.193,0.22574,0.514,0.09237,0.552,0.275,0.547,0.24288,0.92,0.28343,1.152,0.264,0.538,0.333,0.83393,0.166,0.6,0.327,0.404,0.346,1.005,0.42746,0.62764,0.402,0.435,0.467,0.571,0.50903
0,1,0.0,0.019,-0.348,0,0.0,0,0.0,0.0,0.0,0.0,0.0,0,0,0.12292,-0.731,0.125,0.686,0.654,-0.324,0,0.0,0.117,-1.396,-0.144,-0.147,1,-0.653,-1,0.221,0,0.0,1.469,-0.141
1,0.643,0.0,1,0.16801,0.627,0.126,0.952,0.346,0.91759,0.336,0.626,0.526,0.84250,0.539,0.944,0.49225,1.133,0.403,0.533,0.377,0.56553,0.58071,0.783,0.64720,0.328,0.397,0.583,0.69129,0.3,0.816,0.183,0.713,0.22101,1.064
0,0.564,0,0.519,1,0.298,-1.12,1.15,1.149,0.718,0.432,-0.768,0.585,-0.083,0.58772,0.014,0.063,-0.676,-1.235,0.14254,-0.046,0.32675,-0.43860,-1.492,0.865,0.80921,-1,1,-0.039,0.794,1,0.145,-0.799,1.389,1.143
1,1,0.0,1,-0.248,1.496,1.086,1.026,0.189,0.621,-0.086,0.938,0.363,0.53,-0.221,1.244,0.00879,1.057,-0.281,0.80025,-0.273,0.45,-0.105,1,-0.12312,0.794,0.16,0.92890,-0.07249,1,-0.361,0.627,0.19849,0.324,-0.077
0,1,0.0,0.607,0.098,0.904,0.411,1.053,-0.507,0.66938,0.121,1,0.329,1,0.60598,1.424,0.514,0.767,0.02672,0.411,-0.374,1,0.365,0.89130,0.26585,1.174,-0.261,0.7,0.22,0.425,-0.027,0.531,0.198,1.445,0.37409
1,1,0.0,1.08,0.28046,1.114,0.02477,1.121,0.073,0.815,0.04317,0.903,0.395,1,0.066,1,0.057,0.843,-0.304,1.216,-0.056,0.955,0.037,0.642,0.401,1,-0.367,0.96414,-0.02174,0.86747,0.157,1.238,-0.171,0.651,-0.106
0,0.0,0.0,1.103,-0.55,1,-1,1,-1.169,1.466,-1,0.986,1.055,1,1.066,1,-1,0.743,0.564,1.339,0.939,1.494,1.178,1.13,-0.561,1,-0.818,0.892,-0.934,1.245,0.973,0.0,0,0.882,-1
1,1,0,1.378,0.981,1.155,0.443,0.43019,1.396,0.113,1.189,-0.505,0.787,-0.761,1.09,-1,0.40268,-0.401,-0.584,-1.406,-0.301,-0.374,-0.454,-0.464,-0.583,0.41366,-1,0.41778,-0.997,0.25773,-0.987,0.93570,-0.316,0.595,0.05
0,1.458,0.0,0.676,0.515,0.645,-1,1.333,-0.847,1,1.291,1,1.207,0.512,1.356,1.32,-0.8,1,0.829,1.01,0.763,1.332,0.678,1,1,1,1,0.578,0.742,0.0,0,0.565,-1.078,1.021,-1
1,1,0.0,1.127,0.03529,1,0.192,1.44,0.325,0.537,0.212,0.515,0.28778,0.609,0.38643,0.698,0.399,0.777,0.746,1.029,0.544,1,0.61267,0.958,0.59457,0.767,0.68326,1.164,0.71374,0.992,0.561,0.894,1.081,0.736,0.55
0,0.0,0,1,-1.359,1.445,1.434,-0.51,-1,0.623,-1,0.0,0,0.0,0.0,-1.361,0.729,1,-0.929,0.673,-0.969,-0.648,1,1.133,-0.656,0.708,-1.364,1,-1,-1.185,-1.268,0.0,0,1.477,-0.935
1,1,0,1.373,0.058,0.96760,0.19279,0.96026,0.388,1.248,0.35052,0.945,0.46281,0.86265,0.615,0.472,0.363,0.54,0.976,0.592,0.73140,0.318,0.641,0.541,0.872,0.338,1.043,0.351,0.446,0.24944,1.226,0.2,1.262,0.073,0.824
0,0.99,0.0,0.583,0.38889,0.0,0,-0.488,0.882,0,0,0.0,0.0,0.0,0.0,0.20635,-0.24206,0.187,0.21,0.491,1.166,0,0.0,0,0.0,0.73413,0.152,0.862,0.795,0,0.0,0.0,0.0,0.0,0.0
1,1.226,0.0,1.338,0.067,0.938,0.10827,0.926,0.172,1.342,0.256,1.198,0.34826,0.733,0.38261,0.553,0.44,0.909,0.317,0.923,0.557,0.80644,0.59962,0.79578,0.654,0.66643,0.63942,0.381,0.69435,0.49538,0.535,0.597,0.563,0.348,0.568
0,0,0,1,0.512,0.0,0.0,1.036,-0.727,0.692,-0.867,1.087,1,1.053,0.791,1.226,-0.901,1,1.304,1,1.192,1.413,-1.287,-1.185,-1.103,1,-1,1.068,-1.342,0.742,0.7,0.0,0,0.783,-1
1,0.745,0.0,1.312,0.04078,1.491,0.096,1,0.16159,1.32,0.262,0.777,0.242,0.92745,0.247,0.919,0.489,0.539,0.408,0.78619,0.521,0.79400,0.761,0.626,0.58129,0.444,0.741,0.421,0.893,0.53952,0.501,0.45312,0.346,0.40442,0.452
0,0,0.0,0.996,0.742,1.103,-1,1.009,1,0.762,0.623,1.041,1,1.217,1.037,1.351,0.85,1,-0.964,-1.228,0.535,-0.778,1.328,-1,1.27,1,-1,1.486,0.641,-1,0.602,-1.125,-0.545,-0.689,1
1,1.445,0,1.459,0.284,0.506,0.692,1.024,0.855,1,0.752,1.289,1,0.733,1.462,0.502,1.031,1.21,1.142,1.289,1,0.74468,1.122,0.899,0.929,0.64628,0.757,0.38255,1.019,0.10819,1,-0.22,1,-0.906,0.59
0,0,0.0,1.342,1.144,1.261,-1.319,1,1.421,-0.54,1,0,0.0,0.79,0.966,0.0,0.0,0.0,0,-0.808,1,-1,1.217,1.359,1.282,0.907,-0.982,0.794,1,0.774,1.257,1,-1,-0.696,0.992
1,0.772,0.0,1,-0.075,1.257,0.328,0.727,0.071,1.494,0.222,1,-1,0.981,-0.505,0.619,-0.097,1,0.065,1,-0.61538,1,-0.377,1.424,-0.529,1.128,-0.58042,0.837,-0.589,1.293,-0.926,1,-0.993,0.602,-0.48252
0,0,0.0,1.056,-1.04,0.529,1,0.636,0.667,0.814,1,0.775,1,1.459,-1.175,1.215,-0.526,1.028,0.82,1,-0.947,1.259,1,1,0.955,0.53,-1,1.04,1.293,0.891,-1.061,1,1.045,0.667,-1
1,1.329,0.0,1.025,0.07804,0.92679,0.112,0.961,0.161,0.795,0.426,1.124,0.539,0.837,0.68,0.70796,0.359,0.322,0.64200,0.399,0.64924,0.253,0.66975,0.481,0.632,0.24,0.779,0.188,0.73885,0.079,0.71038,0.027,1.035,-0.04023,0.69509
0,0.663,0.0,0.862,-0.183,0.771,0.21908,0.46643,0.432,0.373,0.87,1.176,-0.215,0.01060,0.571,0.012,0.319,0.18681,0.41168,0.133,0.498,0.04325,0.30745,-0.00083,0.181,-0.038,0.19405,-0.032,0.151,-0.026,0.10349,-0.066,0.057,-0.049,0.026
1,1,0.0,0.595,-0.035,0.65680,-0.05178,0.80621,0.024,1.039,0.016,0.376,0.068,0.502,0.048,0.367,0.059,0.78550,-0.27811,0.846,-0.01,0.56,0.093,0.273,-0.24,0.716,0.02811,0.691,-0.085,0.385,-0.21154,0.59024,-0.14053,0.629,0.015
0,0.626,0.0,0.39179,-0.091,0.97464,0.04328,0.922,0.759,0.35821,0.176,0.426,0.133,0.61567,-0.706,0.384,0.67910,0.481,-0.089,0.616,-0.061,0.521,0.215,0.767,0.573,0.588,0.16418,0.501,0.115,0.32463,-0.031,0.39118,0.145,0.445,0.12755
1,0.53,0.0,0.67547,0.04528,0.636,-0.10566,0.621,0.03774,0.655,-0.066,0.869,0.017,0.351,-0.147,0.424,-0.02264,0.773,0.056,0.694,-0.07925,0.75849,-0.224,0.739,-0.086,0.84906,-0.216,0.762,-0.057,0.66792,0.02264,0.45,0.027,0.56,0.009
0,1,0.0,1.019,-0.026,0.684,0.051,0.689,0.4,0.408,-0.043,0.424,-0.11,0.941,0.127,0.56818,1.396,0.50455,0.21818,0.66818,0.10000,0.976,-0.249,1.052,-1.229,0.441,0.32727,0.485,0.129,0.42273,0.08182,0.665,0.216,1.174,1
1,1,0,0.776,-0.01569,0.407,0,0.38431,0.082,0.265,-0.04,0.605,0.1,0.252,0.059,0.338,-0.057,0.58039,0.022,0.746,0.0,0.354,0.046,0.475,0.08235,0.49804,0.005,0.684,0.107,0.539,0.069,0.45098,0.34,0.43137,0.145
0,1,0.0,0.41932,0.108,0.491,0.102,0.23182,0.313,-0.042,0.633,0.032,0.447,-0.22,0.19,-0.107,0.27322,0.02727,0.603,-0.34773,0.104,-0.20028,0.03,-0.214,0.418,-0.194,-0.039,-0.131,-0.045,-1.396,-1,-0.036,-0.059,-0.00526,-0.06314
1,1.496,0.0,0.484,-0.21996,0.511,0.275,0.82403,0.121,0.85086,0.05901,0.90558,-0.027,0.478,0.254,1.026,0.378,0.69206,0.721,0.71030,0.39056,0.637,0.394,1.373,0.34871,0.633,0.52,0.996,0.627,1.158,0.58584,0.422,0.768,0.424,0.46
0,1,0.0,0.595,-0.067,-0.182,-0.701,-0.101,-0.497,1.037,0.059,0.942,-0.00763,-0.142,0.924,-0.14,-0.941,1.235,-0.103,1.11,-0.113,-0.06959,0.50810,-0.34128,0.80934,0.732,-0.052,0.70882,-0.366,0.395,-0.14109,-0.21354,-0.415,-0.225,-0.59867
1,0.915,0,0.789,-0.357,0.835,0.054,0.45217,0.38261,0.704,0.171,0.389,0.237,0.371,-0.23043,0.50435,0.424,0.389,-0.42609,0.524,-0.26087,0.257,0.11739,0.53246,-0.031,0.459,-0.147,0.323,-0.04,0.427,-0.058,0.764,-0.25217,0.339,0.12
0,1,0.0,-0.54180,0.14861,-0.192,0.796,0.588,-0.079,0.31889,-0.038,0.20743,-0.15170,0.505,0.099,0.842,-0.15480,0.153,0.528,0.33746,0.03,0.278,0.07,-0.71,-0.578,1.482,0.962,0.307,-0.354,-0.189,0.11146,0.02,0.589,0.52632,-0.106
1,1.396,0.0,0.149,0.134,0.651,0.132,0.554,-0.00509,0.284,0.297,0.646,-0.246,0.456,-0.069,0.334,0.03905,0.81664,-0.22411,0.42445,-0.049,0.34975,0.066,0.169,-0.214,0.51731,-0.017,0.355,-0.03351,0.501,0.059,1.001,-0.01868,0.355,-0.03226
0,1,0.0,0.79157,0.14,0.0,0.0,0.753,0.06874,0.39468,0.847,0.307,1.349,-0.02439,0.538,0.23725,0.066,-0.02661,0.95122,-0.346,0.437,-0.059,0.566,-0.514,0.32,-0.699,0.87,-0.34146,1.196,-1.333,0.896,-1.32,0.083,0.0,0
1,1,0,1.023,0.116,0.919,0.486,0.72990,0.51,0.59784,0.922,0.238,0.81152,0.251,0.87493,0.06438,0.71,-0.107,0.989,-0.302,1.004,-0.525,0.65924,-0.294,0.328,-0.981,0.482,-0.558,0.247,-0.87,0.081,-0.736,-0.047,-0.67699,-0.19904
1,1.358,0.0,0.97714,0.128,0.768,0.234,1.037,0.696,0.315,0.84278,0.427,0.92643,0.10289,1.276,-0.114,0.444,-0.473,0.668,-0.596,0.495,-0.68274,0.48,-0.77408,0.38,-1.225,0.17849,-0.83314,-0.019,-0.488,-0.19321,-0.67289,-0.427,-0.306,-0.465
0,1,0.0,-1.429,-1.119,0.0,0,0.718,-0.78502,0.693,0.478,-1.425,-0.602,0,0.0,0,0.0,1,-0.152,0.194,-0.63518,1.355,-1.414,-1,-1.052,1,-0.512,-1.17,-0.738,-1.017,-0.674,0.803,-0.618,0.0,0
1,1,0,0.882,0.033,0.664,0.014,0.85,0.047,0.811,0.09948,0.67801,0.194,0.675,0.059,0.843,0.095,0.70681,-0.056,0.949,0.0,0.941,0.064,0.722,0.161,0.663,0.193,0.469,0.156,0.65707,0.17539,0.59759,0.14697,0.57455,0.191
0,0.926,0.0,1,-1.215,0.0,0.0,0.77941,-0.894,1.086,0.661,-0.41912,-0.698,0.0,0.0,0.0,0.0,0.72059,-0.77206,0.973,-0.60294,0.0,0,0.174,-0.785,-1,-0.883,-1.041,-0.755,1.042,-1,1,-0.585,0.0,0.0
1,1,0,1,0.013,0.699,-0.016,1.342,-0.03436,0.692,-0.04,1.057,-0.07092,0.99173,-0.067,1.287,-0.173,0.867,-0.186,1.165,-0.174,1.087,-0.192,0.727,-0.236,1.042,-0.139,0.96490,-0.241,0.94599,-0.17123,0.675,-0.22561,0.784,-0.329
0,0.0,0,0,0.0,0.0,0.0,0,0,0.0,0.0,0.0,0.0,0.0,0.0,0.0,0.0,0,0,0.0,0.0,0.0,0.0,0.0,0,0,0.0,0.745,-0.823,0.0,0.0,0,0.0,0.0,0
1,1,0.0,0.814,-0.094,0.63318,-0.12690,0.929,-0.224,1.01,0.045,0.634,-0.007,0.83543,-0.328,0.742,-0.31395,0.99273,-0.287,0.98678,-0.236,1.037,-0.404,0.709,-0.435,0.996,-0.19233,1.127,-0.384,0.81428,-0.148,0.536,-0.321,0.782,-0.41573
0,1,0.0,0.28409,-0.464,0.0,0.0,0.345,-0.752,0.437,0.95833,0.735,0.065,0.442,-0.501,0.0,0.0,0.59091,-0.464,0.502,-0.591,0.0,0.0,0,0.0,0.24242,0.257,1.289,-0.23864,0.06061,-0.568,0.16288,-0.714,0.0,0
1,1,0.0,0.732,-0.344,1.227,-0.02,0.98898,-0.996,1.224,0.678,1,-0.13,0.808,-0.113,0.794,-0.147,0.992,-0.17681,0.946,-0.27,1,-0.285,0.79,-0.26571,1.261,-0.29852,1,-0.322,1,-0.464,0.696,-0.295,1,-0.6
0,1,0,0.0,0,0,0.0,0.0,0.0,0.0,0.0,0.62195,1.337,0.0,0,0.0,0.0,0.36585,-0.445,0.615,-0.837,0,0.0,0.0,0.0,0.0,0.0,1.293,0.156,0,0.0,0,0.0,0.0,0.0
1,1,0.0,1.039,0.004,0.689,-0.11313,0.88237,-0.16431,1.03,-0.06257,0.914,-0.04,1.101,0.023,0.582,-0.284,1.141,-0.12977,1.237,-0.08935,0.473,0.001,0.903,-0.037,0.93368,-0.19872,0.925,-0.17806,0.5,-0.176,0.835,-0.376,0.682,-0.186
0,0.561,0,0.064,0.10811,0,0.0,0,0.0,0.77,0.82432,0.311,1.013,0,0.0,0.0,0.0,0.37162,-1.071,0.27,-1.329,0,0.0,0,0.0,-0.607,-1.212,0.533,-1,0.432,-0.163,0.0,0.0,0.0,0.0
1,1,0,1.117,-0.673,0.814,-1.094,1.203,-0.97450,1.414,-0.519,1.282,-0.23229,0.455,-1.136,1.041,-0.788,1.447,-0.84,0.76771,-1.09,0.96601,-0.936,0.77,-0.946,0.61946,-0.441,0.53777,-0.77986,0.449,-1,0.753,-0.81,0.202,-0.962
0,1,0.0,0.425,-0.789,0.0,0.0,0,0,0.862,1,1,-0.358,0.0,0.0,0.0,0.0,0.435,-0.22727,0.953,-0.779,0.795,-0.631,0,0,0,0.0,0.85,-0.74,-0.078,-1.127,0,0.0,0.0,0.0
1,0.782,0.0,0.796,0.128,0.824,0.217,0.775,0.55785,0.721,0.645,0.36705,0.81533,0.123,0.85671,-0.059,0.621,-0.137,0.948,-0.34100,0.65747,-0.38,0.426,-0.60230,0.321,-0.59234,0.333,-0.794,0.08818,-0.492,-0.079,-0.789,-0.17,-0.42912,-0.342
0,1.468,0.0,0.417,-0.61000,0.0,0.0,1.004,-1,0.899,1.193,0.405,0.66,0.0,0,0.0,0,0.67000,-0.24,0.605,-0.643,0.0,0,0.0,0,0.21000,0.357,1,0.177,0,0.0,0.0,0.0,0.0,0.0
1,1.174,0,0.767,0.326,1.343,0.443,0.479,0.829,0.419,0.84222,0.213,1.285,0.065,0.88248,-0.27,1.215,-0.188,0.494,-0.698,0.469,-0.64527,0.476,-0.74102,0.285,-1.044,0.03,-0.71731,-0.11943,-0.571,-0.28183,-0.539,-0.23,-0.37432,-0.53319
0,1,0.0,0.768,0.875,-0.982,1,-0.261,0.55735,0.044,0.29730,-0.155,-0.103,-0.02,-0.105,0.01,-0.03403,0.01108,-0.004,0.004,0.00097,0.0,0.00075,-0.0,0.0,-0.0,0.0,-0.0,0,0,0.0,0.0,0.0,0.0,0.0
1,1,0.0,0.21429,-0.132,0.33333,0.102,0.267,0.165,0.23810,0.076,0.321,0.019,0.218,-0.055,0.356,-0.054,0.28571,-0.11905,0.273,0.066,0.382,0.0,0.3,-0.149,0.35714,-0.04762,0.22109,-0.026,0.19048,0.0,0.108,-0.011,0.193,-0.011
0,1,0.0,1,-0.211,1.494,0.04918,0.583,-0.019,0.732,0.01639,0.85246,-0.033,1.033,0.0,0.856,-0.124,0.122,-0.128,0.65558,-0.245,0.423,0.045,0.848,-0.29508,0.159,-0.193,0.514,-0.122,0.32787,-0.027,0.27869,-0.243,0.49180,-0.098
1,1.216,0.0,0.98182,0.0,0.88627,0.03131,0.86249,0.065,0.626,0.0,0.53,0.058,0.556,0.08436,1.112,0.051,0.809,0.23,0.68182,0.184,0.70674,0.111,0.491,0.095,0.378,0.328,0.728,0.14,0.67273,0.024,0.639,0.23,0.58840,0.17077
0,1.005,0.0,0.359,0.492,-0.694,0.11342,-0.16628,-0.76378,0.431,0.01190,0.82143,0.5,-0.985,0.372,-0.388,-0.428,0.46429,0.167,0.352,0.049,-0.51830,0.397,-0.692,-0.385,0.301,0.546,0.51971,0.371,0.741,0.39286,-0.615,-0.29915,0.302,-0.731
1,1,0,0.86889,-0.104,0.818,-0.014,1,-0.051,1.301,0.00222,0.83556,-0.086,1,-0.078,1.103,-0.249,0.816,0.047,0.88000,-0.021,0.892,-0.135,1.13,-0.203,0.994,0.02,1,-0.14162,0.768,-0.219,1.114,-0.165,0.986,-0.248
0,1,0.0,0.609,-0.07,0.298,-0.087,0.18182,-0.966,0.489,-0.033,0.175,-0.08,0.205,0.29091,0.36364,-0.413,0.284,-0.014,0.36364,0.05455,0.157,0.49091,0.367,0.175,0.32727,0.188,0.41098,-0.104,0.344,-0.075,0.184,-0.35,0.299,-0.29091
1,1,0.0,0.515,-0.783,1.356,0.75472,0.49057,-0.05660,0.636,0,0.676,-0.0,0.488,0.043,0.629,-0.05660,1.34,-0.001,0.784,0,0.682,0.101,0.727,-0.001,1,1.056,0.533,-0.002,1.138,-0.829,1,0.347,0.28,-0.11321
0,0.777,0.0,1.063,0.858,-0.76190,-0.286,0.402,-0.137,0.457,-0.14286,-0.57,0.12808,0.421,0.0,0.28571,-0.038,-0.432,0.51163,0.166,0.02,0.45238,0.04762,0.21,-0.16,-0.745,-0.10234,0.208,-0.592,1,0.0,-0.757,-0.035,0.27,0.02381
1,1,0.0,0.43750,0.06,0.58333,-0.076,0.469,0.0,0.492,-0.071,0.47917,0.0,0.37,0.10417,0.54167,0.012,0.231,-0.22917,0.401,-0.117,0.33333,0.077,0.156,0.269,0.26,-0.095,0.296,-0.094,0.36,-0.114,0.58333,-0.425,0.236,-0.06250
0,1.052,0.0,0.532,1.414,0.0,0,0.0,0,0.0,0.0,0.47744,-0.89098,-0.734,0.365,-1.216,0.28571,0.74,1,0.0,0.0,0.0,0,0.62030,0.20301,-1.414,-0.833,0.858,-0.738,0.674,1,0.0,0.0,0.0,0.0
1,1,0.0,0.95217,0.06595,0.93614,0.163,0.644,0.253,0.84881,-0.49962,0.90023,0.764,0.627,0.251,0.815,0.237,0.81,0.343,0.542,0.331,0.715,0.295,0.506,0.396,0.599,0.468,0.394,0.645,0.90330,1,0.265,0.39620,0.235,0.368
0,1,0.0,0.614,0.40332,0.82809,0.821,0.924,0.70709,1.007,-0.10984,0.734,0.07981,0.561,-0.893,0.676,1.187,0.843,-0.066,1.154,0.133,1.303,-0.438,0.556,-0.794,0.28604,-0.236,0.9,0.17076,0.772,0.4,0.831,1.084,0.81979,0.68822
1,1,0.0,0.751,0.052,1.087,-0.023,0.852,0.02555,0.873,-0.09316,0.718,-0.02,0.97980,-0.034,1,-0.037,1.342,-0.05179,0.696,0.01557,1.011,-0.137,0.97889,-0.075,0.91567,-0.192,0.95677,-0.083,0.958,0.014,0.631,-0.141,0.737,-0.048
0,0.886,0.0,0.0,0.0,-0.455,1.05,0.0,0.0,0.909,-1.464,0.695,0.247,-0.26048,-0.59212,-0.269,0.662,0.94155,0.089,0,0,0,0.0,-0.269,-0.823,0,0.0,1,-0.722,0.0,0.0,0.04447,0.546,0,0.0
1,1,0,1.088,0.009,1.103,0.01,0.68,-0.00763,0.589,-0.02844,0.99820,-0.022,0.762,-0.017,0.778,-0.02581,0.545,-0.013,0.527,0.00025,0.964,-0.026,1.27,-0.035,1.275,-0.047,0.988,-0.043,1.442,-0.02478,0.85,-0.024,0.98420,-0.04112
0,1.142,0.0,0,0.0,1.275,-0.255,0.096,-0.079,0.0,0.0,0.93243,0.088,1,-0.20000,1.424,0.035,1.024,-0.11351,0.0,0.0,1,-0.215,0.757,-0.537,0.0,0,1.171,-0.163,0,0.0,0.59,-0.25946,0.29,-0.15676
1,0.907,0.0,0.606,0.01403,0.34146,-0.024,0.51,0.024,0.277,0.12195,0.545,0.054,0.281,0.04878,0.158,0,0.36585,0,0.314,0.096,0.327,0.094,0.23698,0.078,0.222,0.071,0.19304,0.077,0.17410,0.044,0.246,0.0,0.135,0.051
0,0.981,0.0,0.602,0.522,1.264,-1,0.0,0,0.0,0.0,1,0.926,1.337,-1.257,1.128,1,1.466,-1.424,0.0,0.0,0,0.0,1,-0.232,0.0,0,0.772,-1,1.42,1,1.494,-1,0.0,0.0
1,1,0.0,0.282,0.108,0.685,0.255,0.514,0.264,0.418,0.467,0.418,0.59184,0.129,0.584,0,0.341,-0.06122,0.526,-0.20408,0.35,-0.347,0.348,-0.336,0.32653,-0.322,0.22449,-0.382,0.14895,-0.561,0.097,-0.357,0,-0.26531,-0.163
0,1,0.0,0.0,0.0,0.996,-0.779,0.0,0.0,0.0,0,0.945,1,1.013,-0.135,1,0.131,1.071,-1.276,0.0,0,0.0,0.0,1.406,1.212,0.0,0.0,0.634,-0.925,0,0,1,-1.183,0,0
1,1,0.0,0.727,0.554,1.319,0.396,1.018,0.67647,0.374,0.517,0.19118,0.833,-0.016,0.86029,-0.20588,1.041,-0.459,0.704,-0.558,0.47794,-0.73529,0.38235,-1.131,0.125,-0.426,-0.094,-0.858,-0.24131,-0.823,-0.502,-0.565,-0.50735,-0.159,-0.622
0,1,0.0,-1.255,0.145,0.22222,0.089,-0.75693,-0.858,-0.349,0.445,-0.701,0.711,-0.41,0.379,-0.568,-0.029,-0.619,-0.83007,-0.60131,-0.427,-0.04575,-1.064,0.94118,-0.8,-0.779,-0.43137,0.74385,0.059,-1.133,0.067,0.111,0.035,-0.319,-0.48241
1,1.07,0,0.26667,-0.10000,0.42,0.0,0.24,-0.159,0.287,0.093,0.575,0.01667,0.56,0.072,0.882,-0.042,0.492,0.20000,0.316,-0.017,0.31667,0.20000,1.006,0.0,0.166,0.13333,0.46214,0.07,0.582,0.042,0.616,0.018,0.41667,-0.058
0,1,0.0,-0.381,0.402,-0.161,0.12159,-0.17778,-0.066,0.069,-0.06879,0.032,0.022,-0.005,0.021,-0.01586,-0.001,-0.001,-0.00883,0.005,-0.001,0.001,0.00238,-0.001,0.00102,-0.0,-0.00050,0.0,-0.0,0.0,0.0,0.0,0.0,-0.0,0.00002
1,1,0,1.329,-0.37838,0.64865,0.29730,0.471,-0.159,0.86486,0.265,0.879,-0.332,0.396,0.0,0.663,-0.037,0.478,-0.21622,1.002,-0.146,0.529,0.053,0.75676,0.13514,0.182,-0.183,0.897,-0.255,0.615,-0.27,0.401,-0.456,0.698,-0.24324
0,1,0.0,1.009,-0.051,-1.165,-0.227,-0.841,-0.016,0.97266,0.01,0.93359,-0.029,-1,0.188,-1.072,-0.005,1.352,-0.022,1.246,-0.038,-0.99219,0.078,-0.93359,0.361,0.516,-0.00391,0.633,0.099,0.90234,-0.047,-0.643,-0.127,-1,-0.34375
1,1.312,0.0,1.094,0.02254,0.93757,-0.018,1.313,0.01214,0.837,-0.014,1.113,0.004,0.95665,-0.043,0.67,-0.005,1.137,-0.038,0.562,0.011,1.077,-0.04971,0.93815,-0.014,1.348,-0.066,0.96215,-0.018,0.97399,0.01908,0.758,-0.043,0.78,0.00809
0,0.999,0.0,1,-0.079,1.494,-0.848,0.274,-0.159,0.391,-0.18,1.244,-0.131,0.229,-0.11111,1,-0.352,1,-0.241,0.982,-0.27,0.0,-0.25000,1.178,-0.663,0.599,-0.27778,0.87,-0.57092,1.496,-0.156,1.116,-0.63156,1,-0.65935
1,1,0.0,0.399,-0.10345,0.224,-0.10345,0.20690,-0.06897,0.053,-0.048,0.019,-0.028,0.015,-0.031,0.007,-0.01,0.00281,-0.009,0.001,-0.007,-0.00003,-0.00299,-0.0,-0.00166,-0.0,-0.001,-0.0,-0.001,-0.0,-0.0,-0.0,-0.00012,-0.0,-0.0
0,0.938,0,0.403,-0.115,0.729,0.0,0.883,-0.103,0.814,-0.091,0.644,-0.11765,0.961,-0.13725,0.64706,-0.086,0.652,-0.11765,0.54902,-0.139,0.562,-0.242,0.66667,-0.285,0.303,-0.25490,0.587,-0.218,0.56863,-0.256,0.349,-0.197,0.508,-0.27451
1,0.882,0,0.25000,0.196,0.257,0.15,0.201,0.255,0.097,0.163,0.012,0.14,-0.02367,0.10188,-0.03685,0.035,-0.03766,0.03458,-0.048,0.018,-0.027,0.002,-0.01726,-0.002,-0.011,-0.007,-0.005,-0.00586,-0.003,-0.006,-0.001,-0.006,0.0,-0.00291
0,1,0.0,-0.969,0.156,0.049,0.0,0.0,0.06250,0.341,0.06250,0.258,0.0,-0.03125,0.092,0.087,0,0.224,-0.15625,0.468,-0.37500,0.0,-0.056,0.0,0.0,0.045,-0.46875,0.03125,0,-0.738,0.019,-0.046,0.0,0.0,0.066
1,1,0,0.645,-0.015,1.484,-0.014,0.515,-0.037,1.387,-0.022,1.277,-0.03243,1.067,0.087,0.578,-0.054,0.95135,0.062,0.97838,-0.004,1.021,0.06486,1.32,0.035,0.97838,0.09189,1.336,0.01251,0.676,-0.03243,1.207,0.036,1.356,-0.06
0,1.44,0.0,0.988,0.05426,1,0.097,0.609,1.301,0.91473,-0.00775,0.83721,0.03876,1.135,0.342,0.847,0.698,0.921,0.036,0.933,0.147,0.515,0.50670,0.958,-1.01,0.80620,0.04,1.127,0.385,0.889,0.058,1,1.05,0.725,1
1,1,0.0,1.233,-0.008,1.434,0.08021,0.527,0.023,0.626,0.007,0.93583,-0.01604,0.592,0.0,1.477,0.047,0.929,0.04813,0.647,0.058,1.314,0.02139,0.616,-0.01604,1.09,0.027,0.96974,0.04452,0.575,0.01,0.969,0.079,1.16,0.06417
0,0.57,0.0,-0.20500,0.302,0.293,0.10000,0.235,0.31750,0.32250,0.258,0.212,-0.489,0.108,0.263,-0.059,0.21000,-0.07,0.336,-0.293,0.439,-0.323,-0.08000,0.304,0.33176,-0.82,-0.224,0.171,-0.406,-0.47000,0.212,-0.395,-0.349,0.40445,0.03050
1,1.343,0,0.60000,0.033,0.716,0.082,0.623,0.06667,1.044,0.0,0.793,0,0.997,0.0,0.926,0.0,0.70000,0.115,0.472,0.10000,0.59,-0.035,0.76667,0.0,0.938,0.089,0.365,0.10168,0.60000,0.097,0.60000,0.14,0.754,0.22
0,0.641,0.0,0.05866,-0.008,0.051,0.01,0.0,-0.01117,0.00559,-0.035,0.013,-0.055,-0.006,0.055,0.047,-0.02,0.0,0.09497,-0.06425,0.068,-0.048,0.031,0.036,-0.00559,0.00838,0.00559,0.065,-0.009,0.037,-0.004,0.042,0,0.064,-0.03352
1,0.867,0,0.981,0.302,0.508,0.527,0.47564,0.652,0.009,0.617,-0.24871,0.84475,-0.47644,0.56079,-0.825,0.544,-0.856,0.07208,-0.721,-0.19525,-0.381,-0.521,-0.368,-0.812,-0.055,-0.409,0.227,-0.692,0.36752,-0.304,0.236,-0.203,0.538,-0.05980
0,0.657,0.0,0.05460,0.01,-0.02586,0.043,0.018,0.04598,-0.061,0.006,0.023,-0.059,-0.027,0.04310,-0.08333,-0.057,-0.074,0.071,-0.04023,0.057,0.02011,0.03,-0.025,-0.009,0.03161,-0.011,0.013,0.015,0.02586,0.017,0.021,0.01149,-0.046,-0.003
1,1,0.0,0.464,-0.011,0.48,0.008,1.081,0.00197,0.545,0.01084,1.041,-0.01,1.024,0.04,0.724,0.018,0.80099,-0.008,0.79113,-0.033,0.853,0.03350,0.74778,0.082,0.396,-0.014,0.78041,0.00612,0.941,-0.027,0.82956,0.023,0.492,0.006
0,1,0,0.03852,0.024,0.00428,0.0,0.028,-0.01997,0.022,-0.025,-0.057,-0.014,0.007,-0.013,0.0,-0.048,-0.035,-0.033,-0.02,0.03566,0.031,0.006,0.062,-0.02282,0.038,0.024,0.051,0.01569,0.02,0.007,-0.02568,-0.025,-0.021,0.01997
1,1.227,0.0,0.462,0.286,0.543,0.33598,0.179,0.47619,0.015,0.672,-0.02116,0.391,-0.34127,0.419,-0.399,0.252,-0.36,0.065,-0.5,-0.115,-0.14815,-0.14550,-0.187,-0.206,-0.331,0.00265,0.036,-0.257,0.209,-0.197,0.24868,-0.24339,0.325,0.048
0,1.132,0.0,0.11,0.00686,0.13959,-0.04119,0.15,-0.076,0.076,-0.06178,0.17,-0.015,0.12357,0.041,0.123,-0.083,0.18,-0.04805,0.101,0.083,0.147,0,0.123,-0.00229,0.188,-0.151,0.11,0.013,0.083,-0.099,0.074,-0.104,0.11670,-0.06865
1,1.045,0.0,1.377,0.453,0.457,0.575,0.177,1.002,-0.582,0.528,-0.778,0.42048,-0.76051,0.0,-0.652,-0.378,-0.38391,-0.395,-0.099,-0.462,0.49909,-0.63620,0.683,-0.474,0.73857,-0.029,0.618,0.30384,0.241,0.60512,0.02742,0.287,-0.144,0.50457
0,0.69,0,0.01975,0.00705,0.032,-0.005,0.013,0.013,0.01128,0.062,0.003,0.00141,0.011,-0.029,-0.026,0.04,-0.055,0.032,-0.015,-0.005,0.061,-0.02539,0.027,0.0,0.0,-0.01269,0.023,-0.011,0.006,-0.01551,-0.01693,-0.025,0.00705,0.0
1,1,0.0,0.85736,0.0,0.767,-0.059,0.561,-0.053,0.692,0.06,1.287,0.11949,0.967,-0.081,1.004,0.048,0.83719,-0.06796,1.21,-0.15,0.984,0.01195,1.065,0.02240,0.79686,-0.024,1.041,-0.03,1.275,-0.091,0.557,-0.01942,0.454,-0.09186
0,1.133,0.0,0.516,-1.116,0.701,0.711,-0.624,0.609,1,-1.137,1.334,-0.644,-0.502,-0.631,-1,1,1.255,1,1.276,1.209,-1,0.788,1.095,-1,1,-1.289,1,0.592,1,1.282,-0.718,0.85,-0.795,1
1,1.26,0.0,0.786,0.39252,0.395,0.76432,0.064,0.98903,-0.456,0.88744,-0.76229,0.391,-0.728,0.086,-0.538,-0.31044,-0.567,-0.804,-0.165,-1.237,0.15,-0.742,0.658,-0.406,0.77814,-0.23324,0.897,0.142,0.37830,0.697,0.149,0.876,-0.088,0.64933
0,1,0.0,1.347,0.525,1,0.51250,0.62500,-0.826,1.121,0.53,0.016,0.03125,0.873,1,0.0,0.0,0.765,-1.429,0.588,1,1.052,1,0.31250,0.521,1.031,0.992,0.581,0.943,1.468,1.482,-0.68,0.999,0.0,0
1,1.469,0,1.15,0.284,0.669,0.852,0.013,1.396,-0.575,1.132,-0.866,0.405,-0.976,0.085,-0.96078,-0.33333,-0.879,-0.569,-0.23529,-0.474,0.495,-1,0.74510,-0.72549,0.81,-0.287,0.712,0.169,0.72549,0.5,0.347,0.90196,-0.072,0.90196
0,1,0.0,0.0,0.0,-0.819,-1,-1,0.719,0.0,0.0,-1.039,1.072,1.419,0.685,0.706,-1,0.0,0,0,0.0,-1.485,-1,-1,0.841,1,0.29,0.68,-0.539,0.0,0,-1.149,-1.007,-0.643,0.631
1,0.703,0.0,0.508,0.361,0.303,0.90763,-0.255,1,-0.497,0.88889,-1.389,0.465,-0.585,-0.11111,-1,-0.181,-0.824,-0.972,0.638,-1.399,-0.182,-0.617,0.77778,-0.178,0.288,0.0,0.92120,0.518,0.754,0.84353,0.22222,1.404,-0.55556,1.428
0,0,0.0,0.0,0.0,0.0,0,0.0,0,0.0,0.0,0.0,0.0,0.0,0.0,0.0,0.0,0.0,0.0,0.0,0,0.0,0.0,0.0,0,0,0.0,1,0,0.0,0.0,0.0,0,0,0.0
1,0.716,0.0,1.447,0.0,1.289,0.0,0.722,0.608,0.846,0,0.91201,0.12094,0.89067,0.196,0.86922,0.143,0.75000,0.127,0.398,0.699,0.431,0,1,-0.262,0.526,0.50000,0.73944,0.203,0.528,0.232,0.895,0.228,0.973,0.274
0,0,0.0,-1.297,1.235,1.465,1,0,0.0,1.309,-1,0.646,-0.673,0.81,-1,-1.441,-1,0.0,0.0,-1.211,-1.114,0,0.0,0.0,0.0,-0.915,-1.452,1,-0.938,1.005,1,-1.187,-1,0.0,0.0
1,1.13,0,0.743,0.0,1,0,0.996,0.099,1,-0.11111,0.99,-0.11111,1.085,-0.22222,1.14,0.0,0.77778,0.0,1,-0.13,0.636,-0.117,0.66667,-0.063,0.657,0.0,0.513,-0.05,0.882,0.138,0.98,-0.062,0.55,0.0
0,0.0,0.0,0.0,0.0,0.0,0.0,0.0,0,0.0,0.0,0.0,0,-1.414,-1,0,0,0.987,0.802,0,0.0,0.0,0.0,-0.704,0.598,0.0,0,1.477,-1.396,-1,-1,1.447,0.54,0,0.0
1,0.512,0.0,0.578,0.347,1.333,-0.45455,1.021,0.12,1,-0.117,1.207,0.0,0.678,-0.231,1,-0.123,1.078,0.123,1.332,0,1,-0.235,1,0.075,1,-0.135,0.515,-0.067,0.8,0.257,1,-0.276,1,-0.18182
0,1.159,0.0,0.75,-0.63636,0,0.0,0.0,0.0,0.363,0.415,0.363,0.286,-0.046,0.587,0.459,0.31439,-0.289,0.32955,0.12121,-0.14773,0.016,-0.642,-0.448,0.17803,0.29167,-0.281,0.26,-0.57576,0.43182,0.275,0.229,-0.026,0.163,-0.542
1,1,0,0.935,0.161,1,0.23529,1,0.56,1.142,0.05882,1.434,0.124,0.592,0.149,1,0.238,0.929,-0.07,0.969,-0.11765,0.729,0.4,0.623,0.595,0.708,-0.11765,0.864,0.20225,0.673,0.087,0.656,0.18,1.359,0.319
0,0.955,0,0.0,0.0,-1.456,-0.463,1.425,0.584,0.07979,-0.238,-1,-0.31,0.12766,-0.337,0.803,-1,0.0,0.0,0.484,-0.089,-0.233,1.273,0.238,-0.70745,0,0,-0.271,-0.669,-0.325,-0.48936,1.053,0.558,-0.71,0.45745
1,1,0.0,0.508,0.289,0.83333,-0.16667,0.895,0.177,0.545,-0.08333,1.209,0.04167,0.942,0.105,0.883,0,1.071,0.024,1.058,0.096,0.66667,-0.061,0.812,0.209,0.741,-0.084,0.83796,0.074,1,0.235,1.057,0.0,0.843,0.04167
0,1,0.0,0.18590,-0.203,0,0.0,0,0.0,0.0,0.0,0.0,0.0,0.073,-0.19071,0.0,0.0,0.0,0,0,0.0,0.0,0,-0.05128,-0.088,0.073,0.119,0.232,-0.113,0.11,0.056,0.019,-0.04808,0.202,0.183
1,1,0.0,1.304,-0.057,0.742,-0.082,0.99246,-0.233,1,-0.33075,0.764,-0.505,1.052,-0.47265,0.58,-0.514,0.73084,-0.65224,0.751,-0.572,0.896,-1.008,0.61,-0.787,0.899,-0.96296,0.423,-1.211,0.37941,-0.588,0.175,-0.88846,0.348,-1.062
0,0.662,0.0,0.657,0.882,-1.464,0.782,-1.108,-0.731,0.278,0.276,0.46053,0.071,0.18,0.05702,0.35088,0.308,0.542,-0.059,0.22807,0.53070,0.0,0,-0.367,-0.117,1,-0.66667,1.24,-0.544,1,-0.332,0.329,0.133,0.82895,0.056
1,1,0.0,1,0.24077,0.741,0.004,0.80244,-0.164,1.194,-0.264,0.70643,-0.271,0.998,-0.238,0.493,-0.458,0.476,-0.59,0.344,-0.55059,0.327,-0.434,0.53176,-0.32681,0.356,-0.397,0.359,-0.302,0.132,-0.477,0.15657,-0.329,0.11,-0.46603
0,0,0.0,-1.113,0.733,1,-0.752,0.0,0.0,0.0,0.0,1,-0.502,1,0.506,0.0,0,1.171,-0.757,0,0.0,0.0,0,0.59,1.336,-1.462,1,1.019,-1.21,-1.424,1,-1,-1.459,0.0,0.0
1,1,0.0,0.92247,-0.135,0.96419,-0.174,0.87024,-0.22602,0.81702,-0.332,0.79271,-0.234,0.70302,-0.624,0.63338,-0.473,0.453,-0.561,0.262,-0.967,0.534,-0.491,0.455,-0.433,0.189,-0.493,0.05,-0.471,-0.09,-0.383,-0.026,-0.547,-0.085,-0.47898
0,1.128,0.0,-0.727,-0.619,-0.50694,0.739,1.42,-0.724,1.424,0.53819,0,0.0,0.23958,-1.132,1.337,0.926,0.0,0.0,0.529,1.293,1,0.602,0.0,0.0,-0.899,0.837,0.257,-0.981,1.096,-1,0.69792,-1,0.47569,1
1,0.636,0.0,0.84177,0.461,0.407,0.792,0.09916,0.93460,-0.199,0.88186,-0.72363,0.61181,-0.981,0.205,-0.672,-0.25527,-0.917,-0.826,-0.305,-0.454,0.222,-0.86498,0.51477,-0.639,0.396,-0.3,0.52,0.053,0.608,0.554,0.323,0.512,-0.004,0.69409
0,1,0.0,1,1,0,0.0,1.183,-1.343,-1.406,-1,0.817,1.0,0.561,-1,0.0,0.0,0.779,-1.329,1.111,0.533,0.0,0.0,1,-0.69,-0.925,-1.071,1.426,0.636,-0.654,1,-1.276,1,0,0.0
1,1,0.0,1.041,0.478,1.282,1.37,0.427,1.492,-0.33333,0.724,-1.315,1.117,0,1.447,-1,1,-1.448,0.0,-1.265,-0.732,-1.055,-0.92536,-1.414,-0.191,-0.33333,-1.263,0.259,-0.81,0.821,-0.936,0.0,-1,1,-0.66667
0,0,0.0,-1,1.334,-1.133,-1,0,0,-1.095,0.624,0.516,-0.644,-0.502,-1.255,-0.718,1,0.0,0.0,-1,-1.282,-0.631,0.711,0.0,0.0,1.116,-1.209,1,1,0.779,-1,0.795,1.276,0.0,0.0
1,0.626,0.0,1,0.086,0.922,0.17,1.07,0.22108,0.664,-0.12500,0.794,0.494,1,0.372,0.855,0.58986,-0.485,1,1,0.0,1.153,0.92001,0.922,0.526,1,1.015,0.859,0.788,1,0.196,0.72,0.782,1.438,1.018
0,0.0,0.0,-1,-1,0.0,0.0,0.0,0.0,0.0,0.0,0.0,0.0,0,0,1,-0.721,0.0,0.0,-0.643,-0.802,0,0.0,1,1.193,0.53,-0.873,1,-1.468,0.0,0,0,0.0,0.0,0.0
1,1,0.0,0.64947,-0.043,0.58264,-0.14380,-0.138,-0.246,0.318,0.06,0.534,-0.26339,0.34,-0.393,0.021,-0.098,0.269,-0.29441,0.099,-0.224,0.14,-0.31525,0.048,-0.262,0.025,-0.173,-0.00046,-0.324,-0.022,-0.21129,-0.069,-0.145,0.012,-0.27201
0,1,0,0.0,0.0,0.0,0.0,0.0,0.0,0,0,0.819,-0.24,0.16667,0.299,0.0,0.0,0.0,0,0.0,0.0,-0.279,-0.141,-0.224,0.90625,-0.539,0.5,0.04167,0.804,-0.156,-0.631,-0.086,-0.289,-0.131,-0.93750
1,1.235,0.0,1.399,0.041,0.582,0.10123,1.35,0.12,0.95513,-0.331,0.66026,0.308,0.919,0.25283,0.968,0.27380,0.53,0.428,0.419,0.24,0.427,0.29200,0.524,0.28476,0.249,0.27226,0.379,0.286,0.38,0.204,0.313,0.21378,0.258,0.19083
0,1,0,0.599,-0.09524,-0.548,-1.494,-1,-0.87,1,0.374,0.799,1.14,-0.999,-0.511,-1,0.621,0.513,1.427,1,0.756,0.68839,-1,-1.244,-0.81,0.82937,0.371,1.317,0.63,1.432,0.431,-0.561,-0.363,-1.373,1.039
1,1.445,0,0.615,-0.001,0.689,0.597,0.722,-0.40129,0.98,0.19,0.928,0.09061,0.765,0.052,0.91586,0.047,0.501,-0.25324,0.87379,-0.202,0.84871,0.236,0.431,-0.052,0.592,-0.02589,1.243,-0.012,1.426,0.09385,1.007,-0.054,0.747,-0.14725
0,1.012,0.0,0.526,-1,1,1,1.462,0.519,1.09,-0.3,0.918,0.655,0.557,1,1,0.687,0,0,1,1.437,0.621,1.109,1,-1.167,0.516,1.281,1.14,0.62500,1.425,-0.804,-1.044,1.037,1.009,0.552
1,1.155,0.0,1.4,0.271,0.74,-0.783,0.768,-0.125,0.674,0.15414,1,0.27820,1.177,-0.051,1,0.049,1.306,-0.245,0.83584,-0.15633,1.18,0.03728,1.128,0.084,0.693,-0.016,0.96238,-0.025,0.919,0.034,0.726,-0.1,0.96523,-0.11717
0,1,0,0.309,-1,-1,-1,-0.1,0.965,1,0.872,0.936,-0.57,-0.52,-1.137,-0.054,1.34,0.46,0.46502,0.252,-0.257,-0.075,-0.20188,-0.097,0.09,0.043,0.098,0.018,-0.012,-0.004,-0.011,-0.00761,0.002,0.0,0.00325
1,1.345,0.0,0.436,0.57,0.80804,-0.194,1.226,-0.085,0.807,-0.105,0.998,0.194,0.642,0.011,1.421,0.02487,1.141,-0.112,0.95663,0.07717,1,0.003,0.90306,0.30804,0.951,-0.14541,0.81,-0.002,0.75638,0.117,0.511,-0.142,1.362,-0.05740
0,0,0,0.0,0.0,0.0,0.0,0.0,0.0,0,0,0.0,0.0,0.507,0.938,1.2,0.558,1.285,-1,0.0,0.0,1,1,1.457,-1.474,1.087,0.865,0.815,0.0,1,0.872,1.201,-0.759,0,0
1,1.372,0.0,0.931,-0.28428,1.087,-0.341,0.94623,-0.326,0.534,-0.30566,1.054,-0.525,0.942,-0.44119,0.941,-0.58899,0.821,-0.833,0.59623,-0.298,0.814,-0.70975,0.53,-0.87327,0.302,-1.036,0.354,-0.517,0.39,-0.967,0.089,-0.73145,0.135,-0.70000
0,1,0.0,0.0,0.0,0.0,0,0.0,0.0,-0.776,-1,0,0.0,0.706,-1.428,0.0,0.0,-1.004,-1,-1,-1.326,0.959,-1,-0.60000,-0.576,1,0.883,-1.048,-0.166,1.335,-1.186,0.0,1.282,0.0,0
1,1,0.0,1.037,0.123,0.95455,-0.09091,0.77273,0.0,0.745,0.0,1.032,0.0,1,0.043,0.537,-0.038,0.838,0,0.756,0.0,1.089,0.076,1.136,0.125,1.286,0.054,0.826,0.02897,1.244,0.09091,1.25,-0.132,0.86364,0.04545
0,0.0,0,0.0,0.0,-0.721,0.848,0.78,1,-1,-0.564,0.0,0,-1.198,-1,-1,-0.257,-0.893,-1,1.227,-1.114,1.02,-1.464,0,0.0,1.232,-1,-1,-1.263,0.0,0.0,0.541,-0.668,0.0,0.0
1,1.492,0.0,0.91176,-0.091,0.97059,0.102,0.82353,0.062,0.939,-0.034,0.685,-0.145,0.97059,0.112,1.104,0.019,1,0.0,0.781,0.0,1.07,0.138,0.559,0.02941,0.489,0.02941,0.518,0.016,0.94118,-0.168,1.27,0.065,0.91176,0.05882
0,1,0.0,-1.395,1,-1.069,0.09,0.179,1.185,-1,1,-0.545,-1.336,1,1.2,-1.213,-0.23476,0.143,-0.883,0.655,1.252,-0.31402,-1,-1.098,-1,0.958,-0.717,-0.949,-0.035,0.602,-0.644,-0.753,-0.316,0.18,1
1,1.322,0,0.27,-0.1,0.97,0.014,1.001,0.022,0.733,-0.063,0.68421,0.0,0.511,0.059,0.78315,0.059,0.84211,0.47368,0.957,0.045,0.569,0.054,0.705,0.113,0.537,0.309,0.65419,0.053,0.52632,-0.21053,0.60150,0.11,0.432,0.09719
0,0.769,0,-0.004,-0.376,0.0,0.0,-0.022,1,0.0,0.0,0.0,0.0,0,0.0,0.0,0.0,0.0,0,0.201,0.92949,-0.35256,0.997,-0.402,-0.895,0,0,-0.747,-0.51282,0.0,0.0,0,0.0,0.0,0.0
1,1,0,1.271,0.45455,0.779,0.651,1.119,0.394,1.183,-0.111,0.514,0.0,0.441,-0.298,0.606,0.27273,0.585,-0.646,1,-0.27273,0.7,-0.492,0.51,0.097,0.853,-0.05,1,0.08867,1,0.491,1.168,0.759,1.073,0.27273
0,0.0,0,-1.433,-0.637,1,-1,-1.051,1.398,0,0.0,0.849,-1,1,-1.132,0.0,0.0,0.0,0.0,0,0.0,-1.382,0.538,0.81,-1,-0.879,0.726,1.187,1,0.0,0.0,0.603,0.625,0.0,0
1,1,0,0.45455,0.062,0.941,0.133,0.236,0.258,0.63636,0.0,0.496,-0.12,0.431,-0.131,0.362,-0.01343,0.378,-0.201,0.358,0,0.416,-0.111,0.27273,0.212,0.315,-0.103,0.272,-0.009,0.27273,0.0,0.435,0.0,0.28985,-0.01832
0,0.907,0.0,-1,-0.313,0.0,0,-0.927,0.734,-1.079,1.434,0.0,0.0,0,0.0,0.0,0,0.0,0.0,0,0,-1,-1.136,0.0,0.0,0.396,0.131,0.828,0.51613,0.0,0,0.0,0.0,0,0.0
1,0.541,0.0,0.94,0.079,1,0.71429,1.34,0.793,0.619,-0.14286,0.85714,-0.087,1,0.02534,1.239,0.0,0.42857,-0.154,0.877,0.045,1,-0.406,0.744,0.0,0.269,-0.306,1,0.031,1.135,0.05182,1.368,0.295,1.121,0.0
0,0,0,0.937,1.311,1.022,-0.974,1.022,0.81,1.369,1,1,0.801,1.461,-1,0.97,1.164,1,-1,1,-1.001,1.325,1.252,1,0.994,1.167,-1.113,1.037,0.966,1.085,1.489,1.226,1.068,1,1.422
1,1,0.0,0.579,0.608,0.655,1.011,0.055,1.342,-0.38033,0.87916,-0.649,0.862,-1.296,0.16731,-0.82417,-0.367,-0.59383,-0.402,-0.282,-0.46,0.234,-0.523,0.745,-0.57430,0.69274,-0.161,0.632,0.153,0.325,0.582,0.38,0.326,-0.06739,0.57552
0,0,0,0.61,-1,1,0.601,1.468,-1,1,1.33,0.673,-1.203,0.778,-1,0.688,-1.274,1.339,1.409,1.311,0.689,1.415,1.416,1.466,-0.758,1,1.071,1.219,1.352,0.573,1.378,1,1.436,0.989,-1
1,1,0.0,0.479,0.04174,1.314,0.178,0.549,0.164,0.83675,0.36526,0.925,0.447,0.692,0.40552,0.931,0.403,0.365,0.605,0.438,0.52180,0.558,0.463,0.423,0.827,0.196,0.55274,0.362,0.545,0.165,0.53448,0.155,0.727,0.11573,0.46571
0,0,0.0,1.397,1,1,-0.584,1.108,-1.326,0.661,1.099,0,0,1.24,-0.951,0.0,0.0,0.0,0,0.0,0,-1.01,0.735,1,0.587,0.0,0.0,1.307,1,0.0,0.0,-1.378,-1.449,0.0,0
1,1,0,0.93537,0.186,1.379,0.328,1.229,0.324,0.74,0.295,0.737,0.663,0.65260,1.075,0.75,0.698,0.537,0.837,0.15,0.85952,0.13712,0.85615,0.006,0.804,-0.07361,0.79780,-0.236,0.438,-0.376,0.933,-0.38532,0.94,-0.261,0.723
0,0,0.0,1.336,-1.001,-1.383,1,-1.354,1.164,1,0.729,1.423,0.795,-1.047,-0.522,-0.664,-0.633,0.665,0.564,1.309,-0.605,-1.03,-1.074,-1,-1,1,0,0.897,-1.491,1,-0.511,-1.354,1,-0.544,1
1,1,0,0.80627,0.161,0.604,0.346,0.722,0.125,0.36923,0.302,0.591,0.46439,0.215,0.57308,0.319,0.321,0.09,0.282,-0.135,0.487,-0.03462,0.42885,-0.131,0.496,-0.077,0.386,-0.149,0.184,-0.23832,0.29541,-0.17,0.271,-0.252,0.39
0,0.0,0,0.516,-0.557,1.437,1,1,-0.555,1,1.09,1.037,-1.009,1,0.687,1.462,-1.14,1.012,-1.393,0.519,1.281,0.621,1,1.073,-0.6,0.526,-1,1.167,-1,1,1.425,1.109,-0.655,1,0.552
1,0.878,0,0.97467,0.159,0.948,0.2,1.147,0.365,0.646,0.378,1.198,0.45217,0.986,0.52284,0.537,0.315,0.58548,0.852,0.586,0.64,0.405,0.68159,0.238,0.906,0.26832,0.76210,0.16813,0.575,0.056,0.557,-0.035,0.575,-0.076,0.74242
0,0,0.0,0,0.0,0.945,1,0.0,0.0,0.961,1.34,0.0,0,0.52,-1.433,0.0,0,0.0,0.0,0,0.0,0,0.0,0.0,0.0,0.0,0,1.3,-1.312,0.0,0,-0.558,0.935,0.0,0
1,1,0,1.363,0.15451,0.86399,0.29757,0.72582,0.196,1.04,0.56830,0.54,0.62719,0.53,1.004,0.363,0.962,0.19128,0.731,0.053,1.102,-0.18,0.658,-0.119,0.795,-0.221,0.359,-0.223,0.482,-0.662,0.406,-0.792,0.555,-0.56231,0.179
0,0,0.0,0.0,0.0,0.865,1,1.087,1.234,0.0,0,0,0.0,-1.457,-0.706,0,0.0,-1.2,-1,0.0,0.0,0.0,0,1.162,0.558,0.0,0.0,1.468,1,0.0,0,-1,1.474,0.0,0.0
1,1,0.0,1.255,0.204,0.443,0.742,0.198,0.87892,-0.035,1.024,-0.39597,0.874,-0.628,0.524,-0.82960,0.362,-0.485,-0.113,-0.607,-0.364,-0.669,-0.688,-0.196,-0.343,0.09562,-0.608,0.30406,-0.602,0.43227,-0.29838,0.488,-0.09461,0.392,0.12556
0,0,0.0,1,-0.883,1.497,0.564,1.428,1.282,1,1,1.326,1.335,0.913,-0.716,0.706,1,0.77,0.719,1,-1.141,0.959,-1.004,1,-1,1.186,-1,0.576,0.828,0.905,-0.993,1.048,1,0.947,0.788
1,1,0.0,0.958,-0.451,1.01,0.149,0.81,0.115,0.568,0.05252,1.037,0.21225,0.605,0.284,0.68798,0.476,0.537,0.17287,0.871,-0.024,0.547,0.42528,0.751,0.44872,0.792,0.792,0.44174,0.368,0.139,0.745,0.207,0.448,0.30588,0.49831
0,0.0,0,0.0,0,0,0,0,0.0,0.0,0.0,0.0,0.0,0,0.0,0.0,0.0,0,0.0,0,0.0,0.0,0.0,0.0,0.0,0.0,0.0,0.893,1,0.0,0.0,0,0.0,0.0,0.0
1,1.173,0.0,0.94649,0.005,0.97287,-0.002,0.603,0.004,0.95801,0.01598,1.034,0.041,0.97213,0.027,1.472,0.013,1.319,0.07135,0.551,-0.004,0.69,0.04980,0.732,0.079,0.729,0.076,0.987,0.045,0.97473,0.005,0.97845,0.092,1.431,-0.00260
0,0.0,0.0,1,1.069,-1.395,-0.505,-0.883,-1,0,0.0,0.0,0,-0.949,-1.2,0,0,0.0,0.0,0.0,0.0,-0.633,1.098,1.185,1,0.0,0.0,0.655,-0.589,0.0,0,-1,-1.202,-1.252,-1
1,1,0.0,0.398,-0.133,0.71442,0.009,0.71063,0.031,0.9,0.01282,0.34615,0.066,0.489,0.026,0.652,0.044,0.638,0.057,0.655,-0.04662,0.778,0.079,0.403,0.079,0.84033,0.15,0.721,0.08304,0.565,0.099,0.72,0.068,0.54632,0.09346
0,1,0.0,0.583,1.444,0.91973,-0.402,1.097,0.028,0.745,0.098,0.86789,0.73746,0.70067,0.212,0.862,0.166,1.036,-0.165,0.70736,0.267,0.64883,0.358,0.325,0.77425,0.723,-0.656,0.672,0.132,0.455,0.545,1,-0.068,0.343,0.23913
1,0.62,0,1.044,-0.046,1.016,-0.35,0.539,-0.563,0.80000,0.071,0.45556,-0.235,0.514,-0.074,0.51,-0.83519,0.384,0.01852,1.0,-0.087,1.327,-0.216,1,0.21,0.69630,-0.26481,1.101,-0.307,0.941,0.026,0.746,-0.27105,0.77,-0.57037
0,0.726,0.0,0.339,0.13,0.222,0.07393,0.26459,0.273,0.257,0.19,0.19455,0.26,0.238,0.36965,0.125,0.22957,-0.03891,0.549,0.041,0.262,0.136,0.062,0.066,0.29961,-0.019,0.356,-0.06024,0.158,-0.204,0.079,-0.075,0.176,-0.19066,0.28794
1,0.947,0,0.57540,-0.033,0.75198,-0.05357,0.872,-0.008,0.53968,0.03373,0.535,0.09921,0.59127,-0.019,0.372,0.018,1.022,0.028,0.796,0.008,0.356,-0.034,0.642,0.051,0.383,0.034,0.697,-0.01237,0.706,-0.157,0.823,-0.01389,0.913,-0.025
0,1.327,0,0.04,-0.15271,-0.037,0.085,0.08374,-0.02,-0.009,0.18719,0.06404,0.0,0.095,-0.054,0.05911,0.0,0.028,-0.033,-0.119,-0.20690,0.036,0.013,0.059,0.03,0.116,0.16256,0.28079,-0.04926,-0.067,-0.103,0.05,0.041,0.041,-0.098
1,1.34,0.0,0.879,0.059,0.70694,-0.077,0.363,0.018,0.74273,0.002,0.71029,0.117,0.71588,-0.00224,1.012,0.08,0.83669,-0.206,0.68680,-0.057,0.855,-0.015,0.755,0.073,0.71253,-0.053,0.69845,-0.016,0.388,0.046,0.85,-0.05145,0.613,-0.053
0,1,0.0,0.282,0.419,0,0,-0.29620,-1,0.0,0.0,0.071,-0.059,0,0.0,0.0,0.0,0.0,0.0,0.0,0.0,0.008,0.68101,-0.2,0.413,-0.084,0.35696,0.055,-1,0.0,0.0,0.087,-1.422,0.0,0
1,0.665,0.0,0.806,-0.013,1.162,-0.031,1.324,-0.012,0.89175,-0.12755,0.82208,-0.073,0.78,0.017,0.90782,-0.161,0.484,-0.09,0.524,-0.035,0.87996,-0.179,0.82851,-0.182,0.90139,-0.12,1.275,-0.162,0.84352,-0.181,0.471,-0.18542,0.595,-0.16827
0,1.416,0.0,0.324,-0.655,0.0,0,0,0.0,0.46458,0.614,0.405,0.022,0.0,0.0,0.0,0.0,0.16458,-0.45417,0.721,-0.263,0.0,0.0,0.0,0,0.566,-0.246,-1,-0.61,-0.27917,-0.75625,0.0,0.0,0,0.0
1,1,0,1.005,0.01,1.287,0.01305,0.589,0.015,0.525,-0.059,0.90103,-0.085,0.686,-0.015,0.925,-0.103,0.956,-0.074,0.89451,-0.04024,0.725,-0.12126,1.02,-0.099,0.754,-0.14138,0.447,-0.11808,1.266,-0.111,1.121,-0.146,0.717,-0.12235
0,1,0,0.0,0.0,0.661,0.115,1.12,-0.012,0.0,0,1.015,-0.419,0.735,0.283,1.099,-0.029,1,-0.883,0.0,0,0.587,-0.05,1,-0.13,0.0,0,1.108,-1.397,0,0.0,1.326,0.078,0.90667,-0.09556
1,1,0.0,0.509,0.035,0.85143,-0.002,1.165,0.00714,0.79571,-0.024,0.491,0,1.117,-0.087,1.068,0.003,0.693,-0.055,1.162,-0.107,0.76857,-0.115,0.84286,-0.029,0.992,-0.064,0.81598,-0.124,0.913,-0.10429,1.189,-0.05000,0.922,-0.196
0,0.665,0.0,0.0,0.0,0,0,0.0,0.0,0.0,0.0,0.0,0.0,-1,1.354,0.729,0.737,0.0,0.0,0,0.0,0.0,0,0.0,0,0.0,0,1,1.074,0.0,0.0,0.0,0,0,0.0
1,1.059,0.0,0.481,0.02,0.283,-0.061,0.429,-0.022,0.414,0.052,0.44675,0.05974,0.706,-0.135,0.636,-0.027,0.52727,-0.051,0.55325,-0.01039,0.251,-0.02,0.648,-0.015,0.59221,0.0,0.667,-0.045,0.43117,0.03377,0.54545,-0.047,0.58961,-0.057
0,0.0,0.0,0,0.0,0.0,0,0,0,0.0,0.0,0.0,0.0,0,0.0,0.0,0.0,0.0,0.0,0.0,0,0,0,0.0,0.0,0.0,0,1.037,-0.516,0.0,0.0,0.0,0.0,0.0,0
1,0.535,0.0,1,0.5,0.914,0.25000,0.25000,0.674,0.168,1.243,-0.172,0.80454,-0.3,0.60793,-0.43820,0.437,-0.44,0.122,-0.282,0.005,-0.183,-0.067,-0.194,-0.147,-0.058,-0.178,-0.025,-0.124,0.009,-0.07036,0.016,-0.05,0.02249,-0.02017
0,1.475,0.0,0,0.0,0.0,0,1.255,1.433,-1.312,-1,0.0,0,0.917,-0.11111,0.0,0.0,0.0,0,-1.463,1.3,0.985,0.52,1,-0.961,0.0,0.0,0.838,-0.81,0,0.0,0.0,0,0.935,1
1,1.414,0.0,0.87048,0.38027,0.35,0.69212,0.462,0.86625,-0.02,0.90740,-0.42173,0.79346,-0.70561,0.702,-0.925,0.187,-0.772,-0.072,-0.771,-0.424,-0.247,-0.62861,-0.192,-0.666,0.232,-0.893,0.558,-0.418,0.784,-0.366,0.425,-0.084,0.44,0.16645
0,1.087,0.0,0.0,0,0.0,0,0.0,0,-0.938,0.695,0.0,0.0,1.201,0.48,-0.12000,-0.176,0,0.0,-1,-1,0.0,0.0,0.558,-1.257,0.0,0,1,0.33,0.0,0.0,0.0,0.0,0,0.0
1,0.928,0,0.943,0.42,0.882,0.77655,0.204,1.074,-0.324,0.861,-0.384,0.38,-1.069,0.33652,-1.305,-0.036,-0.77356,-0.435,-0.315,-0.391,-0.147,-0.819,0.26384,-0.922,0.55984,-0.55910,0.72147,-0.266,0.994,0.05,0.684,0.484,0.34749,0.57656
1,0.706,0.0,0.32834,0.014,0.15236,0.223,0.177,0.709,-0.25706,0.661,-0.104,0.19380,-0.56,0.25786,-0.94053,-0.031,-0.168,-0.205,-0.218,-0.44615,-0.088,-0.85597,0.02668,-0.189,0.253,-0.06,0.266,-0.118,0.367,-0.152,0.226,0.13296,0.142,0.234
1,1,0.0,1.226,0.566,0.54040,0.601,0.121,0.89402,-0.278,0.867,-0.522,0.59564,-0.729,0.21909,-0.84442,-0.24164,-0.59714,-0.59,-0.146,-0.87787,0.104,-1.123,0.602,-1.048,1.071,-0.284,0.926,0.094,0.942,0.675,0.386,0.70011,-0.024,1.035
1,1,0.0,0.352,-0.043,0.59085,0.00481,0.819,-0.054,0.536,0.008,0.475,-0.07461,0.67028,0.085,0.491,-0.056,0.603,0.047,0.67148,0,0.319,0.059,0.447,0.035,0.65945,0.178,0.885,0.02019,0.524,0.04452,0.558,-0.006,0.735,-0.122
1,1,0.0,0.519,-0.018,0.448,0.039,0.72243,0.16912,0.518,0.111,1.215,0.411,0.525,0.008,0.406,0.253,1,0.047,0.372,0.03,0.883,0.044,0.52022,-0.145,0.802,-0.088,0.636,0.07124,0.345,0.08640,0.395,0.07458,0.60294,0.21691
1,0.589,0.0,0.584,0.227,0.69,0.024,0.77486,0.02647,0.65077,-0.08,0.829,0.096,0.373,0.056,0.545,0.035,0.68615,-0.08923,0.404,0.16,0.924,0.054,0.612,0.08041,0.381,-0.091,0.321,0.086,0.653,0.25692,0.53389,0.09207,0.326,0.09322
1,1.158,0.0,0.68317,0.079,1.121,0.00202,1.017,0.00301,1.074,0.09901,0.599,0.035,0.81892,0.008,0.634,0.007,0.46,-0.12447,0.77935,-0.037,0.449,0.006,1.102,0.012,0.762,-0.04243,0.815,0.01,0.62235,0.124,0.501,0.01190,0.456,0.014
1,1,0.0,0.424,0.0,0.551,0.067,0.291,0.049,0.34,-0.024,0.235,-0.115,0.556,0.037,0.524,0.014,0.405,0.191,0.468,0.14783,0.42174,-0.03,0.432,-0.164,0.256,-0.009,0.41789,0.06908,0.38696,0.025,0.35217,0.14783,0.44783,0.17391
1,0.51,0,0.933,0.09417,0.609,0.20656,0.871,0.174,0.69320,0.41252,0.787,0.637,0.626,0.822,0.49210,0.691,0.183,0.397,0.228,0.938,0.114,0.367,0.028,0.474,-0.052,0.601,-0.11925,0.60696,-0.18226,0.569,-0.218,0.266,-0.27339,0.531
1,0.567,0.0,1,0.09802,1.25,0.221,0.98390,0.33044,1.152,0.426,1.036,0.60297,0.627,0.387,0.55311,0.718,0.31,0.524,0.161,0.79777,0.09709,0.843,-0.01734,1.186,-0.081,0.456,-0.22839,0.577,-0.23,0.723,-0.456,0.463,-0.347,0.243
1,1.137,0.0,1.044,0.154,0.824,0.215,0.78896,0.376,0.699,0.85,0.414,0.71016,0.314,0.76161,0.24266,0.592,0.079,1.177,-0.09159,1.1,-0.20201,0.7,-0.30263,0.68,-0.205,0.398,-0.552,0.242,-0.50314,0.27252,-0.52823,0.262,-0.713,0.073
1,1.407,0.0,0.723,0.144,0.549,0.33143,0.871,0.49960,0.73678,0.63842,0.59215,0.809,0.698,0.83614,0.276,0.841,0.094,1.058,-0.004,1.06,-0.215,0.89383,-0.274,0.463,-0.618,0.76482,-0.865,0.66335,-0.69,0.651,-0.652,0.329,-0.691,0.26092
1,1,0.0,0.91767,0.18198,0.86090,0.35543,0.376,0.508,0.45,0.869,0.478,0.74922,0.34,0.769,0.169,1.187,0.00396,0.85210,-0.176,0.477,-0.35996,0.967,-0.589,0.574,-0.603,0.292,-0.334,0.40972,-0.403,0.366,-0.407,0.166,-0.793,0.06
1,1.022,0.0,0.767,0.235,0.518,0.414,0.642,0.52500,0.205,0.22273,0.137,0.887,-0.075,0.476,0,0.48636,-0.337,0.436,-0.526,0.36818,-0.36591,0.18864,-0.40533,0.07588,-0.393,-0.047,-0.328,-0.164,-0.27540,-0.28,-0.25,-0.287,-0.116,-0.218
1,1,0.0,0.374,-0.60927,0.568,0.778,1.194,0.07285,0.56623,0.202,0.32781,0.221,0.50331,0.12252,0.561,0.19868,1.051,0.625,0.352,0.13907,0.362,0.392,0.847,0.107,0.608,0.26653,0.302,0.302,0.307,0.37,0.628,0.356,0.604,0.173
1,1.466,0.0,1,0.154,0.481,-0.12144,0.81594,0.059,0.408,0.007,0.791,-0.083,0.465,0.167,0.705,0.056,0.53131,-0.026,0.69450,0.243,0.72676,0.07211,0.317,0.086,0.755,0.37381,0.338,0.14,0.209,0.425,0.44141,0.23,0.752,0.15180
1,0.738,0.0,0.439,0.068,0.468,-0.034,0.765,-0.044,0.78,-0.075,0.59582,-0.07666,0.67260,-0.064,0.584,-0.095,0.39199,0.052,0.71254,0.01394,0.831,-0.051,0.747,-0.097,0.386,-0.134,0.48659,-0.09128,0.568,-0.071,0.44277,-0.08,0.361,-0.09808
1,1,0.0,1,0.088,0.568,-0.00482,0.96683,-0.00722,0.837,-0.03923,0.965,0.01419,0.95,-0.01,0.529,-0.01671,0.723,0.01,1.321,-0.08848,0.846,-0.016,1.198,-0.026,0.649,0.028,0.924,-0.04,1.326,-0.05843,1.004,-0.043,1.021,-0.021
1,0.937,0,0.592,-0.139,0.42784,-0.112,0.70103,-0.433,0.943,0.04,0.377,-0.283,0.49485,0.134,0.45361,-0.17,0.546,0.06186,0.737,-0.27320,0.708,0.189,0.265,0.121,0.70619,0.222,0.728,-0.12447,0.147,-0.266,0.266,0.024,0.663,-0.51546
1,1,0.0,0.86,-0.061,0.687,0.035,0.408,0.188,0.65358,-0.005,0.672,0.118,0.48,-0.43418,0.72517,0.798,0.59584,0.101,0.654,0.287,0.63279,-0.169,0.70951,0.083,0.409,0.231,0.352,0.237,0.919,0.061,0.66316,0.19841,0.39,0.36721
1,1,0.0,0.56,-0.035,0.87,0.019,0.872,0.018,0.738,0.021,0.395,-0.00449,0.882,-0.05,0.564,0.007,0.494,0.02472,0.64719,-0.098,0.56854,0.14157,0.366,-0.04,0.384,0.033,0.56588,0.004,0.47640,-0.03596,0.54607,0.055,0.767,-0.053
1,0.557,0.0,0.369,-0.007,0.95,-0.04207,0.63107,-0.036,0.511,0.05,0.67314,0.05,0.738,0.228,0.60194,-0.02,0.603,-0.04531,0.46926,-0.10032,0.756,0.191,0.406,0.21683,0.562,-0.029,0.45105,0.001,0.173,-0.062,0.685,-0.10680,0.182,-0.029
1,0.742,0,0.68,0.08,0.677,0.041,0.79,0.074,0.443,-0.007,0.423,0.11852,0.59753,0.036,0.571,0.071,0.78272,-0.245,0.744,-0.10864,0.48642,0.00988,0.704,0.08148,0.755,-0.166,0.63773,-0.018,0.516,0.026,0.424,-0.091,0.51358,-0.056
1,1,0.0,0.60678,-0.02712,0.628,0.06,0.779,-0.043,0.677,0.055,0.70508,-0.07797,0.56,-0.02034,0.488,0.102,0.616,0.112,0.304,-0.019,0.692,0.006,1.025,-0.049,0.52881,-0.018,0.57262,0.004,0.327,-0.004,0.58983,-0.022,0.32,0.06780
1,0.941,0,0.49515,0.05,0.29612,0.05825,0.332,0.0,0.57282,-0.028,0.58252,0.02,0.474,0.054,0.745,0.007,0.257,-0.057,0.493,0.004,0.299,0.05825,0.279,0.38,0.381,-0.218,0.36547,0.051,0.253,0.17476,0.391,0.0,0.215,-0.01942
1,1,0,1.148,0.018,1.356,0.299,1.007,0.423,0.939,0.48906,1.085,0.51879,0.48,0.743,0.327,0.369,0.31800,0.70443,0.2,0.949,0.082,1.082,0.032,0.617,-0.16489,0.69714,-0.115,0.5,-0.208,0.286,-0.488,0.44195,-0.314,0.37465
1,1,0.0,0.975,0.147,0.553,0.483,0.793,0.259,0.78,0.631,0.731,0.501,0.458,0.443,0.233,0.84804,0.05,0.443,-0.175,0.79749,-0.26180,0.999,-0.37835,0.71676,-0.721,0.392,-0.685,0.542,-0.61899,0.30796,-0.682,0.18345,-0.949,0.02968
1,0.576,0.0,0.786,0.247,0.964,0.362,0.897,0.62415,0.382,1.002,0.353,0.88291,0.10107,0.47,-0.062,1.184,-0.203,0.716,-0.43707,0.558,-0.55769,0.48120,-0.459,0.474,-0.64658,0.16,-0.66651,0.02,-0.64872,-0.127,-0.817,-0.19,-0.56,-0.35032
1,1.448,0.0,1.334,0.19959,0.727,0.40803,0.80514,0.476,0.56687,0.79,0.399,0.83230,0.216,0.89489,0.056,0.919,-0.257,0.83939,-0.253,0.578,-0.592,0.861,-0.854,0.516,-0.575,0.39,-0.695,0.131,-1.021,-0.04399,-0.75199,-0.134,-0.66932,-0.353
1,1.464,0,0.538,0.158,0.80486,0.477,0.301,0.992,0.39,0.821,0.133,1.11,-0.24,0.89335,-0.355,0.734,-0.58835,0.533,-0.413,0.539,-0.543,0.136,-0.81317,-0.033,-0.884,-0.26883,-0.63237,-0.46438,-0.586,-0.61446,-0.201,-0.412,-0.074,-0.71273
1,0.706,0.0,0.931,0.35157,0.67333,0.361,0.287,1.35,-0.03643,0.491,-0.299,0.75334,-0.144,0.273,-0.472,0.424,-0.746,0.125,-0.47359,-0.06193,-0.891,-0.07,-0.192,-0.361,-0.121,-0.53620,0.07158,-0.51925,0.285,-0.34,0.512,-0.30057,0.299,0.084
1,1,0.0,0.349,0.065,0.23308,0.17293,0.029,0.479,0.079,0.232,0.06266,0.135,-0.045,0.07,-0.076,0.075,-0.037,0.045,-0.041,0.01,-0.045,-0.003,-0.028,-0.01176,-0.01755,-0.015,-0.012,-0.01475,-0.001,-0.01250,0.001,-0.00948,0.002,-0.00647
1,1.003,0,0.673,-0.35526,1,0.522,0.43,-0.007,0.82519,0.185,0.50188,-0.406,0.65977,0.06391,0.721,0.14662,0.625,-0.302,0.76128,0.029,0.637,0.162,1.121,-0.322,0.488,-0.065,0.609,-0.135,0.637,-0.161,0.092,-0.144,0.44767,-0.086
1,1.039,0,0.83609,0.13215,0.612,0.067,0.802,0.08315,0.145,0.119,0.288,0.206,0.561,0.098,0.638,0.13507,0.191,0.022,0.26,0.101,0.478,0.087,0.358,0.106,0.14,0.195,0.231,0.14314,0.26429,0.16137,0.271,0.13632,0.193,0.13198
1,1,0.0,1.196,0.11933,0.85738,0.01038,1.164,0.009,0.395,-0.00278,0.455,0.128,0.649,0.018,0.484,0.042,0.576,0.017,0.865,0.02405,1.193,0.066,0.764,0.064,0.967,0.02220,0.79058,0.074,0.438,0.113,0.482,0.07090,0.785,0.07508
1,1,0,0.494,0.035,0.678,0.256,0.718,0.244,0.986,-0.053,0.88598,-0.018,1.074,-0.161,0.488,0.19964,0.477,-0.067,0.642,-0.014,0.786,-0.358,0.765,-0.25101,0.86661,-0.09193,1.277,-0.02908,0.78774,-0.046,0.949,0.116,0.88238,0.094
1,1,0.0,0.557,0.02,1.126,0.134,0.384,0.154,0.74313,-0.09188,0.569,0.028,0.97921,-0.006,0.834,0.07,1.352,0.055,0.615,0.021,0.849,-0.08048,1.443,0.0,0.873,-0.01,0.96,0.02552,0.72435,-0.01073,0.90409,0.11066,0.69,0.039
1,1.238,0,0.538,0.28,0.063,-0.14,0.62316,0.01006,0.45562,-0.04438,0.795,0.026,0.593,0.27515,0.649,-0.033,0.63,0.127,0.454,0.063,0.52767,0.023,0.51183,-0.088,0.444,-0.02,0.53,0.03259,0.414,0.152,0.168,-0.09,0.194,-0.00296
1,1,0.0,0.59887,0.14689,0.775,-0.169,0.917,-0.13936,0.80979,0.015,0.475,0.017,0.67420,-0.024,0.80791,-0.184,0.289,-0.262,0.767,-0.182,0.998,-0.00377,0.456,0.06215,0.417,-0.171,0.689,-0.105,0.656,-0.018,0.511,-0.355,0.373,-0.22034
1,0.801,0,0.84713,-0.03397,0.859,-0.095,1.22,0,0.903,-0.101,0.769,-0.17,0.813,-0.095,0.77495,-0.18684,0.78132,-0.248,0.61996,-0.099,0.79193,-0.215,0.894,-0.05,1.208,-0.245,0.758,-0.271,0.687,-0.228,0.72611,-0.496,0.638,-0.24
1,1,0,1.284,-0.045,0.83424,0.047,0.522,0.051,0.77174,-0.028,1.135,-0.052,0.475,-0.10598,0.441,-0.00543,0.585,-0.306,1.174,0.03261,1.249,-0.074,0.518,-0.27989,0.85054,-0.278,1.016,-0.10211,1.256,-0.036,0.522,-0.127,0.694,-0.008
1,0.573,0,0.581,-0.187,0.757,0.216,0.444,0.064,0.69565,-0.15,0.66798,-0.23518,1.072,-0.19170,0.887,0.025,0.478,-0.005,0.9,-0.174,1.162,-0.174,0.87,-0.307,0.67194,-0.10474,0.612,-0.16,0.863,-0.28,0.37549,0.048,0.61067,-0.01383
1,1.112,0,0.547,0.11308,0.484,0.006,0.636,0.102,0.47894,-0.089,0.52993,0.014,0.63858,-0.217,0.674,-0.049,0.54545,-0.116,0.52993,-0.053,0.399,-0.144,0.42,-0.199,0.214,-0.20177,0.328,-0.115,0.348,-0.02882,0.75,-0.069,0.648,-0.04435
1,1,0.0,0.615,0.27475,0.943,0.382,0.817,0.89,0.257,1.311,0.135,0.53,-0.148,0.966,-0.21,0.783,-0.38,0.592,-0.872,0.45535,-0.81856,0.184,-1.041,-0.08079,-0.772,-0.26356,-0.686,-0.5,-0.54732,-0.77,-0.30512,-0.66700,-0.191,-0.75597
1,1.106,0.0,1.151,0.29282,0.471,0.568,0.882,0.71596,0.342,0.92651,0.06,0.978,-0.263,1.296,-0.724,1.044,-1.052,0.343,-0.823,0.519,-0.517,0.06040,-0.93618,-0.19838,-0.83192,-0.46906,-0.618,-0.436,-0.345,-0.85725,-0.199,-0.93953,0.148,-0.888
1,1,0.0,1.256,0.16,0.73232,0.579,0.227,0.58527,0.077,0.633,-0.121,0.827,-0.455,0.71996,-0.555,0.197,-1.214,0.48,-0.664,-0.008,-0.78973,-0.223,-1.041,-0.45478,-0.323,-0.346,-0.437,-0.81876,-0.02979,-0.933,0.369,-0.82127,0.00194,-0.855
1,1,0.0,0.947,0.28993,0.955,0.47702,0.521,0.764,0.313,1.145,-0.052,0.82,-0.445,0.77681,-0.277,0.483,-0.785,0.31291,-1.123,0.023,-0.615,-0.083,-0.737,-0.39168,-0.458,-0.52954,-0.16950,-0.525,0.08425,-0.461,0.165,-0.321,0.21,-0.35339
1,1,0.0,1.084,0.378,0.393,0.646,0.537,0.84266,0.129,0.874,-0.141,0.973,-0.506,0.519,-0.70747,0.912,-0.486,0.36750,-1.342,0.05595,-0.89824,-0.376,-0.73969,-0.284,-0.263,-0.829,-0.286,-0.86122,0.051,-0.481,0.36021,-1.112,0.331,-0.60270
1,1,0.0,0.605,0.168,0.504,0.786,0.34962,0.847,0.152,0.586,-0.18976,0.797,-0.49,0.806,-0.872,0.437,-0.846,0.234,-0.72180,-0.049,-0.62030,-0.19,-0.688,-0.53463,-0.197,-0.66014,-0.018,-0.634,0.22708,-0.64428,0.43100,-0.661,0.473,-0.223
1,1.475,0.0,0.549,-0.036,0.966,-0.021,0.838,-0.07635,0.63,0.01456,0.771,-0.014,1.32,-0.039,1.424,-0.07149,0.772,-0.125,0.97264,-0.179,1.462,-0.05252,1.196,-0.089,0.97352,-0.081,0.929,-0.185,0.884,-0.137,0.97132,-0.15755,0.96778,-0.18800
1,1,0,0.762,-0.013,1.387,0.015,1.416,-0.01472,0.95878,-0.006,0.715,-0.055,0.97173,-0.025,1.322,-0.037,0.488,-0.039,1.087,-0.058,0.501,-0.032,0.92815,-0.063,0.92049,-0.029,1.06,-0.048,0.90342,-0.083,1.237,-0.07244,0.528,-0.07420
1,1,0.0,1.414,-0.074,0.91324,-0.002,0.836,-0.17123,1.385,0.219,0.91781,0.003,0.93607,-0.124,0.801,-0.003,0.814,-0.094,0.97032,-0.21233,0.706,0.057,0.749,-0.05251,1.363,0.06849,1.16,-0.107,1.338,-0.14,0.744,-0.104,0.49,-0.21918
1,0.671,0.0,0.52542,-0.036,0.94915,0.045,0.65,-0.193,0.163,-0.018,0.73,-0.07,0.766,0.177,0.827,-0.35593,0.638,0.01695,0.828,0.048,0.59322,0.30508,0.86441,0.049,0.40678,0.158,0.836,-0.002,0.66102,-0.031,1.117,-0.209,0.76271,-0.098
1,1,0.0,0.476,-0.177,0.589,0.175,0.38889,0.16667,0.345,0.099,0.593,-0.11111,0.31,-0.08443,0.58333,0.33333,0.526,0.042,0.334,-0.19444,0.453,-0.063,0.304,-0.021,0.499,0.075,0.485,-0.143,0.172,-0.13889,0.337,-0.147,0.06,-0.5
1,1.448,0.0,0.646,0.745,1.028,0.53810,0.839,1.094,0.45622,0.672,0.33081,1.376,0.301,0.591,-0.146,1,-0.277,0.755,-0.685,1.303,-0.502,0.71699,-0.88500,0.49,-1,0.35175,-1,0.09569,-0.902,-0.173,-1.47,-0.319,-0.993,-0.552
1,0.564,0,0.887,0.506,0.559,0.315,0.284,0.548,0.275,0.70792,0.13469,0.94749,-0.144,0.795,-0.37604,0.985,-0.52742,0.793,-0.913,0.834,-0.70163,0.24956,-0.79147,0.022,-1.25,-0.263,-0.70352,-0.445,-0.343,-0.11,-0.421,-0.497,-0.175,-0.562
1,1,0.0,1.199,0.472,0.503,0.764,0.45625,0.61,0.16470,0.82732,-0.13012,0.716,-0.543,0.877,-0.59435,0.395,-0.497,0.162,-0.593,0.046,-0.62041,-0.18,-0.274,-0.504,-0.349,-1.012,-0.052,-0.364,0.14690,-0.539,0.37093,-0.39167,0.676,-0.136
1,1,0,0.705,0.421,0.38,0.877,0.45571,0.88576,0.11,0.564,-0.14,0.609,-0.604,0.791,-0.769,0.38,-0.93104,0.26020,-1.173,-0.05,-0.834,-0.247,-0.715,-0.368,-0.36,-1.021,-0.04,-0.91221,0.27330,-0.85762,0.54827,-0.971,0.907,-0.524
1,1.034,0.0,1.222,0.36924,0.71976,0.68420,0.373,0.743,-0.106,0.76527,-0.31605,0.92453,-0.921,0.592,-0.924,0.625,-0.554,0.113,-0.64,0.034,-0.66431,-0.66278,-0.326,-0.446,-0.155,-0.839,0.171,-0.986,0.384,-0.70247,0.58,-0.677,0.917,-0.13194
1,1.109,0.0,1,0.087,1,-0.036,0.752,0.01373,1.213,-0.178,1,-0.02,1.012,-0.01731,1.218,-0.049,1,-0.042,0.658,0.05900,0.915,-0.086,0.979,-0.039,1,-0.22978,1,-0.044,0.529,0.096,0.608,-0.161,1.039,-0.054
1,1,0.0,0.487,-0.002,0.86421,-0.078,0.94982,-0.006,0.446,-0.304,0.508,0.123,0.779,-0.14247,1.207,-0.026,1.037,-0.102,1.135,0.61739,1.476,-0.16321,1.094,-0.101,1.09,-0.02,0.648,-0.011,0.82427,-0.016,0.80634,-0.01957,0.75,-0.02039
1,0.603,0.0,0.427,0.303,0.801,0.52312,0.614,0.372,0.137,0.83548,-0.241,0.868,-0.593,0.72328,-0.305,0.315,-0.75436,0.122,-0.69977,-0.104,-0.806,-0.19,-0.40637,-0.244,-0.148,-0.438,0.012,-0.48707,0.19030,-0.452,0.31008,-0.263,0.34572,-0.046
1,0.506,0.0,0.696,0.35232,0.68389,0.741,0.364,0.593,0.05832,0.787,-0.29784,1.263,-0.62635,0.95,-0.77106,0.478,-0.85803,0.121,-0.901,-0.189,-0.64579,-0.474,-0.455,-0.68337,-0.076,-0.655,0.199,-0.424,0.40675,-0.442,0.802,-0.543,0.829,-0.144
1,0.603,0,0.813,0.446,0.677,0.889,0.415,0.923,-0.041,0.721,-0.521,0.465,-1.114,0.58511,-0.769,0.25133,-1.225,-0.08,-0.76064,-0.548,-0.50931,-0.76197,-0.138,-0.88591,0.178,-0.85703,0.786,-0.68593,0.42,-0.446,0.72,-0.054,0.478,0.27926
1,1,0.0,1.072,-0.211,1,-0.20253,0.87342,-0.109,0.457,0.007,1.368,0.153,0.566,0.06329,1.027,-0.024,0.471,-0.456,0.98,-0.01266,1.064,0.09,1.11,0.25316,0.62025,-0.47,0.524,-0.052,1.269,-0.034,0.5,0.02532,0.793,-0.02532
1,1,0.0,0.599,0.00840,0.864,0.024,1.013,0.02469,0.86555,0.017,0.673,0.057,0.79093,0.062,0.627,0.052,0.81,0.198,0.979,0.042,0.71285,0.097,0.68895,0.081,0.97,0.091,0.845,0.08296,0.61,0.016,0.679,0.08757,0.824,0.08891
1,1,0.0,1.251,0.026,1.365,0.009,1.079,0.019,0.92765,0.08010,1.233,0.074,0.994,0.053,0.559,0.027,0.87339,0.042,0.638,0.0,0.592,0.07047,1.278,0.07,0.483,0.135,0.86923,0.131,0.486,0.114,0.85198,0.10134,0.84258,0.10698
1,1,0.0,1.416,-0.008,1,-0.003,0.989,-0.01565,0.61,-0.009,0.689,-0.02809,1.468,-0.032,1.271,-0.044,0.99528,-0.025,1.399,-0.049,0.573,-0.052,1,-0.05039,1.219,-0.067,0.99842,-0.05527,1.322,-0.083,1.061,-0.045,1.363,-0.06668
1,1,0,0.813,-0.03168,0.532,0.046,0.966,0.01386,1.086,0.02772,0.91287,-0.00990,0.94059,-0.01584,0.759,0.028,0.551,0,1.395,0.021,1.006,0.011,0.882,-0.011,0.659,0.027,1.311,0.018,0.753,0.002,0.452,0.024,1.164,0.027
1,1.397,0.0,0.857,0.01773,1.378,-0.01773,0.91,0.00709,0.562,0.062,1,0.026,1.239,0.015,1.056,0.021,0.988,-0.031,0.994,-0.028,1.068,0.07801,0.965,0.12,0.526,0.047,0.94305,0.018,0.94681,0.02482,1.326,0.01064,0.93617,0.015
1,0.55,0,0.39394,-0.314,0.62655,0.019,0.503,0.09091,0.357,0.13,0.192,-0.21212,0.849,0.15152,0.447,0.0,0.725,0.062,0.51515,0.034,1.159,0.234,0.30303,-0.15152,0.696,0.077,0.46362,0.036,0.312,-0.031,0.426,0.079,0.373,0.152
1,1,0.0,0.931,0.239,0.72014,0.66667,0.225,0.451,0.08646,1.188,-0.192,0.887,-0.51763,0.885,-0.456,0.217,-1.043,0.115,-0.726,-0.086,-0.738,-0.613,-0.32537,-0.57679,-0.039,-0.59954,0.219,-0.477,0.32309,-0.19,0.462,-0.144,0.231,0.01820
1,0.526,0.0,0.89563,0.249,0.67311,0.69438,0.238,1.262,-0.058,0.93345,-0.38875,0.84414,-0.888,0.785,-0.875,0.193,-0.961,-0.066,-0.71,-0.429,-0.51778,-0.516,-0.262,-0.73855,0.059,-0.401,0.29,-0.369,0.52414,-0.477,0.316,-0.13,0.889,0.08660
1,1,0.0,0.90547,0.456,0.6,0.74761,0.196,0.95905,-0.156,0.97820,-0.27,0.572,-0.806,0.792,-0.6,0.084,-0.518,-0.142,-1.001,-0.59379,-0.419,-0.442,-0.025,-1.336,0.36318,-0.85368,0.77,-0.61959,1.257,-0.169,0.466,0.126,0.81,0.46301
1,1,0.0,1,0.674,0.272,0.074,0.166,1.088,-0.202,0.679,-0.382,0.37685,-0.766,0.443,-1.3,-0.08867,-0.441,-0.34236,-0.635,-1.066,-0.029,-0.693,0.177,-0.204,0.73792,-0.531,0.777,-0.069,0.742,1,0.38670,0.002,0.17758,0.79790
1,1,0.0,0.521,0.759,0.45455,0.178,0.06061,0.189,-0.403,0.95,-0.609,0.48485,-0.567,0,-0.755,-0.12121,-0.186,-0.709,-0.09091,-0.711,0.393,-0.57576,0.556,-0.397,1,-0.312,0.72961,0.123,1.43,0.553,0.347,0.344,0.083,0.213
1,1,0.0,0.713,0.0,0.94817,-0.031,1.33,-0.018,0.90244,0.012,0.90244,0.015,1.399,0.005,0.523,0.003,1.345,0.02744,0.94207,-0.01220,0.483,0.034,1.044,0.082,0.948,0.072,0.89666,0.033,0.686,0.012,0.941,0.032,0.97561,-0.01220
1,1,0.0,0.584,0.101,0.79078,-0.12,1.333,-0.022,1.305,0.009,0.663,0.106,1.136,-0.007,1.212,0,0.93262,0.176,0.661,-0.01,0.91489,0.006,0.408,0.07092,0.692,0.089,0.785,0.08165,0.77660,0.073,1.075,0.18085,0.92553,0.0
1,0.614,0.0,0.386,0.127,0.826,0.005,1.31,0.01471,0.586,-0.01418,0.496,0.10638,0.847,0.041,0.87235,0.046,1.374,0.105,0.95035,0.045,0.456,0.044,0.84931,0.054,0.991,0.134,1.037,0.06014,0.921,-0.03546,0.81710,0.06800,0.878,0.071
1,1,0.0,1.251,0.048,1.346,0.003,0.89210,0.005,0.621,0,0.996,0.07453,0.615,0.007,0.497,0.01,0.978,-0.048,0.85714,0.033,0.697,0.013,0.471,0.01749,1.054,-0.04348,0.82111,0.02,0.972,0.08696,0.765,0.02308,0.725,0.028
1,1,0.0,0.97513,0.006,0.98579,0.018,1.354,0.02,0.99290,0.013,0.566,0.022,0.998,0.03552,1.115,0.028,0.97869,0.031,1.427,0.056,0.97158,0.068,0.94494,0.072,0.98401,0.045,0.97540,0.076,0.725,0.069,1.364,0.067,0.737,0.102
1,1.263,0,1.336,0.012,0.78,0.01105,0.573,0.013,0.99448,-0.017,0.99448,-0.00221,1.212,0.02320,0.893,0.006,0.827,0.004,1.327,0.02,1.435,0.00663,0.98122,0.019,0.7,-0.008,1.0,0.009,0.805,0.014,0.98564,0.011,0.75,0.02762
1,1.173,0.0,1,-0.01342,1.03,0.016,1.431,-0.00224,0.781,0.052,0.561,0.025,0.556,0.018,1.117,0.097,1.155,0.03356,0.581,0.03579,0.99776,0.131,0.95749,0.07383,0.697,0.10067,0.759,0.062,1.089,0.054,1,0.094,1.177,0.132
1,1,0,0.666,0.359,0.67123,0.67382,0.251,1.048,0.02424,1.3,-0.207,0.919,-0.389,0.786,-0.429,0.46,-0.643,-0.004,-0.741,-0.313,-0.52504,-0.517,-0.329,-0.446,0.006,-0.352,0.326,-0.593,0.44569,-0.383,0.54209,-0.21542,0.676,0.02823
1,0.957,0.0,0.90147,0.41786,0.377,0.594,0.30440,0.715,-0.131,0.762,-0.55483,0.979,-0.467,0.485,-0.96986,0.12,-0.945,-0.271,-0.844,-0.773,-0.428,-1.134,0.087,-0.94172,0.654,-0.82154,0.525,-0.635,0.89415,-0.155,1.216,0.20359,0.708,0.54852
1,0.979,0.0,0.372,0.058,0.15970,0.158,0.14020,0.74485,-0.337,0.545,-0.192,0.385,-0.583,0.159,-1.015,-0.00337,-0.235,-0.169,-0.30522,-0.354,-0.14426,-1.282,0.09345,-0.421,0.345,-0.113,0.261,-0.086,0.31005,0.05614,0.165,0.228,0.087,0.26422
1,1.476,0.0,0.65845,0.472,0.344,0.951,0.063,0.527,-0.433,0.452,-0.368,0.52408,-0.433,0.07111,-0.989,-0.34,-0.643,-0.728,-0.024,-0.67,0.199,-0.447,0.56663,-0.634,0.707,-0.18645,0.874,0.23713,0.565,0.388,0.20549,0.76764,-0.18533,0.74356
1,0.76,0,0.269,0.046,0.04198,0.214,-0.132,0.48866,-0.18321,-0.18321,-0.253,0.033,-0.477,0.09160,-0.16412,-0.438,-0.083,-0.331,0.206,-0.154,0.404,-0.076,0.153,-0.116,0.21,0.279,0.021,0.435,-0.057,0.27,-0.095,0.16794,-0.30153,-0.33588
1,1.167,0.0,0.582,0.001,1,0.0,1.132,-0.001,0.94721,0.029,1.384,0.02130,0.848,0.037,1.077,0.035,0.93929,0.05713,0.93552,0.05279,0.97738,0.058,0.744,0.049,1.375,0.064,1.1,0.05,1.263,0.08088,0.752,0.08126,0.843,0.095
1,0.603,0.0,0.681,-0.042,0.615,0.003,0.994,-0.01214,0.86821,-0.082,0.631,-0.1,0.84624,0.041,0.436,-0.104,0.76,0.06705,1.04,0.049,0.888,-0.02370,0.78844,-0.06012,1.1,-0.02370,0.477,-0.031,0.917,-0.071,0.70058,-0.04220,1.125,0.011
1,1,0.0,0.35346,-0.167,0.652,-0.02423,0.68195,-0.031,0.55717,-0.068,0.666,-0.057,0.62099,-0.036,0.735,-0.045,0.578,-0.26409,0.552,0.071,0.558,-0.08771,0.525,-0.046,0.571,-0.005,0.524,-0.09038,0.442,-0.058,0.32232,-0.064,0.179,-0.089
1,1,0,0.76046,0.01092,0.837,0.00258,0.695,0.005,0.79988,0.02304,1.069,0.123,0.831,0.008,1.218,0.012,0.806,-0.076,0.891,0.039,0.898,0.014,0.767,0.012,0.618,-0.004,0.757,0.014,0.811,0.00849,0.621,0.01484,0.874,0.01525
1,1,0,0.432,-0.017,0.541,0.083,0.435,0.50137,1.094,-0.001,0.843,-0.165,0.40164,-0.31,0.26,0.86,0.702,0.31831,0.78552,0.16,0.518,-0.665,1,0.01,0.60656,0.103,0.844,0.17088,1.233,0.052,0.341,0.36,0.08,0.48087
1,1,0.0,0.83508,0.119,0.73739,-0.157,0.657,-0.032,1.28,-0.065,1.076,0.16,0.488,0.099,0.79307,-0.121,1,-0.028,1.294,0.065,1.286,0.016,0.588,0.046,0.95378,-0.058,0.562,0.00123,0.688,0.12815,1.152,-0.065,0.90546,-0.04307
1,1.398,0.0,1.401,0.003,0.786,-0.02723,0.93438,-0.01920,0.808,0.018,1.042,0.03281,0.94171,0.081,0.94625,-0.011,0.97173,0.001,0.7,0.038,0.92670,0.125,0.846,0.149,1.069,0.014,1.073,0.066,0.93159,0.048,0.572,-0.0,0.473,0.04712
1,1.378,0.0,1.049,-0.0,0.93207,-0.019,0.961,-0.046,0.95584,0.018,0.908,0.025,0.92595,0.027,0.93954,-0.01461,0.902,0.011,0.924,0.018,1.324,0.1,0.592,0.062,1.165,0.022,0.92489,0.02542,0.82,0.025,0.92459,0.003,0.92697,-0.00577
1,0.905,0,0.508,-0.017,1.212,-0.02,1.304,-0.03646,1.265,0.001,0.529,-0.048,0.89061,-0.021,0.90608,-0.066,0.91381,-0.00884,1.054,-0.19,1.144,0.014,0.92155,-0.02320,0.501,-0.02,0.89147,-0.101,0.787,-0.108,1.24,-0.042,0.731,-0.16243
1,0.664,0.0,0.84710,0.13533,0.964,-0.066,0.87873,0.052,1.326,-0.052,0.824,0.06678,0.439,-0.003,0.527,-0.015,1.245,-0.061,0.782,-0.03515,0.81722,-0.129,0.711,0.023,0.86467,-0.15114,0.491,-0.067,0.78207,-0.005,1.026,-0.078,0.439,-0.06151
