1,1.086,0,0.99539,-0.072,0.968,0.03,0.83398,-0.448,1.279,0.03760,0.862,-0.185,0.363,-0.292,0.546,-0.365,0.788,-0.38542,0.745,-0.32192,0.651,-0.29674,0.36946,-0.571,0.396,-0.305,0.59,-0.454,0.21266,-0.363,0.288,-0.301,0.227,-0.251
0,1.112,0.0,1,-0.106,0.93035,-0.272,-0.127,-0.969,0.693,-0.041,0.50874,-1.007,0.34432,-0.623,-0.51685,-1.057,0.04,-0.62237,0.33109,-0.905,-0.13151,-0.31,-0.157,-0.201,-0.171,-0.26569,-0.131,-0.205,-0.183,-0.111,-0.223,-0.042,-0.1,-0.033
1,1,0,1.066,-0.048,0.861,0.007,1,-0.12062,1.288,0.015,0.901,0.029,1.121,0.00827,0.607,0.002,0.653,-0.13644,0.711,-0.055,0.70887,-0.27502,0.325,-0.131,0.705,-0.379,0.802,-0.162,0.251,-0.166,0.60436,-0.132,0.619,-0.293
0,1,0.0,0.609,-0.45161,0.976,0.715,1.051,-1,0.0,0.0,0.0,0.0,0.0,0.0,-1.261,0.14516,0.35,-0.542,-0.975,-0.54467,-0.69975,1,0.0,0.0,0.797,1.184,0.51613,0.664,1.189,-0.20099,0.219,1.245,-0.462,0.79
1,1,0.0,0.597,-0.025,0.492,0.06531,0.886,-0.315,0.453,-0.16399,0.52798,-0.167,0.56409,-0.005,0.289,-0.297,0.724,-0.21780,0.535,-0.133,0.064,-0.35575,0.02309,-0.785,0.019,-0.527,0.177,-0.53206,0.019,-0.465,-0.08,-0.804,-0.051,-0.855
0,0.804,0.0,0.02337,-0.004,-0.09924,-0.124,-0.007,-0.104,0.122,0.05,0.046,-0.078,0.0,0,-0.04572,-0.181,-0.00343,-0.067,-0.093,-0.046,0.024,0.02,0.01,0.00888,0.03513,-0.008,-0.035,0.09223,-0.059,0.008,0.0,0.0,-0.0,0.12011
1,1.478,0,0.86,-0.074,0.694,-0.209,0.856,-0.28350,0.727,-0.27342,1.185,-0.401,0.614,-0.325,0.729,-0.61436,0.57945,-0.626,0.399,-0.966,0.272,-0.76562,0.378,-0.862,0.307,-0.81634,0.171,-0.556,0.051,-0.881,-0.036,-0.81318,-0.172,-0.80975
0,0,0.0,0.0,0.0,0.0,0.0,1.404,-1.268,0.0,0.0,-1,-0.562,0,0,0,0.0,1.222,1.043,-1,-1.428,0.0,0,0.0,0.0,1.16,0.984,0.67,0.965,0.0,0,1.422,0.623,0.0,0
1,1,0.0,0.96355,-0.054,0.947,-0.212,1,-0.163,1.006,-0.185,1.166,-0.429,0.753,-0.504,1.135,-0.282,0.98305,-0.332,1.078,-0.612,0.75346,-0.514,0.664,-0.554,0.85106,-0.65440,0.324,-1.045,0.17,-0.63919,0.626,-0.72779,0.465,-0.446
0,0.768,0.0,-0.01864,-0.123,0.0,0.0,0.0,0,0.168,-0.158,-0.481,-0.22,0.0,0.0,-0.423,0.403,-0.275,0.167,0.63728,0.22115,0.0,0.0,0.0,0,-0.164,-0.015,0.124,-0.023,0,0,0.242,0.24086,-0.11,0.38065
1,0.988,0.0,0.864,0.066,1.372,-0.148,0.98,-0.379,0.628,-0.43107,1.462,-0.288,0.96232,-0.51874,1.032,-0.59017,1.272,-0.559,0.617,-0.886,0.498,-0.76320,0.63081,-0.558,0.55867,-0.993,0.571,-1.273,0.40303,-0.994,0.30996,-0.686,0.319,-0.57
0,0.809,0.0,1.441,-0.604,0.609,-0.821,1.482,-1.406,1.416,0.347,1,-0.408,0.861,0.845,1.024,-1.304,0.676,-0.29354,1,-0.779,0.548,1.115,0.589,1,1,-0.59,0.563,-0.62745,1,-1.236,1,-1,1.383,-0.718
1,1,0.0,0.604,-0.153,1.432,-0.116,0.99999,-0.15197,1.326,-0.19277,0.672,-0.35151,0.598,-0.221,0.638,-0.178,0.94486,-0.389,0.837,-0.435,0.86043,-0.47308,0.82987,-0.703,0.759,-0.623,0.85,-0.702,0.678,-0.629,0.598,-0.924,0.837,-0.476
0,0.537,0,1,-1.204,1.383,0.27,0.839,-0.375,1,-0.108,0.875,0.35147,1,0.114,1,-0.191,1.409,-1.367,1.209,-1.418,0.368,0.223,1,0.612,1,-0.17012,1.272,0.502,1.486,-0.94,1.031,0.548,1.263,-0.159
1,1,0,1.377,0.094,1,0.049,1.215,-0.082,1,0.097,1,0.231,1.186,0.23,1.425,0.157,1.126,0.092,1,0.247,1.348,0.44758,0.686,0.41750,1.315,0.299,1.342,0.36743,0.753,0.473,0.754,0.213,1.446,0.527
0,0.606,0.0,0.509,-0.944,1,0.148,-0.028,-1,0.625,-0.974,0.469,-1.451,0.0,0,-1,-0.329,-0.339,0.034,0.986,-0.724,0.0,0.0,0.0,0.0,-0.16253,0.561,0.28,0.26501,0.0,0.0,1,0.23188,0.0,0
1,1.341,0.0,0.574,0.06,1,-0.016,1.396,0.016,1.215,0.034,1.127,0.056,1.011,0.109,0.94212,0.032,0.88809,0.162,0.716,0.08631,0.824,0.162,1.165,0.14442,0.599,0.13412,0.622,0.13638,1.07,0.142,0.77122,0.179,0.481,0.12015
0,0.0,0,0.0,0.0,-0.832,-0.945,1,1.043,-1.316,0.67,-1,1.451,0.85,-0.878,1.167,1.314,-0.604,-1.168,-0.679,1.086,1,-1.053,-1,1,-0.73,1.163,1.084,-0.903,-1,1,-0.659,-0.592,1.212,-1
1,0.707,0.0,0.653,0.016,0.637,0.033,0.368,0.205,0.08776,0.268,0.518,0.115,0.62099,0.14285,0.408,0.082,0.333,0.216,0.073,0.41224,0.435,0.21326,0.36,0.224,0.296,0.23724,0.632,0.344,0.43433,0.25306,0.55,0.242,1,0.193
0,0,0,1,-1.031,0,0.0,0.0,0,1,1.288,1.431,-1,-1.074,1.467,0.0,0.0,-1.048,1.318,1.121,0.973,-1.105,0.722,0.912,0.329,-1.376,1.306,0.543,1.14,0.708,-0.649,1.001,1,0.872,1
1,1,0.0,0.598,-0.00612,1.332,-0.099,0.642,-0.042,1,-0.10605,0.567,-0.095,0.658,-0.39489,0.805,-0.131,1.194,-0.466,0.869,-0.222,0.91693,-0.644,0.492,-0.563,0.81874,-0.498,0.872,-0.556,0.75784,-0.382,0.823,-0.329,1.089,-0.45039
0,0,0.0,1.181,1,0,0.0,0.0,0.0,-1.162,-1.102,0.0,0,0,0,-1.211,-0.815,-1.211,-1.433,-0.914,1,-0.754,1.259,0.0,0.0,0.0,0.0,1.027,-1.17,-0.552,1.109,-1.374,1,-1.422,1
1,1,0.0,0.96071,0.038,1.247,0.064,1,0.092,1.016,-0.062,1.283,0.035,1.189,-0.06,1.023,0.09831,0.76544,0.002,0.906,-0.054,0.65961,-0.109,0.943,-0.057,0.398,-0.095,0.336,-0.027,0.433,-0.01251,0.51310,-0.0,0.52099,-0.003
0,0.0,0,-1.446,1.47,0.0,0.0,0,0,-0.884,1.256,0.773,1.333,0.0,0.0,0.0,0,1.463,-1,-0.821,1.432,0.798,0.818,0.0,0,-0.597,-1.003,1,-1,1.096,1.402,-0.658,1,0.0,0.0
1,1.433,0.0,1,-0.032,1.342,0.036,0.822,-0.03,1,-0.01707,0.917,-0.11726,0.433,-0.053,0.93392,-0.06598,0.617,-0.06,0.731,-0.20367,0.94,-0.319,0.994,-0.167,0.881,-0.203,0.605,-0.432,0.892,-0.309,0.291,-0.26284,0.5,-0.39487
0,1,0.0,0.595,0.57820,0.983,-1.281,0.934,-1,1.188,-1.045,1.279,-1.22,1.224,-0.954,1.135,-0.902,1,-1.313,1,-0.554,0.607,-0.718,0.553,-1,1.086,-0.651,1,-0.905,1.065,-1.436,0.682,-1.206,1,-1
1,0.563,0.0,0.727,-0.049,0.641,-0.192,0.86635,-0.56,0.94817,0.44,0.662,-0.556,0.984,-0.284,1.307,-0.243,0.683,-0.413,0.133,-0.956,0.90284,0.11053,0.565,-1.056,0.802,-0.966,0.418,-0.869,0.40650,-0.89674,0.32984,-0.92128,-0.128,-1
0,0,0.0,-1.248,-0.943,0.0,0,-1.226,1.313,1.418,-0.462,0.0,0,0.0,0.0,0.0,0,0.73,-0.75,-0.941,-1.36,0.78,-0.546,0.0,0,0.581,-1,-0.951,0.956,-1.38,-1.085,0.0,0,-1,1
1,1,0.0,1.426,0.08,0.609,0.17387,1,-0.095,0.652,0.629,1,0.476,1.346,0.615,1.377,0.70758,0.976,0.825,1.305,0.752,0.918,1.245,0.98042,0.851,1.158,1.189,0.543,1,0.585,1.261,0.949,0.797,0.52479,1
0,0.0,0.0,-0.764,-1,1.409,1.186,1,-0.597,-1.038,0.769,1,-0.585,-1.349,-0.84,0.0,0.0,0.821,1.332,-1,-1.116,1,-1,1.068,-0.745,0.523,1.302,1,-0.962,0.809,-1.355,-1.368,1,1,-0.588
1,0.755,0.0,0.851,-0.107,1,-0.212,1,-0.286,1,-0.09,0.773,-0.225,1.163,-0.341,0.652,-0.21975,1,-0.207,0.801,-0.302,0.919,-0.394,0.879,-0.404,1,-0.593,0.98820,-0.399,0.828,-0.829,1.038,-0.75761,1.269,-0.84437
0,1,0.0,1.312,-1,1,0.977,1,-0.64,0.846,-1,1.254,-1.347,0.733,-0.02,1.478,-1,1.184,1.101,1,-0.6,1.007,0.749,1,-0.923,0.0,0.0,0.836,1.053,0.842,-0.986,0.881,0.785,1.223,1
1,1.404,0.0,0.529,-0.109,0.93408,-0.109,1.215,-0.103,1.12,-0.186,0.778,-0.223,0.813,-0.31463,0.82116,-0.35924,0.80681,-0.411,0.912,-0.49,0.472,-0.671,0.945,-0.483,0.781,-0.442,0.319,-0.381,0.50179,-0.397,0.47075,-0.666,0.42189,-0.58086
0,0.926,0,0.71253,-0.026,0.41287,-0.184,0.98019,-0.113,0.51,-0.10236,1.275,-0.103,0.58965,0.764,0.798,-0.985,0.82270,-0.225,1.014,-0.172,-0.36,0.62,0.44,0.05456,0.812,-0.124,0.883,-0.619,0.784,-0.21901,0.743,-1.29,-0.22,-0.563
1,1.0,0.0,1,-0.15899,0.803,0.27686,1.186,-0.849,1.333,-0.411,0.577,-0.732,1.082,-0.132,0.453,0.14638,1.256,0.291,0.768,0.389,1.006,-0.01891,1.069,-1.223,0.773,0.14803,1,-0.069,1.432,-0.092,0.508,0.673,1,-0.57758
0,0.864,0.0,0.654,-1.426,0.84,0.628,1,-0.8,0.653,-0.357,1.372,-0.98,0.639,-0.89375,0.77,0.73393,0.241,0.70982,1.21,0.869,0.692,0.69,0.996,-1,1.472,0.85357,1.386,-0.08571,0.95982,-0.256,0.695,0.905,1.138,0.34732
1,0.718,0.0,0.833,0.004,1.383,-0.01209,0.821,-0.02960,0.609,-0.038,1.411,-0.06,1.406,-0.097,0.658,-0.045,0.92561,-0.13665,0.972,-0.14327,0.857,-0.14248,1.367,-0.135,0.996,-0.272,1.261,-0.221,0.955,-0.19,0.494,-0.20101,0.83867,-0.20766
0,0.0,0,1.203,1.002,1.143,-1.373,0,0.0,0.0,0.0,-1,-0.517,0.0,0.0,0.0,0.0,-0.742,0.619,0.87,0.714,-1.385,1.326,-1,1,1,-1.293,1,0.928,-1.322,0.624,1,1,0.0,0.0
1,1,0,0.798,0.065,0.924,0.02280,0.891,0.05345,0.93582,0.019,1.256,0.06348,0.92766,0.167,0.823,0.033,0.53,0.18,0.709,0.205,0.80983,0.153,0.932,0.209,0.744,0.152,0.892,0.168,0.66387,0.158,1.002,0.137,0.913,0.159
0,1.494,0.0,0.972,0.036,1.42,0.026,0.97545,0.096,0.757,-1,1.005,0.073,0.88462,0.636,0.924,0.18,0.702,0.15189,1.43,0.41003,0.65850,0.123,0.731,0.145,0.616,0.185,0.707,0.221,0.43481,0.15436,0.451,0.193,1,0.686
1,1,0.0,1.153,0.06538,1,0.20746,1.105,0.146,0.999,0.205,0.86773,0.366,0.75474,0.5,1.129,0.717,0.65954,0.651,0.35,0.795,0.29,0.67135,0.453,0.67,0.339,0.692,0.249,0.453,0.194,0.70682,0.082,1.054,0.055,0.504
0,1,0.0,-1.392,-1,0.678,1,1,-0.14375,0.0,0.0,-1.265,1.01,1.428,1.452,0.106,-1.294,-1.125,-0.718,0.092,-1.341,0.613,-0.737,-0.576,0.782,-1,-0.928,1.317,-0.831,-1,-1,1.353,0.651,0.0,0
1,1,0.0,0.90932,0.103,0.94,0.222,1,0.16598,0.55187,0.68154,0.793,0.305,0.189,0.29,0.757,0.278,0.342,0.273,0.231,0.135,0.358,0.79,0.329,0.677,0.29,0.372,0.164,0.56605,0.137,0.284,0.063,0.55061,0.078,0.67739
0,0.751,0.0,-0.637,-0.7,1.369,0.984,1,-0.814,0.951,-0.23393,1,0.919,0.787,-0.367,0.519,-1.091,0.707,0.084,1,-1,0.767,-0.019,-0.547,0.505,0.75,0.691,0.872,1,1.352,-1,1,-0.643,0.938,-1
1,0.973,0.0,0.99025,-0.05785,0.99793,-0.194,0.699,-0.204,1.454,-0.259,0.92738,-0.388,0.845,-0.425,0.583,-0.577,0.876,-0.575,1.142,-0.837,1.131,-0.407,0.74725,-0.736,0.883,-0.495,0.664,-0.73174,0.84,-1.079,0.54752,-0.80278,0.267,-0.83245
0,0,0,0.0,0.0,0.0,0.0,0,0.0,0.548,1.202,0.598,1,0.0,0.0,0.0,0.0,-0.384,-1.0,-1,-0.811,0.0,0,0.0,0.0,-1,-1.332,-0.749,-1,-0.658,1.465,0.567,0.0,0.0,0
1,1,0,1,-0.044,1.102,-0.082,0.709,-0.113,0.99838,-0.091,1.246,-0.13814,1.081,-0.21695,0.939,-0.142,0.743,-0.335,1.034,-0.399,1.09,-0.176,1.038,-0.259,0.86213,-0.591,0.83172,-0.325,1.167,-0.606,0.43,-0.439,0.91,-0.50152
0,1.168,0.0,1.359,-0.023,-1.236,0.26131,-0.36393,0.35639,0.833,-0.63427,0.798,-0.03353,-0.29020,-0.003,-0.526,0.188,0.91921,-0.473,1.484,-0.608,-0.294,-0.307,-1.055,0.466,1.148,-0.46734,0.373,-0.655,1,-0.848,-0.144,0.301,-0.033,0.297
1,0.773,0.0,1.308,0.00874,0.98103,-0.049,1.397,-0.047,1.258,-0.102,1.093,-0.04507,0.94713,-0.119,1.29,-0.12790,0.945,-0.127,1.152,-0.157,0.959,-0.244,0.86257,-0.225,0.88487,-0.207,0.537,-0.126,0.694,-0.351,0.506,-0.23095,0.934,-0.23902
0,1,0.0,0.0,0.0,1,0.626,0.0,0.0,0.10991,-1.281,0,0.0,0.0,0,-0.892,-0.276,-0.458,-0.825,1.103,0.63147,0.0,0.0,0.274,0.327,-0.913,0.44828,0.834,-1.444,-1,1.208,0.0,0.0,0.0,0
1,1,0.0,0.759,-0.264,0.429,0.02919,1.144,-0.001,1.06,0.181,0.881,-0.01789,0.802,0.54991,0.875,-0.683,0.512,-0.29520,1.057,-0.20104,0.554,0.607,0.46610,-0.16290,1.022,-0.032,0.556,-0.015,0.61582,-0.21,0.789,-0.269,0.673,-0.01
0,0.0,0.0,1.343,0.684,1,-0.562,0.0,0,0.0,0,1.486,1.004,1.114,1,-0.641,-0.563,1.344,-1,-1.232,1,0.0,0.0,1.165,-1.084,0.906,-0.956,0.693,0.727,-1.448,-1,0.0,0.0,0,0
1,1,0.0,1.226,1.313,1,0.641,0.709,1.248,-0.26970,1.105,-0.607,0.776,-0.75,1.36,-0.943,0.693,-1,-0.57779,-1.085,-0.596,-0.581,-0.941,-0.406,-1,0.481,-1.38,1,-0.546,1.066,-1,0.951,-0.318,0.861,0.34845
0,1.305,0.0,-0.486,-0.797,-1,1.346,0.609,0.63317,0.03515,-1.377,-0.976,-0.79,0.994,1.488,0.88683,-1.04,-1,1.475,0.836,0.95,0.851,-1.426,-1,-1.261,-0.125,1,1.245,-1.189,-1,-0.647,-0.975,0.597,1.264,0.33611
1,1.083,0.0,0.95659,0.111,0.57,-0.05667,1.317,-0.08484,0.96097,-0.05,1.012,0.017,0.772,-0.16795,0.982,-0.263,0.99630,-0.19,1.272,-0.188,1.358,-0.211,0.90140,-0.222,0.99899,-0.305,0.717,-0.264,1.198,-0.342,0.83951,-0.204,0.791,-0.346
0,1.163,0.0,0.056,-0.135,-1,0.898,-1.424,1.209,0.612,0.47173,-0.986,-0.551,-1,-1,-1.038,0.828,-0.018,0.736,-0.42113,-0.548,-0.6,-1.093,-0.537,-0.611,-1.269,0.191,1,-1.246,-1,-0.292,-1,-0.755,-1.108,0.61458
1,1,0.0,1,-0.017,1.486,-0.049,1.347,-0.07,0.923,-0.074,0.881,0.737,1.222,-0.151,1,-0.093,1.478,0.326,1.069,-0.216,0.842,-0.133,0.95601,-0.20081,1.254,-0.997,0.64,-0.21793,0.82920,-0.22370,0.78479,-0.222,0.499,-0.192
0,0,0.0,-1.422,1,0.746,-1.274,-0.562,1.212,0.0,0.0,1.09,0.919,-0.623,-0.18750,1.428,0.984,-1,-1,1.156,-1.268,-1,-0.954,0.701,1.319,0.67,-1.404,0.664,0.863,1.043,0.599,0.0,0,-1,-1
1,0.608,0.0,0.607,0.05812,1.279,0.073,0.953,0.13231,0.511,-0.01911,0.94846,0.065,0.95713,0.14644,0.94862,0.106,0.90896,0.202,1.233,0.226,1.236,0.211,0.90784,0.207,0.516,0.15,1.11,0.188,0.84,0.191,1.174,0.226,0.999,0.294
0,1.256,0.0,0.246,-1,-1.458,1.339,0.0,0.0,0.0,0.0,-0.773,0.508,0,0.0,-0.708,-0.713,0.80521,0.401,0.307,0.16,0,0.0,-1,-0.224,-0.84792,0.556,1.469,1.261,-0.6,0.903,0,0.0,0,0
1,1,0,1.386,0.134,0.639,0.102,0.77,0.157,1.406,0.091,0.82,0.121,0.92992,0.196,1.06,0.28343,0.592,0.367,0.83656,0.377,0.83393,0.47,0.605,0.35,1.121,0.419,0.68452,0.426,0.699,0.451,0.4,0.652,0.54252,0.50903
0,1.236,0,0.01667,-0.353,0.0,0,0.0,0.0,0.0,0,0.0,0.0,0.0,0.0,0.126,-0.55000,0.321,1.173,1,-0.585,0.0,0,0.109,-0.609,-0.06,-0.098,1,-0.76667,-0.861,0.128,0.0,0.0,0.959,-0.185
1,1,0,0.939,0.16801,0.99352,0.16334,0.508,0.401,1.186,0.117,1.309,0.37107,0.963,0.47,1.074,0.676,0.717,0.639,0.901,0.636,0.341,0.505,0.397,0.64720,0.48311,0.342,0.27,0.989,0.322,0.707,0.252,0.66844,0.13,0.558
0,1.409,0.0,0.63816,0.846,0.263,-1.031,1.291,1.213,0.87719,0.43,-0.66886,0.875,-0.035,0.58772,0.025,0.05044,-0.461,-1.418,0.201,-0.045,0.395,-0.591,-1,1.466,0.80921,-0.982,1,-0.06140,1.272,0.981,0.285,-1.486,0.941,0.686
1,1,0.0,0.876,-0.41457,0.972,0.499,0.98,0.21,1.227,-0.118,0.51,0.717,0.947,-0.237,0.788,0.012,0.736,-0.363,0.80025,-0.298,0.803,-0.215,1.103,-0.12312,1.334,0.147,1.247,-0.07249,1,-0.322,0.559,0.19849,0.51382,-0.05402
0,0.899,0.0,0.47,0.104,1.261,0.555,0.625,-1.071,0.472,0.116,0.785,0.164,1,0.368,1.153,0.355,0.96,0.027,0.58424,-0.43025,0.974,0.709,0.985,0.357,0.91033,-0.358,1,0.15942,0.354,-0.01947,1,0.328,1.451,0.37409
1,1.317,0.0,1.294,0.4,0.782,0.015,1,0.088,1.135,0.036,1.039,0.197,1.341,0.037,1,0.041,0.888,-0.24598,1.067,-0.098,1,0.024,1.391,0.37,1,-0.567,0.96414,-0.02174,1.14,0.23360,0.955,-0.143,0.577,-0.07329
0,0.0,0.0,0.951,-1.084,1,-0.85,0.903,-1,0.506,-0.832,1,1.212,1.167,0.67,0.55,-0.679,1,0.878,1,0.604,1.316,0.945,1.13,-0.659,1.086,-1,1,-1.043,1,0.691,0.0,0.0,1,-0.642
1,1,0.0,0.585,0.436,0.662,0.82021,0.43019,0.519,0.158,0.487,-0.412,0.7,-0.863,0.77092,-0.505,0.317,-0.528,-0.56,-0.97907,-0.598,-1.001,-0.495,-0.283,-1.158,0.334,-1,0.364,-0.93296,0.147,-0.99,0.93570,-0.249,1.107,0.03446
0,1,0.0,1,0.543,1,-1.318,1.293,-1,1.463,1,0.681,1.288,1.376,0.649,1,-1.031,0.722,1.14,1.048,1,0.642,0.708,1.432,1.306,0.912,1.431,1.467,0.293,0.0,0.0,0.973,-1,1,-1.105
1,0.642,0,0.749,0.023,1.296,0.268,0.598,0.359,1.055,0.278,0.805,0.147,0.548,0.508,1.162,0.31674,1.0,0.65701,1,0.53846,1.023,0.736,0.811,0.597,0.753,0.589,0.89502,0.71374,0.85611,0.98,0.748,1.055,0.406,0.75837
0,0,0.0,1,-0.921,0.985,1,-1.374,-1.027,1.433,-1.118,0.0,0,0.0,0.0,-0.815,1,0.552,-1.242,1.17,-0.96,-0.75000,1.422,0.687,-1,1.141,-0.566,1,-0.508,-1.181,-0.754,0.0,0.0,1.211,-1
1,1.382,0.0,1.198,0.08620,0.988,0.277,0.838,0.271,0.98044,0.35052,1.386,0.268,0.86265,0.438,0.809,0.707,1.046,0.842,1.014,0.518,0.614,0.829,0.598,0.76197,0.29,0.4,0.33401,1.147,0.24944,1.006,0.204,0.693,0.09048,0.86285
0,1,0.0,0.69444,0.38889,0.0,0,-0.216,0.89,0.0,0,0.0,0.0,0.0,0.0,0.169,-0.159,0.163,0.19444,0.46429,0.863,0.0,0.0,0.0,0.0,0.387,0.287,0.915,0.929,0,0.0,0.0,0.0,0.0,0
1,1,0.0,1.433,0.026,0.892,0.10827,1.011,0.19498,0.583,0.411,0.991,0.34826,1.037,0.38261,1.163,0.358,0.457,0.50391,0.444,0.604,1.082,0.332,0.73,0.336,0.66643,0.498,0.761,1.028,0.49538,0.72684,0.523,0.589,0.404,0.919
0,0,0.0,0.682,1.206,0.0,0,1.045,-1.143,0.721,-1,0.651,1,1.279,0.595,1,-1.224,0.902,0.905,1.313,1,0.954,-1,-0.983,-0.934,1.086,-1,1.436,-0.553,1.135,0.607,0.0,0.0,1,-1.188
1,1,0.0,1.486,0.039,0.727,0.082,0.906,0.188,0.956,0.27921,0.98703,0.30889,0.643,0.378,0.791,0.443,0.81939,0.568,1.056,0.396,0.71,0.56282,0.396,0.63,0.67077,0.619,0.377,0.60990,0.358,0.882,0.501,0.479,0.45,0.62658
0,0,0.0,1.226,1,1.38,-0.943,0.641,0.534,1.066,0.581,0.861,0.941,0.918,1,0.75,0.546,1.346,-1,-0.776,0.956,-1.313,1,-1.085,1.418,1,-0.768,1.112,1.248,-0.73,1.36,-0.951,-1,-1,1
1,1,0.0,1.377,0.36,0.79,0.605,0.975,0.72973,1,0.851,0.976,0.769,1,1.475,1.261,0.551,0.647,1.189,0.664,0.609,0.445,1.305,0.701,0.997,0.64628,0.95,0.38,1.264,0.10819,1,-0.17370,0.797,-0.81383,1.04
0,0.0,0,1.368,0.523,0.585,-1.349,1,1,-0.84,1.068,0.0,0.0,1,1,0.0,0.0,0.0,0.0,-1,1.038,-0.962,0.745,1.186,0.764,1.083,-1.116,0.809,0.851,1,0.588,1.485,-1,-0.773,1
1,1,0.0,0.919,-0.094,0.64,0.698,1,0.077,1,0.252,0.804,-1.246,0.879,-0.443,1,-0.107,1.269,0.04895,0.75,-0.715,0.755,-0.26573,0.537,-0.654,0.898,-0.58042,1.301,-0.984,1,-1,1.038,-0.943,1.305,-0.315
0,0,0.0,1.312,-0.7,1.486,1,1,1,0.846,1.223,1.101,1.007,0.881,-1,1.222,-1,1.069,0.749,0.842,-1.08,1.422,0.785,1.347,1.254,0.733,-0.674,1,0.836,1.184,-1.478,0.923,1,1,-0.977
1,0.863,0.0,0.92277,0.058,1.108,0.188,0.89702,0.325,1.072,0.346,0.443,0.42196,0.441,0.46983,0.70796,0.519,0.532,0.619,0.358,0.64924,0.506,0.698,0.481,0.793,0.258,0.726,0.132,0.443,0.09694,0.861,0.018,1.101,-0.04023,0.69509
0,0.947,0,0.521,-0.165,0.811,0.304,0.469,0.32862,0.25795,0.553,1,-0.228,0.007,0.568,0.01060,0.488,0.276,0.328,0.1,0.447,0.026,0.381,-0.00083,0.337,-0.02862,0.19405,-0.024,0.14481,-0.029,0.109,-0.058,0.065,-0.034,0.023
1,1.261,0.0,0.781,-0.031,0.65680,-0.05178,0.93,0.02811,1.151,0.015,0.63462,0.067,0.893,0.07840,0.438,0.052,1.047,-0.27811,0.335,-0.012,0.78698,0.077,0.34615,-0.272,0.93,0.02811,0.874,-0.039,0.397,-0.308,0.741,-0.108,0.828,0.02
0,1.188,0,0.302,-0.062,1.39,0.028,0.807,1.21,0.408,0.15299,0.384,0.181,0.912,-1.208,0.794,0.941,0.963,-0.10448,0.46642,-0.097,0.648,0.14792,0.673,0.453,0.47015,0.114,0.436,0.201,0.362,-0.02612,0.246,0.13521,0.34411,0.11
1,1,0,0.411,0.043,0.951,-0.105,1.088,0.032,0.55,-0.025,0.66,0.01,0.66792,-0.155,1.039,-0.02264,0.52,0.08679,0.533,-0.11,0.845,-0.23774,1.047,-0.14717,1.107,-0.155,0.763,-0.042,0.548,0.013,0.86415,0.026,0.412,0.00755
0,0.928,0.0,0.683,-0.031,0.895,0.02,1,0.52,0.88,-0.054,0.551,-0.16818,0.984,0.059,0.734,1.432,0.50455,0.243,0.603,0.10000,1.373,-0.415,0.98636,-1.412,0.57273,0.433,0.404,0.14673,0.227,0.061,0.48927,0.076,0.604,1
1,1,0.0,0.733,-0.022,0.488,0.0,0.496,0.12941,0.40000,-0.04,0.56471,0.199,0.46667,0.081,0.47,-0.052,0.783,0.016,0.425,0,0.45882,0.04,0.793,0.104,0.604,0.006,0.477,0.14,0.64,0.121,0.67,0.23529,0.377,0.17255
0,0.876,0.0,0.41932,0.068,0.523,0.184,0.23182,0.22,-0.041,0.634,0.05,0.36194,-0.174,0.33636,-0.179,0.309,0.02727,0.40455,-0.457,0.156,-0.145,0.068,-0.18636,0.462,-0.106,-0.031,-0.137,-0.101,-1,-1.186,-0.034,-0.073,-0.00526,-0.077
1,1,0,1.211,-0.206,0.899,0.359,0.885,0.279,0.668,0.05901,0.882,-0.041,0.85193,0.25000,0.549,0.253,0.42,0.822,1.036,0.217,0.73176,0.27575,1,0.44,0.639,0.325,0.771,0.339,0.866,0.675,0.43026,0.712,0.585,0.33
0,1,0.0,0.957,-0.063,-0.294,-0.80553,-0.08961,-0.763,0.746,0.031,1.016,-0.006,-0.243,0.63966,-0.20019,-0.989,0.494,-0.152,0.56,-0.165,-0.041,0.725,-0.34128,0.731,0.78932,-0.024,0.716,-0.155,0.77884,-0.178,-0.167,-1.012,-0.18494,-0.789
1,1,0.0,0.933,-0.206,0.64348,0.03,0.527,0.555,0.68,0.155,0.5,0.292,0.57826,-0.269,0.531,0.458,0.38696,-0.481,0.199,-0.26087,0.293,0.11739,0.53246,-0.036,0.158,-0.12174,0.339,-0.027,0.319,-0.042,0.431,-0.221,0.368,0.089
0,0.767,0.0,-0.732,0.117,-0.217,0.444,0.27,-0.112,0.31,-0.044,0.195,-0.15170,0.47368,0.086,0.669,-0.126,0.123,0.45201,0.462,0.019,0.44,0.078,-0.89,-0.61610,0.585,0.65635,0.409,-0.203,-0.17,0.11146,0.02399,0.834,0.52632,-0.08978
1,1,0.0,0.199,0.13582,0.501,0.192,0.51783,-0.007,0.52632,0.20883,0.769,-0.217,0.61,-0.04754,0.393,0.051,0.81664,-0.131,0.276,-0.062,0.356,0.095,0.28183,-0.299,0.542,-0.031,0.504,-0.043,0.316,0.102,0.454,-0.01,0.544,-0.03226
0,1,0.0,0.951,0.192,0.0,0.0,0.697,0.035,0.438,1,0.309,0.837,-0.024,0.302,0.156,0.12860,-0.015,0.95122,-0.50998,0.545,-0.132,0.38803,-0.255,0.23725,-0.91574,0.655,-0.499,0.661,-1.0,0.924,-1.162,0.132,0.0,0
1,0.566,0.0,1.055,0.159,0.999,0.305,0.884,0.50515,0.551,1.003,0.44303,0.789,0.303,0.87493,0.06438,1.218,-0.12611,0.964,-0.263,0.818,-0.46635,0.65924,-0.813,0.383,-0.376,0.301,-0.708,0.289,-0.604,0.057,-0.844,-0.067,-0.67699,-0.19904
1,1,0.0,0.566,0.136,0.816,0.665,0.509,0.77,0.49,0.84278,0.168,1.155,0.151,0.749,-0.13254,0.84290,-0.438,1.102,-0.721,0.983,-0.978,0.597,-0.756,0.501,-1.267,0.17849,-0.973,-0.01358,-0.928,-0.169,-0.67289,-0.33662,-0.59943,-0.606
0,1.104,0,-0.527,-0.821,0.0,0.0,0.51,-1.154,0.876,0.32899,-1.256,-0.497,0.0,0.0,0.0,0,0.657,-0.369,0.298,-0.63518,1.42,-1.402,-0.822,-1,1,-0.392,-0.8,-1.086,-1.07,-1,1.096,-1,0.0,0
1,1,0.0,1.062,0.027,1.142,0.025,0.78575,0.03793,0.66230,0.101,0.703,0.173,0.633,0.038,0.74695,0.049,0.363,-0.07853,0.519,0.0,0.41,0.101,0.68183,0.18,0.858,0.207,0.783,0.167,0.65707,0.137,0.548,0.178,0.59,0.15114
0,1,0.0,1,-1.065,0.0,0.0,0.532,-0.99265,1.062,0.55147,-0.41912,-0.94853,0.0,0.0,0.0,0.0,0.823,-0.561,0.701,-0.735,0.0,0.0,0.133,-1,-1.436,-1.086,-0.902,-0.934,1.206,-1.135,0.595,-1,0.0,0
1,0.956,0.0,0.869,0.017,0.96215,-0.03142,1,-0.026,1,-0.034,0.99026,-0.06,0.99173,-0.082,1.343,-0.108,1.105,-0.159,1.424,-0.176,0.962,-0.128,0.563,-0.225,0.98971,-0.22083,0.726,-0.21,1.053,-0.23,0.96436,-0.202,0.943,-0.149
0,0,0.0,0.0,0,0.0,0.0,0.0,0.0,0.0,0,0.0,0,0.0,0.0,0,0.0,0.0,0.0,0.0,0.0,0.0,0.0,0.0,0.0,0,0,1.248,-1,0,0.0,0.0,0.0,0.0,0.0
1,1,0.0,0.684,-0.12095,0.63,-0.151,0.96365,-0.145,1.431,0.08460,0.561,-0.009,1.054,-0.246,1.264,-0.254,1.033,-0.166,0.98678,-0.14,1.305,-0.338,0.556,-0.312,0.851,-0.286,0.866,-0.308,1.121,-0.23728,0.89095,-0.31857,0.69531,-0.395
0,1,0,0.212,-0.33,0,0,0.68182,-1.305,0.328,1.248,0.64394,0.038,0.266,-0.947,0.0,0.0,0.309,-0.39,0.379,-0.957,0.0,0.0,0.0,0,0.24242,0.241,1.332,-0.23864,0.09,-0.285,0.22,-0.367,0.0,0.0
1,1.093,0.0,0.64,-0.596,1.108,-0.047,0.98898,-0.87052,0.935,0.502,0.755,-0.093,1,-0.112,0.804,-0.132,1,-0.113,1.301,-0.20491,0.652,-0.126,1.424,-0.26571,1.163,-0.372,0.801,-0.414,1,-0.325,0.828,-0.40740,0.654,-0.44739
0,1.312,0.0,0.0,0,0.0,0,0.0,0.0,0.0,0.0,0.838,0.923,0,0.0,0.0,0.0,0.36585,-0.504,0.591,-1,0.0,0,0.0,0.0,0.0,0,0.674,0.10976,0.0,0.0,0,0.0,0.0,0.0
1,1,0,0.596,0.006,0.84082,-0.098,0.658,-0.159,1.262,-0.044,1.169,-0.07496,1.081,0.02,0.87161,-0.293,0.896,-0.141,0.98298,-0.05,0.89876,0.001,0.548,-0.058,1.083,-0.132,1.251,-0.186,0.751,-0.192,0.706,-0.18,0.76586,-0.27794
0,1,0,0.1,0.066,0.0,0,0.0,0.0,0.518,1.022,0.313,1,0,0.0,0.0,0.0,0.37162,-1,0.416,-1.054,0.0,0.0,0.0,0.0,-0.258,-0.948,0.511,-0.764,0.818,-0.133,0.0,0,0.0,0
1,1,0.0,1.339,-0.57224,0.503,-0.73371,0.687,-0.722,1,-0.248,1.469,-0.192,0.486,-1.228,1.453,-0.57535,1,-0.47,1.1,-0.514,0.853,-1.044,0.875,-0.94,0.906,-0.76904,0.597,-0.468,0.935,-1,1.261,-1.458,0.30445,-1.015
0,1,0.0,0.914,-0.932,0.0,0.0,0.0,0,1.102,1,1.386,-0.198,0.0,0,0.0,0.0,0.522,-0.225,0.84091,-0.628,1.472,-0.996,0.0,0,0.0,0.0,1,-0.812,-0.177,-1.127,0,0.0,0.0,0
1,1,0.0,0.486,0.161,1.138,0.41149,0.644,0.55785,0.674,0.69962,0.25,0.702,0.108,0.881,-0.027,0.86284,-0.192,0.845,-0.352,0.752,-0.493,0.56092,-0.60230,0.535,-0.486,0.255,-0.384,0.127,-0.483,-0.108,-0.54866,-0.143,-0.373,-0.31954
0,1.399,0.0,0.254,-0.61000,0.0,0,0.709,-1.385,0.668,0.928,0.253,0.827,0.0,0,0.0,0.0,0.886,-0.29000,1.01,-1.326,0.0,0,0.0,0.0,0.21000,0.974,0.714,0.207,0.0,0,0.0,0,0,0.0
1,1.291,0.0,1.263,0.241,0.91404,0.52013,1.079,0.611,0.676,1.072,0.26,0.91730,0.09467,0.605,-0.216,0.91404,-0.34168,1.032,-0.609,0.909,-0.577,0.503,-0.442,0.428,-0.70838,0.035,-0.867,-0.104,-0.64962,-0.391,-0.622,-0.661,-0.529,-0.53319
0,1,0.0,0.497,1.073,-0.821,0.912,-0.446,0.708,0.05405,0.29730,-0.18599,-0.099,-0.042,-0.079,0.011,-0.022,0.013,-0.008,0.00342,0.001,0.00048,0.001,-0.0,0.0,-0.00003,0.0,-0.00001,0.0,0.0,0.0,0.0,0.0,0.0,0
1,1.071,0.0,0.211,-0.12,0.368,0.07143,0.19048,0.213,0.23810,0.123,0.404,0.035,0.243,-0.043,0.172,-0.029,0.278,-0.11905,0.202,0.04762,0.30952,0.0,0.136,-0.128,0.223,-0.069,0.208,-0.02290,0.261,0.0,0.16997,-0.02,0.165,-0.01877
0,1,0.0,0.831,-0.14754,1.052,0.065,0.57377,-0.021,0.402,0.01639,1.217,-0.024,0.669,0.0,0.931,-0.228,0.128,-0.149,0.483,-0.195,0.607,0.03279,0.576,-0.175,0.31148,-0.233,0.761,-0.273,0.431,-0.03,0.27869,-0.44262,0.533,-0.06557
1,1,0.0,1.292,0.0,1.034,0.03131,0.86249,0.04,0.761,0.0,0.463,0.033,1.151,0.056,0.622,0.065,0.62727,0.25455,0.711,0.12727,0.454,0.147,0.347,0.164,0.62,0.215,0.64581,0.175,0.572,0.031,0.334,0.099,0.58840,0.17077
0,1,0,0.224,0.491,-0.557,0.11,-0.16628,-0.907,0.524,0.016,0.82143,0.262,-0.547,0.236,-0.176,-0.608,0.648,0.094,0.54762,0.067,-0.565,0.672,-0.415,-0.47594,0.207,0.70238,0.39,0.202,0.746,0.389,-0.54891,-0.175,0.348,-0.55837
1,1.463,0.0,0.96,-0.092,0.681,-0.037,0.543,-0.095,0.87778,0.002,0.83556,-0.041,1.018,-0.052,0.649,-0.259,0.86889,0.053,0.88000,-0.054,0.722,-0.165,1,-0.246,1.113,0.041,1.031,-0.083,0.82222,-0.134,1,-0.229,1,-0.44222
0,1,0.0,0.46,-0.165,0.58182,-0.175,0.211,-0.675,0.394,-0.023,0.387,-0.05455,0.425,0.236,0.239,-0.214,0.161,-0.014,0.206,0.05455,0.07,0.544,0.61818,0.16364,0.329,0.164,0.41098,-0.042,0.353,-0.046,0.11,-0.448,0.29091,-0.29091
1,1,0.0,0.973,-0.697,1.422,0.75472,0.448,-0.047,0.773,0,1.259,-0.00054,0.45283,0.07547,0.735,-0.078,0.98878,-0.001,0.376,0.0,0.64,0.061,0.484,-0.00112,0.566,1.089,0.849,-0.001,0.94340,-1.433,1.211,0.298,0.478,-0.132
0,1,0.0,0.73810,0.83333,-0.76190,-0.326,0.495,-0.161,0.552,-0.172,-0.786,0.102,0.412,0.0,0.426,-0.07143,-0.38214,0.752,0.34,0.017,0.603,0.068,0.2,-0.26190,-0.823,-0.055,0.24889,-0.522,0.714,0,-0.386,-0.062,0.327,0.023
1,0.773,0.0,0.43750,0.042,0.348,-0.069,0.39583,0,0.419,-0.033,0.575,0,0.317,0.153,0.434,0.014,0.468,-0.331,0.35417,-0.292,0.295,0.122,0.345,0.186,0.39583,-0.153,0.482,-0.106,0.46,-0.068,0.58333,-0.31250,0.274,-0.06250
0,0.816,0.0,1.444,1.037,0.0,0,0.0,0.0,0.0,0.0,0.245,-0.832,-0.633,0.551,-1.223,0.255,0.358,1,0,0,0,0.0,0.889,0.301,-0.917,-1.111,0.779,-0.585,1,1,0.0,0,0.0,0
1,1.188,0.0,0.567,0.048,1.063,0.139,0.634,0.116,0.84881,-0.49962,1.029,0.751,1.048,0.451,0.72254,0.247,0.366,0.40844,0.95472,0.542,0.642,0.44088,0.46,0.483,0.386,0.539,0.235,0.621,0.656,0.902,0.23405,0.39620,0.238,0.37191
0,1.232,0.0,0.41,0.34,0.965,1.082,0.998,0.70709,0.803,-0.114,1.409,0.07981,1.067,-0.766,0.692,0.88444,0.95452,-0.039,0.88673,0.197,0.855,-1.034,0.964,-0.85755,0.275,-0.193,1.004,0.113,0.696,0.42677,0.608,0.734,0.81979,0.68822
1,1,0.0,1.022,0.10129,1.426,-0.018,0.98313,0.019,1.078,-0.101,0.98955,-0.02716,0.97980,-0.042,0.78,-0.049,1.38,-0.03,1.331,0.012,0.928,-0.05,1.2,-0.05318,0.91567,-0.101,0.934,-0.094,0.90978,0.012,0.861,-0.059,1.162,-0.053
0,1,0.0,0.0,0.0,-0.224,0.85388,0.0,0.0,0.42,-1.245,0.628,0.31385,-0.384,-0.455,-0.257,0.65565,0.761,0.128,0.0,0.0,0.0,0.0,-0.18043,-0.79,0.0,0.0,1,-1,0.0,0.0,0.04447,0.493,0.0,0
1,1.305,0,0.96933,0.007,1,0.006,0.516,-0.006,1.06,-0.015,1.184,-0.052,1,-0.013,0.585,-0.034,0.588,-0.015,1.099,0.00025,0.748,-0.02612,0.745,-0.04744,1.064,-0.035,1.338,-0.048,0.97020,-0.024,1,-0.033,1.051,-0.058
0,1.093,0.0,0.0,0.0,0.98919,-0.2,0.246,-0.065,0,0,0.93243,0.047,0.755,-0.233,1.246,0.089,1,-0.102,0,0.0,1,-0.21081,0.923,-0.503,0.0,0.0,1.424,-0.115,0.0,0.0,0.75,-0.238,0.36,-0.15676
1,1.08,0.0,0.686,0.01,0.289,-0.02439,0.662,0.034,0.278,0.141,0.568,0.037,0.242,0.04878,0.308,0.0,0.274,0.0,0.31707,0.067,0.27,0.12195,0.281,0.05813,0.183,0.082,0.287,0.038,0.128,0.05504,0.288,0,0.17073,0.07317
0,1,0.0,1.09,0.863,0.562,-0.947,0.0,0.0,0,0,0.701,0.698,1,-1.319,1.212,0.746,1.274,-0.664,0.0,0,0.0,0.0,0.67,-0.173,0.0,0.0,1.196,-1,1,0.88,0.984,-1,0.0,0
1,1,0.0,0.342,0.173,0.704,0.246,0.40816,0.253,0.589,0.552,0.30612,0.359,0.136,0.55102,0.0,0.51020,-0.057,0.694,-0.20408,0.814,-0.396,0.44898,-0.191,0.412,-0.313,0.137,-0.46579,0.142,-0.624,0.173,-0.329,0.0,-0.359,-0.24490
0,1,0.0,0,0.0,1,-0.508,0,0.0,0.0,0,1,1.422,1.248,-0.188,1.458,0.23288,1.469,-0.768,0.0,0.0,0.0,0.0,1.432,1.333,0.0,0.0,0.692,-1.111,0.0,0.0,0.828,-1,0.0,0
1,1,0.0,1.231,0.309,0.894,0.37500,1.03,0.568,0.551,0.77941,0.271,0.88971,-0.02206,0.695,-0.229,0.518,-0.264,0.67647,-0.498,0.568,-0.837,0.38235,-0.86029,0.122,-0.74265,-0.124,-0.414,-0.168,-0.476,-0.273,-0.629,-0.391,-0.414,-0.833
0,1.385,0.0,-1,0.28105,0.15,0.089,-0.843,-0.483,-0.317,0.71242,-1.383,1.441,-0.81699,0.389,-0.659,-0.02614,-0.98039,-0.596,-0.523,-0.52,-0.047,-1.083,0.94118,-0.963,-1,-0.533,0.64,0.091,-0.845,0.058,0.257,0.014,-0.227,-0.48241
1,1,0.0,0.365,-0.14,0.705,0.0,0.179,-0.183,0.229,0.167,0.812,0.01667,0.673,0.08333,0.5,-0.034,0.314,0.121,0.41667,-0.01667,0.381,0.124,0.905,0.0,0.331,0.149,0.46214,0.039,0.40000,0.031,0.468,0.03,0.41667,-0.05000
0,0.982,0.0,-0.339,0.505,-0.387,0.12159,-0.167,-0.057,0.075,-0.06879,0.044,0.02575,-0.005,0.037,-0.022,-0.001,-0.001,-0.008,0.00470,-0.002,0.00138,0.00238,-0.001,0.001,-0.00069,-0.0,0.0,-0.00043,0.0,0.00005,0.0,0.0,-0.0,0.0
1,1.471,0.0,1,-0.537,0.64865,0.271,0.568,-0.24324,1.051,0.261,1.315,-0.343,0.69,0.0,0.731,-0.073,0.213,-0.243,0.71833,-0.17666,0.928,0.05405,0.735,0.13514,0.35135,-0.234,0.332,-0.22163,0.645,-0.282,1.04,-0.448,0.592,-0.176
0,1.261,0,0.94531,-0.022,-0.606,-0.33203,-1,-0.017,1.095,0.012,0.93359,-0.011,-1.371,0.1,-0.705,-0.004,1.021,-0.035,0.828,-0.027,-1.439,0.11,-1.208,0.384,0.95703,-0.006,0.799,0.13758,0.564,-0.06641,-0.785,-0.209,-1.459,-0.34375
1,1.084,0,0.95202,0.02254,1.186,-0.012,0.93526,0.014,0.96705,-0.014,0.714,0.00520,1.332,-0.044,0.646,-0.002,1.307,-0.024,0.923,0.012,0.732,-0.034,0.93815,-0.032,1.278,-0.027,0.972,-0.017,0.561,0.01908,1.081,-0.046,0.688,0.00809
0,0.67,0.0,0.506,-0.05529,1,-1.168,0.302,-0.09,0.36111,-0.232,0.951,-0.165,0.16667,-0.11111,1.163,-0.295,0.659,-0.214,0.642,-0.42862,0.0,-0.363,1.086,-0.587,0.7,-0.231,1.13,-0.751,0.73,-0.27778,1,-0.765,0.878,-0.65935
1,0.938,0.0,0.425,-0.155,0.24138,-0.061,0.27,-0.06897,0.071,-0.033,0.029,-0.019,0.01707,-0.028,0.008,-0.01,0.002,-0.00893,0.001,-0.004,-0.0,-0.00299,-0.00028,-0.001,-0.0,-0.001,-0.0,-0.0,-0.0,-0.0,-0.00012,-0.0,-0.00008,-0.00006
0,0.642,0.0,0.808,-0.07843,1.039,0,0.60784,-0.115,0.693,-0.155,0.626,-0.08,0.66667,-0.097,0.351,-0.135,0.575,-0.118,0.803,-0.21569,0.761,-0.191,0.66667,-0.17,0.45098,-0.261,0.54,-0.24668,0.579,-0.46,0.253,-0.246,0.306,-0.27451
1,1.296,0.0,0.229,0.16667,0.3,0.296,0.201,0.193,0.078,0.19939,0.005,0.14922,-0.032,0.076,-0.022,0.053,-0.025,0.036,-0.03230,0.017,-0.02474,0.004,-0.01726,-0.004,-0.014,-0.006,-0.00621,-0.00586,-0.00294,-0.004,-0.001,-0.002,0.0,-0.002
0,1,0,-0.65625,0.086,0.076,0.0,0.0,0.062,0.445,0.032,0.18750,0.0,-0.037,0.091,0.089,0.0,0.189,-0.144,0.447,-0.413,0,-0.064,0.0,0.0,0.03125,-0.353,0.03125,0.0,-0.71875,0.039,-0.03125,0.0,0.0,0.09
1,0.709,0.0,1,-0.006,1,-0.027,1.205,-0.06486,0.95135,-0.01622,0.812,-0.03243,1.413,0.069,1.312,-0.073,1.42,0.09189,0.699,-0.007,0.536,0.093,1.469,0.064,0.956,0.11,1.202,0.016,1.333,-0.038,1,0.039,1,-0.061
0,0.779,0,0.85271,0.06,1.47,0.08,1,0.658,0.918,-0.004,0.74,0.054,1.201,0.178,1,1.049,1.177,0.05,0.742,0.11628,1.096,0.50670,0.597,-0.773,0.663,0.03876,1.086,0.71613,1.061,0.056,1.274,1.224,1.463,1
1,1,0.0,1.157,-0.013,1.211,0.067,1,0.009,1.378,0.003,0.93583,-0.01604,1,0.0,1.433,0.057,0.554,0.025,0.839,0.062,1.355,0.024,0.98930,-0.017,1.184,0.05348,1.103,0.054,0.87701,0.01070,0.865,0.092,0.57,0.086
0,0.843,0.0,-0.20500,0.263,0.23000,0.059,0.28250,0.161,0.32250,0.35000,0.341,-0.34,0.068,0.299,-0.108,0.272,-0.048,0.339,-0.338,0.31408,-0.639,-0.053,0.29908,0.482,-0.604,-0.2,0.465,-0.306,-0.47000,0.18,-0.266,-0.31228,0.238,0.019
1,1,0.0,0.86,0.044,0.689,0.038,0.70000,0.06667,0.885,0.0,0.448,0.0,1.019,0,0.499,0.0,0.70000,0.114,0.924,0.145,0.73333,-0.045,0.888,0.0,0.63333,0.13333,0.889,0.122,0.796,0.13333,0.645,0.164,0.681,0.12
0,1,0.0,0.031,-0.01,0.06704,0.008,0,-0.013,0.005,-0.03911,0.012,-0.07542,-0.006,0.05307,0.076,-0.017,0.0,0.105,-0.082,0.087,-0.033,0.015,0.017,-0.005,0.00838,0.004,0.127,-0.006,0.032,-0.003,0.036,0.0,0.04749,-0.03352
1,1,0.0,0.926,0.312,0.72554,0.846,0.282,1.218,0.01267,1.033,-0.16,0.991,-0.684,0.56079,-1.006,0.392,-0.71,0.069,-0.533,-0.163,-0.583,-0.328,-0.422,-0.55089,-0.04119,-0.66,0.097,-0.56420,0.191,-0.391,0.581,-0.22535,0.6,-0.05980
0,1.165,0,0.03,0.011,-0.02586,0.036,0.008,0.06,-0.07759,0.011,0.01724,-0.063,-0.045,0.04310,-0.044,-0.067,-0.077,0.088,-0.046,0.05172,0.014,0.014,-0.056,-0.01,0.03161,-0.011,0.011,0.016,0.02586,0.006,0.013,0.009,-0.034,-0.00575
1,1,0,0.985,-0.013,1.113,0.008,0.571,0.002,0.79015,0.009,0.715,-0.00985,0.8,0.044,1.157,0.01675,0.80099,-0.009,0.79113,-0.037,0.93,0.036,0.817,0.05517,0.619,-0.018,1.063,0.00612,0.976,-0.047,1.182,0.016,0.916,0.011
0,1,0.0,0.035,0.021,0.00428,0.0,0.018,-0.019,0.031,-0.053,-0.07,-0.015,0.01427,-0.029,0.0,-0.03281,-0.036,-0.026,-0.023,0.018,0.02140,0.004,0.053,-0.02282,0.07,0.022,0.03994,0.01569,0.01997,0.006,-0.021,-0.016,-0.013,0.022
1,1,0,0.275,0.213,0.42328,0.475,0.154,0.432,0.01852,0.661,-0.014,0.784,-0.184,0.459,-0.41270,0.225,-0.482,0.06,-0.451,-0.138,-0.192,-0.134,-0.195,-0.413,-0.155,0.003,0.03574,-0.31739,0.13,-0.21693,0.178,-0.357,0.306,0.04233
0,1,0,0.08696,0.007,0.13959,-0.044,0.099,-0.074,0.169,-0.033,0.338,-0.011,0.12357,0.06,0.117,-0.137,0.163,-0.027,0.134,0.08,0.093,0.0,0.109,-0.003,0.15103,-0.066,0.103,0.017,0.11213,-0.042,0.111,-0.07323,0.11670,-0.084
1,1,0.0,1.084,0.236,0.48263,0.61,0.21572,1.127,-0.402,0.9,-0.976,0.27,-1.132,0.0,-0.618,-0.31079,-0.53,-0.396,-0.12797,-0.69287,0.655,-0.494,0.693,-0.219,0.404,-0.034,0.60098,0.303,0.45521,0.60512,0.028,0.374,-0.238,0.404
0,1,0,0.016,0.004,0.04090,-0.012,0.018,0.01128,0.008,0.06,0.001,0.001,0.011,-0.026,-0.016,0.069,-0.022,0.031,-0.019,-0.004,0.059,-0.033,0.014,0.0,0.0,-0.016,0.014,-0.01128,0.004,-0.01551,-0.01693,-0.02398,0.00705,0.0
1,0.813,0.0,0.714,0.001,1.082,-0.055,1.047,-0.04182,0.84317,0.09037,1.179,0.126,0.884,-0.085,0.78342,0.025,1.21,-0.049,0.661,-0.133,0.88125,0.018,1.101,0.025,0.691,-0.014,0.479,-0.039,0.88125,-0.077,0.73936,-0.01942,1.09,-0.09186
0,0.813,0.0,1,-1.499,0.623,0.713,-1.222,1,0.706,-1,1,-0.797,-1.19,-0.76,-1.152,1,0.991,1,1.237,1,-1,0.538,1.24,-0.933,1.143,-0.947,1,0.543,1.278,1.027,-1.305,1.088,-0.895,0.678
1,1,0.0,0.85209,0.4,0.467,0.554,0.08858,0.805,-0.42625,1.164,-0.76229,0.705,-1.246,0.073,-0.85900,-0.23,-0.525,-0.712,-0.19260,-1.052,0.354,-0.80496,0.747,-0.35230,1.041,-0.249,0.793,0.279,0.279,0.351,0.137,0.898,-0.065,0.827
0,1,0.0,1.055,1.109,1,0.721,0.647,-1,1,1,0.019,0.043,0.955,1,0,0.0,1.126,-1.081,0.547,1.34,0.915,0.821,0.331,1.125,0.887,1.099,0.669,1.468,0.881,1.366,-1.256,1,0.0,0
1,1.279,0,0.586,0.754,0.62745,1.184,0.01961,1,-0.42,0.92157,-0.604,0.67,-1.133,0.082,-1.329,-0.324,-0.539,-0.724,-0.177,-0.598,0.463,-1.478,0.74510,-0.99,0.767,-0.257,0.92874,0.283,0.94,0.402,0.23529,1.304,-0.135,0.90196
0,1.033,0.0,0.0,0.0,-1.083,-1,-1.231,0.586,0.0,0.0,-1.25,1,0.925,1.129,0.808,-1,0.0,0.0,0,0,-1,-1.137,-1,0.705,0.549,0.251,1.204,-0.514,0.0,0.0,-1,-1,-0.887,0.711
1,1,0.0,0.651,0.614,0.53695,0.706,-0.146,1.286,-0.335,0.992,-1.096,0.316,-0.511,-0.161,-1.302,-0.213,-0.959,-0.77778,0.75,-1.072,-0.127,-0.77778,0.691,-0.261,0.33333,0.0,0.92120,0.563,0.524,0.84353,0.22222,1,-0.755,0.797
0,0.0,0,0.0,0.0,0,0.0,0.0,0.0,0.0,0.0,0,0.0,0,0,0.0,0.0,0.0,0.0,0,0,0.0,0.0,0.0,0.0,0.0,0.0,1.333,0.0,0.0,0.0,0,0,0.0,0.0
1,1.142,0.0,0.523,0.0,1.088,0.0,0.749,0.50000,0.669,0,0.699,0.12094,1.24,0.14210,0.848,0.16228,0.513,0.229,0.907,0.379,0.956,0.0,1,-0.214,0.395,0.373,0.751,0.153,0.75000,0.25000,0.363,0.362,0.753,0.30293
0,0,0.0,-1,1,0.96,0.694,0,0.0,1.496,-1.247,1,-1.294,0.875,-0.829,-0.647,-0.979,0.0,0.0,-1.212,-1.236,0.0,0,0.0,0.0,-0.813,-1,1,-1.483,1.222,1.385,-1,-1.298,0.0,0.0
1,1.311,0.0,1.059,0.0,0.562,0,0.354,0.148,1,-0.096,0.88889,-0.11111,0.622,-0.269,0.77778,0.0,0.694,0,0.913,-0.071,0.804,-0.115,0.66667,-0.16,0.655,0.0,0.90347,-0.041,0.769,0.056,0.839,-0.088,0.894,0
0,0,0.0,0.0,0.0,0.0,0.0,0.0,0.0,0,0,0.0,0.0,-0.558,-1.14,0.0,0,1,0.928,0.0,0,0.0,0.0,-0.736,1.371,0.0,0.0,1,-0.694,-0.93,-0.566,1.418,0.562,0,0
1,1.127,0,1.423,0.468,0.789,-0.245,0.708,0.09091,1.213,-0.066,1.445,0.0,1.045,-0.144,0.584,-0.184,1,0.101,1,0,1,-0.396,1.169,0.09091,1.12,-0.09091,0.871,-0.026,0.984,0.508,1,-0.269,1.101,-0.142
0,1,0.0,0.62121,-0.433,0.0,0.0,0.0,0.0,0.441,0.28788,0.346,0.378,-0.103,0.51894,0.36364,0.398,-0.291,0.32955,0.084,-0.14773,0.01894,-0.456,-0.848,0.121,0.332,-0.27273,0.334,-0.736,0.636,0.148,0.255,-0.023,0.239,-0.406
1,1,0.0,1.075,0.153,0.833,0.23529,0.939,0.41176,1.332,0.085,1.443,0.138,0.98,0.077,0.983,0.47059,1,-0.067,0.732,-0.11765,0.843,0.509,0.915,0.519,1,-0.06,1,0.125,0.987,0.034,0.543,0.384,0.595,0.23529
0,1,0,0,0.0,-1.124,-0.799,1.142,0.741,0.078,-0.308,-1.282,-0.389,0.153,-0.642,1,-1.326,0,0.0,1.198,-0.084,-0.17,1.336,0.123,-0.953,0.0,0.0,-0.19149,-0.671,-0.22340,-0.714,0.74468,0.972,-0.854,0.45745
1,1,0.0,0.91667,0.323,0.434,-0.137,0.44,0.263,0.61,-0.075,0.741,0.057,0.435,0.1,0.825,0,1.078,0.031,1,0.08333,0.66667,-0.076,0.947,0.164,0.982,-0.12500,0.972,0.07,1,0.228,0.708,0.0,0.494,0.04167
0,1,0.0,0.112,-0.178,0.0,0.0,0,0.0,0.0,0.0,0.0,0,0.128,-0.19071,0.0,0.0,0,0,0.0,0.0,0.0,0.0,-0.07,-0.049,0.07853,0.119,0.256,-0.163,0.122,0.09615,0.015,-0.04808,0.088,0.212
1,1,0.0,1,-0.105,1,-0.138,0.99246,-0.388,0.532,-0.33075,1.411,-0.479,0.625,-0.45,0.557,-0.48170,0.872,-0.345,0.368,-0.691,1.096,-0.78316,0.304,-0.411,0.758,-0.809,0.48757,-0.787,0.442,-0.583,0.189,-0.689,0.29221,-0.713
0,1.093,0.0,1,1.184,-1.414,1,-1,-0.964,0.247,0.258,0.506,0.07018,0.242,0.055,0.421,0.471,0.906,-0.036,0.124,0.446,0,0.0,-0.254,-0.221,0.849,-0.497,1.346,-1.318,1.359,-0.24561,0.35088,0.288,0.82895,0.07895
1,1.024,0.0,1.297,0.198,0.834,0.003,0.80244,-0.30133,1.126,-0.211,0.947,-0.24077,0.649,-0.447,0.978,-0.36078,0.496,-0.571,0.526,-0.453,0.61041,-0.357,0.439,-0.298,0.184,-0.266,0.421,-0.48390,0.148,-0.475,0.15657,-0.51329,0.198,-0.46603
0,0.0,0.0,-0.879,1,1.414,-1,0.0,0,0,0.0,0.666,-1.453,1.145,0.935,0.0,0,1,-1,0.0,0.0,0.0,0,0.538,0.907,-1.078,1.189,1.47,-0.922,-1.465,0.601,-0.644,-0.938,0.0,0
1,1,0,1.117,-0.189,0.738,-0.232,0.695,-0.278,0.729,-0.254,0.79271,-0.162,0.849,-0.54,0.398,-0.49967,0.378,-0.816,0.321,-0.72109,0.40506,-0.302,0.33509,-0.539,0.214,-0.405,0.066,-0.801,-0.057,-0.54928,-0.02,-0.525,-0.07457,-0.46
0,1,0,-1.38,-1.325,-0.323,0.712,0.996,-1,1,0.346,0.0,0.0,0.148,-0.547,1,0.611,0.0,0.0,0.986,0.719,0.946,1.028,0,0.0,-0.555,1.352,0.462,-1,1.488,-0.969,0.69792,-1.104,0.692,1
1,1.134,0.0,0.84177,0.367,0.646,0.609,0.054,0.732,-0.37764,0.736,-0.72363,0.873,-0.871,0.19409,-0.86709,-0.206,-0.549,-0.59,-0.188,-1.176,0.16245,-1.004,0.66,-0.9,0.561,-0.28903,0.663,0.042,0.327,0.228,0.454,0.62447,-0.004,0.69409
0,1,0.0,1.32,1,0.0,0.0,1.2,-0.968,-1,-0.813,0.731,1.378,0.833,-1.387,0.0,0,1.387,-1.498,1.004,0.581,0.0,0.0,1.366,-1.35,-1.216,-1,0.791,1.11,-1,0.998,-1,0.725,0,0
1,1,0.0,0.933,0.483,1,0.678,0.73,0.623,-0.33333,0.895,-1.19,0.543,0.0,1.088,-0.991,1.222,-1.027,0.0,-1.24,-0.66667,-1.152,-0.92536,-0.612,-0.238,-0.426,-1.305,0.103,-1,1,-0.797,0.0,-1,1,-0.542
0,0,0,-0.601,1.273,-1.107,-0.795,0,0,-0.725,1.245,1.202,-1,-0.699,-1,-1.468,1.338,0.0,0.0,-1.156,-1,-1.411,1.312,0.0,0.0,0.581,-0.678,0.737,1,1.222,-1.082,1.338,1,0.0,0.0
1,1.081,0,1,0.096,0.887,0.16,1,0.211,0.881,-0.167,1.036,0.526,1,0.408,0.821,0.435,-0.343,1.14,1.099,0.0,1,0.916,1.061,1.126,1,0.669,0.547,1,1,0.342,1.389,0.755,1.109,1
0,0,0.0,-1.364,-1.478,0.0,0,0.0,0.0,0.0,0,0,0.0,0.0,0,0.857,-0.734,0,0,-1.383,-1.184,0.0,0.0,0.752,0.586,1,-1.055,0.972,-1.312,0.0,0.0,0.0,0.0,0,0.0
1,0.705,0.0,0.546,-0.114,0.644,-0.182,-0.121,-0.232,0.29796,0.024,0.219,-0.26339,0.327,-0.31997,0.03459,-0.097,0.20269,-0.336,0.089,-0.349,0.09513,-0.224,0.079,-0.26795,0.031,-0.183,-0.0,-0.264,-0.032,-0.21129,-0.04717,-0.237,0.007,-0.22
0,1,0.0,0.0,0.0,0.0,0.0,0.0,0,0.0,0.0,1.381,-0.304,0.133,0.352,0,0.0,0,0.0,0,0.0,-0.188,-0.21875,-0.16667,0.90625,-0.772,0.502,0.032,0.964,-0.298,-1.445,-0.134,-0.155,-0.176,-0.93750
1,1,0,0.693,0.037,1.416,0.094,0.541,0.101,0.596,-0.383,0.66026,0.432,0.672,0.217,0.376,0.27380,0.89,0.145,0.406,0.429,0.585,0.29200,0.599,0.38,0.559,0.27226,0.336,0.25553,0.175,0.23568,0.276,0.111,0.132,0.19083
0,1.209,0.0,1.016,-0.143,-1,-1.116,-0.563,-1,0.58,0.241,0.746,0.569,-0.521,-1,-0.767,1.246,0.405,1.088,0.684,1,0.786,-0.975,-0.557,-0.892,0.82937,0.36508,1,0.813,1.275,0.50794,-1.195,-0.17,-1.392,0.72831
1,1,0,1.197,-0.003,0.421,0.358,1.198,-0.601,0.93123,0.147,0.96197,0.123,0.957,0.109,1.142,0.066,0.475,-0.313,1.008,-0.215,0.648,0.26133,0.75081,-0.024,0.547,-0.032,0.87293,-0.021,0.98544,0.127,0.811,-0.124,0.85841,-0.144
0,1.311,0.0,0.982,-0.505,1.441,1.213,0.766,0.532,1,-0.447,0.913,0.862,0.943,1.333,0.562,1,0.0,0,0.622,1,1.059,0.536,0.635,-0.769,1,1,1,0.878,0.893,-0.775,-0.75000,1,1.032,0.862
1,1,0.0,1,0.23058,0.694,-0.78509,1.445,-0.15,0.562,0.211,0.855,0.206,1.392,-0.078,0.662,0.06610,0.95802,-0.111,0.756,-0.088,0.954,0.027,1.233,0.076,0.8,-0.01253,1.001,-0.04597,0.508,0.035,0.93,-0.166,1.325,-0.11717
0,1,0.0,0.364,-1.12,-1.057,-1,-0.054,1,1,0.692,1.062,-0.38710,-1.169,-0.79313,-0.108,1.012,0.509,0.685,0.327,-0.299,-0.141,-0.227,-0.063,0.037,0.03021,0.052,0.027,-0.01,-0.005,-0.01,-0.00761,0.001,0.00015,0.004
1,1,0.0,1.021,0.21,0.424,-0.092,0.854,-0.107,0.98151,-0.07398,0.91,0.167,0.973,0.027,0.678,0.028,1,-0.13074,0.917,0.105,1.402,0.00191,1.027,0.30804,0.865,-0.208,0.68,-0.006,0.767,0.064,1,-0.24,0.611,-0.05740
0,0,0.0,0,0.0,0.0,0.0,0,0.0,0.0,0,0.0,0.0,1.075,1,1,1.443,0.543,-1.453,0.0,0.0,1,1.259,0.98,-1.282,0.732,1,1.443,0.0,0.939,0.618,0.658,-1.089,0.0,0
1,1,0.0,1.075,-0.193,1.385,-0.29,1.275,-0.35094,1.088,-0.30566,1.165,-0.704,0.90818,-0.434,1.099,-0.58899,0.925,-0.418,0.625,-0.733,0.866,-0.948,0.54465,-0.939,0.718,-0.519,0.35504,-0.881,0.296,-0.936,0.16604,-0.962,0.13994,-0.7
0,1,0,0.0,0,0.0,0.0,0.0,0.0,-1.085,-0.522,0.0,0.0,0.52,-1.093,0.0,0,-1.181,-1,-0.642,-1.363,1.232,-0.698,-0.493,-1.109,1.052,1,-1,-0.139,1.178,-0.982,0,0.58,0,0.0
1,0.631,0.0,1.159,0.121,0.95455,-0.131,0.402,0.0,1,0.0,0.933,0.0,1,0.04545,0.854,-0.038,1.068,0.0,0.815,0,1.18,0.108,0.739,0.114,0.90909,0.027,0.855,0.043,0.95455,0.068,0.86364,-0.101,0.937,0.04545
0,0.0,0.0,0.0,0.0,-1.219,1,1.131,1,-1,-0.695,0,0,-0.517,-0.776,-1.329,-0.189,-0.796,-0.532,1,-1.28,0.784,-1.061,0.0,0,1,-0.549,-1.459,-0.84,0.0,0,0.816,-1.088,0.0,0.0
1,0.745,0.0,1.08,-0.048,1.319,0.249,0.82353,0.08824,0.91176,-0.032,0.693,-0.155,0.824,0.183,1.267,0.02941,1.318,0.0,0.941,0.0,1.09,0.1,1.031,0.02941,0.85294,0.028,0.779,0.032,0.94118,-0.141,1.323,0.068,0.91176,0.05882
0,1,0.0,-1,0.601,-1.052,0.138,0.344,0.899,-1,1.462,-1,-1,1,1.076,-1,-0.18,0.368,-0.511,0.822,1.44,-0.31402,-1.024,-1.34,-1.368,0.973,-0.904,-0.823,-0.045,0.913,-1,-0.826,-0.419,0.125,0.932
1,1.185,0,0.427,-0.10526,1.103,0.01756,0.574,0.015,0.602,-0.05263,0.368,0.0,0.79856,0.05028,0.849,0.05756,1.001,0.633,1.47,0.049,0.483,0.069,0.453,0.08141,0.345,0.151,0.951,0.097,0.744,-0.308,0.554,0.089,0.304,0.09719
0,1,0.0,-0.008,-0.5,0,0.0,-0.018,0.892,0.0,0,0,0.0,0.0,0.0,0.0,0.0,0.0,0.0,0.379,0.742,-0.383,0.74359,-0.247,-0.776,0.0,0.0,-0.344,-0.362,0,0,0.0,0.0,0,0.0
1,1,0.0,0.687,0.45455,0.899,0.392,0.793,0.506,1.454,-0.056,0.637,0,0.505,-0.522,0.63636,0.269,0.58,-0.63636,0.642,-0.406,0.86,-0.614,1,0.107,1.028,-0.1,1,0.071,0.996,0.36364,0.776,0.843,0.398,0.27273
0,0.0,0.0,-1.445,-0.852,1.293,-1,-1.283,1,0.0,0.0,1.16,-0.532,0.902,-1.134,0.0,0.0,0.0,0,0.0,0,-0.509,1,1.427,-0.928,-0.799,1,0.548,0.783,0,0,0.835,0.291,0,0.0
1,0.833,0.0,0.45455,0.074,0.774,0.124,0.27273,0.202,0.953,0.0,0.504,-0.09091,0.614,-0.09091,0.298,-0.01343,0.639,-0.251,0.6,0.0,0.352,-0.096,0.27273,0.218,0.36364,-0.096,0.299,-0.01768,0.378,0.0,0.258,0.0,0.212,-0.01832
0,1.143,0,-1.027,-0.425,0.0,0.0,-1.305,0.402,-0.87097,1.088,0.0,0.0,0.0,0.0,0.0,0.0,0.0,0,0,0.0,-1.152,-0.933,0.0,0.0,0.381,0.23387,0.706,0.51613,0,0,0.0,0,0.0,0.0
1,1,0.0,1,0.194,1.02,0.889,1,0.526,1.338,-0.187,1.147,-0.1,1.273,0.031,0.725,0.0,0.42857,-0.14286,1.411,0.02,1.288,-0.232,1,0,0.28571,-0.343,1.082,0.064,0.742,0.03,1.156,0.839,1,0.0
0,0,0.0,0.996,1,1.331,-1,1.036,1.126,1,1,1.099,1,1.34,-0.738,1.125,1.133,1.14,-0.915,1.055,-1.408,1.109,0.821,0.669,1,0.881,-0.955,1.366,0.755,1.061,1,1,0.887,1.081,0.833
1,1,0,0.654,0.325,0.453,0.935,0.10380,1.377,-0.42,0.753,-0.946,0.58226,-0.651,0.16731,-1.066,-0.24942,-0.878,-0.727,-0.233,-1.131,0.26,-0.577,0.51557,-0.57430,0.824,-0.207,0.479,0.144,0.52798,0.521,0.336,0.332,-0.071,0.682
0,0.0,0.0,1.203,-0.711,1,1,0.793,-0.941,0.575,1.137,1.439,-1.263,0.925,-1.25,0.808,-1.204,1,1.033,0.514,1,1,1,0.727,-0.887,1,0.841,0.586,1.129,1.231,0.549,1.14,1,1,-0.549
1,1,0,0.994,0.056,0.89266,0.231,0.961,0.247,0.428,0.333,1.068,0.357,0.76221,0.528,0.782,0.463,0.479,0.4,0.53392,0.754,0.48435,0.357,0.243,0.433,0.453,0.55274,0.256,0.697,0.224,0.586,0.123,0.49124,0.16,0.46571
0,0.0,0.0,1,0.509,1,-0.93,1,-0.687,1.231,0.563,0,0.0,0.505,-1.465,0,0.0,0.0,0.0,0.0,0.0,-1.315,1.432,0.693,1.334,0.0,0.0,0.791,1.114,0,0,-0.517,-1.446,0,0
1,1,0.0,0.93537,0.079,0.7,0.217,0.933,0.346,0.79039,0.361,1.083,0.59942,0.498,0.75000,0.567,0.558,0.218,0.431,0.326,0.85952,0.13712,0.978,0.007,0.88869,-0.041,0.953,-0.20995,0.439,-0.413,0.697,-0.536,0.654,-0.325,0.512
0,0,0.0,1,-1.355,-0.96,1.483,-1.356,1.033,1.278,1.298,1,1.212,-1,-1.496,-1,-0.561,1.222,1.154,1.335,-0.647,-1.236,-0.979,-1,-0.667,1.247,0,1.035,-1.385,0.899,-1.294,-0.829,1,-1,0.875
1,0.894,0.0,1.057,0.073,0.73061,0.222,0.89,0.19038,0.36923,0.45577,0.4,0.652,0.126,0.57308,0.304,0.284,0.095,0.748,-0.09808,0.455,-0.027,0.405,-0.047,0.436,-0.08,0.345,-0.242,0.34976,-0.318,0.29541,-0.275,0.253,-0.206,0.31154
0,0,0.0,0.742,-1,0.562,0.904,1,-1,1.371,1.237,0.8,-0.817,1,1.447,1,-1,1.445,-1,1.14,0.736,0.662,0.584,1.006,-1.418,0.889,-0.98,0.93,-0.566,0.855,1.373,0.694,-1,0.558,0.584
1,1,0.0,1.098,0.153,0.94120,0.158,0.873,0.281,0.878,0.366,0.85550,0.504,0.744,0.52284,0.781,0.641,0.619,0.811,0.48869,0.373,0.313,0.751,0.184,0.75622,0.182,1.084,0.131,0.78541,0.07497,0.434,-0.044,0.812,-0.10289,0.751
0,0.0,0,0.0,0,1,0.69,0.0,0.0,1.014,1.427,0.0,0,0.959,-0.68,0.0,0.0,0,0.0,0.0,0.0,0.0,0.0,0.0,0.0,0.0,0.0,1,-1,0.0,0.0,-1,1.278,0,0.0
1,1.332,0,1.332,0.129,0.632,0.34,0.717,0.346,0.42,0.557,0.57449,0.674,0.365,0.426,0.31705,0.368,0.097,0.76818,0.031,0.76171,-0.12064,0.987,-0.169,0.71327,-0.319,0.852,-0.56,0.58553,-0.289,0.631,-0.312,0.4,-0.817,0.35095
0,0,0.0,0.0,0.0,1.459,1.273,1.444,1,0.0,0.0,0.0,0,-1.048,-1.197,0.0,0.0,-1,-1.265,0.0,0.0,0,0.0,1.451,0.984,0.0,0,1.348,1,0.0,0.0,-1.315,0.68,0,0
1,1.16,0.0,0.88804,0.245,0.65926,0.809,0.22,0.87892,-0.06726,1.111,-0.32,0.562,-0.88,0.555,-1.059,0.26906,-0.458,-0.086,-0.74,-0.192,-0.243,-0.702,-0.16449,-0.64338,0.05,-0.558,0.212,-0.536,0.346,-0.243,0.386,-0.09461,0.38,0.12556
0,0.0,0.0,1,-0.631,1.173,1,0.833,0.978,0.52,1.436,1,0.601,1,-1,1,0.94,0.956,1,0.951,-1,0.746,-1.159,1.326,-1.477,1.112,-1.19,0.934,1.493,1.085,-1.068,1.257,1,1.366,0.594
1,1,0.0,0.404,-0.232,0.427,0.10278,0.918,0.081,0.724,0.05252,1.061,0.195,0.71947,0.315,0.356,0.229,0.405,0.196,0.469,-0.023,0.45,0.42528,0.634,0.627,0.907,0.737,0.645,0.588,0.097,1,0.35070,0.49721,0.30588,0.662
0,0,0.0,0.0,0.0,0,0.0,0,0.0,0,0,0,0.0,0.0,0.0,0.0,0,0.0,0.0,0.0,0,0.0,0.0,0.0,0.0,0.0,0.0,1.244,1.169,0,0.0,0.0,0.0,0.0,0.0
1,1.213,0.0,0.94649,0.012,0.8,-0.004,1.013,0.003,0.95801,0.014,1.222,0.03530,0.584,0.059,0.959,0.014,0.852,0.077,0.504,-0.006,0.97770,0.04980,0.793,0.07098,0.779,0.08101,0.786,0.046,0.909,0.00818,0.893,0.07061,1.162,-0.004
0,0,0,1,0.82,-0.879,-1.345,-0.938,-0.691,0.0,0,0.0,0.0,-1.317,-1,0.0,0.0,0.0,0,0.0,0,-1.453,1,1.185,0.935,0.0,0,0.644,-0.585,0.0,0.0,-1.078,-0.902,-0.538,-1.336
1,0.629,0,0.282,-0.095,0.571,0.01,0.721,0.024,0.639,0.01282,0.501,0.05594,0.848,0.04393,0.654,0.075,0.67023,0.04,0.452,-0.045,0.781,0.06856,0.63077,0.056,0.817,0.209,0.541,0.08304,0.502,0.082,0.45,0.081,0.594,0.09346
0,1.149,0.0,0.438,0.617,0.827,-1.044,0.562,0.04348,0.76087,0.148,0.624,0.977,0.947,0.177,0.604,0.13712,0.93478,-0.25084,0.697,0.102,0.646,0.271,0.619,0.77425,1.387,-0.783,0.693,0.22216,0.434,0.312,0.946,-0.06522,0.363,0.23913
1,0.548,0.0,0.866,-0.07778,1,-0.232,0.75,-0.85741,0.408,0.032,0.411,-0.61,1.293,-0.146,1,-0.73,0.369,0.01852,0.82222,-0.055,1.322,-0.17,1.283,0.176,0.588,-0.214,0.784,-0.24549,0.459,0.02037,0.73,-0.358,0.532,-0.57037
0,1,0.0,0.405,0.156,0.458,0.073,0.229,0.361,0.319,0.13230,0.154,0.341,0.259,0.36965,0.08949,0.216,-0.028,0.36965,0.061,0.24903,0.152,0.071,0.108,0.213,-0.02494,0.276,-0.05,0.262,-0.205,0.222,-0.09339,0.429,-0.232,0.28794
1,1,0,0.714,-0.03175,0.773,-0.064,0.467,-0.008,0.53968,0.027,0.371,0.094,0.755,-0.017,0.766,0.014,0.876,0.029,0.327,0.01587,0.47817,-0.015,0.552,0.04,0.311,0.043,0.415,-0.015,0.805,-0.13492,0.68849,-0.011,0.559,-0.03175
0,1,0,0.06404,-0.156,-0.026,0.071,0.062,-0.032,-0.017,0.131,0.082,0.0,0.067,-0.145,0.05911,0.0,0.01970,-0.039,-0.094,-0.292,0.076,0.018,0.06897,0.034,0.105,0.209,0.28079,-0.067,-0.043,-0.076,0.03,0.05419,0.099,-0.10837
1,1,0,0.68,0.129,0.70694,-0.095,0.672,0.018,0.74273,0.003,0.71029,0.178,0.588,-0.002,0.91,0.07,1.162,-0.111,0.629,-0.096,0.461,-0.01342,0.537,0.098,0.538,-0.127,0.774,-0.019,0.63311,0.064,0.78859,-0.051,0.578,-0.04698
0,0.857,0.0,0.35,0.466,0.0,0.0,-0.379,-1.184,0,0.0,0.11,-0.071,0,0.0,0,0.0,0.0,0.0,0.0,0.0,0.00759,0.929,-0.296,0.28,-0.136,0.35696,0.05570,-1,0.0,0.0,0.072,-0.707,0,0
1,1,0.0,0.741,-0.00857,0.89818,-0.025,0.517,-0.02,0.89175,-0.103,0.482,-0.157,1.094,0.015,0.498,-0.097,0.501,-0.057,0.90782,-0.02358,0.993,-0.106,0.657,-0.12433,0.90139,-0.209,1.063,-0.106,1.054,-0.114,0.454,-0.223,0.91747,-0.192
0,1,0.0,0.429,-0.733,0.0,0.0,0.0,0.0,0.46458,0.51042,0.58958,0.019,0.0,0.0,0.0,0.0,0.15,-0.498,0.561,-0.105,0.0,0.0,0.0,0.0,0.505,-0.40833,-1,-0.958,-0.27917,-0.889,0.0,0.0,0,0
1,0.517,0.0,0.5,0.01631,1.025,0.017,1.118,0.013,1.29,-0.10223,0.455,-0.043,0.58,-0.011,1.326,-0.057,1.232,-0.034,0.707,-0.028,0.88418,-0.089,0.88907,-0.11909,0.82980,-0.097,0.86453,-0.085,1.253,-0.068,0.698,-0.12452,0.86786,-0.151
0,1,0.0,0.0,0.0,1.246,0.075,0.963,-0.02000,0.0,0.0,0.758,-0.42444,1,0.26,1.294,-0.041,1.497,-0.932,0.0,0,0.813,-0.034,1.016,-0.143,0.0,0,1,-0.684,0.0,0.0,0.563,0.11778,1.012,-0.09556
1,1.496,0.0,0.991,0.043,0.706,-0.001,1.071,0.007,0.965,-0.055,0.766,0,0.85571,-0.09,0.86429,0.004,0.575,-0.068,0.81000,-0.123,0.95,-0.047,0.809,-0.045,0.77000,-0.046,0.81598,-0.08669,0.534,-0.144,0.81429,-0.061,1.114,-0.15143
0,0.862,0,0.0,0,0,0.0,0.0,0.0,0.0,0.0,0,0.0,-1.405,1,1.333,0.542,0.0,0.0,0.0,0.0,0.0,0,0.0,0,0,0,0.532,0.862,0.0,0.0,0.0,0.0,0.0,0.0
1,0.904,0.0,0.346,0.012,0.624,-0.09610,0.496,-0.024,0.62,0.132,0.382,0.034,0.411,-0.11948,0.414,-0.03,0.391,-0.034,0.799,-0.01039,0.432,-0.048,0.49091,-0.01039,0.59221,0,0.297,-0.03280,0.401,0.046,0.568,-0.055,0.658,-0.08571
0,0.0,0,0.0,0.0,0.0,0,0.0,0.0,0,0.0,0,0.0,0.0,0.0,0.0,0,0.0,0.0,0,0.0,0.0,0.0,0.0,0.0,0,0.0,0.68,-1,0.0,0.0,0.0,0.0,0.0,0
1,1,0.0,0.854,0.433,1,0.135,0.35,1.138,0.192,1.279,-0.139,1.02,-0.34107,0.319,-0.43820,0.207,-0.419,0.16709,-0.224,0.00678,-0.26477,-0.09025,-0.207,-0.089,-0.111,-0.125,-0.027,-0.131,0.01033,-0.095,0.033,-0.04,0.018,-0.016
0,1,0.0,0,0.0,0.0,0,1.089,1.142,-0.833,-1.443,0.0,0.0,0.98,-0.081,0,0,0.0,0.0,-1.259,0.987,1,1.332,0.571,-1.297,0,0,1.315,-0.915,0.0,0.0,0.0,0.0,0.658,1
1,1.336,0,0.947,0.527,0.72,0.933,0.396,1.264,-0.042,0.908,-0.415,0.54,-0.70561,0.51560,-0.574,0.31,-0.81136,-0.12539,-0.725,-0.479,-0.459,-0.62861,-0.094,-0.70762,0.18,-0.846,0.455,-0.748,0.52573,-0.29897,0.746,-0.085,0.539,0.24
0,1,0.0,0.0,0,0.0,0.0,0.0,0.0,-1,0.58,0.0,0,0.698,0.307,-0.063,-0.151,0.0,0.0,-0.815,-0.982,0.0,0.0,1,-0.902,0.0,0.0,1,0.279,0.0,0.0,0.0,0,0,0
1,0.594,0.0,0.88179,0.624,0.59573,0.791,0.19672,0.904,-0.229,0.771,-0.62526,0.697,-0.467,0.33652,-1.083,-0.032,-1.057,-0.411,-0.501,-0.73285,-0.065,-0.82217,0.306,-0.923,0.523,-0.55910,0.907,-0.265,1.082,0.107,0.546,0.29,0.461,0.57656
1,1,0.0,0.428,0.02520,0.081,0.117,0.077,0.74003,-0.201,0.92324,-0.132,0.19380,-0.426,0.314,-0.501,-0.057,-0.157,-0.104,-0.423,-0.485,-0.091,-0.822,0.022,-0.265,0.27942,-0.092,0.448,-0.072,0.226,-0.155,0.15078,0.13296,0.095,0.20468
1,1.184,0.0,0.83427,0.357,0.627,0.78579,0.18,0.89402,-0.438,0.83578,-0.858,0.506,-0.729,0.263,-0.987,-0.301,-0.426,-0.875,-0.159,-0.87787,0.136,-1.214,0.449,-0.72454,1.128,-0.207,1.118,0.074,0.732,0.49079,0.37542,0.659,-0.022,0.79444
1,0.932,0,0.898,-0.032,0.488,0.006,0.543,-0.045,0.528,0.013,0.672,-0.07461,0.342,0.07220,0.482,-0.089,0.784,0.09146,0.609,0.0,0.535,0.10108,0.50060,0.03129,0.8,0.137,0.60463,0.03,0.423,0.04,0.844,-0.00963,0.769,-0.094
1,1,0.0,0.853,-0.022,1.028,0.03309,0.72243,0.139,0.939,0.051,0.716,0.43934,0.688,0.007,0.506,0.15,1.414,0.06066,0.328,0.03,0.901,0.022,0.762,-0.161,0.409,-0.143,0.577,0.07124,0.335,0.08640,0.55916,0.089,0.556,0.21691
1,1,0.0,0.61538,0.184,0.623,0.01780,0.547,0.015,0.942,-0.125,0.77538,0.092,0.73961,0.075,0.949,0.041,0.68615,-0.11,0.608,0.158,0.8,0.07573,0.407,0.051,0.60154,-0.058,0.597,0.067,0.492,0.279,0.513,0.099,0.457,0.09322
1,1,0.0,0.681,0.05375,1.233,0.00202,0.867,0.004,0.84300,0.09901,0.871,0.04102,0.736,0.008,0.647,0.009,0.514,-0.086,0.585,-0.034,0.593,0.009,0.537,0.013,0.486,-0.027,0.70824,0.01096,0.62235,0.072,0.924,0.007,0.513,0.014
1,0.581,0.0,0.5,0,0.323,0.121,0.397,0.084,0.25,-0.033,0.461,-0.064,0.45652,0.069,0.267,0.02609,0.301,0.153,0.42174,0.111,0.391,-0.021,0.459,-0.149,0.404,-0.00870,0.365,0.062,0.38696,0.053,0.279,0.168,0.44783,0.17391
1,1,0.0,0.773,0.09417,0.825,0.251,0.71628,0.28068,1.039,0.434,0.89,0.307,0.42,0.60814,0.683,0.702,0.46,0.67861,0.278,0.788,0.144,0.68104,0.017,0.716,-0.073,0.63183,-0.132,0.842,-0.133,0.398,-0.221,0.51701,-0.374,0.424
1,1,0,1.156,0.08,1,0.17,0.695,0.33044,0.925,0.53020,0.74977,0.60297,0.342,0.574,0.344,0.967,0.29452,1.05,0.258,0.912,0.104,0.778,-0.016,0.607,-0.165,0.935,-0.163,0.824,-0.171,0.545,-0.492,0.296,-0.42815,0.458
1,1.125,0.0,0.89410,0.18,1.164,0.414,0.982,0.48,0.762,0.772,0.762,0.71016,0.538,0.76161,0.133,0.576,0.053,0.648,-0.09159,0.76261,-0.141,0.532,-0.205,0.639,-0.299,0.66,-0.343,0.598,-0.699,0.347,-0.52823,0.19172,-0.48808,0.05972
1,1.061,0.0,1.259,0.17498,0.905,0.364,0.628,0.49960,0.817,0.661,0.625,0.798,0.4,0.83614,0.27,0.866,0.241,0.823,-0.00701,1.055,-0.18880,0.89383,-0.229,0.688,-0.46534,0.91,-0.442,0.66335,-0.956,0.52564,-0.689,0.58,-0.544,0.294
1,1,0.0,0.786,0.209,0.505,0.514,0.944,0.323,0.668,0.581,0.697,0.74922,0.36100,0.969,0.15664,0.83558,0.00396,0.85210,-0.12,1.007,-0.491,1.046,-0.637,0.788,-0.604,0.689,-0.637,0.40972,-0.447,0.206,-0.862,0.156,-0.538,0.05394
1,1,0.0,1.102,0.178,0.63935,0.458,0.266,0.593,0.107,0.23,0.097,0.679,-0.07727,0.256,0.0,0.45,-0.27491,0.395,-0.56136,0.36818,-0.392,0.204,-0.40533,0.07588,-0.28,-0.03229,-0.424,-0.101,-0.141,-0.175,-0.158,-0.303,-0.07,-0.344
1,1,0.0,0.693,-0.60927,1.161,0.72,0.74,0.094,0.818,0.216,0.366,0.24172,0.432,0.153,0.847,0.19,0.41,0.436,0.75,0.108,0.429,0.264,0.68874,0.107,0.521,0.26653,0.49013,0.27687,0.46216,0.313,0.387,0.234,0.209,0.29942
1,1.209,0.0,1.334,0.165,0.503,-0.068,1.168,0.09677,0.359,0.006,0.8,-0.07780,0.475,0.085,0.58634,0.025,0.53131,-0.03416,0.913,0.141,0.532,0.037,0.32068,0.038,0.781,0.37381,0.49090,0.221,0.105,0.165,0.349,0.216,0.522,0.15180
1,1.116,0.0,0.443,0.095,0.977,-0.023,0.92,-0.03299,0.66725,-0.06620,0.532,-0.052,0.858,-0.05771,0.627,-0.049,0.297,0.04530,0.71254,0.008,0.724,-0.107,0.53430,-0.105,0.273,-0.342,0.416,-0.051,0.52613,-0.065,0.44277,-0.072,0.46,-0.09
1,1,0.0,0.829,0.056,1.292,-0.007,0.96683,-0.00722,0.87980,-0.041,1,0.017,0.96186,-0.013,0.95947,-0.023,0.964,0.014,1.183,-0.11,0.854,-0.03,0.909,-0.02591,0.635,0.023,1.403,-0.031,1.355,-0.033,1.134,-0.03464,1.14,-0.025
1,1,0.0,0.257,-0.079,0.42784,-0.162,0.555,-0.22,0.631,0.087,0.26289,-0.21649,0.426,0.15979,0.45361,-0.106,0.563,0.056,0.5,-0.17,0.29,0.18557,0.448,0.08247,0.972,0.157,0.77,-0.117,0.176,-0.271,0.365,0.041,0.229,-0.395
1,1,0,0.639,-0.063,0.796,0.02968,0.61432,0.308,0.927,-0.00462,0.425,0.049,0.443,-0.246,0.72517,0.613,0.442,0.096,0.786,0.195,0.63279,-0.348,0.522,0.172,0.64665,0.215,0.674,0.145,0.346,0.11,0.66316,0.179,0.403,0.504
1,1.473,0,0.262,-0.041,0.603,0.013,0.58876,0.018,0.838,0.02472,0.66742,-0.005,0.38,-0.034,0.525,0.009,0.448,0.022,0.64719,-0.07416,0.56854,0.172,0.407,-0.024,0.492,0.055,0.56588,0.012,0.257,-0.04,0.371,0.10562,0.661,-0.082
1,0.983,0.0,0.494,-0.00647,0.35,-0.04207,0.63107,-0.042,1.056,0.113,0.765,0.09709,0.35,0.206,0.60194,-0.016,0.54369,-0.047,0.46926,-0.102,0.934,0.169,0.548,0.208,0.748,-0.05502,0.247,0.00040,0.192,-0.086,0.629,-0.092,0.26,-0.05
1,1,0.0,0.346,0.102,0.988,0.044,0.745,0.068,0.60988,-0.005,1.025,0.172,0.59753,0.054,0.68,0.055,1.042,-0.104,0.971,-0.08,0.32,0.00988,0.358,0.08148,0.626,-0.12840,0.63773,-0.02451,0.416,0.02222,0.561,-0.077,0.741,-0.029
1,1.273,0.0,0.841,-0.02712,0.67119,0.051,0.52,-0.058,0.50508,0.045,1.018,-0.053,0.781,-0.014,0.53220,0.078,0.671,0.137,0.56949,-0.014,0.763,0.008,0.71525,-0.049,0.381,-0.046,0.57262,0.008,0.58644,-0.004,0.788,-0.034,0.593,0.06780
1,1,0.0,0.345,0.078,0.372,0.057,0.244,0.0,0.602,-0.022,0.304,0.02427,0.268,0.056,0.431,0.00485,0.47087,-0.124,0.43204,0.00485,0.315,0.074,0.207,0.303,0.397,-0.078,0.36547,0.02,0.436,0.142,0.26214,0.0,0.232,-0.01942
1,1,0.0,0.94,0.02187,0.994,0.379,0.789,0.35222,0.443,0.48906,0.73584,0.432,0.514,0.613,0.272,0.989,0.292,0.764,0.329,0.941,0.111,1.058,0.06338,0.71284,-0.193,0.52,-0.158,0.802,-0.193,0.55805,-0.188,0.44195,-0.327,0.225
1,1,0.0,0.507,0.15810,0.956,0.43,1.069,0.58,0.689,0.473,0.58827,0.802,0.40349,0.83156,0.195,0.84804,0.039,0.85475,-0.096,0.554,-0.335,1.128,-0.229,0.571,-0.28,0.691,-0.306,0.244,-0.7,0.419,-0.536,0.18345,-0.64134,0.039
1,1,0,1.359,0.286,0.91966,0.429,1.035,0.686,0.583,0.663,0.43,0.831,0.075,0.83312,-0.06827,0.785,-0.339,1.019,-0.43707,0.515,-0.55769,0.589,-0.464,0.193,-0.879,0.134,-0.568,0.019,-0.64872,-0.156,-0.68,-0.336,-0.673,-0.35032
1,1.076,0.0,1.144,0.21,1.288,0.40803,0.73,0.466,0.736,0.489,0.524,0.776,0.114,0.89489,0.067,0.479,-0.287,0.766,-0.42811,0.75554,-0.739,0.567,-0.944,0.453,-0.414,0.30912,-0.77097,0.214,-0.733,-0.04399,-0.75199,-0.17921,-0.553,-0.352
1,1,0.0,0.93972,0.151,0.80486,0.695,0.845,0.977,0.416,1.179,0.101,0.90403,-0.188,0.963,-0.39730,0.588,-0.531,0.516,-0.508,0.285,-0.81262,0.267,-0.475,-0.038,-0.862,-0.173,-0.354,-0.46438,-0.55,-0.826,-0.243,-0.70835,-0.097,-0.71273
1,1,0.0,0.89835,0.342,0.664,0.62233,0.35,0.753,-0.042,0.449,-0.164,0.819,-0.25137,0.726,-0.558,0.373,-0.66750,0.096,-0.301,-0.055,-0.822,-0.073,-0.33197,-0.364,-0.124,-0.53620,0.07158,-0.327,0.228,-0.534,0.53,-0.363,0.42805,0.095
1,1,0,0.29073,0.075,0.23308,0.222,0.022,0.236,0.12030,0.26316,0.049,0.207,-0.052,0.082,-0.039,0.048,-0.087,0.055,-0.05431,0.014,-0.039,-0.002,-0.016,-0.014,-0.014,-0.02,-0.00886,-0.02,-0.004,-0.01,0.001,-0.014,0.003,-0.00647
1,0.509,0.0,0.511,-0.459,1.427,0.35338,0.75376,-0.00564,0.82519,0.155,0.427,-0.146,0.65977,0.054,0.563,0.166,0.653,-0.617,0.596,0.042,0.356,0.20489,0.84774,-0.307,0.355,-0.046,0.474,-0.14,0.446,-0.13346,0.181,-0.097,0.602,-0.10309
1,1,0.0,0.928,0.13215,0.72171,0.06,0.65829,0.08315,0.207,0.105,0.412,0.149,0.351,0.133,0.621,0.13507,0.31,0.02922,0.477,0.096,0.262,0.122,0.296,0.2,0.317,0.105,0.328,0.215,0.328,0.242,0.259,0.13632,0.225,0.13198
1,0.543,0.0,0.94080,0.137,0.916,0.009,1.053,0.019,0.76966,-0.00278,0.526,0.125,0.992,0.041,0.956,0.025,0.74838,0.01943,1.044,0.023,0.486,0.04901,0.825,0.065,0.588,0.02220,0.643,0.06235,0.802,0.065,0.995,0.038,0.77269,0.082
1,0.737,0.0,0.867,0.055,0.79946,0.258,0.99009,0.17,0.625,-0.094,0.484,-0.014,0.90446,-0.26724,0.711,0.293,0.658,-0.062,0.914,-0.013,1.083,-0.34024,1.032,-0.204,1.079,-0.09193,0.877,-0.02908,1.094,-0.04101,0.55,0.281,1.195,0.09193
1,1,0.0,0.74916,0.027,1.088,0.101,0.86,0.176,1.046,-0.09188,0.799,0.028,0.863,-0.006,0.918,0.10195,0.612,0.041,0.583,0.02,0.81221,-0.091,1,0.0,0.497,-0.01207,0.73,0.02552,0.97,-0.013,0.828,0.117,0.808,0.02750
1,0.734,0,0.47337,0.235,0.085,-0.265,0.365,0.007,0.45562,-0.057,0.624,0.023,0.44675,0.326,0.71598,-0.03846,0.55621,0.121,0.471,0.11538,0.725,0.021,0.757,-0.091,0.399,-0.02,0.602,0.03259,0.61,0.348,0.385,-0.153,0.397,-0.002
1,1.072,0.0,0.59887,0.136,0.62,-0.188,0.675,-0.098,0.80979,0.017,0.621,0.02825,0.97,-0.037,0.835,-0.13748,0.51412,-0.24482,1.019,-0.181,0.761,-0.004,0.392,0.036,0.308,-0.241,0.578,-0.099,0.289,-0.011,0.53861,-0.31262,0.67420,-0.251
1,1,0,0.484,-0.044,0.442,-0.08493,0.823,0.0,0.73673,-0.098,0.689,-0.129,1.018,-0.11677,1.07,-0.144,0.671,-0.233,0.908,-0.079,0.79193,-0.15711,1.184,-0.035,0.677,-0.326,0.827,-0.207,0.604,-0.322,0.478,-0.262,0.65817,-0.24841
1,1,0.0,1.25,-0.051,0.83424,0.037,1.044,0.049,0.554,-0.02174,1.015,-0.048,0.463,-0.155,0.463,-0.00543,1.174,-0.233,0.953,0.017,0.632,-0.05978,0.769,-0.26,0.429,-0.18750,0.83705,-0.053,1.242,-0.047,0.502,-0.074,0.79076,-0.00543
1,1.088,0.0,0.573,-0.13241,0.53755,0.16996,0.72727,0.077,0.968,-0.143,0.51,-0.23518,0.857,-0.171,1.104,0.042,0.764,-0.002,0.482,-0.101,0.987,-0.336,0.741,-0.365,0.351,-0.058,0.61847,-0.068,0.60079,-0.25,0.37549,0.052,0.61067,-0.017
1,0.899,0.0,0.325,0.11308,0.58980,0.01,0.822,0.044,0.65,-0.13969,0.52993,0.014,0.426,-0.167,0.92,-0.03326,0.756,-0.13525,0.688,-0.045,0.47894,-0.202,0.50776,-0.173,0.507,-0.197,0.472,-0.095,0.336,-0.04,0.651,-0.11752,0.702,-0.051
1,0.862,0.0,0.831,0.21,0.405,0.272,0.493,0.674,0.347,0.887,0.09831,0.486,-0.20097,0.706,-0.35737,0.77500,-0.896,0.555,-0.78768,0.519,-0.705,0.275,-0.446,-0.106,-0.602,-0.26356,-0.67557,-0.55,-0.293,-0.598,-0.30512,-0.415,-0.19312,-0.69
1,1,0.0,0.969,0.171,0.449,0.766,0.339,0.807,0.194,0.92651,0.052,0.539,-0.23237,0.555,-0.624,1.171,-0.73329,0.627,-0.809,0.309,-0.679,0.087,-0.765,-0.245,-0.774,-0.46906,-0.65165,-0.69556,-0.273,-0.85725,-0.186,-0.93953,0.142,-0.658
1,0.728,0.0,0.88241,0.30634,0.572,0.393,0.414,0.577,0.062,0.68,-0.093,0.974,-0.614,0.71996,-0.596,0.381,-0.81422,0.43,-1.423,-0.004,-1.163,-0.41085,-0.76901,-0.237,-0.631,-0.589,-0.224,-1.206,-0.016,-0.86841,0.261,-0.648,0.00194,-0.81686
1,1,0.0,1.068,0.418,0.885,0.681,0.667,0.418,0.178,0.853,-0.113,1.192,-0.405,0.77681,-0.684,0.58425,-0.675,0.31291,-0.523,0.045,-0.39,-0.15317,-0.607,-0.384,-0.322,-0.52954,-0.215,-0.617,0.082,-0.333,0.25164,-0.48468,0.327,-0.35339
1,1,0.0,0.574,0.356,0.557,0.67,0.49305,0.792,0.21592,1.035,-0.176,0.488,-0.47202,0.454,-1.021,0.65490,-0.87474,0.216,-0.91814,0.081,-1.165,-0.285,-0.422,-0.72,-0.428,-0.445,-0.22323,-1.133,0.065,-0.574,0.462,-0.78057,0.544,-0.595
1,1,0.0,0.966,0.401,0.829,0.604,0.344,0.707,0.118,1.064,-0.224,0.79886,-0.448,0.66541,-0.993,0.638,-1.019,0.284,-0.72180,-0.068,-0.896,-0.28195,-0.552,-0.709,-0.381,-0.66014,-0.011,-0.404,0.22708,-0.771,0.43100,-0.51206,0.812,-0.217
1,1.093,0.0,0.742,-0.027,0.98058,-0.034,1.16,-0.07635,1.216,0.008,0.616,-0.031,0.513,-0.089,0.99382,-0.07149,1.262,-0.077,0.604,-0.085,0.795,-0.045,1.217,-0.128,0.602,-0.08341,0.872,-0.12912,0.832,-0.14916,0.97132,-0.144,0.786,-0.18800
1,1,0.0,1.228,-0.009,0.884,0.01001,0.94994,-0.009,0.847,-0.014,0.947,-0.042,1.119,-0.01767,1.165,-0.03887,0.95465,-0.057,1.194,-0.041,0.94229,-0.025,1.099,-0.052,0.528,-0.024,1.091,-0.032,0.771,-0.095,1.304,-0.07244,1.247,-0.07420
1,1,0.0,0.97032,-0.179,1.17,-0.003,1.031,-0.156,0.522,0.18265,0.943,0.003,0.881,-0.092,0.91324,-0.003,0.86758,-0.084,1.336,-0.21233,1.472,0.1,0.92009,-0.045,1.303,0.059,1.11,-0.116,1.015,-0.20091,0.85388,-0.099,0.554,-0.194
1,0.637,0.0,0.52542,-0.028,0.774,0.062,0.4,-0.1,0.439,-0.01695,0.354,-0.13559,0.64407,0.181,0.828,-0.484,0.54237,0.015,0.373,0.02,0.59322,0.399,0.855,0.054,0.40678,0.206,0.993,-0.004,0.415,-0.035,0.83051,-0.15254,0.477,-0.102
1,1.427,0.0,0.368,-0.269,0.574,0.191,0.38889,0.091,0.41667,0.13889,0.703,-0.095,0.542,-0.06,0.564,0.467,0.55556,0.02778,0.25000,-0.23,0.47222,-0.082,0.783,-0.016,0.571,0.08333,0.526,-0.14256,0.147,-0.205,0.286,-0.177,0.097,-0.327
1,1.192,0.0,0.509,1,1,0.53810,0.77,1.134,0.433,0.558,0.33081,1,0.221,1.3,-0.133,0.784,-0.299,0.749,-0.372,1.238,-0.731,0.94,-0.969,0.47894,-1,0.35175,-1,0.05,-1.393,-0.111,-1.253,-0.239,-0.481,-0.352
1,1,0,0.795,0.262,0.975,0.54301,0.814,0.817,0.423,0.357,0.19,0.94749,-0.105,0.949,-0.543,0.895,-0.395,0.71161,-0.68358,0.534,-0.792,0.238,-0.763,0.037,-0.966,-0.29099,-0.748,-0.309,-0.538,-0.252,-0.283,-0.60454,-0.231,-0.62956
1,1,0.0,1.157,0.484,0.932,0.656,0.41,0.78115,0.227,0.82732,-0.182,0.569,-0.46177,0.78497,-0.802,0.434,-0.9,0.26529,-0.84014,0.03928,-0.802,-0.26,-0.328,-0.299,-0.283,-0.582,-0.026,-0.491,0.197,-0.297,0.244,-0.26,0.47,-0.24313
1,1,0.0,0.93658,0.26,0.846,0.713,0.45571,0.984,0.184,0.701,-0.209,1.269,-0.285,0.603,-0.524,0.573,-0.625,0.26020,-0.67,-0.037,-0.47,-0.608,-0.373,-0.87,-0.36799,-1.264,-0.04578,-0.91221,0.179,-1.18,0.43,-0.69613,0.74828,-0.596
1,1.059,0.0,1.351,0.226,0.71976,0.68420,0.29303,0.94078,-0.151,0.786,-0.184,1.337,-0.831,1.18,-1.258,0.236,-1.257,0.09585,-1.286,0.025,-0.66431,-0.894,-0.46010,-0.612,-0.119,-0.64,0.235,-0.864,0.251,-0.791,0.69886,-0.466,0.877,-0.13194
1,1.354,0,1,0.16195,0.787,-0.042,0.973,0.009,0.733,-0.12352,1,-0.015,0.58,-0.01731,0.73,-0.078,0.676,-0.072,0.749,0.03,0.852,-0.077,1.312,-0.02685,1,-0.253,0.987,-0.043,1.228,0.098,0.943,-0.075,1.02,-0.07439
1,0.552,0.0,1.318,-0.002,1.198,-0.131,1.348,-0.003,0.507,-0.422,1.305,0.128,0.808,-0.14247,1.447,-0.026,0.95853,-0.15518,0.603,0.715,1,-0.101,0.832,-0.08495,0.85741,-0.01664,0.811,-0.023,1.141,-0.028,0.80634,-0.023,0.964,-0.02039
1,1,0.0,0.55,0.155,0.64064,0.755,0.41319,0.774,0.195,0.83548,-0.197,1.039,-0.442,0.72328,-0.374,0.606,-0.503,0.146,-0.901,-0.094,-0.57695,-0.35,-0.40637,-0.463,-0.202,-0.711,0.018,-0.698,0.121,-0.223,0.311,-0.23199,0.34572,-0.104
1,1,0.0,0.917,0.334,0.833,0.65128,0.445,0.625,0.05832,0.652,-0.228,0.776,-0.488,0.69590,-1.113,0.52,-0.85803,0.049,-0.638,-0.13,-0.64579,-0.489,-0.395,-0.463,-0.084,-0.652,0.255,-0.71504,0.487,-0.763,0.769,-0.36765,0.62765,-0.11
1,1,0.0,0.748,0.307,0.751,0.394,0.29521,0.911,-0.039,0.94415,-0.51,1.086,-0.878,0.465,-0.92819,0.326,-0.92282,-0.191,-0.93,-0.588,-0.50931,-0.772,-0.082,-1.232,0.322,-0.885,0.785,-0.68593,1.056,-0.40656,0.83142,-0.081,0.472,0.277
1,0.866,0.0,1.414,-0.24051,1.421,-0.20253,1.261,-0.143,0.455,0.015,1.401,0.154,1.123,0.093,0.814,-0.053,0.887,-0.31,1.182,-0.01266,0.93671,0.06329,1,0.173,0.432,-0.344,0.84637,-0.05540,0.741,-0.06329,0.493,0.036,0.74,-0.03
1,1,0.0,0.74790,0.00840,0.75,0.01659,0.978,0.013,0.929,0.022,0.459,0.05882,0.79093,0.03,0.549,0.049,0.433,0.274,0.809,0.048,0.71285,0.039,0.68895,0.064,0.776,0.05,0.94,0.108,0.87,0.01,0.686,0.046,0.55330,0.09
1,1,0.0,0.512,0.025,0.996,0.013,0.831,0.012,0.565,0.11,0.87597,0.073,0.576,0.038,0.966,0.05018,0.925,0.027,1.021,0,0.925,0.043,1.045,0.089,0.746,0.10853,0.482,0.08950,0.87597,0.08786,0.85198,0.065,0.692,0.072
1,1,0.0,1.11,-0.016,1,-0.004,0.742,-0.017,1,-0.011,0.571,-0.02809,0.95,-0.03,1.47,-0.033,0.515,-0.029,0.99314,-0.031,1.244,-0.048,1,-0.062,1.015,-0.047,0.99842,-0.06,1.466,-0.05,0.99057,-0.059,1.31,-0.06668
1,1,0,1.322,-0.021,0.87525,0.078,0.89505,0.013,0.544,0.023,1.107,-0.011,0.94059,-0.018,0.555,0.026,1.264,0.0,0.94257,0.01386,1.031,0.006,1.309,-0.02,1.094,0.019,0.901,0.021,0.88119,0.002,0.87327,0.031,1.1,0.017
1,1.449,0,0.90071,0.011,1,-0.021,0.847,0.005,0.435,0.045,0.994,0.03546,1.202,0.01064,1.005,0.05,1,-0.017,0.671,-0.035,1.201,0.107,1.18,0.09220,0.7,0.057,0.56,0.024,1.381,0.02482,1.119,0.01064,1.31,0.02
1,1,0.0,0.39394,-0.199,0.487,0.013,0.6,0.056,0.718,0.085,0.227,-0.277,0.57576,0.221,0.231,0,0.56156,0.053,0.417,0.03030,0.728,0.174,0.37,-0.139,0.48526,0.049,0.466,0.05,0.493,-0.023,0.41856,0.072,0.227,0.24242
1,1,0,1.106,0.35950,0.72014,0.47,0.37201,0.963,0.093,1.037,-0.164,0.894,-0.618,0.443,-0.68714,0.397,-0.879,0.09898,-0.834,-0.13652,-0.506,-0.219,-0.199,-0.48,-0.025,-0.883,0.12,-0.359,0.411,-0.37088,0.459,-0.284,0.448,0.016
1,1,0,0.89563,0.266,0.783,0.574,0.262,0.88696,-0.029,1.31,-0.445,0.84414,-0.574,0.311,-1.038,0.152,-0.484,-0.078,-0.671,-0.332,-0.644,-0.676,-0.339,-0.946,0.083,-0.785,0.33531,-0.62296,0.393,-0.409,0.811,-0.17343,0.774,0.08660
1,1,0,0.90547,0.599,0.624,0.918,0.44,0.929,-0.129,1.196,-0.368,0.83263,-0.79657,0.291,-0.877,0.211,-0.79,-0.372,-0.574,-0.416,-0.548,-0.861,-0.031,-0.93788,0.539,-1.178,0.413,-0.813,0.85977,-0.41,0.88654,0.067,0.882,0.46301
1,0.89,0.0,1.457,0.65,0.386,0.063,0.08,0.92713,-0.174,0.902,-0.332,0.37685,-0.87192,0.36946,-0.6,-0.08867,-0.463,-0.34236,-0.268,-0.593,-0.049,-0.93596,0.25616,-0.294,0.929,-0.649,0.872,-0.088,0.977,0.52,0.329,0.00246,0.099,1.118
1,1,0.0,0.573,0.51515,0.388,0.384,0.06061,0.475,-0.403,0.805,-0.645,0.619,-0.691,0,-0.34,-0.12121,-0.376,-0.48485,-0.079,-0.75,0.566,-0.576,0.35,-0.229,1,-0.37,0.864,0.12331,0.534,0.78,0.315,0.428,0.08,0.33333
1,0.863,0,0.88110,0.0,0.923,-0.02744,1.348,-0.017,0.90244,0.018,1.291,0.01829,1.382,0.01,0.95732,0.003,1.181,0.015,1.207,-0.011,1.223,0.018,0.525,0.077,1.248,0.05,0.844,0.023,0.90854,0.01,1,0.068,0.841,-0.01220
1,0.761,0,0.82624,0.115,1.07,-0.048,0.90426,-0.01773,0.581,0.01064,0.793,0.05,0.689,-0.004,0.628,0,0.835,0.141,1.015,-0.00709,0.822,0.004,0.656,0.041,0.91135,0.236,1.17,0.052,0.77660,0.092,0.927,0.18,0.761,0.0
1,1,0.0,0.881,0.157,1.145,0.007,0.979,0.01471,0.861,-0.016,0.925,0.056,0.87657,0.043,0.87235,0.029,0.95745,0.059,1.133,0.04255,1.221,0.04,0.658,0.073,1.286,0.11348,0.546,0.052,0.803,-0.03546,1.201,0.037,0.781,0.07173
1,1,0.0,1.097,0.023,0.89951,0.005,1.072,0.005,0.86335,0.0,1.133,0.057,0.904,0.005,0.86303,0.008,0.83851,-0.035,0.448,0.02484,0.911,0.021,0.655,0.023,0.79503,-0.04348,0.82111,0.016,0.929,0.108,1.125,0.031,0.877,0.023
1,1,0.0,1.044,0.00710,0.774,0.019,0.85,0.021,1.005,0.017,1.354,0.027,0.948,0.018,0.942,0.02,0.733,0.02131,1.073,0.084,0.97158,0.04796,1.066,0.053,1.42,0.044,0.97540,0.06477,0.94849,0.095,0.99112,0.053,1.187,0.131
1,1.35,0.0,0.663,0.01105,0.659,0.014,1,0.02320,1.374,-0.016,0.895,-0.001,0.6,0.03,1.339,0.009,0.809,0.011,0.816,0.01657,0.642,0.005,0.769,0.02099,0.97127,-0.00663,0.98033,0.018,0.97901,0.01,1.107,0.014,1.036,0.019
1,1,0.0,1.198,-0.02,0.988,0.011,1.29,-0.003,0.784,0.032,0.97763,0.032,0.547,0.039,1,0.048,0.658,0.05,1,0.021,0.99776,0.09396,0.95749,0.04,1,0.109,1.124,0.097,1.143,0.087,1.376,0.073,0.671,0.10067
1,1,0.0,0.695,0.436,0.592,0.867,0.573,0.501,0.015,1.396,-0.35148,0.608,-0.369,0.58842,-0.403,0.38778,-1.124,-0.004,-0.943,-0.184,-0.52504,-0.554,-0.27377,-0.908,0.006,-0.69774,0.276,-0.887,0.608,-0.43383,0.55,-0.243,0.569,0.02823
1,1,0,0.91,0.41786,0.468,0.58,0.24,0.697,-0.251,0.96534,-0.768,0.787,-0.81857,0.69,-0.915,0.122,-0.473,-0.31412,-0.461,-0.65461,-0.424,-0.866,0.05865,-0.93,0.44483,-0.7,0.561,-0.346,0.471,-0.14,0.594,0.25,0.72,0.604
1,1,0.0,0.452,0.161,0.15970,0.282,0.077,1.051,-0.25131,1.275,-0.16503,0.26664,-0.515,0.236,-0.603,-0.002,-0.269,-0.19909,-0.454,-0.502,-0.119,-0.89991,0.107,-0.2,0.347,-0.237,0.465,-0.07,0.307,0.08,0.145,0.147,0.13376,0.26422
1,1,0.0,0.848,0.65,0.522,0.717,0.06,0.99,-0.413,0.82139,-0.685,0.52408,-0.84211,0.07111,-1.093,-0.412,-0.47032,-0.486,-0.042,-0.967,0.136,-0.5,0.78,-0.52128,0.863,-0.273,1.011,0.23713,0.238,0.59071,0.212,0.488,-0.268,0.9
1,1,0.0,0.114,0.05725,0.036,0.307,-0.10557,0.48866,-0.242,-0.099,-0.41985,0.091,-0.326,0.132,-0.171,-0.233,-0.098,-0.539,0.186,-0.17557,0.305,-0.098,0.28626,-0.12,0.254,0.24692,0.05,0.372,-0.037,0.206,-0.092,0.16794,-0.235,-0.444
1,1.391,0,0.538,0.001,1.411,0,0.774,-0.001,1.057,0.036,0.97700,0.018,1.271,0.03073,1.46,0.026,0.93929,0.057,0.948,0.042,1.11,0.081,0.614,0.092,1.084,0.101,0.96709,0.07255,0.782,0.099,0.98190,0.099,1.248,0.08616
1,1,0,0.82254,-0.107,0.549,0.00231,1.182,-0.017,1.216,-0.07514,0.885,-0.106,1.221,0.042,1.165,-0.102,0.877,0.095,0.694,0.086,0.804,-0.02370,0.664,-0.06012,0.714,-0.021,1.085,-0.02,0.993,-0.07630,0.488,-0.05,0.78439,0.006
1,1,0,0.188,-0.117,0.69387,-0.036,0.484,-0.038,0.55717,-0.039,0.557,-0.079,0.62099,-0.063,0.325,-0.049,0.224,-0.268,0.686,0.029,0.581,-0.104,0.607,-0.08989,0.27,-0.007,0.358,-0.08,0.505,-0.10306,0.457,-0.08637,0.28943,-0.096
1,1.152,0.0,0.805,0.007,0.86335,0.004,0.85821,0.004,0.722,0.02304,0.669,0.12068,0.43,0.00744,0.729,0.00854,0.499,-0.039,0.815,0.053,0.91,0.007,0.779,0.007,0.516,-0.002,0.70886,0.015,0.705,0.009,0.66298,0.009,0.389,0.01525
1,0.909,0.0,0.83,-0.014,1.057,0.101,0.395,0.50137,1.002,-0.003,0.807,-0.185,0.40164,-0.548,0.224,0.58743,0.686,0.261,0.722,0.107,0.59,-0.308,0.742,0.007,0.60656,0.103,0.68656,0.17088,0.942,0.086,0.55328,0.24590,0.13934,0.435
1,1,0,0.504,0.078,0.73739,-0.208,1.033,-0.061,0.916,-0.036,0.732,0.071,0.614,0.099,0.903,-0.08929,1,-0.028,1.092,0.06618,0.97,0.007,0.567,0.06618,0.622,-0.062,0.623,0.001,1,0.12815,1.099,-0.13,1.206,-0.034
1,1,0.0,1.065,0.00419,0.74,-0.02723,0.93438,-0.023,0.94590,0.012,1.185,0.045,1.324,0.106,0.89,-0.013,0.752,0.001,1.027,0.038,0.92670,0.078,0.735,0.10087,1.322,0.011,0.93522,0.06,0.7,0.119,1.311,-0.00035,0.47,0.056
1,0.959,0.0,0.94701,-0.00034,0.676,-0.03,0.72,-0.045,1.079,0.023,1.392,0.018,0.749,0.04688,0.772,-0.016,1.018,0.02004,0.93784,0.008,0.561,0.07677,1.009,0.071,0.944,0.03193,1.346,0.034,0.92120,0.013,0.855,0.004,1.133,-0.00577
1,1,0.0,0.90608,-0.02,0.98122,-0.023,1.409,-0.038,0.85746,0.00110,1.07,-0.022,0.602,-0.01436,0.90608,-0.04,0.717,-0.005,0.80773,-0.132,0.625,0.015,0.626,-0.026,0.91050,-0.018,0.462,-0.077,0.997,-0.188,0.918,-0.048,0.728,-0.204
1,1.448,0,1.227,0.197,0.943,-0.056,0.617,0.08260,0.759,-0.105,0.78735,0.033,0.605,-0.00351,0.655,-0.01054,0.85764,-0.053,0.926,-0.047,0.597,-0.122,0.996,0.053,0.59,-0.15114,0.81147,-0.047,0.973,-0.008,0.75747,-0.065,0.482,-0.031
