1,1,0.0,1.477,-0.05889,0.774,0.016,0.83398,-0.365,1.47,0.03760,1.177,-0.17755,0.788,-0.429,0.638,-0.263,0.84356,-0.373,0.764,-0.197,0.7,-0.154,0.314,-0.553,0.56811,-0.707,0.328,-0.323,0.295,-0.417,0.616,-0.793,0.188,-0.45300
0,0.89,0.0,1.295,-0.246,0.605,-0.36156,-0.069,-1.114,0.977,-0.04549,0.462,-0.853,0.502,-0.69707,-0.51685,-0.63,0.077,-0.358,0.281,-0.964,-0.13151,-0.425,-0.18056,-0.35734,-0.146,-0.26569,-0.294,-0.188,-0.2,-0.136,-0.235,-0.064,-0.085,-0.02
1,0.969,0.0,1.184,-0.041,0.863,0.004,1.2,-0.133,0.88965,0.014,0.444,0.07,0.85443,0.00827,0.685,0.004,0.462,-0.157,0.75535,-0.08540,0.809,-0.372,0.43385,-0.12062,0.671,-0.348,0.348,-0.127,0.536,-0.174,0.326,-0.214,0.478,-0.38238
0,1,0.0,0.899,-0.371,1,1,0.71216,-1.139,0.0,0,0,0.0,0.0,0.0,-0.989,0.149,0.527,-0.321,-0.912,-0.407,-0.76,1.431,0.0,0,1.282,0.949,0.698,1.067,1.181,-0.20099,0.346,1.409,-0.405,1.44
1,0.59,0.0,1.359,-0.02,0.91,0.06531,0.92106,-0.135,0.773,-0.103,0.367,-0.20275,0.307,-0.00712,0.352,-0.293,0.778,-0.136,0.287,-0.263,0.06,-0.524,0.021,-0.403,0.022,-0.922,0.13290,-0.333,0.02431,-0.349,-0.075,-0.449,-0.04608,-0.65697
0,0.655,0.0,0.023,-0.00592,-0.052,-0.085,-0.011,-0.169,0.145,0.098,0.03786,-0.075,0.0,0.0,-0.06,-0.185,-0.00343,-0.079,-0.135,-0.05414,0.01838,0.046,0.016,0.01,0.044,-0.022,-0.03240,0.09223,-0.11,0.009,0.0,0.0,-0.0,0.12011
1,0.527,0,1.106,-0.06,1.135,-0.126,0.617,-0.217,0.85996,-0.299,0.625,-0.47929,0.921,-0.61,0.807,-0.321,0.524,-0.647,0.37852,-0.73641,0.472,-0.913,0.171,-0.848,0.329,-0.612,0.19,-0.82510,0.061,-0.82395,-0.04262,-0.766,-0.105,-1.145
0,0.0,0.0,0.0,0.0,0.0,0.0,1.339,-0.858,0.0,0.0,-1.052,-1.012,0,0,0.0,0.0,0.834,0.9,-1,-1.089,0.0,0.0,0.0,0.0,1.482,1,0.83,1.379,0.0,0,1,1,0,0.0
1,1.29,0.0,1.43,-0.107,1,-0.185,1.292,-0.211,0.655,-0.284,0.9,-0.285,1.062,-0.248,1.264,-0.46381,0.98305,-0.18,0.84537,-0.66020,0.5,-0.433,0.481,-0.64225,0.976,-0.479,0.57577,-0.451,0.343,-0.425,0.509,-0.367,0.535,-0.73420
0,1,0.0,-0.015,-0.086,0.0,0.0,0,0,0.09,-0.154,-0.338,-0.217,0.0,0.0,-0.492,0.462,-0.377,0.167,0.735,0.173,0,0.0,0.0,0,-0.14803,-0.007,0.112,-0.02294,0.0,0.0,0.207,0.271,-0.112,0.38065
1,1,0.0,0.657,0.066,1.009,-0.115,1,-0.241,1,-0.263,1,-0.241,0.96232,-0.379,1.209,-0.853,0.76,-0.66474,0.358,-0.445,0.666,-0.899,0.812,-0.585,0.686,-0.517,0.47211,-0.888,0.444,-0.613,0.423,-0.943,0.174,-0.89158
0,0.552,0.0,1.379,-0.553,1,-0.766,1,-1,1,0.191,0.969,-0.584,1,0.517,1.228,-1,1.312,-0.286,1.149,-0.902,1.234,1.279,0.56,1,1.354,-0.277,1.384,-0.494,0.749,-1.224,1,-0.718,0.991,-0.676
1,1,0.0,0.958,-0.16316,0.951,-0.10169,1.289,-0.171,1.488,-0.19277,0.652,-0.362,1.295,-0.413,0.93719,-0.473,0.94486,-0.328,1.048,-0.509,0.71,-0.609,1.21,-0.723,0.492,-0.546,0.471,-0.869,0.402,-0.69,0.68714,-0.564,0.664,-0.67226
0,0.824,0,0.586,-0.457,1,0.2,0.67,-0.583,1.176,-0.175,0.718,0.35,1.21,0.07772,1,-0.212,1.323,-1.136,0.543,-1,0.839,0.105,0.764,0.824,1.196,-0.17012,1.496,0.35924,0.678,-0.66494,0.655,1.276,1.319,-0.219
1,1,0,0.779,0.058,1.245,0.042,1.474,-0.031,1,0.076,1.494,0.195,1.215,0.212,1,0.12785,1.223,0.088,1.469,0.166,0.782,0.336,1.277,0.395,0.978,0.207,1.284,0.3,1.33,0.48641,1,0.459,1,0.257
0,0.696,0.0,0.451,-0.871,1,0.374,-0.028,-1,1.013,-1,0.619,-1.116,0.0,0.0,-1.342,-0.474,-0.458,0.049,1.135,-1,0.0,0.0,0,0.0,-0.22,0.63,0.458,0.311,0,0.0,1.414,0.301,0,0
1,1,0.0,0.839,0.091,1.443,-0.008,1.387,0.029,0.96112,0.034,0.99274,0.07808,0.566,0.055,0.484,0.048,0.88809,0.13,0.503,0.074,0.735,0.1,0.83668,0.077,0.81329,0.154,0.435,0.161,0.723,0.092,0.828,0.226,0.848,0.12015
0,0,0,0.0,0.0,-1,-1,0.951,0.632,-1.087,1.314,-0.963,1,1.059,-0.602,0.921,0.609,-0.669,-1.065,-1,0.71,0.609,-1,-1.08,0.638,-1.419,0.646,0.902,-1.016,-0.554,1,-0.891,-1.296,0.89,-1.182
1,1.089,0,0.68,0.02528,0.882,0.055,0.424,0.178,0.08776,0.393,0.937,0.12131,0.769,0.14285,0.539,0.059,0.522,0.164,0.179,0.559,0.598,0.11,0.294,0.186,0.606,0.255,0.681,0.196,0.43433,0.284,0.433,0.268,1,0.33036
0,0.0,0.0,1.212,-0.746,0,0.0,0.0,0.0,1,1,0.945,-1.139,-1.061,1,0.0,0.0,-1.269,0.604,1.13,1.205,-0.731,1,0.787,0.56250,-0.919,1,1,0.585,1.317,-0.82,1.108,1.35,0.769,0.653
1,1.399,0,0.774,-0.008,1,-0.074,1.225,-0.07649,1.459,-0.063,0.94,-0.124,1.393,-0.392,1,-0.15616,1.335,-0.425,0.468,-0.321,1.082,-0.541,0.903,-0.575,0.977,-0.40372,0.852,-0.594,0.389,-0.414,0.635,-0.40575,0.74354,-0.35
0,0,0.0,1,1.151,0.0,0.0,0.0,0.0,-1.004,-0.778,0.0,0.0,0.0,0.0,-0.915,-1,-0.831,-0.809,-1,0.822,-1.223,1.128,0.0,0.0,0,0,0.725,-1.455,-1.069,0.748,-1,0.937,-0.632,1
1,1,0.0,0.919,0.07088,1.193,0.03,1,0.063,0.795,-0.043,0.89263,0.018,0.83250,-0.063,0.87534,0.09831,0.782,0.002,0.872,-0.053,0.793,-0.116,0.333,-0.076,0.578,-0.047,0.701,-0.028,0.437,-0.014,0.51310,-0.0,0.342,-0.003
0,0.0,0,-0.826,1.082,0.0,0.0,0,0.0,-1.403,0.562,0.854,1,0.0,0,0.0,0.0,1.063,-0.73,-0.682,0.702,1,0.968,0.0,0,-1.448,-1.145,0.501,-0.75,0.501,1,-0.971,1.449,0.0,0
1,1.47,0.0,1.223,-0.06182,0.969,0.036,1.38,-0.05131,1.381,-0.024,1.483,-0.137,0.718,-0.05,0.654,-0.035,0.69170,-0.07379,0.464,-0.267,0.959,-0.416,1.177,-0.194,0.678,-0.316,0.72529,-0.29174,1.063,-0.38576,0.282,-0.26284,0.613,-0.416
0,1,0.0,0.938,0.831,1,-1.024,1.19,-1.401,1.259,-0.964,1.295,-1.02,1.412,-0.85,1,-0.977,0.646,-0.557,1,-1,0.719,-0.559,0.575,-0.908,1.457,-1.177,1.052,-1,1.305,-1,0.65,-0.619,1,-0.631
1,1,0.0,1.209,-0.048,0.59,-0.17263,0.86635,-0.942,0.512,0.733,0.547,-0.401,0.88486,-0.35,0.87937,-0.305,0.914,-0.62180,0.074,-0.863,0.90284,0.098,0.845,-0.68,0.646,-1.175,0.425,-1.086,0.407,-1.144,0.32984,-1.091,-0.166,-0.854
0,0.0,0.0,-0.747,-1.046,0.0,0.0,-0.862,1.353,0.899,-0.365,0.0,0.0,0.0,0,0.0,0,1,-1.067,-0.815,-0.822,1,-1.181,0,0,1.409,-1.44,-1.472,1.282,-1,-1.431,0.0,0,-0.941,1.377
1,0.761,0.0,0.896,0.052,1,0.17387,0.727,-0.196,0.683,0.64520,0.561,0.47904,1.476,0.605,1,0.471,1,0.528,1.307,1.293,1.469,0.59,0.534,1.068,0.886,0.852,0.841,0.629,0.434,0.753,0.64358,0.627,0.523,1
0,0.0,0,-0.775,-1.193,1,1.162,1.476,-1.183,-0.995,1,1.402,-1,-1.427,-1.406,0,0.0,0.86,1.105,-0.854,-1,1,-1.403,1,-1.483,1.311,1.266,1.253,-1.078,1.387,-0.655,-0.523,1.291,0.986,-1.238
1,1,0.0,0.942,-0.074,1.178,-0.16256,0.749,-0.127,1.414,-0.07514,1.2,-0.25010,0.95,-0.237,0.665,-0.291,0.606,-0.46,1.094,-0.666,1,-0.462,1,-0.468,1,-0.365,1.12,-0.281,1.393,-0.806,1.082,-0.399,1,-0.641
0,1.05,0.0,0.785,-1.313,1,1,0.976,-0.83,0.964,-0.659,0.505,-0.828,1.381,-0.01840,0.85,-1,1.339,1,1.128,-0.85583,1.089,0.834,1.379,-0.9,0.0,0.0,0.952,1,0.76,-0.832,1,1.166,1.012,0.858
1,1.293,0.0,1.233,-0.165,0.611,-0.068,0.886,-0.213,0.571,-0.17036,0.88462,-0.227,0.85269,-0.353,1.218,-0.35924,0.925,-0.246,1.016,-0.24,0.462,-0.466,0.66150,-0.50085,0.408,-0.62,0.392,-0.54629,0.69,-0.397,0.458,-0.289,0.628,-0.58086
0,1.188,0.0,0.515,-0.031,0.417,-0.181,0.53,-0.09473,1.12,-0.135,1.247,-0.061,0.436,0.671,0.83726,-1.015,0.914,-0.182,0.878,-0.222,-0.352,0.528,0.51933,0.063,0.65493,-0.20392,0.93124,-0.324,0.63811,-0.126,0.86136,-1.309,-0.313,-1.35
1,1,0.0,0.733,-0.1,0.72314,0.202,0.94,-0.551,1,-0.278,0.757,-0.305,0.942,-0.107,0.76837,0.106,1,0.39337,1.228,0.354,1.02,-0.017,1.339,-0.938,0.583,0.097,1.101,-0.158,0.513,-0.065,1.286,0.335,1,-0.57758
0,1.234,0.0,0.66161,-1.279,0.56,1.228,1.384,-0.504,1.116,-0.40446,0.969,-1,1.02,-0.87,1,0.73393,0.142,0.374,0.991,0.752,1,0.85268,1.354,-1,1.224,0.981,0.552,-0.067,0.496,-0.26,1.419,0.441,0.766,0.235
1,1,0.0,1.003,0.005,1.159,-0.012,0.951,-0.03,1.169,-0.09,0.97839,-0.088,0.825,-0.076,0.97261,-0.089,0.567,-0.176,0.598,-0.14327,0.99589,-0.125,1.412,-0.13565,0.89469,-0.304,1.325,-0.172,0.85644,-0.115,0.58,-0.272,1.163,-0.286
0,0,0.0,1.444,1,1,-0.527,0.0,0.0,0.0,0.0,-1,-1.462,0.0,0.0,0.0,0.0,-0.586,1.136,1.322,0.783,-1.319,0.678,-0.994,0.764,1,-1,0.718,1.21,-1.176,1,0.898,0.824,0.0,0
1,1,0.0,0.91241,0.043,0.94191,0.013,1.154,0.068,0.93582,0.018,0.91911,0.095,0.908,0.094,0.768,0.091,1.141,0.104,1.234,0.108,0.633,0.144,0.6,0.078,0.926,0.117,0.765,0.13282,0.66387,0.145,0.436,0.10754,0.812,0.162
0,0.795,0,1.342,0.035,1.211,0.066,0.904,0.069,0.701,-1,0.789,0.128,0.616,0.475,1.066,0.191,0.76929,0.21,1.401,0.41003,0.65850,0.166,0.68,0.122,0.608,0.192,0.49,0.16019,0.43481,0.218,0.538,0.1,1.472,1
1,1,0.0,1,0.041,0.669,0.294,1.196,0.282,0.478,0.465,0.739,0.214,0.75474,0.705,0.465,0.611,0.65954,0.364,0.819,0.93,0.363,0.608,0.478,0.815,0.182,0.72082,0.319,0.662,0.19296,0.70682,0.096,0.386,0.06990,0.602
0,0.554,0.0,-0.602,-1,1,0.951,1.016,-0.186,0.0,0.0,-1,0.891,0.921,0.609,0.113,-1.059,-1.406,-0.646,0.08750,-0.902,1.182,-1.087,-1.314,1.08,-1,-0.71,0.609,-0.638,-1,-0.669,1,1.065,0.0,0
1,1.121,0.0,1.204,0.045,1.074,0.16888,0.905,0.207,0.613,0.708,0.953,0.398,0.177,0.293,0.62,0.438,0.273,0.49618,0.365,0.161,0.37824,0.404,0.31274,0.445,0.24856,0.464,0.167,0.603,0.186,0.56101,0.06927,0.314,0.179,0.67739
0,1,0.0,-0.775,-1.477,1,0.637,1.108,-0.731,1.415,-0.153,1.212,0.788,1,-0.556,0.585,-0.757,1.139,0.156,0.604,-1,1,-0.03393,-0.629,0.945,0.682,0.946,0.909,0.82,0.787,-0.919,1.35,-1,1.013,-1
1,1.18,0.0,0.766,-0.05785,1.372,-0.19,1.211,-0.238,0.511,-0.362,1.004,-0.227,0.955,-0.357,0.893,-0.43796,0.799,-0.52064,0.519,-0.57075,0.428,-0.59839,0.59,-0.793,0.68282,-0.962,0.607,-0.73174,0.683,-0.75353,0.653,-1.069,0.383,-1.206
0,0,0.0,0.0,0.0,0,0,0.0,0.0,1.128,0.575,0.809,1,0.0,0.0,0.0,0.0,-0.36,-0.725,-1.069,-1,0.0,0.0,0.0,0.0,-1.479,-1.319,-1.305,-1.004,-1,1,0.822,0.0,0.0,0
1,0.612,0.0,0.832,-0.047,1.073,-0.084,1.467,-0.097,1.274,-0.102,0.98941,-0.166,0.96674,-0.262,0.95288,-0.291,1.088,-0.34400,0.594,-0.329,0.89991,-0.332,0.87874,-0.295,0.586,-0.446,1.2,-0.429,0.716,-0.221,0.77919,-0.524,0.508,-0.50152
0,1.196,0,0.94598,-0.026,-1.459,0.26131,-0.332,0.294,0.69258,-0.63427,1.063,-0.019,-0.374,-0.004,-0.682,0.15,1.053,-0.581,0.854,-0.50424,-0.29735,-0.34,-1.036,0.541,0.976,-0.35,0.692,-0.842,0.501,-0.419,-0.09634,0.103,-0.078,0.294
1,1,0.0,0.98166,0.00874,1.442,-0.05,1.354,-0.083,0.659,-0.081,0.514,-0.032,0.804,-0.101,0.746,-0.157,1.236,-0.168,0.79682,-0.186,0.88274,-0.24,0.528,-0.259,0.467,-0.188,0.81813,-0.21136,0.78546,-0.241,0.543,-0.224,0.909,-0.252
0,1,0.0,0.0,0.0,1,0.725,0.0,0,0.155,-1,0.0,0.0,0,0.0,-1.024,-0.191,-0.701,-0.83297,0.751,0.818,0.0,0.0,0.485,0.52,-0.649,0.277,0.65,-0.938,-1,0.726,0.0,0.0,0,0.0
1,0.607,0.0,0.729,-0.222,0.543,0.028,0.935,-0.003,0.87947,0.173,0.961,-0.015,0.478,0.716,0.91714,-0.491,0.75000,-0.261,0.86676,-0.241,1.167,1,0.46610,-0.221,0.90066,-0.015,0.551,-0.007,0.709,-0.369,0.84463,-0.328,0.825,-0.02
0,0,0.0,1,1,1.028,-1,0,0.0,0.0,0.0,1,1.472,1.086,1.067,-0.815,-1.353,1.377,-1.181,-0.822,1.431,0.0,0.0,1,-1.252,0.574,-0.899,1.346,1.44,-1.139,-0.941,0.0,0.0,0.0,0
1,1,0.0,1.023,0.629,0.966,1.002,0.569,0.637,-0.26970,1,-1.228,1,-1.307,0.561,-0.627,0.65,-1,-0.44,-0.59,-0.229,-1.474,-0.695,-0.776,-1,1.273,-1.068,1,-1,1.359,-0.753,0.58,-0.346,0.666,0.253
0,1.387,0,-0.676,-1.476,-1,1.266,1.483,0.541,0.027,-0.655,-1.238,-0.523,0.713,1,0.956,-1.105,-1,1.183,0.721,1.402,1.253,-1.311,-1.039,-1.403,-0.18856,0.986,1.406,-1.162,-1.193,-1,-1.291,1.427,1,0.33611
1,0.665,0.0,1.149,0.08143,0.97487,-0.05667,0.762,-0.092,1.272,-0.062,0.857,0.007,1.081,-0.102,1.23,-0.148,0.946,-0.32268,0.90343,-0.193,1.319,-0.29,0.987,-0.358,0.748,-0.215,1.215,-0.195,1.084,-0.234,1.001,-0.39061,0.82166,-0.41173
0,1,0,0.112,-0.162,-0.828,1.379,-1.012,0.85,0.756,0.238,-0.792,-0.564,-1,-1,-1.238,1,-0.018,0.491,-0.42113,-0.361,-0.74628,-1.381,-1.05,-0.546,-1.313,0.259,0.976,-1.07,-1.128,-0.38914,-1.482,-0.834,-0.76,0.585
1,1.29,0,1,-0.012,0.962,-0.029,0.784,-0.065,0.655,-0.099,0.646,0.373,0.715,-0.12738,0.732,-0.188,0.988,0.453,0.504,-0.122,0.662,-0.282,0.95601,-0.23,1.293,-1.037,0.87280,-0.21793,1.119,-0.22370,1.164,-0.139,1.018,-0.22981
0,0.0,0,-1.198,1.247,0.74,-0.784,-1,1.011,0.0,0,0.722,1.153,-1,-0.147,1,1,-1,-1.124,1.02,-1.35,-0.57,-1.498,1.35,1.11,1.318,-0.541,1.188,0.559,1.36,1.087,0.0,0.0,-1.015,-1
1,0.611,0.0,0.583,0.084,0.94525,0.049,1.101,0.13231,1.333,-0.017,0.94846,0.079,0.95713,0.2,0.937,0.144,0.661,0.19,0.993,0.192,0.99695,0.083,0.569,0.084,0.91667,0.226,0.555,0.179,0.646,0.165,0.962,0.29576,0.885,0.31166
0,1.419,0.0,0.17188,-1,-0.808,1.02,0.0,0,0.0,0.0,-0.718,1.379,0.0,0,-0.415,-0.937,0.80521,0.415,0.398,0.143,0,0.0,-0.787,-0.152,-1.041,0.531,1.354,0.964,-1,0.67708,0.0,0.0,0.0,0.0
1,1.289,0,0.958,0.134,1,0.12197,0.874,0.262,0.98602,0.108,0.581,0.247,0.767,0.284,0.916,0.422,0.85529,0.17,1.245,0.194,0.859,0.369,0.74829,0.39597,0.724,0.489,0.687,0.593,0.915,0.623,0.351,0.47033,0.376,0.572
0,1,0,0.01667,-0.35625,0.0,0.0,0.0,0.0,0.0,0.0,0.0,0.0,0,0.0,0.177,-0.647,0.341,1.095,1.358,-0.558,0.0,0.0,0.06,-1,-0.072,-0.16667,0.527,-0.449,-0.898,0.148,0.0,0.0,1,-0.31
1,1,0,1,0.16801,0.941,0.162,0.739,0.415,0.505,0.315,0.747,0.524,0.84250,0.352,1.211,0.411,1.157,0.499,0.358,0.593,0.689,0.71,0.55586,0.95,0.417,0.671,0.43317,0.69129,0.279,0.468,0.264,0.858,0.216,1.005
0,1.173,0.0,0.863,1.215,0.20833,-0.741,1.401,1,0.87719,0.215,-0.926,1.414,-0.087,0.788,0.01754,0.051,-0.696,-1.151,0.202,-0.043,0.314,-0.299,-0.927,0.886,0.80921,-0.795,1,-0.06140,1.003,0.866,0.233,-1.135,1.116,1
1,1,0.0,1.168,-0.496,1.443,0.901,1.285,0.095,0.633,-0.09925,0.562,0.404,0.558,-0.145,1.418,0.008,0.824,-0.712,0.468,-0.134,0.88065,-0.19095,1,-0.065,0.856,0.10678,1.307,-0.07249,1.073,-0.315,0.518,0.151,0.344,-0.05402
0,1,0.0,1.192,0.10598,1,0.247,1,-1,0.403,0.078,1.419,0.355,1,0.60598,0.71,0.342,0.669,0.015,0.58424,-0.437,0.951,0.387,1.054,0.345,0.821,-0.215,1.37,0.172,0.336,-0.021,0.609,0.239,0.638,0.333
1,0.535,0.0,0.571,0.223,0.517,0.017,1.239,0.07764,0.95,0.047,0.98762,0.491,0.742,0.05489,1,0.058,0.95750,-0.24598,1.145,-0.094,1.11,0.044,1.075,0.341,1,-0.485,0.978,-0.032,0.776,0.211,1.09,-0.181,0.901,-0.07329
0,0.0,0.0,1,-1.35,0.82,-1.013,1,-0.909,0.769,-1,0.653,1.104,1.205,1.108,1,-0.819,1.269,1.212,1.477,1.475,1.317,0.919,1.13,-1,0.787,-0.604,1,-0.585,1,0.62,0.0,0.0,1,-1.139
1,1,0.0,1.393,0.67784,1.143,1.148,0.43019,1,0.192,0.989,-0.413,0.94,-1.054,0.6,-1.449,0.218,-0.537,-0.604,-1.202,-0.511,-0.73083,-0.392,-0.224,-0.77,0.411,-1.119,0.61,-1.01,0.316,-1,0.93570,-0.273,1.166,0.03446
0,1,0.0,1,0.809,1,-0.822,1.455,-0.809,0.778,1,0.924,0.959,1,0.756,0.748,-1.151,1.319,0.575,0.614,1.069,1,1.128,1.128,0.915,1.305,1,0.725,0.74,0.0,0.0,0.937,-0.632,1.004,-1
1,1.141,0.0,0.994,0.052,0.676,0.2,0.879,0.224,1.027,0.13,1.16,0.28778,0.655,0.263,0.882,0.31674,1.273,0.628,1,0.559,1.276,0.61267,1,0.715,0.89593,0.698,0.961,1.03,0.524,0.811,0.74389,0.85611,0.853,0.534
0,0.0,0,1.449,-1,0.501,1.196,-0.702,-1,1,-1.244,0.0,0.0,0.0,0.0,-1.288,0.75,0.501,-1.448,1.281,-1,-0.75000,0.912,1.082,-1.255,1,-0.826,1.459,-1,-0.968,-0.562,0.0,0.0,0.971,-1.145
1,1.38,0.0,1.123,0.091,1.336,0.136,0.507,0.36,0.98044,0.35052,0.938,0.566,1.197,0.52517,0.569,0.534,0.71,1.015,0.668,1.085,0.382,0.68820,0.411,1.108,0.40615,0.985,0.33401,1.029,0.363,0.447,0.13756,0.532,0.072,0.86285
0,0.938,0.0,0.399,0.279,0.0,0,-0.392,0.69841,0,0.0,0.0,0.0,0.0,0.0,0.26,-0.135,0.136,0.229,0.46429,0.484,0.0,0.0,0.0,0,1.036,0.244,0.495,0.63492,0.0,0.0,0.0,0,0.0,0
1,0.607,0.0,1.152,0.05070,1.001,0.096,1,0.112,1.102,0.28453,0.969,0.433,1.128,0.518,0.836,0.42881,0.491,0.643,0.75906,0.58801,0.968,0.518,0.79578,0.89,0.836,0.546,0.704,0.839,0.578,0.429,0.537,0.71689,0.434,0.406
0,0,0.0,1.028,1.377,0.0,0.0,0.989,-1.472,1,-1.181,0.912,1.431,1.282,1,1.046,-1.346,0.822,1,1.139,1.409,0.815,-1.353,-1,-1,0.899,-0.747,0.529,-0.941,1,1.44,0.0,0.0,1,-0.974
1,1,0,1.002,0.04078,0.59,0.177,1.415,0.173,1.476,0.365,0.954,0.206,1.363,0.235,0.581,0.289,0.446,0.46059,0.547,0.358,0.497,0.765,0.70331,0.58129,0.422,0.59723,0.587,0.354,0.53952,0.342,0.464,0.479,0.362,0.534
0,0,0,1.291,0.854,1,-1,1,1.387,1.266,0.655,1,1.253,1.406,0.86,1.402,0.986,1.238,-1,-1.162,0.995,-1.483,1.039,-1.311,0.523,0.713,-1.078,1.427,1.183,-1.193,1,-1.105,-0.775,-1.403,1.476
1,1.393,0,1.178,0.24168,1,0.439,1.063,0.485,0.565,0.606,0.765,1.324,1.133,0.523,1,1.091,1.3,0.537,0.784,1.443,0.888,1,1.076,1.094,0.776,0.527,0.38255,0.749,0.102,0.95,-0.132,1,-0.81383,1.082
0,0.0,0,0.964,1.089,1,-0.828,1,1.07,-1.339,0.858,0.0,0,0.659,0.976,0.0,0,0,0.0,-1.166,1.482,-1.012,0.85,1.381,1,0.785,-0.505,1.313,1,0.9,1.128,0.76,-0.952,-1.052,1.238
1,1.29,0.0,1,-0.085,1.123,0.384,0.732,0.09557,1.488,0.159,0.691,-1.398,1.376,-0.262,0.654,-0.205,0.504,0.066,0.715,-0.61538,1,-0.135,1,-1.147,0.988,-0.558,1.128,-0.791,1,-1,0.665,-0.514,0.663,-0.48252
0,0,0.0,1.35,-1.124,0.57,0.786,1.11,1.011,0.784,1.087,0.671,1.198,1,-1.015,1.188,-1.247,1,1.36,1.35,-1,0.541,1,1,0.74,1.462,-0.559,0.573,1.498,0.783,-1,1.02,1.318,0.722,-1
1,1.059,0.0,0.673,0.066,0.92679,0.102,1.224,0.29,0.84111,0.221,0.888,0.216,0.518,0.577,0.668,0.428,0.397,0.64200,0.452,0.64924,0.29,0.738,0.338,0.68343,0.343,0.98,0.25,0.431,0.1,0.717,0.016,0.77072,-0.04023,0.69509
0,0.56,0.0,0.68198,-0.117,0.455,0.302,0.662,0.246,0.349,0.807,1,-0.194,0.01,0.441,0.008,0.38869,0.229,0.54,0.085,0.418,0.042,0.30745,-0.00083,0.24936,-0.021,0.238,-0.053,0.075,-0.049,0.055,-0.04585,0.054,-0.027,0.04586
1,1.159,0.0,1.057,-0.036,0.771,-0.05178,0.80621,0.016,0.85947,0.037,0.63462,0.08728,0.496,0.07840,0.73077,0.032,1.169,-0.27811,0.767,-0.02,0.92,0.071,0.446,-0.179,0.415,0.028,0.839,-0.055,0.742,-0.185,0.561,-0.158,0.345,0.03
0,1,0.0,0.565,-0.046,1.425,0.04328,1,1,0.486,0.102,0.54478,0.117,0.403,-1.228,0.305,0.369,0.66791,-0.138,0.316,-0.153,0.501,0.14792,0.827,0.357,0.534,0.217,0.597,0.21,0.267,-0.03,0.565,0.079,0.412,0.12755
1,1,0.0,0.815,0.04528,0.945,-0.095,0.77358,0.036,0.331,-0.027,0.64528,0.016,0.822,-0.153,0.528,-0.034,0.447,0.101,0.484,-0.075,1.059,-0.205,1.016,-0.161,0.84906,-0.082,0.617,-0.047,0.66792,0.024,0.86415,0.039,0.467,0.00755
0,1,0.0,0.833,-0.066,0.67,0.02,1.372,0.854,0.66364,-0.05909,0.48182,-0.178,0.81809,0.057,0.79,1.18,0.659,0.158,0.806,0.12,0.749,-0.273,1.1,-1.013,0.484,0.204,0.56982,0.182,0.234,0.109,0.289,0.14643,1.272,1
1,1,0.0,0.862,-0.018,0.441,0.0,0.281,0.162,0.40000,-0.05882,0.56471,0.097,0.436,0.085,0.417,-0.05490,0.458,0.02,0.697,0.0,0.45882,0.047,0.723,0.112,0.298,0.002,0.26,0.10039,0.478,0.06,0.446,0.205,0.644,0.17255
0,1,0.0,0.435,0.077,0.456,0.159,0.333,0.198,-0.024,0.224,0.025,0.222,-0.281,0.33636,-0.101,0.27322,0.019,0.40455,-0.298,0.067,-0.22,0.063,-0.255,0.306,-0.14003,-0.027,-0.09971,-0.079,-1.452,-0.878,-0.02916,-0.085,-0.003,-0.06314
1,1.369,0,0.88305,-0.21996,1.264,0.238,0.726,0.196,1.185,0.083,1.263,-0.053,0.692,0.25000,0.81,0.199,0.799,0.397,0.888,0.244,0.73176,0.357,0.996,0.34871,0.827,0.53,0.353,0.379,0.557,0.666,0.43026,0.72,0.667,0.54185
0,0.828,0.0,0.793,-0.09,-0.257,-1.105,-0.08961,-0.373,0.80648,0.066,1.254,-0.00763,-0.238,0.791,-0.251,-0.678,0.646,-0.099,0.78,-0.15729,-0.093,0.662,-0.34128,0.80934,0.673,-0.021,0.768,-0.257,0.574,-0.074,-0.21354,-0.663,-0.18494,-0.649
1,1.112,0,0.98,-0.166,0.643,0.051,0.45217,0.38,0.646,0.124,0.5,0.26957,0.682,-0.289,0.595,0.207,0.426,-0.42609,0.248,-0.26087,0.141,0.167,0.277,-0.051,0.333,-0.156,0.607,-0.055,0.48348,-0.04448,0.904,-0.253,0.311,0.208
0,1,0.0,-0.54180,0.213,-0.505,1.014,0.363,-0.13932,0.31889,-0.06811,0.185,-0.099,0.628,0.09,0.622,-0.104,0.16409,0.322,0.272,0.023,0.326,0.085,-0.63777,-0.688,1.257,0.858,0.299,-0.293,-0.121,0.158,0.02399,0.685,0.663,-0.084
1,1.23,0,0.225,0.073,0.288,0.119,0.627,-0.00509,0.537,0.266,0.32,-0.16638,0.253,-0.039,0.562,0.032,0.81664,-0.201,0.294,-0.024,0.27,0.088,0.347,-0.20883,0.348,-0.032,0.253,-0.022,0.224,0.102,0.70798,-0.01868,0.421,-0.03226
0,1,0.0,0.435,0.16851,0,0.0,0.592,0.043,0.322,0.943,0.531,1.028,-0.032,0.53215,0.254,0.12860,-0.032,1.014,-0.256,1.066,-0.107,0.207,-0.423,0.135,-0.587,0.846,-0.171,1.188,-1,0.956,-0.51,0.154,0,0
1,1.479,0,0.90116,0.171,1.124,0.287,0.602,0.36,0.485,0.38,0.302,0.874,0.291,0.87493,0.062,1.08,-0.124,0.767,-0.332,0.79617,-0.449,0.964,-0.304,0.473,-0.761,0.343,-0.71844,0.25835,-1.082,0.163,-1.013,-0.044,-0.67699,-0.19904
1,0.717,0.0,0.741,0.19049,1.237,0.34,0.476,0.388,0.478,0.714,0.415,0.92643,0.10289,0.939,-0.13254,1.055,-0.33,1.161,-0.52145,1.028,-0.931,0.707,-1.053,0.469,-0.818,0.126,-0.83314,-0.01358,-1.207,-0.125,-0.67289,-0.396,-0.879,-0.6
0,1.314,0.0,-0.721,-1.155,0.0,0.0,0.707,-0.78502,0.60586,0.32899,-1.204,-0.394,0.0,0.0,0,0.0,0.525,-0.269,0.409,-0.617,0.61,-1.401,-0.985,-0.514,0.807,-0.308,-0.785,-1.261,-1.134,-1.332,1,-1,0,0
1,0.905,0.0,0.737,0.04974,0.79074,0.02543,0.546,0.036,0.906,0.09948,0.449,0.271,0.75934,0.108,0.399,0.114,0.872,-0.109,0.765,0.0,0.689,0.073,0.98,0.12185,0.888,0.095,0.848,0.159,0.907,0.194,0.396,0.144,0.57455,0.15114
0,1.196,0.0,1.117,-1.168,0,0,0.429,-0.99265,0.479,0.55147,-0.254,-0.591,0.0,0.0,0.0,0,0.623,-0.549,0.412,-0.31,0.0,0.0,0.18382,-0.721,-0.886,-0.566,-0.747,-1.065,1.199,-1,1,-1.305,0.0,0.0
1,1.047,0.0,1,0.01709,1.243,-0.037,1.015,-0.019,0.938,-0.043,1.361,-0.07092,0.99173,-0.09002,0.731,-0.086,0.533,-0.102,0.566,-0.159,1.142,-0.18519,1.115,-0.191,0.98971,-0.116,0.949,-0.154,1.129,-0.127,0.523,-0.254,1.147,-0.23296
0,0,0.0,0.0,0.0,0.0,0.0,0.0,0.0,0.0,0.0,0.0,0,0.0,0,0.0,0,0.0,0.0,0.0,0.0,0.0,0,0.0,0.0,0.0,0,0.614,-1.057,0.0,0.0,0,0.0,0.0,0
1,1.375,0.0,0.946,-0.12095,0.83,-0.104,0.96365,-0.143,0.97026,0.101,0.812,-0.01124,0.428,-0.132,0.637,-0.31395,1.395,-0.148,0.606,-0.21018,1.031,-0.375,0.6,-0.366,1.175,-0.188,0.88793,-0.412,0.988,-0.334,0.89095,-0.187,0.723,-0.334
0,1,0.0,0.146,-0.195,0.0,0.0,0.68182,-0.897,0.30682,0.95833,0.674,0.071,0.492,-0.778,0.0,0.0,0.807,-0.35985,0.417,-0.80682,0.0,0.0,0.0,0.0,0.263,0.218,1.464,-0.139,0.074,-0.48485,0.123,-1.001,0.0,0
1,1,0.0,0.935,-0.556,1.009,-0.022,0.916,-0.839,0.90083,0.953,0.838,-0.151,0.742,-0.115,0.725,-0.136,0.869,-0.17681,0.784,-0.104,0.65,-0.246,0.956,-0.274,0.657,-0.29852,1,-0.268,1.126,-0.36931,0.625,-0.40740,1,-0.552
0,0.614,0.0,0.0,0,0,0,0.0,0,0.0,0.0,0.913,0.638,0.0,0,0.0,0,0.444,-0.39,0.639,-0.719,0.0,0.0,0.0,0,0.0,0.0,1.376,0.142,0.0,0.0,0.0,0.0,0,0.0
1,0.895,0.0,0.763,0.003,0.827,-0.097,0.88237,-0.176,0.503,-0.06257,1.053,-0.07496,0.933,0.016,1.209,-0.205,0.93881,-0.12977,0.98298,-0.09,1.05,0.001,0.533,-0.063,1.085,-0.23,0.87579,-0.17806,1.073,-0.245,1.152,-0.21,0.815,-0.381
0,0.56,0.0,0.061,0.10811,0.0,0.0,0,0.0,0.676,0.617,0.326,1.095,0.0,0.0,0.0,0.0,0.37162,-1.093,0.33108,-1.191,0,0.0,0.0,0.0,-0.279,-0.55,0.705,-0.617,0.521,-0.23649,0.0,0.0,0,0
1,1.298,0.0,1,-0.573,1.39,-0.657,0.455,-1.231,1,-0.287,1,-0.288,0.389,-0.86402,1.249,-0.608,1.391,-0.678,0.471,-0.92,1.08,-1,0.49,-0.377,0.319,-0.76904,0.329,-0.521,0.997,-1,0.925,-0.866,0.30445,-1.062
0,1,0.0,0.482,-0.62879,0,0.0,0.0,0.0,0.902,1.277,0.604,-0.253,0.0,0.0,0.0,0.0,0.62121,-0.328,0.84091,-0.951,1,-1.397,0.0,0.0,0.0,0.0,1.048,-1.268,-0.12879,-1.386,0,0.0,0.0,0.0
1,1,0,0.915,0.232,0.977,0.374,0.749,0.766,0.323,0.709,0.456,1.069,0.19617,0.534,-0.04061,0.646,-0.17241,0.451,-0.197,0.811,-0.566,0.31,-0.838,0.47,-0.753,0.25747,-0.823,0.075,-0.57241,-0.07816,-0.397,-0.15,-0.574,-0.377
0,1.033,0.0,0.307,-0.61000,0.0,0,1.388,-0.978,0.90000,1,0.445,0.448,0,0.0,0.0,0.0,0.49,-0.362,1.254,-0.871,0.0,0.0,0,0.0,0.257,0.351,1,0.24,0.0,0.0,0.0,0.0,0,0.0
1,1.117,0.0,0.708,0.177,1.315,0.438,0.411,0.502,0.587,1.238,0.243,0.825,0.09467,0.88248,-0.111,0.606,-0.445,0.415,-0.441,0.4,-0.64527,0.44614,-1.014,0.16,-0.70838,0.03591,-0.912,-0.124,-0.399,-0.322,-0.564,-0.646,-0.37432,-0.53319
0,0.787,0.0,1.331,0.662,-0.72973,0.623,-0.39466,0.643,0.069,0.29730,-0.18599,-0.129,-0.044,-0.059,0.01401,-0.039,0.016,-0.007,0.004,0.001,0.0,0.001,-0.0,0.0,-0.0,0.0,-0.0,0.0,0,0.0,0.0,0,0.0,0
1,1,0.0,0.183,-0.07,0.333,0.088,0.2,0.206,0.23810,0.097,0.507,0.02,0.29,-0.064,0.399,-0.027,0.213,-0.11905,0.482,0.047,0.425,0,0.186,-0.129,0.296,-0.04762,0.31,-0.012,0.126,0.0,0.16997,-0.015,0.14694,-0.01877
0,1.179,0.0,1.405,-0.21,1,0.049,0.569,-0.009,0.85,0.01639,1.069,-0.022,0.715,0,0.809,-0.085,0.277,-0.077,0.65558,-0.189,0.415,0.023,0.671,-0.29508,0.431,-0.366,0.618,-0.20325,0.328,-0.042,0.31,-0.538,0.49180,-0.06557
1,0.805,0.0,1.234,0.0,0.88627,0.03131,0.86249,0.056,0.518,0.0,0.69091,0.032,1.053,0.106,0.851,0.099,0.62727,0.284,0.68182,0.092,0.70674,0.113,0.973,0.09,0.52,0.314,0.601,0.12,1.006,0.02,0.793,0.165,0.842,0.17077
0,1,0.0,0.32,0.52381,-0.815,0.11342,-0.101,-0.942,0.66667,0.007,0.412,0.281,-0.363,0.372,-0.463,-0.428,0.358,0.083,0.449,0.06,-0.51830,0.459,-0.47651,-0.47594,0.228,0.864,0.331,0.413,0.369,0.303,-0.699,-0.303,0.228,-0.55837
1,0.51,0,0.929,-0.038,0.815,-0.026,1.385,-0.06889,0.906,0.003,1.082,-0.032,0.641,-0.07287,1.378,-0.213,1.091,0.064,0.553,-0.04,1.049,-0.11526,1,-0.106,0.424,0.034,0.993,-0.18,0.981,-0.081,1.208,-0.15609,1,-0.44222
0,0.531,0,0.354,-0.18,0.58182,-0.099,0.156,-0.661,0.34545,-0.038,0.29091,-0.053,0.435,0.151,0.36364,-0.499,0.283,-0.01818,0.462,0.08,0.123,0.387,0.543,0.125,0.287,0.16364,0.459,-0.07027,0.372,-0.045,0.091,-0.53,0.336,-0.43
1,0.664,0.0,1.251,-1.355,0.645,0.75472,0.638,-0.079,0.912,0,0.708,-0.001,0.45283,0.07547,0.623,-0.043,1.348,-0.001,0.52830,0.0,0.719,0.075,1.119,-0.002,0.736,1.024,0.608,-0.00128,0.94340,-1.267,1,0.574,0.368,-0.109
0,1,0.0,0.702,0.523,-0.76190,-0.267,0.413,-0.199,0.595,-0.073,-0.353,0.179,0.183,0,0.36,-0.066,-0.442,0.51163,0.23810,0.023,0.564,0.04762,0.086,-0.315,-0.449,-0.136,0.173,-0.486,1.006,0.0,-0.756,-0.04762,0.189,0.02381
1,1,0,0.579,0.04167,0.377,-0.144,0.39583,0.0,0.33333,-0.033,0.635,0.0,0.429,0.115,0.54167,0.024,0.27,-0.217,0.413,-0.224,0.328,0.116,0.174,0.163,0.39583,-0.269,0.529,-0.1,0.41667,-0.114,0.72,-0.422,0.221,-0.057
0,1,0.0,0.593,0.514,0.0,0.0,0.0,0.0,0.0,0.0,0.384,-0.995,-0.51504,0.45489,-1.115,0.157,0.466,1.065,0,0.0,0.0,0.0,0.62030,0.127,-1.069,-0.672,0.566,-1,1,0.886,0.0,0.0,0.0,0
1,1,0.0,0.532,0.038,0.95,0.071,0.90996,0.19152,1.013,-0.49962,1.214,0.61320,0.869,0.34328,0.551,0.491,0.491,0.299,0.95472,0.319,0.732,0.372,0.437,0.44,0.219,0.463,0.453,0.43221,1.032,0.984,0.167,0.447,0.175,0.195
0,0.979,0,0.448,0.556,1.114,0.89,0.803,1.034,0.84010,-0.085,0.553,0.07981,0.713,-0.825,0.878,0.864,0.877,-0.054,0.927,0.135,0.604,-0.69594,0.86670,-0.597,0.28604,-0.374,1,0.102,0.692,0.242,1.206,0.709,1.022,0.68822
1,0.927,0.0,1.256,0.081,0.536,-0.019,1.284,0.013,1.363,-0.096,1.341,-0.027,1.189,-0.03096,1,-0.033,1.382,-0.03,1.291,0.018,0.97620,-0.09284,0.766,-0.047,0.91567,-0.1,0.666,-0.06995,0.90978,0.016,1.04,-0.07,1.312,-0.06888
0,1.413,0,0.0,0.0,-0.302,0.752,0,0.0,1.02,-0.753,0.97078,0.46,-0.32,-0.362,-0.30241,0.798,1.124,0.151,0.0,0.0,0.0,0.0,-0.18043,-0.801,0.0,0.0,1,-1,0.0,0.0,0.048,0.912,0,0.0
1,1,0.0,0.494,0.012,0.625,0.007,0.732,-0.005,0.987,-0.032,0.99820,-0.03510,0.99,-0.008,0.869,-0.02581,1.05,-0.01,1.476,0.0,0.904,-0.02612,1,-0.053,0.624,-0.04527,1.024,-0.033,0.703,-0.024,1,-0.055,0.911,-0.033
0,1.092,0.0,0.0,0,0.98919,-0.22703,0.18919,-0.052,0,0.0,1.062,0.089,0.944,-0.221,1.296,0.065,1,-0.07,0.0,0.0,0.719,-0.25,1,-0.354,0.0,0.0,1.214,-0.112,0.0,0.0,1,-0.262,0.346,-0.093
1,1.436,0.0,0.631,0.009,0.189,-0.028,0.6,0.03,0.208,0.12195,0.43313,0.065,0.168,0.04878,0.354,0,0.36585,0.0,0.312,0.108,0.219,0.13,0.12,0.064,0.24,0.09756,0.165,0.05641,0.106,0.049,0.226,0.0,0.182,0.07317
0,1,0,1.234,0.56,1.483,-1.195,0.0,0.0,0.0,0.0,1,1.191,1,-1,0.569,1.05,0.511,-0.94,0.0,0.0,0,0.0,1.237,-0.27778,0,0.0,0.749,-0.743,0.55,1.125,0.598,-1.322,0.0,0.0
1,1,0.0,0.3,0.20408,0.239,0.24490,0.21,0.136,0.653,0.44898,0.382,0.826,0.113,0.57,0.0,0.715,-0.071,0.385,-0.20408,0.493,-0.286,0.275,-0.28571,0.365,-0.794,0.284,-0.46579,0.12,-0.59184,0.226,-0.212,0.0,-0.329,-0.259
0,0.671,0.0,0,0,0.581,-1.166,0.0,0.0,0.0,0.0,1.445,1.374,1.35,-0.25342,1,0.244,1,-1,0.0,0.0,0.0,0.0,0.967,0.638,0.0,0.0,1,-1,0.0,0.0,0.951,-0.732,0.0,0.0
1,1.391,0.0,1.0,0.38235,1.219,0.234,0.557,0.67647,0.27,1.022,0.174,1.071,-0.026,0.986,-0.154,1.075,-0.38,0.49,-0.686,0.404,-0.867,0.486,-0.86029,0.094,-0.896,-0.12500,-0.67925,-0.24131,-0.685,-0.254,-0.544,-0.50735,-0.158,-0.56618
0,1.388,0.0,-1.246,0.206,0.272,0.104,-0.782,-0.885,-0.30719,0.71242,-1.091,1,-0.81699,0.317,-0.885,-0.013,-0.587,-0.821,-0.421,-0.473,-0.068,-0.655,0.94118,-0.747,-1.493,-0.43137,0.74385,0.115,-1.035,0.032,0.134,0.014,-0.548,-0.48241
1,0.621,0,0.147,-0.051,0.695,0.0,0.424,-0.13333,0.255,0.128,0.776,0.025,0.41,0.07,0.369,-0.097,0.553,0.20000,0.316,-0.021,0.272,0.133,0.70000,0.0,0.25000,0.073,0.529,0.048,0.447,0.03,0.287,0.03333,0.41667,-0.05000
0,1.395,0.0,-0.365,0.416,-0.38,0.12159,-0.205,-0.057,0.077,-0.056,0.044,0.023,-0.00885,0.034,-0.008,-0.00166,-0.001,-0.011,0.003,-0.001,0.00138,0.00238,-0.00114,0.001,-0.00069,-0.001,0.0,-0.00043,0.0,0.0,0.0,0.0,-0.0,0.0
1,0.996,0.0,0.828,-0.279,0.428,0.398,0.64865,-0.352,0.495,0.141,1,-0.371,0.438,0.0,0.469,-0.05405,0.32432,-0.21622,0.778,-0.218,0.81,0.046,0.769,0.13514,0.492,-0.24,0.61,-0.193,0.634,-0.216,0.72973,-0.59459,0.268,-0.305
0,1,0,1.114,-0.035,-1.383,-0.332,-1,-0.02,1.07,0.012,0.642,-0.024,-1,0.231,-1.326,-0.00391,0.649,-0.049,1.194,-0.017,-1.411,0.13,-0.93359,0.436,0.498,-0.00391,0.824,0.146,1.06,-0.045,-0.547,-0.098,-1,-0.406
1,1,0.0,0.886,0.018,0.941,-0.015,0.93526,0.013,1.283,-0.012,0.643,0.00520,1.25,-0.034,0.678,-0.004,0.99480,-0.02659,1.428,0.022,0.836,-0.032,0.654,-0.017,1.341,-0.056,1.439,-0.023,0.97399,0.015,0.95434,-0.03410,0.692,0.005
0,0.574,0.0,1.329,-0.068,1.064,-0.772,0.407,-0.072,0.257,-0.135,0.82,-0.23,0.205,-0.135,1,-0.34660,1,-0.21,0.501,-0.443,0.0,-0.255,1.012,-0.50333,1,-0.177,1,-0.578,0.772,-0.184,1,-0.424,0.694,-0.65935
1,1,0.0,0.394,-0.143,0.129,-0.098,0.248,-0.038,0.06,-0.028,0.038,-0.021,0.024,-0.024,0.008,-0.018,0.00281,-0.00893,0.0,-0.00523,-0.00003,-0.004,-0.0,-0.002,-0.0,-0.001,-0.0,-0.0,-0.0,-0.0,-0.0,-0.00012,-0.00008,-0.00006
0,1,0.0,0.62745,-0.064,0.377,0,0.899,-0.1,0.447,-0.136,0.663,-0.08,0.66667,-0.12,0.772,-0.096,0.453,-0.167,0.821,-0.315,0.58824,-0.19608,0.688,-0.23529,0.434,-0.135,0.402,-0.217,0.612,-0.27,0.43137,-0.241,0.371,-0.389
1,0.847,0.0,0.366,0.16667,0.46667,0.352,0.259,0.154,0.097,0.285,0.008,0.149,-0.02367,0.10188,-0.024,0.048,-0.03766,0.024,-0.048,0.01532,-0.035,0.005,-0.011,-0.003,-0.014,-0.00539,-0.007,-0.00586,-0.004,-0.008,-0.001,-0.004,0.0,-0.004
0,1.134,0.0,-0.65625,0.086,0.06250,0.0,0,0.045,0.607,0.063,0.234,0,-0.022,0.123,0.059,0.0,0.143,-0.098,0.416,-0.37500,0.0,-0.108,0.0,0,0.043,-0.526,0.042,0,-0.71875,0.016,-0.016,0.0,0.0,0.076
1,0.534,0,1,-0.01081,0.984,-0.017,1,-0.043,0.861,-0.018,1.308,-0.038,0.98919,0.075,1.105,-0.088,1.321,0.132,0.679,-0.007,0.522,0.06486,0.948,0.04324,0.956,0.135,1.216,0.008,0.995,-0.021,1.38,0.036,1,-0.084
0,0.514,0,0.996,0.03,1,0.08069,1,0.565,0.683,-0.005,0.596,0.034,0.721,0.24,0.593,1.019,0.976,0.052,0.61,0.139,1.069,0.571,0.56,-1,0.9,0.031,1,0.71613,1.103,0.039,0.623,0.93,1.467,1
1,0.989,0,1.167,-0.011,1.164,0.061,1,0.019,0.535,0.003,0.499,-0.018,0.731,0.0,1,0.035,1.128,0.047,1.019,0.032,1.305,0.02139,0.552,-0.009,0.96257,0.071,0.96974,0.042,0.87701,0.011,0.844,0.125,0.918,0.06417
0,1,0,-0.283,0.215,0.172,0.124,0.28250,0.31,0.32250,0.199,0.36285,-0.465,0.069,0.291,-0.087,0.21000,-0.08750,0.246,-0.378,0.3,-0.48000,-0.07,0.208,0.188,-0.797,-0.235,0.198,-0.313,-0.488,0.11,-0.338,-0.241,0.592,0.029
1,0.637,0,0.386,0.033,0.827,0.06667,0.70000,0.041,0.548,0.0,0.508,0.0,0.471,0.0,0.73333,0.0,0.963,0.10000,0.809,0.054,0.725,-0.046,0.76667,0.0,0.753,0.187,0.65932,0.133,0.417,0.188,0.813,0.085,0.517,0.16667
0,0.582,0.0,0.05866,-0.008,0.06704,0.007,0.0,-0.016,0.00559,-0.048,0.025,-0.082,-0.003,0.072,0.06425,-0.047,0.0,0.141,-0.071,0.082,-0.058,0.02514,0.029,-0.005,0.00838,0.006,0.108,-0.01,0.028,-0.003,0.048,0,0.038,-0.03352
1,1,0.0,0.615,0.324,0.72554,0.343,0.587,0.851,0.011,0.557,-0.344,0.662,-0.313,0.507,-0.61,0.385,-0.578,0.073,-0.631,-0.205,-0.38,-0.436,-0.295,-0.335,-0.04119,-0.64792,0.149,-0.56420,0.414,-0.41901,0.69,-0.22535,0.50376,-0.044
0,1,0.0,0.071,0.008,-0.02586,0.027,0.016,0.043,-0.107,0.008,0.016,-0.08,-0.041,0.047,-0.084,-0.056,-0.112,0.068,-0.025,0.037,0.019,0.03,-0.055,-0.013,0.03161,-0.005,0.00862,0.01724,0.02586,0.011,0.02586,0.007,-0.06,-0.00575
1,0.983,0.0,0.79,-0.01084,0.79704,0.013,0.687,0.00197,0.79015,0.013,0.78424,-0.008,0.424,0.045,0.837,0.025,0.927,-0.009,0.437,-0.042,0.811,0.027,0.74778,0.056,0.72611,-0.017,1.07,0.007,0.663,-0.03,0.636,0.018,0.844,0.00788
0,1.234,0,0.042,0.031,0.00428,0.0,0.01997,-0.023,0.014,-0.04993,-0.04850,-0.016,0.01,-0.013,0.0,-0.019,-0.044,-0.016,-0.019,0.018,0.02140,0.005,0.038,-0.014,0.059,0.022,0.059,0.01,0.015,0.007,-0.028,-0.014,-0.01427,0.01997
1,1,0.0,0.291,0.197,0.283,0.301,0.297,0.47619,0.015,0.625,-0.013,0.571,-0.172,0.438,-0.508,0.403,-0.51587,0.06878,-0.5,-0.11640,-0.075,-0.124,-0.14815,-0.426,-0.215,0.004,0.05,-0.163,0.111,-0.133,0.323,-0.252,0.268,0.04233
0,1,0.0,0.129,0.00686,0.133,-0.04119,0.077,-0.08238,0.12586,-0.076,0.226,-0.013,0.111,0.096,0.14645,-0.068,0.29062,-0.066,0.159,0.044,0.163,0.0,0.091,-0.00229,0.176,-0.069,0.122,0.018,0.135,-0.07,0.13,-0.043,0.064,-0.044
1,1,0,0.94333,0.38574,0.63,0.402,0.196,0.77514,-0.55941,0.375,-0.73675,0.523,-1.058,0.0,-0.736,-0.395,-0.407,-0.748,-0.093,-0.519,0.375,-0.729,0.395,-0.382,0.823,-0.073,0.709,0.367,0.561,0.794,0.02742,0.46,-0.128,0.692
0,1,0.0,0.012,0.007,0.04090,-0.009,0.017,0.009,0.006,0.026,0.004,0.00141,0.02,-0.029,-0.01975,0.032,-0.057,0.02,-0.036,-0.005,0.045,-0.017,0.013,0,0,-0.009,0.016,-0.015,0.007,-0.023,-0.021,-0.02398,0.007,0
1,1,0.0,0.85736,0.001,1.178,-0.039,0.803,-0.023,0.445,0.06,0.86258,0.133,0.774,-0.09,0.862,0.03510,0.753,-0.06796,1.063,-0.175,1.008,0.01,0.90515,0.014,1.038,-0.012,0.584,-0.03678,0.446,-0.035,0.56,-0.027,0.79089,-0.133
0,1,0.0,1.154,-0.712,1.457,1.404,-1.238,0.686,1.022,-0.689,1,-1.019,-0.506,-0.787,-1.015,1.393,1,1,0.656,1.137,-1.04,1.264,1.274,-1,1,-0.881,1,1.293,1.369,1,-0.623,0.996,-0.812,1.395
1,1,0,0.848,0.335,0.257,0.76432,0.09,0.728,-0.549,0.88744,-1.046,0.524,-0.702,0.10768,-0.728,-0.291,-0.66030,-0.481,-0.19260,-1.244,0.149,-0.461,0.701,-0.459,1.09,-0.292,0.535,0.173,0.313,0.781,0.243,0.663,-0.122,0.64933
0,1,0.0,1.296,1.422,0.547,0.545,0.619,-1.254,1.112,0.522,0.015,0.038,1.407,1,0,0.0,1.004,-0.681,1.18,1.179,1,1.1,0.163,0.999,1,1.326,0.671,1.281,0.688,1.174,-0.94375,1.405,0,0
1,1,0.0,0.655,0.69,0.406,1.327,0.013,1.382,-0.492,1.131,-1.168,0.74,-1.431,0.154,-0.858,-0.268,-0.776,-0.68627,-0.23529,-0.572,0.35294,-0.93,0.531,-0.72549,0.955,-0.157,0.648,0.174,0.72549,0.56863,0.352,1.007,-0.13,0.90196
0,1,0,0.0,0,-1,-1,-0.672,0.71,0,0.0,-0.646,0.896,1.273,1.035,0.694,-1.064,0.0,0.0,0.0,0.0,-0.82,-1,-1.329,0.54,1,0.53,0.574,-1.012,0.0,0.0,-1.02,-0.636,-0.772,0.609
1,1,0,0.285,0.53,0.563,1.221,-0.14,1.295,-0.272,0.88889,-1.256,0.399,-1.385,-0.056,-0.533,-0.22222,-0.34,-0.815,0.594,-1.378,-0.127,-0.77778,0.939,-0.221,0.344,0.0,0.506,0.472,0.57454,0.899,0.282,0.502,-0.55556,1
0,0.0,0,0.0,0.0,0,0.0,0.0,0,0.0,0,0.0,0.0,0.0,0.0,0.0,0.0,0.0,0.0,0.0,0.0,0.0,0,0,0.0,0.0,0.0,0.767,0,0.0,0,0.0,0.0,0.0,0.0
1,1,0.0,0.717,0.0,0.708,0.0,0.5,0.661,0.483,0,1.187,0.153,0.656,0.142,0.736,0.191,0.774,0.35,1.022,0.733,0.747,0.0,1.208,-0.24,0.626,0.646,0.491,0.359,1.099,0.25000,0.69635,0.29074,0.67493,0.30293
0,0,0.0,-1.401,0.548,1.332,1.247,0,0.0,1,-1,1,-0.95,1,-1,-1.204,-1.155,0.0,0.0,-0.971,-1,0.0,0.0,0.0,0.0,-1.391,-0.697,1.006,-0.517,0.917,0.951,-0.785,-0.721,0.0,0.0
1,1,0.0,0.978,0.0,1.325,0.0,0.348,0.11111,1,-0.137,0.88889,-0.16,0.948,-0.246,1.073,0.0,0.765,0,0.995,-0.101,0.515,-0.11111,0.441,-0.069,0.66667,0.0,0.583,-0.05352,1.322,0.163,1.068,-0.059,1.389,0.0
0,0.0,0,0.0,0.0,0.0,0.0,0,0.0,0.0,0,0.0,0.0,-1.168,-1,0,0.0,1,0.764,0.0,0,0.0,0.0,-0.551,0.865,0,0.0,1.305,-0.886,-1.127,-1.065,1.196,0.565,0.0,0.0
1,1.164,0.0,1,0.424,0.575,-0.613,1,0.117,0.938,-0.09,0.547,0.0,0.984,-0.27273,1,-0.185,0.844,0.048,1,0.0,1.142,-0.5,1.194,0.095,0.742,-0.09091,1,-0.036,1.128,0.45455,0.715,-0.208,0.524,-0.099
0,1,0.0,0.432,-0.607,0.0,0.0,0.0,0.0,0.266,0.214,0.532,0.412,-0.073,0.507,0.216,0.46,-0.723,0.453,0.12121,-0.14773,0.024,-0.587,-0.57576,0.17803,0.29167,-0.167,0.193,-0.794,0.245,0.24242,0.189,-0.021,0.17045,-0.365
1,0.536,0,1,0.11765,1,0.245,0.588,0.403,0.927,0.05882,1.175,0.324,1.31,0.154,1,0.663,0.637,-0.071,0.782,-0.11765,0.614,0.488,0.644,0.286,0.883,-0.14,1.031,0.20225,1.355,0.058,1.405,0.283,0.816,0.121
0,1.054,0.0,0.0,0,-1.102,-0.749,1,0.748,0.07979,-0.334,-1.48,-0.44,0.139,-0.473,0.925,-1.093,0.0,0.0,1.172,-0.07979,-0.262,0.917,0.251,-0.533,0.0,0.0,-0.235,-0.46809,-0.205,-0.48936,0.668,0.90426,-0.413,0.45745
1,1,0.0,0.797,0.329,0.83333,-0.206,0.46,0.21,0.649,-0.08333,0.907,0.033,0.83333,0.178,0.70833,0.0,0.634,0.04,1,0.055,0.7,-0.08333,0.757,0.231,0.772,-0.12500,0.427,0.033,0.804,0.188,0.798,0.0,0.677,0.038
0,1,0.0,0.178,-0.16667,0.0,0,0.0,0.0,0.0,0,0.0,0.0,0.138,-0.262,0.0,0.0,0.0,0.0,0.0,0.0,0.0,0.0,-0.05128,-0.06571,0.103,0.049,0.11,-0.119,0.12500,0.141,0.024,-0.053,0.158,0.19551
1,1.091,0.0,1.138,-0.113,0.984,-0.132,1.468,-0.256,1.372,-0.183,1.169,-0.4,0.939,-0.478,0.91904,-0.48170,0.654,-0.65224,0.68131,-0.388,0.82450,-0.837,0.58829,-1.074,0.659,-0.739,0.296,-0.85669,0.324,-0.684,0.279,-0.946,0.312,-0.89621
0,1.151,0.0,0.598,1.483,-1,0.55,-0.57,-0.509,0.428,0.23,0.345,0.07018,0.262,0.043,0.464,0.34649,0.72807,-0.044,0.22807,0.581,0.0,0.0,-0.196,-0.194,0.94,-0.496,1,-1.264,1.237,-0.138,0.248,0.212,0.82895,0.07895
1,1,0.0,0.613,0.209,1.237,0.004,0.804,-0.371,0.463,-0.23486,0.472,-0.149,0.933,-0.426,0.574,-0.307,0.47194,-0.548,0.283,-0.582,0.849,-0.364,0.69,-0.408,0.23966,-0.52142,0.29208,-0.244,0.179,-0.39143,0.15657,-0.574,0.212,-0.237
0,0,0.0,-1,0.671,0.951,-0.545,0.0,0.0,0.0,0.0,0.807,-1.397,1,1,0.0,0.0,0.902,-0.604,0.0,0.0,0,0,0.732,1.098,-1.231,1.206,1.374,-1.488,-0.967,0.581,-1.048,-1,0.0,0
1,1.06,0.0,0.92247,-0.19448,1.289,-0.22,0.87024,-0.22602,0.486,-0.354,0.595,-0.379,0.829,-0.36,0.374,-0.422,0.232,-0.70729,0.27070,-0.889,0.515,-0.54172,0.384,-0.701,0.085,-0.476,0.112,-0.604,-0.065,-0.612,-0.01,-0.651,-0.102,-0.47898
0,1,0.0,-0.516,-1.035,-0.501,0.599,1.364,-1,1,0.526,0.0,0.0,0.247,-0.689,1,0.934,0.0,0.0,0.793,1.246,1.493,0.7,0.0,0.0,-0.523,1.496,0.373,-1,1,-0.789,0.608,-1.388,0.47569,1
1,0.663,0.0,0.84177,0.43460,0.726,0.54,0.05,1.069,-0.465,1.296,-1.041,0.35,-1.285,0.19409,-1.13,-0.25527,-0.652,-0.403,-0.25105,-0.649,0.207,-0.966,0.433,-0.66878,0.412,-0.28903,0.857,0.07,0.55,0.234,0.219,0.562,-0.00422,0.366
0,1,0,1.04,1.264,0,0.0,1,-0.712,-0.686,-1.274,1,1.154,0.656,-0.996,0.0,0.0,1.404,-0.812,1.022,1.293,0.0,0,1.395,-0.506,-1.019,-1,0.787,1.238,-1.25,1,-1.137,1.015,0.0,0.0
1,1,0.0,0.573,0.526,0.87,0.522,1.115,0.809,-0.33333,1.016,-1.372,1,0.0,1.0,-1.048,1.401,-0.737,0,-1.084,-0.66667,-1.084,-0.868,-1.252,-0.22,-0.33333,-1.304,0.19235,-0.996,1.288,-1.236,0.0,-0.853,0.746,-0.66667
0,0,0.0,-1,1.174,-1.18,-0.688,0,0,-1.405,1.296,1.281,-1.254,-1.422,-1,-0.547,1.216,0.0,0.0,-1,-1.063,-1,1.1,0.0,0.0,0.991,-1.112,0.522,0.992,0.671,-1.179,0.681,1.326,0.0,0
1,1,0.0,0.655,0.055,1,0.17,1.003,0.22108,1.418,-0.157,1.307,0.262,0.722,0.48981,1,0.469,-0.561,1.259,0.647,0.0,1,1.015,1,1.327,0.697,0.729,1,1.116,0.712,0.259,0.674,0.93,0.893,1.227
0,0.0,0,-1.064,-1.012,0.0,0.0,0.0,0.0,0.0,0.0,0,0.0,0.0,0.0,0.54,-0.609,0.0,0.0,-0.71,-0.574,0.0,0.0,1.23,0.694,1.211,-1,1,-1,0.0,0,0,0,0.0,0.0
1,1,0.0,0.777,-0.064,0.311,-0.136,-0.182,-0.21384,0.15,0.025,0.4,-0.26339,0.399,-0.163,0.019,-0.255,0.209,-0.37,0.193,-0.29052,0.061,-0.313,0.06556,-0.26795,0.032,-0.25124,-0.0,-0.146,-0.028,-0.274,-0.049,-0.229,0.014,-0.27201
0,1.495,0.0,0.0,0.0,0.0,0,0.0,0.0,0.0,0.0,0.531,-0.293,0.186,0.229,0.0,0,0.0,0.0,0.0,0.0,-0.19792,-0.211,-0.137,0.472,-1,0.383,0.04,0.75000,-0.22917,-1,-0.182,-0.266,-0.17,-0.93750
1,0.847,0.0,1.496,0.037,0.99363,0.138,0.638,0.147,1.335,-0.254,0.776,0.415,1.178,0.361,0.73781,0.27380,0.66775,0.421,0.776,0.379,0.52494,0.188,0.47,0.188,0.494,0.2,0.412,0.256,0.27381,0.167,0.306,0.258,0.18086,0.19083
0,1,0.0,1.155,-0.125,-0.917,-1.247,-1.261,-0.525,1,0.442,0.81349,0.615,-0.985,-0.95,-1.121,1.204,0.297,1.332,1.134,0.517,0.68839,-0.785,-0.951,-0.721,1.162,0.354,0.697,0.514,1,0.629,-1.006,-0.32540,-1,0.72831
1,1,0.0,1.282,-0.00190,0.60761,0.391,1.139,-0.214,1.369,0.16828,0.668,0.09,0.52,0.093,0.901,0.061,1.175,-0.342,0.578,-0.169,0.84871,0.346,0.485,-0.03641,0.801,-0.02589,1.157,-0.02302,1.089,0.092,1.081,-0.146,0.747,-0.091
0,1,0.0,0.712,-0.593,1,1.117,1.127,1.305,0.551,-0.303,0.865,0.805,1.019,0.747,0.886,1,0.0,0.0,1,1.467,1,0.565,1.199,-1,0.56,1.168,0.566,0.666,1.196,-0.504,-0.541,0.623,1,1
1,0.844,0.0,0.989,0.26,1.375,-0.78509,0.984,-0.076,1,0.208,0.543,0.207,0.98120,-0.06861,1.047,0.047,0.73,-0.178,0.481,-0.083,1.112,0.02,1.011,0.11,0.558,-0.007,0.96238,-0.043,0.91165,0.051,1.292,-0.13722,1.123,-0.11717
0,1,0.0,0.275,-1.379,-1.246,-0.979,-0.07661,0.594,1,0.712,0.423,-0.481,-1,-0.838,-0.09677,0.875,0.538,0.447,0.236,-0.369,-0.15,-0.20188,-0.132,0.066,0.042,0.065,0.036,-0.007,-0.002,-0.01672,-0.007,0.00108,0.0,0.002
1,1,0,1.103,0.244,0.649,-0.222,0.696,-0.071,0.96,-0.1,0.73,0.169,0.587,0.027,0.98214,0.029,1,-0.129,0.844,0.106,1,0.003,0.707,0.158,1.031,-0.204,0.536,-0.002,0.75638,0.094,1,-0.227,1,-0.037
0,0.0,0.0,0.0,0.0,0,0.0,0.0,0,0.0,0.0,0.0,0.0,0.514,1.474,1.429,1,1.413,-1.193,0.0,0.0,1,1.227,0.582,-1.48,0.918,1.366,1,0,1.218,0.925,1,-1.102,0.0,0
1,0.956,0,0.65,-0.178,1,-0.286,1.347,-0.325,1.032,-0.423,1.045,-0.605,0.712,-0.425,0.795,-0.58899,0.644,-0.58019,0.59623,-0.863,0.619,-0.70975,0.331,-0.865,0.428,-0.59,0.298,-0.767,0.173,-0.581,0.085,-0.73145,0.101,-0.70000
0,0.719,0.0,0.0,0.0,0.0,0.0,0,0.0,-0.465,-1.468,0,0.0,1,-1,0.0,0.0,-1.195,-0.542,-0.59,-1,0.941,-1.296,-0.683,-1.185,1,1.09,-0.85,-0.20000,0.614,-1,0.0,1.376,0.0,0.0
1,1.436,0,0.508,0.09091,1.086,-0.099,0.663,0.0,0.607,0.0,1.105,0.0,0.895,0.04545,0.777,-0.04545,1.064,0.0,1.21,0.0,0.86364,0.09091,0.76,0.092,0.697,0.049,0.506,0.018,0.95455,0.099,1.197,-0.134,1.009,0.04545
0,0.0,0.0,0.0,0.0,-0.94,1.264,1.322,1,-1.483,-1,0.0,0.0,-1.191,-1,-1.151,-0.373,-1.093,-1.234,1.237,-1,1.125,-0.759,0.0,0,0.56,-0.55,-1,-0.57,0.0,0.0,1,-1,0.0,0.0
1,1,0.0,1.183,-0.091,0.97059,0.142,0.713,0.08824,0.459,-0.018,0.826,-0.158,0.97059,0.164,1.167,0.031,1,0.0,0.925,0.0,0.76471,0.149,0.454,0.036,0.596,0.029,0.471,0.036,1.176,-0.11765,0.595,0.082,1.268,0.05882
0,1,0,-1,0.604,-1,0.15244,0.396,0.671,-1.096,1.228,-1.206,-0.545,1.277,1.374,-0.902,-0.289,0.269,-1.098,1.168,0.581,-0.467,-1.445,-1.048,-0.967,0.836,-1.35,-1,-0.03578,0.807,-1.166,-0.732,-0.162,0.095,1
1,1,0.0,0.47368,-0.117,0.83781,0.01756,1.058,0.014,0.405,-0.073,0.804,0.0,0.599,0.061,0.78315,0.075,0.893,0.274,1.18,0.031,0.97,0.048,0.712,0.074,0.552,0.262,0.79,0.065,0.52632,-0.178,0.60150,0.118,0.788,0.09719
0,1.119,0,-0.007,-0.748,0,0.0,-0.024,0.689,0,0.0,0.0,0.0,0.0,0.0,0.0,0.0,0.0,0.0,0.31410,0.738,-0.35256,0.927,-0.34615,-0.881,0.0,0.0,-0.602,-0.51282,0.0,0.0,0.0,0.0,0,0.0
1,0.842,0.0,0.696,0.25,0.858,0.362,0.736,0.728,1.232,-0.124,1,0,1.066,-0.282,0.364,0.193,0.506,-0.935,1,-0.347,0.558,-0.508,1,0.068,0.527,-0.09091,1.438,0.08867,1.452,0.36364,1,0.66,0.8,0.207
0,0.0,0.0,-0.689,-0.712,1.264,-0.787,-1.395,1,0,0,0.686,-1.022,1.015,-0.623,0.0,0.0,0.0,0.0,0.0,0.0,-1.393,1.019,1.457,-1,-1.154,1,1.04,1,0.0,0.0,1.293,0.5,0,0.0
1,1,0.0,0.585,0.091,0.527,0.077,0.27273,0.197,0.543,0,0.316,-0.125,0.343,-0.112,0.634,-0.01343,0.852,-0.171,0.637,0.0,0.394,-0.052,0.342,0.18182,0.37,-0.047,0.34442,-0.01768,0.27273,0.0,0.381,0.0,0.213,-0.012
0,1,0.0,-1,-0.634,0.0,0.0,-0.992,0.64516,-0.593,0.522,0.0,0.0,0.0,0,0.0,0.0,0,0.0,0.0,0.0,-1.422,-1.296,0.0,0.0,0.29839,0.23387,0.999,0.609,0.0,0.0,0,0.0,0.0,0.0
1,0.893,0.0,1,0.204,0.674,0.987,0.93,0.898,1.199,-0.104,0.619,-0.187,0.663,0.032,1,0.0,0.345,-0.094,0.795,0.03617,0.697,-0.319,1,0.0,0.28571,-0.28571,1,0.035,1.003,0.054,1.495,0.701,1.327,0
0,0,0.0,0.646,1.211,1.035,-1.012,1.23,0.54,1.02,1.012,1,0.71,0.501,-0.661,1.329,0.772,1,-0.896,0.534,-0.636,0.82,1.233,1,0.574,0.672,-1.273,1,1.064,0.772,1,1,0.609,0.694,1
1,1,0.0,1.038,0.632,0.307,1.064,0.109,0.95275,-0.38033,0.469,-0.73939,0.58226,-0.966,0.158,-0.863,-0.317,-0.746,-0.629,-0.333,-0.423,0.194,-0.641,0.258,-0.57430,0.738,-0.125,0.69097,0.144,0.29,0.25,0.166,0.605,-0.081,0.57552
0,0,0.0,1,-0.878,1.462,1.495,0.767,-1.479,0.859,1.193,0.811,-0.531,1,-1,0.824,-1.156,1,1.116,1.417,1.457,0.963,1.27,0.789,-0.52,1.077,0.967,0.712,0.983,1.417,1,1,1.032,1,-0.682
1,1.032,0,1.295,0.053,0.89266,0.104,1.12,0.168,0.592,0.36526,0.80619,0.40198,0.985,0.536,0.952,0.312,0.726,0.759,0.534,0.374,0.48435,0.52,0.282,0.41,0.332,0.81,0.26978,0.738,0.304,0.628,0.14312,0.735,0.145,0.353
0,0.0,0.0,0.514,1,0.807,-1.121,1,-1.006,1.134,1.391,0.0,0.0,0.628,-1,0.0,0,0.0,0.0,0.0,0.0,-1,1,1.204,1.261,0.0,0.0,0.525,1.247,0,0.0,-1.238,-1.314,0.0,0
1,1.368,0.0,0.65,0.155,0.93716,0.164,0.746,0.351,0.79039,0.464,0.72352,0.809,0.349,0.75000,0.672,0.908,0.407,0.548,0.25539,1.235,0.13712,0.85615,0.005,1.178,-0.073,0.528,-0.292,0.78004,-0.205,0.373,-0.365,0.774,-0.697,0.77
0,0,0.0,1.127,-1.168,-0.865,0.565,-1.467,0.56,1.196,0.623,0.566,1.117,-1,-1.199,-1,-1,0.747,1,0.551,-0.593,-0.712,-0.605,-0.886,-1,1,0.0,0.672,-1.117,1.065,-1.019,-0.805,0.514,-1.069,1
1,1,0.0,0.577,0.18,0.73061,0.133,0.64615,0.161,0.197,0.262,0.235,0.46439,0.291,0.57308,0.281,0.367,0.142,0.585,-0.09808,0.584,-0.04,0.233,-0.066,0.248,-0.197,0.419,-0.258,0.34976,-0.174,0.29541,-0.262,0.182,-0.285,0.292
0,0,0.0,1.105,-0.749,1.375,1.463,0.954,-1.345,1,1.379,1,-1,0.744,0.962,0.567,-0.875,1,-0.979,0.696,0.773,0.568,1.1,0.977,-1,0.614,-1.243,1,-0.594,1.246,0.747,1.038,-1.045,1.057,1
1,1.031,0,1.34,0.13082,0.94120,0.129,0.476,0.224,1.166,0.389,0.545,0.266,0.715,0.42,0.547,0.575,0.609,0.94,0.48869,0.854,0.44245,0.942,0.497,0.464,0.26832,0.39,0.16813,0.78541,0.098,0.746,-0.026,0.634,-0.139,0.873
0,0.0,0,0,0.0,1.366,0.514,0.0,0.0,0.897,1.193,0.0,0,1.474,-0.753,0.0,0.0,0,0,0.0,0.0,0.0,0.0,0,0.0,0.0,0.0,1.093,-1.218,0.0,0,-1.047,0.917,0.0,0
1,1,0,0.855,0.15451,0.751,0.29757,0.719,0.34,0.70588,0.355,0.58,0.382,0.281,1.034,0.287,1.015,0.184,1.093,0.031,0.565,-0.12064,0.76969,-0.18479,0.598,-0.307,0.335,-0.281,0.471,-0.483,0.565,-0.599,0.503,-0.441,0.336
0,0,0.0,0.0,0.0,1.307,1.09,1.011,1.304,0,0.0,0.0,0,-1.296,-0.924,0.0,0.0,-1.376,-0.96,0.0,0,0,0.0,1,1.138,0,0.0,0.921,1.195,0.0,0.0,-1.214,0.944,0.0,0
1,1,0.0,0.724,0.327,0.914,0.594,0.34,1.021,-0.077,1.236,-0.389,0.80441,-0.64574,0.433,-0.886,0.286,-0.436,-0.08205,-0.62780,-0.157,-0.54,-0.673,-0.166,-0.393,0.09562,-0.666,0.333,-0.695,0.639,-0.294,0.285,-0.09461,0.45,0.12556
0,0.0,0,1.264,-0.56,1.093,0.569,1.195,1,0.94,0.705,0.656,0.743,0.598,-1,0.749,0.55,1.191,1.125,1.234,-1,0.617,-1.237,1,-1,0.759,-1.095,0.511,1,1,-1.151,1.05,0.57,1.483,1.322
1,1,0.0,0.73523,-0.537,0.80151,0.072,0.97,0.15266,0.473,0.05252,1,0.268,0.744,0.232,0.35,0.32925,0.497,0.115,0.68,-0.014,0.663,0.263,0.664,0.582,1.057,0.353,0.44174,0.417,0.155,1.391,0.489,0.46,0.274,0.256
0,0,0.0,0.0,0.0,0.0,0.0,0.0,0.0,0,0,0.0,0.0,0.0,0.0,0.0,0.0,0,0.0,0.0,0.0,0.0,0,0.0,0.0,0.0,0.0,0.501,0.671,0.0,0.0,0.0,0,0,0
1,1,0.0,0.868,0.00892,1.051,-0.002,0.98922,0.00372,0.909,0.017,0.94054,0.023,1.345,0.056,0.526,0.023,1.186,0.07135,0.821,-0.005,0.749,0.052,0.96358,0.07098,0.952,0.085,0.592,0.045,1.05,0.007,1.36,0.043,0.529,-0.002
0,0,0.0,1.152,0.515,-1,-1.216,-0.714,-0.525,0,0,0.0,0.0,-1.205,-0.925,0,0.0,0.0,0.0,0.0,0.0,-1.304,0.985,0.822,0.546,0,0.0,1.462,-1.173,0,0,-1.053,-1.359,-1.244,-0.729
1,1,0.0,0.7,-0.153,0.99,0.023,0.566,0.02258,0.936,0.01282,0.34615,0.045,0.711,0.039,0.68101,0.046,0.917,0.03,0.569,-0.044,0.792,0.063,0.329,0.082,0.49,0.24,0.827,0.103,0.38228,0.059,0.514,0.09046,0.336,0.09346
0,1.142,0.0,0.421,0.918,1.108,-0.878,0.885,0.04348,0.763,0.10702,0.86789,1.05,0.838,0.116,0.867,0.121,0.93478,-0.331,0.92,0.198,0.333,0.131,0.60201,0.77425,1,-0.699,0.519,0.124,0.771,0.302,1.447,-0.091,0.487,0.23913
1,1,0,0.481,-0.07778,0.638,-0.185,1.26,-0.913,0.80000,0.05,0.45556,-0.346,0.918,-0.109,0.603,-1.021,0.363,0.027,0.675,-0.069,1.422,-0.225,0.927,0.285,0.991,-0.259,0.801,-0.24549,0.852,0.016,0.87492,-0.156,1,-0.645
0,0.593,0.0,0.484,0.152,0.531,0.074,0.167,0.24125,0.23346,0.109,0.199,0.25292,0.215,0.36965,0.08949,0.317,-0.03891,0.286,0.07,0.356,0.177,0.09728,0.07782,0.391,-0.036,0.24,-0.071,0.317,-0.088,0.132,-0.051,0.275,-0.116,0.196
1,1.491,0.0,0.534,-0.016,0.69,-0.05357,0.338,-0.009,0.686,0.043,0.787,0.086,0.59127,-0.026,0.539,0.015,0.401,0.02579,0.768,0.008,0.621,-0.023,0.56,0.03770,0.472,0.03968,0.892,-0.017,0.61706,-0.11,0.576,-0.01389,0.617,-0.03175
0,0.569,0.0,0.06404,-0.224,-0.066,0.053,0.084,-0.02,-0.016,0.139,0.086,0.0,0.12315,-0.146,0.05911,0.0,0.012,-0.02956,-0.085,-0.251,0.06897,0.008,0.036,0.016,0.07882,0.138,0.361,-0.043,-0.074,-0.056,0.04433,0.081,0.05,-0.10837
1,1,0.0,0.583,0.088,0.70694,-0.097,0.893,0.013,0.74273,0.003,0.71029,0.113,0.559,-0.00224,0.815,0.039,1.155,-0.094,0.426,-0.112,0.456,-0.01,0.874,0.08,0.908,-0.089,0.677,-0.019,0.343,0.04810,0.799,-0.05145,0.65213,-0.044
0,1,0,0.25316,0.35949,0.0,0,-0.409,-0.895,0.0,0.0,0.07595,-0.077,0.0,0.0,0.0,0.0,0.0,0.0,0.0,0.0,0.005,0.768,-0.297,0.213,-0.10380,0.485,0.055,-0.54,0.0,0,0.094,-0.982,0.0,0.0
1,0.895,0.0,0.88103,-0.005,0.972,-0.03,1.154,-0.011,0.654,-0.071,0.814,-0.135,0.88853,0.007,0.90782,-0.13719,0.642,-0.06109,0.649,-0.02358,0.87996,-0.098,0.82851,-0.101,1.102,-0.284,0.749,-0.163,1.05,-0.184,0.453,-0.094,0.778,-0.148
0,1.166,0,0.355,-0.743,0.0,0.0,0.0,0,0.612,0.51042,0.748,0.026,0,0.0,0.0,0.0,0.142,-0.286,0.834,-0.224,0.0,0.0,0.0,0.0,0.774,-0.592,-1,-1.256,-0.23,-0.407,0,0,0.0,0
1,1,0.0,1.321,0.014,1.178,0.017,1.093,0.01359,1.224,-0.146,0.90103,-0.045,0.93040,-0.01033,0.93094,-0.08918,0.949,-0.059,0.851,-0.037,0.88418,-0.161,0.762,-0.063,0.429,-0.179,0.891,-0.115,0.809,-0.192,1.031,-0.108,1.196,-0.109
0,0.911,0.0,0.0,0.0,1.296,0.186,1.052,-0.02000,0.0,0.0,1.077,-0.42444,1,0.197,1,-0.05333,1.152,-0.954,0.0,0.0,1,-0.039,0.568,-0.117,0.0,0.0,1.275,-0.509,0,0.0,0.724,0.138,0.90667,-0.051
1,1.429,0,0.801,0.049,1.039,-0.00143,0.522,0.008,0.697,-0.04286,0.582,0,0.85571,-0.08,1.057,0.002,1.044,-0.054,1.146,-0.138,1.026,-0.103,0.612,-0.065,0.441,-0.06857,0.965,-0.047,1.098,-0.094,0.81429,-0.05000,0.727,-0.096
0,1.207,0.0,0,0,0.0,0.0,0.0,0,0.0,0.0,0.0,0.0,-0.562,1.112,1.297,0.318,0.0,0,0.0,0.0,0.0,0.0,0,0.0,0.0,0.0,1.225,1,0.0,0.0,0.0,0.0,0,0
1,1,0.0,0.49870,0.018,0.43117,-0.112,0.371,-0.032,0.535,0.074,0.44675,0.084,0.55844,-0.162,0.629,-0.041,0.61,-0.084,0.459,-0.008,0.48571,-0.045,0.255,-0.012,0.553,0.0,0.338,-0.044,0.254,0.046,0.54545,-0.047,0.68,-0.08571
0,0.0,0.0,0.0,0.0,0.0,0.0,0.0,0.0,0.0,0.0,0.0,0.0,0,0.0,0,0,0.0,0,0.0,0.0,0.0,0.0,0.0,0,0.0,0.0,1.471,-1,0.0,0,0.0,0.0,0,0.0
1,0.662,0.0,0.991,0.5,1,0.163,0.25000,1.232,0.166,0.91180,-0.16,0.484,-0.374,0.60793,-0.239,0.37856,-0.362,0.092,-0.21,0.004,-0.314,-0.058,-0.239,-0.177,-0.111,-0.154,-0.021,-0.063,0.005,-0.087,0.029,-0.04142,0.02249,-0.026
0,1,0,0.0,0.0,0.0,0,1,0.884,-0.653,-1.221,0.0,0.0,1,-0.165,0.0,0.0,0.0,0.0,-0.834,1.356,1.154,0.785,0.604,-1.31,0.0,0.0,0.555,-1.258,0.0,0,0.0,0.0,1,1
1,1.033,0.0,0.87048,0.497,0.882,0.815,0.344,0.861,-0.051,0.90740,-0.42173,1.13,-0.70561,0.51560,-0.888,0.15,-0.508,-0.153,-0.67474,-0.495,-0.222,-0.57,-0.189,-0.739,0.15552,-0.829,0.247,-0.49,0.303,-0.29897,0.44,-0.07,0.691,0.196
0,0.79,0.0,0.0,0.0,0.0,0.0,0.0,0.0,-0.654,0.932,0,0,1.224,0.466,-0.12000,-0.098,0.0,0,-1.105,-1,0.0,0.0,1.014,-1.359,0.0,0,1,0.133,0.0,0.0,0.0,0.0,0.0,0
1,1,0.0,0.88179,0.468,0.59573,0.871,0.232,0.94537,-0.284,1.072,-0.341,0.724,-1.197,0.491,-0.648,-0.075,-0.606,-0.574,-0.407,-0.73285,-0.062,-0.562,0.169,-0.398,0.624,-0.49,0.576,-0.24433,0.72478,0.077,0.58137,0.493,0.302,0.394
1,1.376,0.0,0.429,0.015,0.198,0.21278,0.14919,1.05,-0.378,0.803,-0.054,0.116,-0.568,0.25786,-0.94053,-0.056,-0.193,-0.143,-0.372,-0.44615,-0.06,-0.563,0.02668,-0.316,0.364,-0.083,0.411,-0.11876,0.344,-0.139,0.091,0.152,0.156,0.20468
1,0.767,0.0,0.83427,0.492,0.552,0.828,0.075,0.555,-0.315,0.442,-0.45,0.496,-0.462,0.227,-0.774,-0.334,-0.476,-0.61894,-0.19354,-1.221,0.074,-0.89064,0.51109,-0.72454,0.699,-0.299,0.563,0.103,0.729,0.51,0.37542,0.864,-0.028,0.79444
1,1,0.0,0.839,-0.025,0.59085,0.00481,0.709,-0.089,0.859,0.007,0.322,-0.069,0.67028,0.094,0.433,-0.123,0.778,0.113,0.602,0.0,0.58965,0.1,0.539,0.016,0.857,0.116,0.5,0.025,0.541,0.054,0.61733,-0.00963,0.335,-0.09146
1,1.38,0,0.74449,-0.02390,0.646,0.037,0.744,0.235,0.715,0.107,0.737,0.43934,0.561,0.004,0.973,0.21691,1,0.06066,0.356,0.07,0.415,0.038,0.415,-0.311,0.664,-0.194,0.322,0.062,0.165,0.066,0.53,0.112,0.802,0.21691
1,1,0.0,0.855,0.11,0.834,0.021,0.77486,0.015,0.652,-0.10308,0.495,0.08000,0.8,0.028,0.94,0.063,0.906,-0.055,0.61692,0.16308,0.943,0.086,0.341,0.08041,0.634,-0.037,0.679,0.127,0.629,0.25692,0.693,0.079,0.448,0.112
1,0.577,0.0,0.68317,0.077,0.958,0.001,1.031,0.002,0.84300,0.128,0.819,0.035,0.522,0.005,0.662,0.00673,0.912,-0.114,0.77935,-0.029,0.708,0.005,0.872,0.007,0.502,-0.06,0.892,0.012,0.901,0.113,0.66624,0.01190,0.64407,0.01227
1,1,0.0,0.503,0.0,0.23,0.126,0.642,0.076,0.605,-0.021,0.492,-0.12609,0.466,0.034,0.446,0.031,0.35652,0.19565,0.326,0.216,0.25,-0.02609,0.32174,-0.101,0.47391,-0.006,0.255,0.061,0.486,0.03913,0.297,0.203,0.283,0.144
1,1,0,1.017,0.129,0.657,0.232,0.91,0.229,0.392,0.41252,0.623,0.431,0.571,0.60814,0.49210,0.58445,0.497,0.735,0.151,0.583,0.122,0.363,0.02,0.671,-0.114,0.801,-0.066,0.479,-0.232,0.56015,-0.214,0.753,-0.237,0.42467
1,0.528,0.0,0.879,0.099,1.477,0.17,0.98390,0.28,0.422,0.644,0.74977,0.60297,0.731,0.409,0.308,0.74079,0.29452,0.609,0.31,0.832,0.13,1.222,-0.019,0.476,-0.15144,0.942,-0.22839,0.429,-0.259,0.906,-0.362,0.374,-0.285,0.44534
1,1.325,0.0,1.14,0.105,0.669,0.24,1.001,0.421,0.63388,0.567,0.54003,0.996,0.374,1.051,0.24266,0.75,0.102,0.814,-0.067,0.76261,-0.114,0.479,-0.164,0.897,-0.277,0.50489,-0.476,0.40753,-0.622,0.163,-0.328,0.194,-0.48808,0.05972
1,1,0.0,0.94631,0.24,0.46,0.417,1.157,0.49960,1.092,0.63842,0.622,0.837,0.48698,0.821,0.443,1.063,0.17959,0.547,-0.005,0.93109,-0.169,0.567,-0.477,0.597,-0.46,0.434,-0.869,0.66335,-0.43,0.726,-0.407,0.58,-0.916,0.291
1,1,0.0,0.565,0.18198,0.615,0.35543,0.899,0.559,0.408,0.749,0.427,0.402,0.317,0.6,0.08,0.83558,0.004,0.85210,-0.16390,1.111,-0.448,0.942,-0.221,0.953,-0.32,0.53886,-0.54,0.443,-0.548,0.27338,-0.484,0.168,-0.357,0.059
1,1.256,0.0,0.76627,0.135,0.63935,0.205,0.638,0.666,0.094,0.22273,0.173,0.59565,-0.067,0.371,0.0,0.462,-0.172,0.264,-0.56136,0.36818,-0.454,0.107,-0.237,0.107,-0.38483,-0.029,-0.32,-0.153,-0.399,-0.107,-0.144,-0.203,-0.093,-0.27218
1,0.927,0.0,0.745,-0.60927,1.094,0.654,0.836,0.038,0.371,0.154,0.45,0.23,0.436,0.12252,0.34,0.283,0.99,0.231,0.54305,0.13907,0.65232,0.249,0.797,0.08,0.432,0.26653,0.49013,0.27,0.606,0.425,0.373,0.29324,0.602,0.37
1,1.275,0.0,0.808,0.124,0.691,-0.12144,0.97,0.14,0.617,0.01139,0.66,-0.056,0.808,0.079,0.676,0.023,0.475,-0.032,0.617,0.091,0.72676,0.038,0.345,0.076,0.53321,0.37381,0.49090,0.252,0.077,0.32448,0.444,0.172,0.812,0.15180
1,1,0.0,0.84843,0.086,0.80562,-0.017,0.942,-0.039,0.777,-0.038,0.59582,-0.094,0.708,-0.057,0.35,-0.076,0.51,0.03,1.008,0.018,0.353,-0.07,0.532,-0.08453,0.345,-0.206,0.48659,-0.122,0.35,-0.104,0.589,-0.09621,0.603,-0.09808
1,1,0.0,1.225,0.096,0.652,-0.005,1.175,-0.008,1.062,-0.03923,0.787,0.01419,0.96186,-0.012,1.278,-0.025,0.567,0.006,0.91152,-0.051,0.95016,-0.019,1.107,-0.03,1.273,0.016,0.888,-0.03034,0.816,-0.055,1.034,-0.04,0.783,-0.03673
1,1,0.0,0.678,-0.167,0.331,-0.145,0.70103,-0.549,0.536,0.098,0.32,-0.25,0.49485,0.083,0.344,-0.102,0.42268,0.036,0.367,-0.27320,0.583,0.18557,0.42268,0.049,1.049,0.226,0.595,-0.079,0.128,-0.26,0.629,0.048,0.45361,-0.698
1,1,0.0,0.63510,-0.057,1.1,0.033,0.473,0.36028,0.455,-0.004,0.949,0.092,1.024,-0.435,0.829,0.799,0.748,0.204,0.63510,0.174,0.63279,-0.25404,1.002,0.131,0.708,0.167,0.952,0.17704,0.75,0.056,0.896,0.19841,0.947,0.389
1,1,0.0,0.684,-0.043,0.671,0.01348,0.772,0.019,0.616,0.025,0.657,-0.003,0.71685,-0.04719,0.435,0.006,0.362,0.013,0.64719,-0.038,0.365,0.209,0.731,-0.03596,0.285,0.06,0.56588,0.005,0.472,-0.051,0.302,0.10562,0.747,-0.1
1,1.258,0,0.597,-0.006,0.66667,-0.05,0.435,-0.064,0.77994,0.115,0.882,0.119,0.453,0.15858,0.60194,-0.017,0.575,-0.036,0.45,-0.116,0.64725,0.083,0.292,0.238,0.316,-0.036,0.668,0.001,0.441,-0.081,0.563,-0.10680,0.30421,-0.05
1,0.641,0.0,0.704,0.135,0.846,0.036,0.843,0.08148,0.668,-0.006,0.786,0.14,0.59753,0.028,0.62469,0.06,1.017,-0.241,0.428,-0.099,0.48642,0.014,0.60988,0.08148,0.949,-0.16,0.63773,-0.016,0.902,0.017,0.383,-0.068,0.628,-0.04691
1,1,0.0,0.60678,-0.028,0.912,0.052,0.662,-0.04407,0.50508,0.022,0.64,-0.116,0.709,-0.013,0.752,0.07797,0.64068,0.134,0.286,-0.02,0.619,0.007,0.419,-0.042,0.493,-0.051,0.57262,0.006,0.58644,-0.004,0.652,-0.037,0.409,0.058
1,1,0.0,0.396,0.104,0.29612,0.03,0.306,0.0,0.736,-0.02427,0.317,0.016,0.229,0.068,0.455,0.00485,0.47087,-0.12,0.509,0.005,0.34951,0.041,0.151,0.176,0.453,-0.118,0.431,0.023,0.39320,0.242,0.266,0.0,0.474,-0.01942
1,1,0.0,0.98822,0.019,1.213,0.34100,0.862,0.212,1.035,0.48906,0.961,0.269,0.706,0.557,0.594,0.348,0.209,0.916,0.403,0.68873,0.094,0.972,0.06338,0.428,-0.202,0.799,-0.165,0.363,-0.238,0.55805,-0.422,0.44195,-0.407,0.551
1,1.234,0.0,1.018,0.15810,0.578,0.49,0.82039,0.48561,0.775,0.346,0.365,0.519,0.478,0.862,0.239,0.914,0.065,0.681,-0.073,0.486,-0.287,0.714,-0.37835,0.71676,-0.521,0.309,-0.57587,0.579,-0.42,0.325,-0.548,0.18345,-0.492,0.02968
1,1.077,0.0,0.824,0.163,1.144,0.47030,0.76902,0.811,0.661,1.142,0.48,1.188,0.072,0.608,-0.06827,0.734,-0.298,0.393,-0.43707,0.743,-0.654,0.445,-0.335,0.483,-0.786,0.109,-0.35,0.026,-0.64872,-0.13462,-0.54615,-0.206,-0.47201,-0.416
1,1.03,0.0,0.854,0.152,0.768,0.611,1.107,0.625,0.776,0.672,0.41836,0.512,0.14939,1.19,0.045,0.93682,-0.222,0.83939,-0.42811,0.75554,-0.4,0.571,-0.342,0.62,-0.402,0.427,-0.696,0.194,-0.75406,-0.061,-0.402,-0.249,-0.589,-0.34367
1,1.085,0.0,0.482,0.336,0.514,0.282,0.629,1.059,0.421,0.451,0.10797,0.90403,-0.26,1.242,-0.343,0.82163,-0.837,0.62867,-0.76305,0.248,-0.454,0.189,-0.719,-0.057,-0.86,-0.307,-0.73,-0.46438,-0.46422,-0.564,-0.153,-0.756,-0.116,-0.71273
1,1.294,0,0.711,0.326,0.552,0.62233,0.382,0.94353,-0.023,0.80510,-0.288,0.622,-0.145,0.448,-0.495,0.171,-0.66750,0.124,-0.579,-0.039,-0.875,-0.086,-0.477,-0.47592,-0.095,-0.338,0.07,-0.51925,0.275,-0.491,0.53,-0.30057,0.456,0.108
1,1,0,0.339,0.088,0.147,0.134,0.03759,0.284,0.071,0.233,0.06266,0.18,-0.048,0.07,-0.038,0.115,-0.039,0.042,-0.039,0.013,-0.05,-0.00280,-0.028,-0.015,-0.01755,-0.01505,-0.012,-0.017,-0.004,-0.017,0.001,-0.00948,0.002,-0.009
1,1,0,0.577,-0.35526,0.945,0.335,0.384,-0.005,1.046,0.19361,0.731,-0.299,0.552,0.05,0.886,0.135,0.72368,-0.359,0.419,0.067,0.581,0.23,1.08,-0.562,0.827,-0.04699,0.528,-0.134,0.454,-0.071,0.088,-0.12218,0.582,-0.10309
1,1.073,0,1.042,0.079,0.496,0.032,0.446,0.101,0.249,0.12961,0.393,0.20330,0.49418,0.12686,0.331,0.111,0.377,0.043,0.433,0.098,0.439,0.14616,0.196,0.147,0.15,0.213,0.208,0.213,0.14,0.137,0.105,0.13632,0.246,0.13198
1,1,0,0.962,0.091,0.85738,0.011,0.528,0.008,1.08,-0.003,0.84459,0.135,0.608,0.029,0.82680,0.046,0.759,0.016,1.02,0.02405,1.159,0.035,0.617,0.03,1.067,0.028,0.79058,0.037,0.85939,0.087,0.532,0.067,0.749,0.059
1,1,0.0,0.87111,0.04326,0.579,0.181,1.346,0.288,1.049,-0.075,1.224,-0.02028,0.7,-0.156,0.89410,0.225,1.314,-0.067,1.219,-0.00991,0.62,-0.172,0.78954,-0.28,0.55,-0.05,0.487,-0.04,0.531,-0.046,0.75935,0.324,1.211,0.097
1,1,0.0,0.803,0.015,0.98994,0.086,0.644,0.128,0.665,-0.047,0.95842,0.02482,0.83,-0.006,1.04,0.069,1.305,0.028,1.035,0.033,0.436,-0.065,1.233,0.0,0.513,-0.013,0.82271,0.014,0.72435,-0.008,0.556,0.137,0.72837,0.02750
1,1,0.0,0.595,0.245,0.092,-0.099,0.365,0.012,0.285,-0.025,0.797,0.01775,0.281,0.27515,0.387,-0.056,0.436,0.089,0.41420,0.11538,0.329,0.027,0.51183,-0.068,0.586,-0.021,0.577,0.027,0.706,0.25148,0.301,-0.121,0.299,-0.00296
1,0.532,0.0,0.59887,0.14689,0.771,-0.161,1.076,-0.207,0.53,0.034,0.50471,0.015,0.638,-0.067,0.672,-0.123,0.502,-0.349,0.756,-0.14313,0.70245,-0.004,0.286,0.054,0.693,-0.315,0.817,-0.16837,0.724,-0.027,0.291,-0.4,0.67420,-0.22034
1,1,0.0,0.84713,-0.043,0.996,-0.091,0.81953,0.0,0.595,-0.099,0.381,-0.13588,0.891,-0.104,0.77495,-0.27,0.491,-0.21,0.316,-0.094,1.149,-0.14,0.508,-0.018,0.979,-0.26115,0.745,-0.202,0.66242,-0.261,0.72611,-0.274,0.773,-0.27
1,1,0.0,1.074,-0.097,0.612,0.07337,0.837,0.04076,0.421,-0.031,0.698,-0.074,1.083,-0.10598,0.67935,-0.005,0.556,-0.20924,1.18,0.019,1.054,-0.07,1.192,-0.295,0.617,-0.125,0.99,-0.129,0.855,-0.022,0.688,-0.10870,0.79076,-0.007
1,1,0.0,0.74704,-0.154,0.53755,0.114,0.617,0.142,0.927,-0.134,0.66798,-0.23518,0.948,-0.151,0.822,0.04150,0.63043,-0.004,0.519,-0.139,0.963,-0.146,0.397,-0.268,0.388,-0.136,0.499,-0.068,0.703,-0.233,0.311,0.085,0.73,-0.01383
1,1,0.0,0.636,0.083,0.876,0.00665,0.407,0.08,0.447,-0.081,0.749,0.01330,0.778,-0.215,0.562,-0.045,0.631,-0.13525,0.566,-0.035,0.47894,-0.168,0.322,-0.159,0.41463,-0.225,0.317,-0.059,0.463,-0.02882,0.53,-0.165,0.65,-0.04435
1,1,0.0,1.266,0.302,0.795,0.522,0.773,0.541,0.27,0.90502,0.145,0.631,-0.213,0.894,-0.35737,0.566,-0.851,0.802,-0.78768,0.414,-1.19,0.19095,-0.646,-0.064,-1.152,-0.289,-0.67557,-0.624,-0.54732,-0.696,-0.431,-0.924,-0.19312,-1.021
1,1,0,0.516,0.29282,0.792,0.761,0.59952,0.439,0.15,0.92651,0.046,1.062,-0.243,1.129,-0.797,0.53,-0.381,0.62385,-0.602,0.198,-1.365,0.038,-1.162,-0.19838,-0.995,-0.566,-0.418,-0.912,-0.341,-1.09,-0.138,-1.157,0.06,-0.94823
1,0.689,0.0,0.88241,0.215,1.044,0.727,0.302,0.767,0.066,1.481,-0.056,0.723,-0.66,0.71996,-0.669,0.326,-0.81422,0.41195,-1.186,-0.009,-0.938,-0.306,-0.503,-0.45478,-0.549,-0.67605,-0.393,-0.454,-0.02979,-1.219,0.279,-1.114,0.002,-0.81686
1,1,0,0.83479,0.191,0.69256,0.596,0.49,0.62,0.259,0.824,-0.095,0.49,-0.371,0.486,-0.645,0.58425,-0.55,0.406,-0.99,0.054,-0.71225,-0.198,-0.783,-0.227,-0.438,-0.52954,-0.186,-0.668,0.087,-0.394,0.157,-0.48468,0.59,-0.503
1,1,0.0,0.734,0.167,0.76168,0.777,0.49305,0.84266,0.127,1.294,-0.13956,1.307,-0.47202,0.83590,-0.602,0.494,-0.794,0.52,-1.21,0.05595,-1.125,-0.388,-0.79,-0.44,-0.653,-0.758,-0.26,-1.054,0.065,-0.57,0.398,-1.164,0.67,-0.353
1,1,0.0,0.724,0.436,0.448,0.296,0.34962,0.70677,0.17293,0.684,-0.22,1.124,-0.285,0.362,-0.767,0.306,-0.802,0.19492,-0.852,-0.071,-0.544,-0.28195,-0.548,-0.687,-0.26577,-0.527,-0.016,-0.822,0.22708,-0.515,0.303,-0.401,0.391,-0.306
1,1.226,0.0,0.98455,-0.016,1.221,-0.04104,1.303,-0.07635,0.657,0.01456,1.158,-0.02604,1.365,-0.086,1.46,-0.087,0.847,-0.135,0.9,-0.08,0.99294,-0.067,0.574,-0.046,1.271,-0.123,1.33,-0.12912,0.96,-0.194,0.582,-0.083,0.96778,-0.188
1,1,0.0,1.114,-0.01531,0.94170,0.01001,0.644,-0.015,0.735,-0.006,0.867,-0.035,0.97173,-0.01767,1.198,-0.054,0.761,-0.043,1.026,-0.065,0.585,-0.023,0.653,-0.026,0.487,-0.037,0.92695,-0.037,0.798,-0.07479,0.56,-0.075,1.008,-0.08
1,1,0,0.956,-0.178,1.1,-0.00228,1.255,-0.088,0.811,0.126,1.057,0.002,0.703,-0.123,0.819,-0.00228,0.86758,-0.102,0.97032,-0.175,1.216,0.108,0.852,-0.028,1.245,0.037,1.278,-0.11,0.708,-0.25,0.85388,-0.113,1.04,-0.21918
1,1,0.0,0.306,-0.03390,1.305,0.104,0.719,-0.235,0.30508,-0.01695,0.464,-0.108,0.964,0.177,1.151,-0.322,0.489,0.016,0.299,0.03,0.451,0.30508,0.956,0.046,0.37,0.08,0.67287,-0.004,0.527,-0.03390,1.104,-0.134,0.76271,-0.105
1,1,0.0,0.433,-0.347,0.44444,0.142,0.199,0.216,0.451,0.16,0.267,-0.11111,0.486,-0.052,0.585,0.33333,0.479,0.029,0.14,-0.281,0.512,-0.079,0.52778,-0.016,0.415,0.095,0.382,-0.163,0.233,-0.081,0.36924,-0.14809,0.08333,-0.602
1,0.63,0.0,0.663,1.448,1,0.608,0.619,0.639,0.369,0.431,0.207,0.577,0.248,1.222,-0.105,1,-0.417,0.98722,-0.6,0.82,-0.52674,0.71699,-0.564,0.47894,-1,0.501,-1,0.108,-1.437,-0.144,-0.918,-0.311,-0.759,-0.708
1,0.879,0,0.911,0.49638,0.528,0.386,0.54916,0.72063,0.36,0.974,0.13469,0.953,-0.088,0.93778,-0.223,0.968,-0.359,0.55,-0.604,0.403,-1.024,0.357,-0.995,0.039,-0.603,-0.29099,-0.70352,-0.382,-0.815,-0.159,-0.471,-0.51,-0.192,-0.345
1,1.491,0.0,0.83789,0.625,0.72113,0.321,0.424,0.671,0.143,0.82732,-0.13012,0.492,-0.456,1.077,-0.758,0.677,-0.997,0.251,-0.84014,0.02,-0.62041,-0.262,-0.604,-0.261,-0.473,-0.67796,-0.04,-0.527,0.14690,-0.584,0.352,-0.36,0.523,-0.198
1,1,0.0,0.84,0.35107,0.517,0.557,0.239,0.88576,0.081,0.95776,-0.264,0.788,-0.835,0.895,-1.171,0.605,-0.93104,0.161,-0.522,-0.036,-0.589,-0.526,-0.87,-0.679,-0.324,-0.566,-0.04578,-0.91221,0.202,-0.85762,0.683,-1.035,0.446,-0.648
1,0.684,0.0,0.722,0.456,0.71976,0.68420,0.225,0.912,-0.11108,0.76527,-0.31605,0.871,-0.377,0.805,-0.551,0.561,-0.688,0.091,-0.716,0.017,-0.952,-0.66278,-0.587,-0.631,-0.13486,-0.829,0.22,-0.876,0.686,-0.712,0.69886,-0.35,0.965,-0.182
1,0.982,0.0,1.133,0.16195,1.482,-0.055,1.484,0.01373,1.128,-0.083,0.774,-0.018,0.633,-0.011,1.05,-0.06374,1.454,-0.039,0.724,0.053,1,-0.057,1.382,-0.034,0.506,-0.135,1,-0.093,1,0.093,1,-0.195,1.443,-0.07439
1,1,0.0,0.95559,-0.001,1.259,-0.13244,0.941,-0.006,0.671,-0.262,1.0,0.07,1.226,-0.076,1.227,-0.02542,0.95853,-0.193,0.921,0.761,0.848,-0.091,0.87492,-0.051,0.85741,-0.015,0.518,-0.025,0.82427,-0.017,0.865,-0.017,0.563,-0.01
1,1,0.0,0.686,0.428,0.533,0.431,0.222,0.68158,0.09,0.83548,-0.16831,0.78772,-0.42911,1.075,-0.57165,0.526,-0.43,0.098,-0.622,-0.124,-0.716,-0.148,-0.511,-0.3,-0.125,-0.328,0.021,-0.263,0.119,-0.358,0.31008,-0.221,0.423,-0.106
1,1,0.0,1.172,0.315,0.592,0.427,0.34816,0.79784,0.072,0.49,-0.29784,0.892,-0.333,0.579,-1.062,0.58,-0.812,0.12,-0.81641,-0.357,-0.614,-0.429,-0.39766,-0.938,-0.058,-0.967,0.201,-0.71504,0.449,-0.534,0.553,-0.36765,0.822,-0.154
1,1.152,0.0,0.456,0.428,0.66129,0.709,0.168,0.90824,-0.069,1.123,-0.331,1.096,-0.836,0.588,-0.92819,0.25133,-0.92282,-0.096,-0.877,-0.42,-0.596,-0.703,-0.14895,-0.792,0.197,-0.453,0.285,-0.609,0.605,-0.587,1.166,-0.07029,0.98,0.27926
1,0.661,0,1.429,-0.24051,0.987,-0.269,0.581,-0.10127,1.081,0.009,1.415,0.148,0.92405,0.084,0.84810,-0.05,0.572,-0.435,0.919,-0.016,1.147,0.06329,0.573,0.16,0.455,-0.336,0.84637,-0.055,1.183,-0.077,0.619,0.014,0.83544,-0.022
1,1,0.0,0.74790,0.005,0.996,0.019,0.556,0.02469,0.735,0.014,0.566,0.05882,0.853,0.055,0.733,0.044,0.64706,0.225,0.84034,0.055,0.411,0.07122,0.57,0.084,0.74,0.101,0.951,0.065,0.817,0.021,0.475,0.052,0.673,0.08891
1,1.36,0,0.85013,0.016,0.92211,0.01456,0.92046,0.014,1.311,0.066,1.185,0.086,0.668,0.025,0.471,0.054,0.641,0.035,1.106,0.0,1.248,0.094,0.986,0.114,0.827,0.10853,0.86923,0.105,1.028,0.119,0.491,0.117,0.651,0.10698
1,1.471,0.0,0.696,-0.016,1.35,-0.00343,1.143,-0.023,1.058,-0.016,1.306,-0.04,1.478,-0.02187,1.41,-0.034,0.719,-0.029,0.99314,-0.043,1,-0.025,0.77,-0.037,1,-0.064,1.37,-0.067,1.095,-0.05,0.99057,-0.06497,1.084,-0.06668
1,1.479,0.0,0.495,-0.016,0.916,0.036,0.512,0.019,0.92,0.02772,0.577,-0.00990,1.167,-0.019,0.608,0.03366,0.93663,0.0,0.958,0.008,0.75,0.004,0.88713,-0.018,0.89307,0.02376,1.096,0.02,0.968,0.003,0.87327,0.05,0.522,0.031
1,1.425,0.0,0.751,0.01773,1.221,-0.01773,0.952,0.008,0.511,0.077,0.689,0.034,0.939,0.007,0.726,0.03546,0.785,-0.037,0.89716,-0.03191,0.994,0.07801,0.555,0.06,1.264,0.057,1.186,0.03247,0.837,0.027,1.002,0.013,1.386,0.02128
1,1.044,0.0,0.357,-0.241,0.361,0.008,0.59,0.119,0.63636,0.09091,0.292,-0.259,0.547,0.094,0.39394,0,0.701,0.05,0.51515,0.03030,1.144,0.18182,0.313,-0.216,0.38,0.034,0.6,0.072,0.393,-0.019,0.493,0.07,0.259,0.24242
1,1,0.0,0.808,0.508,0.72014,0.906,0.377,0.707,0.108,1.273,-0.281,0.563,-0.303,0.918,-0.906,0.469,-0.581,0.09898,-0.849,-0.146,-0.391,-0.42207,-0.485,-0.57679,-0.035,-0.59954,0.127,-0.53127,0.162,-0.37088,0.271,-0.253,0.453,0.017
1,1.285,0.0,0.613,0.243,0.947,0.487,0.35916,0.88696,-0.061,0.948,-0.38875,0.996,-0.932,0.787,-0.89,0.165,-0.924,-0.06,-0.588,-0.34275,-0.265,-0.377,-0.23428,-0.505,0.081,-0.856,0.33531,-0.62296,0.411,-0.42086,0.489,-0.15,0.669,0.075
1,1,0.0,0.47,0.41113,0.795,0.74761,0.425,0.887,-0.089,1.272,-0.724,0.499,-0.79657,0.55086,-1.174,0.092,-0.955,-0.153,-0.473,-0.817,-0.414,-1.044,-0.033,-0.93788,0.474,-0.449,0.67538,-0.794,1.134,-0.323,1.302,0.085,0.94,0.46301
1,1.036,0.0,1.08,0.642,0.462,0.076,0.088,1.098,-0.27586,0.93596,-0.328,0.413,-0.771,0.283,-0.773,-0.08867,-0.369,-0.474,-0.248,-0.87,-0.05419,-0.93596,0.25616,-0.122,0.73792,-0.495,0.452,-0.048,0.609,1.39,0.308,0.003,0.11,0.79790
1,1,0,1,0.51515,0.548,0.172,0.082,0.489,-0.398,0.909,-0.533,0.48485,-0.476,0.0,-0.683,-0.128,-0.33333,-0.632,-0.066,-0.445,0.522,-0.7,0.57576,-0.292,0.896,-0.296,0.719,0.16,0.529,0.57576,0.279,0.299,0.065,0.487
1,1.369,0.0,0.88110,0,0.835,-0.02744,0.93598,-0.016,0.721,0.017,1.123,0.022,0.93902,0.005,0.872,0.002,0.873,0.038,1.295,-0.012,0.82,0.02439,0.828,0.082,0.613,0.044,0.681,0.012,1.004,0.013,1.03,0.044,0.97561,-0.01220
1,1.447,0.0,0.82624,0.052,0.726,-0.046,0.526,-0.011,0.801,0.014,1.058,0.123,0.94681,-0.004,0.527,0.0,0.984,0.216,0.95035,-0.009,0.91489,0.00709,0.80496,0.082,1.098,0.082,0.897,0.08165,1.105,0.073,1.107,0.16,1.057,0
1,0.625,0.0,1.078,0.099,1.275,0.011,1.115,0.013,0.987,-0.009,0.73050,0.104,0.934,0.025,0.942,0.03382,1.081,0.062,0.95035,0.04255,0.516,0.04743,1.209,0.033,0.642,0.104,0.83429,0.078,0.74468,-0.02,0.67,0.083,0.653,0.07173
1,1,0.0,0.677,0.022,0.89951,0.002,1.121,0.003,1.111,0.0,0.835,0.045,1.269,0.00994,0.843,0.01,0.571,-0.085,0.876,0.036,0.84182,0.019,0.83486,0.024,0.8,-0.057,0.584,0.02033,0.81988,0.072,0.72,0.028,0.80088,0.021
1,0.55,0.0,0.97513,0.006,1.249,0.021,1.122,0.011,0.938,0.024,0.889,0.02309,0.97158,0.035,1,0.035,1.425,0.027,0.98579,0.03,1.236,0.061,0.795,0.043,1.254,0.018,1.338,0.06477,1.232,0.068,0.99112,0.057,0.859,0.09947
1,1,0.0,1.487,0.006,1,0.014,0.557,0.019,0.736,-0.008,0.99448,-0.001,1.462,0.034,1.477,0.00884,1.047,0.00773,0.83,0.01657,1.19,0.008,0.609,0.019,0.97127,-0.007,1.311,0.011,0.88,0.011,0.992,0.02099,0.588,0.019
1,0.621,0.0,0.807,-0.014,0.76,0.01566,1.433,-0.002,1,0.06264,0.97763,0.043,0.52,0.032,0.716,0.05,1.387,0.024,0.943,0.049,0.682,0.097,0.95749,0.091,1.325,0.079,0.598,0.08763,0.99105,0.08,1,0.128,1.269,0.057
1,1.05,0.0,0.88420,0.329,0.34,0.76,0.449,1.186,0.02424,1.355,-0.206,0.982,-0.326,0.396,-1.087,0.38778,-0.83285,-0.009,-0.44,-0.448,-0.717,-0.8,-0.212,-1.01,0.00806,-0.69774,0.188,-0.6,0.561,-0.43383,0.343,-0.212,0.56286,0.016
1,1,0.0,0.90147,0.52,0.784,0.934,0.444,0.942,-0.174,1.184,-0.309,0.81191,-1.012,0.50949,-0.597,0.084,-0.91456,-0.159,-0.759,-0.394,-0.32354,-0.88999,0.042,-1.01,0.239,-0.696,0.546,-0.373,0.786,-0.267,0.963,0.20359,0.631,0.402
1,1,0.0,0.382,0.139,0.125,0.183,0.14020,0.475,-0.374,0.91993,-0.119,0.26664,-0.63714,0.315,-1.227,-0.003,-0.126,-0.289,-0.379,-0.598,-0.082,-1.186,0.09345,-0.272,0.245,-0.154,0.232,-0.11498,0.276,0.046,0.21443,0.111,0.189,0.165
1,1.104,0.0,0.588,0.43617,0.44681,1.065,0.07,0.83,-0.266,0.712,-0.68253,0.663,-1.16,0.106,-0.959,-0.272,-0.25,-0.919,-0.049,-1.18,0.126,-0.76316,0.539,-0.52128,0.74300,-0.23,0.641,0.28,0.601,0.387,0.303,0.76764,-0.172,0.74356
1,1,0.0,0.104,0.067,0.045,0.224,-0.06,0.483,-0.218,-0.115,-0.41985,0.089,-0.45420,0.092,-0.142,-0.396,-0.055,-0.366,0.151,-0.089,0.398,-0.11953,0.256,-0.16031,0.21645,0.179,0.043,0.283,-0.03817,0.26336,-0.214,0.243,-0.347,-0.471
1,1.26,0,0.711,0.001,1.164,0.0,0.54,-0.001,1.12,0.02394,0.97700,0.02130,1.301,0.03073,1.291,0.017,0.93929,0.057,0.846,0.05279,1.304,0.065,0.665,0.066,1.345,0.046,1.185,0.046,0.95701,0.08,1.291,0.072,0.643,0.105
1,1,0,0.961,-0.07572,0.894,0.003,0.87514,-0.007,1.157,-0.051,0.72832,-0.11734,0.476,0.042,0.654,-0.069,0.431,0.078,0.632,0.069,0.737,-0.028,1.023,-0.057,0.608,-0.026,0.939,-0.02731,0.9,-0.092,0.419,-0.034,0.938,0.01214
1,0.576,0.0,0.409,-0.187,0.575,-0.02423,0.588,-0.048,0.55717,-0.046,0.753,-0.054,0.456,-0.088,0.685,-0.07289,0.268,-0.26409,0.58213,0.07,0.492,-0.08771,0.515,-0.106,0.265,-0.007,0.302,-0.128,0.35588,-0.137,0.344,-0.08637,0.43,-0.061
1,1.385,0,0.76046,0.016,0.624,0.004,1.177,0.004,0.881,0.034,0.932,0.12068,1.228,0.00744,0.81815,0.011,0.83,-0.1,0.76531,0.052,0.536,0.01,0.967,0.01232,0.701,-0.002,0.776,0.01,0.526,0.009,0.436,0.019,0.63887,0.019
1,0.519,0.0,0.698,-0.019,1.238,0.06831,0.271,0.50137,0.769,-0.003,0.964,-0.078,0.527,-0.607,0.39208,0.703,0.485,0.208,0.862,0.11339,0.468,-0.613,0.828,0.00683,0.401,0.069,0.846,0.17088,0.87568,0.094,0.55328,0.141,0.089,0.295
1,0.555,0,0.83508,0.08298,0.779,-0.193,1.144,-0.041,1.137,-0.044,0.89391,0.126,0.963,0.1,0.479,-0.111,0.653,-0.026,1.357,0.06618,0.963,0.01155,0.92,0.052,0.956,-0.029,0.955,0.00123,1.425,0.148,0.86660,-0.089,0.8,-0.03
1,1,0.0,0.993,0.003,0.864,-0.02723,0.93438,-0.012,1.229,0.021,1.248,0.022,1.295,0.076,0.94625,-0.016,1.304,0.001,1.184,0.071,0.92670,0.092,0.926,0.147,1.346,0.013,0.539,0.04925,1.097,0.047,0.94066,-0.0,0.716,0.04712
1,0.79,0.0,1.047,-0.00034,0.93207,-0.044,0.95177,-0.03431,0.814,0.02446,1.331,0.026,1.381,0.039,0.93954,-0.007,1.188,0.012,1.091,0.016,1.119,0.104,0.812,0.057,0.615,0.024,0.938,0.034,0.92120,0.018,1.153,0.00442,0.99,-0.007
1,0.641,0.0,0.548,-0.01657,0.98122,-0.025,0.521,-0.03646,0.743,0.001,0.89724,-0.026,0.781,-0.01436,0.62,-0.049,1.018,-0.01,0.952,-0.189,0.88729,0.01,0.736,-0.027,0.467,-0.02099,0.89147,-0.067,0.568,-0.121,0.976,-0.052,1.031,-0.229
1,1,0,0.845,0.07,0.444,-0.091,1.159,0.114,0.533,-0.085,0.78735,0.06678,0.702,-0.002,0.987,-0.013,0.85764,-0.03,0.87170,-0.04,1.063,-0.05,1.007,0.053,1.108,-0.185,1.06,-0.04822,1.019,-0.005,0.75747,-0.092,0.881,-0.09
