1,1,0,0.675,-0.05889,0.71,0.014,0.898,-0.346,1,0.03760,0.753,-0.125,0.654,-0.24,0.638,-0.305,0.504,-0.456,0.629,-0.405,0.301,-0.303,0.384,-0.294,0.701,-0.51171,0.571,-0.438,0.137,-0.472,0.438,-0.418,0.201,-0.45300
0,0.515,0.0,0.714,-0.13,1.36,-0.36156,-0.146,-0.683,1.241,-0.057,0.456,-0.698,0.283,-0.69707,-0.544,-1.267,0.03,-0.62237,0.393,-1.205,-0.099,-0.45300,-0.18056,-0.434,-0.276,-0.232,-0.202,-0.212,-0.19040,-0.061,-0.217,-0.058,-0.13738,-0.02
1,1.385,0.0,1.245,-0.03,0.949,0.003,1.228,-0.133,0.798,0.01,0.73082,0.041,0.85443,0.005,0.757,0.00299,0.83775,-0.177,0.387,-0.08540,0.92,-0.248,0.594,-0.12062,0.308,-0.602,0.811,-0.202,0.595,-0.231,0.483,-0.213,0.51,-0.38238
0,1,0.0,0.862,-0.45161,1.169,1.142,0.414,-1.08,0,0,0.0,0.0,0,0.0,-0.558,0.157,0.332,-0.361,-1.055,-0.328,-0.392,1.423,0,0.0,1.067,1.047,0.51613,0.638,1.002,-0.265,0.227,1.085,-0.469,1.196
1,1,0.0,0.577,-0.022,1.003,0.082,0.92106,-0.192,0.633,-0.237,0.52798,-0.157,0.56409,-0.007,0.445,-0.353,0.52940,-0.213,0.392,-0.17813,0.086,-0.402,0.014,-0.646,0.021,-0.786,0.098,-0.493,0.019,-0.889,-0.036,-0.674,-0.04,-0.65697
0,0.549,0.0,0.023,-0.004,-0.101,-0.151,-0.008,-0.172,0.14706,0.06637,0.03786,-0.074,0.0,0,-0.04572,-0.095,-0.004,-0.069,-0.082,-0.048,0.01838,0.04,0.009,0.008,0.021,-0.013,-0.045,0.12,-0.065,0.009,0,0.0,-0.0,0.166
1,0.79,0.0,0.97588,-0.10602,0.65,-0.181,0.968,-0.268,0.729,-0.245,1.016,-0.61,0.43,-0.50764,0.693,-0.61436,0.753,-0.573,0.309,-0.633,0.463,-0.433,0.178,-0.732,0.332,-0.916,0.13659,-0.82510,0.023,-1.225,-0.04,-0.504,-0.074,-0.80975
0,0.0,0,0,0.0,0.0,0.0,1.477,-1.007,0,0.0,-1,-1,0.0,0.0,0,0.0,1.433,0.74,-1.285,-1.337,0.0,0.0,0.0,0.0,0.596,0.818,0.569,0.943,0.0,0.0,1.246,0.525,0,0.0
1,0.567,0,0.659,-0.099,1.382,-0.201,1,-0.21313,1.022,-0.216,1.346,-0.422,0.732,-0.309,0.66,-0.312,0.756,-0.223,0.661,-0.669,0.712,-0.60589,0.69637,-0.753,0.686,-0.65440,0.593,-0.787,0.239,-0.63919,0.323,-0.965,0.211,-0.657
0,1.226,0.0,-0.01864,-0.116,0.0,0.0,0.0,0.0,0.11470,-0.149,-0.45663,-0.433,0.0,0.0,-0.33656,0.557,-0.201,0.148,0.779,0.22115,0.0,0,0,0.0,-0.155,-0.018,0.204,-0.013,0.0,0.0,0.246,0.303,-0.101,0.242
1,0.879,0,1.245,0.04,0.715,-0.136,0.615,-0.2,1.427,-0.533,0.865,-0.583,0.601,-0.51874,0.711,-0.688,0.48,-0.66474,0.854,-0.364,0.413,-0.819,0.564,-0.758,0.55867,-0.977,0.42,-0.86500,0.40303,-1.061,0.263,-0.964,0.117,-0.89158
0,1.257,0.0,0.951,-0.786,1,-0.832,0.832,-1.378,0.951,0.36217,1.424,-0.52,0.569,1.256,1,-0.857,1,-0.303,1,-0.771,1,0.719,1.487,0.976,1.158,-0.539,1,-0.392,1.24,-1.235,0.541,-0.638,0.629,-0.927
1,1.175,0.0,1,-0.083,0.923,-0.10169,0.946,-0.095,0.655,-0.213,1.101,-0.418,0.872,-0.29785,1.382,-0.178,0.51,-0.374,0.48,-0.43383,0.769,-0.47308,1.087,-0.414,0.84080,-0.513,1.106,-0.58370,0.902,-0.892,0.595,-0.744,0.829,-0.999
0,1.223,0.0,0.894,-0.784,1.164,0.297,0.85492,-0.39896,1,-0.12090,1.152,0.192,0.661,0.077,1,-0.107,1.275,-1.445,0.868,-1.225,0.813,0.156,1,0.812,1.183,-0.151,0.568,0.378,0.536,-0.352,1.005,1.24,0.987,-0.18826
1,0.673,0.0,0.576,0.11,0.733,0.038,0.573,-0.065,0.631,0.08764,0.807,0.19651,0.935,0.20328,0.816,0.12785,1.185,0.149,0.787,0.332,0.827,0.581,1.22,0.596,0.665,0.266,0.876,0.439,1.031,0.43,1,0.183,1,0.46712
0,0.849,0,0.62,-1.1,0.814,0.249,-0.03520,-1,0.773,-0.578,0.487,-1,0.0,0.0,-1,-0.457,-0.196,0.021,0.758,-1.216,0,0.0,0,0.0,-0.216,1.304,0.393,0.194,0.0,0.0,0.598,0.28,0.0,0.0
1,1.102,0.0,0.999,0.071,1.255,-0.01236,0.718,0.037,0.797,0.018,1.05,0.07808,0.567,0.118,0.812,0.068,0.755,0.164,0.566,0.08631,0.81633,0.11830,1.018,0.208,0.81329,0.093,1.174,0.186,0.845,0.215,0.892,0.219,0.958,0.12015
0,0.0,0,0.0,0.0,-0.553,-0.723,0.602,0.73,-1.306,1,-1,1.479,1.385,-0.828,1.312,1.241,-0.654,-0.546,-1.412,1.454,1,-0.613,-0.795,1,-0.641,1.047,1.098,-1,-1.098,1.271,-0.984,-1.208,0.908,-1
1,1.481,0.0,0.826,0.019,0.435,0.068,0.549,0.215,0.096,0.34081,0.562,0.122,0.773,0.098,1.03,0.15,0.593,0.18,0.095,0.476,0.377,0.225,0.267,0.22625,0.383,0.23724,0.279,0.236,0.43433,0.145,0.40663,0.368,1,0.33036
0,0.0,0.0,1.177,-1.187,0,0,0.0,0.0,1,0.782,1.223,-1.177,-0.904,1.293,0,0.0,-1.404,1.306,0.576,1,-0.641,1.425,1,0.534,-0.626,1.033,1.098,1.186,1.249,-0.555,1,0.834,0.58,0.658
1,1,0.0,0.79,-0.005,0.829,-0.103,0.994,-0.108,1.224,-0.069,1.299,-0.158,1.095,-0.39489,1.286,-0.212,0.858,-0.36,0.956,-0.402,0.461,-0.44072,0.782,-0.46866,1.126,-0.409,1.233,-0.529,0.75784,-0.224,0.80448,-0.40575,1.011,-0.562
0,0,0.0,0.513,1.18,0.0,0.0,0.0,0.0,-1.482,-0.799,0.0,0,0,0.0,-1.114,-0.702,-0.783,-0.851,-1.407,0.684,-1,1.459,0.0,0.0,0.0,0,0.641,-1.016,-0.684,1,-1.121,1.073,-1.068,1
1,1.472,0.0,1.169,0.091,0.545,0.054,0.526,0.121,0.90169,-0.05144,0.535,0.024,0.955,-0.06142,0.87534,0.126,0.764,0.004,0.992,-0.05295,0.65961,-0.112,0.558,-0.05929,0.693,-0.094,0.706,-0.023,0.431,-0.008,0.266,-0.0,0.68,-0.003
0,0,0.0,-1.132,0.599,0.0,0.0,0.0,0.0,-1.182,1,1.386,1.095,0.0,0.0,0.0,0,0.785,-1.181,-0.927,1.041,0.712,0.917,0.0,0.0,-0.621,-1.303,1,-0.704,1,1.212,-1,1.268,0,0.0
1,1,0.0,0.685,-0.06182,0.807,0.035,1.351,-0.04,0.92,-0.016,1.177,-0.11726,0.609,-0.038,1.341,-0.06598,0.69170,-0.108,0.984,-0.254,0.642,-0.274,0.939,-0.435,0.837,-0.294,0.717,-0.378,0.757,-0.366,0.727,-0.26284,0.497,-0.39487
0,1,0.0,1,0.735,1,-1.266,1.141,-1.137,1.38,-1,0.846,-0.511,0.682,-1.262,1.443,-1.406,1.082,-1.384,0.611,-0.943,0.941,-0.531,1.372,-0.805,1,-1,0.655,-0.914,0.568,-1,0.896,-1.039,0.89,-1.235
1,0.613,0.0,1.468,-0.08714,1.126,-0.231,0.886,-1.123,0.892,0.63,0.619,-0.41382,0.948,-0.18,0.817,-0.144,0.569,-0.531,0.12245,-1.232,1.144,0.135,0.545,-0.732,0.817,-0.82868,0.299,-0.996,0.40650,-0.89674,0.211,-1.277,-0.068,-1
0,0,0.0,-1.29,-1.169,0.0,0.0,-0.601,1.411,1.364,-0.37500,0,0.0,0,0.0,0.0,0.0,0.77,-1,-1.154,-0.903,0.547,-0.923,0.0,0,1,-1.272,-1.049,1.399,-1.196,-1.289,0.0,0.0,-0.901,1.054
1,1,0.0,0.928,0.063,1.352,0.229,0.515,-0.089,1.404,0.64520,1,0.278,0.59,0.653,0.967,0.822,1,0.63,1,0.711,1,1.165,0.982,0.731,0.791,0.658,1.012,0.76,0.989,0.736,0.859,1.085,0.546,1
0,0.0,0.0,-1.053,-1,0.552,0.594,0.873,-0.727,-1,1.161,0.576,-1,-1.359,-0.992,0.0,0.0,0.973,0.726,-0.506,-0.523,0.568,-1.45,1.187,-1,1.168,1,1,-1.23,0.662,-1.141,-1.325,1.1,1.401,-1
1,0.901,0.0,0.795,-0.154,1.372,-0.183,1,-0.23656,0.793,-0.064,1.486,-0.215,1.217,-0.311,0.792,-0.129,0.683,-0.412,0.942,-0.355,1.104,-0.35519,1.303,-0.668,1,-0.47643,0.98820,-0.714,1.317,-0.434,0.852,-0.527,0.907,-0.84437
0,1,0.0,0.759,-0.838,0.849,1,1,-1,1.472,-1,0.995,-1.285,0.726,-0.024,1,-0.549,1.169,0.666,0.8,-0.85,1.422,0.964,1.346,-0.569,0.0,0.0,0.761,0.524,0.935,-0.466,1,0.671,1.402,1.123
1,0.99,0.0,1.225,-0.198,0.93408,-0.141,0.735,-0.16450,0.524,-0.217,0.979,-0.276,0.85269,-0.396,0.993,-0.235,0.692,-0.33632,0.652,-0.437,0.802,-0.293,0.381,-0.362,0.706,-0.525,0.563,-0.81,0.292,-0.59854,0.366,-0.831,0.42189,-0.58086
0,1,0.0,0.491,-0.024,0.233,-0.117,0.98019,-0.09473,0.978,-0.091,0.798,-0.10951,0.544,1.254,0.637,-1.378,0.82270,-0.156,0.929,-0.226,-0.176,1.02,0.77,0.059,0.861,-0.163,0.614,-0.449,0.54,-0.326,0.452,-1.198,-0.23186,-1
1,0.952,0.0,0.755,-0.15899,0.88,0.203,0.682,-0.388,1.095,-0.28207,1,-0.401,1.078,-0.159,1.05,0.14638,0.797,0.584,1.358,0.16,1.366,-0.013,1.296,-0.91338,1.327,0.147,1.14,-0.08,1,-0.11129,1.247,0.749,1.228,-0.714
0,0.688,0.0,0.66161,-1,1.4,0.664,0.974,-0.67321,0.80893,-0.214,0.604,-1.126,1.189,-0.671,1.19,1.025,0.17589,0.628,0.986,1.006,1,0.763,0.655,-0.717,1.126,0.85357,1.034,-0.055,1.073,-0.423,0.651,0.358,1.031,0.228
1,1.454,0.0,0.689,0.00433,0.938,-0.01209,0.81,-0.02960,0.751,-0.07014,1.439,-0.04,1.25,-0.068,1.089,-0.055,0.92561,-0.086,1.211,-0.214,1.272,-0.091,0.875,-0.186,0.685,-0.155,1.111,-0.17909,1.201,-0.264,0.83777,-0.229,0.525,-0.296
0,0,0.0,0.904,1.229,1.351,-1.238,0.0,0.0,0.0,0,-1.126,-1,0.0,0.0,0.0,0,-0.845,1,1.384,1.339,-1,0.677,-1.446,1.381,0.534,-0.929,1.375,0.818,-0.731,1,0.818,0.591,0.0,0.0
1,1.147,0.0,1.007,0.061,0.94191,0.022,1.152,0.034,1.385,0.018,1.266,0.087,0.567,0.172,0.951,0.06211,0.878,0.139,1.032,0.192,0.80983,0.11849,0.988,0.093,0.956,0.058,0.73550,0.116,0.8,0.21,0.624,0.10754,0.964,0.11447
0,1.141,0.0,0.865,0.028,0.99672,0.053,0.863,0.07143,0.855,-1.17,1.288,0.064,0.518,0.471,0.82077,0.201,1.088,0.128,1.267,0.372,0.65850,0.131,0.60138,0.16,0.476,0.16390,0.388,0.152,0.43481,0.212,0.477,0.212,0.9,0.573
1,1.105,0.0,1.156,0.095,1.149,0.157,0.801,0.26281,0.93051,0.389,1.296,0.286,1.121,0.413,0.557,0.556,0.983,0.60756,0.518,0.832,0.47807,0.913,0.40553,0.457,0.199,0.531,0.373,0.72386,0.289,0.549,0.116,0.72688,0.095,0.674
0,0.669,0.0,-1,-0.588,1.247,0.702,0.501,-0.099,0.0,0,-0.837,0.935,1.145,1.228,0.185,-1.152,-0.525,-1,0.08750,-1.192,1.177,-0.669,-0.914,1.055,-1,-0.986,0.572,-1,-0.588,-1.331,1.405,0.961,0.0,0
1,1,0.0,0.469,0.124,0.583,0.253,0.636,0.13,0.777,0.68154,0.68,0.494,0.16286,0.555,0.685,0.345,0.511,0.428,0.37,0.12967,0.333,0.54462,0.337,0.55826,0.209,0.36,0.127,0.671,0.126,0.452,0.087,0.321,0.126,0.67739
0,1.257,0,-0.831,-0.778,1,0.903,0.953,-0.547,1,-0.119,0.874,0.887,1.283,-0.44,1,-1.028,1,0.144,1,-1,0.876,-0.023,-0.686,0.525,0.486,0.901,1.463,0.902,0.535,-1.385,0.754,-1.128,0.631,-1.012
1,1.303,0.0,0.866,-0.03,1.246,-0.117,0.931,-0.227,0.645,-0.206,0.556,-0.30130,0.67,-0.37965,0.786,-0.305,0.84922,-0.74,1.22,-0.583,0.812,-0.59839,0.956,-0.702,0.982,-0.468,0.329,-0.73174,0.61010,-0.725,0.396,-0.435,0.264,-0.83245
0,0,0.0,0.0,0.0,0.0,0.0,0.0,0,1.38,0.655,1.029,1.44,0.0,0.0,0,0,-0.37500,-1.102,-0.856,-1.326,0.0,0,0,0.0,-1.165,-0.57,-0.861,-1.365,-0.661,1.459,0.943,0.0,0.0,0.0
1,1.132,0,1.469,-0.024,1.268,-0.085,1.207,-0.077,1.138,-0.09931,0.705,-0.13814,1.235,-0.149,1.208,-0.25099,0.846,-0.28,1.071,-0.232,0.91,-0.361,0.578,-0.389,0.866,-0.269,0.524,-0.381,0.81433,-0.42593,0.652,-0.619,0.876,-0.50152
0,0.677,0.0,1.178,-0.037,-0.773,0.339,-0.286,0.424,0.936,-0.63427,1,-0.04,-0.342,-0.005,-0.54852,0.2,0.91921,-0.373,1.035,-0.391,-0.29735,-0.297,-0.728,0.37361,0.605,-0.444,0.516,-0.853,1.161,-0.444,-0.129,0.188,-0.035,0.41913
1,1,0.0,1.116,0.009,0.98103,-0.044,1.014,-0.072,0.811,-0.096,0.99004,-0.065,0.799,-0.11102,0.93369,-0.117,0.482,-0.071,1.103,-0.109,0.711,-0.17387,1.089,-0.176,0.603,-0.243,1.225,-0.21136,0.464,-0.163,0.725,-0.206,1.045,-0.33
0,0.64,0.0,0.0,0.0,0.896,0.71,0.0,0,0.135,-0.655,0.0,0.0,0.0,0.0,-0.929,-0.157,-0.361,-0.83297,0.787,0.357,0,0.0,0.436,0.302,-1.101,0.44828,1,-0.874,-1.476,0.5,0.0,0.0,0,0
1,1,0.0,0.84134,-0.237,0.248,0.035,1.092,-0.002,0.702,0.076,0.763,-0.016,0.88559,0.729,0.91714,-0.57486,0.787,-0.413,0.667,-0.181,0.622,1,0.462,-0.16290,0.949,-0.032,1.188,-0.016,0.769,-0.417,0.924,-0.351,0.787,-0.013
0,0.0,0.0,0.928,1,1.352,-0.76,0.0,0,0.0,0.0,0.641,1,0.658,0.672,-1.041,-1,0.836,-1.162,-1.335,0.748,0.0,0.0,1.105,-0.601,0.967,-1.165,1,0.761,-1.163,-0.864,0,0.0,0.0,0
1,1,0.0,1.168,1.425,0.727,1,1.206,1.359,-0.196,1,-0.809,0.52,-1.141,1.45,-0.568,0.431,-1.23,-0.57779,-1.187,-0.42052,-1.401,-0.654,-0.556,-0.552,0.824,-0.662,0.523,-1,0.736,-1,0.576,-0.176,1.315,0.461
0,0.845,0.0,-0.895,-0.992,-0.696,1,1,0.711,0.042,-0.942,-1.303,-0.859,0.852,0.792,0.979,-1.081,-0.795,0.793,0.48,1.161,0.907,-0.769,-0.983,-1,-0.201,1.372,0.901,-1,-1,-1,-1,1.437,1.12,0.409
1,1.472,0,1.266,0.046,0.97487,-0.041,0.647,-0.08484,0.562,-0.045,0.55,0.017,0.562,-0.216,0.803,-0.214,0.991,-0.279,1.266,-0.336,0.732,-0.15,1.339,-0.156,0.758,-0.40747,0.87244,-0.333,1.309,-0.257,0.981,-0.438,0.82166,-0.41173
0,0.576,0.0,0.08333,-0.238,-1.276,1.354,-0.798,1.388,0.482,0.28,-1.033,-0.545,-0.992,-1.483,-1,1.136,-0.027,0.46,-0.261,-0.418,-0.74628,-1,-1,-0.566,-1.275,0.206,0.761,-1.092,-0.582,-0.38914,-0.857,-0.654,-0.93,0.61458
1,1,0,1,-0.019,1.088,-0.062,0.798,-0.061,1.484,-0.097,0.8,0.622,1.487,-0.125,1.378,-0.14,1,0.353,1,-0.119,0.99484,-0.175,1.1,-0.132,0.797,-1.158,0.602,-0.114,0.467,-0.324,0.701,-0.198,0.591,-0.22981
0,0,0.0,-1.366,0.664,1.272,-1.217,-1,1.4,0.0,0.0,0.733,0.712,-0.693,-0.113,1.348,1,-1.403,-0.804,1,-0.797,-1.228,-1.327,1.247,1,1.095,-1.315,0.76,0.817,0.507,1,0.0,0,-0.996,-1.346
1,1,0.0,0.974,0.037,0.489,0.07418,0.548,0.13231,1.19,-0.013,1.223,0.098,0.989,0.14644,1.081,0.1,0.896,0.134,0.921,0.122,1.186,0.2,0.90784,0.16410,1.362,0.135,0.576,0.125,1.035,0.155,0.78324,0.333,0.739,0.349
0,1.496,0.0,0.086,-1.042,-1.031,0.626,0.0,0.0,0.0,0.0,-0.631,1,0,0.0,-0.61354,-0.985,0.743,0.23,0.648,0.11,0.0,0,-1,-0.194,-0.796,0.666,1,0.81,-1.277,0.504,0,0.0,0.0,0.0
1,1,0.0,0.677,0.052,1.499,0.11,1.14,0.185,0.722,0.069,1.271,0.11,0.92992,0.24288,0.584,0.28343,0.589,0.367,1.131,0.196,0.764,0.294,0.806,0.536,1.102,0.479,0.848,0.237,0.771,0.46031,0.741,0.398,0.54252,0.50903
0,0.987,0.0,0.01667,-0.429,0.0,0.0,0,0.0,0,0.0,0.0,0.0,0.0,0.0,0.075,-0.812,0.201,0.82813,1.377,-0.476,0.0,0.0,0.08333,-0.632,-0.149,-0.21,1.331,-1.051,-1.384,0.192,0.0,0,0.653,-0.27292
1,1,0.0,0.794,0.151,1.433,0.199,0.542,0.195,1.271,0.197,0.799,0.37107,1.196,0.46899,1.111,0.466,0.895,0.418,0.65091,0.625,0.497,0.822,0.492,0.64720,0.436,0.441,0.491,0.397,0.505,0.891,0.33921,0.847,0.186,0.78685
0,1.455,0,0.948,0.736,0.152,-1.36,1.018,1.207,0.723,0.3,-0.66886,0.7,-0.053,0.445,0.015,0.067,-0.592,-1,0.151,-0.041,0.32675,-0.481,-1.5,1,0.935,-1,0.943,-0.068,1.494,0.664,0.20614,-0.577,1.353,0.801
1,1.228,0.0,0.501,-0.41457,1.145,0.95,1.003,0.174,0.525,-0.066,1.104,0.267,0.919,-0.095,1,0.009,0.892,-0.517,0.80025,-0.205,0.88065,-0.112,0.986,-0.162,0.9,0.127,0.766,-0.07249,1,-0.408,0.585,0.154,0.36,-0.05402
0,1,0.0,0.84783,0.158,0.685,0.202,0.969,-0.863,0.783,0.054,1.034,0.38,0.673,0.405,0.636,0.203,1.042,0.02672,0.58424,-0.464,1.263,0.755,0.785,0.266,0.91033,-0.395,0.583,0.125,0.531,-0.019,0.749,0.22464,1.299,0.37409
1,1,0,0.754,0.259,1.09,0.02,1.257,0.104,0.874,0.055,0.675,0.301,1.028,0.035,1.128,0.03,0.95750,-0.24598,0.878,-0.083,0.778,0.035,0.901,0.277,1,-0.199,0.516,-0.019,1.014,0.23360,0.517,-0.22021,0.422,-0.107
0,0,0.0,1,-1,1.421,-1,0.697,-1.385,1.292,-0.504,0.649,0.899,1.052,1.439,0.969,-1.021,0.6,0.723,0.962,0.542,0.875,1.395,1.17,-1.087,1,-0.795,0.683,-1.027,0.723,0.65625,0,0.0,1.279,-0.513
1,1,0.0,1,0.584,0.81309,1.196,0.56,1,0.223,0.938,-0.376,1,-1.092,0.849,-1.303,0.414,-0.342,-0.403,-1.222,-0.374,-0.846,-0.975,-0.412,-0.694,0.39,-0.655,0.41778,-1.328,0.272,-0.661,1.15,-0.35222,0.932,0.03
0,0.7,0,1.326,1.14,1.212,-1.291,1.032,-0.837,0.722,1.267,1,1.004,0.685,1.151,0.651,-1,1.011,0.712,0.814,1,1.268,1,1,1.44,1.132,1.277,0.927,0.312,0.0,0.0,1.365,-0.63,0.883,-1
1,1.297,0,1,0.051,1,0.18281,0.92,0.279,1.337,0.298,1.375,0.336,1,0.5,0.807,0.368,0.785,0.57,1,0.511,1.182,0.474,0.945,0.803,1.055,0.462,0.89502,0.843,0.62,0.699,0.733,0.617,0.412,0.587
0,0,0.0,1,-1,1.406,1.271,-0.846,-0.591,1.266,-1.245,0.0,0.0,0.0,0,-1.262,0.89,0.943,-1,0.511,-0.941,-0.604,1.137,1.372,-1.039,0.685,-1.497,1.443,-1,-0.844,-1,0.0,0.0,0.568,-0.682
1,1,0.0,0.783,0.106,0.96760,0.237,0.86,0.178,0.555,0.178,1.06,0.431,1.266,0.721,0.82820,0.787,0.619,0.69065,0.69003,0.468,0.752,0.68820,0.67,0.708,0.435,0.764,0.205,1.237,0.24944,0.969,0.09,1.059,0.079,0.736
0,1.094,0.0,0.426,0.465,0.0,0.0,-0.32937,0.692,0,0.0,0,0.0,0.0,0.0,0.266,-0.186,0.21032,0.204,0.46429,0.428,0.0,0.0,0.0,0.0,0.847,0.258,0.535,0.742,0.0,0.0,0.0,0.0,0,0
1,1,0.0,0.515,0.059,0.59,0.10827,1.272,0.131,0.76,0.285,0.58,0.34826,0.567,0.252,1.263,0.517,0.89126,0.721,0.567,0.795,1.039,0.59962,0.602,0.477,0.777,0.534,0.59417,0.417,0.46,0.531,0.406,0.833,0.214,0.75243
0,0.0,0.0,1.425,1.168,0.0,0.0,1.053,-0.662,1,-1,1.45,1.187,0.576,1.322,1,-0.523,0.594,1.1,1.23,1.315,1,-1,-1.141,-0.726,1.041,-0.506,1,-0.727,0.915,0.654,0.0,0.0,1,-0.967
1,1,0.0,0.572,0.05,0.983,0.103,0.52,0.175,0.852,0.221,0.98703,0.17,1.101,0.373,0.91118,0.424,1.124,0.535,0.713,0.619,0.79400,0.56282,0.595,0.548,0.67077,0.415,0.467,0.683,0.429,0.532,0.45312,0.489,0.527,0.851
0,0,0.0,0.8,1.099,0.589,-0.838,0.995,0.581,1,0.759,0.585,1,0.666,1.123,0.864,0.935,1.123,-1.346,-0.849,1,-1.422,1.324,-1,1.169,0.726,-0.524,1.402,1.285,-1,1.486,-1,-0.901,-0.683,1.472
1,1,0.0,0.593,0.21,0.654,0.469,0.549,0.582,0.857,0.992,1,1.092,1.275,0.761,0.621,0.77128,1,1,0.671,1.21,0.846,0.993,1.033,0.778,0.368,1,0.481,0.93,0.094,0.582,-0.258,0.576,-0.81383,0.723
0,0.0,0.0,1.487,1.378,0.912,-1,1.254,1.448,-0.962,0.981,0.0,0.0,1.276,0.798,0,0,0.0,0.0,-0.871,0.564,-0.525,0.689,0.923,0.846,1.372,-1.15,1,1,1.088,0.894,1,-0.8,-0.99,1
1,1.366,0.0,0.804,-0.08,1,0.436,1.358,0.048,1,0.20280,1,-1.095,0.76,-0.516,1,-0.095,1.327,0.032,0.797,-0.767,0.712,-0.326,0.755,-1,1.235,-0.58042,1.1,-0.665,0.797,-1.348,1.088,-1.057,1.315,-0.684
0,0.0,0,1.403,-0.655,1.486,0.974,0.733,0.651,1,1,1,1.289,0.952,-0.528,0.751,-0.996,1.14,1.396,1,-1.118,1.034,0.664,0.604,0.657,1,-0.885,1,1.189,1.4,-0.895,0.548,1.168,1.126,-1.19
1,1,0.0,0.962,0.058,0.592,0.203,0.566,0.337,0.644,0.526,0.78801,0.614,0.489,0.526,0.455,0.582,0.434,0.803,0.415,0.414,0.39903,0.628,0.34232,0.631,0.332,1.086,0.211,0.73885,0.09694,0.357,0.035,0.984,-0.028,0.69509
0,0.689,0,0.427,-0.17314,0.673,0.185,0.663,0.475,0.236,0.477,1.354,-0.15194,0.006,0.44523,0.012,0.23,0.137,0.22,0.072,0.36353,0.054,0.401,-0.001,0.163,-0.022,0.19405,-0.058,0.083,-0.059,0.143,-0.067,0.076,-0.037,0.04586
1,1.429,0,0.676,-0.02811,0.65680,-0.065,0.527,0.02811,1.288,0.013,0.599,0.12,0.984,0.107,0.73077,0.076,0.867,-0.27811,0.58,-0.019,1.047,0.08,0.427,-0.18639,0.478,0.034,0.602,-0.075,0.744,-0.297,0.817,-0.193,0.356,0.018
0,0.878,0,0.353,-0.09,0.922,0.038,0.794,0.865,0.365,0.15299,0.563,0.159,0.61567,-0.82090,0.801,0.542,0.988,-0.088,0.46642,-0.066,0.65574,0.162,1.2,0.646,0.596,0.225,0.429,0.207,0.32463,-0.03,0.458,0.118,0.197,0.146
1,0.757,0.0,0.892,0.062,1.15,-0.10566,0.787,0.03,0.387,-0.04528,0.585,0.016,0.806,-0.135,0.79,-0.019,0.726,0.092,0.513,-0.091,1.026,-0.166,0.73962,-0.108,0.84906,-0.188,0.665,-0.05801,0.992,0.02264,0.574,0.042,0.846,0.00755
0,1,0.0,0.893,-0.059,1.254,0.034,0.961,0.72727,0.66364,-0.031,0.552,-0.194,0.81809,0.09559,0.476,0.914,0.338,0.287,0.489,0.078,0.588,-0.358,0.814,-0.557,0.287,0.491,0.512,0.197,0.63,0.08182,0.516,0.195,1.032,1
1,1,0.0,0.336,-0.02,0.40392,0,0.245,0.129,0.476,-0.046,0.38,0.14118,0.503,0.098,0.52549,-0.05490,0.605,0.014,0.751,0.0,0.369,0.062,0.679,0.107,0.257,0.004,0.502,0.069,0.325,0.08,0.635,0.176,0.288,0.17255
0,1,0,0.41932,0.12482,0.24,0.176,0.21,0.244,-0.04,0.422,0.04517,0.185,-0.165,0.431,-0.13350,0.4,0.02727,0.217,-0.271,0.081,-0.203,0.041,-0.157,0.248,-0.088,-0.036,-0.102,-0.037,-1.257,-1.04,-0.027,-0.067,-0.007,-0.035
1,1,0,0.53,-0.226,0.513,0.41,0.896,0.273,0.677,0.05901,0.814,-0.05,0.616,0.136,0.77897,0.222,0.606,0.808,0.514,0.379,0.704,0.139,1,0.367,0.56760,0.721,0.817,0.466,1.035,0.315,0.279,0.917,0.753,0.54185
0,1.303,0.0,0.84557,-0.06,-0.413,-0.705,-0.112,-0.532,0.574,0.039,0.591,-0.008,-0.161,0.603,-0.292,-0.68065,0.85701,-0.097,0.444,-0.193,-0.06959,0.347,-0.486,0.854,0.78932,-0.03718,0.905,-0.293,0.51,-0.195,-0.235,-0.845,-0.18494,-0.697
1,1,0.0,0.70870,-0.173,0.538,0.044,0.45217,0.328,0.531,0.233,0.566,0.195,0.747,-0.158,0.50435,0.246,0.255,-0.269,0.371,-0.356,0.342,0.08,0.675,-0.034,0.36,-0.113,0.719,-0.04264,0.551,-0.059,0.64348,-0.255,0.50435,0.217
0,0.867,0.0,-0.42,0.18,-0.272,0.864,0.52012,-0.192,0.31889,-0.043,0.20743,-0.103,0.64,0.08978,0.731,-0.16,0.194,0.261,0.319,0.04,0.50464,0.074,-0.853,-0.585,1.294,0.515,0.299,-0.466,-0.158,0.11146,0.019,0.403,0.622,-0.08978
1,1,0,0.275,0.195,0.268,0.231,0.51783,-0.003,0.788,0.301,0.52462,-0.18,0.6,-0.059,0.768,0.036,0.972,-0.22411,0.42445,-0.042,0.24,0.056,0.238,-0.20883,0.416,-0.018,0.448,-0.035,0.394,0.05,0.995,-0.027,0.372,-0.032
0,1,0,0.79157,0.109,0.0,0.0,0.347,0.094,0.423,1.271,0.396,0.842,-0.016,0.781,0.35,0.12860,-0.034,0.831,-0.704,0.789,-0.137,0.197,-0.524,0.213,-1.131,0.80710,-0.193,1.007,-1.023,0.962,-1.219,0.105,0,0
1,1,0.0,0.633,0.103,0.99,0.37379,0.623,0.50515,0.54,0.72997,0.417,0.936,0.256,0.957,0.06438,1.077,-0.116,0.673,-0.402,0.79617,-0.618,0.653,-0.668,0.734,-0.816,0.245,-0.442,0.218,-1.021,0.129,-0.805,-0.05525,-0.631,-0.257
1,0.601,0,0.817,0.144,0.82683,0.268,0.913,0.303,0.445,0.728,0.211,1.237,0.10289,0.93945,-0.154,1.086,-0.32020,0.685,-0.296,0.796,-0.794,0.292,-0.816,0.48,-0.943,0.136,-0.548,-0.016,-0.957,-0.19321,-0.368,-0.256,-0.59943,-0.448
0,1,0.0,-0.654,-1.352,0.0,0.0,0.336,-0.764,0.44,0.32899,-1,-0.547,0.0,0.0,0.0,0.0,1.315,-0.171,0.36482,-0.699,0.97068,-1.085,-0.576,-1,0.523,-0.438,-1.168,-1.23,-0.915,-1,0.967,-1.041,0.0,0.0
1,0.907,0,0.515,0.056,0.608,0.03,0.772,0.03793,0.66230,0.099,0.538,0.172,0.451,0.07348,0.74695,0.067,0.666,-0.069,0.829,0,0.922,0.11355,0.728,0.177,0.349,0.131,0.872,0.147,0.564,0.241,0.694,0.117,0.826,0.159
0,1,0.0,1.472,-0.524,0.0,0.0,0.77941,-1.475,0.647,0.609,-0.41912,-0.94853,0,0.0,0.0,0.0,0.424,-0.77206,1.046,-0.663,0.0,0.0,0.157,-1.346,-0.901,-1.123,-0.683,-1.123,0.666,-0.581,0.849,-0.759,0.0,0
1,1,0.0,0.582,0.01709,0.954,-0.037,0.993,-0.03436,0.549,-0.029,1.198,-0.042,1.274,-0.06,1,-0.135,0.778,-0.137,0.714,-0.094,1.275,-0.141,0.723,-0.286,0.86,-0.22083,0.897,-0.221,0.618,-0.17123,1.096,-0.284,1.003,-0.23296
0,0,0.0,0.0,0.0,0.0,0.0,0.0,0.0,0.0,0.0,0.0,0.0,0.0,0.0,0,0,0.0,0,0.0,0.0,0.0,0.0,0.0,0.0,0.0,0,0.677,-0.66,0.0,0,0.0,0.0,0.0,0
1,1.247,0.0,0.95704,-0.172,0.689,-0.116,1.055,-0.13,0.773,0.103,1.012,-0.009,1.126,-0.197,1.235,-0.426,0.659,-0.29,0.5,-0.146,1,-0.36,0.93126,-0.39458,1.372,-0.146,1.168,-0.252,1.096,-0.23728,1.094,-0.31857,0.525,-0.41573
0,1,0.0,0.28409,-0.317,0.0,0,0.353,-0.657,0.39,0.579,0.734,0.061,0.312,-1.094,0.0,0,0.433,-0.535,0.439,-0.80682,0.0,0.0,0,0.0,0.283,0.184,0.548,-0.143,0.049,-0.48485,0.182,-0.37,0.0,0.0
1,1,0.0,1.181,-0.49311,1.426,-0.03692,0.635,-0.705,0.575,1.001,0.637,-0.072,1.126,-0.156,0.692,-0.156,1.369,-0.199,1,-0.103,1,-0.3,1.286,-0.298,0.688,-0.222,0.986,-0.343,1,-0.537,0.651,-0.382,1.189,-0.44739
0,1.077,0,0.0,0.0,0.0,0,0,0.0,0.0,0.0,0.574,0.571,0.0,0.0,0.0,0.0,0.52,-0.994,0.825,-1,0.0,0.0,0.0,0.0,0.0,0.0,0.766,0.136,0.0,0.0,0,0.0,0,0
1,1.377,0.0,1.331,0.008,0.74,-0.11313,0.88237,-0.16431,1.463,-0.077,1.086,-0.068,0.841,0.041,0.87161,-0.108,0.93881,-0.149,1.185,-0.084,0.657,0.0,0.555,-0.065,0.93368,-0.273,1.252,-0.25,1.23,-0.23,1.029,-0.325,1.044,-0.27794
0,0.574,0.0,0.111,0.102,0.0,0.0,0.0,0.0,0.565,0.729,0.31081,0.794,0.0,0.0,0.0,0.0,0.527,-1,0.478,-1.385,0.0,0,0.0,0.0,-0.37,-0.573,1,-1,0.485,-0.268,0,0.0,0.0,0
1,1,0.0,1.486,-0.57224,1.087,-0.634,0.524,-0.647,1.353,-0.412,1,-0.171,0.61,-0.779,0.943,-0.837,1,-1.083,0.443,-1.107,0.676,-1.494,0.636,-0.617,0.707,-0.928,0.621,-0.77986,0.81020,-1.063,0.801,-1.018,0.274,-0.76112
0,1,0.0,0.786,-0.724,0.0,0.0,0.0,0.0,0.454,0.557,1.331,-0.296,0.0,0.0,0.0,0.0,0.62121,-0.341,0.84091,-0.837,1,-0.525,0.0,0,0.0,0.0,1,-0.687,-0.17,-0.838,0.0,0.0,0.0,0
1,0.825,0.0,0.494,0.114,0.947,0.41149,0.799,0.602,0.318,0.491,0.245,1.059,0.248,0.587,-0.027,0.86284,-0.17241,0.391,-0.319,0.601,-0.601,0.56092,-0.60230,0.397,-0.444,0.25747,-0.887,0.08818,-0.572,-0.061,-0.821,-0.208,-0.509,-0.282
0,1,0.0,0.367,-0.611,0.0,0,0.636,-0.631,1.154,1.257,0.43000,0.538,0.0,0.0,0.0,0.0,0.46,-0.276,0.84000,-0.51,0.0,0.0,0.0,0.0,0.21000,0.68000,1.012,0.229,0.0,0.0,0.0,0.0,0.0,0
1,1.17,0.0,1.395,0.227,0.661,0.52013,0.682,0.784,0.379,0.737,0.142,0.91730,0.09467,1.222,-0.212,1.169,-0.309,1.073,-0.51360,0.565,-0.64527,0.577,-0.666,0.341,-0.384,0.022,-0.737,-0.11943,-0.348,-0.296,-0.527,-0.224,-0.271,-0.53319
0,1,0.0,0.988,1.174,-0.52,0.683,-0.39466,0.526,0.05405,0.327,-0.229,-0.09,-0.032,-0.104,0.009,-0.03403,0.01108,-0.006,0.005,0.001,0.0,0.001,-0.0,0.0,-0.0,0.0,-0.0,0.0,0.0,0.0,0.0,0.0,0,0
1,1,0.0,0.21429,-0.09524,0.33333,0.091,0.125,0.193,0.164,0.08,0.461,0.031,0.195,-0.06,0.395,-0.069,0.362,-0.082,0.309,0.065,0.224,0.0,0.174,-0.083,0.35714,-0.04762,0.254,-0.015,0.274,0,0.186,-0.018,0.126,-0.019
0,0.577,0.0,1.167,-0.114,1.132,0.047,0.678,-0.013,0.65574,0.017,0.533,-0.03279,0.72131,0.0,0.533,-0.213,0.266,-0.197,0.848,-0.236,0.542,0.03279,1.161,-0.305,0.294,-0.245,0.378,-0.246,0.32787,-0.039,0.329,-0.65,0.49180,-0.06557
1,1.443,0.0,0.664,0.0,0.876,0.03131,0.624,0.027,0.712,0.0,0.69091,0.04545,1.089,0.08436,0.652,0.09579,0.356,0.275,0.68182,0.191,0.841,0.124,0.595,0.168,1.07,0.334,0.609,0.138,0.344,0.022,0.60715,0.139,0.554,0.117
0,1,0,0.39286,0.666,-0.973,0.143,-0.109,-1.127,0.844,0.01190,1.155,0.556,-0.587,0.426,-0.294,-0.413,0.235,0.095,0.54762,0.036,-0.51830,0.288,-0.658,-0.637,0.344,0.398,0.532,0.478,0.65,0.479,-0.51,-0.29915,0.29,-0.5
1,1,0.0,0.86889,-0.067,0.613,-0.029,0.932,-0.053,0.749,0.003,1.226,-0.091,0.903,-0.094,1.267,-0.20000,0.535,0.071,0.717,-0.039,1.364,-0.11526,1.169,-0.204,0.593,0.03556,0.798,-0.14,1.027,-0.14667,1.15,-0.176,0.622,-0.44222
0,1,0.0,0.555,-0.148,0.337,-0.122,0.219,-0.452,0.34545,-0.033,0.172,-0.05455,0.159,0.338,0.275,-0.318,0.233,-0.012,0.277,0.05455,0.118,0.295,0.826,0.211,0.283,0.16364,0.41098,-0.065,0.291,-0.078,0.133,-0.36364,0.307,-0.165
1,1,0.0,0.515,-0.962,0.568,0.928,0.361,-0.042,0.823,0,1,-0.0,0.45283,0.082,0.62264,-0.055,0.647,-0.001,0.627,0.0,0.581,0.099,1.052,-0.00112,0.641,1.072,1.077,-0.00128,0.543,-1.425,0.506,0.315,0.227,-0.129
0,0.942,0.0,1.034,0.968,-0.42,-0.342,0.282,-0.188,0.621,-0.14286,-0.67285,0.125,0.331,0.0,0.25,-0.037,-0.376,0.51163,0.23810,0.019,0.45238,0.04762,0.178,-0.26190,-0.778,-0.133,0.148,-0.463,1.188,0.0,-0.702,-0.037,0.293,0.019
1,1.324,0,0.43750,0.029,0.443,-0.061,0.533,0.0,0.36,-0.053,0.47917,0.0,0.328,0.127,0.539,0.031,0.43750,-0.182,0.496,-0.22917,0.33333,0.092,0.167,0.11,0.27,-0.162,0.231,-0.084,0.593,-0.124,0.497,-0.181,0.3,-0.06250
0,1.136,0.0,1,1,0.0,0.0,0.0,0,0,0.0,0.578,-0.582,-0.512,0.439,-0.95489,0.177,0.355,0.671,0.0,0.0,0,0.0,0.539,0.118,-1.257,-0.761,0.723,-0.935,0.857,1.152,0.0,0.0,0,0.0
1,0.564,0.0,1.379,0.084,0.929,0.129,0.792,0.266,0.927,-0.338,1.336,0.49,0.607,0.465,0.498,0.303,0.66145,0.40844,0.918,0.59862,0.734,0.44088,0.518,0.294,0.601,0.44199,0.291,0.386,0.474,0.576,0.203,0.39620,0.214,0.37191
0,1.372,0.0,0.805,0.40332,0.82809,0.885,1.064,0.534,0.426,-0.10984,1.321,0.061,0.885,-0.85727,0.91962,1.093,0.763,-0.057,1.089,0.244,0.785,-0.762,0.575,-0.933,0.234,-0.214,1.254,0.156,0.893,0.519,0.87757,1.065,1.12,0.68822
1,1.486,0.0,0.95882,0.076,1,-0.01,0.79,0.02555,0.868,-0.116,0.523,-0.016,0.643,-0.03096,0.601,-0.075,1,-0.05179,1.07,0.01,1.009,-0.064,0.932,-0.052,0.81,-0.199,0.95677,-0.07,1.063,0.016,1.289,-0.072,0.511,-0.051
0,1,0.0,0.0,0,-0.377,0.85388,0.0,0.0,0.494,-0.503,1.001,0.354,-0.379,-0.829,-0.422,0.898,1.06,0.16391,0.0,0.0,0,0.0,-0.18043,-1.402,0.0,0.0,0.639,-1.189,0.0,0.0,0.044,0.581,0.0,0
1,1,0.0,0.668,0.00876,0.626,0.012,0.799,-0.004,0.903,-0.02844,0.99820,-0.048,0.631,-0.01,0.845,-0.029,1,-0.01175,0.915,0.0,1.381,-0.034,0.571,-0.07,0.567,-0.033,0.811,-0.047,0.97020,-0.035,0.677,-0.029,0.627,-0.044
0,1,0.0,0.0,0.0,0.98919,-0.166,0.116,-0.065,0.0,0.0,0.881,0.099,1.126,-0.183,1.476,0.07027,1.339,-0.148,0,0.0,1.375,-0.296,1.229,-0.534,0.0,0,1.147,-0.234,0.0,0.0,1,-0.359,0.365,-0.15676
1,1,0.0,0.907,0.012,0.34146,-0.021,0.761,0.028,0.112,0.134,0.447,0.07,0.249,0.028,0.29268,0,0.292,0.0,0.439,0.064,0.26829,0.102,0.155,0.072,0.194,0.085,0.235,0.05641,0.221,0.056,0.269,0.0,0.2,0.07317
0,1.149,0,0.801,0.946,0.902,-0.865,0,0,0.0,0,1.141,0.969,1.244,-1,1.455,1.419,1.353,-0.824,0.0,0.0,0.0,0.0,0.7,-0.25,0.0,0.0,1.105,-1,1.096,1.063,1.494,-0.736,0.0,0
1,1,0,0.232,0.306,0.576,0.258,0.421,0.154,0.451,0.44898,0.30612,0.583,0.141,0.307,0.0,0.3,-0.06122,0.366,-0.169,0.29,-0.239,0.404,-0.384,0.377,-0.72,0.22449,-0.341,0.14895,-0.782,0.187,-0.414,0.0,-0.395,-0.19
0,1.496,0.0,0.0,0.0,0.673,-1.407,0,0.0,0.0,0.0,1,0.881,0.969,-0.253,0.935,0.31,1,-0.572,0.0,0.0,0.0,0,1.263,1.042,0.0,0.0,0.501,-1.078,0.0,0.0,1.189,-1,0,0
1,1.09,0.0,0.89706,0.49,0.913,0.471,0.74265,0.349,0.383,0.409,0.121,0.518,-0.012,0.649,-0.131,0.743,-0.258,0.545,-0.5,0.497,-1.036,0.261,-0.67,0.091,-0.74265,-0.109,-0.913,-0.181,-0.526,-0.42647,-0.44118,-0.413,-0.28676,-0.489
0,1,0.0,-0.504,0.15,0.22222,0.21,-0.547,-0.621,-0.298,0.623,-1,1,-0.715,0.357,-1.011,-0.037,-0.709,-0.423,-0.60131,-0.59,-0.047,-0.75,1.1,-0.94118,-0.899,-0.221,0.592,0.09176,-1.385,0.061,0.237,0.024,-0.453,-0.488
1,1,0,0.347,-0.10000,0.563,0,0.237,-0.13333,0.506,0.168,0.496,0.02,0.47,0.08333,0.996,-0.078,0.286,0.108,0.271,-0.022,0.216,0.204,0.674,0.0,0.214,0.088,0.322,0.047,0.24,0.031,0.582,0.036,0.364,-0.05000
0,1,0,-0.341,0.546,-0.253,0.083,-0.116,-0.04444,0.064,-0.059,0.029,0.03,-0.01,0.02726,-0.021,-0.002,-0.001,-0.011,0.004,-0.001,0.001,0.002,-0.001,0.00102,-0.001,-0.001,0.00019,-0.00043,0.0,0.0,0.0,0.0,-0.0,0.0
1,1.181,0,1,-0.556,0.374,0.351,0.868,-0.252,1.009,0.214,0.949,-0.343,0.485,0,0.722,-0.056,0.203,-0.297,0.556,-0.163,0.754,0.05405,0.981,0.183,0.25,-0.29730,0.61031,-0.16,0.58478,-0.145,0.573,-0.769,0.535,-0.286
0,1,0.0,1.364,-0.053,-1,-0.226,-1.039,-0.01563,1.158,0.012,0.88,-0.018,-0.988,0.204,-0.807,-0.005,0.687,-0.031,0.92188,-0.02734,-1.425,0.069,-0.722,0.252,0.656,-0.003,0.466,0.119,0.90234,-0.056,-0.914,-0.159,-0.511,-0.34375
1,1,0.0,0.581,0.014,1.318,-0.018,0.93526,0.007,1.221,-0.014,0.847,0.00520,0.889,-0.03064,1.161,-0.005,1.366,-0.033,0.99769,0.012,0.613,-0.073,0.93815,-0.027,1.228,-0.051,1.223,-0.015,1.043,0.011,1.033,-0.029,1.315,0.00809
0,1,0.0,1,-0.05529,1,-0.615,0.598,-0.078,0.36111,-0.138,0.77,-0.296,0.233,-0.139,1.29,-0.46,1.468,-0.385,0.941,-0.483,0.0,-0.256,1.267,-0.55,1.032,-0.17,0.853,-0.57092,0.932,-0.372,1.386,-0.63156,0.815,-0.93
1,1.163,0,0.176,-0.093,0.291,-0.06,0.175,-0.055,0.106,-0.045,0.03649,-0.03689,0.018,-0.022,0.005,-0.01,0.003,-0.007,0.001,-0.00523,-0.0,-0.00299,-0.0,-0.002,-0.0,-0.001,-0.0,-0.0,-0.0,-0.0,-0.0,-0.0,-0.00008,-0.00006
0,1,0.0,0.849,-0.079,0.465,0,0.672,-0.085,0.318,-0.11765,0.68627,-0.122,0.66667,-0.091,0.47,-0.121,0.652,-0.156,0.359,-0.307,0.687,-0.147,0.343,-0.203,0.236,-0.186,0.577,-0.229,0.56863,-0.31373,0.317,-0.284,0.537,-0.265
1,1.359,0.0,0.25000,0.16667,0.243,0.353,0.19036,0.344,0.109,0.19939,0.014,0.141,-0.021,0.058,-0.049,0.087,-0.055,0.03458,-0.036,0.008,-0.02,0.002,-0.02,-0.002,-0.009,-0.006,-0.005,-0.005,-0.003,-0.003,-0.00089,-0.004,0.0,-0.00291
0,1.402,0.0,-0.7,0.091,0.053,0.0,0,0.06250,0.62500,0.07,0.184,0.0,-0.035,0.084,0.042,0.0,0.175,-0.15625,0.579,-0.552,0.0,-0.09375,0,0.0,0.038,-0.268,0.024,0.0,-0.377,0.026,-0.031,0.0,0.0,0.09375
1,1,0.0,0.549,-0.013,0.964,-0.03,0.621,-0.083,0.95135,-0.01622,0.716,-0.048,0.98919,0.063,0.761,-0.083,0.89,0.074,0.97838,-0.005,0.589,0.052,1.152,0.029,0.97838,0.08,0.979,0.009,1,-0.028,0.582,0.032,0.569,-0.042
0,1,0,1.072,0.05426,0.894,0.093,0.677,1.388,1.167,-0.005,0.439,0.042,0.576,0.393,0.992,0.962,1.102,0.036,0.90698,0.173,1,0.502,1.378,-0.846,0.893,0.022,1.136,0.71613,0.675,0.06977,0.981,0.757,0.66,1.487
1,1.228,0,1.134,-0.018,0.76,0.064,0.912,0.01604,0.93048,0.004,1.261,-0.022,0.923,0.0,0.798,0.044,1.1,0.068,0.995,0.058,1.322,0.017,1.077,-0.013,0.96257,0.07,0.96974,0.04452,0.87701,0.013,0.712,0.122,0.65,0.033
0,1.4,0.0,-0.181,0.297,0.121,0.066,0.375,0.211,0.479,0.35000,0.218,-0.395,0.088,0.225,-0.118,0.25,-0.064,0.23500,-0.237,0.313,-0.48000,-0.044,0.24,0.466,-0.58000,-0.305,0.288,-0.347,-0.284,0.18500,-0.178,-0.31228,0.304,0.03050
1,1.247,0.0,0.838,0.03333,0.74,0.06667,0.722,0.034,0.502,0,0.319,0.0,1.197,0,0.917,0.0,0.69,0.104,0.913,0.065,0.504,-0.03333,0.863,0.0,0.407,0.099,0.743,0.114,0.714,0.13333,0.773,0.156,0.903,0.16667
0,0.81,0.0,0.075,-0.006,0.095,0.012,0.0,-0.01117,0.005,-0.029,0.01676,-0.052,-0.003,0.034,0.087,-0.046,0.0,0.053,-0.06425,0.07542,-0.03,0.02514,0.02,-0.006,0.006,0.007,0.111,-0.00838,0.029,-0.002,0.037,0,0.027,-0.023
1,1.403,0.0,0.774,0.384,0.981,0.922,0.301,1.013,0.008,0.89109,-0.319,1.152,-0.437,0.507,-0.871,0.394,-0.996,0.087,-0.478,-0.22,-0.726,-0.44000,-0.446,-0.55089,-0.025,-0.64792,0.16085,-0.776,0.489,-0.248,0.601,-0.333,0.50376,-0.05980
0,1.415,0.0,0.056,0.013,-0.02586,0.036,0.01437,0.037,-0.098,0.01,0.017,-0.095,-0.033,0.025,-0.08333,-0.05,-0.098,0.11,-0.058,0.027,0.02011,0.02299,-0.055,-0.01,0.027,-0.011,0.005,0.021,0.036,0.014,0.036,0.01149,-0.04,-0.00575
1,0.969,0.0,1.082,-0.013,0.881,0.013,0.726,0.003,0.664,0.015,0.742,-0.00985,0.951,0.047,0.85123,0.014,0.80099,-0.009,0.583,-0.02956,0.807,0.03350,1.061,0.05,0.988,-0.013,0.736,0.004,0.519,-0.029,1.122,0.02956,1.118,0.00788
0,1.344,0,0.04,0.021,0.00428,0.0,0.019,-0.01,0.032,-0.06,-0.044,-0.01284,0.011,-0.02282,0.0,-0.024,-0.04708,-0.033,-0.02,0.021,0.028,0.004,0.043,-0.02282,0.034,0.012,0.047,0.023,0.015,0.009,-0.029,-0.015,-0.01427,0.016
1,0.783,0,0.491,0.22751,0.42328,0.325,0.172,0.47619,0.022,0.534,-0.013,0.53968,-0.201,0.214,-0.581,0.375,-0.604,0.082,-0.499,-0.115,-0.135,-0.182,-0.122,-0.38095,-0.23280,0.002,0.02,-0.412,0.211,-0.203,0.142,-0.307,0.375,0.021
0,1,0.0,0.13,0.00686,0.133,-0.043,0.095,-0.104,0.169,-0.06178,0.188,-0.011,0.12357,0.068,0.123,-0.074,0.185,-0.062,0.128,0.05,0.08,0.0,0.11213,-0.003,0.118,-0.10297,0.088,0.007,0.158,-0.039,0.078,-0.065,0.11670,-0.036
1,1,0.0,0.914,0.337,0.445,0.64534,0.276,0.907,-0.775,0.64899,-0.586,0.304,-0.76051,0.0,-0.634,-0.281,-0.278,-0.319,-0.115,-0.782,0.377,-0.63620,0.779,-0.487,0.73857,-0.056,0.379,0.163,0.399,0.636,0.032,0.54479,-0.11,0.518
0,1.302,0.0,0.014,0.009,0.059,-0.009,0.029,0.014,0.006,0.038,0.003,0.001,0.019,-0.02,-0.021,0.033,-0.042,0.014,-0.017,-0.005,0.038,-0.02539,0.01834,0.0,0,-0.008,0.016,-0.011,0.008,-0.015,-0.01693,-0.02398,0.00705,0
1,0.883,0.0,0.993,0.001,1.18,-0.053,0.798,-0.04182,0.922,0.115,0.86258,0.154,0.88051,-0.084,0.78342,0.03510,0.83719,-0.069,0.585,-0.156,1.168,0.01,0.622,0.015,0.908,-0.028,1.052,-0.032,1.026,-0.091,0.742,-0.013,0.515,-0.09186
0,1,0,1,-0.775,1.469,1,-0.63,1.182,1,-1.268,0.722,-0.814,-1.212,-1.294,-1,1.132,1.297,1.351,1.181,1.041,-1,1.151,0.92,-1.375,1.167,-0.625,0.712,0.685,1.337,0.577,-0.785,1.161,-1.032,0.949
1,1.029,0.0,0.584,0.387,0.301,0.76432,0.104,0.98903,-0.271,0.88744,-1.092,0.49980,-0.964,0.073,-0.725,-0.369,-0.822,-0.592,-0.277,-1.029,0.281,-0.65,0.968,-0.333,0.792,-0.169,0.622,0.164,0.37830,0.734,0.289,0.66315,-0.081,0.64933
0,0.817,0.0,0.676,1,1.213,0.497,0.71,-0.918,1.251,1.23,0.036,0.029,0.544,1,0.0,0.0,0.532,-1.463,1.194,0.916,1.153,1.225,0.326,0.813,1.455,1.058,1,0.581,1.04,1,-0.94375,1,0,0.0
1,0.826,0.0,1.229,0.54902,0.437,1,0.022,1.128,-0.719,1.335,-1.096,0.58824,-0.631,0.11765,-0.827,-0.356,-0.45,-0.879,-0.23529,-1.233,0.393,-0.503,0.641,-0.72549,0.541,-0.122,0.983,0.21876,0.678,0.548,0.291,1.327,-0.15,0.847
0,1,0.0,0.0,0.0,-0.73,-1.192,-1.1,0.585,0,0.0,-0.533,1,1.176,1.246,0.677,-1.057,0.0,0.0,0.0,0.0,-1,-1.195,-1.349,1.134,0.715,0.35,1.209,-0.503,0.0,0,-1,-0.883,-0.823,1
1,1,0.0,0.337,0.44444,0.483,0.90763,-0.149,1.146,-0.33333,0.88889,-1.341,0.404,-0.976,-0.119,-0.515,-0.285,-0.844,-1.024,0.662,-0.634,-0.145,-0.904,1.139,-0.273,0.271,0.0,0.682,0.565,0.589,0.798,0.325,1.466,-0.55556,1
0,0,0,0.0,0.0,0.0,0.0,0.0,0.0,0.0,0.0,0.0,0.0,0.0,0.0,0.0,0.0,0.0,0.0,0.0,0.0,0.0,0.0,0,0,0.0,0.0,0.625,0.0,0,0.0,0.0,0,0,0.0
1,1.437,0.0,1.126,0,1.306,0.0,0.683,0.524,0.869,0.0,0.919,0.1,0.958,0.14210,0.546,0.16228,0.75000,0.187,0.535,0.5,0.75000,0.0,0.833,-0.347,0.328,0.525,0.732,0.338,0.864,0.134,0.69635,0.199,0.408,0.317
0,0.0,0,-1,1.459,0.682,1,0.0,0,1.131,-0.699,0.695,-1,1.07,-1,-0.523,-0.702,0.0,0.0,-1.423,-1.082,0.0,0.0,0.0,0.0,-1.443,-1.31,1.376,-0.725,1.039,0.976,-1.092,-1,0.0,0.0
1,1,0.0,1,0,1.447,0.0,0.952,0.125,1.25,-0.14,0.636,-0.11111,0.955,-0.204,0.506,0.0,0.77778,0.0,1.275,-0.143,0.806,-0.066,0.66667,-0.11111,0.57,0.0,0.504,-0.072,0.789,0.081,1.022,-0.157,1.074,0.0
0,0.0,0.0,0.0,0.0,0.0,0.0,0.0,0.0,0.0,0.0,0.0,0.0,-1.116,-1.214,0.0,0.0,0.54,0.75000,0,0.0,0,0,-1.218,1,0.0,0.0,1.173,-1.225,-1,-1.268,0.936,0.658,0.0,0
1,1.486,0,1,0.375,0.943,-0.371,1,0.07,0.91,-0.062,1.383,0.0,1.127,-0.156,0.652,-0.18182,0.728,0.09091,0.836,0.0,1.104,-0.222,1.227,0.106,1.457,-0.071,0.914,-0.034,0.84,0.45455,0.764,-0.27273,1.253,-0.228
0,1.195,0.0,0.569,-0.594,0.0,0,0.0,0.0,0.34470,0.375,0.316,0.234,-0.109,0.578,0.444,0.4,-0.616,0.306,0.177,-0.079,0.011,-0.385,-0.525,0.17803,0.29167,-0.27273,0.25758,-0.382,0.613,0.237,0.18182,-0.021,0.093,-0.21
1,1,0.0,1.157,0.085,0.516,0.159,0.813,0.41176,0.944,0.037,0.865,0.23529,0.637,0.08,1.181,0.245,1.12,-0.031,1,-0.07,1.259,0.294,1.167,0.577,1.277,-0.085,0.748,0.158,1.229,0.033,0.756,0.35294,1,0.23529
0,1,0.0,0.0,0.0,-1,-0.62766,1.238,0.711,0.054,-0.15,-0.709,-0.29,0.12766,-0.498,0.801,-0.692,0,0.0,0.507,-0.048,-0.345,0.911,0.128,-0.731,0.0,0.0,-0.178,-0.46809,-0.22340,-0.44,1.051,0.951,-0.483,0.241
1,1,0.0,0.91667,0.369,0.83333,-0.214,0.414,0.268,0.537,-0.1,1.176,0.047,0.83,0.12500,0.859,0.0,0.812,0.025,1.293,0.054,0.546,-0.051,1.083,0.105,0.824,-0.12500,0.567,0.041,0.613,0.271,1.017,0.0,0.70833,0.04167
0,1,0.0,0.18590,-0.203,0.0,0.0,0.0,0.0,0.0,0.0,0.0,0.0,0.095,-0.284,0,0.0,0.0,0.0,0.0,0.0,0.0,0.0,-0.05,-0.06571,0.07853,0.121,0.241,-0.10897,0.11,0.135,0.02564,-0.024,0.152,0.291
1,1,0.0,1.406,-0.08183,1.167,-0.145,0.89,-0.277,0.903,-0.344,0.902,-0.244,1.046,-0.519,0.91904,-0.268,0.894,-0.585,0.68131,-0.63544,0.427,-1.082,0.643,-1.037,0.569,-0.535,0.48757,-0.565,0.312,-1.091,0.333,-0.792,0.29221,-0.65
0,1.094,0.0,1,1,-0.762,1.221,-1,-0.664,0.324,0.127,0.262,0.059,0.22807,0.047,0.369,0.458,0.887,-0.039,0.236,0.53070,0.0,0.0,-0.398,-0.16228,0.733,-0.458,1.002,-0.85,0.633,-0.326,0.35088,0.135,0.678,0.088
1,1.271,0,1.468,0.34,0.99815,0.006,0.75,-0.335,0.563,-0.289,0.70643,-0.241,0.446,-0.418,0.71492,-0.342,0.6,-0.312,0.492,-0.506,0.808,-0.284,0.345,-0.439,0.23966,-0.52142,0.433,-0.643,0.168,-0.322,0.144,-0.298,0.098,-0.46603
0,0,0,-0.555,1.342,1.051,-0.595,0.0,0.0,0.0,0,1.116,-0.589,1,0.812,0.0,0.0,0.793,-0.739,0.0,0.0,0.0,0,0.843,0.734,-0.848,1.044,1.065,-0.712,-1,0.898,-1,-1.493,0.0,0.0
1,1.024,0.0,0.92247,-0.275,0.505,-0.17674,0.87024,-0.328,1.222,-0.372,0.633,-0.356,0.666,-0.466,0.341,-0.658,0.412,-0.917,0.314,-0.444,0.398,-0.766,0.341,-0.464,0.14750,-0.651,0.108,-0.543,-0.062,-0.643,-0.01840,-0.54074,-0.096,-0.47898
0,1.305,0.0,-0.764,-0.972,-0.54,1,0.737,-1.292,1,0.453,0.0,0,0.264,-1.445,0.525,1,0.0,0.0,0.561,0.755,1,0.657,0.0,0.0,-0.504,0.506,0.32,-1.071,1,-1.232,0.69792,-0.79,0.462,0.716
1,0.931,0.0,0.721,0.427,0.597,0.94,0.063,0.93460,-0.323,0.88186,-0.72363,0.61181,-0.618,0.228,-1.155,-0.242,-0.62869,-0.825,-0.281,-0.728,0.16245,-0.512,0.339,-0.907,0.48,-0.394,0.77,0.09,0.64135,0.449,0.418,0.674,-0.004,0.837
0,1.309,0.0,1.076,0.538,0.0,0.0,0.652,-1.146,-1.259,-1,1.195,1.401,1,-0.932,0,0.0,1.273,-1.356,1,0.894,0.0,0.0,1.018,-1,-0.768,-0.514,1,1.348,-1.376,1.097,-0.798,1.008,0.0,0
1,1.058,0,0.581,0.661,0.544,0.916,0.405,1.251,-0.288,1.23,-1,0.676,0.0,0.969,-1.213,0.636,-1.07,0,-0.532,-0.542,-1,-1.105,-1.375,-0.379,-0.384,-1.455,0.19235,-1,0.604,-1,0.0,-1.432,1.042,-0.616
0,0.0,0.0,-1,1,-0.86,-0.826,0.0,0.0,-1.43,1.229,0.631,-1.128,-1.281,-1.471,-1.449,0.963,0.0,0.0,-1.399,-1,-1,1.144,0.0,0.0,0.935,-0.918,0.695,0.939,0.567,-1,1,1,0.0,0.0
1,1.195,0.0,1.125,0.064,1,0.152,0.533,0.251,1.1,-0.065,1.477,0.288,1,0.562,1.057,0.521,-0.254,0.696,1.176,0,0.585,0.737,1.192,1,1,1,0.823,1.115,1.209,0.312,1.485,1,0.992,1.375
0,0.0,0.0,-1.255,-1.465,0.0,0.0,0.0,0,0,0.0,0,0.0,0.0,0.0,1.162,-0.9,0.0,0.0,-1,-0.946,0.0,0.0,1.464,0.634,1,-1.191,1.341,-1,0.0,0.0,0.0,0.0,0.0,0
1,1.196,0,0.687,-0.04,0.532,-0.119,-0.138,-0.21384,0.295,0.041,0.38096,-0.334,0.28931,-0.304,0.022,-0.257,0.132,-0.412,0.137,-0.208,0.09513,-0.233,0.069,-0.26795,0.034,-0.175,-0.0,-0.23210,-0.026,-0.272,-0.036,-0.282,0.01,-0.288
0,1,0.0,0.0,0.0,0.0,0,0.0,0.0,0.0,0.0,1.05,-0.359,0.118,0.273,0.0,0,0.0,0.0,0.0,0.0,-0.229,-0.246,-0.119,0.90625,-0.833,0.5,0.024,0.864,-0.129,-1,-0.079,-0.178,-0.199,-0.93750
1,1.092,0.0,1,0.075,1.23,0.071,0.697,0.203,1.424,-0.16,0.66026,0.286,0.549,0.206,0.79,0.27380,0.792,0.375,0.369,0.29304,0.272,0.204,0.568,0.322,0.39023,0.294,0.32930,0.249,0.27381,0.164,0.319,0.205,0.261,0.12
0,0.605,0.0,0.955,-0.13,-1.037,-0.802,-1,-1.15,1.045,0.31746,1.066,0.454,-1.447,-1.288,-1,1.127,0.669,1.064,0.651,1.039,0.68839,-0.611,-0.715,-0.731,1.057,0.392,0.854,1,1.25,0.50794,-1.44,-0.257,-0.916,0.72831
1,1.263,0.0,1.225,-0.00190,0.497,0.526,0.92314,-0.551,1.141,0.226,0.821,0.061,0.99676,0.08172,1.112,0.051,0.955,-0.348,1.01,-0.136,0.559,0.165,0.405,-0.03641,0.944,-0.016,0.588,-0.032,0.98544,0.076,1.118,-0.1,1.007,-0.14725
0,0.817,0.0,1.104,-1.486,0.728,0.84,1.064,1.256,1,-0.343,1.457,1.138,0.836,1,1,0.772,0.0,0.0,1.253,0.784,1.268,0.91,0.695,-0.61,1,0.719,1.383,0.767,0.764,-0.845,-0.75000,1,0.825,1
1,1,0,0.916,0.211,1.436,-0.958,0.535,-0.119,0.978,0.078,0.943,0.26,0.583,-0.067,1.114,0.048,1.153,-0.241,0.83584,-0.088,0.97400,0.049,0.714,0.09242,0.911,-0.009,1.404,-0.03,0.91165,0.021,0.917,-0.127,0.485,-0.11717
0,1,0.0,0.21,-1,-0.674,-1.277,-0.091,0.78,0.726,0.49,0.475,-0.242,-1,-0.545,-0.073,0.521,0.253,0.521,0.31755,-0.223,-0.171,-0.236,-0.11976,0.06,0.025,0.093,0.039,-0.007,-0.00403,-0.01672,-0.011,0.001,0.0,0.002
1,1,0.0,0.599,0.38265,1.125,-0.175,1.238,-0.069,0.734,-0.086,0.79,0.20663,0.722,0.017,1.033,0.018,0.611,-0.13074,1.107,0.044,0.526,0.003,0.625,0.30804,0.638,-0.093,0.565,-0.003,0.75638,0.058,0.802,-0.127,1.38,-0.05740
0,0.0,0.0,0.0,0,0.0,0.0,0,0.0,0.0,0,0.0,0,0.996,1,0.605,0.928,0.677,-0.648,0.0,0.0,0.709,1.131,1.293,-0.63,0.931,1.283,1.212,0,1.204,0.988,0.911,-1,0.0,0.0
1,1,0.0,0.905,-0.251,0.862,-0.303,0.994,-0.178,1,-0.426,1.381,-0.49057,1.111,-0.228,0.464,-0.755,0.783,-0.58019,0.801,-0.806,0.756,-0.70975,0.43,-0.942,0.678,-0.73333,0.293,-0.816,0.17,-0.654,0.146,-0.805,0.13994,-0.853
0,1,0.0,0.0,0.0,0,0.0,0.0,0.0,-1.179,-1.381,0,0.0,0.903,-0.982,0,0.0,-0.827,-1.167,-0.725,-0.934,1.489,-0.556,-0.625,-0.555,0.849,1.3,-1.382,-0.165,1.223,-0.929,0,1,0.0,0
1,1.218,0.0,1,0.09091,0.727,-0.085,0.844,0.0,1.326,0.0,1.166,0.0,1,0.037,1.224,-0.04545,0.835,0.0,1.22,0.0,0.846,0.094,0.77273,0.055,0.755,0.061,0.91541,0.016,1.003,0.073,0.86364,-0.1,0.593,0.039
0,0.0,0.0,0,0,-1.484,0.58,1,1.499,-1.413,-0.823,0.0,0.0,-0.626,-0.51,-0.649,-0.397,-1,-0.532,1.23,-1.344,1,-0.733,0.0,0.0,1,-0.919,-1.119,-0.92,0.0,0.0,1.0,-1,0.0,0.0
1,0.589,0.0,0.91176,-0.053,1.02,0.223,0.604,0.107,0.91176,-0.024,1.125,-0.124,1.407,0.14706,0.908,0.044,1.324,0.0,1,0.0,0.799,0.084,0.88235,0.041,0.766,0.031,0.684,0.029,0.799,-0.11765,1.235,0.058,1.223,0.05882
0,1,0.0,-1.106,1.17,-0.798,0.08,0.424,0.538,-1.287,1.233,-1,-1.317,0.553,1.295,-1,-0.221,0.244,-0.911,1.45,1,-0.444,-0.947,-1.297,-0.984,0.778,-1.159,-1.019,-0.03578,1.373,-1,-1.155,-0.199,0.083,1
1,1,0.0,0.504,-0.067,0.923,0.01756,0.851,0.025,0.358,-0.056,0.482,0.0,0.776,0.065,0.515,0.032,0.84211,0.239,1,0.051,0.72550,0.056,0.994,0.062,0.549,0.163,0.67,0.13,0.635,-0.245,0.316,0.117,0.57418,0.09719
0,0.85,0.0,-0.00641,-0.428,0.0,0.0,-0.022,0.658,0,0.0,0.0,0,0.0,0.0,0,0.0,0.0,0.0,0.264,0.92949,-0.35256,1.008,-0.222,-0.794,0.0,0.0,-0.839,-0.439,0.0,0.0,0.0,0.0,0.0,0
1,1.049,0.0,1.376,0.45455,0.652,0.465,0.81818,0.892,0.798,-0.09091,1.097,0.0,0.938,-0.45455,0.833,0.27273,1.076,-0.813,0.514,-0.268,0.762,-0.588,1.331,0.084,1.348,-0.109,0.538,0.079,0.599,0.36364,1,0.81,0.986,0.278
0,0,0.0,-1.259,-0.676,0.916,-1.225,-1.136,1,0.0,0.0,0.544,-0.924,1.213,-0.969,0.0,0.0,0.0,0.0,0.0,0.0,-0.581,1.153,1,-1,-1.058,0.863,1.455,0.532,0.0,0,0.768,0.5,0.0,0
1,0.826,0.0,0.605,0.063,0.32,0.09091,0.312,0.18182,0.718,0.0,0.229,-0.09091,0.65,-0.133,0.506,-0.011,0.786,-0.18182,0.45455,0.0,0.313,-0.085,0.27273,0.103,0.447,-0.133,0.34442,-0.018,0.25,0.0,0.466,0.0,0.37,-0.019
0,1.1,0.0,-0.992,-0.349,0,0.0,-1.147,0.517,-0.769,1,0,0.0,0.0,0.0,0.0,0.0,0,0,0.0,0.0,-1.246,-1,0.0,0.0,0.356,0.25,0.533,0.607,0,0.0,0.0,0.0,0.0,0.0
1,0.634,0.0,1.228,0.209,1.025,0.697,1,0.864,1,-0.108,1.255,-0.193,0.671,0.02534,1.283,0,0.52,-0.167,0.503,0.041,1,-0.358,1.465,0.0,0.424,-0.147,1.191,0.035,0.9,0.068,1.477,0.57143,1.341,0
0,0.0,0.0,1.06,0.854,1.008,-0.914,1.054,1,1.124,0.766,1.358,1,0.717,-0.946,1,1.162,0.824,-0.95,1.196,-1.269,1,0.902,0.695,1.266,1.399,-0.508,0.99,0.769,1.05,0.651,1,0.74,1,1
1,1,0.0,0.489,0.675,0.369,1.053,0.144,0.998,-0.38033,0.87,-0.73939,0.329,-0.967,0.226,-0.461,-0.24942,-0.495,-0.338,-0.151,-0.892,0.199,-0.588,0.338,-0.41,0.575,-0.286,0.778,0.156,0.372,0.329,0.25974,0.56573,-0.063,0.57552
0,0.0,0.0,1.423,-1.131,0.96,1,1,-1.306,1.247,1.292,0.605,-1,1.459,-1,0.976,-1,1,1,1.082,1.491,1.376,1.092,0.519,-0.619,0.699,1.049,0.815,1.186,0.682,0.702,0.627,0.725,1.158,-1.366
1,1,0.0,1.044,0.043,0.955,0.169,0.86098,0.19791,0.89,0.221,0.577,0.512,0.76221,0.522,0.525,0.413,0.87,0.378,0.371,0.34,0.599,0.54212,0.613,0.787,0.437,0.691,0.368,0.331,0.22307,0.615,0.15,0.274,0.11573,0.374
0,0.0,0.0,1.037,0.658,0.853,-0.996,0.54,-0.631,1.116,1.129,0.0,0,0.936,-0.812,0.0,0,0.0,0.0,0.0,0.0,-1.397,0.818,1.173,1,0.0,0.0,1.218,1,0.0,0,-1,-1.427,0,0.0
1,0.686,0.0,0.786,0.083,0.723,0.145,0.85705,0.428,1.151,0.549,0.888,0.784,0.97,0.845,0.389,0.511,0.523,0.82742,0.272,0.85952,0.13712,0.671,0.00494,1.126,-0.053,0.79780,-0.239,0.902,-0.241,0.584,-0.483,0.632,-0.396,0.55835
0,0.0,0.0,1,-1.272,-0.91,1.459,-1.145,0.928,0.911,1.383,0.547,1,-0.721,-0.934,-0.825,-0.717,0.943,1,0.917,-0.977,-1.114,-0.503,-0.916,-0.914,1,0.0,1.436,-1,0.978,-1.302,-1,0.663,-1.22,1
1,1.402,0.0,0.609,0.13069,0.863,0.24323,0.504,0.19038,0.197,0.545,0.523,0.296,0.25000,0.297,0.172,0.467,0.11,0.268,-0.066,0.57500,-0.03462,0.42885,-0.126,0.25,-0.089,0.227,-0.226,0.24,-0.206,0.377,-0.166,0.142,-0.124,0.259
0,0.0,0.0,0.739,-0.677,1.12,1,1,-0.716,0.692,1.052,0.748,-0.526,0.802,0.801,1,-1.033,0.813,-1.157,1,1.392,0.607,1,1.229,-1.159,1,-0.642,1.411,-0.843,0.899,0.724,1.38,-1,1.125,1.238
1,1.3,0.0,0.868,0.13082,0.94120,0.186,0.88783,0.209,0.89009,0.396,0.606,0.274,0.673,0.428,0.842,0.332,0.583,0.966,0.285,0.891,0.437,0.881,0.35289,0.568,0.2,0.862,0.216,0.78541,0.074,0.733,-0.043,0.495,-0.06,0.74242
0,0.0,0,0.0,0.0,1.079,0.789,0.0,0.0,1,1,0.0,0.0,1.283,-0.882,0.0,0.0,0.0,0,0.0,0.0,0,0.0,0.0,0.0,0,0.0,1,-0.608,0.0,0.0,-0.614,1.104,0.0,0.0
1,1,0.0,0.92308,0.133,0.807,0.212,0.929,0.508,0.392,0.56830,0.534,0.653,0.391,1.112,0.44,0.607,0.234,0.69,0.04,0.76171,-0.099,0.686,-0.194,0.7,-0.212,0.915,-0.38798,0.58553,-0.26,0.585,-0.439,0.563,-0.79,0.35095
0,0,0.0,0.0,0.0,1.3,0.534,0.83,1.221,0.0,0.0,0.0,0.0,-0.687,-0.762,0,0.0,-0.67,-0.85,0.0,0.0,0.0,0.0,0.938,1.321,0.0,0.0,1,1,0,0.0,-0.98,1,0.0,0
1,0.949,0.0,0.88804,0.38138,0.968,0.694,0.437,0.87892,-0.041,0.523,-0.211,1.069,-0.594,0.618,-0.871,0.361,-0.791,-0.068,-0.931,-0.194,-0.429,-0.575,-0.216,-0.465,0.09562,-0.447,0.34,-0.48392,0.22,-0.29838,0.579,-0.13,0.274,0.12556
0,0.0,0.0,1.324,-0.734,0.843,1,0.812,1.044,1.387,1,0.988,0.848,0.701,-1.065,0.739,1.215,0.589,1.122,1.45,-1,1,-1.159,1,-0.793,0.595,-1.266,1.413,1,1.116,-0.934,1,0.898,1.051,1.271
1,1,0.0,0.572,-0.573,1.039,0.098,0.872,0.196,0.763,0.07,1,0.21225,0.947,0.28954,0.651,0.38,0.267,0.224,0.458,-0.02845,0.3,0.235,0.484,0.433,1.371,0.667,0.517,0.474,0.12473,0.616,0.302,0.703,0.17,0.49831
0,0.0,0.0,0.0,0.0,0.0,0.0,0,0.0,0.0,0.0,0.0,0.0,0.0,0.0,0.0,0.0,0,0,0.0,0.0,0.0,0.0,0.0,0.0,0.0,0,0.64,1.165,0,0.0,0,0.0,0.0,0
1,0.946,0.0,1.283,0.00892,0.832,-0.003,1.193,0.00372,0.604,0.021,1.053,0.042,0.819,0.046,0.649,0.012,0.745,0.093,0.98551,-0.007,0.91,0.04980,0.571,0.06,0.93274,0.043,1.198,0.04356,1.346,0.01,1.113,0.046,1.292,-0.00260
0,0,0.0,1.348,1.294,-1,-1.356,-1,-0.853,0.0,0.0,0.0,0.0,-1.401,-0.982,0.0,0.0,0.0,0.0,0,0,-1.049,1,1.331,0.983,0.0,0.0,1,-1.146,0.0,0.0,-0.856,-0.652,-1.076,-1.364
1,1,0.0,0.47,-0.16900,0.983,0.01,0.71063,0.026,0.99,0.012,0.414,0.05594,0.417,0.024,0.838,0.047,0.545,0.069,0.63403,-0.04662,0.924,0.079,0.794,0.07381,0.447,0.139,0.734,0.085,0.478,0.062,0.604,0.096,0.562,0.063
0,1.471,0.0,0.68729,0.86,1.037,-0.76087,0.43,0.045,0.698,0.142,0.812,1.054,0.70067,0.267,0.75920,0.069,1.154,-0.25084,0.584,0.23,0.558,0.355,0.771,0.924,0.567,-0.53846,0.929,0.235,0.448,0.79,0.817,-0.075,0.328,0.23913
1,1.147,0.0,0.814,-0.053,0.992,-0.244,1.275,-0.796,0.426,0.036,0.267,-0.42778,0.695,-0.084,1.449,-0.436,0.58,0.021,0.82222,-0.071,0.98215,-0.211,1.246,0.22037,0.69630,-0.255,0.673,-0.293,0.895,0.02037,0.821,-0.305,0.696,-0.57037
0,1.1,0.0,0.38521,0.205,0.371,0.047,0.136,0.353,0.321,0.195,0.19455,0.25292,0.175,0.549,0.12,0.263,-0.047,0.36965,0.062,0.24903,0.319,0.09728,0.083,0.151,-0.034,0.28482,-0.088,0.21,-0.176,0.099,-0.113,0.456,-0.155,0.218
1,1,0.0,0.805,-0.032,0.745,-0.062,0.312,-0.011,0.53968,0.025,0.838,0.082,0.748,-0.02381,0.48,0.013,0.829,0.027,0.60317,0.015,0.607,-0.033,0.533,0.03770,0.644,0.038,0.61291,-0.01237,0.385,-0.138,0.448,-0.01,0.594,-0.027
0,0.565,0,0.036,-0.151,-0.045,0.055,0.08374,-0.014,-0.01478,0.211,0.069,0.0,0.103,-0.09852,0.05911,0.0,0.021,-0.031,-0.106,-0.136,0.047,0.02,0.048,0.016,0.065,0.187,0.295,-0.063,-0.085,-0.09360,0.047,0.04,0.07389,-0.076
1,1.366,0.0,0.389,0.10850,0.576,-0.103,0.365,0.009,0.74273,0.003,0.496,0.171,0.443,-0.00224,1.106,0.075,0.525,-0.242,0.72,-0.055,0.439,-0.009,0.60962,0.11745,1.014,-0.1,0.912,-0.018,0.63311,0.057,1.019,-0.049,0.65213,-0.046
0,0.854,0.0,0.265,0.263,0.0,0.0,-0.271,-1.25,0.0,0.0,0.07595,-0.104,0.0,0,0.0,0.0,0,0.0,0.0,0.0,0.00759,0.38,-0.121,0.219,-0.142,0.35696,0.077,-1,0.0,0,0.091,-1.039,0.0,0.0
1,0.818,0.0,0.825,-0.00857,0.89818,-0.034,0.975,-0.026,0.532,-0.086,0.649,-0.122,1.042,0.017,1.268,-0.167,0.868,-0.077,0.90782,-0.015,1.078,-0.177,0.935,-0.157,0.90139,-0.282,0.717,-0.14903,0.72,-0.12862,0.844,-0.249,0.569,-0.16827
0,0.772,0.0,0.486,-0.564,0.0,0.0,0,0.0,0.46458,0.371,0.74,0.029,0.0,0.0,0.0,0.0,0.16458,-0.569,0.398,-0.14,0.0,0,0,0.0,0.71,-0.40833,-0.54,-0.61,-0.365,-0.75625,0.0,0.0,0.0,0.0
1,0.916,0.0,1.017,0.01631,1.123,0.007,1.349,0.01359,0.89179,-0.051,0.493,-0.08428,0.687,-0.007,0.93094,-0.116,1.055,-0.047,0.89451,-0.027,1.125,-0.168,0.83,-0.078,0.998,-0.14138,0.713,-0.132,0.488,-0.123,0.602,-0.113,0.79,-0.12
0,0.687,0.0,0.0,0.0,0.516,0.15,1.256,-0.02000,0.0,0.0,1.436,-0.227,0.978,0.169,0.833,-0.05333,1,-0.592,0.0,0.0,1.402,-0.038,0.562,-0.221,0.0,0,1,-0.519,0,0.0,0.624,0.067,0.708,-0.09556
1,1,0.0,0.838,0.027,0.629,-0.00143,0.412,0.009,1.098,-0.05,0.5,0.0,1.051,-0.06,1.22,0.00286,0.6,-0.041,0.937,-0.072,0.967,-0.095,0.886,-0.041,0.521,-0.058,0.52,-0.097,0.501,-0.10429,1.134,-0.05000,0.82143,-0.15143
0,1,0,0.0,0.0,0.0,0.0,0.0,0.0,0.0,0.0,0.0,0.0,-1,0.931,1.293,0.29,0.0,0.0,0.0,0.0,0.0,0.0,0.0,0.0,0.0,0.0,0.677,1.204,0.0,0,0,0.0,0,0
1,0.644,0.0,0.564,0.01818,0.516,-0.09610,0.50649,-0.034,0.259,0.143,0.482,0.05974,0.55844,-0.132,0.453,-0.03636,0.726,-0.037,0.349,-0.013,0.48,-0.03,0.301,-0.012,0.76,0.0,0.445,-0.044,0.463,0.03377,0.494,-0.062,0.358,-0.119
0,0,0.0,0.0,0,0.0,0.0,0.0,0,0.0,0.0,0.0,0.0,0.0,0.0,0.0,0.0,0.0,0,0.0,0.0,0.0,0.0,0.0,0.0,0,0.0,1.387,-1,0.0,0.0,0.0,0,0.0,0.0
1,1.041,0.0,1,0.259,0.762,0.305,0.168,0.818,0.09,0.757,-0.13336,0.53,-0.34107,0.806,-0.481,0.51,-0.365,0.134,-0.344,0.005,-0.168,-0.11,-0.145,-0.179,-0.076,-0.072,-0.025,-0.10242,0.011,-0.091,0.02224,-0.04142,0.02249,-0.012
0,1.344,0.0,0.0,0.0,0.0,0.0,1,1.113,-0.935,-1.05,0.0,0.0,1,-0.146,0.0,0,0.0,0.0,-0.823,0.649,1,0.919,1,-1.335,0.0,0.0,1.094,-1.23,0,0.0,0.0,0.0,0.626,1
1,1.271,0.0,1.107,0.38027,0.849,0.684,0.329,1.004,-0.057,0.737,-0.251,1.101,-0.415,0.579,-0.905,0.311,-0.728,-0.12539,-0.67474,-0.38102,-0.38334,-0.464,-0.11,-0.496,0.232,-0.487,0.468,-0.482,0.417,-0.159,0.834,-0.05938,0.548,0.16645
0,0.553,0.0,0.0,0.0,0.0,0.0,0,0.0,-1,1.297,0.0,0.0,1,0.37333,-0.154,-0.125,0.0,0,-1,-1.155,0.0,0.0,0.911,-0.848,0.0,0.0,1.496,0.265,0.0,0.0,0.0,0.0,0.0,0
1,0.97,0.0,0.564,0.227,0.455,0.794,0.278,1.013,-0.341,1.14,-0.62526,0.73,-1.066,0.33652,-0.717,-0.027,-0.545,-0.492,-0.46950,-0.712,-0.057,-0.809,0.194,-0.585,0.57,-0.55910,0.678,-0.24433,0.72478,0.09599,0.677,0.47,0.329,0.442
1,1.119,0.0,0.373,0.02520,0.192,0.283,0.184,0.883,-0.247,0.582,-0.068,0.18,-0.61352,0.204,-0.673,-0.05409,-0.171,-0.185,-0.159,-0.264,-0.096,-0.732,0.026,-0.15,0.179,-0.06295,0.222,-0.143,0.262,-0.11409,0.15078,0.142,0.165,0.20468
1,0.894,0.0,0.83427,0.39121,0.708,0.671,0.106,1.157,-0.327,0.83578,-0.377,0.758,-0.849,0.299,-0.674,-0.328,-0.825,-0.61894,-0.212,-1.006,0.174,-0.958,0.689,-0.72454,0.79143,-0.181,1.105,0.091,0.399,0.49079,0.315,0.756,-0.055,0.801
1,1.225,0.0,0.421,-0.03490,0.58,0.00481,0.328,-0.047,0.63177,0.014,0.62455,-0.068,0.762,0.083,0.323,-0.082,0.982,0.093,0.405,0,0.743,0.126,0.384,0.032,0.536,0.131,0.832,0.021,0.51384,0.038,0.661,-0.012,0.744,-0.09146
1,0.631,0,1.042,-0.032,0.70772,0.03309,0.765,0.16912,0.79228,0.092,1.001,0.221,0.788,0.005,0.736,0.126,0.817,0.068,0.782,0.054,0.557,0.036,0.761,-0.133,0.414,-0.083,0.577,0.07124,0.283,0.125,0.799,0.092,0.885,0.21691
1,1.246,0.0,0.572,0.156,0.896,0.016,0.77486,0.018,0.347,-0.10308,0.82,0.054,0.825,0.034,0.72322,0.085,0.732,-0.084,0.706,0.194,0.461,0.065,0.375,0.077,0.60154,-0.092,0.662,0.046,0.798,0.25692,0.628,0.104,0.50609,0.09322
1,1.255,0.0,0.876,0.065,0.84803,0.001,0.603,0.00301,1.13,0.063,1.12,0.04102,0.598,0.009,0.646,0.006,0.99,-0.073,0.945,-0.03536,0.621,0.01,1.026,0.012,0.79632,-0.022,1.038,0.01096,0.313,0.156,0.99,0.014,0.848,0.01227
1,0.902,0.0,0.473,0.0,0.378,0.065,0.622,0.056,0.638,-0.02,0.339,-0.082,0.638,0.04783,0.382,0.031,0.35652,0.194,0.42174,0.172,0.348,-0.019,0.415,-0.11304,0.533,-0.01,0.428,0.074,0.38696,0.03913,0.447,0.216,0.472,0.17391
1,1,0.0,0.838,0.065,0.78129,0.218,0.752,0.283,0.577,0.377,0.742,0.505,0.832,0.429,0.368,0.871,0.33354,0.73,0.165,0.417,0.09599,0.566,0.016,0.765,-0.047,0.625,-0.11925,0.60696,-0.102,0.464,-0.294,0.663,-0.37,0.42467
1,1,0.0,0.627,0.111,1.292,0.271,1.467,0.383,0.80365,0.735,0.544,0.787,0.778,0.503,0.55311,0.777,0.29452,0.861,0.203,0.501,0.115,1.199,-0.012,0.546,-0.148,0.75596,-0.138,0.69187,-0.165,0.666,-0.40291,0.337,-0.349,0.304
1,1.443,0,0.64,0.176,0.931,0.336,0.412,0.302,0.63388,0.59975,0.58,0.396,0.39699,0.796,0.343,1.085,0.09134,0.481,-0.06,0.944,-0.253,0.47,-0.377,0.891,-0.457,0.695,-0.589,0.373,-0.50314,0.27252,-0.386,0.247,-0.507,0.069
1,0.789,0.0,1.272,0.205,0.906,0.402,0.85096,0.477,0.69,0.782,0.827,0.932,0.29,1.204,0.189,0.737,0.186,0.93429,-0.00701,1.039,-0.269,0.89383,-0.416,0.82492,-0.398,0.614,-0.58563,0.808,-0.415,0.593,-0.496,0.584,-0.81210,0.223
1,1.486,0.0,1.153,0.265,0.465,0.244,0.493,0.505,0.508,0.96,0.50376,0.457,0.36100,0.595,0.15664,0.83558,0.003,0.712,-0.114,0.595,-0.471,0.588,-0.54,0.44,-0.565,0.422,-0.593,0.466,-0.64511,0.224,-0.65710,0.13667,-0.741,0.034
1,1,0.0,0.566,0.193,0.63935,0.348,0.441,0.513,0.169,0.22273,0.13753,0.59565,-0.101,0.519,0.0,0.247,-0.138,0.534,-0.307,0.265,-0.534,0.216,-0.369,0.07588,-0.472,-0.039,-0.469,-0.118,-0.27540,-0.22,-0.165,-0.229,-0.068,-0.254
1,1.277,0,0.837,-0.875,0.576,0.401,0.553,0.038,0.318,0.116,0.284,0.286,0.269,0.12252,0.63907,0.279,0.859,0.418,0.322,0.13907,0.371,0.255,0.521,0.038,0.324,0.177,0.557,0.27687,0.275,0.196,0.314,0.229,0.40821,0.29942
1,1.125,0.0,0.571,0.102,0.70019,-0.125,0.944,0.05,0.748,0.014,0.341,-0.065,0.869,0.08,0.47,0.029,0.385,-0.025,0.69450,0.16888,0.544,0.07211,0.372,0.05882,0.597,0.24,0.399,0.25,0.093,0.399,0.44141,0.178,0.38,0.15180
1,1.283,0.0,1.021,0.06794,0.424,-0.013,1.087,-0.03299,0.66725,-0.042,0.59582,-0.097,0.477,-0.047,0.389,-0.093,0.364,0.04530,0.482,0.013,0.553,-0.068,0.691,-0.058,0.377,-0.129,0.699,-0.068,0.52613,-0.103,0.404,-0.133,0.42223,-0.074
1,1.073,0.0,0.89,0.08013,0.588,-0.007,0.956,-0.004,0.445,-0.03923,1.489,0.009,1.173,-0.01436,1.06,-0.015,0.98497,0.006,0.91152,-0.078,1.276,-0.024,1.081,-0.033,1.059,0.023,1.052,-0.042,0.613,-0.05843,0.585,-0.045,0.92226,-0.024
1,1.167,0.0,0.47938,-0.171,0.399,-0.12371,0.604,-0.364,0.73196,0.07216,0.217,-0.157,0.275,0.191,0.323,-0.176,0.594,0.056,0.411,-0.243,0.669,0.153,0.465,0.115,0.989,0.19588,0.53396,-0.069,0.15464,-0.232,0.658,0.043,0.358,-0.466
1,1.218,0.0,0.484,-0.037,0.616,0.02,0.371,0.323,0.431,-0.004,0.629,0.069,0.79446,-0.275,0.72517,0.293,0.59584,0.151,0.839,0.21940,0.823,-0.25404,0.665,0.15359,0.828,0.131,0.68775,0.216,0.852,0.079,0.344,0.267,0.845,0.487
1,0.58,0.0,0.50112,-0.024,0.684,0.018,0.431,0.019,0.609,0.028,0.667,-0.004,0.609,-0.047,0.432,0.007,0.292,0.03,0.467,-0.068,0.622,0.134,0.57528,-0.033,0.61,0.04944,0.56588,0.00824,0.5,-0.048,0.54607,0.10562,0.499,-0.109
1,1,0.0,0.992,-0.008,0.354,-0.058,0.936,-0.042,0.992,0.08091,0.422,0.09709,0.967,0.116,0.60194,-0.01942,0.537,-0.036,0.347,-0.10032,0.68,0.181,0.274,0.325,0.559,-0.061,0.265,0.0,0.444,-0.04,0.713,-0.065,0.284,-0.05178
1,1,0.0,0.79,0.056,1.014,0.031,0.844,0.109,0.884,-0.00494,1.025,0.177,0.331,0.027,0.731,0.081,0.78272,-0.169,0.386,-0.077,0.48642,0.01,0.525,0.094,0.858,-0.149,0.541,-0.02451,0.734,0.028,0.61235,-0.044,0.41,-0.04691
1,0.778,0.0,0.466,-0.026,0.97,0.038,0.267,-0.04407,0.497,0.03729,0.369,-0.11,0.57966,-0.016,0.375,0.096,0.41,0.11864,0.42,-0.034,0.517,0.008,0.732,-0.035,0.542,-0.047,0.57262,0.007,0.455,-0.004,0.712,-0.02712,0.50169,0.084
1,1.356,0,0.531,0.12,0.19,0.068,0.294,0.0,0.57282,-0.02427,0.345,0.028,0.253,0.027,0.448,0.005,0.47087,-0.10680,0.272,0.003,0.331,0.069,0.124,0.274,0.31068,-0.108,0.472,0.051,0.377,0.173,0.342,0.0,0.37379,-0.013
1,1.076,0,1.365,0.018,0.867,0.305,1.012,0.281,0.806,0.493,1.031,0.569,0.55076,0.828,0.574,0.695,0.31800,0.886,0.28379,0.588,0.07515,1.005,0.062,0.71284,-0.216,0.799,-0.089,0.514,-0.206,0.55805,-0.34,0.572,-0.287,0.244
1,0.982,0.0,0.97905,0.15810,1.127,0.323,0.981,0.611,0.619,0.64888,0.714,0.599,0.465,0.855,0.341,0.84804,0.024,1.152,-0.175,0.507,-0.381,0.80754,-0.405,0.73,-0.652,0.317,-0.792,0.429,-0.61899,0.236,-0.637,0.111,-0.678,0.02968
1,0.924,0.0,0.674,0.266,0.463,0.247,0.76902,0.62415,0.53312,1.093,0.452,0.88291,0.146,0.939,-0.063,1.306,-0.164,0.924,-0.361,0.61688,-0.55769,0.688,-0.803,0.404,-0.556,0.15908,-0.694,0.024,-0.864,-0.072,-0.446,-0.274,-0.58,-0.221
1,1,0,0.655,0.172,1.026,0.431,1.182,0.721,0.384,0.81,0.471,0.944,0.08,0.467,0.03,0.87,-0.24742,0.987,-0.243,0.842,-0.728,0.621,-0.751,0.50428,-0.461,0.29,-0.743,0.109,-0.75406,-0.039,-0.796,-0.17921,-0.985,-0.34367
1,1,0.0,1.396,0.345,0.414,0.774,0.58167,0.938,0.34961,0.471,0.10797,1.127,-0.275,0.599,-0.39730,0.587,-0.373,0.749,-0.384,0.591,-0.931,0.253,-0.97,-0.063,-0.619,-0.196,-0.63237,-0.611,-0.372,-0.676,-0.319,-0.955,-0.08937,-0.864
1,0.854,0.0,0.964,0.348,0.67333,0.62233,0.43898,0.589,-0.03,1.01,-0.257,0.953,-0.301,0.397,-0.57377,0.3,-0.601,0.136,-0.47359,-0.059,-1.187,-0.039,-0.389,-0.452,-0.12897,-0.523,0.053,-0.603,0.249,-0.312,0.512,-0.228,0.217,0.13297
1,0.828,0.0,0.223,0.10025,0.23308,0.183,0.021,0.36,0.129,0.303,0.062,0.119,-0.039,0.12767,-0.06333,0.118,-0.044,0.043,-0.029,0.01408,-0.053,-0.002,-0.039,-0.008,-0.024,-0.017,-0.009,-0.014,-0.003,-0.008,0.00096,-0.00948,0.002,-0.006
1,1.049,0.0,0.367,-0.22,1.387,0.527,0.789,-0.004,0.82519,0.25,0.543,-0.354,0.746,0.093,0.69737,0.17,0.72368,-0.309,0.43,0.027,0.794,0.14,0.633,-0.40977,0.64850,-0.068,0.388,-0.10571,0.515,-0.093,0.213,-0.16,0.32,-0.10309
1,1.247,0.0,1.141,0.13215,0.788,0.06059,0.462,0.043,0.23888,0.187,0.456,0.252,0.703,0.077,0.57,0.155,0.315,0.02,0.631,0.103,0.172,0.153,0.314,0.201,0.193,0.164,0.23641,0.153,0.242,0.16137,0.153,0.098,0.16655,0.13198
1,1,0.0,0.94080,0.11933,1.072,0.011,1.232,0.01546,0.735,-0.004,1.216,0.138,0.657,0.024,1.111,0.021,0.74838,0.022,0.477,0.02405,0.985,0.057,1.01,0.046,1.062,0.021,0.642,0.07,1.227,0.092,0.77863,0.087,0.509,0.064
1,1,0.0,0.927,0.035,0.786,0.18297,0.67,0.158,0.564,-0.056,0.88598,-0.013,0.628,-0.336,0.651,0.253,0.88644,-0.056,0.84452,-0.012,1.081,-0.34024,0.604,-0.29,1.133,-0.075,1.277,-0.02,0.78774,-0.056,0.638,0.305,1.004,0.077
1,0.943,0,0.427,0.02549,0.925,0.09,1.107,0.12877,0.945,-0.102,1.08,0.032,0.97921,-0.004,0.875,0.148,0.464,0.044,0.982,0.02683,0.6,-0.079,0.61,0.0,0.863,-0.008,0.754,0.02552,0.521,-0.013,0.709,0.056,0.72837,0.015
1,0.569,0,0.538,0.19527,0.037,-0.263,0.62316,0.009,0.45562,-0.057,0.518,0.015,0.627,0.208,0.371,-0.022,0.399,0.142,0.41420,0.062,0.381,0.019,0.51183,-0.073,0.327,-0.017,0.314,0.02,0.53550,0.301,0.19,-0.206,0.422,-0.003
1,1.259,0.0,0.619,0.14689,0.81,-0.147,0.637,-0.13936,0.516,0.028,0.568,0.018,0.456,-0.04520,0.673,-0.102,0.576,-0.289,0.952,-0.112,0.401,-0.005,0.33333,0.051,0.341,-0.313,0.32,-0.135,0.382,-0.011,0.53861,-0.384,0.67420,-0.22034
1,1.436,0.0,0.789,-0.044,1.094,-0.076,0.656,0.0,0.522,-0.057,0.71975,-0.168,0.478,-0.098,0.469,-0.129,0.442,-0.21231,0.565,-0.095,0.79193,-0.117,0.884,-0.047,0.696,-0.26115,0.74115,-0.281,0.474,-0.13,1.025,-0.37792,0.346,-0.24841
1,0.863,0.0,0.565,-0.105,0.661,0.046,0.915,0.036,0.474,-0.019,0.391,-0.063,0.82337,-0.138,0.413,-0.005,0.88043,-0.225,0.565,0.042,1.054,-0.05978,1.101,-0.27989,1.229,-0.214,0.828,-0.145,0.85870,-0.027,0.482,-0.10870,0.512,-0.00543
1,1,0.0,0.412,-0.07,0.553,0.16996,0.443,0.079,0.867,-0.058,0.648,-0.326,0.605,-0.114,0.47,0.054,0.394,-0.004,0.63636,-0.11858,0.79249,-0.25296,0.5,-0.352,0.558,-0.065,0.766,-0.076,0.757,-0.292,0.215,0.066,0.615,-0.01383
1,0.734,0.0,0.317,0.111,0.47,0.006,0.686,0.098,0.378,-0.13,0.52993,0.009,0.619,-0.227,0.447,-0.024,0.702,-0.13525,0.52993,-0.063,0.47894,-0.128,0.696,-0.198,0.473,-0.20177,0.626,-0.11455,0.417,-0.023,0.651,-0.12,0.454,-0.04435
1,1,0.0,0.84,0.354,0.657,0.45,0.468,0.334,0.38825,0.93,0.09831,0.805,-0.111,0.738,-0.186,0.761,-0.806,0.314,-0.765,0.515,-0.81856,0.21,-0.83943,-0.043,-0.78334,-0.377,-0.67557,-0.62,-0.45,-0.91,-0.237,-0.852,-0.223,-0.604
1,1,0.0,1.282,0.214,0.79917,0.588,0.59952,0.847,0.251,0.789,0.05,1.444,-0.161,1.05,-0.458,0.949,-0.758,0.398,-0.906,0.36200,-0.503,0.068,-1.183,-0.212,-0.695,-0.46906,-0.366,-0.662,-0.41223,-1.021,-0.13590,-0.622,0.06,-0.895
1,1,0.0,0.848,0.289,0.49,0.643,0.327,0.764,0.083,0.87,-0.075,1.007,-0.875,0.823,-0.449,0.366,-0.63,0.42,-1,-0.012,-0.649,-0.41085,-1.131,-0.45478,-0.488,-0.678,-0.373,-0.964,-0.02979,-0.86841,0.346,-0.534,0.002,-0.81686
1,1,0.0,0.764,0.328,0.776,0.502,0.49234,0.68381,0.204,0.937,-0.078,0.71,-0.421,0.855,-0.35,0.749,-0.848,0.158,-0.64,0.049,-0.424,-0.15317,-0.824,-0.545,-0.197,-0.52954,-0.16950,-0.618,0.118,-0.788,0.25164,-0.68,0.349,-0.244
1,1.112,0.0,0.945,0.33164,0.631,0.362,0.65,0.966,0.148,0.95193,-0.13956,0.863,-0.66,1.182,-1.013,0.715,-0.713,0.487,-1.139,0.06,-1.3,-0.15,-0.73969,-0.54069,-0.498,-0.833,-0.297,-0.456,0.089,-1.14,0.36021,-0.864,0.556,-0.60270
1,1.317,0,0.904,0.39,0.821,0.35,0.228,1.021,0.242,0.659,-0.148,0.79886,-0.524,0.582,-0.68421,0.47744,-0.98,0.19492,-0.701,-0.04887,-0.786,-0.411,-0.322,-0.764,-0.376,-0.387,-0.013,-0.956,0.188,-0.711,0.373,-0.575,0.606,-0.30075
1,1,0.0,1.065,-0.017,0.98058,-0.049,1,-0.071,0.98720,0.01456,1.295,-0.034,1.46,-0.07458,1.371,-0.045,1.438,-0.124,1.234,-0.128,1.487,-0.074,1.365,-0.132,0.97352,-0.093,0.799,-0.139,1.17,-0.101,0.7,-0.141,1.397,-0.096
1,0.54,0.0,0.94052,-0.017,1.025,0.013,0.94994,-0.015,1.205,-0.01060,1.071,-0.03710,1.107,-0.022,0.835,-0.038,1.309,-0.04064,1.16,-0.039,1.375,-0.016,0.984,-0.023,0.586,-0.04476,1.136,-0.086,0.775,-0.065,1.171,-0.07244,0.58,-0.044
1,1.01,0.0,0.939,-0.157,0.91324,-0.002,0.496,-0.17123,1.239,0.099,0.629,0.002,0.93607,-0.079,1.297,-0.002,0.461,-0.057,0.97032,-0.239,0.526,0.076,0.79,-0.058,0.981,0.094,0.94043,-0.11,1.128,-0.13,1.257,-0.07,0.96575,-0.21918
1,0.642,0,0.499,-0.025,0.987,0.08475,0.5,-0.161,0.22,-0.02,0.285,-0.092,0.64407,0.145,0.83051,-0.498,0.283,0.011,0.788,0.02,0.559,0.24,0.527,0.027,0.40678,0.126,0.592,-0.002,0.757,-0.047,1.101,-0.211,0.76271,-0.10169
1,1,0.0,0.229,-0.25000,0.27,0.161,0.321,0.091,0.352,0.13889,0.501,-0.141,0.817,-0.074,0.58333,0.33333,0.734,0.02778,0.233,-0.193,0.47222,-0.038,0.413,-0.024,0.282,0.099,0.464,-0.18,0.13,-0.175,0.288,-0.096,0.057,-0.452
1,1,0.0,0.435,1,1.289,0.765,0.71178,0.541,0.45622,0.515,0.465,0.541,0.276,0.615,-0.199,0.689,-0.492,1.406,-0.635,1.366,-0.766,0.556,-0.88500,0.421,-1.096,0.395,-1.285,0.103,-0.768,-0.198,-1,-0.321,-0.614,-0.65557
1,1,0.0,0.75564,0.59,0.553,0.471,0.325,0.572,0.196,0.413,0.072,1.087,-0.06,1.006,-0.335,0.633,-0.697,0.846,-0.836,0.67989,-0.887,0.372,-1.082,0.032,-1.366,-0.29099,-0.70352,-0.254,-0.739,-0.108,-0.34131,-0.60454,-0.146,-0.429
1,1.096,0.0,0.798,0.42904,0.946,0.58385,0.662,0.563,0.245,0.607,-0.1,0.86947,-0.451,0.749,-0.528,0.559,-0.784,0.138,-0.84014,0.048,-0.647,-0.359,-0.641,-0.351,-0.37298,-0.67796,-0.07,-0.629,0.207,-0.303,0.43,-0.451,0.48319,-0.236
1,1,0.0,1.16,0.339,0.75254,0.384,0.45571,0.505,0.1,1.126,-0.26,0.96301,-0.299,0.83397,-1.06,0.484,-0.695,0.171,-0.884,-0.06418,-0.859,-0.383,-0.481,-0.67464,-0.347,-0.617,-0.068,-0.871,0.352,-1.267,0.793,-0.681,0.57,-0.496
1,1,0.0,1.268,0.336,0.841,0.886,0.302,1.136,-0.063,0.828,-0.421,0.937,-0.775,0.998,-0.493,0.585,-0.94315,0.09,-0.889,0.025,-0.349,-0.66278,-0.438,-0.871,-0.082,-0.94,0.19765,-0.85137,0.48904,-0.569,0.653,-0.429,1.025,-0.13194
1,1.104,0.0,1.145,0.135,1,-0.052,0.6,0.017,1.06,-0.089,0.772,-0.017,1,-0.014,0.698,-0.071,0.581,-0.101,1.083,0.044,1,-0.083,1.053,-0.02685,0.609,-0.265,1,-0.083,1,0.08299,1.418,-0.094,0.704,-0.039
1,1,0.0,1.013,-0.001,1.14,-0.135,1.154,-0.006,0.82809,-0.475,0.92441,0.06,0.612,-0.197,0.99264,-0.014,0.762,-0.203,0.852,0.534,1.441,-0.19,0.857,-0.06,0.836,-0.01664,0.86,-0.01,0.767,-0.01867,1.202,-0.021,0.999,-0.02039
1,0.618,0.0,0.79378,0.151,0.632,0.382,0.41319,0.395,0.177,0.895,-0.186,1.091,-0.524,0.72328,-0.57165,0.522,-0.436,0.195,-1.031,-0.06,-0.57695,-0.182,-0.516,-0.453,-0.162,-0.606,0.011,-0.48707,0.266,-0.348,0.242,-0.219,0.188,-0.08036
1,0.617,0.0,1.141,0.346,0.68389,0.65128,0.371,0.79784,0.041,1.071,-0.29784,0.921,-0.35,0.94,-1.067,0.39309,-0.921,0.068,-0.739,-0.206,-0.657,-0.681,-0.39,-0.68337,-0.083,-0.675,0.17041,-0.74,0.477,-0.707,0.749,-0.454,0.577,-0.132
1,1,0.0,0.632,0.331,0.66129,0.776,0.442,0.90824,-0.048,0.94415,-0.304,1.247,-0.455,0.807,-0.543,0.203,-1.107,-0.206,-0.721,-0.252,-0.50931,-0.75,-0.14895,-1.256,0.19,-1.029,0.462,-1.001,0.792,-0.53,0.855,-0.07029,0.78,0.408
1,0.753,0.0,0.629,-0.191,0.552,-0.20253,0.725,-0.084,0.765,0.007,1,0.11392,1.164,0.088,0.84810,-0.037,0.409,-0.23,1.239,-0.007,1.16,0.065,0.573,0.154,0.386,-0.37975,0.84637,-0.053,0.637,-0.064,0.742,0.032,1.026,-0.02532
1,1,0.0,0.599,0.006,0.83312,0.011,1.074,0.023,0.566,0.012,0.60504,0.083,1.126,0.037,0.617,0.074,0.873,0.187,0.84034,0.034,0.699,0.048,0.68895,0.053,0.457,0.05,0.652,0.114,0.745,0.025,0.525,0.08757,0.632,0.08891
1,1,0.0,0.811,0.019,0.772,0.011,1.316,0.027,1.193,0.08010,0.724,0.11370,0.488,0.022,1.168,0.062,0.795,0.042,0.503,0,1.034,0.039,0.706,0.07697,0.946,0.105,0.86923,0.114,1.192,0.08786,0.776,0.1,0.426,0.117
1,0.545,0.0,1,-0.015,0.638,-0.003,1.125,-0.016,1.191,-0.023,0.835,-0.041,1,-0.02187,0.661,-0.023,1.099,-0.031,1.163,-0.03452,0.561,-0.028,1,-0.053,1.071,-0.052,1.374,-0.065,1.076,-0.038,0.844,-0.062,0.98971,-0.06668
1,1.019,0.0,0.898,-0.022,0.841,0.05545,0.89505,0.021,1.212,0.029,1.187,-0.008,0.77,-0.011,1.022,0.049,0.898,0.0,1.11,0.015,0.90495,0.00792,0.719,-0.01782,0.734,0.018,1.309,0.014,1.007,0.00198,1.031,0.034,0.558,0.02376
1,1,0.0,0.586,0.01773,1.245,-0.023,1.065,0.006,0.959,0.03,0.929,0.023,1.254,0.01064,0.581,0.049,1.363,-0.029,1.005,-0.035,0.86170,0.065,0.962,0.111,0.90071,0.05,0.992,0.022,0.654,0.035,0.942,0.015,0.93617,0.02128
1,1.081,0.0,0.39394,-0.321,0.36,0.01270,0.312,0.085,0.519,0.101,0.176,-0.21212,0.753,0.15152,0.557,0.0,0.626,0.024,0.679,0.03030,0.8,0.198,0.335,-0.214,0.55,0.05,0.575,0.06142,0.466,-0.027,0.48,0.06410,0.229,0.347
1,1,0.0,0.716,0.493,1.02,0.837,0.218,0.726,0.084,0.964,-0.24118,0.86121,-0.453,0.976,-0.68714,0.277,-1.101,0.123,-0.88,-0.171,-0.546,-0.276,-0.433,-0.57679,-0.037,-0.59954,0.151,-0.322,0.426,-0.242,0.646,-0.287,0.354,0.01820
1,1,0.0,1.137,0.398,0.67311,0.944,0.35916,1.158,-0.026,1.122,-0.487,1.218,-0.723,0.62078,-1.184,0.253,-1.188,-0.079,-1.091,-0.371,-0.485,-0.924,-0.143,-0.799,0.062,-0.73856,0.212,-0.515,0.735,-0.467,0.917,-0.125,0.60073,0.08660
1,1.088,0.0,0.462,0.249,0.65354,0.74761,0.258,1.044,-0.13342,0.81,-0.64,0.562,-0.844,0.284,-0.949,0.191,-0.93001,-0.291,-0.72,-0.321,-0.41546,-0.507,-0.014,-1.369,0.462,-1.04,0.764,-0.61959,0.85977,-0.386,1.156,0.062,0.971,0.398
1,1.472,0.0,1,0.968,0.427,0.085,0.12993,1.02,-0.353,1.055,-0.396,0.198,-0.951,0.242,-0.985,-0.048,-0.38916,-0.227,-0.46552,-0.82512,-0.037,-0.866,0.19,-0.29,0.745,-0.436,0.63,-0.059,1.473,1,0.205,0.002,0.091,0.79790
1,1,0.0,0.521,0.297,0.45455,0.179,0.085,0.434,-0.266,0.73062,-0.292,0.324,-0.351,0.0,-0.599,-0.113,-0.317,-0.555,-0.09091,-0.747,0.568,-0.57576,0.547,-0.403,1,-0.31,0.967,0.172,0.715,0.57576,0.304,0.204,0.046,0.46
1,0.811,0.0,0.639,0.0,0.95,-0.015,0.642,-0.01220,0.611,0.017,0.737,0.016,0.735,0.007,0.95732,0.005,1.266,0.025,1.191,-0.01220,0.592,0.027,0.621,0.076,0.99695,0.058,0.836,0.014,0.795,0.00915,0.725,0.05488,0.97561,-0.01
1,1.034,0,0.927,0.108,0.79078,-0.088,1.003,-0.01773,0.817,0.011,0.616,0.132,0.634,-0.005,0.94326,0.0,0.723,0.288,1.125,-0.01,0.91489,0.006,0.918,0.097,1.183,0.086,0.68,0.089,0.905,0.041,0.92553,0.154,0.92553,0.0
1,0.662,0.0,0.941,0.155,0.79,0.014,0.88542,0.022,0.649,-0.01418,0.73050,0.114,1.043,0.033,0.87235,0.04,0.534,0.046,0.735,0.052,0.999,0.04743,0.478,0.068,0.465,0.162,0.663,0.041,0.74468,-0.049,0.629,0.073,1.041,0.07173
1,0.718,0.0,0.87578,0.037,0.89951,0.003,0.85,0.00510,0.622,0.0,1.246,0.07453,0.996,0.012,0.86303,0.008,0.515,-0.086,0.857,0.022,0.903,0.019,0.642,0.026,0.79503,-0.061,0.558,0.02033,0.796,0.126,1.104,0.013,0.528,0.033
1,1.446,0,0.931,0.006,0.64,0.015,0.966,0.015,1.167,0.016,0.561,0.017,1.118,0.052,0.944,0.046,1.073,0.02131,0.98579,0.05684,0.514,0.062,1.272,0.082,0.98401,0.042,1.095,0.061,0.689,0.085,0.99112,0.041,0.925,0.09947
1,0.61,0.0,1.383,0.014,1,0.013,1.067,0.02320,1.341,-0.013,1.008,-0.002,0.936,0.012,1.208,0.008,1.3,0.00773,0.922,0.021,0.893,0.004,0.56,0.022,0.97127,-0.008,0.98033,0.019,0.556,0.01547,0.964,0.016,0.98674,0.026
1,1.11,0.0,1,-0.015,1.06,0.019,0.609,-0.002,1,0.052,0.648,0.063,1.07,0.034,0.781,0.06488,0.98881,0.031,1.152,0.019,0.99776,0.102,0.556,0.062,1.104,0.082,1.41,0.111,1.044,0.092,0.753,0.071,1,0.10067
1,1,0.0,1.318,0.256,0.681,0.625,0.39613,0.687,0.024,0.93182,-0.35148,1.155,-0.521,0.848,-0.451,0.378,-0.839,-0.006,-0.5,-0.431,-0.315,-0.53924,-0.28,-0.828,0.011,-0.92,0.26028,-0.643,0.41,-0.265,0.554,-0.21542,0.714,0.016
1,1.221,0.0,0.90147,0.252,0.687,0.436,0.287,1.187,-0.26,1.216,-0.411,0.81191,-0.81857,0.50949,-0.96986,0.119,-0.497,-0.246,-0.693,-0.775,-0.3,-1.233,0.043,-0.728,0.491,-0.957,0.79,-0.283,0.817,-0.18725,0.543,0.237,1.04,0.54852
1,1,0,0.434,0.11042,0.092,0.29308,0.12,0.74485,-0.231,1.273,-0.164,0.372,-0.679,0.184,-0.958,-0.004,-0.208,-0.115,-0.36,-0.394,-0.149,-0.63,0.09345,-0.262,0.158,-0.228,0.539,-0.123,0.419,0.057,0.265,0.202,0.11,0.26422
1,0.881,0.0,0.648,0.269,0.601,0.796,0.05319,0.6,-0.188,0.82139,-0.819,0.427,-0.85,0.105,-1.174,-0.292,-0.38,-0.71725,-0.04759,-0.815,0.302,-0.76316,0.56663,-0.552,0.892,-0.243,0.74758,0.123,0.66,0.883,0.3,0.648,-0.123,0.764
1,1,0.0,0.122,0.071,0.024,0.157,-0.115,0.256,-0.225,-0.115,-0.246,0.046,-0.63,0.113,-0.207,-0.30534,-0.1,-0.219,0.161,-0.168,0.35,-0.11953,0.185,-0.224,0.18,0.214,0.025,0.31092,-0.03817,0.16,-0.16794,0.133,-0.30153,-0.476
1,0.903,0,0.98002,0.001,0.684,0.0,1.451,-0.001,0.94721,0.032,0.813,0.011,0.96,0.021,1.204,0.016,0.742,0.04,1.283,0.05279,1.372,0.044,1.023,0.058,0.616,0.08107,0.637,0.07,0.964,0.08088,1.276,0.048,1.384,0.08616
1,1,0,1.018,-0.074,0.642,0.002,0.87514,-0.01,0.86821,-0.039,0.72832,-0.115,0.956,0.058,0.793,-0.095,0.863,0.083,0.648,0.082,0.86763,-0.024,0.9,-0.031,0.399,-0.012,1.044,-0.02,0.74046,-0.069,0.769,-0.054,0.576,0.011
1,1,0,0.35346,-0.132,1.023,-0.02423,0.412,-0.038,0.615,-0.066,0.584,-0.086,0.348,-0.098,0.817,-0.069,0.631,-0.193,0.736,0.059,0.49736,-0.103,0.254,-0.095,0.342,-0.005,0.39146,-0.129,0.236,-0.122,0.176,-0.091,0.247,-0.08300
1,0.693,0.0,0.855,0.01092,0.736,0.003,0.965,0.004,0.874,0.019,0.52,0.169,0.643,0.008,0.966,0.005,0.671,-0.091,0.76531,0.03881,0.76979,0.009,0.858,0.012,1.134,-0.00303,0.733,0.012,0.442,0.011,0.676,0.022,0.63887,0.01525
1,1.363,0.0,0.734,-0.015,1.174,0.095,0.695,0.624,0.75683,-0.002,0.345,-0.092,0.373,-0.48907,0.462,0.553,0.908,0.36,0.78552,0.11339,0.409,-0.432,0.822,0.00683,0.638,0.067,0.474,0.17088,1.229,0.1,0.709,0.163,0.128,0.48087
1,1.324,0.0,0.442,0.116,0.805,-0.084,0.712,-0.05567,1.009,-0.051,0.89391,0.13130,0.81197,0.06723,0.712,-0.091,1.318,-0.017,1.366,0.06618,0.714,0.006,0.648,0.087,0.95378,-0.027,0.847,0.001,0.581,0.088,0.982,-0.151,1.297,-0.04
1,0.78,0.0,0.924,0.003,0.95183,-0.018,0.93438,-0.028,1.172,0.01606,1.324,0.035,1.168,0.064,1.34,-0.013,1.274,0.00140,0.82,0.088,1.232,0.08412,1.18,0.088,0.63,0.019,1.049,0.054,1.331,0.048,1.178,-0.00035,1.324,0.04712
1,1.255,0.0,1.398,-0.00034,0.93207,-0.03227,0.602,-0.03431,0.689,0.02446,0.777,0.017,1.373,0.042,1.01,-0.01461,1.203,0.028,0.783,0.015,0.991,0.092,1.291,0.077,1.408,0.019,0.92489,0.027,0.559,0.032,1.001,0.004,0.766,-0.009
1,1,0.0,0.571,-0.019,0.964,-0.017,1.218,-0.022,1.118,0.001,0.899,-0.041,0.944,-0.016,0.611,-0.028,0.91381,-0.00884,0.693,-0.177,1.224,0.01215,0.475,-0.02320,0.492,-0.027,0.455,-0.064,1.011,-0.17238,0.582,-0.041,1.124,-0.16243
1,1.374,0.0,0.898,0.147,0.632,-0.032,1.248,0.053,0.88928,-0.09139,0.762,0.06678,0.428,-0.004,0.79262,-0.008,0.85764,-0.058,0.827,-0.023,0.95,-0.096,0.575,0.029,1.273,-0.098,0.427,-0.053,0.536,-0.00703,0.952,-0.073,0.85764,-0.091
