1,1.145,0.0,1.391,-0.055,0.458,0.027,0.535,-0.425,0.505,0.02,0.85243,-0.147,0.59755,-0.274,0.836,-0.275,1.118,-0.46,0.605,-0.298,0.42,-0.418,0.36946,-0.47357,0.386,-0.486,0.303,-0.58,0.21266,-0.191,0.283,-0.518,0.147,-0.45300
0,1,0.0,0.951,-0.18829,0.814,-0.404,-0.079,-0.73,1.265,-0.063,0.46,-0.411,0.435,-0.882,-0.419,-0.909,0.052,-0.62237,0.222,-0.817,-0.089,-0.45300,-0.141,-0.242,-0.132,-0.153,-0.20468,-0.155,-0.167,-0.064,-0.114,-0.063,-0.13738,-0.018
1,1,0.0,1,-0.026,1.285,0.006,1.487,-0.102,0.885,0.01198,0.449,0.05346,0.85443,0.009,0.365,0.004,0.453,-0.159,1.032,-0.07,0.545,-0.184,0.645,-0.169,0.76,-0.441,0.662,-0.172,0.379,-0.225,0.416,-0.344,0.58,-0.38238
0,1.223,0,0.867,-0.348,0.681,0.533,0.71216,-1.289,0,0.0,0.0,0.0,0.0,0,-1.167,0.082,0.43,-0.219,-1.147,-0.688,-0.69975,1.188,0.0,0.0,1.073,0.90695,0.614,0.662,0.891,-0.117,0.354,1.075,-0.461,0.593
1,1,0.0,0.977,-0.02401,1.273,0.076,1.37,-0.232,0.686,-0.188,0.52798,-0.217,0.588,-0.007,0.264,-0.38,0.531,-0.307,0.45107,-0.17,0.082,-0.235,0.02309,-0.388,0.032,-0.946,0.09,-0.53206,0.029,-0.382,-0.03,-0.781,-0.033,-0.756
0,1.194,0,0.027,-0.007,-0.076,-0.161,-0.008,-0.086,0.096,0.038,0.049,-0.06302,0.0,0.0,-0.066,-0.091,-0.00343,-0.10196,-0.109,-0.08,0.01,0.027,0.011,0.00888,0.034,-0.01,-0.048,0.117,-0.074,0.007,0.0,0.0,-0.0,0.12011
1,0.811,0.0,1.263,-0.128,0.881,-0.20800,0.874,-0.331,1.18,-0.296,0.889,-0.47929,0.925,-0.50764,0.399,-0.623,0.57945,-0.918,0.44,-0.759,0.484,-0.698,0.404,-0.419,0.22792,-0.777,0.107,-0.734,0.043,-0.503,-0.024,-0.612,-0.191,-0.80975
0,0.0,0.0,0.0,0.0,0,0.0,1.06,-0.663,0,0.0,-0.704,-0.93,0.0,0.0,0.0,0.0,1.41,1.145,-1,-0.835,0,0.0,0.0,0.0,0.979,0.609,0.826,0.812,0.0,0,0.772,1.418,0.0,0
1,1,0.0,0.886,-0.044,1.303,-0.198,0.566,-0.21313,1.067,-0.37,0.92570,-0.43569,0.751,-0.431,1.053,-0.668,1.46,-0.355,1.115,-0.38,1.123,-0.564,0.426,-0.64225,1.034,-0.638,0.406,-0.812,0.26,-0.593,0.39,-0.72779,0.223,-0.931
0,1,0.0,-0.021,-0.062,0.0,0.0,0.0,0.0,0.08,-0.146,-0.276,-0.345,0,0.0,-0.36,0.457,-0.215,0.173,0.63728,0.22115,0.0,0.0,0.0,0.0,-0.116,-0.013,0.192,-0.029,0.0,0,0.152,0.295,-0.047,0.38065
1,0.586,0.0,1.362,0.065,1.295,-0.113,1.461,-0.291,0.559,-0.369,1.322,-0.484,1.331,-0.384,0.90711,-0.475,0.798,-0.708,0.723,-0.697,0.719,-0.758,0.63081,-0.80544,0.658,-0.916,0.583,-1.275,0.40303,-1.131,0.255,-0.89093,0.211,-0.89158
0,1.059,0.0,0.881,-0.547,0.523,-1.015,1.304,-0.792,1,0.488,1,-0.567,0.863,0.637,0.521,-1.08,1.496,-0.184,0.867,-0.763,1.199,0.948,1,1,0.985,-0.345,1,-0.442,1.418,-1.459,0.586,-1.418,0.664,-1
1,1.386,0.0,0.832,-0.16316,1,-0.07,1.007,-0.191,0.97,-0.102,0.708,-0.28,1.244,-0.418,1.16,-0.429,0.594,-0.289,0.517,-0.585,0.86043,-0.517,0.516,-0.629,0.464,-0.279,0.73,-0.527,0.546,-0.444,0.68714,-0.64537,0.903,-0.67226
0,0.725,0.0,0.684,-0.438,0.98,0.18,0.875,-0.547,1.142,-0.082,1,0.245,1,0.106,1.214,-0.14767,0.928,-1.16,1.466,-0.659,0.6,0.132,1,0.62349,1.237,-0.242,0.52,0.235,1.369,-0.823,0.801,0.88428,0.734,-0.149
1,1,0.0,1,0.086,1.191,0.038,0.604,-0.051,0.971,0.094,1.43,0.188,1.288,0.194,0.776,0.067,1.13,0.084,0.536,0.278,0.55,0.37,1.153,0.38,1,0.152,1.492,0.36743,1.003,0.478,0.822,0.32492,1.495,0.46712
0,0.638,0.0,0.551,-0.93996,1.183,0.268,-0.03520,-0.662,0.773,-0.561,0.412,-0.852,0.0,0,-0.545,-0.286,-0.359,0.041,1.104,-0.818,0.0,0.0,0.0,0.0,-0.24,0.92236,0.39752,0.184,0.0,0.0,1,0.236,0.0,0.0
1,1,0.0,0.648,0.056,0.915,-0.014,1.276,0.02,1.31,0.022,0.99274,0.07808,1.327,0.10346,0.94212,0.069,0.995,0.095,1.248,0.08631,0.784,0.166,0.72,0.17,1.132,0.158,0.958,0.17,0.509,0.216,0.873,0.131,0.474,0.131
0,0.0,0,0.0,0.0,-0.962,-0.529,0.835,1.183,-1.404,1.101,-1.282,1,0.691,-0.596,1,1.281,-1.413,-0.937,-1,1.133,0.65,-1.052,-0.844,1.146,-1.432,0.828,0.529,-0.664,-0.815,1,-0.503,-1.115,1.08,-1
1,1,0.0,0.883,0.02528,0.737,0.07,0.624,0.268,0.098,0.34081,0.832,0.118,0.364,0.177,1.146,0.096,0.776,0.24,0.14395,0.283,0.53888,0.309,0.719,0.23,0.644,0.233,0.499,0.24618,0.252,0.145,0.271,0.225,0.655,0.296
0,0.0,0.0,1.372,-1.239,0.0,0.0,0.0,0.0,1,0.896,1.498,-1.255,-0.71875,1.482,0.0,0.0,-1,1,1.444,1.253,-1,1.268,1.084,0.609,-1.122,0.935,1.049,1,1.416,-1.202,1.075,0.835,0.78,1.401
1,1,0.0,0.63,-0.00612,1,-0.05,1.269,-0.055,1.109,-0.057,1.252,-0.066,1.304,-0.503,1.132,-0.081,1.271,-0.197,1.129,-0.285,0.787,-0.44072,1.376,-0.316,0.81874,-0.549,0.714,-0.363,1.119,-0.524,1.174,-0.601,0.74354,-0.274
0,0,0.0,0.743,0.828,0.0,0.0,0.0,0.0,-0.531,-1.42,0.0,0.0,0,0.0,-1.091,-1.088,-1.226,-1.002,-1.06,1,-0.663,1,0.0,0.0,0,0,1.089,-0.646,-0.636,1.06,-1.473,1.01,-1.286,0.606
1,0.514,0.0,0.96071,0.083,0.95,0.048,0.72,0.082,0.835,-0.068,0.5,0.036,0.614,-0.071,0.725,0.05,0.913,0.00280,0.75206,-0.05,0.441,-0.058,0.334,-0.036,0.699,-0.07705,0.305,-0.02205,0.636,-0.017,0.51310,-0.0,0.357,-0.003
0,0,0.0,-0.878,0.78,0.0,0.0,0.0,0.0,-1.002,1.185,1.386,1,0,0.0,0.0,0,0.951,-0.538,-1.04,0.817,0.787,1,0.0,0.0,-1.409,-1,0.943,-0.951,0.875,0.577,-0.671,0.726,0.0,0.0
1,0.994,0.0,0.85,-0.06182,0.768,0.037,1.078,-0.066,0.845,-0.01707,0.76,-0.11726,0.582,-0.048,0.512,-0.045,0.898,-0.084,0.868,-0.179,1.053,-0.469,1.02,-0.248,1.208,-0.49,0.72529,-0.29174,0.816,-0.38576,0.562,-0.176,0.721,-0.54
0,0.774,0.0,1,0.322,0.615,-0.533,1.166,-0.744,1.264,-1.321,0.662,-1.455,1.223,-1.167,1.183,-0.681,1.096,-1,0.891,-1,1.486,-0.499,1.073,-1.189,1,-1.289,1.147,-1.075,0.541,-1,1.424,-0.775,0.669,-1
1,1.383,0.0,0.734,-0.067,0.889,-0.226,0.622,-1.216,1.414,0.61053,1.305,-0.242,0.681,-0.308,0.839,-0.34,0.939,-0.368,0.12245,-1.409,0.65,0.156,0.383,-0.78547,0.365,-0.985,0.417,-0.86583,0.408,-1.085,0.32984,-1.272,-0.143,-1
0,0,0.0,-0.987,-0.952,0.0,0.0,-0.726,1,0.747,-0.554,0.0,0.0,0.0,0,0.0,0.0,1,-1.352,-1.346,-0.944,0.519,-1.096,0.0,0.0,1,-1.15,-0.935,1.481,-0.658,-0.977,0.0,0,-0.586,0.529
1,1.182,0.0,1.164,0.113,1,0.185,1.295,-0.124,0.818,0.614,1.208,0.617,0.781,0.59113,0.568,0.666,0.911,0.435,1.114,0.93,1,1.031,0.559,1,0.853,0.944,0.801,1.383,0.665,1,0.652,1.122,0.665,1
0,0.0,0.0,-1.11,-0.753,1.104,1.265,1,-1.332,-0.826,1.145,0.526,-0.835,-1.168,-1.152,0.0,0.0,1,0.61,-0.609,-1,1.221,-0.581,1,-1,0.781,0.535,1.083,-1,0.811,-1.06,-1.082,0.704,0.93,-1.053
1,1.022,0.0,1,-0.14236,1.306,-0.166,0.698,-0.326,0.573,-0.065,0.928,-0.373,1.303,-0.26161,1,-0.124,0.931,-0.43,0.974,-0.46162,0.722,-0.213,0.795,-0.421,0.812,-0.467,1.303,-0.604,1.014,-0.464,1,-0.803,0.919,-1.071
0,1.153,0.0,1,-1.104,1.441,1.007,1.221,-1,1.485,-0.618,1.385,-0.928,0.987,-0.01840,1.184,-1.27,0.543,1,0.773,-0.997,0.604,0.74,1.071,-1.259,0.0,0.0,0.73,1.474,0.944,-0.619,1,1.165,1.067,1
1,1,0,0.755,-0.085,0.54,-0.062,1.274,-0.115,0.867,-0.17036,0.868,-0.292,1.191,-0.338,1.014,-0.295,0.835,-0.304,0.673,-0.47022,0.865,-0.431,0.705,-0.682,0.81,-0.65,0.67,-0.54629,0.372,-0.482,0.552,-0.584,0.419,-0.58086
0,1,0.0,0.417,-0.038,0.348,-0.234,1.269,-0.097,0.584,-0.145,0.664,-0.143,0.58965,1.459,1.127,-1,0.987,-0.261,0.80760,-0.249,-0.209,0.654,0.51933,0.082,0.693,-0.126,1.284,-0.337,0.628,-0.114,0.87,-1.048,-0.22,-1
1,1,0,1.386,-0.16,0.901,0.34,0.661,-0.58388,0.622,-0.274,0.958,-0.545,0.441,-0.108,0.968,0.14638,0.609,0.296,1,0.329,0.614,-0.012,0.485,-0.94,0.532,0.093,0.83,-0.066,0.646,-0.097,1.418,0.577,1.396,-0.57758
0,1,0.0,0.392,-1.023,0.98,0.801,1.349,-0.608,0.533,-0.282,1,-1,0.97,-0.89375,1.404,0.498,0.213,0.515,0.807,1.144,1,1.169,0.654,-1.424,0.796,0.627,1.369,-0.098,0.66,-0.336,0.832,0.447,1.3,0.34732
1,1.361,0.0,0.525,0.006,0.838,-0.01,1.16,-0.03,1.43,-0.039,0.524,-0.06256,0.954,-0.034,1.122,-0.07917,0.92561,-0.113,0.716,-0.14327,0.907,-0.176,1.041,-0.203,0.694,-0.236,0.811,-0.174,0.433,-0.18552,1.079,-0.20101,1.072,-0.204
0,0.0,0.0,1.376,1.264,1.492,-1,0.0,0.0,0.0,0.0,-1.191,-0.545,0.0,0.0,0.0,0,-0.835,0.693,1,0.561,-1.05,1,-1.183,0.852,0.944,-0.958,0.662,1,-0.995,1.054,0.638,1,0.0,0.0
1,1.363,0.0,1.026,0.035,0.94191,0.02280,1.115,0.05345,0.814,0.019,1.351,0.066,0.92766,0.169,0.599,0.051,1.016,0.103,0.539,0.188,0.778,0.079,0.596,0.14222,0.714,0.113,0.804,0.148,0.986,0.181,0.723,0.103,0.556,0.11447
0,0.844,0.0,1.121,0.017,0.959,0.029,0.97545,0.065,0.326,-0.861,1.167,0.11147,0.822,0.768,0.971,0.092,0.958,0.213,1.413,0.206,0.711,0.16371,0.725,0.16516,0.54446,0.23,0.408,0.163,0.605,0.175,0.255,0.162,1.281,1
1,1.24,0.0,1.133,0.064,1.317,0.3,1,0.368,0.93051,0.32213,0.995,0.39039,0.518,0.559,0.79555,0.47,0.44,0.804,0.477,0.59,0.517,0.949,0.449,0.364,0.28,0.943,0.27712,0.42,0.257,0.931,0.124,1.016,0.078,0.41
0,0.826,0,-1,-0.874,1,0.78,1.075,-0.205,0.0,0.0,-1,1.372,1.311,0.655,0.225,-1.239,-0.865,-0.606,0.055,-1.268,1.103,-0.875,-0.935,1,-1.444,-0.937,1.122,-0.587,-0.971,-0.652,1.416,1.253,0.0,0
1,1,0.0,1.107,0.119,1.194,0.214,1.082,0.245,0.72,0.889,1.013,0.36719,0.16286,0.634,0.351,0.646,0.344,0.426,0.358,0.186,0.474,0.278,0.31274,0.836,0.179,0.349,0.18626,0.489,0.187,0.675,0.062,0.578,0.1,0.67739
0,1.46,0.0,-0.409,-0.531,0.594,0.522,0.54,-0.606,0.982,-0.121,1,1.416,0.656,-0.48,1,-0.949,0.828,0.174,1.286,-1.089,0.743,-0.029,-0.96,1.371,0.53750,0.85714,1.002,1.26,0.968,-1.226,1.01,-1,1.06,-1
1,1.172,0.0,1.116,-0.05785,0.99793,-0.122,0.71,-0.286,1.411,-0.239,0.501,-0.30130,0.88,-0.403,0.462,-0.522,0.926,-0.422,0.751,-0.57075,0.918,-0.766,0.822,-0.569,0.452,-0.443,0.65247,-0.73174,0.418,-0.504,0.752,-1.008,0.259,-0.42
0,0.0,0.0,0,0.0,0.0,0,0.0,0.0,0.725,1.398,1.409,1,0.0,0.0,0.0,0.0,-0.37500,-0.642,-0.811,-1.381,0.0,0.0,0.0,0.0,-0.951,-0.68,-0.787,-0.61,-1,1.325,0.738,0,0.0,0.0
1,1.321,0.0,1,-0.051,1,-0.058,0.99601,-0.094,1.138,-0.09931,0.922,-0.154,0.649,-0.257,0.645,-0.326,0.91236,-0.261,1.143,-0.263,0.617,-0.293,1.111,-0.37643,0.626,-0.292,1.053,-0.641,0.626,-0.351,0.806,-0.477,0.412,-0.304
0,1,0.0,1.329,-0.021,-1.122,0.305,-0.468,0.395,0.795,-0.63427,1.183,-0.036,-0.318,-0.00550,-0.781,0.103,0.565,-0.344,1,-0.391,-0.159,-0.467,-0.489,0.25,0.738,-0.46734,0.563,-0.749,0.541,-0.61393,-0.086,0.239,-0.089,0.53
1,1.073,0.0,0.552,0.006,0.98103,-0.023,0.664,-0.044,1.173,-0.083,0.766,-0.064,0.94713,-0.08,1.11,-0.12790,0.676,-0.103,0.964,-0.19200,0.542,-0.23,0.481,-0.18739,0.844,-0.258,1.129,-0.163,0.459,-0.207,1.147,-0.248,0.721,-0.23902
0,1.352,0,0,0.0,1.346,0.599,0,0.0,0.16,-1.096,0.0,0.0,0.0,0.0,-0.966,-0.258,-0.531,-1.152,0.507,0.658,0.0,0.0,0.795,0.35668,-1.272,0.438,1.003,-1.145,-0.519,0.554,0.0,0,0.0,0
1,0.931,0.0,0.944,-0.153,0.326,0.028,0.882,-0.001,0.639,0.165,0.739,-0.016,0.88559,0.314,1.187,-0.449,0.966,-0.282,1.253,-0.19,1,1.273,0.46610,-0.202,0.928,-0.02778,1.128,-0.013,0.61582,-0.302,0.447,-0.251,0.93323,-0.02
0,0.0,0.0,0.568,0.581,0.811,-1.348,0.0,0.0,0.0,0.0,1.014,1.067,1.145,0.93,-1.164,-1,1.372,-1.418,-0.704,0.61,0.0,0,1,-1.265,0.663,-1,0.753,1.267,-1.182,-1,0.0,0.0,0.0,0
1,1,0.0,1.215,1.022,0.928,1.022,0.546,0.864,-0.219,1.49,-0.83152,1,-0.979,0.722,-1.306,0.576,-0.974,-0.304,-0.781,-0.42052,-1.303,-0.835,-0.557,-1.06,0.975,-1,0.698,-0.705,1,-1.152,1.268,-0.387,1.41,0.212
0,1.007,0.0,-0.632,-1.165,-0.576,1.247,0.74,0.462,0.037,-1.485,-0.573,-1,1.067,1,0.815,-1.259,-1.014,1.319,0.455,0.618,1.165,-0.773,-1.441,-0.612,-0.18856,1,0.604,-1.153,-1.104,-0.566,-0.987,1.27,1,0.33611
1,1.035,0,0.95,0.08143,1.191,-0.061,0.543,-0.059,0.883,-0.062,1.396,0.017,1.333,-0.165,0.94612,-0.19497,0.91,-0.427,0.728,-0.325,0.91428,-0.335,0.521,-0.293,1.016,-0.564,0.505,-0.27,1.079,-0.284,0.431,-0.419,0.973,-0.41173
0,0.985,0.0,0.049,-0.268,-1,0.617,-0.664,1.418,0.374,0.485,-0.82143,-0.917,-1.199,-1.379,-0.705,1,-0.02753,0.71,-0.377,-0.42113,-1.1,-0.815,-1.351,-0.552,-0.822,0.204,1.066,-1.235,-1.346,-0.328,-1,-1.065,-1.01,0.651
1,0.808,0.0,1.092,-0.02259,1,-0.024,1,-0.043,0.573,-0.07,1.08,0.533,1.229,-0.07,0.586,-0.18,1.246,0.473,0.753,-0.17639,1.298,-0.264,0.95601,-0.285,1.015,-0.596,0.769,-0.136,0.516,-0.186,0.678,-0.221,1.107,-0.22981
0,0,0.0,-0.697,0.928,0.903,-1,-1,1.007,0,0.0,0.958,1.3,-0.807,-0.18750,1,1.404,-0.678,-1.371,0.609,-1.369,-1.03,-1.214,0.97,0.801,0.688,-1.259,1.386,1.349,0.684,0.532,0.0,0.0,-1.023,-0.654
1,1,0,0.659,0.048,0.94525,0.054,0.99952,0.18,0.98,-0.01911,0.921,0.051,0.513,0.188,0.94862,0.13,0.934,0.105,0.772,0.238,1.15,0.176,0.997,0.137,0.463,0.118,0.698,0.183,1.096,0.221,1.115,0.338,1.068,0.297
0,1,0.0,0.256,-0.852,-0.944,0.545,0.0,0.0,0,0.0,-1.191,1.054,0.0,0.0,-0.726,-0.733,1.108,0.329,0.51979,0.215,0.0,0.0,-0.822,-0.306,-0.993,0.96250,1,0.911,-0.835,0.67708,0.0,0.0,0.0,0.0
1,1,0.0,1,0.076,0.669,0.12197,1.474,0.225,1.109,0.137,0.606,0.19211,1.304,0.156,0.975,0.23,0.951,0.393,0.728,0.332,0.683,0.304,0.519,0.377,1.104,0.254,0.584,0.42746,0.816,0.476,0.579,0.47033,0.438,0.582
0,1,0.0,0.018,-0.307,0.0,0.0,0.0,0.0,0.0,0.0,0.0,0,0.0,0,0.12292,-0.705,0.269,0.769,1,-0.5,0.0,0.0,0.044,-0.822,-0.136,-0.16,1.392,-0.738,-0.691,0.125,0.0,0.0,1.402,-0.27292
1,1,0.0,1.324,0.16801,0.5,0.187,0.615,0.229,1.209,0.22610,0.987,0.213,0.756,0.396,0.66,0.545,0.415,0.492,0.539,0.534,0.56553,0.759,0.464,0.915,0.527,0.55236,0.491,0.702,0.35684,0.849,0.197,0.945,0.246,1.101
0,1.103,0.0,0.799,1.33,0.18,-1.317,0.655,1,0.87719,0.392,-0.966,1.398,-0.073,0.729,0.012,0.05044,-0.736,-0.652,0.154,-0.03289,0.448,-0.384,-1.457,0.971,0.475,-1,0.874,-0.06,1.122,1.416,0.298,-0.78,1.255,1
1,1.202,0,0.632,-0.372,1.379,0.549,1.247,0.154,1.109,-0.06,1.175,0.47990,0.65452,-0.237,0.935,0.008,0.97613,-0.743,1.198,-0.24497,0.728,-0.242,0.835,-0.133,1.351,0.116,0.574,-0.044,1.401,-0.27387,0.598,0.294,0.552,-0.057
0,1.226,0.0,1.107,0.10598,1.286,0.493,0.54,-1.002,0.66938,0.051,1.132,0.17,1,0.60598,0.675,0.226,0.516,0.035,0.853,-0.468,1.139,0.87,0.945,0.324,0.91033,-0.363,0.864,0.132,0.192,-0.019,0.858,0.193,1.273,0.37409
1,1,0.0,0.526,0.149,1.127,0.016,1.374,0.042,1,0.061,1.077,0.33266,0.663,0.05489,0.949,0.042,1.41,-0.261,0.622,-0.088,1.193,0.036,0.925,0.27376,0.686,-0.575,0.716,-0.028,1.09,0.12,0.611,-0.178,0.934,-0.07329
0,0.0,0,1.398,-1.381,0.577,-0.951,0.936,-0.669,0.787,-0.61,1.256,1.386,0.943,0.68,1.145,-1,0.505,1.04,0.95,0.538,0.738,1,1.409,-0.642,0.951,-1,0.56,-0.88,1.325,0.472,0,0.0,1.172,-1
1,0.825,0.0,0.726,1.008,0.529,0.665,0.543,0.932,0.149,0.628,-0.371,1,-0.79135,0.677,-0.549,0.532,-0.39046,-0.393,-1.238,-0.335,-0.733,-0.517,-0.477,-0.853,0.49,-0.679,0.378,-0.93296,0.177,-1,1.045,-0.35,0.807,0.03446
0,0.775,0,1.183,1,1.486,-1.366,1.455,-1,1.289,1.424,1.405,0.76,0.615,1.078,0.669,-1.422,1.14,1,0.689,0.88,1.096,1.166,0.768,1.11,1.298,1.034,1.122,0.271,0.0,0.0,1.285,-0.669,1,-1
1,0.563,0.0,0.77,0.021,1.41,0.158,0.774,0.26968,1.147,0.317,0.794,0.309,1.223,0.215,1.367,0.34,0.889,0.435,1,0.53846,0.614,0.61267,1,0.317,0.523,0.813,0.89502,1.064,1.017,0.457,0.982,1.182,0.835,0.564
0,0.0,0,0.952,-0.72,1,0.718,-0.966,-1,0.769,-0.954,0.0,0.0,0.0,0.0,-1,1.21,1.409,-1,1.0,-1.096,-0.728,1.352,0.658,-1.003,1.158,-1.145,0.649,-0.977,-1.451,-1.487,0.0,0,1.312,-1.383
1,1,0.0,1.147,0.081,0.737,0.113,1.223,0.229,1.452,0.35052,0.491,0.573,0.626,0.514,0.974,0.55,0.816,0.394,0.651,0.571,0.407,0.886,0.48339,0.855,0.587,0.737,0.494,0.83796,0.336,0.636,0.13756,0.86835,0.085,0.824
0,0.53,0.0,0.654,0.562,0,0.0,-0.307,0.72,0.0,0.0,0.0,0.0,0,0.0,0.178,-0.287,0.293,0.252,0.318,0.697,0.0,0,0,0.0,0.779,0.27381,0.92,0.878,0.0,0.0,0.0,0.0,0.0,0
1,0.661,0.0,0.659,0.062,0.858,0.158,1,0.179,0.593,0.383,0.701,0.349,1.33,0.544,1.31,0.266,0.555,0.714,1.136,0.378,0.614,0.59962,0.59,0.89,0.66643,0.63942,0.59417,0.69435,0.349,1.064,0.488,0.478,0.432,0.409
0,0,0.0,1.062,1.113,0.0,0,0.841,-1,0.835,-1.275,1.107,1.432,1.376,1.485,0.701,-1.035,1,0.587,0.537,0.553,0.552,-1.043,-1.419,-0.699,0.884,-0.657,0.924,-1,0.611,1,0.0,0.0,1.366,-0.838
1,1,0.0,1.111,0.041,1.348,0.174,1.458,0.1,1.016,0.197,1.189,0.369,0.842,0.282,0.779,0.387,1.111,0.53,1.15,0.495,0.79400,0.642,0.703,0.859,0.67077,0.403,0.582,0.345,0.53952,0.631,0.308,0.359,0.40442,0.62658
0,0,0.0,1.369,1.001,1,-1.484,0.808,0.928,0.917,1.335,0.726,0.912,1.245,1.199,0.905,0.582,0.827,-0.885,-0.756,0.969,-0.732,1.359,-1.223,1,1,-1.003,0.77,0.976,-1,0.578,-0.669,-1,-1.073,1.172
1,1.265,0.0,1.083,0.282,1.486,0.357,1.341,1.016,0.873,1,0.856,1.133,1,1.293,0.784,0.464,0.791,1.136,1,0.767,0.761,1.038,1.026,0.715,0.64628,1.336,0.542,1.135,0.127,0.755,-0.211,1,-0.733,1
0,0,0.0,1.091,0.617,1,-1,1.32,0.802,-1.273,1,0.0,0.0,1.192,1.235,0.0,0.0,0.0,0.0,-0.661,1.029,-1,0.802,1.348,1.132,0.723,-0.692,0.753,0.61,1.402,0.761,1.385,-0.929,-1.449,1
1,0.536,0.0,0.542,-0.086,0.61,0.504,0.728,0.056,0.863,0.111,1.39,-0.554,1.107,-0.423,1,-0.15851,1.321,0.045,1,-0.356,1.209,-0.23,1.387,-1.453,1,-0.514,0.644,-1.008,0.868,-1,1,-0.45,1.22,-0.549
0,0.0,0.0,1.462,-0.757,1.025,0.781,0.564,1.167,0.843,0.64,0.795,1,0.888,-0.822,1.397,-1.251,1,1,0.65,-1,1.343,0.635,1.255,1.151,0.861,-1.488,0.901,1,1.322,-1.191,1.426,0.695,1,-1.396
1,0.861,0.0,1.11,0.112,0.734,0.086,0.89702,0.337,0.84111,0.312,0.78801,0.559,0.629,0.621,0.867,0.408,0.319,0.609,0.446,0.326,0.409,0.692,0.43,0.68343,0.265,0.76146,0.117,0.677,0.09694,1.04,0.014,1.049,-0.044,0.945
0,1.34,0,0.947,-0.095,0.689,0.21908,0.522,0.267,0.25795,0.655,0.789,-0.15194,0.009,0.457,0.006,0.402,0.192,0.41168,0.119,0.418,0.044,0.275,-0.001,0.241,-0.035,0.111,-0.045,0.195,-0.04779,0.102,-0.063,0.078,-0.032,0.065
1,0.535,0.0,0.454,-0.033,0.507,-0.05178,0.455,0.021,0.499,0.021,0.63462,0.122,0.784,0.09,0.551,0.05178,1.161,-0.265,0.665,-0.011,0.605,0.06953,0.266,-0.18,0.687,0.018,0.61009,-0.036,0.508,-0.107,0.847,-0.073,0.333,0.02959
0,1,0.0,0.358,-0.092,1.16,0.048,0.526,0.581,0.35821,0.135,0.757,0.091,0.649,-0.541,0.56,0.67910,0.407,-0.10448,0.399,-0.162,0.332,0.203,0.83209,0.67,0.359,0.09,0.493,0.11,0.25,-0.019,0.402,0.129,0.386,0.12755
1,1.065,0,0.68,0.065,0.394,-0.156,0.6,0.037,0.818,-0.026,0.64528,0.007,0.66792,-0.167,0.587,-0.028,0.684,0.076,0.608,-0.092,0.507,-0.306,0.975,-0.169,1.083,-0.215,0.73886,-0.033,0.625,0.02264,0.485,0.027,0.747,0.00755
0,1.214,0.0,1.029,-0.033,0.89241,0.045,0.862,0.712,0.66364,-0.048,0.316,-0.16818,1.098,0.072,0.286,1.34,0.503,0.135,0.623,0.148,1,-0.187,0.953,-0.653,0.309,0.406,0.313,0.207,0.565,0.121,0.48927,0.175,1.141,1
1,0.626,0.0,0.655,-0.015,0.505,0.0,0.49,0.12941,0.488,-0.055,0.56471,0.14118,0.655,0.103,0.431,-0.056,0.755,0.023,0.497,0,0.275,0.06667,0.58039,0.061,0.527,0.002,0.267,0.054,0.369,0.085,0.613,0.347,0.622,0.178
0,1.043,0.0,0.364,0.12482,0.31,0.175,0.326,0.338,-0.039,0.481,0.04517,0.36194,-0.236,0.33636,-0.072,0.165,0.032,0.224,-0.34773,0.184,-0.255,0.037,-0.257,0.309,-0.14,-0.07,-0.062,-0.042,-1.162,-0.766,-0.028,-0.046,-0.003,-0.06314
1,0.942,0,0.726,-0.292,1.343,0.336,0.801,0.264,1.067,0.056,0.857,-0.034,0.537,0.199,0.822,0.218,0.948,0.69,0.471,0.39056,0.457,0.401,1,0.412,0.489,0.293,0.843,0.74,1.123,0.58584,0.246,0.383,0.52361,0.54185
0,1,0.0,0.84557,-0.052,-0.198,-1.034,-0.072,-0.409,0.682,0.041,0.577,-0.005,-0.17,0.593,-0.24,-0.787,0.85701,-0.077,1.139,-0.231,-0.051,0.58,-0.507,1.018,0.493,-0.03718,0.70882,-0.169,0.487,-0.14109,-0.213,-1.107,-0.207,-0.743
1,1,0.0,0.6,-0.168,0.64348,0.041,0.592,0.43,0.92,0.18261,0.417,0.2,0.726,-0.309,0.306,0.37826,0.562,-0.449,0.266,-0.177,0.351,0.107,0.337,-0.03845,0.373,-0.176,0.689,-0.061,0.302,-0.065,0.627,-0.356,0.681,0.14783
0,0.595,0.0,-0.597,0.097,-0.235,0.645,0.743,-0.111,0.357,-0.062,0.247,-0.154,0.47368,0.048,0.812,-0.114,0.084,0.261,0.217,0.037,0.596,0.039,-0.63777,-0.61610,1,0.97,0.41348,-0.40116,-0.099,0.088,0.02,0.772,0.721,-0.056
1,1,0.0,0.432,0.093,0.58,0.192,0.544,-0.006,0.552,0.189,0.52462,-0.238,0.341,-0.058,0.579,0.023,1.157,-0.182,0.253,-0.062,0.407,0.045,0.155,-0.20883,0.687,-0.03176,0.438,-0.03351,0.321,0.067,0.601,-0.023,0.23,-0.03226
0,0.662,0.0,0.79157,0.115,0,0,0.3,0.079,0.313,0.598,0.452,0.784,-0.027,0.53215,0.204,0.189,-0.014,1.03,-0.471,0.985,-0.148,0.38803,-0.313,0.23725,-1.344,0.587,-0.431,0.618,-0.575,0.736,-1.437,0.164,0.0,0.0
1,1,0.0,1.199,0.088,0.542,0.52,0.72990,0.599,0.59784,0.433,0.573,1.173,0.346,0.648,0.06438,0.85038,-0.12611,0.452,-0.269,1.103,-0.634,0.424,-0.855,0.788,-0.682,0.356,-0.658,0.17,-0.551,0.136,-0.613,-0.034,-0.422,-0.14
1,0.537,0,1.345,0.27,1.113,0.663,0.71771,0.411,0.402,0.879,0.171,0.773,0.101,0.972,-0.078,0.557,-0.213,1.087,-0.763,0.79525,-0.68274,0.325,-0.77408,0.498,-0.471,0.165,-0.461,-0.01,-0.854,-0.275,-0.854,-0.283,-0.366,-0.49700
0,1,0.0,-0.706,-1.107,0.0,0.0,0.685,-0.904,0.605,0.224,-1,-0.256,0.0,0.0,0.0,0.0,0.564,-0.264,0.36482,-0.429,0.858,-1.111,-1,-1.419,0.951,-0.867,-1.356,-1.054,-1.113,-1.016,1.366,-1,0.0,0
1,1.369,0.0,0.74084,0.036,0.654,0.015,0.458,0.035,0.983,0.091,0.614,0.365,0.76,0.088,0.559,0.08442,0.399,-0.084,0.792,0,1.024,0.11355,0.684,0.149,0.593,0.185,0.429,0.164,0.656,0.182,0.543,0.119,0.57455,0.15114
0,1,0.0,0.912,-1.172,0.0,0.0,0.77941,-0.99265,0.706,0.626,-0.323,-0.855,0.0,0.0,0.0,0.0,0.818,-1.094,0.635,-0.78,0.0,0.0,0.111,-1,-0.636,-1,-1.341,-0.756,1,-1.392,0.715,-1.214,0.0,0.0
1,1,0.0,1.022,0.02,1.349,-0.042,0.723,-0.029,0.802,-0.05071,0.99026,-0.066,0.612,-0.107,1.416,-0.119,0.761,-0.181,1.314,-0.134,1.195,-0.216,1.038,-0.143,0.98971,-0.126,0.74,-0.293,1.406,-0.176,0.96436,-0.156,0.575,-0.23296
0,0.0,0.0,0,0.0,0.0,0,0.0,0.0,0,0.0,0.0,0.0,0.0,0.0,0.0,0.0,0.0,0.0,0.0,0.0,0.0,0,0.0,0.0,0.0,0.0,1.387,-1.235,0.0,0.0,0.0,0.0,0,0
1,0.888,0.0,0.95704,-0.169,0.55,-0.185,0.988,-0.249,1.012,0.097,0.92003,-0.01124,1.167,-0.223,0.757,-0.394,1.23,-0.316,1.193,-0.263,1,-0.387,0.802,-0.333,0.781,-0.154,0.492,-0.31565,1.132,-0.154,0.566,-0.204,0.572,-0.41573
0,1,0.0,0.28409,-0.433,0,0.0,0.54,-1.37,0.213,0.95833,0.34,0.094,0.176,-0.84848,0.0,0.0,0.514,-0.203,0.462,-0.833,0.0,0.0,0.0,0.0,0.326,0.169,0.529,-0.229,0.08,-0.48485,0.199,-0.506,0.0,0.0
1,1,0.0,1.058,-0.49311,0.864,-0.033,1.308,-0.798,0.732,0.771,1.325,-0.08,1.123,-0.167,0.894,-0.204,1.251,-0.213,1.026,-0.171,0.541,-0.23452,1,-0.364,1,-0.415,1.032,-0.287,0.885,-0.372,1.09,-0.393,1.125,-0.44739
0,0.544,0.0,0.0,0.0,0.0,0,0,0.0,0.0,0,0.616,1,0.0,0,0.0,0.0,0.519,-0.543,0.533,-0.581,0.0,0.0,0.0,0.0,0.0,0.0,1.349,0.10976,0.0,0.0,0.0,0.0,0.0,0.0
1,0.999,0,1.396,0.005,0.84082,-0.108,0.88237,-0.15,0.875,-0.092,0.585,-0.088,0.85221,0.023,1.251,-0.159,0.494,-0.124,0.686,-0.08935,0.454,0.001,0.87836,-0.038,0.483,-0.131,0.743,-0.2,0.548,-0.128,1.115,-0.22,0.788,-0.208
0,0.881,0.0,0.09,0.121,0,0.0,0.0,0.0,0.698,0.82432,0.305,1.289,0.0,0.0,0.0,0.0,0.37162,-0.728,0.202,-1.19,0,0.0,0,0.0,-0.285,-1,1.216,-1.427,0.319,-0.293,0.0,0.0,0.0,0.0
1,1,0,1.415,-0.321,0.99150,-0.376,0.492,-0.793,0.936,-0.532,1.337,-0.288,0.812,-0.652,0.54,-0.811,1,-1.066,0.387,-0.829,0.635,-1.477,0.76,-0.736,0.61946,-0.625,0.53777,-0.561,1.087,-0.623,1.214,-0.775,0.298,-0.811
0,1.302,0.0,0.525,-0.665,0.0,0.0,0.0,0.0,0.419,1.25,1,-0.351,0.0,0.0,0,0.0,0.61,-0.22727,0.725,-1,1.276,-1,0.0,0.0,0.0,0.0,0.966,-0.93939,-0.084,-0.923,0.0,0.0,0.0,0.0
1,0.588,0.0,1.19,0.149,0.988,0.41149,0.583,0.663,0.786,0.69962,0.227,0.441,0.202,0.893,-0.04061,0.98,-0.103,1.06,-0.503,0.954,-0.698,0.56092,-0.60230,0.40996,-0.371,0.28,-0.381,0.094,-0.549,-0.097,-0.42,-0.195,-0.237,-0.371
0,1,0.0,0.357,-0.577,0,0.0,1.388,-1.254,0.875,0.618,0.43000,0.603,0.0,0.0,0.0,0.0,0.418,-0.181,0.473,-0.822,0.0,0.0,0.0,0.0,0.21000,0.932,1.272,0.208,0.0,0.0,0.0,0,0.0,0
1,0.625,0.0,0.625,0.331,1.104,0.549,0.902,1.059,0.385,0.942,0.172,0.91730,0.06,0.818,-0.186,1.097,-0.439,0.75517,-0.51360,0.736,-0.812,0.62,-1.012,0.199,-1.03,0.03591,-0.71731,-0.164,-0.434,-0.259,-0.749,-0.53,-0.497,-0.53319
0,0.835,0.0,0.557,0.766,-0.72973,1.421,-0.267,0.556,0.057,0.289,-0.118,-0.062,-0.028,-0.082,0.018,-0.021,0.013,-0.006,0.002,0.00097,0.0,0.001,-0.0,0.0,-0.0,0.00002,-0.0,0.0,0.0,0,0,0,0.0,0.0
1,0.826,0.0,0.281,-0.129,0.33333,0.077,0.151,0.267,0.31,0.09524,0.583,0.026,0.30952,-0.033,0.158,-0.067,0.165,-0.077,0.461,0.035,0.202,0,0.317,-0.168,0.213,-0.031,0.247,-0.018,0.278,0,0.125,-0.021,0.129,-0.01877
0,0.686,0.0,1.043,-0.087,1,0.07,0.703,-0.012,0.687,0.011,0.85246,-0.034,0.52,0.0,0.639,-0.16393,0.167,-0.184,0.937,-0.21,0.893,0.046,1.191,-0.431,0.362,-0.184,0.52385,-0.278,0.32787,-0.02,0.27869,-0.274,0.581,-0.096
1,0.685,0,1.411,0.0,0.88627,0.03131,1.194,0.03,0.739,0.0,0.544,0.067,0.475,0.096,0.77118,0.139,0.429,0.321,0.587,0.163,1.037,0.11,0.743,0.109,0.74545,0.2,0.339,0.187,0.489,0.025,0.775,0.194,0.58840,0.094
0,1,0.0,0.39286,0.301,-0.702,0.128,-0.116,-0.522,0.667,0.008,0.953,0.40476,-0.953,0.198,-0.34797,-0.932,0.534,0.115,0.581,0.079,-0.51830,0.422,-0.713,-0.47594,0.437,0.557,0.617,0.296,0.303,0.203,-0.764,-0.21,0.158,-0.479
1,0.916,0,0.73,-0.102,0.531,-0.017,0.657,-0.041,1.304,0.002,0.552,-0.036,1.346,-0.07287,1.385,-0.207,1.232,0.052,0.473,-0.049,1,-0.11526,0.619,-0.18667,1.162,0.025,1.186,-0.172,1.17,-0.086,0.543,-0.095,1.463,-0.44222
0,0.706,0.0,0.443,-0.12727,0.538,-0.155,0.18182,-0.564,0.51,-0.03636,0.301,-0.03,0.257,0.243,0.419,-0.41818,0.113,-0.023,0.36364,0.038,0.109,0.666,0.687,0.181,0.415,0.111,0.583,-0.074,0.394,-0.075,0.126,-0.379,0.324,-0.29091
1,1,0.0,1,-0.619,0.908,1.104,0.45,-0.041,0.352,0.0,0.564,-0.001,0.308,0.094,0.363,-0.061,0.98878,-0.001,0.768,0.0,0.634,0.07547,0.692,-0.001,0.749,0.79245,1.127,-0.001,0.94340,-1.458,1.348,0.434,0.594,-0.11
0,1,0.0,0.896,0.674,-0.763,-0.308,0.245,-0.13,0.45238,-0.083,-0.902,0.097,0.445,0,0.22,-0.065,-0.448,0.499,0.23810,0.02381,0.374,0.034,0.161,-0.207,-0.724,-0.062,0.25,-0.474,1.359,0.0,-0.763,-0.067,0.307,0.02381
1,1.136,0.0,0.325,0.04167,0.662,-0.091,0.588,0,0.398,-0.045,0.376,0.0,0.29167,0.113,0.73,0.014,0.585,-0.184,0.502,-0.196,0.391,0.097,0.283,0.263,0.299,-0.18750,0.45,-0.087,0.376,-0.064,0.542,-0.31250,0.22,-0.06250
0,1.132,0,0.885,0.865,0.0,0,0.0,0.0,0.0,0,0.517,-1.234,-0.636,0.45489,-0.719,0.176,0.519,1.321,0.0,0,0.0,0.0,0.355,0.268,-0.536,-0.61,1.192,-1.453,1.307,1,0.0,0.0,0.0,0.0
1,1,0,1.392,0.054,0.551,0.08,0.949,0.267,1.16,-0.569,0.759,0.61320,0.495,0.296,0.72254,0.207,0.919,0.608,1.165,0.332,0.644,0.353,0.341,0.289,0.40440,0.63,0.269,0.375,1.262,0.757,0.29,0.215,0.168,0.37191
0,1,0.0,0.59840,0.45,1.095,0.969,0.528,0.562,0.665,-0.113,1.307,0.1,0.92,-0.85727,1.095,0.601,0.822,-0.05206,0.842,0.209,1.237,-0.503,0.458,-1.05,0.161,-0.44,1.167,0.107,0.559,0.42677,1.098,0.81007,0.525,0.51
1,1.032,0.0,1.305,0.111,0.917,-0.021,1.3,0.02555,1.347,-0.128,1.113,-0.037,1.298,-0.032,0.861,-0.05343,1.123,-0.05179,0.93840,0.014,0.864,-0.049,1.004,-0.05318,0.46,-0.124,0.851,-0.06995,0.791,0.016,1.34,-0.088,1.275,-0.071
0,1.008,0.0,0.0,0,-0.388,0.656,0,0.0,0.517,-1.12,0.732,0.242,-0.139,-0.59212,-0.30241,0.679,0.932,0.221,0.0,0.0,0.0,0.0,-0.182,-0.864,0.0,0.0,0.837,-1.448,0,0.0,0.04447,0.353,0.0,0.0
1,1,0,0.727,0.00876,1.122,0.005,0.98658,-0.011,1.144,-0.041,0.563,-0.023,1.478,-0.01,1.03,-0.02,1,-0.008,1.368,0.0,1.403,-0.02612,0.763,-0.05,0.739,-0.04,0.945,-0.019,0.588,-0.013,0.848,-0.035,1.449,-0.024
0,1,0.0,0.0,0,1.103,-0.234,0.225,-0.054,0.0,0,0.546,0.049,1.472,-0.211,0.548,0.101,0.698,-0.145,0.0,0,1.452,-0.18,1.289,-0.303,0.0,0.0,0.506,-0.17,0,0.0,1,-0.261,0.276,-0.18
1,1.318,0.0,0.907,0.01403,0.301,-0.033,0.52751,0.045,0.208,0.088,0.43313,0.048,0.112,0.048,0.434,0.0,0.36585,0.0,0.31707,0.072,0.145,0.07,0.288,0.036,0.21951,0.117,0.285,0.037,0.216,0.06,0.183,0.0,0.152,0.085
0,1.276,0.0,1.342,1,1,-1,0.0,0.0,0.0,0.0,1,1,0.996,-1.194,0.656,0.991,0.739,-1.028,0.0,0.0,0.0,0.0,0.755,-0.153,0.0,0.0,1.34,-0.617,1.409,0.653,1,-0.542,0.0,0.0
1,1.221,0.0,0.339,0.286,0.648,0.358,0.226,0.11,0.291,0.463,0.348,0.458,0.151,0.75,0,0.739,-0.034,0.324,-0.20408,0.478,-0.302,0.561,-0.171,0.355,-0.61224,0.324,-0.46579,0.119,-0.59184,0.239,-0.51,0.0,-0.26531,-0.188
0,0.631,0.0,0.0,0.0,1.272,-1,0.0,0.0,0,0.0,0.624,0.947,1.063,-0.25342,1.162,0.141,0.972,-0.822,0.0,0.0,0,0.0,0.885,0.54,0.0,0.0,0.733,-1,0.0,0.0,1.406,-0.797,0,0.0
1,1.376,0.0,0.89706,0.38235,0.91176,0.215,1.031,0.714,0.633,0.981,0.19118,0.765,-0.014,0.485,-0.245,0.515,-0.345,0.67647,-0.571,0.635,-1.041,0.309,-1.039,0.083,-1.085,-0.12500,-0.575,-0.324,-0.802,-0.394,-0.566,-0.693,-0.179,-0.776
0,0.625,0.0,-1.242,0.176,0.141,0.097,-0.71,-0.433,-0.30719,0.75,-0.974,1,-0.81699,0.288,-0.885,-0.022,-1.177,-0.77,-0.41,-0.749,-0.068,-0.601,1.382,-1.181,-1.156,-0.43137,0.505,0.067,-1,0.046,0.122,0.016,-0.401,-0.48241
1,1.478,0.0,0.26667,-0.065,0.469,0.0,0.275,-0.187,0.36667,0.11667,0.452,0.024,0.71667,0.109,0.771,-0.038,0.753,0.20000,0.559,-0.017,0.189,0.282,0.786,0.0,0.25000,0.193,0.551,0.073,0.366,0.025,0.663,0.023,0.605,-0.056
0,1.048,0.0,-0.165,0.366,-0.197,0.128,-0.191,-0.063,0.082,-0.06879,0.04461,0.014,-0.00885,0.015,-0.011,-0.002,-0.0,-0.006,0.006,-0.001,0.002,0.002,-0.00114,0.001,-0.001,-0.00050,0.0,-0.001,0.0,0.0,0.0,0.0,-0.0,0.00002
1,1,0,1.083,-0.468,0.511,0.163,0.564,-0.24324,0.702,0.242,1,-0.386,0.657,0.0,0.62162,-0.062,0.449,-0.316,1.046,-0.164,0.62162,0.08,0.501,0.198,0.204,-0.204,0.719,-0.132,0.858,-0.331,0.894,-0.537,0.597,-0.307
0,1,0.0,0.94531,-0.021,-0.793,-0.394,-1.467,-0.012,0.516,0.018,0.638,-0.027,-0.861,0.145,-1.392,-0.00391,1.378,-0.041,0.53,-0.024,-0.695,0.086,-1.074,0.298,0.616,-0.004,0.424,0.1,0.90234,-0.07,-0.938,-0.18750,-1.125,-0.34375
1,0.543,0.0,0.626,0.032,0.656,-0.008,0.554,0.01214,0.96705,-0.021,0.718,0.007,0.95665,-0.043,0.95260,-0.006,0.62,-0.037,0.704,0.01792,0.616,-0.05,0.581,-0.025,1.256,-0.063,0.96215,-0.022,1.183,0.01,0.669,-0.049,0.878,0.005
0,1,0.0,0.706,-0.07,0.552,-1,0.522,-0.093,0.36111,-0.125,0.701,-0.354,0.16667,-0.165,0.587,-0.34,1.356,-0.327,0.611,-0.546,0.0,-0.355,1.107,-0.445,0.924,-0.295,1,-0.591,0.553,-0.233,1.016,-0.339,1.366,-0.65935
1,1,0.0,0.354,-0.094,0.24138,-0.077,0.202,-0.06897,0.088,-0.073,0.031,-0.054,0.01707,-0.035,0.011,-0.008,0.002,-0.01,0.001,-0.00523,-0.0,-0.002,-0.0,-0.002,-0.0,-0.001,-0.0,-0.001,-0.0,-0.0,-0.0,-0.0,-0.00008,-0.0
0,0.756,0.0,0.613,-0.073,0.485,0.0,0.55,-0.057,0.931,-0.091,0.396,-0.069,0.66667,-0.133,0.886,-0.09804,0.694,-0.11765,0.349,-0.216,0.789,-0.266,0.608,-0.253,0.365,-0.25490,0.636,-0.149,0.666,-0.31373,0.537,-0.288,0.389,-0.27451
1,1,0.0,0.284,0.215,0.676,0.198,0.265,0.245,0.091,0.153,0.012,0.107,-0.02367,0.077,-0.033,0.084,-0.032,0.041,-0.03230,0.022,-0.029,0.003,-0.015,-0.002,-0.01097,-0.005,-0.009,-0.006,-0.003,-0.004,-0.001,-0.00408,0.0,-0.00291
0,1,0.0,-0.4,0.15625,0.082,0.0,0.0,0.064,0.677,0.075,0.18750,0.0,-0.018,0.111,0.088,0.0,0.211,-0.119,0.33,-0.463,0.0,-0.09375,0,0.0,0.023,-0.519,0.028,0.0,-0.498,0.041,-0.04,0.0,0.0,0.09375
1,1,0,0.589,-0.006,1.22,-0.014,0.843,-0.036,0.761,-0.01,0.856,-0.044,0.98919,0.107,1.209,-0.056,0.993,0.07,0.97838,-0.008,1,0.047,0.542,0.037,0.97838,0.128,0.888,0.007,0.822,-0.037,1.453,0.015,1.321,-0.045
0,1,0.0,0.579,0.031,1,0.063,1,0.64,0.636,-0.005,0.83721,0.049,0.861,0.323,1.462,1.322,0.937,0.052,1.35,0.103,1.397,0.329,0.795,-1.025,1.083,0.054,1.426,0.378,0.626,0.087,1,0.838,1.167,1
1,1.464,0.0,0.8,-0.01604,0.917,0.042,1,0.01604,0.734,0.00535,0.741,-0.02,0.502,0.0,0.506,0.046,1.09,0.058,1.243,0.044,0.991,0.031,1.111,-0.021,0.96257,0.048,0.843,0.061,0.547,0.013,0.894,0.09091,1.1,0.055
0,1,0.0,-0.20500,0.388,0.23000,0.137,0.161,0.326,0.242,0.423,0.374,-0.38,0.077,0.265,-0.09500,0.23,-0.071,0.242,-0.485,0.271,-0.48000,-0.09,0.236,0.415,-0.806,-0.248,0.174,-0.381,-0.251,0.14,-0.273,-0.309,0.221,0.03050
1,1.05,0.0,0.605,0.02,0.481,0.06667,1.014,0.051,0.70000,0.0,0.909,0.0,0.615,0.0,0.706,0.0,0.70000,0.10000,0.387,0.10000,0.699,-0.019,0.884,0.0,0.74,0.113,0.333,0.053,0.326,0.079,0.60000,0.129,0.885,0.158
0,1.19,0.0,0.05866,-0.009,0.037,0.004,0.0,-0.011,0.005,-0.027,0.01676,-0.075,-0.00559,0.056,0.047,-0.049,0.0,0.071,-0.06425,0.044,-0.07,0.013,0.041,-0.005,0.009,0.00559,0.10335,-0.012,0.04,-0.002,0.046,0.0,0.036,-0.041
1,1,0.0,1.339,0.255,0.413,0.993,0.479,0.841,0.008,0.785,-0.203,0.9,-0.297,0.56079,-0.91,0.241,-0.373,0.104,-0.65426,-0.261,-0.749,-0.58,-0.382,-0.703,-0.048,-0.332,0.16085,-0.555,0.344,-0.325,0.53,-0.22535,0.362,-0.05980
0,0.979,0.0,0.05460,0.01437,-0.021,0.057,0.013,0.068,-0.07759,0.012,0.009,-0.06609,-0.025,0.043,-0.063,-0.056,-0.078,0.044,-0.04023,0.026,0.019,0.022,-0.047,-0.006,0.045,-0.011,0.007,0.02,0.035,0.007,0.02586,0.008,-0.028,-0.007
1,0.54,0,1.058,-0.006,0.843,0.015,1.041,0.001,0.965,0.006,0.78424,-0.01,0.83350,0.02,1.252,0.021,0.443,-0.008,0.79113,-0.029,1.033,0.033,1.102,0.057,0.399,-0.015,1.092,0.007,1.068,-0.04,0.82956,0.023,0.79015,0.01
0,0.849,0.0,0.047,0.026,0.004,0.0,0.025,-0.019,0.025,-0.059,-0.067,-0.008,0.021,-0.02282,0.0,-0.02,-0.04708,-0.025,-0.013,0.03566,0.016,0.003,0.06,-0.02282,0.055,0.011,0.049,0.01,0.028,0.006,-0.028,-0.01854,-0.009,0.01997
1,0.942,0.0,0.375,0.312,0.267,0.276,0.373,0.38,0.025,0.635,-0.027,0.511,-0.34127,0.372,-0.41270,0.475,-0.51587,0.06878,-0.604,-0.063,-0.137,-0.118,-0.127,-0.402,-0.23280,0.004,0.022,-0.426,0.089,-0.298,0.345,-0.139,0.355,0.04233
0,0.888,0.0,0.056,0.009,0.13959,-0.047,0.066,-0.08238,0.158,-0.052,0.142,-0.014,0.184,0.09,0.14645,-0.092,0.246,-0.051,0.119,0.047,0.14,0.0,0.125,-0.002,0.101,-0.095,0.08467,0.019,0.082,-0.06636,0.141,-0.073,0.073,-0.06865
1,1,0.0,1.267,0.339,0.697,0.421,0.21572,0.471,-0.79,0.542,-0.964,0.395,-1.104,0.0,-0.891,-0.404,-0.261,-0.62157,-0.18,-0.675,0.626,-0.859,0.724,-0.52,0.83,-0.05,0.407,0.362,0.336,0.383,0.04,0.54479,-0.21572,0.50457
0,1.429,0.0,0.024,0.006,0.046,-0.009,0.03,0.009,0.008,0.04372,0.003,0.001,0.012,-0.022,-0.01,0.067,-0.022,0.02680,-0.022,-0.005,0.028,-0.035,0.026,0,0,-0.017,0.011,-0.01128,0.004,-0.018,-0.01,-0.035,0.004,0
1,0.686,0.0,0.977,0.001,1.161,-0.084,0.77521,-0.04182,0.84317,0.09037,0.621,0.175,0.795,-0.088,0.461,0.033,1.222,-0.087,0.83570,-0.12,1.283,0.014,0.497,0.024,0.463,-0.02,0.82383,-0.043,0.526,-0.056,0.8,-0.016,0.542,-0.072
0,1.467,0.0,0.861,-1,1.384,0.793,-1,1,0.575,-1,0.938,-0.882,-1.236,-1.125,-1.061,1.277,0.7,0.735,0.685,0.525,-0.53,1.151,0.662,-0.727,0.598,-1.467,0.684,1.437,0.891,1.16,-1,0.924,-1.445,1
1,0.705,0.0,0.853,0.557,0.38887,1.119,0.123,0.636,-0.284,0.549,-0.76229,0.37,-1.265,0.10768,-0.509,-0.204,-0.966,-0.388,-0.288,-1.192,0.383,-1.042,0.767,-0.35230,1.035,-0.23324,0.871,0.195,0.196,0.31,0.15,0.94,-0.11215,0.557
0,0.838,0.0,0.841,1.485,0.661,0.51250,0.353,-0.543,1,0.552,0.02500,0.035,0.701,0.657,0,0.0,0.611,-0.981,0.699,1.423,1.037,1,0.371,0.537,1.107,1.043,1.432,1.035,1,1.376,-1.003,0.587,0.0,0.0
1,1,0.0,1.205,0.34,0.62745,1.477,0.01961,0.566,-0.49,0.92157,-0.617,0.56,-0.988,0.161,-1.096,-0.37,-0.647,-1.003,-0.271,-0.583,0.45,-0.68,0.726,-0.984,0.788,-0.291,0.656,0.21876,0.641,0.599,0.342,1.315,-0.12,0.90196
0,0.77,0,0.0,0.0,-0.928,-0.582,-0.827,1.245,0.0,0.0,-1.003,1.172,0.578,0.808,1,-1.195,0,0.0,0.0,0.0,-1,-0.885,-1.036,1,1.484,0.396,0.969,-1.369,0.0,0.0,-1,-1.001,-1.073,0.636
1,0.755,0.0,0.44444,0.434,0.581,0.90763,-0.22222,0.602,-0.382,0.703,-0.735,0.291,-1.417,-0.135,-1.167,-0.203,-0.66667,-0.882,0.397,-1.135,-0.297,-0.61,0.701,-0.281,0.453,0,1.191,0.601,0.496,1.131,0.22222,1.172,-0.426,1.392
0,0,0.0,0.0,0.0,0.0,0.0,0.0,0.0,0.0,0.0,0.0,0,0,0.0,0.0,0,0.0,0.0,0.0,0.0,0.0,0.0,0.0,0.0,0.0,0.0,0.802,0.0,0.0,0,0.0,0.0,0.0,0
1,1.307,0.0,1.453,0.0,0.644,0,0.268,0.377,0.442,0.0,0.91201,0.168,0.493,0.175,0.86922,0.198,0.546,0.2,0.75000,0.432,0.686,0,0.545,-0.33,0.289,0.305,0.894,0.361,0.75000,0.216,0.793,0.166,0.747,0.421
0,0.0,0,-0.695,1.043,1.239,1.488,0,0.0,1,-1.025,1.191,-1.397,1.462,-0.822,-0.888,-0.861,0.0,0,-0.757,-0.96,0.0,0.0,0.0,0,-0.781,-1.167,0.868,-0.843,1.396,1.151,-0.635,-1,0.0,0.0
1,1,0.0,1.256,0.0,0.679,0,0.683,0.08,0.869,-0.069,1.218,-0.056,1.033,-0.248,0.848,0.0,0.77778,0.0,1,-0.147,0.77778,-0.136,0.907,-0.082,0.883,0,0.715,-0.051,0.502,0.163,0.765,-0.134,0.528,0.0
0,0.0,0.0,0.0,0,0.0,0.0,0.0,0.0,0.0,0.0,0.0,0.0,-1.125,-1.418,0.0,0,1,0.609,0.0,0,0.0,0.0,-0.99,0.864,0,0.0,1,-1.008,-0.894,-1.369,1.151,0.789,0.0,0.0
1,0.564,0.0,1.153,0.467,0.759,-0.658,0.754,0.09091,1,-0.07,1.398,0.0,0.505,-0.368,1,-0.199,0.848,0.07,1.008,0.0,1,-0.36364,0.535,0.068,0.639,-0.09091,0.963,-0.047,0.547,0.269,1.05,-0.391,1.478,-0.106
0,1,0,0.602,-0.322,0.0,0.0,0.0,0.0,0.227,0.28788,0.378,0.275,-0.072,0.754,0.505,0.183,-0.403,0.17,0.092,-0.165,0.012,-0.53409,-0.673,0.2,0.409,-0.27273,0.379,-0.57576,0.262,0.25,0.14,-0.019,0.162,-0.228
1,1,0.0,1,0.11765,1.216,0.192,1.199,0.51,1,0.033,1.02,0.169,1.427,0.152,0.881,0.342,0.983,-0.055,1.374,-0.124,1.318,0.45,0.983,0.237,1.161,-0.118,1.029,0.20225,1.472,0.068,0.669,0.35294,1.441,0.209
0,1.477,0.0,0.0,0.0,-0.979,-0.345,1.342,0.336,0.095,-0.218,-1,-0.392,0.083,-0.717,0.775,-1.415,0.0,0.0,0.425,-0.112,-0.31,0.862,0.194,-0.70745,0.0,0,-0.108,-0.604,-0.332,-0.398,0.74468,0.90426,-0.72,0.45745
1,0.797,0.0,0.886,0.3,0.458,-0.227,0.361,0.312,0.994,-0.045,0.913,0.041,1.201,0.12500,0.70833,0,0.87500,0.043,1.057,0.122,0.655,-0.106,1.103,0.217,0.83333,-0.102,0.83796,0.033,1.221,0.129,0.465,0.0,0.886,0.039
0,1,0,0.116,-0.098,0.0,0.0,0,0.0,0.0,0,0.0,0.0,0.1,-0.23,0.0,0.0,0.0,0.0,0.0,0.0,0,0.0,-0.028,-0.06571,0.116,0.054,0.251,-0.106,0.13,0.114,0.02,-0.035,0.196,0.208
1,0.663,0.0,0.563,-0.08183,1,-0.09,1.245,-0.29802,0.849,-0.313,0.603,-0.476,0.906,-0.656,0.58,-0.64,0.711,-0.653,0.642,-0.63544,0.711,-0.78316,0.484,-1.005,0.918,-1.325,0.388,-0.85669,0.359,-0.524,0.223,-0.508,0.411,-1.059
0,1.461,0.0,1.468,0.624,-1.207,1.365,-0.645,-0.606,0.504,0.236,0.293,0.07018,0.22807,0.068,0.283,0.4,0.72807,-0.047,0.193,0.53070,0.0,0.0,-0.274,-0.101,1.283,-0.66667,1.258,-0.724,1.416,-0.228,0.436,0.135,0.518,0.07895
1,0.938,0.0,1.421,0.163,0.845,0.005,0.781,-0.252,0.89919,-0.23486,0.744,-0.164,0.449,-0.30539,0.96,-0.509,0.47194,-0.61189,0.247,-0.549,0.794,-0.36,0.79,-0.243,0.15,-0.72,0.427,-0.543,0.12777,-0.248,0.197,-0.612,0.163,-0.585
0,0.0,0.0,-1.413,1.191,0.652,-1.309,0,0.0,0,0.0,0.535,-1.383,0.792,0.595,0.0,0.0,1.441,-0.879,0.0,0.0,0.0,0,0.798,0.511,-1,1.013,1.074,-1.37,-1.35,1.478,-1.102,-1,0.0,0
1,1,0,0.967,-0.134,1.28,-0.25,0.512,-0.22602,1.193,-0.338,0.46,-0.342,0.652,-0.518,0.811,-0.714,0.37254,-0.439,0.284,-0.612,0.274,-0.795,0.184,-0.324,0.172,-0.436,0.056,-0.73,-0.102,-0.496,-0.023,-0.54074,-0.054,-0.47898
0,1,0.0,-1.125,-0.87,-0.639,1.455,0.788,-1,1.437,0.356,0.0,0.0,0.352,-1,1.277,1,0.0,0.0,1.14,1,0.598,0.793,0.0,0.0,-0.376,1.178,0.177,-1.479,1,-0.685,1.024,-1.236,0.44,0.727
1,1.417,0,0.84177,0.331,0.266,1.115,0.114,0.601,-0.28,0.581,-1.046,0.352,-0.662,0.19409,-0.794,-0.303,-0.441,-0.563,-0.172,-0.994,0.163,-0.86498,0.666,-0.627,1.042,-0.15,0.485,0.07933,0.96,0.57,0.427,0.62447,-0.004,0.618
0,1,0.0,0.553,1,0.0,0.0,0.587,-1,-1,-1.043,1.432,1.037,0.661,-1,0.0,0.0,1.376,-0.619,1.346,1.385,0.0,0.0,1.418,-0.657,-0.981,-1.214,0.667,0.699,-1.485,0.537,-0.611,1,0.0,0.0
1,0.838,0.0,0.706,0.429,1.035,1.366,1.122,0.951,-0.33333,1.107,-0.884,1.458,0.0,1.016,-1.14,1.269,-0.564,0.0,-1.151,-0.666,-1.054,-1.179,-1.356,-0.33333,-0.354,-0.835,0.19235,-1.111,1.419,-0.855,0,-1,1.477,-0.66667
0,0.0,0,-1.205,0.619,-0.974,-0.905,0.0,0.0,-0.669,0.827,0.885,-1.484,-1.369,-0.726,-0.564,0.749,0,0.0,-0.917,-1.462,-1.199,1.348,0.0,0,1,-1.195,0.908,1.245,1.073,-1,1.001,1,0.0,0.0
1,0.715,0,1.265,0.08,0.735,0.139,1.136,0.202,1,-0.075,1.003,0.299,0.784,0.48981,1.359,0.454,-0.217,1.172,0.873,0.0,1.392,0.728,1.417,0.808,1,1.293,1,1.335,1,0.284,1.145,1.214,0.636,1.341
0,0.0,0.0,-0.569,-0.864,0,0.0,0.0,0.0,0,0.0,0.0,0.0,0.0,0.0,1.336,-1,0.0,0.0,-0.617,-1.029,0.0,0.0,1.416,1.167,1.038,-0.767,0.856,-1,0,0.0,0.0,0,0.0,0.0
1,0.802,0.0,0.348,-0.104,0.333,-0.093,-0.13129,-0.264,0.323,0.05,0.232,-0.155,0.401,-0.277,0.045,-0.275,0.153,-0.224,0.168,-0.317,0.132,-0.374,0.087,-0.145,0.03004,-0.25124,-0.0,-0.23210,-0.024,-0.269,-0.027,-0.214,0.01336,-0.27201
0,0.728,0,0.0,0.0,0.0,0,0.0,0.0,0.0,0,1.251,-0.466,0.126,0.224,0.0,0,0.0,0,0.0,0.0,-0.158,-0.18,-0.091,0.764,-0.65,0.5,0.049,1.069,-0.32,-1.239,-0.151,-0.15,-0.155,-0.6
1,1.256,0.0,0.723,0.05149,0.99363,0.075,0.764,0.17,1.263,-0.184,0.677,0.735,0.80426,0.31,0.73781,0.186,0.96,0.296,0.59615,0.165,0.277,0.29200,0.667,0.357,0.244,0.304,0.448,0.304,0.26,0.323,0.178,0.205,0.161,0.097
0,0.894,0.0,1,-0.05,-0.789,-1.323,-1.125,-0.917,1.026,0.159,0.785,0.662,-0.812,-0.861,-1.024,0.885,0.658,1.123,1.098,0.89,0.68839,-0.837,-1.325,-1.359,0.82937,0.457,1.369,1,1.09,0.524,-0.541,-0.32540,-1,0.838
1,1.153,0.0,0.97,-0.002,0.849,0.332,0.502,-0.381,0.922,0.244,0.96197,0.07,0.752,0.08172,1.236,0.05097,0.853,-0.219,0.441,-0.077,0.856,0.286,0.841,-0.029,0.463,-0.025,0.498,-0.02302,1.19,0.133,0.463,-0.10194,0.85841,-0.086
0,1,0.0,0.506,-1.05,1.03,1.452,0.883,1.435,0.526,-0.739,0.771,1,1,0.606,1.389,0.66,0.0,0,0.581,0.953,0.639,0.848,0.517,-0.914,1,0.769,1,0.353,1.169,-1.053,-0.572,0.954,1.473,0.759
1,0.856,0.0,1,0.14,1.441,-0.698,1.199,-0.073,1.276,0.183,1.374,0.367,1.094,-0.072,1.427,0.065,0.986,-0.235,0.842,-0.18,0.554,0.027,0.584,0.051,0.969,-0.013,0.96238,-0.04597,1.342,0.03885,1,-0.13722,1.244,-0.142
0,1.241,0.0,0.23,-1.409,-1,-0.881,-0.108,1.291,1,0.95041,0.761,-0.3,-0.562,-1.062,-0.05,0.983,0.651,0.268,0.469,-0.408,-0.14343,-0.219,-0.079,0.037,0.03021,0.062,0.04,-0.01186,-0.004,-0.018,-0.009,0.001,0.0,0.002
1,0.82,0,0.791,0.37,0.598,-0.111,0.653,-0.079,0.98151,-0.073,0.70217,0.112,1.273,0.012,0.98214,0.031,1.194,-0.149,0.525,0.082,0.862,0.002,0.90306,0.45,0.933,-0.118,0.617,-0.006,1.112,0.081,1.342,-0.094,0.509,-0.05740
0,0.0,0.0,0.0,0.0,0.0,0.0,0.0,0.0,0,0.0,0.0,0.0,1.25,0.797,1.449,1,1,-0.867,0.0,0.0,0.976,1.38,1,-1,0.626,1.399,0.766,0.0,1.162,0.599,1.36,-1.441,0.0,0
1,0.797,0.0,0.947,-0.28428,0.885,-0.306,0.585,-0.417,0.972,-0.191,0.929,-0.624,0.855,-0.44119,1.017,-0.855,0.573,-0.58019,0.59623,-0.68,0.68459,-0.754,0.503,-0.753,0.31,-0.458,0.336,-0.505,0.21,-0.472,0.141,-0.418,0.076,-0.70000
0,1,0.0,0.0,0.0,0.0,0.0,0.0,0,-1.236,-1.141,0.0,0,1.156,-1.207,0.0,0,-1.416,-1.365,-1.376,-1,1.254,-1.191,-0.338,-1.388,0.637,1.461,-1.283,-0.211,1.37,-0.682,0.0,1,0.0,0.0
1,1.451,0.0,1,0.076,1.198,-0.133,0.77273,0.0,0.998,0.0,0.596,0.0,0.634,0.051,0.885,-0.057,0.679,0.0,1.343,0,0.909,0.059,0.483,0.081,0.658,0.04545,1.36,0.027,1.146,0.108,0.86364,-0.055,1.192,0.04545
0,0.0,0,0.0,0.0,-1,1.013,1.119,1.441,-0.915,-0.651,0.0,0.0,-1.102,-1.301,-0.577,-0.462,-1,-1.462,1.413,-1.445,1.123,-1.41,0.0,0,0.695,-0.826,-0.798,-0.595,0,0.0,1.309,-0.652,0.0,0
1,0.588,0.0,0.774,-0.047,1.342,0.162,0.82353,0.126,0.495,-0.035,0.97059,-0.17647,1.289,0.201,0.691,0.017,1.226,0.0,1.048,0.0,0.605,0.06,0.92,0.042,0.529,0.02,0.92663,0.018,0.678,-0.11765,0.97059,0.083,1.331,0.068
0,1,0.0,-1.261,1.384,-1.236,0.195,0.416,0.928,-0.525,0.685,-0.903,-1.28,1.14,0.597,-1,-0.23476,0.208,-1.467,0.788,1,-0.273,-1,-0.549,-1,1.455,-0.882,-1.178,-0.026,1.225,-1.437,-1.083,-0.299,0.221,0.811
1,0.575,0,0.644,-0.149,0.942,0.026,0.83155,0.031,0.589,-0.045,0.641,0.0,0.847,0.05028,0.504,0.083,0.84211,0.47368,1.392,0.047,0.575,0.058,0.492,0.094,0.223,0.156,0.391,0.134,0.36,-0.144,0.60150,0.049,0.575,0.061
0,0.528,0.0,-0.009,-0.5,0,0.0,-0.028,1.33,0,0,0,0.0,0.0,0.0,0.0,0.0,0.0,0,0.288,0.878,-0.463,0.92,-0.312,-0.986,0.0,0.0,-0.425,-0.733,0.0,0.0,0.0,0.0,0.0,0.0
1,1,0.0,1.364,0.649,1.212,0.467,0.541,0.436,0.563,-0.122,1.251,0.0,0.558,-0.316,0.922,0.186,0.89,-0.63636,0.845,-0.373,0.90909,-0.618,1.413,0.093,1.44,-0.092,0.791,0.116,1.251,0.36364,1.132,0.63636,0.456,0.27273
0,0.0,0.0,-0.887,-1.133,1.14,-1,-1.426,0.607,0.0,0.0,0.892,-1,1.024,-1,0.0,0.0,0.0,0.0,0,0.0,-1.317,1.184,1.014,-0.639,-1.141,1.482,1.264,1.067,0,0.0,0.899,0.729,0.0,0
1,0.757,0.0,0.451,0.076,0.359,0.048,0.404,0.202,0.9,0,0.269,-0.134,0.504,-0.09091,0.46,-0.01,0.633,-0.101,0.556,0.0,0.36364,-0.095,0.357,0.18182,0.52,-0.074,0.48,-0.026,0.27273,0.0,0.313,0.0,0.28985,-0.019
0,0.753,0,-1.28,-0.694,0,0,-1.288,0.358,-0.465,0.663,0.0,0.0,0.0,0.0,0,0.0,0.0,0.0,0.0,0.0,-0.887,-0.97,0.0,0.0,0.307,0.324,1.346,0.338,0.0,0.0,0.0,0,0,0.0
1,1,0.0,1.479,0.097,0.798,0.54,1.046,0.662,1.298,-0.189,0.497,-0.11,0.578,0.022,1.286,0.0,0.537,-0.104,1.36,0.03617,0.622,-0.256,1,0.0,0.364,-0.414,1.402,0.04891,1,0.045,0.534,0.711,1.473,0
0,0,0.0,0.918,1,0.903,-1.072,1.198,1.447,1,1.466,0.786,0.54,0.869,-0.816,0.802,0.886,0.523,-0.702,0.71,-1,1.453,0.638,0.766,1.358,1,-1.412,1.49,1.454,0.802,1,1.288,0.951,1.337,0.557
1,1.149,0.0,0.887,0.575,0.759,0.524,0.067,1.129,-0.201,0.886,-0.73939,0.83,-0.92099,0.16731,-1.085,-0.306,-0.298,-0.418,-0.242,-0.854,0.18823,-0.822,0.488,-0.615,0.66,-0.149,0.718,0.151,0.624,0.39762,0.25974,0.544,-0.046,0.571
0,0.0,0.0,0.551,-1.254,0.629,0.828,0.704,-0.879,0.623,0.873,1,-1.084,1.032,-0.988,1,-0.975,1.491,1.314,1.192,0.658,1.115,0.691,1,-1.287,0.861,1.242,1.38,0.841,1,1.29,1.051,0.707,1,-1
1,0.524,0.0,1.234,0.039,1.25,0.176,1.078,0.168,1.0,0.36526,1.019,0.40198,0.862,0.315,0.742,0.582,0.60101,0.337,0.53392,0.288,0.616,0.301,0.235,0.473,0.285,0.286,0.177,0.453,0.116,0.647,0.139,0.49124,0.102,0.46571
0,0,0.0,0.54,1.01,1.188,-0.736,0.619,-0.587,0.717,1.047,0.0,0.0,0.758,-1,0.0,0.0,0.0,0.0,0.0,0.0,-1.124,1.412,1.298,1.156,0.0,0.0,0.716,0.718,0,0.0,-0.699,-1,0,0
1,1,0.0,1.384,0.179,1.027,0.363,0.85705,0.352,0.766,0.355,0.423,0.59942,0.478,0.759,0.445,0.426,0.255,0.798,0.198,0.607,0.081,0.662,0.007,0.88869,-0.07361,0.89,-0.273,0.715,-0.437,1.06,-0.342,0.64363,-0.557,0.404
0,0.0,0,1.421,-1.206,-1,0.945,-1.307,1.076,1.267,0.871,1.413,1.357,-0.617,-1.441,-1.334,-1,1.231,1,0.565,-0.921,-1.351,-0.833,-0.959,-1.094,1.253,0.0,1.06,-0.814,1,-1.283,-1.467,0.884,-0.772,1
1,1.217,0.0,1.038,0.074,0.73061,0.199,0.332,0.179,0.492,0.511,0.29,0.66,0.213,0.796,0.28,0.475,0.121,0.654,-0.137,0.418,-0.026,0.42885,-0.126,0.373,-0.14943,0.287,-0.216,0.257,-0.195,0.29541,-0.228,0.195,-0.23846,0.31154
0,0,0.0,1,-0.866,0.925,0.578,1.13,-1.058,1.365,1.033,0.601,-0.711,0.976,1.444,0.599,-0.963,0.713,-0.966,1.414,1,0.508,1.316,1.302,-1,1,-1.454,1.038,-1.448,1.347,0.582,1.376,-0.772,1.444,1
1,0.75,0.0,1.46,0.157,1.356,0.268,0.895,0.445,1.321,0.335,0.85550,0.519,0.98,0.535,0.514,0.847,0.829,0.859,0.71,0.838,0.355,0.68159,0.343,0.75622,0.268,1.096,0.17,0.78541,0.052,0.80439,-0.02962,0.777,-0.06,0.848
0,0,0,0,0.0,0.567,0.671,0.0,0.0,1.214,0.955,0.0,0.0,1,-0.584,0,0.0,0.0,0.0,0.0,0.0,0.0,0.0,0.0,0.0,0.0,0.0,1.039,-1.121,0.0,0.0,-0.753,1.372,0.0,0
1,1,0,0.828,0.209,0.707,0.208,1.042,0.303,0.607,0.498,0.406,0.61,0.627,0.928,0.226,0.67697,0.203,0.76818,0.035,0.843,-0.064,0.556,-0.264,0.71327,-0.355,0.677,-0.239,0.342,-0.552,0.75,-0.769,0.333,-0.589,0.35095
0,0.0,0.0,0.0,0.0,0.598,0.886,1,0.826,0,0.0,0.0,0.0,-1.098,-1.42,0,0.0,-1,-1.468,0.0,0.0,0.0,0,0.88,0.946,0.0,0.0,1.054,1.022,0.0,0.0,-1.421,1.356,0.0,0
1,0.71,0.0,0.693,0.564,0.784,0.778,0.263,0.989,-0.056,0.741,-0.2,0.80441,-0.892,0.56502,-0.445,0.26906,-0.421,-0.075,-0.611,-0.199,-0.336,-0.643,-0.239,-0.587,0.09562,-0.61055,0.395,-0.502,0.605,-0.29838,0.594,-0.073,0.32,0.115
0,0,0.0,0.656,-1.466,1,1.205,1,0.677,0.704,1.279,1.144,1,1.221,-1.325,1.039,0.584,0.946,0.587,1.149,-1.049,1.244,-0.67,0.521,-0.987,0.555,-1.121,1.153,0.848,1,-0.589,0.598,0.555,0.56,1
1,1.066,0.0,0.511,-0.316,1.116,0.096,1.082,0.201,0.586,0.057,1.278,0.18,0.853,0.305,0.481,0.246,0.624,0.163,0.631,-0.02845,0.831,0.586,0.53120,0.597,0.485,0.553,0.394,0.48200,0.159,1.318,0.35070,0.49721,0.424,0.49831
0,0.0,0.0,0.0,0.0,0.0,0.0,0.0,0.0,0.0,0,0.0,0.0,0,0,0.0,0.0,0.0,0.0,0.0,0.0,0.0,0.0,0.0,0.0,0.0,0.0,0.676,1,0.0,0.0,0.0,0,0.0,0
1,0.787,0.0,0.831,0.011,0.663,-0.00260,1.413,0.005,0.522,0.014,0.94054,0.024,0.875,0.053,1.342,0.01858,1.289,0.103,1.344,-0.006,1.397,0.034,1.161,0.089,0.93274,0.043,1.191,0.03,0.667,0.012,1.286,0.071,1,-0.00260
0,0.0,0,1,1.322,-0.809,-0.607,-1.141,-1.482,0.0,0.0,0.0,0.0,-0.978,-0.554,0,0.0,0.0,0.0,0.0,0.0,-0.724,0.537,1,1.275,0.0,0.0,1,-1.133,0.0,0.0,-1,-0.791,-1.212,-1.264
1,0.836,0.0,0.50466,-0.094,0.814,0.01513,0.538,0.033,0.754,0.01282,0.34615,0.041,0.903,0.025,0.612,0.05058,0.635,0.032,0.649,-0.047,0.554,0.084,0.559,0.042,0.995,0.19,0.882,0.062,0.311,0.096,0.527,0.09046,0.287,0.13
0,0.981,0.0,0.708,1,1.023,-1.024,1.053,0.04348,1.127,0.095,1.241,0.59,0.76,0.189,0.971,0.204,0.499,-0.127,0.822,0.186,0.64883,0.127,0.639,0.771,1.088,-0.299,0.89262,0.269,0.732,0.563,0.654,-0.06522,0.375,0.23913
1,1.473,0.0,0.676,-0.07778,1.385,-0.416,1.075,-0.85741,0.502,0.06111,0.45556,-0.482,0.753,-0.067,0.578,-0.566,0.617,0.015,1.118,-0.075,0.787,-0.209,1,0.14,0.526,-0.193,1.196,-0.22,0.897,0.016,0.87492,-0.149,0.996,-0.529
0,0.766,0.0,0.523,0.15564,0.324,0.108,0.138,0.194,0.33,0.071,0.29,0.228,0.2,0.475,0.096,0.307,-0.055,0.23,0.05058,0.329,0.24903,0.084,0.062,0.174,-0.02494,0.28482,-0.055,0.25,-0.184,0.19,-0.138,0.373,-0.277,0.28794
1,1,0.0,0.571,-0.022,0.923,-0.076,0.659,-0.008,0.514,0.034,0.61706,0.1,0.85,-0.034,0.62698,0.012,0.837,0.024,0.715,0.011,0.638,-0.025,0.59127,0.024,0.33,0.024,0.751,-0.013,0.61706,-0.117,0.384,-0.01389,0.908,-0.03
0,1.192,0.0,0.04,-0.197,-0.061,0.052,0.07,-0.02463,-0.01478,0.094,0.084,0.0,0.162,-0.052,0.062,0.0,0.021,-0.031,-0.12808,-0.20690,0.068,0.017,0.048,0.03,0.051,0.168,0.242,-0.055,-0.076,-0.09360,0.037,0.05419,0.093,-0.071
1,0.524,0.0,0.517,0.106,0.497,-0.038,0.937,0.01678,0.486,0.003,0.792,0.236,0.71588,-0.00224,0.865,0.058,0.461,-0.185,0.68680,-0.112,0.62528,-0.009,0.854,0.065,0.806,-0.081,0.888,-0.018,0.593,0.058,0.411,-0.05,0.817,-0.04698
0,0.736,0.0,0.28,0.427,0.0,0.0,-0.333,-1.276,0.0,0,0.07,-0.045,0.0,0,0.0,0.0,0.0,0.0,0.0,0,0.00759,0.368,-0.169,0.407,-0.10380,0.504,0.043,-0.587,0.0,0,0.045,-0.717,0.0,0.0
1,1,0.0,0.683,-0.012,0.94,-0.022,0.836,-0.024,1.048,-0.09,1.22,-0.111,0.88853,0.008,1.191,-0.159,0.87138,-0.082,0.876,-0.014,1.139,-0.176,0.908,-0.12433,0.679,-0.141,0.891,-0.14903,0.84352,-0.125,0.542,-0.107,1.05,-0.188
0,1.467,0.0,0.42708,-0.658,0.0,0,0.0,0.0,0.63,0.289,0.849,0.02083,0.0,0.0,0,0.0,0.234,-0.45417,0.428,-0.153,0.0,0.0,0.0,0.0,0.609,-0.40833,-1.206,-0.945,-0.279,-0.802,0.0,0.0,0.0,0.0
1,1,0,1.12,0.013,1.308,0.01305,0.887,0.012,1.166,-0.131,1.096,-0.071,0.763,-0.014,0.93094,-0.115,0.86025,-0.033,1.194,-0.054,0.72,-0.168,1.256,-0.104,0.426,-0.105,1.095,-0.087,0.85536,-0.101,0.474,-0.102,0.973,-0.171
0,1,0.0,0,0.0,0.578,0.094,0.514,-0.017,0.0,0.0,1.111,-0.361,1,0.269,0.941,-0.069,1.448,-0.582,0,0.0,1,-0.037,1.454,-0.269,0.0,0,1.347,-1.084,0.0,0.0,1.13,0.122,0.876,-0.049
1,1.19,0.0,0.81143,0.03714,1.226,-0.001,0.79000,0.004,0.842,-0.042,1.048,0,0.835,-0.093,0.893,0.002,0.952,-0.052,0.81000,-0.11857,1.088,-0.049,1.143,-0.067,1.143,-0.068,0.655,-0.126,0.551,-0.142,0.825,-0.07,1.184,-0.155
0,1.285,0.0,0.0,0,0.0,0.0,0.0,0.0,0.0,0.0,0.0,0,-0.999,1,1.243,0.718,0,0.0,0.0,0.0,0.0,0.0,0.0,0,0.0,0.0,0.854,1.023,0.0,0.0,0.0,0.0,0.0,0
1,1.372,0.0,0.675,0.026,0.228,-0.086,0.417,-0.062,0.439,0.068,0.379,0.05974,0.413,-0.09,0.447,-0.044,0.504,-0.035,0.55325,-0.01039,0.414,-0.024,0.506,-0.013,0.422,0.0,0.434,-0.019,0.353,0.03377,0.54545,-0.05455,0.574,-0.053
0,0.0,0.0,0.0,0.0,0.0,0,0,0.0,0.0,0.0,0.0,0.0,0.0,0.0,0.0,0.0,0,0,0.0,0.0,0.0,0.0,0.0,0.0,0.0,0.0,1.047,-1.33,0.0,0,0.0,0.0,0.0,0
1,1,0.0,1.452,0.563,0.781,0.224,0.282,0.71,0.09,0.91180,-0.102,0.783,-0.475,0.60793,-0.362,0.311,-0.641,0.16709,-0.513,0.005,-0.275,-0.05,-0.16178,-0.119,-0.093,-0.097,-0.029,-0.066,0.009,-0.104,0.031,-0.038,0.02249,-0.011
0,0.587,0.0,0,0.0,0.0,0.0,1.039,1.149,-1,-0.946,0.0,0.0,1.153,-0.062,0,0.0,0.0,0,-0.584,1.221,0.555,0.67,0.719,-1,0.0,0.0,0.56,-1.049,0.0,0.0,0.0,0.0,1.262,1
1,1,0,1.106,0.373,0.529,0.517,0.39,0.568,-0.05,0.639,-0.22,0.835,-0.362,0.51560,-0.563,0.193,-0.81136,-0.158,-0.89,-0.358,-0.229,-0.56,-0.13013,-0.905,0.217,-0.66421,0.457,-0.686,0.31,-0.394,0.593,-0.056,0.563,0.141
0,1.11,0.0,0.0,0.0,0.0,0.0,0,0,-0.961,0.993,0,0.0,0.917,0.191,-0.119,-0.138,0.0,0.0,-0.711,-1,0,0.0,1.448,-1.212,0.0,0.0,1.253,0.242,0.0,0.0,0.0,0.0,0.0,0
1,0.945,0,0.628,0.43491,0.825,0.529,0.136,0.781,-0.24103,0.632,-0.438,0.401,-1.179,0.442,-1.32,-0.048,-1.012,-0.236,-0.369,-0.975,-0.146,-0.82217,0.346,-0.572,0.473,-0.498,0.881,-0.294,0.72478,0.097,0.317,0.532,0.34749,0.835
1,1.212,0.0,0.32834,0.022,0.095,0.303,0.133,0.41,-0.291,0.92324,-0.062,0.274,-0.782,0.204,-1.176,-0.068,-0.095,-0.14329,-0.259,-0.24,-0.078,-1.232,0.019,-0.151,0.35,-0.06295,0.444,-0.066,0.376,-0.153,0.223,0.13296,0.138,0.20468
1,1.024,0.0,0.83427,0.57,0.576,1.156,0.161,0.768,-0.33221,0.99,-1.026,0.498,-1.178,0.21909,-1.117,-0.295,-0.523,-0.61894,-0.196,-0.659,0.076,-1.016,0.477,-0.409,0.831,-0.392,0.83008,0.078,0.539,0.49079,0.428,0.685,-0.055,0.705
1,0.995,0.0,0.507,-0.039,0.58,0.005,0.702,-0.07461,0.766,0.012,0.328,-0.07461,0.67028,0.103,0.354,-0.047,0.5,0.136,0.508,0.0,0.613,0.054,0.543,0.016,0.368,0.153,0.814,0.02019,0.761,0.04452,0.656,-0.00963,0.609,-0.089
1,1.137,0.0,0.596,-0.03,0.962,0.036,0.578,0.16912,0.702,0.098,0.412,0.43934,0.509,0.00551,0.798,0.216,1.385,0.056,0.383,0.05147,0.441,0.061,0.287,-0.322,0.653,-0.15809,0.645,0.047,0.233,0.08640,0.379,0.077,0.847,0.125
1,1,0.0,0.61538,0.243,0.78157,0.019,0.586,0.021,0.531,-0.064,1.087,0.086,1.075,0.071,0.527,0.05776,0.398,-0.133,0.333,0.212,0.98,0.067,0.794,0.069,0.795,-0.107,0.798,0.067,0.66,0.25692,0.285,0.09207,0.465,0.084
1,1.182,0.0,0.451,0.072,1.134,0.002,0.903,0.002,0.999,0.079,0.659,0.053,0.81892,0.008,0.755,0.005,0.768,-0.181,0.77935,-0.03536,1.098,0.007,0.572,0.00978,0.757,-0.052,0.451,0.006,0.59,0.079,0.59,0.006,0.64407,0.01227
1,1.149,0.0,0.5,0.0,0.399,0.068,0.678,0.054,0.46957,-0.041,0.37,-0.063,0.3,0.047,0.50435,0.032,0.459,0.194,0.503,0.14783,0.42174,-0.034,0.453,-0.161,0.528,-0.009,0.426,0.091,0.372,0.03913,0.211,0.149,0.237,0.108
1,0.937,0.0,0.866,0.083,0.54,0.217,0.862,0.155,0.579,0.618,0.65917,0.50122,0.736,0.319,0.424,0.323,0.418,0.48,0.253,0.416,0.09599,0.68104,0.029,1.077,-0.098,0.784,-0.075,0.427,-0.18226,0.546,-0.215,0.68,-0.239,0.42467
1,1.124,0.0,0.651,0.051,0.778,0.355,1.089,0.33044,0.973,0.67,0.896,0.422,0.56937,0.389,0.42,0.584,0.319,0.59,0.239,0.79777,0.07,0.697,-0.016,0.417,-0.128,0.642,-0.127,0.774,-0.281,0.36,-0.40291,0.531,-0.42815,0.44534
1,1,0.0,1.281,0.174,0.87001,0.284,0.761,0.319,0.556,0.464,0.316,0.71016,0.284,0.76161,0.245,0.832,0.066,1.016,-0.054,0.992,-0.24,0.808,-0.187,0.447,-0.306,0.749,-0.598,0.40753,-0.552,0.32,-0.706,0.219,-0.48808,0.037
1,0.617,0.0,0.945,0.177,0.90946,0.276,0.601,0.538,0.73678,0.63842,0.648,0.656,0.446,1.134,0.401,0.90665,0.236,0.826,-0.005,0.721,-0.266,0.997,-0.484,0.78,-0.263,0.76482,-0.867,0.896,-0.4,0.51,-0.545,0.246,-0.81210,0.237
1,1,0.0,0.472,0.18198,0.86090,0.274,1.036,0.587,0.757,0.987,0.50376,0.61,0.36100,0.648,0.198,0.474,0.006,0.817,-0.211,1.122,-0.48,0.975,-0.563,0.602,-0.646,0.766,-0.356,0.302,-0.529,0.238,-0.832,0.145,-0.788,0.05394
1,1.422,0.0,1.068,0.284,0.413,0.324,0.467,0.428,0.108,0.247,0.08,0.516,-0.057,0.463,0,0.409,-0.378,0.42014,-0.399,0.315,-0.266,0.18864,-0.375,0.082,-0.513,-0.03229,-0.278,-0.14,-0.27540,-0.186,-0.29,-0.357,-0.157,-0.27218
1,1.365,0,0.58940,-0.878,0.823,0.571,0.81,0.105,0.404,0.098,0.456,0.236,0.336,0.16,0.63907,0.287,1.067,0.433,0.316,0.13907,0.504,0.402,0.35,0.103,0.51872,0.273,0.294,0.16,0.531,0.342,0.46,0.415,0.564,0.29942
1,1,0.0,1.133,0.065,0.829,-0.158,1.049,0.078,0.608,0.009,0.816,-0.059,0.69070,0.157,0.657,0.046,0.516,-0.051,0.69450,0.243,0.726,0.072,0.245,0.05882,0.53321,0.5,0.287,0.132,0.206,0.227,0.452,0.225,0.721,0.15180
1,0.897,0,0.811,0.051,1.206,-0.024,0.77031,-0.041,0.67,-0.058,0.349,-0.066,0.451,-0.079,0.64260,-0.092,0.26,0.053,0.775,0.012,0.679,-0.098,0.44,-0.072,0.335,-0.22822,0.284,-0.065,0.389,-0.088,0.419,-0.09621,0.22,-0.09808
1,1.446,0.0,0.816,0.056,0.512,-0.004,1.388,-0.006,0.635,-0.03923,1,0.016,1.007,-0.009,0.574,-0.018,0.588,0.005,0.961,-0.08848,1.043,-0.032,1.176,-0.02591,1.394,0.019,1.157,-0.044,1.111,-0.062,0.92774,-0.028,1.248,-0.03673
1,0.536,0.0,0.47938,-0.182,0.42784,-0.12,0.579,-0.216,0.513,0.055,0.389,-0.244,0.506,0.15979,0.406,-0.168,0.33,0.054,0.443,-0.247,0.54639,0.258,0.3,0.076,0.387,0.161,0.53396,-0.166,0.162,-0.249,0.666,0.046,0.45361,-0.721
1,1.039,0.0,0.63510,-0.026,0.386,0.043,0.561,0.404,0.755,-0.003,0.407,0.093,0.79446,-0.396,0.386,0.662,0.709,0.1,0.482,0.228,0.874,-0.172,0.815,0.177,0.64665,0.23095,0.839,0.23,0.778,0.063,0.444,0.128,0.69053,0.36721
1,1,0.0,0.528,-0.03,0.669,0.01348,0.58876,0.02,0.58876,0.031,0.659,-0.003,0.498,-0.059,0.698,0.01,0.299,0.018,0.612,-0.07416,0.56854,0.093,0.322,-0.047,0.594,0.066,0.331,0.008,0.264,-0.025,0.514,0.111,0.357,-0.103
1,1.244,0.0,1.036,-0.005,0.855,-0.058,0.677,-0.06,0.545,0.108,0.612,0.132,0.549,0.15858,0.641,-0.027,0.279,-0.052,0.326,-0.10032,0.64725,0.196,0.376,0.299,0.492,-0.05502,0.6,0.0,0.349,-0.095,0.333,-0.076,0.30421,-0.05178
1,1.312,0.0,0.832,0.10370,0.532,0.024,0.932,0.107,0.45,-0.003,0.431,0.093,0.419,0.061,0.62469,0.08,0.705,-0.12,0.73827,-0.136,0.346,0.005,0.603,0.08148,0.923,-0.12840,0.848,-0.02,0.723,0.022,0.903,-0.07160,0.471,-0.04
1,1,0.0,0.422,-0.031,0.598,0.054,0.641,-0.028,0.691,0.049,0.945,-0.07797,0.859,-0.02034,0.319,0.056,0.36,0.168,0.82,-0.02373,0.352,0.006,0.895,-0.046,0.362,-0.03390,0.83,0.008,0.733,-0.004,0.466,-0.034,0.429,0.06780
1,0.537,0.0,0.631,0.059,0.432,0.052,0.34951,0.0,0.508,-0.02427,0.544,0.033,0.33495,0.043,0.52427,0.004,0.394,-0.10680,0.565,0.004,0.358,0.05,0.216,0.367,0.315,-0.096,0.433,0.05,0.446,0.186,0.299,0,0.207,-0.024
1,1.062,0.0,0.558,0.016,0.757,0.37,0.467,0.504,0.415,0.48906,1.077,0.289,0.599,0.60179,0.43130,0.501,0.317,0.819,0.298,0.683,0.07515,0.73696,0.048,0.675,-0.183,0.971,-0.093,0.318,-0.238,0.789,-0.179,0.655,-0.348,0.37465
1,0.551,0.0,1.356,0.157,1.153,0.35237,0.727,0.304,1.008,0.64888,0.737,0.426,0.267,0.938,0.338,0.887,0.057,0.684,-0.177,0.79749,-0.14,0.80754,-0.371,0.923,-0.334,0.663,-0.858,0.587,-0.313,0.30796,-0.495,0.189,-0.661,0.02968
1,0.54,0,1.072,0.166,1.29,0.504,0.661,0.423,0.725,0.78120,0.477,0.694,0.149,0.83312,-0.06,0.89274,-0.28269,0.418,-0.272,0.572,-0.825,0.619,-0.473,0.227,-0.855,0.127,-0.697,0.018,-0.49,-0.161,-0.489,-0.123,-0.587,-0.35032
1,0.523,0.0,1.37,0.187,0.883,0.369,0.80514,0.462,0.56687,0.837,0.512,0.83230,0.142,1.263,0.049,0.658,-0.163,1.122,-0.581,0.669,-0.437,0.502,-0.365,0.752,-1.009,0.449,-0.77097,0.15619,-0.75406,-0.064,-0.48,-0.144,-0.862,-0.263
1,1.039,0.0,0.93972,0.28082,1.074,0.52821,0.58167,0.963,0.498,0.513,0.113,1.272,-0.20015,1.026,-0.425,0.916,-0.58835,0.621,-0.403,0.412,-0.997,0.19,-0.782,-0.043,-0.489,-0.337,-0.43,-0.278,-0.55,-0.383,-0.379,-0.73,-0.045,-0.679
1,0.841,0.0,0.79,0.35157,0.67333,0.933,0.577,0.884,-0.03,0.80510,-0.22838,0.791,-0.178,0.529,-0.404,0.392,-0.859,0.10591,-0.327,-0.064,-0.873,-0.052,-0.183,-0.313,-0.154,-0.338,0.09,-0.51925,0.271,-0.648,0.357,-0.259,0.552,0.169
1,1,0.0,0.247,0.134,0.196,0.242,0.048,0.34336,0.062,0.223,0.053,0.188,-0.057,0.101,-0.06333,0.044,-0.035,0.046,-0.045,0.01,-0.03,-0.003,-0.016,-0.01176,-0.01755,-0.016,-0.00886,-0.014,-0.002,-0.008,0.001,-0.005,0.003,-0.003
1,0.619,0.0,0.591,-0.502,0.758,0.209,0.678,-0.00564,0.98,0.105,0.50188,-0.334,0.65977,0.056,0.905,0.14662,0.72368,-0.447,0.856,0.033,0.866,0.227,0.84774,-0.24,0.453,-0.055,0.725,-0.076,0.383,-0.154,0.144,-0.14,0.32,-0.063
1,1,0.0,0.758,0.196,0.7,0.036,0.65829,0.112,0.319,0.142,0.365,0.20330,0.5,0.093,0.276,0.095,0.421,0.021,0.626,0.14,0.486,0.14616,0.329,0.14638,0.348,0.14530,0.137,0.188,0.255,0.125,0.172,0.103,0.129,0.125
1,1.389,0.0,0.902,0.144,1.086,0.01038,0.902,0.011,1.044,-0.002,0.84459,0.157,1.072,0.017,1.061,0.047,0.805,0.01943,0.634,0.021,1.186,0.061,0.80259,0.07,0.713,0.013,0.699,0.06235,1.058,0.131,0.852,0.058,0.77269,0.106
1,1.333,0.0,0.87111,0.025,0.79946,0.172,0.99009,0.325,1.243,-0.071,0.994,-0.021,0.465,-0.173,0.643,0.19964,0.961,-0.059,0.955,-0.008,0.97882,-0.458,0.643,-0.186,0.728,-0.131,1.046,-0.02908,0.573,-0.034,0.65,0.279,1.23,0.131
1,1.197,0.0,1.085,0.024,1.303,0.07,0.75855,0.176,0.429,-0.097,1.319,0.032,0.943,-0.00469,0.928,0.147,0.945,0.023,0.361,0.026,0.81221,-0.07,1.454,0.0,0.71764,-0.017,1.163,0.02552,1.026,-0.006,1.306,0.164,0.436,0.02750
1,1,0,0.316,0.223,0.074,-0.249,0.436,0.01,0.342,-0.051,0.56509,0.018,0.328,0.308,1.04,-0.029,0.563,0.124,0.41420,0.154,0.759,0.029,0.512,-0.137,0.662,-0.02367,0.67,0.049,0.53550,0.244,0.181,-0.209,0.345,-0.002
1,1,0.0,0.402,0.14689,0.701,-0.165,0.641,-0.122,0.80979,0.014,0.572,0.017,1.009,-0.026,0.665,-0.13748,0.661,-0.266,1.061,-0.109,0.70245,-0.005,0.284,0.077,0.477,-0.344,0.581,-0.112,0.274,-0.028,0.515,-0.38,0.576,-0.22034
1,1.179,0.0,0.76,-0.042,0.744,-0.087,0.579,0.0,0.389,-0.054,0.796,-0.184,0.612,-0.11677,0.77495,-0.138,0.78132,-0.148,0.771,-0.108,0.79193,-0.227,0.89384,-0.025,1.231,-0.214,1.003,-0.335,0.644,-0.133,0.447,-0.396,0.65817,-0.354
1,0.973,0.0,0.83,-0.08152,0.94,0.07337,0.896,0.024,1.074,-0.02174,1.075,-0.058,0.736,-0.151,0.476,-0.00543,1.25,-0.278,0.879,0.027,0.86413,-0.088,0.506,-0.253,0.889,-0.103,0.83705,-0.091,0.954,-0.017,0.862,-0.091,0.436,-0.005
1,1,0.0,0.74704,-0.185,0.42,0.196,0.815,0.073,0.466,-0.091,0.97,-0.23518,1.073,-0.265,0.53,0.04150,0.575,-0.006,0.374,-0.06,1.0,-0.232,0.862,-0.28656,0.753,-0.118,0.439,-0.077,0.549,-0.173,0.37549,0.037,0.463,-0.016
1,0.589,0.0,0.329,0.149,0.33,0.007,0.55432,0.06874,0.552,-0.118,0.501,0.007,0.846,-0.16,0.776,-0.03326,0.8,-0.163,0.609,-0.049,0.498,-0.132,0.50776,-0.143,0.248,-0.128,0.685,-0.11455,0.332,-0.019,0.313,-0.146,0.56319,-0.057
1,0.961,0.0,1.107,0.245,0.656,0.509,0.438,0.599,0.364,0.676,0.081,1.051,-0.291,1.14,-0.25,1.079,-0.552,0.854,-0.772,0.485,-0.81856,0.098,-0.83943,-0.08079,-0.53,-0.26356,-0.725,-0.63,-0.728,-0.423,-0.351,-0.66700,-0.266,-0.75597
1,1,0.0,1.249,0.376,0.409,0.676,0.417,0.939,0.363,0.875,0.042,1.383,-0.16,0.95130,-0.696,0.9,-0.728,0.62385,-1.049,0.36200,-0.646,0.082,-0.925,-0.19838,-0.592,-0.58,-0.355,-0.513,-0.342,-1.074,-0.112,-0.93953,0.131,-1.398
1,1.449,0.0,0.88241,0.172,0.73232,0.757,0.18,0.367,0.038,1.34,-0.09238,0.628,-0.556,0.71996,-0.703,0.392,-1.172,0.515,-1.251,-0.007,-0.621,-0.587,-0.76901,-0.45478,-0.515,-0.825,-0.431,-1.12,-0.021,-0.595,0.173,-0.93,0.002,-0.592
1,1.322,0.0,1.1,0.259,0.883,0.696,0.295,0.415,0.314,0.686,-0.102,0.97,-0.35558,1.098,-0.516,0.314,-1.043,0.268,-0.859,0.022,-0.71225,-0.15317,-0.322,-0.475,-0.37199,-0.52954,-0.158,-0.533,0.115,-0.701,0.204,-0.43,0.433,-0.35339
1,1,0.0,0.755,0.314,0.394,0.56,0.274,0.884,0.229,0.531,-0.13956,0.826,-0.617,0.472,-0.398,0.547,-0.87474,0.382,-0.679,0.08,-0.995,-0.268,-0.73969,-0.64,-0.381,-0.758,-0.328,-1.218,0.07810,-1.214,0.527,-0.78057,0.726,-0.316
1,0.556,0.0,0.872,0.31456,0.643,0.362,0.348,1.047,0.168,0.78947,-0.18976,1.106,-0.414,0.896,-0.83,0.712,-0.813,0.19492,-0.578,-0.063,-0.721,-0.363,-0.554,-0.595,-0.26577,-0.334,-0.01530,-0.718,0.246,-0.571,0.605,-0.274,0.428,-0.197
1,0.678,0.0,0.98455,-0.015,0.98058,-0.053,1,-0.07635,0.57,0.013,0.761,-0.023,1.03,-0.069,1.351,-0.052,1.413,-0.126,1.433,-0.153,1.265,-0.06,0.763,-0.067,0.97352,-0.08341,1.039,-0.098,0.931,-0.095,0.536,-0.135,1.204,-0.242
1,0.702,0.0,1.211,-0.01531,0.896,0.015,0.858,-0.01472,0.849,-0.015,0.744,-0.022,0.97173,-0.014,0.604,-0.036,0.516,-0.031,1.293,-0.04711,0.819,-0.011,1.349,-0.065,0.92049,-0.063,1.11,-0.047,1.347,-0.06,0.91991,-0.04,0.986,-0.099
1,1.425,0.0,1.395,-0.145,0.483,-0.002,0.616,-0.241,0.994,0.19,1.124,0.002,0.93607,-0.08,0.978,-0.00228,0.884,-0.086,1.277,-0.127,0.659,0.122,0.92009,-0.05251,0.6,0.081,0.94043,-0.09252,1.295,-0.137,0.606,-0.126,1.397,-0.269
1,1,0.0,0.659,-0.021,1.023,0.08475,0.363,-0.143,0.216,-0.017,0.525,-0.162,0.562,0.379,0.83051,-0.347,0.605,0.014,0.577,0.035,0.889,0.153,0.993,0.07,0.40678,0.131,0.371,-0.002,0.694,-0.022,0.83051,-0.134,0.982,-0.10169
1,1,0.0,0.325,-0.25000,0.592,0.281,0.38889,0.202,0.39,0.123,0.5,-0.11111,0.621,-0.055,0.58333,0.467,0.432,0.018,0.31,-0.29,0.261,-0.06,0.671,-0.03,0.33,0.07,0.5,-0.074,0.137,-0.155,0.193,-0.126,0.093,-0.626
1,1,0.0,0.277,0.736,1.412,0.53810,0.745,0.58,0.319,0.46427,0.33081,0.923,0.246,0.758,-0.193,1.276,-0.281,0.707,-0.729,0.555,-0.326,0.423,-0.995,0.281,-0.714,0.316,-0.717,0.075,-1,-0.2,-0.518,-0.548,-0.775,-0.65557
1,1,0.0,0.75564,0.36,0.806,0.54301,0.414,0.937,0.341,0.549,0.13469,0.842,-0.076,0.851,-0.221,0.832,-0.705,0.937,-0.483,0.799,-1.041,0.358,-0.459,0.039,-1.196,-0.29099,-0.711,-0.192,-0.694,-0.214,-0.25,-0.53,-0.12,-0.62956
1,1,0.0,0.698,0.629,0.904,0.749,0.619,1.055,0.152,0.89,-0.094,0.834,-0.505,0.78497,-0.845,0.52070,-1.13,0.393,-0.77,0.03928,-0.366,-0.386,-0.47412,-0.302,-0.498,-0.958,-0.061,-0.554,0.113,-0.648,0.37093,-0.37,0.512,-0.243
1,0.851,0.0,0.532,0.35107,0.617,0.337,0.554,0.88576,0.113,1.361,-0.205,1.369,-0.475,0.539,-0.583,0.651,-1.199,0.363,-0.768,-0.06418,-0.758,-0.569,-0.833,-0.577,-0.466,-0.84951,-0.051,-0.91221,0.38,-0.679,0.691,-0.567,0.998,-0.44173
1,1.414,0.0,0.855,0.497,0.71976,0.593,0.304,0.684,-0.153,1.065,-0.31605,0.92453,-0.66616,1.145,-0.662,0.611,-0.549,0.093,-1.316,0.018,-0.751,-0.512,-0.487,-0.78174,-0.146,-0.849,0.141,-0.693,0.349,-0.357,0.954,-0.665,0.76066,-0.191
1,0.668,0.0,0.601,0.094,1.338,-0.055,0.735,0.018,0.599,-0.099,1.381,-0.016,0.699,-0.017,1,-0.065,1.356,-0.07157,1.008,0.057,1.197,-0.102,1.484,-0.039,1.453,-0.22978,1,-0.098,1,0.085,1.19,-0.204,1.149,-0.07439
1,1.256,0.0,1.161,-0.002,0.86421,-0.113,0.953,-0.00461,1.24,-0.606,0.92441,0.059,0.999,-0.14247,0.757,-0.017,0.56,-0.199,0.96,0.61739,0.865,-0.203,0.836,-0.088,1.116,-0.016,0.953,-0.018,0.618,-0.01,0.541,-0.01957,0.602,-0.012
1,1,0.0,0.648,0.265,0.709,0.52312,0.514,0.922,0.075,0.514,-0.24,0.69,-0.303,1.082,-0.693,0.427,-0.79,0.124,-0.573,-0.084,-0.49,-0.137,-0.588,-0.273,-0.17437,-0.52540,0.018,-0.401,0.185,-0.404,0.233,-0.167,0.34572,-0.08036
1,1,0.0,0.781,0.315,0.771,0.547,0.485,0.558,0.065,0.90842,-0.423,0.904,-0.688,0.999,-0.77106,0.533,-1.243,0.118,-0.45,-0.245,-0.64579,-0.617,-0.419,-0.466,-0.096,-0.714,0.227,-0.71504,0.243,-0.345,0.598,-0.202,0.327,-0.13305
1,1,0.0,0.871,0.209,0.425,0.545,0.267,0.90824,-0.042,1.397,-0.631,0.84605,-0.806,0.481,-0.85,0.229,-1.286,-0.082,-0.628,-0.711,-0.739,-0.858,-0.116,-1.118,0.166,-0.961,0.53229,-0.816,1.047,-0.205,0.598,-0.07029,0.538,0.27926
1,0.946,0,0.633,-0.134,1.279,-0.113,0.979,-0.10127,0.751,0.016,1.205,0.112,0.92405,0.072,0.84810,-0.02,0.428,-0.335,1.158,-0.015,0.93671,0.037,1.153,0.166,0.344,-0.314,0.84637,-0.058,1.049,-0.073,0.649,0.017,0.491,-0.037
1,1.278,0.0,0.666,0.00840,1.047,0.01659,0.777,0.031,0.812,0.01681,0.645,0.057,0.79093,0.05,0.77441,0.032,0.534,0.211,0.431,0.059,0.939,0.089,0.485,0.057,0.876,0.115,0.923,0.11,0.61345,0.012,0.343,0.086,0.582,0.105
1,0.512,0,0.773,0.01809,1.156,0.01456,0.914,0.029,1.068,0.103,0.609,0.131,1.222,0.04,1.19,0.069,1.08,0.02842,1.064,0.0,0.957,0.098,0.88430,0.064,1.155,0.148,1.082,0.088,0.624,0.08786,1.032,0.072,0.589,0.158
1,1,0.0,0.737,-0.016,0.695,-0.003,1.364,-0.01565,1,-0.019,0.682,-0.034,1,-0.031,0.689,-0.022,0.678,-0.033,0.68,-0.031,0.787,-0.03881,1.308,-0.045,1,-0.028,0.544,-0.047,1.306,-0.091,1.435,-0.093,1.121,-0.055
1,1,0.0,0.89505,-0.019,0.559,0.073,1.265,0.012,0.92871,0.022,0.974,-0.014,0.681,-0.023,0.508,0.018,1.061,0.0,1.192,0.01386,0.502,0.01,1.131,-0.024,1.215,0.02,0.794,0.023,1.102,0.001,1.059,0.056,0.86733,0.02376
1,0.557,0.0,0.841,0.026,0.525,-0.01773,0.506,0.009,0.802,0.047,1.014,0.04,1.115,0.01064,1.155,0.027,1.05,-0.03191,0.507,-0.03191,0.754,0.069,0.859,0.135,1.255,0.04610,0.763,0.033,1.157,0.015,0.813,0.014,0.93617,0.019
1,1,0.0,0.315,-0.238,0.621,0.015,0.472,0.09091,0.949,0.047,0.107,-0.271,0.51,0.165,0.427,0,0.545,0.025,0.513,0.034,0.837,0.22,0.224,-0.217,0.653,0.05929,0.46362,0.063,0.494,-0.03030,0.539,0.049,0.438,0.13
1,1,0.0,0.893,0.358,0.72014,0.425,0.345,0.83049,0.09,1.206,-0.328,0.688,-0.463,0.458,-0.55,0.472,-0.981,0.057,-1.007,-0.13652,-0.642,-0.454,-0.34,-0.435,-0.019,-0.676,0.085,-0.333,0.214,-0.329,0.46189,-0.273,0.513,0.01820
1,1,0.0,0.89563,0.287,0.987,0.943,0.288,1.322,-0.036,1.201,-0.306,1.243,-0.549,0.331,-0.99,0.401,-1.071,-0.072,-1.088,-0.367,-0.476,-0.594,-0.18,-0.399,0.097,-1.043,0.33531,-0.62296,0.52414,-0.38,0.355,-0.139,0.873,0.08660
1,1.225,0,0.787,0.41113,0.459,1.082,0.426,0.612,-0.127,0.984,-0.463,1.197,-1.063,0.363,-0.741,0.103,-0.87,-0.302,-0.724,-0.31,-0.412,-0.912,-0.02250,-0.93788,0.202,-0.606,0.67538,-0.9,0.548,-0.287,1.051,0.126,0.715,0.46301
1,0.961,0.0,0.861,1.051,0.482,0.06158,0.113,1.304,-0.273,0.56,-0.205,0.391,-1.123,0.412,-0.97,-0.055,-0.419,-0.451,-0.233,-1.139,-0.068,-0.495,0.25616,-0.264,0.485,-0.45950,0.85471,-0.081,1,1.031,0.444,0.003,0.147,0.79790
1,1.084,0,1.115,0.686,0.443,0.467,0.059,0.304,-0.399,0.46,-0.314,0.341,-0.302,0.0,-0.489,-0.079,-0.184,-0.454,-0.09091,-1.265,0.414,-0.407,0.317,-0.636,0.879,-0.331,0.878,0.157,0.96970,0.644,0.24242,0.36364,0.114,0.33333
1,0.849,0,0.99,0,0.68,-0.023,1.036,-0.009,0.833,0.014,0.587,0.01829,0.74,0.00915,0.592,0.002,1.412,0.035,0.693,-0.011,0.533,0.013,0.474,0.03,1.081,0.034,0.89666,0.012,1.099,0.00915,0.59,0.039,1.166,-0.015
1,0.613,0.0,0.734,0.082,0.79078,-0.097,0.90426,-0.021,1.331,0.01,1.072,0.052,1.038,-0.009,0.676,0.0,0.976,0.20213,0.95035,-0.005,1.058,0.008,0.624,0.068,1.179,0.12,0.649,0.121,1.01,0.06738,0.832,0.105,0.92553,0.0
1,1,0,0.744,0.14,0.813,0.012,0.88542,0.011,1.178,-0.015,1.071,0.10638,1.15,0.021,1.291,0.02,0.882,0.048,1.34,0.04,1.216,0.043,0.615,0.057,0.493,0.11348,0.737,0.067,0.74468,-0.051,1.108,0.082,0.673,0.073
1,0.568,0.0,1.128,0.052,1.127,0.005,0.732,0.007,1.128,0.0,0.95031,0.044,1.237,0.00994,1.104,0.01151,0.83851,-0.051,0.822,0.032,0.892,0.02,1.16,0.015,1.003,-0.04348,0.82111,0.016,0.667,0.076,0.691,0.018,1.015,0.013
1,1.302,0.0,1.094,0.00710,0.761,0.01954,1.376,0.022,0.99290,0.023,0.709,0.017,0.841,0.04,1.414,0.036,0.905,0.031,1.375,0.037,1.309,0.069,0.55,0.072,0.926,0.026,1.013,0.094,0.94849,0.08171,0.99112,0.051,0.703,0.085
1,1,0.0,1.416,0.007,1,0.007,1.365,0.025,0.799,-0.01436,1.348,-0.003,1.46,0.015,1.024,0.009,0.496,0.006,0.97901,0.017,1.364,0.009,1.127,0.012,1.398,-0.007,1.312,0.016,0.97901,0.009,1.179,0.03,1.434,0.02762
1,1,0.0,1.008,-0.013,1.19,0.018,0.75,-0.003,1,0.06264,1.215,0.04474,0.982,0.02,1.001,0.05,1.108,0.029,1.088,0.037,0.583,0.121,1.134,0.042,1.498,0.077,1.284,0.088,0.99105,0.107,0.971,0.145,1,0.115
1,0.865,0.0,0.517,0.36724,0.814,0.574,0.286,0.86399,0.025,0.836,-0.289,1.017,-0.528,0.562,-0.56,0.457,-0.627,-0.00642,-0.566,-0.219,-0.273,-0.315,-0.27377,-0.504,0.011,-0.468,0.389,-0.515,0.421,-0.267,0.773,-0.114,0.56286,0.02823
1,1,0.0,1.306,0.249,0.624,0.671,0.30440,1.003,-0.296,1.371,-0.617,0.898,-1.11,0.482,-1.393,0.087,-0.97,-0.425,-0.70163,-0.814,-0.177,-0.533,0.082,-0.771,0.549,-0.575,0.74105,-0.55231,0.77,-0.196,0.457,0.224,0.746,0.54852
1,1,0.0,0.32789,0.113,0.15970,0.408,0.127,0.74485,-0.357,0.493,-0.244,0.147,-0.581,0.24865,-1.021,-0.004,-0.181,-0.175,-0.251,-0.371,-0.212,-0.743,0.065,-0.3,0.394,-0.142,0.446,-0.082,0.277,0.05614,0.285,0.2,0.123,0.37
1,1,0.0,0.65845,0.578,0.44681,1.033,0.053,1.105,-0.391,0.99,-1.001,0.588,-0.449,0.074,-1.202,-0.238,-0.47032,-0.752,-0.06,-0.992,0.13,-0.424,0.286,-0.306,0.833,-0.125,0.538,0.273,0.45185,0.683,0.13,0.52,-0.119,0.74356
1,1.278,0.0,0.19466,0.05725,0.04198,0.288,-0.074,0.48866,-0.23,-0.163,-0.443,0.057,-0.237,0.051,-0.108,-0.38,-0.131,-0.523,0.183,-0.105,0.372,-0.142,0.28626,-0.205,0.288,0.24692,0.023,0.41,-0.022,0.249,-0.142,0.125,-0.317,-0.468
1,1.152,0.0,0.685,0.0,1.379,0.0,0.704,-0.001,0.861,0.029,0.939,0.031,1.129,0.03073,1.352,0.023,1.001,0.079,0.93552,0.059,0.97738,0.05524,0.513,0.059,0.94155,0.087,0.798,0.049,1.283,0.111,0.833,0.101,1.247,0.08616
1,0.682,0.0,0.576,-0.101,0.556,0.003,0.726,-0.016,0.82,-0.04,1.008,-0.087,0.84624,0.05029,0.83121,-0.067,0.74798,0.046,1.119,0.078,0.473,-0.031,0.78844,-0.06,1.098,-0.019,0.432,-0.024,1.058,-0.054,0.70058,-0.051,0.648,0.01
1,1.482,0.0,0.35346,-0.184,0.944,-0.032,0.862,-0.026,0.676,-0.042,0.809,-0.10467,0.62099,-0.094,0.81,-0.1,0.42271,-0.165,0.823,0.035,0.501,-0.078,0.46241,-0.102,0.385,-0.004,0.344,-0.113,0.35588,-0.055,0.179,-0.068,0.362,-0.094
1,1.024,0.0,0.929,0.01,1.203,0.003,0.771,0.005,0.687,0.024,0.965,0.101,0.459,0.008,0.614,0.011,1.095,-0.045,0.749,0.041,0.467,0.013,0.608,0.01232,0.72,-0.003,0.70886,0.016,0.899,0.00849,0.66298,0.021,0.63887,0.01525
1,1,0.0,0.885,-0.01366,0.946,0.054,0.601,0.557,0.992,-0.002,0.598,-0.113,0.365,-0.521,0.39208,0.41,0.55,0.468,0.592,0.064,0.47541,-0.37,1.294,0.006,0.637,0.098,0.503,0.176,0.742,0.07787,0.763,0.36,0.132,0.48087
1,1,0.0,0.498,0.109,0.461,-0.219,1.018,-0.033,0.648,-0.04622,0.509,0.13130,0.734,0.099,0.942,-0.068,1.184,-0.024,1.016,0.06,0.87605,0.01155,0.766,0.06618,1.236,-0.055,1.072,0.001,0.695,0.141,0.815,-0.054,1.137,-0.047
1,0.929,0,1.407,0.003,0.879,-0.025,0.93438,-0.022,0.737,0.016,1.122,0.019,0.761,0.064,1.358,-0.014,1.313,0.00140,0.52,0.033,1.065,0.074,0.764,0.091,1.057,0.012,1.325,0.03,0.93159,0.098,1.4,-0.00035,0.562,0.04712
1,1.155,0.0,0.94701,-0.0,0.753,-0.03227,0.725,-0.049,1.141,0.022,1.053,0.023,0.92595,0.025,1.17,-0.015,0.928,0.02004,0.583,0.009,0.953,0.097,1.258,0.054,0.685,0.016,0.922,0.02542,0.92120,0.022,0.716,0.006,0.696,-0.007
1,1,0,1.011,-0.02,1.305,-0.01989,0.505,-0.03646,0.743,0.001,0.983,-0.021,0.617,-0.01436,1.324,-0.036,0.884,-0.008,0.623,-0.079,0.497,0.009,0.886,-0.033,1.198,-0.016,1.208,-0.066,1.232,-0.207,0.679,-0.03757,0.559,-0.217
1,1.342,0.0,0.748,0.13533,0.73638,-0.065,0.533,0.093,0.69,-0.047,0.961,0.08,0.46,-0.002,0.989,-0.01,0.808,-0.04569,0.893,-0.039,0.81722,-0.121,1.039,0.038,1.218,-0.134,1.057,-0.043,0.4,-0.00703,0.905,-0.06678,1.086,-0.06
