1,0.718,0.0,0.748,-0.064,0.664,0.034,0.993,-0.203,0.888,0.032,1.197,-0.215,0.59755,-0.291,0.684,-0.548,0.784,-0.352,0.684,-0.45,0.56971,-0.377,0.251,-0.312,0.629,-0.732,0.464,-0.46168,0.124,-0.326,0.619,-0.726,0.18641,-0.45300
0,0.944,0.0,0.712,-0.199,1.346,-0.365,-0.07,-0.93597,0.704,-0.04549,0.541,-0.793,0.2,-0.784,-0.44,-0.641,0.05499,-0.821,0.459,-0.617,-0.145,-0.285,-0.141,-0.35734,-0.222,-0.272,-0.272,-0.17,-0.216,-0.119,-0.237,-0.086,-0.198,-0.02447
1,1.13,0.0,1.045,-0.03,1.028,0.006,1,-0.12062,0.88965,0.017,0.454,0.072,0.682,0.011,0.713,0.003,1.248,-0.13644,1.086,-0.049,0.731,-0.354,0.448,-0.146,0.386,-0.283,0.413,-0.164,0.342,-0.169,0.791,-0.24180,0.382,-0.306
0,1.396,0.0,1.21,-0.609,1.391,1.157,0.9,-1.227,0.0,0.0,0,0.0,0.0,0,-0.84,0.155,0.645,-0.39330,-1,-0.319,-0.838,0.86,0.0,0.0,1.196,1.26,0.393,0.578,0.564,-0.287,0.143,1,-0.302,1.344
1,0.902,0.0,1,-0.032,1.317,0.081,0.952,-0.194,0.523,-0.115,0.638,-0.20275,0.45,-0.004,0.194,-0.212,0.52940,-0.123,0.337,-0.155,0.078,-0.485,0.016,-0.757,0.02,-0.495,0.13290,-0.682,0.022,-0.412,-0.048,-0.369,-0.04608,-0.666
0,1,0.0,0.016,-0.007,-0.09,-0.158,-0.005,-0.11824,0.093,0.034,0.03786,-0.091,0.0,0.0,-0.038,-0.218,-0.004,-0.148,-0.11575,-0.028,0.011,0.05,0.01,0.01,0.03513,-0.01,-0.019,0.097,-0.086,0.004,0.0,0.0,-0.0,0.117
1,1.349,0.0,1.159,-0.102,1.283,-0.241,0.627,-0.147,0.872,-0.159,0.405,-0.67,0.57,-0.356,0.735,-0.667,0.433,-0.845,0.37852,-0.97,0.447,-0.793,0.249,-0.726,0.22792,-0.81634,0.117,-0.451,0.029,-0.516,-0.038,-0.49,-0.13832,-0.80975
0,0.0,0.0,0,0.0,0.0,0.0,1.095,-0.583,0.0,0.0,-1.492,-0.549,0,0,0.0,0.0,1.392,0.774,-1,-1.493,0.0,0.0,0.0,0.0,0.555,0.907,0.696,1,0.0,0.0,1.371,0.606,0.0,0.0
1,0.808,0.0,0.96355,-0.096,1,-0.172,1,-0.14,0.764,-0.403,0.913,-0.22,0.643,-0.335,1.348,-0.424,1.31,-0.236,0.439,-0.784,0.855,-0.60589,0.869,-0.451,0.85,-0.65440,0.615,-0.705,0.149,-0.33,0.478,-0.55,0.237,-0.618
0,0.502,0.0,-0.015,-0.126,0.0,0.0,0.0,0,0.105,-0.402,-0.326,-0.291,0.0,0.0,-0.419,0.285,-0.235,0.151,0.43,0.275,0.0,0,0.0,0,-0.17,-0.017,0.144,-0.032,0,0.0,0.239,0.246,-0.042,0.38065
1,1.35,0.0,0.615,0.098,0.944,-0.238,1.469,-0.169,1,-0.249,1.41,-0.536,1.256,-0.39,0.90711,-0.603,1.035,-0.493,0.457,-0.386,0.545,-0.576,0.761,-0.80544,0.375,-0.89128,0.613,-0.51,0.604,-0.571,0.426,-0.799,0.141,-0.89158
0,0.584,0.0,0.803,-0.523,1.422,-1.274,0.971,-1.129,1.1,0.537,0.898,-0.558,0.987,0.93,1,-1,0.878,-0.29354,0.91,-1.395,1,0.834,0.848,1.126,1.332,-0.331,0.588,-0.62745,1.2,-0.615,1.067,-0.554,0.947,-1.16
1,1,0.0,1.398,-0.16316,1.456,-0.057,1.038,-0.136,1.042,-0.168,0.73,-0.35151,1.166,-0.391,0.534,-0.33,0.552,-0.261,0.479,-0.259,0.811,-0.467,0.603,-0.749,0.845,-0.285,1.039,-0.58370,0.65723,-0.638,0.545,-0.871,0.827,-0.658
0,1.469,0.0,0.639,-0.86701,1.079,0.308,0.633,-0.386,1.457,-0.123,1.263,0.415,0.721,0.07772,1.126,-0.165,0.636,-1,0.968,-0.525,0.686,0.167,0.96,0.548,1.432,-0.162,0.805,0.22,0.805,-0.367,1,1.303,1,-0.141
1,1,0.0,1.128,0.082,1.252,0.03420,0.559,-0.075,0.754,0.103,0.874,0.116,1.389,0.154,1,0.129,0.779,0.143,1.114,0.303,0.883,0.401,1,0.369,1.102,0.13,0.775,0.391,1.186,0.568,1.47,0.202,0.924,0.46712
0,1,0.0,0.754,-1.08,1.253,0.223,-0.044,-0.744,0.888,-1,0.636,-1.4,0.0,0.0,-1.366,-0.496,-0.367,0.041,1.142,-1.067,0.0,0.0,0.0,0.0,-0.184,0.968,0.387,0.351,0.0,0,1.336,0.32,0,0
1,1.488,0.0,1.108,0.059,0.988,-0.006,0.97811,0.021,0.877,0.028,1.042,0.08,0.64,0.137,0.655,0.048,0.728,0.11120,0.916,0.058,1.07,0.095,0.63,0.106,0.963,0.163,0.474,0.13638,0.79110,0.199,0.848,0.15930,0.689,0.095
0,0.0,0.0,0.0,0.0,-1,-1,0.9,0.904,-1.285,1,-1.417,1.477,1,-1.312,0.591,0.941,-0.985,-0.548,-1,1.255,1.149,-1.164,-0.76,0.857,-0.57,1.188,1.119,-1.318,-1.087,1.489,-0.617,-1.295,1.051,-1.149
1,1.199,0.0,0.67065,0.02528,0.358,0.05,0.593,0.269,0.048,0.209,0.436,0.109,0.787,0.133,0.78637,0.085,0.789,0.217,0.147,0.58,0.417,0.175,0.598,0.22625,0.428,0.295,0.261,0.284,0.351,0.229,0.376,0.16,1.376,0.33036
0,0,0.0,0.808,-1.433,0.0,0.0,0.0,0.0,1,0.979,1.018,-1.281,-0.548,0.615,0,0.0,-1.376,0.729,1.382,1.202,-0.959,0.751,0.838,0.56250,-1.241,1.043,0.735,1,1.119,-0.667,1.316,1.485,0.506,0.805
1,0.512,0.0,0.968,-0.003,0.56,-0.084,0.647,-0.069,1.433,-0.10605,0.693,-0.147,0.64,-0.22,0.943,-0.208,0.92124,-0.36,0.86473,-0.34534,1.34,-0.336,1.011,-0.585,0.737,-0.285,0.822,-0.256,0.75784,-0.518,0.458,-0.313,0.819,-0.349
0,0.0,0.0,1.405,1.494,0,0.0,0.0,0.0,-0.511,-0.658,0.0,0.0,0.0,0.0,-1.22,-0.973,-0.93,-0.581,-1.194,1.409,-1.13,1.195,0,0.0,0,0.0,1,-1,-0.751,0.883,-0.857,1.342,-1.396,0.851
1,0.63,0.0,1.377,0.065,1.129,0.057,1.464,0.118,1.291,-0.053,0.929,0.018,0.513,-0.065,0.964,0.071,0.76544,0.003,0.8,-0.047,0.434,-0.08,0.722,-0.032,0.55677,-0.09,0.376,-0.02205,0.543,-0.015,0.51310,-0.0,0.591,-0.00182
0,0.0,0.0,-1.024,1.438,0,0.0,0.0,0.0,-0.572,1.006,1,0.852,0.0,0.0,0.0,0.0,0.739,-1.028,-0.671,1.386,0.944,1.091,0.0,0.0,-1,-1.296,1.171,-1.287,0.923,1.447,-1.363,0.581,0,0
1,1.13,0.0,1.332,-0.06182,1.339,0.039,0.586,-0.036,1.157,-0.01707,1.307,-0.11726,1.259,-0.047,0.748,-0.079,0.385,-0.089,0.448,-0.122,0.59,-0.31558,0.695,-0.31654,0.678,-0.239,0.609,-0.386,0.71,-0.399,0.702,-0.374,0.371,-0.223
0,1,0.0,1.428,0.503,1.364,-1.389,1.209,-0.563,0.702,-1.396,0.76,-1.483,1,-0.932,1.198,-0.761,0.691,-1.227,0.797,-1,0.616,-0.351,1.196,-1.013,0.678,-1,1,-1.068,1.236,-1.46,0.503,-1.348,1.391,-1.344
1,1.439,0.0,1.348,-0.122,0.902,-0.218,0.542,-0.689,1.357,0.378,1.336,-0.569,0.88486,-0.179,0.943,-0.175,0.838,-0.812,0.178,-1.031,0.90284,0.091,0.811,-0.521,0.343,-0.82868,0.372,-0.475,0.40650,-0.809,0.276,-0.92128,-0.171,-0.632
0,0.0,0,-0.633,-1.098,0.0,0.0,-0.781,1.047,1.138,-0.496,0.0,0.0,0.0,0.0,0,0.0,1.494,-0.91,-0.613,-0.509,0.9,-1,0.0,0.0,0.518,-1,-1,1.05,-1.187,-1.123,0.0,0.0,-0.971,0.603
1,0.748,0.0,1.165,0.114,1.349,0.118,0.609,-0.093,0.499,0.875,0.583,0.472,0.605,0.618,0.964,0.865,1.392,1.027,1.035,0.95099,0.725,1,0.98042,0.684,0.91624,1.086,0.83899,0.945,0.921,0.92,0.352,1.492,0.573,1.159
0,0.0,0,-0.739,-0.774,0.987,1.059,0.907,-0.656,-1.115,0.606,1.138,-0.549,-0.703,-0.998,0,0.0,1.475,0.939,-1.158,-1.333,1.201,-0.609,0.552,-1.011,0.555,1,0.519,-1,1.493,-0.764,-1.491,1,1.371,-0.693
1,0.517,0.0,0.914,-0.178,0.674,-0.161,0.586,-0.199,0.742,-0.101,1.244,-0.18,1.415,-0.26161,1.439,-0.269,0.696,-0.312,0.738,-0.692,1.308,-0.35519,1,-0.406,0.993,-0.566,0.98820,-0.49687,0.919,-0.573,1.069,-0.383,1.135,-0.565
0,1,0.0,0.502,-0.615,0.713,1.163,1,-0.751,1.022,-0.726,1.38,-1.244,1,-0.024,1.005,-1,1.484,1.151,0.755,-0.635,0.619,1.313,0.897,-1,0.0,0.0,0.579,1.021,0.654,-0.604,1.16,0.633,0.614,0.787
1,1.181,0.0,0.88208,-0.119,1.052,-0.163,1.243,-0.162,1.214,-0.106,0.88462,-0.477,0.463,-0.401,0.82116,-0.434,0.734,-0.359,1.115,-0.277,0.599,-0.364,0.857,-0.483,0.901,-0.323,0.536,-0.617,0.50179,-0.408,0.47075,-0.503,0.234,-0.755
0,0.898,0.0,0.971,-0.015,0.3,-0.268,0.913,-0.076,0.99709,-0.10236,1,-0.061,0.468,1.042,1.136,-0.896,1.17,-0.166,0.784,-0.421,-0.152,1.297,0.492,0.054,0.547,-0.20392,0.866,-0.455,0.602,-0.263,0.503,-0.678,-0.282,-1
1,1,0.0,0.639,-0.15899,0.436,0.242,0.487,-0.851,0.978,-0.168,1.079,-0.49863,0.42,-0.148,0.76837,0.147,0.532,0.291,1.038,0.247,1.231,-0.014,1.25,-0.884,1.263,0.119,1.473,-0.111,1.456,-0.11129,1.312,0.295,1.463,-0.641
0,0.779,0,0.66161,-1,0.884,1.057,1.24,-0.376,1.119,-0.579,0.613,-0.636,1.11,-0.89375,0.969,0.748,0.131,0.799,0.622,0.78036,1.12,0.962,0.883,-1.181,0.96,1.254,0.95,-0.051,0.624,-0.281,0.754,0.959,1.356,0.279
1,1.114,0,1,0.00433,1.481,-0.01,1,-0.041,1.35,-0.063,1.105,-0.068,1.252,-0.076,1.111,-0.043,1.361,-0.153,0.952,-0.11,0.99589,-0.106,1.188,-0.119,0.678,-0.276,1.049,-0.175,1.165,-0.197,0.923,-0.293,0.775,-0.284
0,0.0,0.0,1.447,1.149,0.888,-1.404,0.0,0.0,0.0,0,-1,-1.031,0.0,0.0,0.0,0.0,-1.05,0.918,1.144,0.793,-0.972,0.847,-1.212,0.91,1.064,-0.753,1,1.112,-1.4,0.975,1.311,1,0.0,0
1,0.596,0.0,1.003,0.022,1.116,0.026,0.637,0.07,0.922,0.017,0.838,0.08,1.232,0.087,0.909,0.05,1.313,0.097,0.83744,0.215,0.977,0.11849,0.552,0.14222,0.824,0.11299,0.953,0.076,0.773,0.125,0.444,0.075,0.614,0.11447
0,0.82,0.0,1.417,0.035,0.99672,0.04861,1.28,0.065,0.691,-0.685,1.355,0.116,0.759,0.294,0.506,0.191,0.914,0.086,0.614,0.371,0.757,0.19,0.356,0.133,0.54446,0.144,0.5,0.237,0.508,0.139,0.354,0.154,1,1
1,1,0.0,0.929,0.083,0.545,0.161,1.043,0.37,0.678,0.251,1.244,0.297,0.739,0.50082,1.019,0.723,0.65954,0.725,0.574,0.509,0.297,0.776,0.486,0.77,0.473,0.72082,0.27712,0.996,0.104,0.471,0.085,0.905,0.071,0.362
0,1,0.0,-1.316,-1.241,0.968,0.693,1,-0.126,0.0,0.0,-0.867,1.433,0.762,1.096,0.17917,-1.485,-0.615,-0.771,0.084,-1.192,1.462,-1.33,-0.998,0.961,-0.855,-1.355,0.647,-0.528,-1,-0.56,1.334,1.116,0,0.0
1,0.607,0.0,1.11,0.112,0.493,0.164,0.512,0.207,0.353,0.642,0.739,0.365,0.238,0.51,0.407,0.415,0.51067,0.49618,0.281,0.111,0.452,0.422,0.31274,0.493,0.324,0.315,0.167,0.623,0.12635,0.287,0.078,0.55061,0.171,0.909
0,0.751,0.0,-0.437,-1.431,0.658,0.987,0.538,-1,1.332,-0.297,1,1.065,1.094,-0.425,0.956,-1.04,1.494,0.099,0.779,-1,0.647,-0.038,-0.99,1.396,0.651,0.85714,0.914,0.93,1.405,-0.851,1,-1.024,1.433,-0.581
1,1.056,0.0,1.001,-0.066,1.444,-0.123,0.841,-0.151,1.429,-0.282,0.949,-0.418,0.571,-0.239,0.59,-0.641,1.157,-0.302,1.161,-0.629,0.79016,-0.59839,0.74725,-0.64615,0.481,-0.802,0.668,-0.645,0.805,-0.801,0.616,-1.145,0.319,-0.83245
0,0.0,0.0,0.0,0,0.0,0.0,0.0,0,1.028,1.031,1.033,0.798,0.0,0.0,0.0,0,-0.491,-0.671,-0.621,-1.296,0.0,0.0,0.0,0.0,-0.886,-1.423,-0.923,-1,-0.793,0.572,1.438,0.0,0.0,0
1,1,0.0,1,-0.022,1.193,-0.085,0.758,-0.11039,1.387,-0.119,0.851,-0.202,1.434,-0.266,0.95288,-0.227,0.975,-0.48,0.845,-0.189,1.138,-0.42,1.223,-0.209,1.162,-0.614,0.469,-0.574,0.974,-0.42593,0.534,-0.288,0.729,-0.421
0,0.62,0.0,0.707,-0.019,-1,0.22,-0.491,0.276,0.624,-0.438,0.797,-0.023,-0.359,-0.004,-0.306,0.211,1.201,-0.593,0.563,-0.284,-0.183,-0.31454,-1.033,0.188,0.638,-0.46734,0.747,-0.506,1,-0.622,-0.087,0.275,-0.074,0.41913
1,1.439,0.0,0.98166,0.005,1.011,-0.024,0.535,-0.05699,1.434,-0.092,0.9,-0.048,1.04,-0.117,1.049,-0.066,1.323,-0.069,0.79682,-0.25,0.925,-0.158,0.86257,-0.115,0.88487,-0.249,1.125,-0.174,0.4,-0.151,0.477,-0.193,1.081,-0.16
0,0.911,0.0,0,0,0.508,0.642,0.0,0.0,0.077,-0.583,0,0.0,0.0,0.0,-1,-0.116,-0.435,-0.75,0.836,0.718,0.0,0.0,0.515,0.351,-0.494,0.335,0.627,-0.854,-1.014,0.81573,0.0,0.0,0.0,0.0
1,1.371,0.0,0.84134,-0.166,0.412,0.023,0.86,-0.002,1.313,0.151,0.564,-0.012,0.88559,0.54991,0.509,-0.57486,0.414,-0.336,1.009,-0.296,1.392,0.583,0.338,-0.201,0.845,-0.019,1.141,-0.012,0.836,-0.177,0.511,-0.298,0.93323,-0.021
0,0.0,0.0,0.703,1,0.669,-1,0.0,0.0,0,0,0.764,0.519,0.68,1.135,-0.721,-1.491,0.586,-1.187,-0.656,0.842,0.0,0.0,0.914,-0.808,1.201,-0.516,1.115,1.059,-1.248,-0.987,0.0,0,0.0,0.0
1,0.536,0,1.484,0.502,0.633,1,1.115,1.308,-0.196,1,-0.849,0.517,-0.674,0.696,-0.919,0.538,-1,-0.57779,-1.341,-0.321,-1.151,-1.005,-0.377,-0.738,1.295,-1.244,1.313,-1.5,0.99,-1.163,0.787,-0.431,1.415,0.346
0,1,0.0,-0.887,-0.742,-0.751,1.38,0.614,0.598,0.023,-1.477,-1.299,-0.755,0.682,1.16,0.545,-0.619,-0.59,1.207,0.563,0.543,0.622,-1.469,-0.897,-0.579,-0.145,1.021,1.35,-1.41,-1,-1.499,-1,1,1.375,0.33611
1,1,0.0,0.559,0.05,0.97487,-0.053,0.943,-0.096,1.432,-0.093,0.851,0.011,1.237,-0.153,0.766,-0.265,0.845,-0.32268,0.994,-0.288,1.061,-0.24,1.082,-0.38,0.99899,-0.543,0.861,-0.408,0.92059,-0.327,0.465,-0.579,0.778,-0.397
0,1,0,0.087,-0.125,-0.776,0.532,-1,1,0.429,0.575,-1.078,-0.847,-1.398,-0.873,-0.584,0.943,-0.016,0.469,-0.403,-0.613,-0.954,-0.931,-0.928,-0.435,-0.986,0.233,0.727,-1,-1.005,-0.569,-0.896,-0.57,-1.363,0.342
1,0.879,0.0,1.038,-0.02259,1,-0.057,0.747,-0.037,0.969,-0.095,1,0.664,0.74,-0.12738,1.181,-0.148,1,0.199,1.126,-0.171,1.052,-0.262,0.611,-0.191,1.432,-1.345,0.969,-0.321,0.928,-0.142,0.631,-0.164,0.71,-0.338
0,0,0.0,-0.779,1,1.35,-0.805,-1.114,0.548,0.0,0,1.167,1.47,-0.59,-0.208,0.758,1.24,-0.622,-1.389,1.178,-0.559,-1.011,-0.884,1.118,0.754,1.102,-1.128,0.883,0.775,0.897,0.924,0,0,-1.356,-0.65
1,1.149,0.0,0.978,0.045,1.009,0.084,1.378,0.196,1.447,-0.021,1.267,0.08,1.269,0.165,1.29,0.128,0.90896,0.20119,1.408,0.121,0.99695,0.14258,0.90784,0.206,0.64,0.219,0.738,0.251,1.24,0.236,1.07,0.435,1.044,0.303
0,0.596,0.0,0.141,-0.918,-1.212,0.733,0.0,0.0,0.0,0.0,-0.912,1,0.0,0.0,-0.74,-0.888,0.83,0.36146,0.51979,0.131,0.0,0.0,-0.695,-0.35,-0.571,0.96250,1.328,1.099,-0.988,0.721,0.0,0.0,0.0,0
1,1,0.0,1.285,0.112,0.591,0.14,0.985,0.204,1.3,0.1,1.345,0.19211,0.92992,0.208,1.318,0.298,0.85529,0.146,0.477,0.252,0.971,0.416,0.74829,0.513,0.957,0.312,1.019,0.636,0.702,0.33,0.664,0.559,0.51,0.314
0,0.906,0.0,0.019,-0.444,0.0,0.0,0,0.0,0.0,0.0,0.0,0.0,0.0,0.0,0.173,-0.656,0.178,1.225,0.877,-0.227,0.0,0,0.057,-0.774,-0.098,-0.229,1.267,-0.919,-1,0.255,0.0,0.0,1,-0.27292
1,1,0,0.998,0.16801,1.367,0.179,1.056,0.245,0.957,0.324,0.879,0.37107,0.973,0.46899,0.793,0.551,0.799,0.419,0.571,0.477,0.455,0.721,0.449,0.328,0.668,0.727,0.316,0.527,0.429,0.508,0.255,0.856,0.328,0.484
0,1,0.0,0.337,0.896,0.161,-0.647,0.512,0.607,0.841,0.307,-0.66886,0.57,-0.042,0.7,0.011,0.063,-0.688,-0.693,0.204,-0.025,0.344,-0.395,-1,1.462,0.783,-1,1.129,-0.053,1.101,1.355,0.20614,-0.943,0.56,0.776
1,1.396,0.0,1.464,-0.619,0.558,0.91,0.506,0.145,1.409,-0.09925,0.93844,0.467,0.834,-0.204,0.647,0.008,1.163,-0.445,0.526,-0.319,0.754,-0.256,1,-0.092,0.826,0.15,1.237,-0.074,0.68,-0.14,0.525,0.19849,0.627,-0.05402
0,1.011,0.0,0.868,0.10598,1.056,0.39130,0.851,-0.538,0.889,0.06,0.657,0.396,1.04,0.867,1.125,0.255,0.617,0.024,0.644,-0.271,1,0.412,0.852,0.312,1.008,-0.404,1.433,0.146,0.37681,-0.021,1.135,0.239,1.271,0.37409
1,0.886,0.0,0.704,0.37,0.944,0.014,1.296,0.068,1.21,0.045,0.77,0.342,1.031,0.079,1.024,0.04384,0.95750,-0.288,0.566,-0.095,0.739,0.035,1.362,0.39,1.386,-0.39056,0.89,-0.022,1.255,0.134,0.94578,-0.154,0.496,-0.07329
0,0.0,0.0,1.423,-1,1.332,-1.193,1,-1,0.586,-0.798,0.971,1.339,1.307,0.793,1.13,-0.556,0.84,1.324,1.033,0.685,0.6,1.49,1.292,-0.904,1,-0.681,1,-1.309,0.703,0.794,0.0,0.0,0.564,-1.287
1,0.932,0,1,0.67784,0.973,0.713,0.327,1.389,0.294,1.124,-0.64,0.503,-1.101,0.533,-1.364,0.306,-0.22,-0.87,-1.184,-0.577,-0.496,-0.773,-0.451,-0.97491,0.291,-1.236,0.528,-0.744,0.316,-0.559,0.93570,-0.376,0.571,0.046
0,1,0.0,0.825,0.747,1.266,-0.632,1,-0.902,0.663,0.773,0.563,1.031,0.616,1,1.348,-1.455,0.548,1.399,1.306,0.903,1.404,0.597,1.301,1.072,0.626,1.431,1.033,0.5,0.0,0.0,0.835,-1.282,0.62,-1
1,0.627,0.0,1.123,0.03529,0.583,0.18281,1.05,0.197,0.909,0.196,0.613,0.316,1.323,0.2,1,0.288,1.047,0.78,0.671,0.613,0.701,0.317,0.971,0.888,0.766,0.434,0.908,0.452,0.85611,0.939,0.448,0.435,0.942,0.75837
0,0,0.0,0.725,-1.159,1.24,1.349,-0.684,-0.508,0.748,-0.945,0.0,0.0,0.0,0.0,-1.046,0.911,0.609,-1.086,1.222,-1,-0.69,1.231,1,-0.605,1,-1,1.492,-0.676,-0.985,-1.092,0.0,0.0,0.696,-0.9
1,0.939,0.0,0.959,0.064,0.749,0.106,0.585,0.278,0.967,0.35052,1.082,0.42,1.15,0.631,0.907,0.386,0.444,1.031,0.356,1.003,0.283,0.768,0.34,0.421,0.226,0.791,0.33401,0.83796,0.173,0.996,0.157,1.281,0.09048,0.86285
0,1.439,0.0,0.69444,0.442,0.0,0.0,-0.17,0.872,0.0,0.0,0.0,0.0,0.0,0.0,0.20635,-0.196,0.123,0.208,0.335,0.523,0,0.0,0.0,0.0,0.96,0.186,0.642,0.898,0.0,0.0,0,0.0,0.0,0
1,1.38,0.0,1.244,0.05070,1,0.126,1.151,0.256,0.713,0.211,1.005,0.34826,0.751,0.278,0.94575,0.605,0.91,0.653,0.439,0.372,0.595,0.322,0.607,0.389,0.409,0.574,0.776,0.709,0.575,0.447,0.47027,0.469,0.168,1.116
0,0.0,0.0,1.482,1.296,0,0.0,0.81,-0.878,1.181,-0.59,0.671,0.848,0.944,1.274,1.332,-1.129,1.375,1.067,0.682,0.987,1,-1.469,-1.499,-0.755,0.91,-1.126,1,-0.771,1.207,0.964,0.0,0,1.477,-1
1,1.357,0.0,0.554,0.045,0.931,0.163,0.727,0.187,0.971,0.27921,0.918,0.293,1.297,0.452,0.707,0.484,0.76,0.686,0.463,0.268,0.79400,0.531,0.432,0.826,0.392,0.589,0.528,0.60990,0.53952,0.339,0.364,0.531,0.40442,0.497
0,0.0,0.0,1.182,0.604,1.079,-1,0.978,1.457,1,1.473,1.35,0.721,1,0.74,1.038,0.805,0.552,-1.463,-0.968,1.278,-1.456,1.005,-0.929,1.11,0.879,-0.597,0.584,1.042,-1.312,1,-0.873,-1.263,-0.958,1
1,1,0.0,1.432,0.285,0.59,0.603,0.559,0.822,0.969,1.128,1,0.613,0.96,0.884,0.883,0.493,1.469,0.805,0.636,0.622,0.562,1,0.948,1.383,0.718,0.775,0.38255,0.65,0.084,0.747,-0.194,1.019,-0.773,1
0,0.0,0.0,0.924,0.874,0.834,-0.548,1.366,0.978,-0.758,1,0.0,0.0,1,1.389,0.0,0,0.0,0.0,-1.326,1.252,-1.178,1.36,1.142,1,1.35,-0.768,1.118,1.47,0.744,1.456,1.481,-1.167,-1,1.011
1,1,0.0,1.212,-0.075,1.05,0.573,1,0.119,1,0.284,0.793,-1.144,0.975,-0.283,1.112,-0.154,1.404,0.048,1.149,-0.891,1.336,-0.219,0.888,-1.311,0.753,-0.58042,1.378,-0.597,1.067,-1.05,0.918,-0.836,1.031,-0.48252
0,0,0.0,0.717,-0.716,1,1.488,1,0.508,1.184,0.988,0.912,0.596,1,-0.57,1.099,-0.82,1.164,1.255,0.673,-0.626,1.285,1.149,0.941,0.805,0.695,-0.76,0.847,1.087,0.985,-1.328,1,1.294,1.207,-1.295
1,1.169,0.0,0.836,0.087,0.838,0.189,0.919,0.333,0.721,0.35197,0.432,0.341,0.84,0.46983,0.813,0.334,0.60459,0.956,0.461,0.961,0.526,0.549,0.36,0.599,0.246,0.664,0.116,1.061,0.055,0.436,0.036,0.77072,-0.04023,0.476
0,1.043,0.0,0.551,-0.208,0.806,0.167,0.642,0.32862,0.355,0.58304,1,-0.176,0.007,0.554,0.01,0.38869,0.223,0.256,0.146,0.362,0.04,0.39,-0.001,0.24936,-0.021,0.106,-0.023,0.112,-0.043,0.105,-0.023,0.079,-0.03,0.064
1,0.961,0.0,0.657,-0.022,0.55,-0.068,0.80621,0.031,0.85947,0.034,0.943,0.07,0.71598,0.07840,0.633,0.074,0.577,-0.18,0.793,-0.016,1.046,0.069,0.24,-0.231,0.779,0.027,0.342,-0.064,0.768,-0.181,0.363,-0.19,0.56361,0.023
0,1.409,0.0,0.223,-0.057,0.514,0.052,1.194,1,0.316,0.078,0.695,0.092,0.61567,-1.069,0.57836,0.67910,0.754,-0.067,0.491,-0.146,0.652,0.115,0.505,0.39,0.688,0.22,0.444,0.138,0.316,-0.033,0.347,0.13521,0.192,0.065
1,0.93,0.0,0.67547,0.055,0.655,-0.108,0.602,0.03774,0.427,-0.068,0.82,0.008,0.639,-0.081,0.659,-0.03,0.414,0.065,0.55,-0.07925,0.904,-0.26,0.487,-0.211,1.193,-0.157,1.032,-0.068,0.809,0.026,1.239,0.043,0.73208,0.00755
0,0.944,0.0,0.472,-0.053,0.562,0.035,0.657,0.991,0.386,-0.05909,0.48182,-0.172,0.864,0.127,0.35,1.011,0.73,0.242,0.47,0.146,0.882,-0.256,1.087,-1,0.408,0.255,0.819,0.172,0.461,0.117,0.55,0.14643,1.135,1
1,0.886,0.0,0.57647,-0.01569,0.489,0.0,0.496,0.12941,0.40000,-0.079,0.323,0.146,0.431,0.058,0.681,-0.062,0.584,0.022,0.371,0.0,0.66,0.053,0.598,0.086,0.651,0.006,0.48601,0.062,0.606,0.056,0.361,0.326,0.555,0.137
0,1,0.0,0.41932,0.144,0.487,0.113,0.307,0.27955,-0.049,0.266,0.063,0.517,-0.229,0.256,-0.185,0.158,0.033,0.40455,-0.244,0.124,-0.113,0.028,-0.229,0.539,-0.082,-0.07,-0.107,-0.085,-1.264,-1.196,-0.039,-0.064,-0.004,-0.06314
1,1,0.0,0.88305,-0.3,0.903,0.36373,0.835,0.097,0.678,0.037,0.677,-0.024,0.479,0.17,0.942,0.25322,0.478,0.504,0.955,0.404,0.66,0.395,0.76,0.325,0.741,0.321,0.49,0.353,0.682,0.79,0.602,0.70923,0.672,0.67
0,1,0.0,0.463,-0.118,-0.446,-1.204,-0.129,-0.353,1.049,0.051,0.6,-0.008,-0.18494,0.659,-0.165,-0.713,0.779,-0.058,0.493,-0.173,-0.063,0.50810,-0.432,0.456,1.148,-0.019,0.76,-0.211,0.77884,-0.14109,-0.207,-0.485,-0.11,-0.792
1,0.854,0.0,0.497,-0.181,0.435,0.034,0.632,0.504,0.38,0.212,0.62,0.273,0.628,-0.313,0.50435,0.341,0.38696,-0.441,0.226,-0.135,0.202,0.06,0.513,-0.035,0.31304,-0.067,0.317,-0.051,0.48348,-0.04448,0.732,-0.275,0.304,0.146
0,0.696,0.0,-0.33,0.082,-0.463,0.73375,0.602,-0.101,0.186,-0.038,0.161,-0.112,0.643,0.084,0.589,-0.146,0.187,0.495,0.33746,0.042,0.754,0.07121,-0.386,-0.753,1,0.595,0.558,-0.467,-0.084,0.166,0.016,0.55820,0.484,-0.132
1,0.586,0.0,0.236,0.161,0.45331,0.18,0.347,-0.004,0.358,0.20883,0.318,-0.152,0.239,-0.036,0.588,0.02,0.81664,-0.116,0.42445,-0.048,0.354,0.043,0.203,-0.145,0.689,-0.027,0.354,-0.04,0.516,0.097,0.79,-0.011,0.395,-0.03226
0,0.99,0,0.911,0.117,0,0.0,0.381,0.06874,0.516,1.225,0.569,0.759,-0.013,0.439,0.312,0.16,-0.019,0.702,-0.256,0.63,-0.08,0.558,-0.638,0.15,-0.92,1.004,-0.34146,1.026,-0.726,0.359,-1.415,0.128,0.0,0
1,1,0.0,0.921,0.224,1.165,0.244,0.396,0.375,0.777,0.746,0.514,0.612,0.366,1.293,0.05,0.85038,-0.078,0.784,-0.373,1.098,-0.35,0.65924,-0.57135,0.53805,-0.402,0.246,-0.441,0.149,-0.494,0.07,-1.008,-0.072,-0.817,-0.188
1,1,0.0,1.154,0.184,1.232,0.616,0.68,0.58,0.446,0.84278,0.193,1.046,0.086,1.218,-0.106,0.492,-0.352,1.358,-0.556,1.014,-0.769,0.401,-0.77408,0.402,-0.85376,0.17849,-1.184,-0.009,-0.699,-0.107,-0.59,-0.457,-0.696,-0.452
0,1.042,0.0,-1.312,-0.556,0.0,0.0,0.693,-0.752,0.322,0.32899,-0.929,-0.41368,0.0,0,0.0,0.0,1.218,-0.248,0.265,-0.504,0.586,-0.943,-0.597,-0.971,0.931,-0.599,-0.584,-0.986,-1.278,-1.35,1,-1.398,0.0,0
1,1,0.0,0.554,0.049,0.836,0.024,0.929,0.027,0.66230,0.111,0.801,0.231,0.735,0.102,1.07,0.124,0.569,-0.08,0.39,0.0,0.367,0.073,0.68183,0.131,0.426,0.15445,0.354,0.12,0.83,0.17539,0.62,0.163,0.837,0.145
0,1,0.0,0.883,-1.102,0.0,0.0,0.627,-0.645,0.953,0.43,-0.41912,-1.188,0,0.0,0.0,0.0,0.977,-0.682,0.819,-0.60294,0.0,0.0,0.143,-1,-0.758,-1.24,-0.548,-1.11,0.59,-0.874,0.924,-1.011,0.0,0.0
1,1.326,0.0,1.447,0.017,1.414,-0.036,1.253,-0.039,1.092,-0.049,1.347,-0.07092,1.133,-0.103,1.378,-0.215,1.063,-0.139,0.98310,-0.158,1.456,-0.142,1.481,-0.27,0.826,-0.22083,0.96490,-0.216,1.069,-0.18,1.078,-0.317,0.648,-0.23296
0,0,0.0,0.0,0.0,0.0,0.0,0.0,0.0,0.0,0.0,0.0,0.0,0.0,0,0.0,0.0,0.0,0.0,0,0.0,0.0,0.0,0.0,0.0,0.0,0.0,1.212,-0.753,0.0,0.0,0.0,0.0,0,0
1,1.051,0.0,1.119,-0.12095,0.795,-0.187,1.238,-0.21,1.149,0.08460,1.0,-0.015,0.716,-0.146,1.149,-0.31395,1.477,-0.152,0.972,-0.189,1.164,-0.168,1.227,-0.3,1.119,-0.181,1.165,-0.31565,0.967,-0.148,0.806,-0.31857,0.396,-0.589
0,1,0,0.408,-0.171,0.0,0.0,0.617,-0.566,0.191,0.84,0.642,0.044,0.324,-0.465,0.0,0.0,0.322,-0.43,0.667,-0.745,0.0,0.0,0.0,0,0.302,0.207,1.024,-0.23864,0.055,-0.682,0.142,-0.727,0,0.0
1,1,0,1.092,-0.732,0.979,-0.027,1.007,-0.663,1.245,0.959,1.116,-0.105,1,-0.11,0.867,-0.121,0.751,-0.194,1.241,-0.282,0.808,-0.309,0.961,-0.319,0.506,-0.334,0.998,-0.422,1.281,-0.271,1,-0.40740,0.667,-0.375
0,0.693,0.0,0,0,0.0,0.0,0.0,0.0,0,0,0.474,0.968,0.0,0.0,0.0,0.0,0.284,-1.052,0.538,-1.192,0.0,0.0,0.0,0.0,0.0,0,0.64,0.098,0.0,0.0,0.0,0.0,0.0,0.0
1,0.883,0.0,1.213,0.008,0.782,-0.074,0.6,-0.106,1.396,-0.079,1.152,-0.101,1.19,0.035,0.917,-0.236,0.93881,-0.115,0.548,-0.116,1.074,0.00075,0.87836,-0.044,0.8,-0.19872,0.682,-0.25,0.966,-0.211,0.41,-0.251,0.76586,-0.415
0,1,0.0,0.114,0.07,0.0,0,0.0,0.0,0.606,0.968,0.35,0.581,0.0,0.0,0,0.0,0.37162,-0.914,0.208,-0.617,0.0,0.0,0.0,0,-0.469,-1.04,1.135,-0.851,0.492,-0.339,0.0,0.0,0.0,0.0
1,1.024,0.0,1.045,-0.353,1.161,-1.062,1.241,-0.759,1.031,-0.36,0.886,-0.334,0.555,-0.797,1.426,-0.57535,1.011,-0.56,0.789,-0.508,0.676,-1.091,0.849,-0.435,0.844,-0.76904,0.53777,-0.77986,0.69,-0.739,1.319,-0.944,0.438,-0.76112
0,1.324,0.0,0.526,-0.62879,0.0,0.0,0,0,0.77273,0.671,0.84,-0.225,0.0,0.0,0.0,0.0,0.373,-0.22727,0.493,-0.556,0.703,-1.193,0.0,0.0,0.0,0.0,1.21,-0.584,-0.102,-1.388,0.0,0.0,0.0,0.0
1,1.483,0.0,1.033,0.097,1.13,0.509,0.67203,0.685,0.374,0.475,0.36705,0.563,0.19617,1.155,-0.055,0.656,-0.235,1.082,-0.259,0.572,-0.609,0.56092,-0.339,0.57,-0.472,0.261,-0.876,0.08818,-0.685,-0.055,-0.307,-0.186,-0.248,-0.341
0,1,0.0,0.251,-0.797,0.0,0.0,1.399,-0.632,0.90000,0.62,0.615,0.478,0.0,0,0.0,0.0,0.604,-0.422,0.84000,-0.62,0.0,0.0,0.0,0.0,0.283,0.978,0.616,0.182,0.0,0,0.0,0.0,0.0,0.0
1,1,0.0,1,0.121,1.204,0.727,0.569,0.757,0.499,1.259,0.35,1.089,0.074,0.457,-0.223,0.465,-0.311,0.478,-0.51360,0.587,-0.389,0.381,-0.432,0.179,-0.806,0.035,-0.456,-0.134,-0.893,-0.189,-0.563,-0.44505,-0.37432,-0.705
0,1,0.0,0.91353,0.446,-0.499,1.349,-0.23,0.388,0.067,0.29730,-0.126,-0.125,-0.024,-0.122,0.007,-0.031,0.01,-0.005,0.002,0.00097,0.001,0.001,-0.0,0.0,-0.0,0.0,-0.0,0.0,0.0,0.0,0.0,0.0,0.0,0
1,0.516,0.0,0.111,-0.052,0.337,0.07143,0.141,0.202,0.132,0.111,0.40476,0.016,0.187,-0.052,0.424,-0.053,0.221,-0.108,0.379,0.04762,0.30952,0.0,0.248,-0.117,0.197,-0.057,0.169,-0.014,0.284,0.0,0.227,-0.019,0.135,-0.01877
0,1,0.0,1.135,-0.124,0.674,0.035,0.29,-0.013,0.456,0.018,1.143,-0.03279,0.545,0,0.682,-0.108,0.245,-0.086,0.943,-0.243,0.618,0.049,1,-0.201,0.285,-0.43,0.351,-0.168,0.492,-0.024,0.342,-0.44262,0.488,-0.078
1,1.32,0,0.514,0.0,0.465,0.03131,0.785,0.061,1.122,0.0,0.86,0.047,0.915,0.07,0.77118,0.049,0.62727,0.316,0.965,0.12727,0.522,0.127,0.532,0.076,0.97,0.309,0.845,0.093,1.006,0.021,0.699,0.232,0.702,0.207
0,1.161,0.0,0.528,0.685,-0.898,0.11,-0.11,-0.729,0.66667,0.015,0.82143,0.40476,-0.403,0.425,-0.222,-0.517,0.587,0.104,0.8,0.052,-0.405,0.44961,-0.495,-0.395,0.323,0.472,0.385,0.274,0.365,0.48,-0.741,-0.154,0.373,-0.55837
1,1.403,0.0,0.492,-0.039,1.176,-0.028,0.628,-0.06889,0.87778,0.002,0.83556,-0.077,1.373,-0.096,0.54,-0.268,0.817,0.032,0.504,-0.043,0.58,-0.11526,0.858,-0.152,0.784,0.041,0.692,-0.154,1.212,-0.182,0.946,-0.187,0.601,-0.44222
0,0.637,0,0.457,-0.11,0.703,-0.14545,0.181,-0.471,0.34545,-0.027,0.184,-0.076,0.187,0.334,0.535,-0.311,0.242,-0.023,0.27,0.036,0.091,0.49091,0.528,0.173,0.185,0.173,0.436,-0.064,0.34545,-0.08,0.113,-0.409,0.374,-0.302
1,1,0.0,0.72,-0.52,1.084,0.43,0.49057,-0.078,0.398,0,0.677,-0.0,0.308,0.089,0.62264,-0.079,1.209,-0.0,0.731,0.0,0.575,0.113,0.523,-0.00112,1.249,0.516,0.718,-0.001,1.346,-1.497,1.287,0.261,0.247,-0.139
0,0.775,0.0,0.38,1.23,-0.513,-0.316,0.175,-0.131,0.426,-0.142,-0.991,0.12808,0.33333,0.0,0.28571,-0.07143,-0.469,0.294,0.121,0.014,0.65,0.045,0.107,-0.359,-0.715,-0.09,0.296,-0.308,0.964,0,-0.488,-0.032,0.348,0.021
1,1.049,0.0,0.234,0.05,0.426,-0.087,0.545,0.0,0.498,-0.06250,0.477,0.0,0.319,0.09,0.297,0.017,0.623,-0.339,0.433,-0.24,0.33333,0.046,0.222,0.226,0.39583,-0.18750,0.45,-0.104,0.28,-0.074,0.42,-0.343,0.241,-0.06250
0,1,0,0.718,0.694,0.0,0,0.0,0.0,0.0,0.0,0.554,-1.187,-0.291,0.584,-0.691,0.233,0.445,1.385,0.0,0.0,0.0,0,0.627,0.194,-0.652,-1,0.765,-1.172,0.691,1.189,0.0,0.0,0.0,0.0
1,1,0,0.699,0.064,0.867,0.168,1.259,0.128,1.027,-0.577,0.502,0.682,0.993,0.392,0.536,0.322,0.372,0.37,0.99,0.358,0.398,0.44088,0.668,0.545,0.308,0.431,0.383,0.217,0.90330,0.676,0.23405,0.535,0.269,0.551
0,1,0.0,0.59840,0.506,0.597,1.007,0.721,1.0,0.84010,-0.1,1.044,0.046,0.529,-0.88,0.946,0.458,1.099,-0.068,1.056,0.181,1.029,-0.399,0.538,-0.756,0.168,-0.30063,1.249,0.175,0.553,0.449,0.81,1.183,0.459,0.68822
1,1,0.0,0.743,0.092,1.249,-0.013,0.959,0.013,0.954,-0.115,0.591,-0.037,0.516,-0.041,0.973,-0.028,1.372,-0.054,1.11,0.019,0.49,-0.09284,0.97889,-0.07,1.116,-0.211,1.046,-0.091,1.354,0.015,0.792,-0.10797,0.93144,-0.068
0,0.535,0.0,0.0,0,-0.189,0.821,0.0,0.0,0.705,-1,1.36,0.258,-0.381,-0.49,-0.282,0.65565,0.569,0.16391,0.0,0.0,0.0,0.0,-0.179,-1.181,0.0,0.0,0.802,-0.92,0.0,0.0,0.033,0.332,0.0,0
1,0.878,0.0,0.951,0.00876,0.693,0.006,1.324,-0.007,0.559,-0.037,0.99820,-0.023,1,-0.007,0.782,-0.017,0.657,-0.008,0.889,0.0,0.575,-0.026,0.541,-0.051,0.96019,-0.04527,1.194,-0.034,0.67,-0.034,1.124,-0.026,0.716,-0.039
0,1,0.0,0.0,0.0,1.262,-0.261,0.155,-0.05405,0.0,0,0.888,0.07,1.05,-0.276,1.066,0.044,1.437,-0.08,0.0,0.0,1.211,-0.126,0.843,-0.273,0.0,0.0,1,-0.201,0,0.0,1.27,-0.348,0.212,-0.145
1,1.043,0.0,0.714,0.015,0.268,-0.036,0.288,0.018,0.207,0.12195,0.511,0.07,0.21951,0.058,0.224,0.0,0.325,0,0.324,0.07317,0.363,0.11,0.144,0.039,0.27,0.13,0.259,0.071,0.159,0.074,0.236,0.0,0.156,0.07317
0,0.6,0.0,1.068,0.868,0.912,-1.35,0,0.0,0.0,0.0,1.065,0.716,0.601,-1,1.37,0.798,1,-1.481,0.0,0.0,0.0,0.0,1.39,-0.212,0.0,0.0,1,-0.541,1.348,1,1.117,-1.122,0.0,0.0
1,0.692,0.0,0.175,0.20408,0.538,0.243,0.206,0.225,0.425,0.226,0.402,0.369,0.166,0.65,0.0,0.51020,-0.072,0.449,-0.173,0.746,-0.412,0.241,-0.231,0.32653,-0.432,0.121,-0.642,0.14895,-0.717,0.243,-0.489,0.0,-0.161,-0.24490
0,1,0.0,0.0,0.0,1.264,-1.334,0.0,0.0,0.0,0.0,0.997,0.707,1.336,-0.292,1.375,0.204,1.114,-1.012,0.0,0.0,0,0.0,1.192,1.36,0.0,0.0,1,-0.762,0.0,0.0,1,-0.566,0.0,0
1,1.314,0.0,1.205,0.38235,0.533,0.35,0.803,0.719,0.579,1.01,0.244,0.88971,-0.025,0.431,-0.286,0.658,-0.397,0.67,-0.669,0.47794,-0.73529,0.334,-1.122,0.103,-1.048,-0.17,-0.563,-0.268,-0.654,-0.236,-0.289,-0.701,-0.28676,-0.709
0,1,0.0,-1.091,0.171,0.273,0.162,-1.031,-0.586,-0.162,0.808,-1,1,-0.761,0.244,-0.514,-0.028,-1.433,-0.83007,-0.74,-0.494,-0.044,-0.696,0.796,-1.17,-1.032,-0.43137,0.44,0.092,-1.211,0.03,0.119,0.036,-0.263,-0.32
1,1,0.0,0.237,-0.071,0.427,0,0.168,-0.149,0.269,0.136,0.623,0.016,0.933,0.056,0.517,-0.048,0.332,0.204,0.413,-0.01667,0.448,0.256,0.709,0.0,0.267,0.121,0.562,0.05439,0.241,0.044,0.288,0.035,0.284,-0.05000
0,1.193,0.0,-0.302,0.416,-0.236,0.128,-0.249,-0.066,0.037,-0.039,0.046,0.031,-0.00885,0.015,-0.01586,-0.001,-0.001,-0.006,0.007,-0.002,0.001,0.003,-0.001,0.001,-0.0,-0.00050,0.0,-0.00043,0.00026,0.0,0.0,0.0,-0.0,0.0
1,1.415,0.0,1.467,-0.257,0.97,0.435,0.653,-0.232,0.439,0.127,1.154,-0.211,0.417,0,0.62162,-0.052,0.41,-0.225,0.891,-0.233,0.844,0.036,0.879,0.13514,0.225,-0.29730,0.473,-0.22163,0.486,-0.301,1.026,-0.774,0.318,-0.361
0,1,0.0,0.889,-0.029,-1.123,-0.199,-1.339,-0.012,1.058,0.016,1.261,-0.023,-0.928,0.203,-1.004,-0.005,0.492,-0.036,0.65,-0.02734,-0.603,0.11719,-0.617,0.416,1.343,-0.005,0.493,0.088,0.511,-0.078,-1,-0.147,-1,-0.392
1,0.566,0.0,0.708,0.025,0.619,-0.009,0.93526,0.01,1.278,-0.01,1.114,0.00520,1.41,-0.019,1.082,-0.004,1.201,-0.02,0.842,0.015,0.596,-0.04971,0.671,-0.014,1.247,-0.047,1.101,-0.01647,1.027,0.013,0.515,-0.02,0.877,0.00809
0,1,0.0,0.55,-0.055,0.644,-1.427,0.281,-0.099,0.437,-0.242,0.53,-0.22,0.233,-0.11111,0.984,-0.411,1.223,-0.221,1,-0.531,0.0,-0.259,0.779,-0.303,0.651,-0.206,1.471,-0.57092,1.048,-0.178,1,-0.4,1.059,-0.969
1,1,0.0,0.16,-0.1,0.262,-0.137,0.149,-0.06897,0.111,-0.07,0.021,-0.055,0.01,-0.033,0.005,-0.012,0.004,-0.007,0.001,-0.003,-0.0,-0.004,-0.0,-0.001,-0.0,-0.00090,-0.0,-0.0,-0.00018,-0.00024,-0.0,-0.0,-0.0,-0.0
0,1,0.0,0.594,-0.07,0.603,0.0,0.833,-0.05,0.423,-0.117,0.646,-0.117,0.589,-0.203,0.576,-0.145,0.365,-0.123,0.561,-0.21569,0.456,-0.193,0.833,-0.124,0.621,-0.219,0.352,-0.255,0.817,-0.31373,0.43137,-0.21569,0.384,-0.302
1,1,0.0,0.291,0.237,0.46667,0.369,0.132,0.278,0.105,0.144,0.009,0.107,-0.013,0.10188,-0.03685,0.044,-0.021,0.019,-0.03230,0.009,-0.017,0.004,-0.021,-0.001,-0.007,-0.006,-0.008,-0.004,-0.003,-0.006,-0.001,-0.005,0.0,-0.004
0,1,0.0,-0.475,0.108,0.09,0,0.0,0.058,0.753,0.057,0.209,0.0,-0.026,0.063,0.048,0.0,0.15625,-0.119,0.642,-0.24,0.0,-0.125,0.0,0,0.023,-0.264,0.032,0.0,-0.663,0.044,-0.03125,0.0,0.0,0.127
1,1.027,0.0,0.56,-0.012,1.151,-0.02703,0.573,-0.06486,1.164,-0.012,0.591,-0.019,0.98919,0.08649,1,-0.066,1.021,0.134,0.928,-0.003,0.976,0.048,1.275,0.042,1.028,0.061,1.408,0.011,1.209,-0.016,1.142,0.025,0.998,-0.072
0,1.323,0,1.269,0.068,1.255,0.088,1,0.647,0.505,-0.006,0.441,0.02,0.775,0.354,1.302,1.044,0.81395,0.024,0.899,0.106,0.597,0.351,0.621,-0.659,0.462,0.034,1.372,0.71613,0.84496,0.036,1.414,1.091,1.191,1.249
1,1.347,0.0,0.508,-0.013,1.183,0.108,1.042,0.013,0.844,0.005,1.241,-0.023,1.419,0.0,0.976,0.06417,0.535,0.048,1.022,0.039,0.907,0.026,0.793,-0.01604,0.936,0.037,1.368,0.022,1.051,0.01070,1,0.089,1.192,0.06417
0,1.181,0.0,-0.18,0.396,0.228,0.058,0.28250,0.416,0.353,0.49,0.334,-0.287,0.05,0.185,-0.091,0.196,-0.053,0.134,-0.212,0.17,-0.48000,-0.06,0.306,0.3,-0.58000,-0.234,0.378,-0.237,-0.47000,0.251,-0.197,-0.205,0.40445,0.029
1,1,0.0,0.553,0.037,0.754,0.08,0.522,0.044,0.70000,0.0,0.603,0.0,0.526,0.0,0.935,0.0,0.672,0.10000,0.567,0.058,0.499,-0.033,0.928,0.0,0.452,0.13333,0.516,0.10168,0.63,0.179,0.58,0.124,0.397,0.171
0,1,0.0,0.052,-0.012,0.079,0.00838,0.0,-0.006,0.006,-0.036,0.022,-0.083,-0.008,0.061,0.058,-0.03352,0.0,0.121,-0.078,0.098,-0.066,0.023,0.021,-0.007,0.009,0.005,0.117,-0.006,0.025,-0.003,0.04469,0.0,0.04749,-0.02
1,1,0.0,0.94653,0.151,0.72554,0.754,0.253,0.919,0.01267,0.7,-0.28,0.895,-0.636,0.618,-0.933,0.215,-0.709,0.061,-0.878,-0.141,-0.777,-0.297,-0.365,-0.336,-0.044,-0.495,0.147,-0.763,0.524,-0.41901,0.277,-0.336,0.68,-0.067
0,1,0.0,0.05460,0.016,-0.022,0.042,0.016,0.056,-0.109,0.009,0.011,-0.087,-0.034,0.037,-0.112,-0.041,-0.051,0.061,-0.034,0.07,0.027,0.012,-0.026,-0.016,0.03161,-0.005,0.007,0.023,0.021,0.017,0.019,0.015,-0.04598,-0.00575
1,1,0.0,0.439,-0.01084,1.049,0.006,0.908,0.003,0.557,0.007,0.396,-0.007,0.976,0.047,1.004,0.02,0.647,-0.009,0.494,-0.04,0.71,0.03350,0.851,0.076,0.72611,-0.017,1.126,0.008,1.007,-0.058,0.419,0.037,0.425,0.00788
0,1.383,0.0,0.044,0.028,0.004,0.0,0.019,-0.01997,0.012,-0.065,-0.04850,-0.011,0.01427,-0.028,0.0,-0.036,-0.048,-0.028,-0.022,0.03566,0.021,0.003,0.056,-0.02282,0.051,0.026,0.054,0.008,0.021,0.008,-0.021,-0.023,-0.019,0.011
1,0.5,0.0,0.614,0.299,0.42328,0.413,0.217,0.273,0.01,0.355,-0.014,0.53968,-0.286,0.272,-0.376,0.386,-0.51587,0.04,-0.567,-0.159,-0.198,-0.182,-0.188,-0.249,-0.23280,0.00265,0.044,-0.262,0.169,-0.266,0.241,-0.194,0.286,0.054
0,0.602,0.0,0.081,0.005,0.127,-0.05,0.113,-0.088,0.138,-0.06178,0.23341,-0.016,0.081,0.078,0.14645,-0.197,0.29062,-0.025,0.192,0.043,0.12,0.0,0.103,-0.002,0.154,-0.063,0.056,0.016,0.073,-0.059,0.107,-0.08,0.152,-0.06865
1,1,0,0.981,0.408,0.345,0.559,0.288,0.921,-0.821,0.389,-0.73675,0.622,-0.55,0.0,-0.502,-0.228,-0.38391,-0.609,-0.12797,-0.729,0.566,-0.896,0.487,-0.205,0.933,-0.034,0.85,0.206,0.451,0.774,0.034,0.685,-0.159,0.525
0,1.338,0.0,0.027,0.004,0.028,-0.01,0.03,0.012,0.016,0.023,0.003,0.002,0.01,-0.028,-0.028,0.069,-0.04090,0.026,-0.02398,-0.006,0.04372,-0.032,0.02,0,0.0,-0.019,0.015,-0.014,0.006,-0.008,-0.022,-0.02398,0.007,0.0
1,0.782,0.0,0.977,0.0,0.951,-0.072,1.041,-0.042,0.565,0.073,0.579,0.11949,1.287,-0.042,0.405,0.021,0.62,-0.083,0.807,-0.14190,1.22,0.01,1.328,0.018,0.79686,-0.025,0.718,-0.045,0.915,-0.06423,0.473,-0.019,0.79089,-0.059
0,1.238,0.0,1.403,-1,0.941,1,-1.087,1.19,1.196,-1,0.928,-0.812,-1.474,-0.692,-1.351,0.946,1.064,0.858,0.844,0.601,-1.373,1.145,1.321,-1.123,0.58,-0.567,1.339,0.608,1,1.136,-0.555,1.176,-1,0.573
1,0.854,0.0,0.596,0.259,0.572,0.568,0.081,1.113,-0.425,0.502,-0.486,0.368,-1.152,0.113,-0.85900,-0.268,-0.798,-0.587,-0.283,-0.989,0.28444,-0.434,0.684,-0.371,0.493,-0.282,0.71698,0.153,0.486,0.58310,0.175,0.66315,-0.072,0.909
0,1,0.0,1.4,1,1,0.558,0.677,-1.385,1.497,0.651,0.016,0.017,1.185,1.249,0.0,0.0,0.55,-0.53,0.57,0.602,0.785,1.287,0.31250,0.677,1.037,1.223,1.384,1.498,0.72,0.779,-0.94375,0.68,0.0,0.0
1,0.526,0.0,0.639,0.54902,0.368,0.914,0.019,0.664,-0.252,0.872,-1.093,0.578,-0.991,0.11765,-0.838,-0.258,-0.64706,-0.606,-0.338,-1.058,0.469,-1.371,0.886,-0.369,0.868,-0.21569,1.14,0.322,1.071,0.417,0.142,1.127,-0.154,0.90196
0,1,0.0,0.0,0.0,-0.558,-1.093,-0.831,1.224,0.0,0.0,-0.672,1.378,1.477,0.995,0.883,-0.838,0.0,0.0,0.0,0.0,-1,-1.206,-0.89,1.494,0.674,0.447,1,-0.815,0,0.0,-0.723,-1.098,-0.721,1
1,0.522,0.0,0.41,0.597,0.373,1.207,-0.314,0.559,-0.33333,0.569,-1.385,0.232,-1,-0.143,-1.189,-0.326,-0.773,-0.538,0.55556,-0.956,-0.153,-0.906,1.056,-0.225,0.272,0.0,0.963,0.254,0.375,0.645,0.159,1,-0.651,1
0,0.0,0.0,0.0,0,0.0,0.0,0.0,0.0,0.0,0.0,0,0.0,0,0.0,0.0,0.0,0.0,0.0,0.0,0.0,0.0,0.0,0.0,0.0,0,0.0,0.501,0.0,0.0,0.0,0.0,0.0,0.0,0
1,1.024,0.0,0.589,0.0,1.255,0,0.707,0.73,0.75000,0,0.953,0.069,1.113,0.088,1.035,0.143,1.071,0.268,0.54,0.28,0.864,0.0,0.923,-0.22,0.474,0.259,0.487,0.26388,0.771,0.25000,0.634,0.306,0.879,0.379
0,0,0,-0.775,0.912,1,1.346,0.0,0.0,0.552,-0.693,0.991,-1.249,1.488,-1.222,-1.326,-1.323,0.0,0.0,-1.183,-1.117,0.0,0.0,0.0,0,-1.232,-0.976,0.516,-0.527,0.973,1.305,-1.347,-0.597,0.0,0
1,1.401,0.0,0.502,0.0,0.536,0.0,0.66,0.114,0.683,-0.083,0.884,-0.062,1,-0.313,0.912,0.0,0.483,0.0,0.92,-0.163,0.639,-0.092,0.969,-0.11111,0.66667,0.0,1.067,-0.05352,1,0.089,1.065,-0.104,1.419,0.0
0,0.0,0.0,0,0,0.0,0.0,0,0.0,0.0,0.0,0.0,0.0,-0.604,-0.541,0.0,0.0,1.073,0.843,0.0,0.0,0.0,0.0,-0.782,0.661,0.0,0.0,0.851,-0.981,-0.966,-1.203,0.903,0.693,0,0
1,1,0,1,0.477,1.128,-0.552,1,0.087,0.926,-0.06,0.96,0.0,1.27,-0.322,1.191,-0.208,1.363,0.054,0.703,0.0,1.211,-0.502,0.745,0.093,0.68,-0.097,0.819,-0.057,1,0.58,1.437,-0.204,0.627,-0.134
0,0.706,0.0,0.658,-0.63636,0.0,0.0,0.0,0,0.314,0.321,0.447,0.354,-0.101,0.351,0.441,0.321,-0.53788,0.389,0.108,-0.162,0.024,-0.789,-0.778,0.219,0.29167,-0.27273,0.137,-0.859,0.563,0.325,0.259,-0.018,0.202,-0.371
1,1,0.0,0.514,0.104,1.065,0.317,0.868,0.351,0.6,0.081,1.481,0.265,0.525,0.13,0.763,0.686,1.117,-0.082,1,-0.085,1,0.377,1.352,0.41176,1.09,-0.09,0.541,0.17,1.122,0.079,0.601,0.322,0.912,0.23529
0,1.1,0.0,0.0,0,-0.606,-0.317,1.354,0.51064,0.091,-0.191,-1.442,-0.427,0.155,-0.814,1.179,-0.505,0.0,0.0,0.445,-0.112,-0.284,0.504,0.17021,-0.93,0.0,0.0,-0.137,-0.424,-0.181,-0.48936,0.696,0.564,-0.476,0.45745
1,1.012,0.0,1.04,0.29167,1.146,-0.224,0.895,0.141,1.267,-0.059,1.224,0.05,1.045,0.161,0.439,0.0,0.619,0.055,0.554,0.096,0.66667,-0.098,0.456,0.152,1.011,-0.064,0.83,0.05503,1,0.232,0.621,0.0,0.706,0.04167
0,1,0.0,0.198,-0.156,0.0,0.0,0,0.0,0.0,0,0,0.0,0.122,-0.243,0.0,0.0,0.0,0.0,0.0,0.0,0.0,0.0,-0.067,-0.084,0.106,0.072,0.113,-0.151,0.176,0.131,0.021,-0.052,0.196,0.19551
1,1.462,0,1.227,-0.093,1.374,-0.074,1.068,-0.361,0.931,-0.32,0.96662,-0.467,0.719,-0.516,0.837,-0.48170,0.73084,-0.424,0.703,-0.63544,0.473,-0.839,0.385,-0.92,0.839,-1.197,0.412,-0.708,0.272,-0.443,0.147,-0.817,0.292,-0.595
0,0.723,0.0,1.1,1,-1.263,0.739,-1.256,-1.003,0.37,0.155,0.651,0.074,0.153,0.056,0.348,0.34649,0.72807,-0.023,0.137,0.362,0.0,0,-0.398,-0.19,1.012,-0.868,0.906,-0.888,1.279,-0.124,0.249,0.124,0.846,0.07895
1,0.565,0.0,1,0.193,0.99815,0.005,1.188,-0.442,1.019,-0.123,0.735,-0.144,0.672,-0.254,0.71492,-0.197,0.409,-0.61189,0.212,-0.579,0.691,-0.267,0.711,-0.388,0.249,-0.503,0.318,-0.676,0.179,-0.467,0.112,-0.646,0.196,-0.46603
0,0.0,0,-1.007,1.241,0.955,-0.68,0.0,0.0,0.0,0,0.966,-1.462,0.812,0.64,0.0,0.0,1,-1,0.0,0.0,0.0,0.0,1.358,1.161,-1.301,0.775,1.038,-1.485,-1.264,0.671,-1.496,-1.415,0.0,0
1,1.176,0.0,0.721,-0.144,1.353,-0.106,0.87024,-0.246,0.917,-0.335,0.968,-0.346,0.836,-0.328,0.359,-0.669,0.387,-0.955,0.309,-0.968,0.561,-0.795,0.33509,-0.485,0.137,-0.382,0.09312,-0.59589,-0.088,-0.54928,-0.012,-0.509,-0.039,-0.338
0,0.915,0.0,-0.862,-1.125,-0.50694,0.715,1.284,-1,1.149,0.376,0.0,0.0,0.153,-1.373,0.66,1.064,0.0,0.0,1.474,1.207,0.608,0.858,0.0,0.0,-0.415,1.145,0.33333,-1,0.844,-0.628,0.395,-1,0.54,0.692
1,0.779,0.0,0.719,0.239,0.592,0.75,0.064,1.157,-0.462,0.468,-0.435,0.74,-0.535,0.123,-0.865,-0.358,-0.925,-0.65612,-0.273,-0.888,0.144,-0.86498,0.382,-0.71,1.069,-0.425,0.498,0.084,0.888,0.449,0.205,0.62447,-0.00422,0.69409
0,0.677,0.0,0.587,1.228,0.0,0.0,1,-1.473,-1.249,-0.562,0.964,1,0.536,-0.785,0.0,0.0,1.327,-1.384,1.497,1.4,0.0,0.0,0.576,-1,-0.817,-0.68,1.308,1.329,-1.287,0.602,-0.914,0.733,0,0
1,0.883,0.0,0.508,0.406,0.995,1.098,0.77123,0.674,-0.258,0.672,-1.035,0.883,0,1,-0.942,0.831,-0.991,0.0,-0.89,-0.66667,-0.859,-0.971,-1.436,-0.457,-0.328,-1.249,0.284,-1.378,1.226,-1.476,0,-0.893,0.526,-0.543
0,0.0,0.0,-1,0.549,-1.022,-0.558,0.0,0.0,-0.522,1.424,0.691,-1.209,-1.206,-1,-0.73,1.224,0.0,0.0,-0.838,-1.159,-0.559,0.535,0.0,0.0,1.189,-0.652,1,1,1,-1.044,0.697,0.721,0.0,0.0
1,0.676,0.0,1,0.063,0.763,0.129,1.411,0.22108,1.343,-0.146,0.64,0.533,0.956,0.415,0.926,0.657,-0.452,0.564,0.723,0.0,1.011,0.675,1.444,1.483,1.333,0.718,0.688,1.287,1.037,0.367,1,0.816,1,1
0,0,0.0,-1.028,-1,0.0,0.0,0,0.0,0.0,0.0,0.0,0.0,0.0,0.0,1.142,-1.461,0.0,0,-0.949,-1,0.0,0.0,1.051,0.746,1.384,-0.976,1.027,-1.209,0.0,0.0,0.0,0.0,0.0,0.0
1,1.249,0,0.64947,-0.112,0.58264,-0.171,-0.165,-0.138,0.372,0.023,0.237,-0.26339,0.201,-0.231,0.04,-0.207,0.116,-0.383,0.134,-0.288,0.126,-0.174,0.06,-0.35,0.023,-0.314,-0.0,-0.318,-0.014,-0.109,-0.049,-0.282,0.008,-0.27201
0,0.989,0,0.0,0.0,0.0,0.0,0.0,0.0,0.0,0.0,0.937,-0.33333,0.16667,0.256,0.0,0.0,0.0,0.0,0.0,0.0,-0.19792,-0.309,-0.204,1.317,-1.218,0.592,0.04167,0.838,-0.325,-0.502,-0.15,-0.397,-0.193,-0.77
1,1,0.0,0.621,0.053,1.369,0.10123,0.553,0.102,1.338,-0.233,0.617,0.296,1.093,0.136,0.611,0.358,0.783,0.339,0.341,0.285,0.474,0.279,0.38,0.28476,0.39023,0.203,0.221,0.279,0.199,0.126,0.147,0.197,0.174,0.19083
0,1,0.0,0.745,-0.063,-1.143,-0.782,-0.661,-1.073,0.714,0.384,1.091,0.518,-1.066,-0.627,-1.276,1,0.403,1.05,0.582,1.203,0.665,-0.661,-0.99,-0.952,0.619,0.36508,1.191,0.981,0.96,0.571,-1,-0.225,-0.922,0.72831
1,0.596,0.0,0.661,-0.002,0.828,0.579,1.089,-0.307,0.93123,0.224,1.167,0.118,0.923,0.084,1.054,0.065,1.0,-0.25324,1.291,-0.2,0.716,0.238,0.41,-0.03641,0.621,-0.028,0.87293,-0.029,1.028,0.135,0.551,-0.092,0.85841,-0.121
0,1,0.0,0.532,-1.06,1.23,0.763,1.122,1.183,0.61,-0.533,1.336,0.72,1.351,0.842,1.114,0.676,0.0,0.0,1.068,1,1.425,1,1,-1.481,1.341,1.492,0.601,0.704,0.89,-0.838,-0.75000,1.212,1.35,0.525
1,1.315,0.0,1,0.311,0.851,-0.681,0.912,-0.072,0.624,0.131,1.1,0.377,1.344,-0.052,0.6,0.087,1.332,-0.154,0.911,-0.08,1.18,0.03728,0.539,0.125,1,-0.018,0.689,-0.041,1.329,0.035,1.352,-0.13722,0.77,-0.11717
0,1.146,0.0,0.366,-1.345,-0.505,-0.606,-0.087,0.505,1.138,0.889,1.076,-0.274,-0.624,-1.002,-0.052,1,0.393,0.46502,0.437,-0.378,-0.089,-0.225,-0.084,0.081,0.041,0.087,0.041,-0.01186,-0.00403,-0.02,-0.00761,0.001,0.0,0.005
1,1,0.0,0.935,0.27,0.943,-0.155,0.554,-0.088,1.309,-0.07398,0.615,0.20663,0.99745,0.016,0.972,0.025,1.387,-0.13074,0.947,0.039,1.214,0.002,1.231,0.414,1.081,-0.145,0.934,-0.003,0.8,0.085,0.609,-0.106,1.254,-0.064
0,0,0.0,0.0,0.0,0.0,0.0,0.0,0.0,0.0,0,0.0,0.0,0.826,1.337,0.553,1.271,0.911,-1,0.0,0.0,1.411,1,0.574,-1.304,1.276,1.314,1.23,0.0,1.071,0.873,0.584,-1.186,0.0,0
1,1,0.0,1.134,-0.15,0.999,-0.348,0.87,-0.233,1.462,-0.329,0.92736,-0.29,0.937,-0.44119,0.833,-0.713,0.744,-0.633,0.555,-0.749,0.445,-0.70975,0.556,-0.62,0.599,-0.37,0.359,-0.676,0.26352,-0.477,0.109,-0.492,0.127,-0.781
0,1.188,0.0,0,0.0,0.0,0,0.0,0.0,-0.614,-1.468,0,0.0,1.263,-1.041,0.0,0.0,-0.715,-1.415,-1.052,-0.602,1.258,-0.679,-0.845,-0.8,0.866,1,-0.616,-0.20000,1.333,-0.682,0.0,0.545,0.0,0.0
1,1,0.0,0.524,0.118,0.991,-0.099,0.599,0.0,1,0.0,0.962,0.0,1.48,0.04545,1.2,-0.023,1.496,0.0,0.831,0.0,1.282,0.056,0.825,0.122,0.514,0.063,0.833,0.015,1.35,0.09091,1.173,-0.103,0.834,0.04545
0,0.0,0.0,0,0.0,-1.406,1.343,0.872,1.225,-0.781,-1,0.0,0.0,-0.955,-0.672,-1,-0.187,-0.64,-1.467,0.831,-0.705,0.516,-1,0.0,0.0,0.68,-0.741,-0.782,-1.308,0.0,0.0,0.637,-0.812,0.0,0
1,1.196,0.0,0.846,-0.061,0.97059,0.238,0.467,0.076,0.858,-0.041,0.819,-0.21,0.97059,0.119,0.572,0.018,0.58,0,1.176,0.0,1.011,0.134,0.959,0.016,0.958,0.034,1.147,0.02600,1.26,-0.111,0.583,0.05882,0.97,0.081
0,0.862,0.0,-1.401,0.743,-0.915,0.087,0.28354,0.743,-0.633,1.238,-1.061,-1,0.644,0.888,-1.209,-0.133,0.416,-0.737,0.66,0.54,-0.225,-1.149,-0.998,-1.059,1.471,-0.854,-1.054,-0.025,1,-1,-1.207,-0.206,0.192,1
1,0.536,0.0,0.663,-0.125,0.908,0.014,0.541,0.027,0.465,-0.05263,0.745,0.0,1.106,0.049,0.446,0.086,1.202,0.491,1.497,0.038,0.399,0.043,0.878,0.049,0.331,0.143,0.418,0.08968,0.729,-0.12,0.60150,0.09534,0.469,0.09719
0,0.991,0.0,-0.008,-0.482,0,0.0,-0.018,1,0.0,0.0,0.0,0.0,0.0,0,0.0,0.0,0.0,0.0,0.431,0.535,-0.469,0.986,-0.425,-1.192,0,0.0,-0.61538,-0.27,0.0,0.0,0.0,0.0,0.0,0.0
1,0.838,0.0,1,0.45455,1.209,0.54545,0.81818,0.63636,1.378,-0.049,1.477,0.0,1.001,-0.474,0.407,0.222,0.883,-0.46,0.674,-0.279,0.905,-0.254,1.098,0.081,0.73,-0.099,0.89,0.079,0.831,0.543,0.549,0.428,0.877,0.282
0,0.0,0,-0.688,-0.765,0.559,-0.723,-0.816,1.046,0.0,0.0,1.011,-0.694,0.697,-0.691,0.0,0.0,0.0,0.0,0.0,0,-1,1.285,0.64,-1.385,-1.159,0.721,1.467,0.956,0.0,0.0,1,0.5,0.0,0.0
1,1.384,0.0,0.471,0.09091,0.467,0.09091,0.334,0.245,0.589,0.0,0.438,-0.067,0.255,-0.046,0.363,-0.013,0.708,-0.154,0.45455,0,0.203,-0.135,0.163,0.263,0.33,-0.107,0.393,-0.013,0.33,0.0,0.243,0.0,0.283,-0.01832
0,1,0.0,-1.073,-0.393,0,0.0,-1.191,0.64516,-0.513,1.275,0.0,0.0,0,0.0,0.0,0.0,0.0,0.0,0.0,0.0,-0.573,-1.024,0.0,0.0,0.167,0.331,1.302,0.594,0.0,0.0,0.0,0.0,0.0,0
1,1.346,0.0,0.976,0.14286,1,0.98,0.552,0.932,1.232,-0.14286,0.849,-0.192,0.973,0.018,0.984,0.0,0.469,-0.189,1.117,0.038,0.775,-0.425,1,0.0,0.338,-0.349,1.218,0.025,1.249,0.034,1.326,0.301,0.597,0
0,0.0,0.0,0.792,0.962,0.907,-0.562,1.411,1.454,1,1.464,0.536,0.683,1,-0.834,0.994,0.92,1.023,-1,0.802,-0.989,0.934,0.821,1.401,0.535,1.181,-1.419,0.828,1,0.621,0.937,1.173,1.094,0.502,1
1,1,0.0,1.047,0.326,0.724,0.82161,0.10380,0.811,-0.343,0.841,-0.447,0.402,-0.912,0.219,-0.723,-0.143,-0.464,-0.368,-0.232,-0.449,0.14,-0.78699,0.341,-0.38,0.674,-0.24843,0.741,0.075,0.304,0.261,0.292,0.412,-0.045,0.782
0,0.0,0.0,1.027,-0.926,1.182,0.96,1.151,-1,0.657,1,0.843,-1.211,1.066,-0.703,1.27,-1.437,0.735,1,1,0.627,1.191,1,1.341,-1.214,1.143,0.596,0.68,0.981,0.952,1.382,1.363,1.276,0.746,-0.745
1,1.183,0.0,0.92657,0.062,0.475,0.211,1.146,0.249,0.919,0.494,0.725,0.40198,0.538,0.544,0.868,0.48360,0.627,0.35,0.487,0.285,0.716,0.483,0.435,0.55684,0.41,0.337,0.212,0.54214,0.171,0.648,0.204,0.402,0.123,0.55
0,0.0,0,1.352,1.065,0.912,-1.103,0.868,-1.348,1.117,0.601,0.0,0,1.126,-0.763,0.0,0.0,0.0,0.0,0,0.0,-1,1.35,1.068,0.514,0.0,0.0,0.763,0.842,0.0,0.0,-1.114,-1.481,0,0.0
1,1.146,0.0,0.472,0.11,1.105,0.206,1.16,0.427,0.932,0.441,0.951,0.415,0.329,1.015,0.50830,0.396,0.252,0.82742,0.352,0.536,0.166,0.851,0.003,0.88869,-0.07361,1.125,-0.19,0.888,-0.438,0.71454,-0.272,0.325,-0.34,0.776
0,0,0,1.171,-1.114,-0.566,1.36,-1.291,0.99,0.997,0.707,1.336,1,-1,-1.448,-0.876,-0.554,1.442,1.012,1.264,-0.624,-1.345,-1.214,-1.375,-1.316,1,0.0,0.707,-1.254,0.609,-1.192,-1.154,0.62,-0.509,0.914
1,1.063,0.0,1.099,0.167,1.01,0.24323,0.742,0.206,0.469,0.532,0.581,0.304,0.326,0.287,0.201,0.37115,0.204,0.51877,-0.097,0.57500,-0.048,0.605,-0.083,0.476,-0.14943,0.534,-0.211,0.204,-0.197,0.225,-0.296,0.209,-0.283,0.417
0,0.0,0.0,1.251,-0.931,0.574,0.826,1.211,-1.362,0.919,0.999,0.655,-0.969,1.032,1,1.243,-1,1.227,-0.911,0.649,0.609,0.65,1,0.529,-1.23,1.134,-1.462,1.314,-1.071,1.076,0.838,0.718,-1.091,1,1
1,1.021,0.0,0.72,0.081,1.145,0.22,0.88783,0.405,0.632,0.296,1.001,0.267,0.486,0.347,0.747,0.656,0.352,0.677,0.517,0.438,0.325,0.676,0.35289,0.75622,0.38,0.677,0.16813,1.005,0.038,0.548,-0.02962,1.036,-0.134,0.938
0,0.0,0.0,0.0,0.0,1.068,1.134,0,0.0,0.565,1.132,0.0,0,1.04,-1.21,0.0,0,0.0,0.0,0.0,0.0,0.0,0.0,0.0,0.0,0.0,0.0,0.679,-1,0,0.0,-1.193,1.089,0.0,0.0
1,0.68,0.0,1.349,0.15451,1.215,0.29757,1.078,0.228,0.473,0.572,0.386,0.509,0.335,0.986,0.368,0.344,0.199,0.953,0.045,0.76171,-0.12064,0.735,-0.276,0.968,-0.187,0.921,-0.505,0.676,-0.662,0.344,-0.463,0.318,-0.736,0.35095
0,0,0.0,0.0,0,0.637,1.467,1.123,1.403,0.0,0.0,0.0,0,-0.516,-1.14,0.0,0.0,-1.176,-0.741,0,0.0,0.0,0.0,0.812,1.225,0.0,0,1.343,0.567,0.0,0.0,-0.601,1.384,0.0,0.0
1,1.284,0.0,0.479,0.216,0.742,0.657,0.331,0.87892,-0.05,1.032,-0.39597,0.693,-0.952,0.56502,-0.953,0.169,-0.582,-0.057,-0.539,-0.425,-0.616,-0.671,-0.094,-0.373,0.066,-0.61055,0.257,-0.269,0.275,-0.213,0.5,-0.058,0.458,0.12556
0,0,0.0,0.633,-1.209,0.984,1.385,0.854,1.054,1.089,0.779,1.238,0.644,0.998,-1.061,0.55,1,1,1.427,0.888,-0.651,1.401,-1.037,0.743,-1.469,0.57,-1.048,0.915,1,1,-1.471,0.53,1.059,1.185,1.223
1,0.514,0.0,0.903,-0.38293,0.80151,0.062,0.536,0.229,0.737,0.07,0.536,0.119,0.71947,0.212,0.885,0.259,0.479,0.17287,0.948,-0.039,0.501,0.595,0.796,0.41,0.538,0.624,0.578,0.347,0.073,0.817,0.35070,0.621,0.207,0.287
0,0.0,0.0,0.0,0.0,0.0,0.0,0.0,0.0,0.0,0.0,0.0,0.0,0,0.0,0.0,0.0,0.0,0.0,0.0,0.0,0,0.0,0.0,0.0,0,0.0,1.436,1,0.0,0.0,0.0,0,0.0,0.0
1,0.697,0,0.94649,0.009,1.063,-0.002,0.552,0.004,0.803,0.019,0.504,0.05,0.634,0.04719,0.713,0.01858,1.093,0.095,0.71,-0.01,0.537,0.064,1.162,0.07098,1.128,0.096,0.696,0.045,0.509,0.011,1.0,0.039,1.494,-0.003
0,0,0.0,1,0.723,-0.922,-0.718,-0.64,-0.956,0.0,0.0,0.0,0.0,-0.694,-1,0.0,0.0,0,0.0,0,0.0,-1.011,0.564,0.688,1.037,0.0,0.0,0.816,-1.172,0.0,0.0,-0.926,-0.763,-0.676,-1.444
1,1,0.0,0.297,-0.241,0.409,0.017,0.812,0.013,0.381,0.019,0.258,0.056,0.88,0.041,0.618,0.05058,0.82,0.05692,0.733,-0.065,0.628,0.065,0.352,0.049,0.82,0.185,0.59935,0.1,0.284,0.071,0.578,0.045,0.562,0.09346
0,0.517,0.0,0.681,0.621,0.838,-0.76087,0.452,0.054,1.076,0.134,0.498,0.486,0.70067,0.237,0.83,0.121,0.93478,-0.344,0.70736,0.18729,0.847,0.177,0.646,0.537,0.647,-0.712,0.466,0.232,0.888,0.801,1.255,-0.051,0.651,0.143
1,1.198,0.0,1.076,-0.07778,1.218,-0.393,1.454,-1.217,0.787,0.082,0.475,-0.506,0.802,-0.086,1.232,-0.933,0.481,0.01,0.424,-0.05926,0.896,-0.158,1,0.2,0.652,-0.357,1.349,-0.243,0.964,0.011,0.439,-0.264,1,-0.57037
0,0.572,0.0,0.338,0.145,0.271,0.067,0.346,0.283,0.141,0.071,0.16,0.344,0.24514,0.36965,0.086,0.211,-0.03891,0.256,0.052,0.208,0.167,0.115,0.109,0.288,-0.014,0.236,-0.066,0.141,-0.11,0.092,-0.091,0.429,-0.19066,0.28794
1,0.745,0.0,0.49,-0.031,0.519,-0.055,0.354,-0.012,0.422,0.038,0.359,0.066,0.59127,-0.02381,0.62698,0.013,0.809,0.02579,0.583,0.015,0.61,-0.021,0.371,0.046,0.5,0.038,0.583,-0.008,0.405,-0.145,0.468,-0.017,0.446,-0.033
0,1,0.0,0.054,-0.125,-0.041,0.075,0.109,-0.035,-0.018,0.102,0.06404,0,0.146,-0.072,0.068,0.0,0.01970,-0.041,-0.161,-0.146,0.102,0.02,0.048,0.023,0.087,0.197,0.256,-0.058,-0.062,-0.09360,0.026,0.074,0.083,-0.096
1,1.06,0,0.61857,0.098,1.007,-0.036,1.05,0.018,0.819,0.00224,0.558,0.14,0.8,-0.002,0.479,0.074,0.83669,-0.186,0.812,-0.061,0.57,-0.007,0.824,0.158,0.863,-0.127,0.69845,-0.012,0.483,0.065,0.481,-0.076,0.726,-0.058
0,1.39,0.0,0.25316,0.475,0.0,0.0,-0.399,-1.352,0.0,0.0,0.103,-0.107,0.0,0.0,0,0.0,0.0,0.0,0.0,0.0,0.005,0.933,-0.181,0.21,-0.10380,0.469,0.039,-0.881,0.0,0.0,0.069,-1,0.0,0
1,0.808,0,0.55,-0.005,1.296,-0.013,1.048,-0.018,1.229,-0.15,0.82208,-0.146,0.448,0.008,1.041,-0.162,0.44,-0.057,1.082,-0.015,1.015,-0.103,1.126,-0.164,1.239,-0.282,1.002,-0.17,0.84352,-0.163,1.247,-0.18542,0.492,-0.16827
0,1.012,0.0,0.5,-0.5,0.0,0,0.0,0.0,0.263,0.505,0.417,0.024,0,0.0,0.0,0.0,0.136,-0.276,0.59167,-0.247,0.0,0.0,0.0,0.0,0.865,-0.566,-1.291,-0.99,-0.326,-0.918,0.0,0.0,0.0,0
1,1,0.0,0.745,0.009,0.603,0.01305,0.92442,0.014,1.097,-0.133,0.744,-0.049,0.812,-0.013,0.998,-0.075,1.214,-0.05057,1.061,-0.053,1.106,-0.13,0.578,-0.151,1.031,-0.14138,0.788,-0.158,1.165,-0.065,0.667,-0.121,1.107,-0.07
0,0.505,0.0,0.0,0.0,1.216,0.13,0.883,-0.029,0.0,0.0,1,-0.224,0.931,0.21,0.919,-0.058,1.227,-0.81556,0.0,0.0,1,-0.045,0.649,-0.122,0.0,0.0,0.888,-1,0.0,0,0.906,0.072,0.997,-0.068
1,0.545,0.0,0.845,0.03714,0.85143,-0.001,0.822,0.008,0.479,-0.051,0.701,0,0.741,-0.048,0.517,0.002,0.876,-0.053,0.552,-0.118,1.082,-0.089,1.078,-0.063,0.77000,-0.091,1.025,-0.08669,0.509,-0.131,0.598,-0.031,1.206,-0.103
0,1,0.0,0.0,0.0,0.0,0.0,0.0,0,0.0,0.0,0.0,0.0,-1.089,1,1,0.573,0.0,0.0,0.0,0.0,0.0,0.0,0.0,0,0.0,0.0,0.965,1.241,0.0,0.0,0.0,0.0,0.0,0.0
1,0.637,0.0,0.49870,0.014,0.304,-0.084,0.303,-0.053,0.736,0.075,0.231,0.041,0.539,-0.168,0.633,-0.03,0.503,-0.069,0.555,-0.015,0.394,-0.044,0.33,-0.01039,0.59221,0.0,0.357,-0.044,0.319,0.047,0.349,-0.057,0.58961,-0.08571
0,0,0.0,0.0,0.0,0.0,0.0,0.0,0.0,0,0.0,0.0,0.0,0.0,0.0,0.0,0.0,0,0.0,0.0,0.0,0.0,0.0,0,0,0.0,0.0,0.902,-1.351,0.0,0.0,0.0,0.0,0.0,0.0
1,0.887,0.0,1,0.5,1.499,0.329,0.231,0.568,0.18,1.185,-0.083,0.567,-0.23,0.375,-0.229,0.37856,-0.571,0.172,-0.336,0.006,-0.341,-0.087,-0.207,-0.12964,-0.06,-0.125,-0.021,-0.078,0.006,-0.07036,0.018,-0.054,0.031,-0.023
0,0.693,0.0,0.0,0.0,0.0,0.0,1.193,1,-1.129,-1.292,0.0,0.0,0.729,-0.162,0.0,0.0,0.0,0.0,-0.59,1,0.639,0.599,1.051,-1,0.0,0.0,1.246,-1,0.0,0.0,0.0,0.0,1.279,1
1,1.407,0.0,1.186,0.548,0.483,0.69212,0.344,0.86625,-0.043,0.943,-0.616,1.106,-0.592,0.44,-0.735,0.29,-0.81136,-0.12539,-0.78,-0.529,-0.353,-0.584,-0.176,-0.491,0.144,-0.732,0.419,-0.545,0.398,-0.219,0.483,-0.049,0.51460,0.143
0,1,0.0,0.0,0,0.0,0,0.0,0.0,-0.648,1,0.0,0.0,0.618,0.2,-0.076,-0.123,0.0,0.0,-0.529,-0.966,0.0,0.0,0.51,-1.056,0.0,0.0,0.547,0.262,0.0,0.0,0.0,0.0,0.0,0
1,1.09,0,0.88179,0.368,0.363,0.906,0.167,1.01,-0.24103,0.825,-0.882,0.767,-0.487,0.358,-0.482,-0.07,-0.432,-0.44707,-0.432,-0.721,-0.074,-0.713,0.263,-0.499,0.626,-0.727,0.653,-0.239,0.669,0.09599,0.444,0.437,0.314,0.453
1,1,0.0,0.193,0.023,0.115,0.292,0.165,0.784,-0.25706,0.993,-0.116,0.287,-0.61352,0.336,-1.263,-0.05409,-0.128,-0.154,-0.432,-0.32,-0.138,-0.574,0.024,-0.326,0.255,-0.055,0.33737,-0.078,0.311,-0.167,0.186,0.106,0.169,0.236
1,0.553,0.0,0.648,0.39121,0.465,0.881,0.131,0.891,-0.33221,0.83578,-0.381,0.469,-1.14,0.179,-0.84442,-0.287,-0.718,-0.326,-0.223,-0.87787,0.132,-0.84,0.376,-0.6,0.985,-0.301,1.116,0.096,0.379,0.549,0.332,0.552,-0.041,1.032
1,1.143,0.0,0.71,-0.026,0.78,0.003,0.374,-0.07461,0.444,0.012,0.782,-0.039,0.524,0.049,0.623,-0.114,0.67509,0.079,0.45,0.0,0.603,0.132,0.50060,0.037,0.453,0.144,0.60463,0.02019,0.535,0.026,0.44,-0.006,0.355,-0.069
1,1,0.0,0.715,-0.034,0.378,0.02,0.917,0.165,0.688,0.081,1.193,0.304,0.745,0.004,0.854,0.325,0.938,0.05,0.434,0.05147,0.704,0.04228,0.497,-0.257,0.446,-0.107,0.716,0.07124,0.30882,0.052,0.522,0.038,0.341,0.289
1,1,0.0,0.699,0.191,0.83,0.019,0.872,0.017,0.96,-0.127,0.539,0.068,1.1,0.037,0.72322,0.067,0.572,-0.102,0.316,0.144,0.696,0.088,0.59,0.116,0.86,-0.107,0.466,0.112,0.796,0.25692,0.734,0.111,0.50609,0.09322
1,1.298,0,0.966,0.037,0.635,0.002,0.911,0.004,1.031,0.091,0.998,0.052,0.81892,0.005,0.957,0.00673,1.189,-0.089,0.742,-0.022,0.798,0.012,0.934,0.005,1.186,-0.05,0.978,0.008,0.576,0.127,0.945,0.013,0.64407,0.01227
1,1,0.0,0.381,0.0,0.402,0.121,0.422,0.078,0.433,-0.057,0.476,-0.072,0.45652,0.063,0.50435,0.023,0.35652,0.178,0.482,0.197,0.235,-0.033,0.456,-0.11304,0.444,-0.007,0.506,0.075,0.313,0.058,0.267,0.09,0.268,0.236
1,1,0.0,0.756,0.092,0.404,0.225,0.607,0.378,0.43,0.322,0.681,0.424,0.532,0.494,0.66,0.58445,0.177,0.727,0.288,0.352,0.058,0.413,0.02,0.54,-0.08748,0.669,-0.064,0.374,-0.18226,0.56015,-0.327,0.394,-0.249,0.619
1,1,0.0,0.915,0.09802,1.497,0.274,1.224,0.37,0.785,0.752,0.74977,0.651,0.458,0.646,0.426,0.766,0.385,0.82193,0.237,0.819,0.09709,0.56,-0.021,1.143,-0.201,0.64,-0.2,0.914,-0.404,0.91,-0.233,0.483,-0.563,0.52
1,1.025,0.0,0.896,0.185,0.832,0.185,1.139,0.607,0.606,0.59975,0.445,0.71016,0.466,0.633,0.335,0.955,0.095,0.79598,-0.083,0.973,-0.20201,1.001,-0.359,0.62610,-0.319,0.48,-0.232,0.473,-0.325,0.215,-0.622,0.229,-0.487,0.04
1,1.34,0.0,0.846,0.219,0.90946,0.244,1.077,0.336,0.552,0.453,0.486,0.985,0.316,0.915,0.357,0.979,0.112,1.198,-0.009,0.93109,-0.125,1.051,-0.484,1.22,-0.46534,0.846,-0.384,0.34,-0.53,0.728,-0.75321,0.338,-1.078,0.26092
1,1,0.0,0.857,0.143,0.819,0.286,0.975,0.423,0.799,0.89,0.50376,0.799,0.514,0.916,0.083,0.419,0.005,0.462,-0.145,0.56,-0.35996,1.109,-0.545,0.538,-0.509,0.354,-0.60328,0.539,-0.748,0.342,-0.913,0.163,-0.663,0.05394
1,1,0.0,0.724,0.205,0.673,0.228,0.507,0.281,0.184,0.256,0.08,0.371,-0.046,0.535,0.0,0.505,-0.286,0.402,-0.699,0.36818,-0.36591,0.213,-0.40533,0.076,-0.442,-0.048,-0.213,-0.166,-0.308,-0.19714,-0.154,-0.146,-0.068,-0.335
1,1.329,0.0,0.665,-0.607,1.259,0.55298,0.48,0.076,0.56623,0.178,0.32781,0.143,0.34,0.093,0.43,0.19868,1.013,0.513,0.54305,0.194,0.686,0.297,0.406,0.044,0.425,0.269,0.344,0.264,0.669,0.215,0.633,0.261,0.416,0.249
1,1,0.0,1.383,0.093,0.631,-0.085,0.674,0.144,0.629,0.013,0.678,-0.04,0.69070,0.084,0.823,0.026,0.739,-0.03,0.69450,0.237,0.78,0.046,0.433,0.037,0.621,0.464,0.49090,0.244,0.214,0.249,0.44141,0.266,0.639,0.206
1,1.154,0.0,0.823,0.073,0.669,-0.034,0.793,-0.032,0.383,-0.036,0.548,-0.074,0.888,-0.033,0.954,-0.086,0.209,0.029,0.72,0.017,0.55970,-0.092,0.53430,-0.08453,0.47038,-0.166,0.316,-0.09128,0.324,-0.125,0.407,-0.053,0.399,-0.067
1,0.674,0.0,1.308,0.05,0.999,-0.004,1.273,-0.009,0.812,-0.031,0.967,0.008,1.232,-0.011,1.025,-0.01,0.873,0.012,1.303,-0.133,1.233,-0.02364,0.758,-0.039,0.98164,0.02003,0.93772,-0.036,1,-0.08,0.534,-0.047,0.885,-0.036
1,1,0.0,0.371,-0.12371,0.243,-0.158,0.903,-0.42,0.554,0.094,0.284,-0.152,0.53,0.15979,0.407,-0.106,0.437,0.088,0.458,-0.236,0.443,0.18557,0.42268,0.106,0.515,0.2,0.743,-0.148,0.203,-0.138,0.591,0.049,0.408,-0.666
1,1.051,0.0,0.717,-0.036,0.708,0.038,0.393,0.25,0.898,-0.003,0.875,0.09,0.79446,-0.301,0.423,0.795,0.59584,0.09,0.881,0.129,0.63279,-0.25404,0.48,0.216,0.554,0.138,0.907,0.164,0.559,0.107,0.969,0.227,0.758,0.36721
1,1,0.0,0.698,-0.02,0.628,0.019,0.622,0.023,0.542,0.036,0.683,-0.005,0.696,-0.049,0.72,0.00899,0.48,0.029,0.487,-0.1,0.848,0.14157,0.495,-0.023,0.538,0.025,0.31,0.00824,0.406,-0.041,0.54607,0.054,0.669,-0.061
1,1,0.0,0.799,-0.006,0.867,-0.028,0.944,-0.067,0.754,0.062,0.345,0.089,0.847,0.098,0.648,-0.01942,0.332,-0.038,0.501,-0.146,0.64725,0.082,0.307,0.116,0.455,-0.029,0.235,0.0,0.342,-0.06796,0.26,-0.10680,0.243,-0.053
1,0.656,0.0,0.38,0.11,0.866,0.031,0.751,0.046,0.674,-0.00494,1.096,0.101,0.54,0.046,0.62469,0.136,0.615,-0.158,0.559,-0.149,0.484,0.009,0.712,0.08148,0.66667,-0.126,0.582,-0.036,0.81,0.022,0.894,-0.042,0.734,-0.04691
1,0.884,0.0,0.799,-0.031,0.494,0.027,0.71,-0.042,0.543,0.042,0.448,-0.061,0.65,-0.015,0.53220,0.07797,0.8,0.11864,0.811,-0.026,0.441,0.007,0.884,-0.041,0.421,-0.028,0.311,0.007,0.58644,-0.005,0.768,-0.02712,0.431,0.081
1,1,0.0,0.387,0.103,0.308,0.065,0.418,0.0,0.659,-0.019,0.725,0.018,0.176,0.027,0.692,0.00485,0.268,-0.083,0.541,0.006,0.424,0.05825,0.13,0.334,0.331,-0.205,0.208,0.03815,0.206,0.108,0.289,0.0,0.373,-0.01942
1,1,0.0,0.685,0.015,1.064,0.182,0.83904,0.447,0.698,0.29,0.444,0.449,0.575,0.60179,0.308,0.389,0.31800,0.398,0.28379,0.703,0.078,0.754,0.091,0.413,-0.117,0.877,-0.102,0.568,-0.134,0.783,-0.236,0.332,-0.225,0.253
1,1,0.0,0.629,0.14,1.202,0.35237,0.872,0.385,0.367,0.738,0.71,0.451,0.468,1.245,0.232,0.84804,0.055,0.641,-0.147,0.78,-0.25,0.775,-0.322,0.761,-0.378,0.58324,-0.828,0.473,-0.318,0.451,-0.973,0.18345,-0.557,0.021
1,1.05,0.0,1.47,0.244,1.061,0.619,0.911,0.799,0.445,0.817,0.526,0.88291,0.093,1.163,-0.06827,0.89274,-0.269,0.526,-0.404,0.61688,-0.663,0.547,-0.939,0.436,-0.64658,0.161,-0.374,0.026,-0.842,-0.2,-0.751,-0.326,-0.577,-0.442
1,0.922,0,0.677,0.207,1.142,0.56,1.112,0.819,0.613,1.044,0.301,0.779,0.196,0.967,0.056,0.701,-0.148,0.959,-0.42811,0.945,-0.746,0.781,-0.45,0.50428,-0.834,0.276,-0.862,0.118,-0.665,-0.04399,-0.574,-0.267,-0.418,-0.34367
1,1.418,0.0,0.733,0.145,0.73,0.411,0.55,0.443,0.34961,0.965,0.093,0.489,-0.111,0.477,-0.434,0.747,-0.327,0.359,-0.76305,0.541,-0.886,0.18888,-1.087,-0.026,-1.003,-0.218,-0.669,-0.246,-0.46422,-0.835,-0.257,-0.599,-0.092,-0.71273
1,1,0.0,1.146,0.216,1.006,0.589,0.264,1.241,-0.03643,0.862,-0.132,1.128,-0.271,0.48816,-0.57377,0.261,-0.747,0.121,-0.638,-0.047,-0.686,-0.088,-0.411,-0.464,-0.113,-0.454,0.092,-0.388,0.324,-0.353,0.395,-0.338,0.33,0.13297
1,1,0.0,0.262,0.145,0.243,0.215,0.038,0.353,0.106,0.26316,0.09,0.177,-0.04725,0.139,-0.09,0.04,-0.076,0.053,-0.063,0.011,-0.038,-0.00280,-0.037,-0.015,-0.012,-0.01,-0.011,-0.017,-0.00280,-0.01,0.001,-0.009,0.004,-0.007
1,0.894,0.0,0.377,-0.252,1,0.291,0.874,-0.006,0.644,0.271,0.50188,-0.413,0.911,0.06391,0.408,0.14662,0.692,-0.282,0.723,0.045,0.897,0.273,0.998,-0.489,0.71,-0.065,0.719,-0.132,0.433,-0.196,0.123,-0.063,0.301,-0.10309
1,1.035,0,0.453,0.082,0.72171,0.078,0.432,0.08,0.227,0.084,0.514,0.242,0.606,0.101,0.594,0.148,0.211,0.02922,0.701,0.197,0.418,0.073,0.388,0.172,0.195,0.215,0.255,0.14314,0.174,0.13,0.141,0.127,0.184,0.13198
1,1,0.0,0.94080,0.116,0.538,0.012,1.216,0.021,0.82,-0.003,0.889,0.122,0.442,0.031,1.106,0.03506,0.947,0.011,0.80019,0.034,0.905,0.061,0.742,0.042,0.77336,0.013,0.65,0.065,0.758,0.116,0.896,0.071,0.895,0.044
1,1.042,0.0,0.868,0.023,0.473,0.108,1.136,0.166,0.628,-0.052,0.57,-0.019,0.534,-0.26724,0.527,0.164,0.88644,-0.068,0.797,-0.011,0.97882,-0.453,0.949,-0.256,1.047,-0.09193,0.85967,-0.036,0.75,-0.06,1.119,0.168,0.525,0.069
1,0.76,0,0.844,0.034,0.666,0.103,0.531,0.134,1.011,-0.127,1.19,0.02,0.661,-0.005,1.277,0.148,0.813,0.038,0.631,0.03,0.674,-0.08048,1,0,0.787,-0.016,0.528,0.036,1.021,-0.015,0.543,0.098,0.72837,0.031
1,1.321,0,0.47337,0.189,0.072,-0.152,0.319,0.01,0.55,-0.028,0.307,0.025,0.3,0.408,0.645,-0.029,0.459,0.12426,0.41420,0.106,0.384,0.02842,0.549,-0.122,0.676,-0.035,0.69,0.046,0.793,0.237,0.294,-0.092,0.481,-0.002
1,1,0.0,0.368,0.151,0.69868,-0.161,0.553,-0.088,0.782,0.03,0.591,0.038,0.856,-0.065,1.021,-0.095,0.296,-0.261,1.222,-0.14313,0.403,-0.003,0.329,0.06215,0.56121,-0.322,0.492,-0.216,0.721,-0.024,0.544,-0.172,0.652,-0.199
1,1,0.0,1.091,-0.03397,0.766,-0.066,0.508,0.0,0.66,-0.098,0.934,-0.153,0.773,-0.107,0.77495,-0.28,0.78132,-0.111,0.806,-0.081,0.45,-0.154,0.966,-0.045,1.181,-0.176,0.794,-0.224,0.502,-0.138,0.389,-0.494,0.608,-0.24841
1,1.405,0.0,1.283,-0.055,0.533,0.096,0.761,0.037,0.77174,-0.013,0.987,-0.068,0.601,-0.063,0.478,-0.004,0.61,-0.297,0.862,0.03261,1.117,-0.05978,1.042,-0.321,1.06,-0.162,0.997,-0.14,1.132,-0.03261,0.803,-0.123,1.143,-0.00543
1,1.46,0.0,0.64,-0.169,0.499,0.156,0.473,0.072,0.643,-0.154,0.91,-0.202,0.957,-0.163,0.809,0.04150,0.461,-0.006,0.896,-0.069,0.718,-0.292,0.66403,-0.234,0.67194,-0.113,0.654,-0.12041,0.813,-0.292,0.37549,0.058,0.423,-0.01
1,1,0.0,0.251,0.074,0.463,0.007,0.342,0.06874,0.47894,-0.074,0.284,0.014,0.822,-0.175,0.346,-0.032,0.344,-0.197,0.423,-0.024,0.31,-0.222,0.278,-0.139,0.426,-0.279,0.276,-0.119,0.581,-0.043,0.294,-0.175,0.56319,-0.04435
1,1.077,0.0,0.877,0.245,0.626,0.262,0.602,0.63662,0.328,0.90502,0.055,0.537,-0.20097,0.574,-0.504,0.77500,-0.693,0.528,-0.78768,0.249,-0.741,0.248,-0.897,-0.09,-0.724,-0.296,-0.622,-0.237,-0.395,-0.663,-0.399,-0.778,-0.19,-0.594
1,0.975,0.0,1.332,0.21,0.605,0.628,0.875,0.962,0.282,1.319,0.042,0.649,-0.204,0.95130,-0.55926,0.933,-0.906,0.367,-1.104,0.39,-1.268,0.06040,-0.93618,-0.275,-0.881,-0.526,-0.589,-1.029,-0.27,-0.782,-0.086,-0.93953,0.111,-0.755
1,0.787,0.0,1.102,0.225,0.952,0.545,0.269,0.703,0.032,0.526,-0.09238,0.959,-0.62403,0.937,-0.69767,0.325,-0.72,0.554,-1,-0.009,-0.857,-0.512,-0.818,-0.373,-0.57242,-0.803,-0.172,-0.871,-0.025,-0.974,0.197,-0.945,0.003,-0.702
1,1.138,0.0,0.56,0.28993,0.828,0.47702,0.281,0.781,0.127,0.509,-0.05,0.584,-0.352,0.795,-0.325,0.771,-0.70350,0.319,-0.541,0.03939,-0.896,-0.208,-0.73,-0.408,-0.451,-0.743,-0.133,-0.681,0.073,-0.419,0.189,-0.254,0.40591,-0.264
1,1,0.0,0.92870,0.288,0.528,0.443,0.482,1.209,0.135,0.643,-0.204,0.899,-0.285,1.061,-0.70747,0.629,-0.821,0.49,-1.065,0.065,-0.743,-0.269,-0.548,-0.306,-0.357,-1.119,-0.119,-0.526,0.082,-0.91,0.36021,-0.463,0.59407,-0.728
1,1.01,0.0,0.769,0.38,0.335,0.481,0.309,0.905,0.147,0.78947,-0.097,1.182,-0.443,0.961,-0.68421,0.682,-0.785,0.135,-0.886,-0.04887,-0.659,-0.206,-0.707,-0.343,-0.211,-0.767,-0.017,-0.69706,0.262,-0.725,0.491,-0.384,0.954,-0.30075
1,0.893,0.0,1.452,-0.038,0.907,-0.052,1.185,-0.114,1.356,0.017,1.165,-0.034,1.36,-0.07458,1.41,-0.077,0.729,-0.053,1.017,-0.161,0.682,-0.057,0.874,-0.08914,0.608,-0.104,0.96653,-0.12912,0.671,-0.14916,1.154,-0.234,1.082,-0.179
1,1,0.0,0.563,-0.02,0.855,0.005,1.266,-0.011,0.689,-0.006,0.835,-0.03710,0.97173,-0.025,1.441,-0.036,1.091,-0.044,0.95230,-0.044,1.364,-0.013,1.261,-0.04417,1.207,-0.036,1.111,-0.05,0.938,-0.057,0.702,-0.088,1.149,-0.086
1,1,0.0,0.788,-0.108,0.772,-0.002,1.294,-0.196,0.932,0.18265,0.843,0.002,0.913,-0.114,0.996,-0.002,0.676,-0.045,0.583,-0.132,1.058,0.056,0.985,-0.04,0.955,0.041,0.94043,-0.09,0.97032,-0.106,1.244,-0.053,1.237,-0.21918
1,1,0.0,0.423,-0.044,1.249,0.074,0.481,-0.131,0.258,-0.018,0.672,-0.14,0.798,0.409,0.853,-0.399,0.37,0.025,0.323,0.051,0.562,0.38,0.86441,0.046,0.582,0.15254,0.67287,-0.003,0.66102,-0.045,1.059,-0.178,0.856,-0.09
1,1,0.0,0.275,-0.298,0.425,0.284,0.451,0.111,0.434,0.081,0.689,-0.16,0.54911,-0.081,0.687,0.4,0.55556,0.02778,0.25000,-0.268,0.461,-0.078,0.62,-0.033,0.369,0.075,0.345,-0.142,0.098,-0.208,0.291,-0.195,0.085,-0.393
1,0.78,0.0,0.757,1,1.466,0.69,0.835,1.079,0.611,0.301,0.418,0.749,0.294,0.512,-0.188,1,-0.33081,0.663,-0.679,1.176,-0.388,0.509,-0.887,0.524,-1.096,0.35175,-0.821,0.063,-1.253,-0.11,-1.251,-0.561,-0.821,-0.65557
1,1,0.0,0.544,0.556,1.065,0.517,0.674,0.566,0.284,0.355,0.13469,0.98,-0.114,1.24,-0.503,0.76,-0.434,0.386,-0.68358,0.361,-0.70163,0.312,-1.1,0.038,-0.947,-0.165,-1.002,-0.306,-0.921,-0.12,-0.224,-0.644,-0.233,-0.62956
1,1,0.0,1.028,0.255,0.807,0.349,0.515,0.444,0.16470,0.994,-0.192,0.998,-0.46177,0.457,-0.351,0.599,-0.948,0.165,-0.741,0.037,-0.826,-0.168,-0.297,-0.474,-0.459,-0.711,-0.053,-0.78,0.146,-0.45911,0.391,-0.302,0.502,-0.24313
1,0.889,0,0.552,0.511,1.061,0.662,0.672,0.57,0.117,1.151,-0.226,0.676,-0.382,0.794,-1.099,0.555,-0.773,0.346,-0.63,-0.038,-0.928,-0.336,-0.65079,-0.688,-0.404,-1.23,-0.046,-1.029,0.205,-0.85762,0.54827,-0.411,0.449,-0.44173
1,0.637,0.0,0.946,0.36924,0.811,0.68420,0.405,0.835,-0.092,0.392,-0.221,0.833,-0.66616,0.978,-1.113,0.42314,-0.634,0.135,-0.625,0.028,-0.904,-0.66278,-0.64,-0.502,-0.19,-0.675,0.277,-1.149,0.514,-0.955,0.572,-0.524,0.816,-0.186
1,1,0.0,0.688,0.214,0.92,-0.05558,1.464,0.017,0.966,-0.12,0.944,-0.011,1,-0.014,0.973,-0.064,1.335,-0.038,0.574,0.05900,0.631,-0.128,1,-0.031,1.073,-0.211,1.029,-0.079,1.484,0.051,1.48,-0.08,0.55,-0.048
1,1.032,0.0,1.111,-0.002,0.829,-0.076,0.745,-0.004,0.935,-0.7,1.209,0.096,1.068,-0.214,0.99264,-0.032,1.436,-0.15518,0.984,0.416,1,-0.212,0.864,-0.109,0.459,-0.023,0.519,-0.02,1.085,-0.017,0.715,-0.01957,0.762,-0.02039
1,1.288,0.0,0.79378,0.154,0.692,0.511,0.492,0.497,0.127,0.864,-0.172,1.096,-0.386,0.901,-0.325,0.321,-0.75436,0.2,-0.641,-0.126,-0.518,-0.304,-0.533,-0.41,-0.248,-0.563,0.012,-0.302,0.134,-0.38059,0.397,-0.176,0.34572,-0.08036
1,0.818,0.0,0.52,0.484,0.962,0.65128,0.209,0.519,0.082,0.53,-0.29784,0.599,-0.677,1.017,-1.017,0.272,-0.604,0.088,-0.896,-0.24017,-0.64579,-0.32,-0.39766,-0.462,-0.103,-1.029,0.195,-0.617,0.519,-0.494,0.819,-0.333,0.459,-0.123
1,0.86,0.0,0.97,0.39286,0.417,1.0,0.341,0.90824,-0.053,0.516,-0.682,0.431,-0.845,0.3,-1.283,0.244,-0.949,-0.131,-1.095,-0.655,-0.589,-0.702,-0.207,-0.743,0.315,-0.85703,0.607,-0.725,0.74846,-0.40656,0.455,-0.073,0.579,0.295
1,1,0.0,0.764,-0.36,0.644,-0.261,0.87342,-0.09,0.911,0.014,0.785,0.061,1.343,0.06329,0.55,-0.023,0.324,-0.194,0.698,-0.017,0.905,0.054,1.024,0.25316,0.332,-0.249,0.442,-0.062,0.548,-0.058,0.691,0.02532,0.725,-0.016
1,1,0.0,0.736,0.00840,0.469,0.023,0.89,0.026,0.735,0.019,0.60504,0.042,0.79093,0.042,0.87,0.049,0.583,0.175,1.166,0.039,0.65,0.083,1.019,0.075,0.949,0.064,0.501,0.092,0.65,0.009,0.569,0.08757,0.78,0.058
1,1.202,0.0,0.85013,0.021,1.035,0.014,0.617,0.028,0.92765,0.09,0.515,0.062,0.654,0.057,1.121,0.067,0.823,0.02842,0.95866,0.0,0.701,0.061,0.704,0.093,0.942,0.09,0.639,0.079,0.718,0.08786,0.917,0.109,1.052,0.152
1,1,0.0,1.102,-0.016,0.526,-0.00343,0.619,-0.018,1.064,-0.019,1,-0.016,0.782,-0.02187,0.569,-0.031,1.059,-0.043,1.244,-0.04,1.119,-0.031,1.308,-0.065,1.041,-0.028,0.747,-0.043,0.991,-0.043,0.99057,-0.078,1.201,-0.035
1,1,0.0,0.89505,-0.032,0.468,0.063,0.6,0.01,0.871,0.035,1.159,-0.007,0.98,-0.022,0.91881,0.034,1.343,0.0,0.708,0.009,0.512,0.011,0.633,-0.019,0.517,0.014,0.89002,0.014,0.88119,0.001,0.614,0.024,0.601,0.014
1,1.334,0.0,1.053,0.011,0.611,-0.018,1.025,0.005,1.254,0.039,1.497,0.038,0.501,0.009,1.177,0.034,0.923,-0.031,0.89716,-0.025,1.0,0.094,0.741,0.047,0.90071,0.04610,1.381,0.03247,0.909,0.023,1.438,0.009,0.995,0.02128
1,1.137,0.0,0.586,-0.31,0.895,0.017,0.645,0.118,0.584,0.051,0.251,-0.202,0.849,0.212,0.458,0.0,0.56156,0.048,0.52,0.025,0.506,0.18182,0.417,-0.214,0.48526,0.067,0.535,0.089,0.35,-0.037,0.305,0.059,0.39394,0.24242
1,1,0.0,0.9,0.494,0.549,0.478,0.37201,0.778,0.099,0.85893,-0.359,1.13,-0.51763,0.845,-1.013,0.616,-0.861,0.107,-0.958,-0.12,-0.716,-0.32,-0.234,-0.624,-0.02844,-0.713,0.115,-0.579,0.289,-0.231,0.549,-0.246,0.245,0.022
1,0.78,0.0,0.463,0.37917,0.545,0.375,0.218,0.88696,-0.056,0.847,-0.411,0.778,-0.374,0.722,-0.82680,0.331,-0.94,-0.072,-1.0,-0.208,-0.734,-0.645,-0.228,-0.574,0.06911,-0.409,0.317,-0.333,0.45,-0.223,0.35,-0.17343,0.72,0.079
1,1,0.0,1.017,0.41113,0.732,0.463,0.371,0.812,-0.082,1.461,-0.761,1.067,-0.79657,0.59,-0.96631,0.148,-1.186,-0.344,-0.956,-0.503,-0.447,-0.65,-0.021,-0.862,0.295,-0.657,0.772,-0.463,0.497,-0.238,1.327,0.129,0.816,0.46301
1,1.276,0.0,1.432,0.877,0.245,0.055,0.12993,0.887,-0.301,0.738,-0.31527,0.345,-0.772,0.36946,-0.771,-0.128,-0.313,-0.447,-0.46552,-0.859,-0.037,-0.934,0.263,-0.269,0.72,-0.475,1.013,-0.061,1.175,1,0.548,0.003,0.221,1.054
1,0.956,0.0,1.095,0.365,0.636,0.447,0.05,0.182,-0.48,0.732,-0.667,0.571,-0.57576,0.0,-0.387,-0.12121,-0.445,-0.669,-0.071,-1.063,0.48485,-0.372,0.57576,-0.379,0.95,-0.47,0.846,0.072,0.497,0.793,0.2,0.46,0.06,0.33333
1,1.282,0.0,1.17,0.0,0.94817,-0.03,1.232,-0.015,1.335,0.012,0.90244,0.02,0.585,0.011,0.689,0.00305,1.455,0.035,0.758,-0.012,0.90854,0.016,0.91463,0.065,0.792,0.036,0.853,0.027,0.493,0.013,0.934,0.057,0.64,-0.015
1,1.23,0.0,0.82624,0.087,1.045,-0.117,0.567,-0.017,1.156,0.013,0.80142,0.044,1.184,-0.004,0.993,0.0,0.862,0.226,1.202,-0.008,0.548,0.00709,1.147,0.079,0.53,0.167,0.89527,0.072,0.412,0.055,1.286,0.242,0.92553,0.0
1,1,0.0,0.423,0.11,1.071,0.007,1.0,0.015,0.909,-0.014,0.69,0.10638,0.518,0.036,1.27,0.03382,0.95745,0.075,1.401,0.023,0.872,0.04743,0.906,0.031,1.162,0.067,0.494,0.069,0.61,-0.052,0.509,0.051,0.623,0.042
1,1,0.0,0.666,0.03727,1.014,0.005,0.789,0.005,0.707,0.0,1.314,0.066,1.184,0.014,1.25,0.012,0.696,-0.075,0.578,0.025,1.175,0.01603,1.11,0.018,0.706,-0.048,0.552,0.02033,0.932,0.061,0.911,0.014,1.089,0.02441
1,1,0.0,1.136,0.004,1.444,0.016,1,0.014,0.99290,0.024,1.344,0.014,1.438,0.05,1.073,0.02,1.001,0.02131,0.907,0.055,1.283,0.058,0.78,0.037,1.369,0.023,0.897,0.096,1.177,0.115,0.936,0.06217,0.758,0.056
1,1,0,1.335,0.014,1.144,0.017,1.368,0.029,0.99448,-0.013,0.967,-0.003,0.541,0.012,0.784,0.011,0.963,0.008,0.97901,0.013,0.562,0.004,0.948,0.013,0.981,-0.008,1.14,0.009,0.673,0.018,0.621,0.022,0.98674,0.027
1,0.923,0.0,1,-0.018,0.535,0.01566,0.791,-0.002,0.977,0.06,0.512,0.067,1.236,0.02908,1.032,0.085,1.117,0.046,1,0.022,0.756,0.058,1.243,0.066,0.568,0.14,0.916,0.08763,0.698,0.121,0.674,0.089,1.3,0.109
1,1,0.0,0.947,0.481,0.687,0.547,0.454,0.63,0.017,1.192,-0.35148,0.751,-0.847,0.809,-0.545,0.551,-0.83285,-0.008,-0.468,-0.211,-0.315,-0.318,-0.341,-0.716,0.00806,-0.721,0.343,-0.524,0.651,-0.518,0.694,-0.21542,0.506,0.032
1,1.088,0.0,0.769,0.306,0.704,0.875,0.30440,0.95148,-0.133,1.315,-0.6,0.747,-0.742,0.384,-1.402,0.10345,-0.748,-0.459,-0.974,-0.608,-0.438,-1.24,0.034,-0.713,0.308,-1.156,0.635,-0.511,0.985,-0.239,0.737,0.175,0.70555,0.54852
1,1.057,0.0,0.317,0.11042,0.082,0.19,0.144,1.029,-0.129,0.942,-0.16503,0.399,-0.5,0.241,-1.113,-0.00337,-0.239,-0.207,-0.33,-0.262,-0.076,-0.89991,0.108,-0.182,0.175,-0.27,0.39599,-0.062,0.203,0.031,0.276,0.112,0.068,0.279
1,1,0,0.402,0.571,0.288,0.635,0.06,0.905,-0.271,0.817,-0.68253,0.419,-0.731,0.037,-0.454,-0.313,-0.663,-0.548,-0.062,-0.484,0.208,-0.55,0.56663,-0.583,0.415,-0.201,0.676,0.218,0.527,0.631,0.20549,0.751,-0.182,0.687
1,1.343,0.0,0.236,0.046,0.04198,0.29,-0.13,0.55,-0.254,-0.18321,-0.613,0.065,-0.267,0.08,-0.234,-0.276,-0.10305,-0.439,0.167,-0.251,0.382,-0.117,0.28626,-0.16031,0.164,0.266,0.026,0.334,-0.027,0.39,-0.107,0.231,-0.237,-0.303
1,0.787,0.0,0.773,0.001,0.526,0.0,0.663,-0.001,1.125,0.029,0.974,0.018,0.541,0.025,1.141,0.017,0.885,0.071,0.995,0.055,0.97738,0.05524,1,0.082,0.94155,0.106,1.049,0.081,1.244,0.044,0.868,0.046,1.035,0.08616
1,1,0.0,0.921,-0.095,0.472,0.003,0.655,-0.017,0.751,-0.054,0.496,-0.11734,0.84624,0.05029,0.994,-0.042,0.763,0.088,0.801,0.084,0.455,-0.025,0.488,-0.082,0.582,-0.014,0.877,-0.017,0.509,-0.059,0.881,-0.04220,0.893,0.009
1,1,0.0,0.21,-0.184,0.603,-0.023,0.866,-0.022,0.572,-0.038,0.906,-0.098,0.593,-0.054,0.59361,-0.076,0.283,-0.178,0.58213,0.035,0.487,-0.05,0.46241,-0.094,0.421,-0.00564,0.236,-0.106,0.19,-0.12,0.227,-0.124,0.433,-0.1
1,1,0.0,0.973,0.013,0.872,0.002,0.716,0.002,1.18,0.024,0.417,0.103,0.946,0.008,1.177,0.012,0.82777,-0.06974,0.677,0.036,0.76979,0.009,0.482,0.013,0.947,-0.003,1.024,0.014,0.496,0.012,0.484,0.022,0.773,0.01525
1,1,0.0,0.66667,-0.014,1.052,0.097,0.685,0.375,0.982,-0.003,0.365,-0.14071,0.251,-0.48907,0.491,0.698,0.873,0.292,1.034,0.169,0.653,-0.309,1.396,0.008,0.766,0.06967,0.974,0.252,0.955,0.087,0.658,0.366,0.124,0.458
1,0.859,0.0,1.011,0.075,0.574,-0.119,0.84349,-0.05567,0.483,-0.043,1.116,0.094,1.065,0.041,0.605,-0.053,0.882,-0.03,1.045,0.037,1.301,0.01155,0.587,0.038,0.88,-0.056,0.83479,0.002,1.163,0.182,1.038,-0.111,0.65,-0.04307
1,1,0.0,1.386,0.005,0.773,-0.017,1.0,-0.026,0.8,0.017,0.817,0.02,0.566,0.07330,0.861,-0.01326,0.758,0.001,0.871,0.059,0.904,0.113,1.193,0.135,0.707,0.014,0.93522,0.047,0.93159,0.044,0.521,-0.0,0.485,0.029
1,1.494,0.0,0.972,-0.001,1.004,-0.04,0.733,-0.03431,0.652,0.027,1.028,0.023,1.037,0.041,0.93954,-0.021,0.852,0.028,1.072,0.016,0.836,0.07677,1.19,0.06148,0.972,0.042,1.217,0.02,0.995,0.021,1.146,0.004,0.82,-0.00577
1,1.276,0.0,0.943,-0.013,0.575,-0.029,0.618,-0.03646,0.674,0.001,0.89724,-0.03315,1.049,-0.014,1.191,-0.041,0.91381,-0.012,1.115,-0.086,1.058,0.006,0.881,-0.02320,1.069,-0.025,0.741,-0.074,0.984,-0.177,1.323,-0.056,1.155,-0.134
1,1,0.0,1.13,0.13533,1.021,-0.032,1.178,0.066,0.96,-0.068,0.862,0.089,0.893,-0.004,1.003,-0.009,1.268,-0.067,0.955,-0.041,0.638,-0.063,0.888,0.04394,0.86467,-0.124,0.527,-0.062,0.513,-0.008,0.537,-0.063,0.576,-0.06151
