1,1,0.0,1.221,-0.075,0.909,0.013,1.214,-0.235,1,0.054,1.066,-0.206,0.317,-0.416,0.498,-0.396,0.423,-0.302,0.428,-0.32192,0.678,-0.284,0.266,-0.626,0.76,-0.336,0.41078,-0.431,0.238,-0.193,0.535,-0.439,0.245,-0.629
0,0.771,0.0,0.957,-0.269,0.975,-0.214,-0.16,-1.077,1.23,-0.04549,0.574,-0.67743,0.325,-0.929,-0.544,-0.612,0.029,-0.763,0.33109,-1.042,-0.164,-0.271,-0.105,-0.356,-0.211,-0.26569,-0.181,-0.105,-0.229,-0.069,-0.201,-0.061,-0.154,-0.015
1,1,0.0,0.996,-0.02,1.097,0.003,0.76,-0.145,0.922,0.01198,0.439,0.077,0.642,0.00827,0.616,0.002,0.854,-0.13,0.446,-0.07,0.715,-0.193,0.257,-0.1,0.848,-0.429,0.397,-0.233,0.43100,-0.253,0.844,-0.329,0.79,-0.34
0,1.127,0.0,1.023,-0.634,0.512,1,0.479,-1.241,0.0,0.0,0.0,0.0,0,0.0,-1,0.202,0.347,-0.458,-1.137,-0.54467,-0.968,1.208,0.0,0.0,1.48,0.634,0.423,1.41,0.902,-0.216,0.228,0.767,-0.437,1.41
1,1.484,0.0,0.574,-0.015,1.379,0.035,0.894,-0.22,0.956,-0.207,0.52798,-0.132,0.772,-0.007,0.332,-0.295,0.611,-0.21780,0.328,-0.097,0.05,-0.475,0.026,-0.792,0.02,-0.65158,0.129,-0.3,0.032,-0.342,-0.039,-0.548,-0.04608,-0.635
0,1.068,0.0,0.018,-0.007,-0.056,-0.074,-0.004,-0.109,0.141,0.066,0.03786,-0.06302,0.0,0.0,-0.054,-0.222,-0.004,-0.10196,-0.159,-0.043,0.01,0.055,0.01,0.005,0.022,-0.016,-0.035,0.083,-0.103,0.006,0.0,0,-0.001,0.14
1,0.599,0.0,1.163,-0.136,0.94601,-0.27,0.833,-0.403,0.889,-0.161,0.604,-0.324,1.088,-0.548,0.544,-0.433,0.57945,-0.88,0.496,-0.753,0.232,-0.661,0.247,-0.79753,0.313,-0.662,0.163,-1.063,0.059,-0.882,-0.039,-0.795,-0.172,-0.80975
0,0,0.0,0.0,0.0,0.0,0,1.393,-1,0.0,0.0,-1.446,-1.098,0.0,0.0,0.0,0.0,0.853,0.693,-1.129,-1,0.0,0.0,0.0,0.0,0.857,0.86,0.583,1.405,0.0,0.0,0.757,0.928,0.0,0.0
1,1.083,0.0,1.002,-0.044,1,-0.208,1.287,-0.179,0.529,-0.372,1.055,-0.239,0.711,-0.562,0.463,-0.238,0.527,-0.193,0.431,-0.718,1.085,-0.668,0.676,-0.742,1.269,-0.602,0.608,-0.69712,0.136,-0.676,0.462,-1.063,0.38895,-0.73420
0,0.892,0.0,-0.014,-0.08459,0.0,0.0,0.0,0.0,0.11470,-0.233,-0.42,-0.427,0.0,0.0,-0.438,0.211,-0.243,0.169,0.63728,0.331,0.0,0.0,0.0,0.0,-0.157,-0.007,0.291,-0.024,0.0,0.0,0.087,0.257,-0.053,0.38065
1,0.757,0.0,0.912,0.072,0.656,-0.166,1,-0.27320,1.105,-0.42,1.059,-0.612,1.405,-0.72,0.90711,-0.518,0.525,-0.477,0.863,-0.764,0.70645,-1.087,0.736,-0.72,0.504,-1.274,0.573,-0.846,0.321,-0.833,0.263,-0.497,0.265,-0.701
0,0.526,0.0,0.828,-0.344,1.245,-0.819,1,-1.064,1.316,0.487,0.997,-0.41119,1.3,0.735,0.86,-0.543,1.188,-0.231,0.553,-1.258,0.789,1.126,0.57,1.122,1.202,-0.362,1.301,-0.691,1,-1.121,0.67,-1.151,1.249,-1
1,1.041,0.0,1.085,-0.16316,1.143,-0.122,0.524,-0.184,0.619,-0.205,1.178,-0.464,1.071,-0.172,1.274,-0.257,0.94486,-0.278,1.134,-0.247,0.669,-0.483,0.592,-0.3,0.876,-0.47137,0.519,-0.763,0.748,-0.595,0.538,-0.398,0.445,-0.67226
0,1,0.0,1.434,-0.585,1.207,0.214,0.992,-0.597,1,-0.118,1.169,0.515,1.023,0.049,0.703,-0.079,0.828,-0.693,0.869,-1,0.464,0.211,1.027,0.37,1.27,-0.178,0.711,0.336,0.603,-0.624,0.955,0.593,0.565,-0.18826
1,1,0.0,1.28,0.038,1.438,0.047,0.642,-0.059,1.445,0.13,0.513,0.181,1,0.161,0.85,0.136,1.05,0.119,1.163,0.239,1,0.516,1.138,0.309,1,0.122,0.834,0.255,0.965,0.695,0.73,0.399,0.749,0.689
0,1.489,0.0,0.35,-0.894,1.251,0.337,-0.03520,-1.413,1.396,-1.08,0.575,-0.918,0.0,0.0,-1,-0.407,-0.37681,0.043,1.188,-1.487,0,0.0,0.0,0.0,-0.199,0.853,0.452,0.149,0.0,0.0,1.475,0.318,0.0,0.0
1,1.336,0.0,0.933,0.06,1.248,-0.013,0.741,0.033,0.748,0.033,0.99274,0.047,1.326,0.118,0.763,0.072,0.475,0.101,0.86104,0.074,0.467,0.066,0.738,0.15,0.492,0.19,0.79476,0.104,1.038,0.186,0.554,0.174,0.70941,0.144
0,0,0.0,0.0,0.0,-0.84,-1,0.517,1,-0.836,1.033,-0.748,1.281,0.847,-0.945,1.058,0.999,-0.845,-0.53,-0.975,1.34,1.399,-1.091,-0.763,0.541,-0.62,1.071,0.78,-1,-0.808,0.919,-0.554,-1.457,0.812,-0.616
1,0.971,0,0.63,0.034,0.868,0.071,0.789,0.254,0.077,0.327,0.892,0.142,0.884,0.107,1.138,0.071,0.471,0.235,0.14395,0.377,0.798,0.307,0.345,0.221,0.574,0.189,0.267,0.2,0.485,0.146,0.40663,0.319,0.562,0.33036
0,0.0,0.0,1.494,-1,0.0,0.0,0.0,0.0,0.515,1.156,1,-1.492,-1.035,1,0.0,0.0,-1.253,1.185,1.451,1.231,-1.324,0.721,0.967,0.645,-1.314,1.453,1.312,0.723,1.389,-0.678,1.352,1.19,1.341,1
1,1.183,0.0,0.837,-0.00612,1.051,-0.114,1.073,-0.089,0.732,-0.099,1.439,-0.148,1.407,-0.274,1.338,-0.225,1.108,-0.461,0.86473,-0.33,0.91693,-0.656,1.3,-0.514,0.725,-0.283,0.555,-0.413,1.083,-0.528,0.641,-0.588,0.679,-0.45039
0,0.0,0.0,1.315,1.245,0.0,0.0,0.0,0,-0.805,-1,0.0,0.0,0.0,0.0,-0.709,-0.73,-1.482,-1.245,-1.061,1.36,-0.941,0.601,0.0,0.0,0.0,0.0,0.519,-1.022,-1.37,1.199,-1.324,1.192,-1,1
1,0.935,0.0,0.825,0.045,0.651,0.063,1.459,0.131,0.564,-0.061,1.278,0.029,1.119,-0.06142,1.217,0.072,0.652,0.003,0.443,-0.029,0.791,-0.046,0.64158,-0.054,0.407,-0.055,0.86,-0.032,0.676,-0.008,0.51310,-0.0,0.52099,-0.001
0,0.0,0,-0.847,0.846,0.0,0.0,0.0,0.0,-1.083,0.695,1,0.948,0.0,0.0,0.0,0.0,1.302,-0.711,-1.243,1.197,1.404,1.125,0.0,0.0,-1.041,-1.465,1.372,-1,1,0.893,-1.351,1.076,0.0,0.0
1,1,0.0,1.106,-0.075,1.442,0.031,0.817,-0.05131,0.561,-0.012,1,-0.103,1.02,-0.039,1.104,-0.053,0.867,-0.056,0.733,-0.163,1.184,-0.267,0.80852,-0.342,0.823,-0.402,1.023,-0.362,0.811,-0.228,0.661,-0.232,0.926,-0.261
0,1,0.0,0.669,0.624,0.571,-1.476,1.07,-1.3,1.205,-0.669,0.738,-0.762,0.797,-1.152,1.474,-0.807,1.481,-1.028,0.851,-0.753,0.585,-0.759,1.458,-0.57,0.679,-1,1.414,-1.297,0.794,-1.28,0.648,-1,1,-1.009
1,1,0.0,1.326,-0.08714,0.857,-0.23,0.741,-0.671,0.482,0.619,1.273,-0.224,1.115,-0.246,0.871,-0.347,0.81051,-0.575,0.085,-1.456,1.04,0.11053,0.379,-0.979,0.625,-1.176,0.298,-1.106,0.421,-1.164,0.34,-0.86,-0.123,-1.42
0,0.0,0.0,-1,-1.304,0.0,0.0,-1.358,1.416,0.634,-0.425,0.0,0.0,0.0,0.0,0.0,0.0,1.015,-0.952,-1.286,-1.198,0.974,-0.876,0,0.0,1.337,-0.684,-1.007,1.122,-1.437,-1,0.0,0.0,-1.259,1
1,1,0.0,1.016,0.121,1.098,0.103,1.298,-0.193,1.13,0.64520,1.016,0.47904,1.49,0.501,1.266,0.70758,0.813,1.166,0.552,1.294,0.846,1.166,1.292,0.998,0.715,0.918,0.443,1.486,0.684,0.506,0.958,0.837,0.312,1.273
0,0.0,0,-1.431,-1.355,0.896,1.027,1,-1.218,-0.642,1.482,1.479,-1.044,-1,-0.756,0.0,0,1.336,1.485,-0.935,-1.018,0.543,-0.566,0.759,-0.743,0.887,1.318,0.926,-0.599,0.613,-0.549,-1.037,0.623,0.949,-0.761
1,1.451,0.0,1.088,-0.081,1,-0.082,0.983,-0.25,0.521,-0.108,0.78,-0.206,0.67,-0.26161,0.644,-0.151,1.342,-0.475,1.21,-0.51,0.652,-0.473,1.175,-0.32,0.77,-0.47643,1.124,-0.441,1.307,-0.726,1.056,-0.782,0.991,-0.84437
0,0.628,0.0,1.429,-0.542,0.842,1.414,1.351,-1.335,0.984,-1.432,0.706,-0.919,0.728,-0.01840,0.717,-0.977,0.676,1.217,1.044,-0.609,0.822,1.204,0.69,-1.029,0.0,0.0,1,1,1,-1.029,1.208,0.695,0.634,0.648
1,0.662,0.0,0.736,-0.14639,0.93408,-0.091,0.621,-0.135,0.591,-0.15,0.842,-0.329,1.101,-0.332,1.044,-0.304,0.515,-0.261,0.639,-0.47022,0.924,-0.311,0.814,-0.50085,0.689,-0.598,0.837,-0.398,0.722,-0.391,0.314,-0.321,0.38,-0.563
0,1,0.0,0.408,-0.017,0.406,-0.152,1.293,-0.136,1.305,-0.08,0.534,-0.104,0.58965,1.001,1.08,-1.21,0.716,-0.233,1.198,-0.399,-0.333,0.92730,0.774,0.05456,0.903,-0.194,1.392,-0.316,0.666,-0.287,0.673,-1.225,-0.305,-0.837
1,0.967,0.0,0.721,-0.109,0.543,0.145,1.213,-0.704,1.238,-0.169,1.093,-0.638,0.582,-0.12527,0.713,0.182,1.348,0.519,0.994,0.392,0.607,-0.02,0.92599,-1.253,1.207,0.084,1,-0.133,0.92,-0.163,1.193,0.764,1.112,-0.57758
0,1.323,0.0,0.579,-0.687,0.896,1.07,0.923,-0.415,0.80893,-0.552,1.423,-1.2,1.083,-0.86,0.794,0.903,0.148,1.011,1,0.835,1.471,0.85268,0.559,-0.715,0.545,0.966,0.685,-0.102,1.049,-0.278,1.488,0.696,0.948,0.34732
1,0.558,0.0,1,0.006,1.353,-0.009,1.387,-0.03,0.83,-0.053,1.318,-0.061,1.189,-0.091,0.763,-0.07917,0.967,-0.123,0.94184,-0.138,0.756,-0.081,0.801,-0.109,0.66,-0.20851,1.31,-0.209,0.844,-0.132,1.044,-0.203,1.003,-0.188
0,0,0.0,1.016,1.343,0.965,-1.021,0,0.0,0.0,0.0,-0.685,-1.008,0.0,0.0,0.0,0,-1.022,0.797,0.672,1.248,-0.66,1.415,-1.176,0.504,0.908,-0.587,0.863,1.094,-1.325,0.686,1.467,1.233,0.0,0
1,1,0.0,0.862,0.023,0.941,0.026,0.932,0.075,1.173,0.013,0.91911,0.079,1.209,0.166,0.773,0.07,0.719,0.178,1.172,0.147,0.412,0.099,0.945,0.14222,0.862,0.148,0.952,0.07,0.597,0.227,0.444,0.084,0.526,0.11447
0,1,0.0,1,0.022,1.404,0.032,0.916,0.069,0.357,-1.175,1.317,0.166,0.9,0.764,0.962,0.095,0.738,0.113,1.117,0.596,0.65850,0.13,0.55,0.112,0.624,0.19,0.281,0.13,0.626,0.151,0.215,0.198,1,1.237
1,1,0,1.19,0.095,1.314,0.152,0.936,0.26281,1.258,0.166,0.628,0.489,1.036,0.484,0.558,0.708,0.475,0.708,0.306,0.775,0.633,0.37,0.257,0.415,0.34384,0.967,0.399,0.858,0.253,0.976,0.158,0.375,0.058,1.068
0,1,0.0,-1,-0.886,1.488,1.407,1.333,-0.158,0.0,0.0,-1,1.097,0.507,1.199,0.215,-0.837,-0.99,-1.45,0.08750,-1.43,1.445,-1.183,-1.051,1.073,-0.955,-0.941,0.977,-0.797,-1.158,-0.671,1.444,0.913,0.0,0.0
1,0.876,0.0,1.246,0.109,0.918,0.203,0.519,0.134,0.804,0.994,0.874,0.23,0.221,0.42739,0.57620,0.471,0.51067,0.597,0.31639,0.172,0.365,0.807,0.266,0.51,0.296,0.81,0.248,0.593,0.159,0.738,0.042,0.348,0.086,0.996
0,1.041,0.0,-0.932,-1.182,1.344,1.164,0.736,-1.243,0.953,-0.201,1,1.309,1.482,-0.341,1.239,-1,0.935,0.138,0.731,-1.199,0.711,-0.02,-1.146,1,0.455,0.85714,0.623,0.55,0.625,-0.852,0.695,-0.588,1.112,-0.651
1,1.372,0,1.235,-0.032,1.123,-0.158,1.305,-0.291,0.691,-0.286,0.871,-0.407,1.336,-0.37965,0.706,-0.323,1.244,-0.56,1.114,-0.57075,0.581,-0.648,0.787,-0.78,0.486,-0.962,0.529,-0.73174,0.73,-0.981,0.489,-0.68,0.723,-0.789
0,0.0,0.0,0.0,0.0,0,0,0.0,0.0,1,0.591,0.669,1.079,0.0,0.0,0.0,0.0,-0.399,-1.442,-0.66,-1,0.0,0.0,0.0,0.0,-0.676,-1.239,-1.254,-1.181,-1.458,0.884,1.11,0.0,0.0,0.0
1,1,0.0,1.456,-0.043,1,-0.07383,0.853,-0.141,1.026,-0.057,0.565,-0.148,0.96674,-0.165,0.962,-0.321,0.706,-0.415,0.587,-0.474,1.333,-0.451,0.649,-0.252,1.042,-0.464,1.079,-0.437,0.693,-0.602,0.587,-0.422,0.596,-0.625
0,1.326,0.0,0.94598,-0.023,-1.337,0.339,-0.36393,0.475,0.646,-0.586,1.419,-0.038,-0.157,-0.003,-0.569,0.15452,0.851,-0.684,0.798,-0.414,-0.396,-0.219,-0.838,0.227,0.83,-0.334,0.658,-0.36,1.42,-0.632,-0.091,0.143,-0.07,0.41913
1,1,0.0,0.982,0.012,0.942,-0.039,1.094,-0.05,0.935,-0.048,0.829,-0.045,1.341,-0.143,0.966,-0.184,0.897,-0.073,0.615,-0.182,0.447,-0.236,1.086,-0.264,0.88487,-0.279,0.432,-0.304,0.744,-0.202,1.003,-0.23095,0.958,-0.23902
0,1.482,0.0,0.0,0.0,1.443,0.307,0.0,0.0,0.10991,-0.949,0.0,0.0,0.0,0.0,-1.016,-0.182,-0.55711,-0.83297,0.844,0.832,0.0,0.0,0.49,0.452,-1.272,0.668,0.846,-1.018,-1.166,1.059,0.0,0,0.0,0.0
1,1,0.0,0.64,-0.114,0.28,0.025,0.837,-0.004,0.87947,0.142,1.079,-0.011,0.57,0.514,1.11,-0.308,1.002,-0.223,0.86676,-0.298,1.355,0.566,0.483,-0.1,0.799,-0.037,0.864,-0.014,0.723,-0.245,0.696,-0.268,0.506,-0.01425
0,0.0,0,0.958,1.032,0.984,-1.208,0.0,0.0,0.0,0.0,1,1,0.67,0.687,-0.78,-0.822,1.229,-1.056,-1.088,0.505,0.0,0,1.451,-0.991,0.717,-0.77,0.521,0.983,-1.217,-1.436,0.0,0.0,0.0,0.0
1,0.952,0.0,1.335,1.272,0.822,1.3,0.616,1.429,-0.227,0.648,-0.45,0.653,-0.711,1,-1.414,0.616,-0.634,-0.343,-1.291,-0.433,-1.044,-0.706,-0.714,-1.432,0.565,-1.204,0.69,-0.695,1.118,-1.231,1,-0.34686,0.977,0.34845
0,1.054,0.0,-0.38,-0.669,-0.639,1,0.674,0.491,0.03515,-1.034,-0.62,-1.043,1.483,0.823,1.307,-1.378,-1,0.846,0.824,0.668,0.729,-1.001,-0.835,-0.879,-0.271,1,0.9,-1.124,-1.31,-0.66,-1.309,0.662,0.818,0.326
1,1,0.0,0.801,0.071,1.273,-0.054,0.97165,-0.067,0.606,-0.084,1.247,0.017,1.287,-0.11,1.249,-0.104,1.484,-0.475,0.90343,-0.414,0.659,-0.36,0.516,-0.446,1.208,-0.389,0.668,-0.488,1.322,-0.239,0.543,-0.548,1.06,-0.41173
0,1.083,0.0,0.08333,-0.192,-0.751,1.066,-1.279,1,0.826,0.47173,-0.756,-0.375,-0.687,-0.567,-0.794,1.454,-0.036,0.572,-0.502,-0.419,-0.924,-1.243,-1.432,-0.687,-0.686,0.265,0.524,-1.052,-1.205,-0.534,-0.728,-1,-1.207,0.421
1,1,0.0,0.962,-0.033,1.2,-0.064,0.948,-0.049,0.559,-0.077,1,0.614,0.545,-0.181,1.166,-0.216,0.907,0.272,0.759,-0.2,1.179,-0.18949,0.95601,-0.185,0.616,-1.26,1.208,-0.122,0.592,-0.239,0.966,-0.175,0.792,-0.206
0,0,0.0,-0.781,0.9,0.83,-0.844,-1.347,1.47,0.0,0.0,0.973,1.47,-0.66,-0.151,0.71,1,-1.045,-0.709,1.353,-0.571,-1,-0.979,1,0.986,1.013,-0.751,1.196,1.245,0.738,1.189,0.0,0.0,-0.745,-0.672
1,0.685,0.0,1.248,0.059,1.292,0.067,1.094,0.114,1.343,-0.028,0.953,0.048,0.86,0.189,1.116,0.114,0.90896,0.249,0.986,0.183,1.321,0.073,1.051,0.149,0.91667,0.22431,0.891,0.241,1.254,0.22511,0.966,0.174,0.807,0.317
0,0.626,0.0,0.144,-0.783,-1.303,1.41,0.0,0.0,0,0.0,-0.746,0.945,0.0,0.0,-0.698,-0.831,1.127,0.191,0.436,0.198,0.0,0.0,-1,-0.266,-1.049,1.264,1.402,1.247,-0.977,0.849,0.0,0,0.0,0
1,1.341,0.0,1.175,0.141,0.531,0.124,0.879,0.131,0.641,0.063,1.061,0.287,1.075,0.228,1.184,0.399,0.821,0.179,0.47,0.38,1.127,0.175,0.89,0.39597,0.438,0.34658,0.811,0.618,0.62764,0.375,0.52,0.457,0.788,0.50903
0,1,0.0,0.009,-0.438,0.0,0.0,0.0,0.0,0.0,0,0.0,0.0,0.0,0.0,0.103,-0.798,0.302,1.037,1.38,-0.296,0.0,0.0,0.053,-0.825,-0.10625,-0.086,1.372,-0.894,-0.967,0.18854,0.0,0.0,1.354,-0.197
1,1,0.0,1.048,0.149,0.99352,0.235,1.261,0.224,0.984,0.31,1.326,0.55,1.01,0.238,0.958,0.733,0.738,0.445,0.754,0.382,0.621,0.424,0.584,0.516,0.335,0.55236,0.43317,0.49,0.51,1.019,0.31,0.662,0.319,0.634
0,1.47,0.0,0.63816,0.966,0.274,-0.519,1.245,0.711,0.55,0.411,-0.974,0.601,-0.05921,0.623,0.015,0.067,-0.482,-1.432,0.177,-0.041,0.477,-0.384,-1,0.632,1.137,-1.203,1.182,-0.056,1.192,1,0.121,-1.022,1.36,0.695
1,1.239,0.0,1.391,-0.41457,0.81,0.722,1.082,0.246,0.858,-0.149,0.93844,0.695,0.426,-0.136,1,0.008,1.312,-0.6,0.585,-0.333,0.648,-0.19,1,-0.182,1.04,0.102,0.547,-0.04,1.041,-0.328,0.599,0.124,0.438,-0.04
0,1.207,0.0,1.063,0.1,0.884,0.349,1.083,-0.847,0.835,0.066,1,0.304,0.591,0.888,1,0.453,1.211,0.019,0.843,-0.533,0.739,0.871,0.938,0.189,0.98,-0.468,1,0.208,0.211,-0.023,1.217,0.303,1.469,0.37409
1,1,0.0,1.476,0.239,0.797,0.036,1.028,0.052,0.801,0.061,0.66,0.354,1.079,0.063,1,0.035,0.95750,-0.359,0.638,-0.07,0.762,0.04150,0.817,0.265,0.66,-0.436,0.655,-0.018,0.761,0.177,1.05,-0.318,0.95,-0.054
0,0,0.0,0.88,-1.277,0.794,-1.037,1.247,-0.946,0.585,-1.009,1.326,1,0.648,1.205,0.57,-1.013,0.857,0.669,0.62,1.3,1.28,0.925,1.152,-1.414,1.297,-1.42,1.481,-1.209,0.571,0.65625,0.0,0.0,1.07,-1
1,1,0.0,0.698,0.556,0.566,0.498,0.43019,0.509,0.204,0.909,-0.43872,1.419,-0.996,1.028,-0.933,0.547,-0.211,-0.468,-1.008,-0.571,-0.64,-0.705,-0.557,-0.698,0.477,-1.26,0.41778,-1.247,0.309,-0.855,0.891,-0.399,1.282,0.027
0,1,0.0,1.415,1.016,1.416,-0.96,1.007,-1,1.273,0.837,0.914,1.304,0.974,1.407,1.486,-0.848,1,0.528,1.034,1,1.438,1.098,1.288,0.506,0.947,1.286,1.437,0.508,0.0,0.0,1.408,-0.634,1.015,-0.948
1,0.549,0,1.298,0.03529,0.846,0.182,1,0.4,0.593,0.371,1.453,0.264,0.623,0.38643,1.488,0.322,1.166,0.363,0.813,0.407,0.78,0.746,1.443,0.353,0.666,0.714,1.218,0.941,0.812,0.961,0.942,0.986,1.065,0.465
0,0.0,0.0,0.536,-1,0.652,0.521,-1.331,-0.761,0.926,-1.21,0,0.0,0.0,0.0,-1.318,0.566,1.336,-0.887,1.027,-0.571,-0.483,1.451,1.484,-0.759,0.935,-1,0.868,-1,-1.175,-0.599,0.0,0.0,1.037,-1.342
1,1,0.0,0.74,0.085,0.86,0.19,0.96026,0.299,0.939,0.251,0.628,0.511,0.86265,0.517,0.964,0.605,0.833,0.69065,0.567,0.49,0.324,0.719,0.588,0.805,0.397,0.771,0.411,1.095,0.358,0.791,0.145,1.049,0.046,0.673
0,0.706,0.0,0.468,0.37,0.0,0.0,-0.32937,0.593,0.0,0.0,0.0,0.0,0.0,0.0,0.295,-0.24206,0.274,0.217,0.6,0.78175,0.0,0.0,0.0,0.0,0.884,0.283,0.526,0.399,0.0,0.0,0.0,0.0,0.0,0
1,1.244,0.0,0.62,0.053,0.818,0.085,0.66,0.19498,0.969,0.28453,1,0.23,1.309,0.293,0.604,0.429,0.776,0.454,1.046,0.491,0.664,0.789,1.146,0.42,0.996,0.63942,0.467,0.506,0.735,0.615,0.263,0.705,0.348,0.661
0,0.0,0,1.411,1.279,0.0,0.0,1.29,-0.751,0.721,-1,1,0.647,1.149,0.928,1.319,-0.534,1.32,0.954,1.207,0.572,1.21,-1.436,-1.287,-0.63,1.093,-1.348,1.306,-1.473,1.152,0.657,0.0,0.0,1.49,-1
1,1.238,0.0,1.193,0.023,1.469,0.082,0.521,0.231,1,0.172,0.98703,0.27,0.92745,0.225,0.987,0.526,1.009,0.555,0.745,0.452,0.545,0.56282,0.647,0.723,0.715,0.474,0.856,0.444,0.568,0.341,0.237,0.615,0.402,0.429
0,0.0,0.0,1.384,0.896,0.961,-0.545,0.907,1.488,1.2,0.738,1.423,1.424,1,0.839,1.471,1,1.07,-0.736,-0.979,0.923,-1,0.986,-1.166,1.093,0.715,-1.366,0.558,0.767,-1.132,0.759,-1.47,-0.709,-1.07,1
1,1,0.0,0.571,0.287,1,0.321,1,0.909,0.806,1.47,1.238,0.686,0.973,0.784,0.844,0.783,0.751,1.01,1.347,1.467,0.618,0.672,1.073,0.71,0.856,1.353,0.344,1.045,0.081,1.246,-0.138,1.019,-0.824,1
0,0,0.0,1.415,1.367,1.248,-1.158,0.863,1.343,-1.254,1.005,0.0,0.0,0.945,1.233,0.0,0.0,0.0,0.0,-0.908,0.504,-1.018,1,1.176,1.008,1.094,-0.53,0.509,1,0.783,1.41,1,-1.29,-0.899,0.685
1,0.53,0.0,1.313,-0.091,1.303,0.526,0.94,0.09557,1.402,0.164,0.626,-0.746,0.977,-0.40559,0.84,-0.18,1.294,0.071,0.984,-0.723,1.172,-0.326,1,-0.562,0.999,-0.469,1,-1.206,0.915,-0.795,1.237,-0.885,1.424,-0.675
0,0.0,0.0,1.156,-0.579,1.409,0.551,1.19,1,0.971,1.018,0.531,1,1.185,-1,0.825,-1.351,1.341,0.879,1.117,-0.814,1,1.324,1.447,1.494,0.678,-0.671,0.65,1.44,0.721,-1.453,1.327,0.96,0.603,-0.723
1,1,0.0,1.156,0.071,1.218,0.223,0.89702,0.238,1.221,0.35197,0.829,0.586,0.365,0.459,0.851,0.357,0.705,0.931,0.48,0.896,0.524,0.824,0.176,0.479,0.316,0.607,0.137,0.73885,0.093,0.96,0.03,1.147,-0.058,0.941
0,0.805,0.0,0.484,-0.235,0.571,0.194,0.674,0.325,0.369,0.702,1,-0.219,0.012,0.561,0.008,0.407,0.18681,0.209,0.113,0.36353,0.058,0.289,-0.00083,0.274,-0.038,0.288,-0.04,0.204,-0.057,0.122,-0.063,0.075,-0.027,0.031
1,1,0.0,0.47,-0.02811,0.386,-0.027,0.509,0.017,1.03,0.017,0.924,0.115,0.891,0.073,0.621,0.045,0.929,-0.332,0.962,-0.009,0.76,0.06953,0.354,-0.267,0.478,0.034,0.82,-0.061,0.381,-0.297,0.875,-0.207,0.484,0.02959
0,1,0.0,0.39179,-0.04,0.97464,0.064,1.112,0.739,0.474,0.124,0.789,0.082,0.737,-0.817,0.609,0.841,0.367,-0.156,0.303,-0.105,0.625,0.201,0.613,0.432,0.4,0.171,0.671,0.108,0.275,-0.038,0.44,0.188,0.439,0.12755
1,1,0.0,0.78,0.025,0.455,-0.094,0.937,0.032,0.66038,-0.04528,0.805,0.016,0.525,-0.189,0.501,-0.02,0.833,0.113,0.524,-0.094,0.75849,-0.334,1.015,-0.117,0.939,-0.142,0.899,-0.065,0.806,0.016,0.918,0.054,0.907,0.008
0,1.079,0.0,0.705,-0.034,0.597,0.028,0.851,0.876,0.66364,-0.052,0.52,-0.134,0.72,0.072,0.802,1.028,0.654,0.21818,0.539,0.074,1.458,-0.355,0.79,-1.474,0.57273,0.32727,0.429,0.163,0.322,0.062,0.331,0.097,1.3,0.57
1,1.037,0.0,0.719,-0.018,0.27,0.0,0.434,0.12941,0.396,-0.046,0.572,0.131,0.596,0.078,0.284,-0.078,0.743,0.021,0.305,0,0.555,0.038,0.58039,0.122,0.704,0.004,0.707,0.126,0.271,0.071,0.483,0.146,0.612,0.17255
0,0.924,0.0,0.287,0.087,0.287,0.167,0.343,0.223,-0.028,0.226,0.054,0.41,-0.22,0.423,-0.188,0.255,0.028,0.40455,-0.465,0.183,-0.20028,0.069,-0.248,0.472,-0.14003,-0.048,-0.112,-0.07114,-1.288,-0.855,-0.039,-0.065,-0.005,-0.045
1,1.453,0,0.56,-0.228,0.998,0.332,0.82403,0.163,0.934,0.05901,0.869,-0.055,0.806,0.127,0.784,0.364,0.902,0.485,1.055,0.206,0.73176,0.269,1.408,0.283,0.662,0.529,0.989,0.753,0.742,0.595,0.408,0.601,0.666,0.551
0,0.594,0,1.26,-0.065,-0.418,-0.613,-0.122,-0.733,0.6,0.04576,0.802,-0.009,-0.274,0.668,-0.267,-0.374,1.044,-0.071,0.463,-0.096,-0.066,0.733,-0.351,0.447,0.803,-0.055,0.70882,-0.362,0.77884,-0.11,-0.281,-0.469,-0.273,-0.758
1,0.536,0.0,0.462,-0.215,0.64348,0.049,0.348,0.246,0.968,0.245,0.285,0.4,0.7,-0.312,0.448,0.244,0.409,-0.42609,0.48,-0.306,0.185,0.11739,0.289,-0.036,0.454,-0.069,0.462,-0.04264,0.501,-0.037,0.53,-0.224,0.263,0.115
0,0.676,0.0,-0.533,0.153,-0.451,0.82,0.747,-0.147,0.214,-0.037,0.20743,-0.177,0.47,0.08978,0.681,-0.148,0.169,0.286,0.352,0.042,0.557,0.077,-0.379,-0.566,0.717,0.798,0.209,-0.573,-0.148,0.077,0.031,0.55820,0.366,-0.08978
1,1.034,0.0,0.191,0.2,0.294,0.217,0.401,-0.007,0.51,0.274,0.709,-0.141,0.345,-0.031,0.374,0.037,0.513,-0.291,0.6,-0.03,0.295,0.054,0.18,-0.147,0.51731,-0.03176,0.336,-0.027,0.496,0.125,0.796,-0.01868,0.476,-0.03226
0,0.766,0.0,1.037,0.16851,0.0,0.0,0.374,0.069,0.52,0.835,0.502,1.239,-0.024,0.789,0.335,0.177,-0.017,1.224,-0.372,0.476,-0.117,0.409,-0.36,0.159,-0.91574,0.80710,-0.281,0.689,-1.043,0.839,-0.786,0.12860,0.0,0.0
1,1,0.0,0.985,0.107,1.047,0.393,0.962,0.681,0.59784,0.695,0.493,0.585,0.342,0.501,0.06438,0.536,-0.067,1.27,-0.163,0.961,-0.602,0.612,-0.851,0.703,-0.68159,0.368,-0.826,0.371,-0.544,0.144,-0.598,-0.053,-0.998,-0.119
1,1.205,0.0,1.293,0.234,0.509,0.493,0.985,0.403,0.42,0.84278,0.467,0.83,0.098,0.643,-0.195,0.84290,-0.168,0.667,-0.291,0.765,-0.469,0.727,-0.846,0.33537,-0.85376,0.202,-0.434,-0.017,-1.18,-0.153,-0.669,-0.418,-0.649,-0.481
0,0.709,0.0,-0.738,-0.558,0.0,0.0,0.602,-0.725,0.60586,0.32899,-0.715,-0.347,0.0,0.0,0.0,0.0,1.07,-0.38,0.351,-0.626,0.97068,-1.07,-0.979,-1.189,1.423,-0.825,-1.47,-0.736,-0.545,-1.2,1.166,-1.196,0.0,0
1,1,0.0,1.087,0.028,1.048,0.02,0.979,0.034,0.66230,0.124,0.529,0.157,1.023,0.092,0.74695,0.109,0.966,-0.066,0.63613,0.0,0.707,0.094,0.484,0.119,0.526,0.091,0.794,0.139,0.489,0.116,0.605,0.149,0.458,0.104
0,1.227,0.0,1.126,-1.176,0.0,0.0,0.977,-1.001,0.506,0.554,-0.328,-0.896,0.0,0.0,0.0,0.0,0.72059,-1.089,0.749,-0.60294,0.0,0.0,0.177,-1,-1.158,-0.863,-0.53,-1.022,0.908,-0.509,1.247,-1.313,0.0,0
1,1.402,0.0,0.84,0.022,0.54,-0.035,1.237,-0.029,0.94,-0.033,0.99026,-0.102,0.666,-0.052,0.915,-0.091,1.294,-0.14257,1.4,-0.165,0.746,-0.217,1.482,-0.193,0.798,-0.216,1.331,-0.20243,1.278,-0.201,0.785,-0.22561,0.703,-0.185
0,0.0,0.0,0.0,0.0,0.0,0.0,0.0,0.0,0.0,0,0.0,0.0,0.0,0.0,0.0,0.0,0,0.0,0.0,0.0,0.0,0.0,0.0,0.0,0.0,0.0,1.44,-1.018,0,0.0,0,0.0,0.0,0.0
1,0.886,0,0.935,-0.096,0.905,-0.133,0.61,-0.247,1.332,0.081,0.617,-0.014,0.83543,-0.24719,0.671,-0.162,1.157,-0.295,1.432,-0.154,1.338,-0.394,1.285,-0.474,1.439,-0.211,1.282,-0.296,1.085,-0.353,0.746,-0.291,0.69531,-0.291
0,0.709,0.0,0.262,-0.325,0,0.0,0.82,-1.061,0.432,1.153,0.64394,0.06439,0.281,-1.258,0.0,0.0,0.809,-0.226,0.472,-0.759,0.0,0.0,0.0,0.0,0.212,0.242,1.183,-0.262,0.06,-0.561,0.119,-0.355,0,0.0
1,0.695,0.0,0.557,-0.256,1.245,-0.054,0.925,-0.566,0.541,0.66942,1.344,-0.121,0.711,-0.148,0.966,-0.197,0.852,-0.241,0.85,-0.12,1,-0.292,1.405,-0.196,1.482,-0.187,1.459,-0.21,1.432,-0.337,0.858,-0.40740,0.623,-0.44739
0,1.041,0.0,0.0,0.0,0.0,0.0,0.0,0,0.0,0.0,0.459,0.846,0.0,0.0,0.0,0.0,0.453,-0.5,0.84,-0.847,0.0,0.0,0.0,0,0.0,0.0,1,0.122,0.0,0.0,0.0,0.0,0.0,0
1,0.711,0.0,0.794,0.006,1.213,-0.067,0.694,-0.144,1.236,-0.051,1.196,-0.106,0.683,0.042,0.489,-0.141,1.142,-0.145,1.19,-0.095,0.89876,0.001,0.948,-0.052,0.93368,-0.19872,1.098,-0.17806,1.36,-0.196,0.717,-0.285,0.647,-0.321
0,1,0.0,0.058,0.16,0.0,0.0,0.0,0.0,0.442,0.47,0.31081,1.11,0.0,0.0,0.0,0.0,0.401,-1.297,0.381,-0.585,0.0,0.0,0.0,0.0,-0.621,-0.679,1.205,-0.762,0.55405,-0.158,0.0,0.0,0.0,0
1,1.247,0.0,0.774,-0.833,1.021,-0.446,0.734,-1.244,1.26,-0.194,1,-0.184,0.71,-0.875,1.333,-0.532,0.99,-0.681,0.775,-0.88952,0.913,-1.037,0.995,-0.74896,0.432,-1.02,0.333,-0.668,0.98,-1.479,1.07,-1.481,0.432,-0.76112
0,0.772,0.0,0.759,-0.816,0.0,0.0,0.0,0.0,0.553,1,1.333,-0.224,0.0,0.0,0.0,0.0,0.62121,-0.292,0.796,-1.437,1.122,-1.0,0.0,0.0,0.0,0.0,1,-0.654,-0.181,-0.87,0.0,0.0,0.0,0
1,1,0.0,0.788,0.279,1.03,0.56,0.683,0.536,0.636,0.711,0.36705,0.484,0.278,0.717,-0.04061,1.253,-0.14,0.718,-0.343,0.557,-0.626,0.794,-0.318,0.577,-0.601,0.283,-0.578,0.045,-0.725,-0.046,-0.464,-0.287,-0.637,-0.31954
0,1.027,0.0,0.318,-0.902,0.0,0.0,1,-1.485,0.854,0.599,0.236,0.948,0.0,0.0,0.0,0.0,0.67000,-0.432,1.252,-1.318,0.0,0.0,0.0,0,0.129,0.609,0.543,0.22000,0.0,0.0,0.0,0.0,0.0,0.0
1,1.484,0.0,1.355,0.152,1.074,0.462,0.824,0.674,0.248,0.84222,0.227,1.231,0.078,0.932,-0.169,0.948,-0.297,0.589,-0.567,0.64527,-0.443,0.299,-1.075,0.287,-0.806,0.039,-0.384,-0.11943,-0.786,-0.291,-0.454,-0.592,-0.241,-0.53319
0,1,0.0,0.592,0.485,-0.523,0.634,-0.516,0.35,0.063,0.295,-0.18599,-0.137,-0.03158,-0.088,0.009,-0.024,0.013,-0.006,0.004,0.001,0.001,0.001,-0.0,0.0,-0.0,0.0,-0.00001,0.0,0.0,0.0,0.0,0.0,0.0,0.0
1,0.775,0.0,0.144,-0.09524,0.433,0.047,0.197,0.16,0.23810,0.078,0.498,0.031,0.225,-0.054,0.258,-0.04762,0.191,-0.101,0.213,0.045,0.279,0.0,0.152,-0.161,0.43,-0.07,0.281,-0.015,0.246,0.0,0.111,-0.011,0.212,-0.01877
0,1.378,0.0,1.402,-0.115,1.411,0.059,0.738,-0.01639,0.691,0.024,0.749,-0.034,0.604,0.0,0.452,-0.16393,0.151,-0.17,0.65558,-0.257,0.417,0.043,0.729,-0.386,0.306,-0.271,0.777,-0.134,0.432,-0.03279,0.243,-0.443,0.733,-0.085
1,0.728,0.0,1.406,0.0,0.846,0.029,0.959,0.062,0.80000,0.0,0.498,0.058,0.475,0.063,0.811,0.119,0.359,0.304,0.991,0.121,0.923,0.138,0.432,0.13493,0.9,0.22727,0.779,0.199,0.619,0.037,0.344,0.243,0.38,0.17077
0,1,0.0,0.445,0.77,-0.706,0.121,-0.087,-0.641,0.728,0.01190,0.816,0.278,-0.832,0.369,-0.19,-0.63668,0.449,0.23,0.586,0.081,-0.454,0.357,-0.631,-0.458,0.22,0.761,0.32,0.217,0.542,0.39286,-0.587,-0.368,0.133,-0.399
1,1.353,0.0,0.682,-0.07111,0.781,-0.022,0.759,-0.082,1.29,0.002,1.156,-0.06444,0.736,-0.052,0.923,-0.285,1.04,0.076,0.846,-0.044,0.738,-0.088,1,-0.184,0.84444,0.02,1.347,-0.148,0.745,-0.122,1.387,-0.087,1.47,-0.526
0,1.367,0.0,0.43636,-0.103,0.58182,-0.14545,0.177,-0.67273,0.333,-0.025,0.251,-0.068,0.207,0.362,0.369,-0.333,0.132,-0.018,0.329,0.068,0.095,0.496,0.631,0.167,0.165,0.217,0.603,-0.047,0.489,-0.07,0.087,-0.428,0.36,-0.171
1,1,0.0,1,-0.773,0.84,0.75472,0.307,-0.046,0.33,0.0,0.984,-0.001,0.495,0.099,0.878,-0.071,0.934,-0.0,0.595,0.0,0.48,0.085,0.505,-0.001,1.227,1.065,0.939,-0.001,0.942,-1.005,1.138,0.39,0.34,-0.11321
0,1.294,0.0,0.997,1.174,-1.129,-0.209,0.391,-0.139,0.634,-0.14286,-0.438,0.12808,0.33333,0.0,0.165,-0.057,-0.311,0.728,0.229,0.013,0.624,0.04762,0.221,-0.195,-0.64,-0.147,0.308,-0.666,1.447,0.0,-0.383,-0.047,0.246,0.028
1,1,0.0,0.43750,0.021,0.369,-0.137,0.238,0.0,0.226,-0.072,0.57,0.0,0.42,0.055,0.808,0.028,0.241,-0.118,0.36,-0.304,0.382,0.06,0.335,0.231,0.55,-0.272,0.639,-0.132,0.41667,-0.08333,0.564,-0.429,0.24,-0.093
0,1.407,0.0,0.797,1.354,0.0,0.0,0.0,0.0,0.0,0,0.524,-1.188,-0.431,0.45489,-1.13,0.414,0.434,1,0.0,0.0,0.0,0.0,0.746,0.272,-1.445,-0.955,0.936,-0.732,0.977,1.166,0.0,0,0.0,0.0
1,1.324,0.0,0.767,0.06595,0.862,0.162,0.856,0.262,0.89,-0.49962,1.224,0.607,0.797,0.313,1.062,0.193,0.879,0.245,1.145,0.376,0.641,0.526,0.341,0.472,0.354,0.655,0.428,0.224,0.90330,1.261,0.308,0.281,0.205,0.37191
0,1,0.0,0.374,0.598,0.576,0.952,0.711,1.013,0.721,-0.071,0.716,0.109,1.389,-0.534,0.783,0.559,1.393,-0.031,1.233,0.264,1.22,-0.672,0.783,-0.85755,0.318,-0.165,1.199,0.23,0.62958,0.42677,0.624,0.688,0.6,0.405
1,1.083,0.0,1.295,0.10129,1.469,-0.026,0.684,0.036,1.236,-0.105,0.98955,-0.02716,1.467,-0.023,1.053,-0.039,1.302,-0.044,1.241,0.011,0.768,-0.079,0.793,-0.078,0.91567,-0.149,0.952,-0.062,0.867,0.018,1.243,-0.101,1.115,-0.074
0,0.758,0.0,0.0,0,-0.227,1.034,0.0,0.0,0.582,-1.079,0.852,0.453,-0.288,-0.448,-0.427,0.818,1.18,0.199,0.0,0.0,0.0,0.0,-0.147,-1.239,0.0,0.0,1.207,-1.181,0,0.0,0.029,0.61881,0.0,0
1,1.009,0.0,1.168,0.007,1.481,0.011,1.137,-0.006,1.183,-0.017,0.99820,-0.02,0.794,-0.011,0.753,-0.038,1.476,-0.007,0.785,0.0,0.88,-0.027,0.648,-0.032,0.652,-0.049,0.732,-0.051,0.97020,-0.02478,1,-0.026,1.277,-0.044
0,1.326,0.0,0.0,0.0,0.846,-0.215,0.162,-0.05405,0.0,0.0,0.722,0.072,1.152,-0.102,1.333,0.07027,1.037,-0.145,0.0,0.0,1.298,-0.195,0.821,-0.41622,0.0,0.0,0.925,-0.249,0.0,0,0.541,-0.368,0.202,-0.232
1,1.259,0.0,0.857,0.02,0.44,-0.035,0.367,0.05,0.221,0.12195,0.557,0.038,0.298,0.04878,0.39,0.0,0.356,0.0,0.328,0.052,0.301,0.122,0.183,0.051,0.286,0.092,0.272,0.053,0.166,0.038,0.196,0.0,0.17073,0.07317
0,1.098,0.0,0.552,1.486,1,-0.506,0,0.0,0.0,0.0,0.998,1.273,1.151,-0.96,0.918,1.408,0.848,-0.813,0.0,0.0,0.0,0.0,0.528,-0.414,0.0,0.0,0.914,-1,1.266,1.361,1.166,-1.453,0,0.0
1,0.824,0.0,0.196,0.131,0.572,0.249,0.224,0.20408,0.619,0.667,0.283,0.802,0.066,0.419,0.0,0.681,-0.06122,0.575,-0.20408,0.493,-0.212,0.34,-0.171,0.305,-0.375,0.22449,-0.353,0.129,-0.561,0.115,-0.356,0.0,-0.392,-0.217
0,0.77,0.0,0.0,0.0,1,-1.104,0.0,0,0.0,0.0,1.175,0.505,1.451,-0.331,0.983,0.156,0.571,-0.652,0.0,0.0,0.0,0,1.342,0.78,0.0,0.0,0.822,-0.644,0.0,0.0,1.056,-1,0.0,0.0
1,1,0.0,0.638,0.248,1.101,0.265,0.83,0.485,0.332,0.77941,0.129,0.529,-0.022,0.466,-0.20588,1.177,-0.507,0.666,-0.46,0.492,-0.511,0.242,-1.001,0.073,-1.05,-0.151,-0.883,-0.322,-0.55147,-0.294,-0.537,-0.53,-0.18,-0.811
0,0.818,0.0,-0.85,0.188,0.172,0.096,-0.734,-0.93,-0.397,0.71242,-0.62,0.56,-1.005,0.33987,-0.695,-0.033,-0.647,-0.79,-0.509,-0.396,-0.031,-0.683,1.387,-0.623,-0.9,-0.282,0.74385,0.062,-1.054,0.044,0.263,0.029,-0.40201,-0.6
1,0.657,0.0,0.153,-0.087,0.556,0.0,0.44,-0.13333,0.546,0.089,0.56667,0.016,0.463,0.107,0.914,-0.067,0.447,0.258,0.48,-0.016,0.447,0.20000,1.038,0.0,0.359,0.161,0.247,0.05439,0.598,0.032,0.611,0.046,0.549,-0.066
0,0.686,0.0,-0.139,0.539,-0.304,0.179,-0.255,-0.054,0.057,-0.068,0.055,0.035,-0.007,0.035,-0.011,-0.002,-0.00093,-0.009,0.00470,-0.00153,0.002,0.003,-0.001,0.00102,-0.001,-0.001,0.0,-0.0,0.0,0.0,0.0,0.0,-0.0,0.0
1,0.923,0.0,0.948,-0.37838,0.924,0.357,0.64865,-0.362,0.945,0.202,0.616,-0.237,0.581,0.0,0.494,-0.029,0.462,-0.154,0.492,-0.17,0.347,0.072,0.897,0.144,0.381,-0.219,0.468,-0.273,0.402,-0.315,0.72973,-0.533,0.431,-0.24324
0,1.01,0.0,0.71,-0.044,-0.979,-0.259,-0.558,-0.019,0.97266,0.009,1.294,-0.029,-0.907,0.221,-1.353,-0.003,1.402,-0.028,0.83,-0.028,-0.99219,0.097,-0.93359,0.28,0.678,-0.004,1.135,0.079,0.89,-0.05,-1.189,-0.219,-1,-0.244
1,1.385,0.0,1.218,0.032,0.744,-0.012,1.001,0.01214,0.751,-0.014,1.248,0.007,1.265,-0.017,0.985,-0.005,1.3,-0.025,0.99769,0.027,0.629,-0.031,0.58,-0.032,0.629,-0.04451,0.482,-0.018,0.709,0.01908,0.66,-0.05,1.064,0.009
0,0.692,0.0,1,-0.05529,0.729,-1.398,0.588,-0.097,0.447,-0.297,1.159,-0.274,0.198,-0.087,1.484,-0.383,1.441,-0.338,1.095,-0.256,0.0,-0.227,0.524,-0.50333,0.684,-0.4,0.739,-0.554,1.381,-0.23,1.256,-0.466,0.753,-0.65935
1,1,0.0,0.229,-0.148,0.338,-0.094,0.20690,-0.072,0.1,-0.064,0.03,-0.022,0.019,-0.02,0.009,-0.018,0.004,-0.007,0.0,-0.007,-0.0,-0.002,-0.0,-0.001,-0.0,-0.001,-0.0,-0.0,-0.0,-0.0,-0.00012,-0.00012,-0.0,-0.0
0,1.197,0.0,0.821,-0.077,0.798,0.0,0.60784,-0.097,0.62745,-0.077,0.816,-0.095,0.365,-0.089,0.514,-0.065,0.641,-0.084,0.768,-0.21569,0.598,-0.291,0.937,-0.233,0.643,-0.321,0.391,-0.213,0.714,-0.382,0.268,-0.226,0.449,-0.27451
1,0.932,0.0,0.187,0.123,0.601,0.151,0.195,0.31,0.109,0.196,0.009,0.195,-0.026,0.10188,-0.028,0.06317,-0.048,0.035,-0.044,0.009,-0.033,0.002,-0.01726,-0.003,-0.013,-0.004,-0.005,-0.008,-0.003,-0.007,-0.001,-0.006,0.0,-0.00291
0,1.082,0.0,-0.477,0.167,0.043,0.0,0.0,0.053,0.62500,0.042,0.096,0.0,-0.034,0.064,0.037,0,0.152,-0.18,0.43750,-0.266,0.0,-0.09375,0.0,0.0,0.044,-0.461,0.031,0.0,-0.88,0.045,-0.025,0.0,0.0,0.068
1,1.328,0.0,1.019,-0.016,1.049,-0.018,1.412,-0.058,0.981,-0.01622,0.839,-0.048,0.98919,0.065,0.783,-0.047,0.645,0.066,0.554,-0.00541,1.24,0.067,1,0.055,1.433,0.116,0.631,0.006,1.279,-0.046,0.623,0.04,0.735,-0.094
0,0.819,0.0,0.432,0.061,1.448,0.08069,1.311,0.64,1.357,-0.00775,0.458,0.023,1.375,0.253,1.244,1,0.636,0.064,0.477,0.082,1.448,0.309,0.958,-1,0.723,0.023,1.034,0.828,1.175,0.095,1.297,1.174,1.125,1.245
1,1.191,0.0,0.90374,-0.017,1.175,0.114,1.112,0.015,0.631,0.005,0.848,-0.022,0.547,0,1.116,0.053,1,0.04,0.686,0.032,1.127,0.024,1.157,-0.01,0.885,0.069,1.1,0.026,1.095,0.007,0.883,0.083,0.864,0.06417
0,1.494,0.0,-0.227,0.348,0.23000,0.139,0.423,0.465,0.479,0.385,0.489,-0.325,0.05,0.404,-0.113,0.17,-0.061,0.288,-0.457,0.425,-0.666,-0.098,0.443,0.33176,-0.839,-0.211,0.199,-0.197,-0.47000,0.199,-0.27104,-0.249,0.354,0.043
1,0.811,0.0,0.333,0.042,0.557,0.097,1.018,0.07,0.70000,0,0.444,0.0,1.169,0.0,0.672,0.0,0.70000,0.059,0.66667,0.119,0.83,-0.034,1.13,0.0,0.472,0.179,0.434,0.142,0.491,0.122,0.688,0.124,0.463,0.116
0,1,0.0,0.08,-0.006,0.047,0.005,0.0,-0.013,0.003,-0.052,0.024,-0.07542,-0.007,0.045,0.078,-0.025,0.0,0.137,-0.091,0.11,-0.042,0.025,0.028,-0.008,0.011,0.00559,0.141,-0.007,0.037,-0.003,0.043,0.0,0.058,-0.03352
1,1,0.0,0.575,0.302,0.72554,0.474,0.292,0.779,0.015,1.041,-0.239,1.257,-0.412,0.529,-0.58,0.41743,-0.956,0.041,-0.877,-0.283,-0.761,-0.548,-0.284,-0.751,-0.059,-0.608,0.122,-0.776,0.522,-0.41901,0.539,-0.181,0.469,-0.04
0,1.003,0.0,0.041,0.016,-0.016,0.033,0.016,0.044,-0.079,0.009,0.024,-0.04,-0.03736,0.041,-0.097,-0.027,-0.114,0.044,-0.03,0.044,0.022,0.024,-0.023,-0.01149,0.036,-0.00862,0.007,0.014,0.021,0.006,0.026,0.016,-0.027,-0.00575
1,0.935,0.0,0.442,-0.01084,0.635,0.011,0.671,0.002,0.54,0.016,1.013,-0.007,1.092,0.047,0.758,0.023,0.461,-0.011,0.601,-0.029,0.75961,0.041,0.74778,0.043,0.369,-0.019,0.712,0.006,1.106,-0.044,0.82956,0.041,0.603,0.011
0,0.91,0.0,0.046,0.02,0.005,0.0,0.03,-0.013,0.021,-0.07,-0.037,-0.013,0.019,-0.02282,0.0,-0.031,-0.04708,-0.025,-0.023,0.023,0.028,0.003,0.07,-0.012,0.032,0.02,0.027,0.01569,0.028,0.01,-0.036,-0.016,-0.008,0.01997
1,0.971,0.0,0.428,0.331,0.438,0.376,0.25661,0.629,0.023,0.346,-0.027,0.55,-0.34127,0.262,-0.389,0.221,-0.581,0.043,-0.5,-0.144,-0.145,-0.088,-0.155,-0.388,-0.281,0.003,0.037,-0.303,0.185,-0.185,0.201,-0.195,0.293,0.04233
0,1.39,0,0.08696,0.007,0.131,-0.042,0.12,-0.046,0.169,-0.035,0.349,-0.01144,0.179,0.116,0.161,-0.102,0.36,-0.04805,0.205,0.053,0.068,0.0,0.143,-0.002,0.1,-0.089,0.062,0.012,0.066,-0.055,0.076,-0.105,0.106,-0.048
1,1.37,0.0,0.94333,0.572,0.48263,0.723,0.234,1.001,-0.817,0.504,-0.756,0.425,-0.765,0.0,-0.579,-0.288,-0.452,-0.396,-0.097,-0.907,0.283,-0.888,0.909,-0.251,0.986,-0.058,0.631,0.178,0.324,0.677,0.033,0.54479,-0.228,0.50457
0,0.533,0.0,0.028,0.01,0.04090,-0.009,0.014,0.013,0.008,0.061,0.002,0.001,0.019,-0.037,-0.01975,0.057,-0.048,0.029,-0.012,-0.00423,0.032,-0.03,0.013,0.0,0.0,-0.018,0.024,-0.009,0.004,-0.013,-0.013,-0.02398,0.006,0.0
1,1.37,0,1.201,0.001,0.567,-0.075,0.431,-0.04182,0.938,0.11,1.075,0.079,0.88051,-0.044,0.459,0.027,0.987,-0.058,1.019,-0.144,0.938,0.009,1.203,0.013,1.157,-0.019,0.817,-0.055,0.931,-0.06423,1.067,-0.026,0.532,-0.1
0,1.334,0.0,0.737,-0.739,0.501,0.625,-1.493,1.288,1.251,-0.728,1.187,-1,-0.618,-0.828,-1,1.074,1.307,0.648,1.189,0.794,-0.562,1,1.279,-1.11,1.034,-1.322,0.777,0.645,1,0.932,-1.434,1.343,-0.821,1.071
1,1,0,1.003,0.286,0.489,1.135,0.077,1.083,-0.596,1.156,-0.527,0.262,-1.074,0.094,-0.833,-0.331,-0.547,-0.763,-0.175,-0.86063,0.157,-1.159,0.487,-0.494,1.093,-0.336,0.563,0.127,0.439,0.58310,0.134,0.733,-0.139,0.805
0,1,0.0,1.483,1.101,1,0.51250,0.795,-0.913,0.547,1.394,0.032,0.042,1.17,0.605,0.0,0.0,1.433,-1.046,0.656,1.1,1.037,0.526,0.365,0.811,1.373,0.738,0.717,1,0.724,0.545,-0.863,0.897,0.0,0.0
1,1,0.0,1.409,0.407,0.623,0.865,0.016,1.107,-0.699,0.859,-1.037,0.325,-1.197,0.073,-0.717,-0.411,-0.905,-0.384,-0.296,-0.86275,0.231,-1.016,1.048,-0.862,1.121,-0.282,0.886,0.111,0.471,0.452,0.157,1.303,-0.11765,0.90196
0,1,0.0,0.0,0.0,-1.433,-0.866,-0.956,0.849,0.0,0.0,-1.294,1,0.601,0.844,0.686,-0.727,0.0,0.0,0.0,0.0,-0.983,-1.051,-0.568,1,1.288,0.471,1.309,-0.747,0,0.0,-0.749,-1.324,-1.278,0.764
1,1,0.0,0.562,0.481,0.381,0.882,-0.22222,1.312,-0.46,1.184,-0.682,0.171,-1.037,-0.128,-0.722,-0.33,-0.938,-0.833,0.329,-0.641,-0.185,-1.099,0.517,-0.272,0.326,0.0,0.544,0.482,0.585,0.61,0.198,1,-0.539,1
0,0.0,0.0,0.0,0.0,0,0.0,0.0,0,0.0,0,0.0,0.0,0.0,0.0,0.0,0.0,0.0,0.0,0.0,0.0,0.0,0.0,0.0,0.0,0.0,0.0,1.031,0.0,0.0,0.0,0.0,0,0.0,0.0
1,1,0.0,0.933,0.0,1.333,0.0,0.578,0.50000,0.48,0.0,0.64,0.164,1.217,0.14210,1.195,0.235,0.775,0.15,1.008,0.468,0.477,0.0,1,-0.346,0.46,0.274,0.792,0.15,0.614,0.324,0.667,0.362,0.528,0.181
0,0.0,0.0,-1.387,0.617,1.419,0.913,0,0.0,0.75,-0.547,1.191,-1,1.464,-0.639,-1.175,-0.83,0.0,0.0,-1,-0.906,0.0,0.0,0.0,0.0,-0.84,-1.134,1.446,-1,0.81,1.118,-1.116,-1.249,0.0,0.0
1,1,0.0,1.193,0.0,1.317,0.0,0.991,0.11111,1.418,-0.166,0.977,-0.062,1,-0.209,0.86,0.0,0.62,0.0,1.074,-0.095,0.68,-0.134,0.817,-0.149,0.891,0.0,1.105,-0.074,1.469,0.15,0.483,-0.15,0.693,0
0,0,0,0.0,0.0,0.0,0.0,0,0.0,0.0,0.0,0.0,0.0,-1.46,-0.811,0.0,0,0.728,0.686,0.0,0.0,0.0,0.0,-1.188,0.698,0.0,0.0,1.045,-1.084,-1.401,-1.367,0.741,0.746,0.0,0.0
1,1,0.0,0.953,0.62,0.853,-0.401,1.416,0.111,1,-0.105,0.618,0.0,1,-0.363,0.703,-0.258,1.047,0.066,0.571,0,0.704,-0.322,1.351,0.124,0.945,-0.129,1.374,-0.059,0.598,0.34,1.224,-0.406,1.456,-0.182
0,1,0.0,0.727,-0.916,0.0,0.0,0.0,0.0,0.321,0.177,0.37,0.378,-0.089,0.315,0.49,0.456,-0.763,0.264,0.162,-0.167,0.018,-0.775,-0.54,0.135,0.363,-0.375,0.245,-0.57576,0.455,0.171,0.18182,-0.014,0.113,-0.41667
1,1,0.0,0.589,0.137,1,0.177,0.756,0.573,0.839,0.088,0.793,0.23529,1.029,0.132,1.088,0.663,0.883,-0.05,0.891,-0.084,0.562,0.206,0.575,0.418,1.403,-0.118,1.126,0.194,0.546,0.073,1,0.217,0.61,0.283
0,1.372,0.0,0.0,0.0,-0.629,-0.477,1.017,0.429,0.11,-0.219,-0.984,-0.36170,0.184,-0.459,1.448,-1.409,0.0,0.0,0.824,-0.041,-0.323,0.683,0.233,-0.70745,0.0,0.0,-0.105,-0.286,-0.22340,-0.48936,0.975,0.721,-0.586,0.56
1,1.32,0.0,0.77,0.316,0.437,-0.16667,0.838,0.273,0.86,-0.05,1.364,0.04,0.775,0.12500,0.534,0.0,1.236,0.027,1.406,0.076,0.421,-0.113,0.525,0.125,1.117,-0.144,0.665,0.038,1.26,0.276,0.70833,0.0,0.565,0.04167
0,0.565,0.0,0.181,-0.123,0.0,0.0,0,0.0,0,0.0,0.0,0.0,0.119,-0.213,0.0,0.0,0.0,0.0,0.0,0.0,0.0,0,-0.049,-0.098,0.074,0.092,0.195,-0.099,0.182,0.09615,0.017,-0.049,0.174,0.242
1,1.292,0.0,0.941,-0.103,1.483,-0.151,0.753,-0.432,0.927,-0.26,1.064,-0.372,0.596,-0.339,0.794,-0.363,0.73084,-0.536,0.734,-0.371,1.107,-1.125,0.58829,-0.743,0.762,-0.564,0.586,-0.85669,0.527,-0.763,0.218,-0.501,0.374,-0.89621
0,1,0.0,0.729,1.12,-1.309,0.566,-1.057,-1.204,0.408,0.288,0.293,0.071,0.22807,0.064,0.331,0.441,0.552,-0.023,0.211,0.413,0.0,0.0,-0.349,-0.171,1.459,-0.444,1.392,-0.515,1.05,-0.31,0.49,0.144,0.82895,0.07895
1,1,0.0,1.158,0.205,1.11,0.004,0.80244,-0.409,0.845,-0.328,0.99,-0.158,0.861,-0.30539,0.381,-0.26,0.47194,-0.418,0.306,-0.534,0.445,-0.279,0.602,-0.246,0.338,-0.345,0.315,-0.393,0.077,-0.464,0.204,-0.542,0.236,-0.333
0,0.0,0.0,-1.246,1.22,0.673,-1.389,0.0,0.0,0,0.0,1,-1.214,1.443,0.964,0.0,0.0,1.336,-1.09,0.0,0,0.0,0.0,0.72,1.251,-0.932,0.86,1.434,-0.585,-1.498,0.664,-1.37,-1,0.0,0.0
1,1.307,0,0.99,-0.154,0.483,-0.188,1.121,-0.337,0.459,-0.346,0.79271,-0.321,0.929,-0.49639,0.913,-0.434,0.275,-0.95,0.402,-0.999,0.566,-0.643,0.275,-0.71,0.115,-0.463,0.121,-0.385,-0.059,-0.733,-0.012,-0.559,-0.055,-0.47898
0,1,0.0,-1.159,-1.469,-0.267,1.037,1,-1.239,1.355,0.676,0.0,0.0,0.18,-1,0.729,0.87,0,0.0,1.381,1.44,1.404,0.692,0.0,0.0,-0.79,0.596,0.424,-0.552,1.239,-1.177,0.978,-1.095,0.432,0.913
1,1,0,1.173,0.515,0.585,0.976,0.073,1.283,-0.286,1.264,-0.72363,0.673,-0.512,0.178,-0.827,-0.359,-0.822,-0.973,-0.165,-0.768,0.165,-0.621,0.427,-0.736,0.648,-0.158,0.816,0.052,0.464,0.259,0.255,0.77,-0.005,0.69409
0,0.746,0.0,0.667,1.026,0.0,0.0,1,-1.107,-0.795,-1.426,0.808,1,1.197,-1.259,0.0,0,0.56,-1.399,0.741,1.189,0,0.0,0.932,-1.294,-0.552,-0.506,0.649,0.979,-1.256,0.601,-1.409,0.992,0.0,0.0
1,1,0.0,1.381,0.63548,1.309,0.981,0.811,0.844,-0.283,1.433,-1.288,1,0.0,0.727,-0.568,1.224,-1.359,0.0,-1.153,-0.832,-1.013,-1.098,-0.764,-0.241,-0.33333,-0.866,0.137,-0.747,1.077,-1.287,0.0,-1.278,1.324,-0.652
0,0.0,0.0,-1,0.591,-1.439,-1,0.0,0.0,-0.971,1.279,0.89,-1,-0.593,-0.834,-0.664,0.663,0.0,0.0,-1,-1.071,-0.797,1.037,0.0,0.0,1.406,-0.519,1.082,1.264,0.682,-1.484,0.97,0.641,0.0,0.0
1,0.602,0,1.391,0.05,1.019,0.14211,1.311,0.138,1.125,-0.106,1.035,0.39495,1.049,0.48981,1.464,0.462,-0.465,0.597,0.735,0.0,1.328,0.753,0.678,1.484,1.412,0.64,0.566,0.782,1.121,0.372,0.723,1.493,1.448,0.958
0,0.0,0.0,-1.244,-1,0.0,0.0,0.0,0.0,0.0,0.0,0.0,0.0,0.0,0.0,1,-1.156,0,0.0,-1.344,-0.506,0.0,0.0,0.547,1.116,1.297,-0.916,0.896,-1.07,0.0,0,0.0,0.0,0.0,0.0
1,1,0.0,0.526,-0.07,0.661,-0.13,-0.084,-0.297,0.436,0.053,0.336,-0.309,0.433,-0.374,0.03,-0.173,0.274,-0.327,0.19,-0.29052,0.128,-0.218,0.06556,-0.398,0.018,-0.299,-0.001,-0.23210,-0.034,-0.3,-0.029,-0.157,0.016,-0.204
0,1,0.0,0.0,0.0,0.0,0.0,0.0,0.0,0.0,0.0,0.915,-0.33333,0.204,0.348,0.0,0.0,0.0,0.0,0.0,0,-0.265,-0.192,-0.242,1.285,-0.797,0.35,0.046,0.849,-0.28,-0.587,-0.069,-0.147,-0.144,-0.93750
1,1,0.0,0.819,0.069,1.041,0.106,0.717,0.12,1.407,-0.196,0.757,0.701,0.80426,0.176,1.034,0.27380,0.794,0.393,0.42,0.297,0.764,0.338,0.494,0.416,0.532,0.155,0.42,0.293,0.332,0.334,0.164,0.196,0.18086,0.169
0,1.45,0.0,1.003,-0.082,-0.886,-1,-0.953,-1,1.488,0.387,0.608,1.078,-1.438,-1.452,-1.456,1,0.283,0.703,1.364,0.571,0.843,-1.421,-1.047,-0.945,0.55,0.488,0.853,1.193,1.374,0.50794,-0.802,-0.235,-1.439,0.45
1,0.601,0.0,1.096,-0.002,0.756,0.362,1.237,-0.454,0.978,0.102,0.96197,0.106,0.916,0.045,0.562,0.039,1.141,-0.285,0.87379,-0.147,1.168,0.26133,0.624,-0.052,0.811,-0.02,0.819,-0.026,0.695,0.089,0.739,-0.107,0.85841,-0.137
0,1.448,0,0.61,-1.088,1,0.756,1.029,1.403,0.961,-0.398,1.293,0.585,0.613,1,0.589,0.891,0.0,0.0,0.912,0.793,1.204,0.562,1,-1.003,0.753,1.392,0.715,0.62,0.845,-0.876,-0.431,1.493,0.883,1.242
1,1,0.0,1.292,0.215,1.017,-1.129,0.984,-0.081,1,0.211,0.611,0.212,0.54,-0.094,1.156,0.098,0.602,-0.18954,0.725,-0.131,0.97400,0.05,1.221,0.07,0.631,-0.006,1.042,-0.063,1.252,0.036,1.409,-0.193,1.264,-0.077
0,1.36,0.0,0.403,-0.983,-1.193,-0.955,-0.084,1.413,1.154,0.865,0.522,-0.36,-1,-0.807,-0.077,1,0.48684,0.55,0.4,-0.219,-0.087,-0.267,-0.156,0.06,0.021,0.05,0.046,-0.006,-0.003,-0.016,-0.006,0.001,0.0,0.00325
1,1.494,0.0,0.501,0.339,0.836,-0.173,1,-0.095,0.772,-0.05,0.785,0.121,1.235,0.012,1.148,0.015,0.564,-0.165,0.95663,0.079,1.206,0.002,0.947,0.448,1,-0.137,0.736,-0.004,0.501,0.117,1.255,-0.171,1,-0.074
0,0,0.0,0.0,0.0,0.0,0,0.0,0.0,0.0,0.0,0.0,0.0,1.057,0.864,1.28,1,1.292,-1.483,0.0,0.0,1.179,1.077,1.343,-0.906,1.12,0.822,0.941,0.0,0.924,0.717,0.695,-1,0.0,0.0
1,1.396,0.0,1.078,-0.216,1.37,-0.208,0.971,-0.397,1.119,-0.427,0.789,-0.493,0.958,-0.313,0.955,-0.392,0.913,-0.679,0.307,-0.448,0.436,-0.70975,0.41,-0.882,0.719,-0.534,0.35504,-0.967,0.149,-0.78239,0.157,-0.521,0.195,-0.70000
0,1.158,0.0,0.0,0.0,0.0,0.0,0.0,0.0,-0.819,-0.654,0.0,0.0,0.662,-0.971,0.0,0.0,-1,-1.359,-1.112,-0.673,1.186,-1.303,-0.7,-0.729,1,0.991,-1.287,-0.151,0.813,-1.056,0,1.401,0,0.0
1,1.246,0.0,1,0.072,1.326,-0.136,1.115,0.0,0.932,0.0,1.386,0.0,0.648,0.062,1.072,-0.054,1,0.0,0.618,0.0,0.86364,0.114,1.157,0.078,0.568,0.046,0.98,0.039,1.247,0.121,0.597,-0.097,0.942,0.04545
0,0.0,0.0,0.0,0,-0.869,0.739,0.87,1.398,-1.302,-0.828,0.0,0.0,-1.074,-1.279,-1.343,-0.433,-1,-1.159,1.11,-0.737,0.729,-0.524,0.0,0.0,0.777,-0.728,-1,-0.645,0.0,0.0,1.065,-1.484,0,0.0
1,1.272,0.0,1.13,-0.066,1.34,0.171,1.116,0.049,0.756,-0.02,1.426,-0.219,0.734,0.14706,1.03,0.041,1.256,0.0,1.44,0.0,0.76471,0.165,0.731,0.035,0.984,0.022,0.961,0.02,0.94118,-0.071,0.97059,0.065,0.623,0.031
0,0.656,0.0,-0.979,1.394,-0.865,0.11,0.203,1.168,-1.433,1.016,-1.399,-1.256,1.185,0.915,-1.373,-0.23476,0.344,-1,0.545,1.483,-0.395,-0.651,-1,-0.547,0.954,-1.197,-1.17,-0.037,1.233,-1.308,-1.406,-0.414,0.134,1
1,1,0.0,0.47368,-0.117,0.627,0.01,0.672,0.013,0.679,-0.039,0.426,0.0,0.949,0.03,1.103,0.05756,0.715,0.418,0.649,0.076,0.934,0.058,0.469,0.065,0.42105,0.156,0.625,0.088,0.681,-0.12,0.332,0.098,0.819,0.064
0,1.433,0.0,-0.008,-0.577,0.0,0.0,-0.02,0.71,0.0,0.0,0.0,0.0,0.0,0.0,0,0.0,0.0,0.0,0.216,1.284,-0.44,0.382,-0.351,-0.794,0,0.0,-0.659,-0.501,0.0,0.0,0,0.0,0,0.0
1,0.664,0.0,1.279,0.362,0.834,0.724,0.844,0.944,1,-0.062,1.274,0.0,0.484,-0.236,0.895,0.295,1.412,-0.566,0.753,-0.385,0.567,-0.441,1,0.07750,0.783,-0.066,1.439,0.08867,1.259,0.484,0.641,0.46,0.919,0.265
0,0.0,0,-1.125,-1.448,1.391,-0.735,-0.602,1.311,0.0,0.0,1.448,-1,0.61,-1.493,0.0,0.0,0.0,0,0.0,0.0,-1.019,0.569,0.597,-0.701,-0.566,0.782,0.726,1.24,0.0,0.0,0.819,0.479,0.0,0
1,1,0.0,0.382,0.126,0.576,0.097,0.255,0.236,0.334,0.0,0.489,-0.058,0.249,-0.09091,0.605,-0.014,0.348,-0.137,0.23,0.0,0.231,-0.121,0.205,0.167,0.497,-0.123,0.43,-0.016,0.251,0.0,0.406,0,0.399,-0.01832
0,1.175,0,-0.874,-0.495,0.0,0.0,-1.164,0.64516,-0.603,1.223,0.0,0.0,0.0,0.0,0.0,0.0,0.0,0.0,0.0,0.0,-1.498,-1.387,0.0,0.0,0.444,0.273,1.283,0.574,0.0,0.0,0,0.0,0.0,0
1,1.047,0,0.658,0.203,1,1.043,1.099,0.408,1.337,-0.175,0.785,-0.104,1.341,0.02534,0.879,0.0,0.252,-0.131,1.131,0.054,0.701,-0.268,1.074,0,0.155,-0.199,0.858,0.04,0.555,0.041,1.21,0.426,1.317,0.0
0,0.0,0.0,1,1.367,1.017,-0.741,1.188,0.698,1.456,1.364,1,0.883,1.275,-1.401,1.146,1.149,0.704,-1.351,0.598,-1,1.455,1.416,0.819,1.045,0.953,-1.473,1.281,1.46,0.731,1.013,0.703,1,1.159,1.214
1,0.721,0.0,1.187,0.358,0.358,1.099,0.147,1.285,-0.551,1.027,-1.051,0.497,-0.92099,0.241,-1.227,-0.239,-0.444,-0.667,-0.294,-0.512,0.224,-1.133,0.445,-0.461,0.69274,-0.26,0.926,0.144,0.52798,0.227,0.377,0.501,-0.06739,0.544
0,0.0,0.0,0.715,-1,0.931,0.95,0.607,-0.919,1.376,0.753,0.614,-0.613,1.126,-1.053,1,-0.601,0.61,0.764,0.938,0.943,1.05,1.016,1.015,-0.705,1.131,0.839,0.961,0.546,1.419,0.845,1.124,1,1.17,-1
1,0.756,0.0,0.92657,0.051,1.075,0.207,0.786,0.199,0.967,0.323,1.203,0.56,0.947,0.571,0.685,0.678,0.60101,0.51752,0.69,0.465,0.278,0.455,0.239,0.806,0.331,0.601,0.315,0.432,0.113,0.315,0.14312,0.358,0.15,0.272
0,0.0,0.0,1.406,1.017,1.374,-0.631,0.93,-1.413,1.324,1.438,0,0.0,1.092,-1.34,0.0,0.0,0.0,0.0,0,0.0,-0.763,0.934,0.759,0.798,0.0,0,0.867,0.984,0.0,0.0,-0.629,-1.369,0.0,0
1,0.84,0.0,0.743,0.124,0.752,0.153,0.748,0.447,0.639,0.355,0.545,0.59942,0.772,0.737,0.64,0.502,0.469,0.808,0.232,0.821,0.072,0.85615,0.007,1.293,-0.046,1.036,-0.20995,0.757,-0.282,0.783,-0.392,0.85,-0.332,0.55835
0,0,0.0,1.238,-0.885,-0.943,1.206,-1.035,0.787,1.26,1.1,1,1,-1.485,-0.678,-1.28,-0.586,1.035,0.585,1.118,-1.255,-0.822,-1.019,-1.288,-1,1.168,0.0,0.753,-1.028,1.238,-0.662,-0.565,0.736,-0.564,1.494
1,1.086,0.0,1.017,0.123,1.05,0.242,0.64615,0.216,0.36923,0.478,0.319,0.333,0.3,0.529,0.255,0.551,0.204,0.481,-0.125,0.619,-0.023,0.572,-0.099,0.261,-0.218,0.362,-0.19940,0.318,-0.252,0.348,-0.185,0.206,-0.331,0.31154
0,0.0,0.0,1.119,-1,1,0.813,1,-0.82,1.396,1,1.392,-1.309,1.132,0.758,1.396,-1.078,0.729,-0.654,0.822,0.71,1.171,0.566,1.006,-1.055,0.753,-0.721,0.515,-0.637,0.851,1.158,1.026,-0.777,1.46,1.37
1,1.328,0.0,1.254,0.078,0.672,0.3,1.244,0.32248,0.521,0.22,0.804,0.329,0.52,0.61,0.465,0.714,0.58548,0.929,0.649,0.698,0.467,0.758,0.418,0.572,0.365,0.735,0.219,0.857,0.07497,0.781,-0.02962,0.514,-0.055,0.875
0,0.0,0.0,0.0,0.0,1.064,0.648,0.0,0,0.794,1.493,0.0,0.0,1.22,-1.09,0.0,0.0,0.0,0.0,0.0,0.0,0.0,0,0,0.0,0.0,0.0,1.034,-1.187,0.0,0,-1.452,0.501,0.0,0.0
1,1.239,0.0,0.596,0.113,1.283,0.156,0.535,0.32,0.839,0.628,0.57449,0.62719,0.43270,0.613,0.34,0.851,0.19128,0.597,0.063,0.992,-0.174,0.669,-0.214,0.488,-0.422,0.919,-0.536,0.623,-0.603,0.557,-0.4,0.337,-0.416,0.209
0,0,0.0,0.0,0.0,0.811,0.738,0.692,1.404,0.0,0.0,0.0,0.0,-0.785,-0.656,0.0,0,-1,-0.908,0.0,0.0,0.0,0.0,1.402,0.828,0,0.0,0.552,0.651,0.0,0.0,-0.605,0.526,0.0,0.0
1,1.426,0.0,1.242,0.445,0.65926,0.69431,0.418,0.574,-0.034,1.111,-0.264,1.013,-0.362,0.661,-1.085,0.273,-0.683,-0.08,-0.789,-0.376,-0.338,-0.304,-0.157,-0.673,0.114,-0.438,0.451,-0.48392,0.476,-0.355,0.256,-0.133,0.54,0.12556
0,0.0,0.0,1.444,-0.932,1.294,1,1.382,0.749,0.622,1,1.026,0.741,1.359,-0.992,0.649,0.795,1,0.568,1,-0.601,1.409,-0.747,0.746,-1.309,1.051,-0.552,1.033,1.107,0.849,-1.287,1.324,0.883,0.981,0.764
1,1,0.0,0.792,-0.372,0.924,0.111,0.766,0.108,0.729,0.053,1.248,0.252,0.71947,0.283,0.58,0.455,0.531,0.103,0.464,-0.02,0.584,0.339,0.65,0.44872,0.94530,0.825,0.227,0.616,0.161,0.664,0.345,0.532,0.317,0.362
0,0.0,0.0,0.0,0.0,0.0,0.0,0.0,0.0,0.0,0.0,0.0,0.0,0.0,0.0,0,0.0,0.0,0.0,0,0,0.0,0.0,0.0,0.0,0.0,0.0,0.641,0.89,0.0,0,0.0,0.0,0.0,0.0
1,0.958,0.0,0.57,0.013,0.594,-0.002,0.694,0.002,1.421,0.02,1.166,0.03530,0.705,0.027,0.98625,0.026,1.311,0.094,1.427,-0.00706,1.025,0.068,0.616,0.08,0.93274,0.076,1.281,0.045,1.34,0.009,1.013,0.082,0.782,-0.001
0,0,0.0,0.75,0.506,-1.419,-1.354,-0.906,-1.244,0.0,0.0,0.0,0.0,-0.547,-1,0.0,0.0,0.0,0.0,0.0,0.0,-0.548,1.333,0.913,0.883,0.0,0.0,1.07,-0.896,0.0,0,-1.116,-0.92,-1.134,-1
1,1,0.0,0.50466,-0.188,0.579,0.022,0.912,0.033,0.812,0.011,0.509,0.075,1.034,0.04393,0.398,0.075,0.896,0.085,0.776,-0.037,0.897,0.076,0.912,0.102,0.902,0.17,0.37,0.099,0.336,0.092,0.391,0.061,0.478,0.09346
0,1,0.0,0.452,0.879,0.746,-0.904,0.595,0.025,0.921,0.15,0.471,0.539,0.642,0.244,0.75920,0.144,0.93478,-0.284,0.70736,0.229,0.92,0.359,0.652,0.574,0.746,-0.686,0.981,0.156,0.936,0.299,1.461,-0.045,0.517,0.14
1,1.045,0.0,0.674,-0.089,0.598,-0.29630,1.438,-1.263,0.811,0.084,0.404,-0.583,1.456,-0.128,1.159,-1.113,0.666,0.01852,1.053,-0.05926,0.985,-0.242,0.747,0.155,0.57,-0.164,0.879,-0.171,0.826,0.014,1.239,-0.394,1.367,-0.57037
0,0.919,0.0,0.294,0.21,0.314,0.069,0.374,0.343,0.273,0.127,0.205,0.219,0.329,0.525,0.129,0.281,-0.033,0.504,0.029,0.18,0.333,0.145,0.07782,0.435,-0.03,0.228,-0.06024,0.381,-0.14786,0.14,-0.062,0.371,-0.223,0.28794
1,1,0.0,0.553,-0.032,0.538,-0.045,0.61508,-0.006,0.607,0.028,0.61706,0.112,0.608,-0.025,0.66,0.013,0.673,0.032,0.339,0.016,0.538,-0.026,0.356,0.038,0.688,0.034,0.376,-0.008,0.375,-0.13492,0.649,-0.01,0.877,-0.019
0,1,0.0,0.064,-0.184,-0.033,0.076,0.074,-0.03,-0.011,0.219,0.06404,0.0,0.169,-0.057,0.068,0,0.018,-0.044,-0.078,-0.174,0.063,0.021,0.097,0.026,0.063,0.223,0.363,-0.029,-0.082,-0.048,0.04433,0.067,0.059,-0.074
1,1.409,0.0,0.803,0.117,1.016,-0.095,0.61,0.018,0.564,0.003,0.847,0.126,0.71588,-0.001,0.601,0.036,0.782,-0.234,0.92,-0.125,0.615,-0.01,0.907,0.155,0.374,-0.093,0.69845,-0.011,0.644,0.068,0.496,-0.05145,0.607,-0.04698
0,0.943,0.0,0.313,0.377,0.0,0.0,-0.301,-1,0.0,0.0,0.048,-0.058,0,0.0,0.0,0.0,0,0.0,0.0,0.0,0.009,0.476,-0.237,0.322,-0.084,0.316,0.058,-1,0.0,0.0,0.054,-0.678,0.0,0.0
1,1.26,0.0,0.668,-0.005,1.157,-0.037,1.1,-0.019,0.917,-0.094,1.181,-0.10932,0.836,0.015,0.532,-0.205,1.094,-0.034,0.90782,-0.034,1.001,-0.133,0.652,-0.12433,0.992,-0.19507,0.951,-0.107,1.044,-0.097,0.517,-0.192,0.754,-0.188
0,1,0.0,0.448,-0.63,0,0.0,0.0,0.0,0.52,0.685,0.82,0.027,0.0,0.0,0.0,0.0,0.194,-0.606,0.511,-0.22,0.0,0,0.0,0.0,1.442,-0.40833,-0.927,-1.271,-0.414,-0.538,0.0,0.0,0.0,0.0
1,1.186,0.0,0.88853,0.01631,1.065,0.011,1.078,0.015,1.245,-0.142,0.464,-0.079,0.661,-0.01,0.766,-0.068,1.201,-0.033,0.9,-0.047,0.933,-0.12126,0.641,-0.081,0.543,-0.184,0.49,-0.097,0.456,-0.134,0.609,-0.094,0.982,-0.12235
0,1,0.0,0.0,0.0,0.556,0.137,0.588,-0.014,0.0,0.0,1.287,-0.577,0.756,0.114,1.328,-0.05333,1.092,-0.81556,0.0,0.0,1.401,-0.055,1.056,-0.126,0.0,0.0,1,-0.964,0.0,0.0,1.246,0.139,1.008,-0.07
1,1,0.0,0.502,0.049,1.089,-0.002,0.627,0.01,0.995,-0.059,1.128,0.0,0.592,-0.058,1.255,0.002,0.644,-0.03,0.525,-0.127,0.56,-0.094,0.84286,-0.047,0.77000,-0.092,1.218,-0.09,0.98,-0.127,0.81429,-0.031,1.178,-0.076
0,1,0.0,0.0,0.0,0.0,0.0,0.0,0.0,0.0,0.0,0.0,0.0,-1.189,0.753,1.398,0.794,0.0,0.0,0.0,0,0.0,0.0,0.0,0.0,0,0,0.524,0.737,0.0,0.0,0.0,0.0,0.0,0.0
1,0.545,0.0,0.715,0.025,0.238,-0.135,0.686,-0.049,0.737,0.071,0.371,0.07,0.364,-0.11948,0.569,-0.051,0.724,-0.076,0.506,-0.009,0.504,-0.043,0.355,-0.008,0.311,0.0,0.441,-0.03280,0.35,0.022,0.676,-0.05455,0.68,-0.08571
0,0,0.0,0.0,0.0,0.0,0.0,0.0,0.0,0.0,0.0,0.0,0.0,0.0,0.0,0.0,0.0,0.0,0.0,0.0,0,0.0,0.0,0.0,0.0,0.0,0.0,1.197,-0.654,0.0,0.0,0.0,0.0,0,0
1,1.409,0.0,0.568,0.433,0.552,0.319,0.253,0.741,0.173,1.207,-0.13336,0.846,-0.326,0.673,-0.564,0.515,-0.428,0.241,-0.275,0.004,-0.314,-0.09025,-0.167,-0.115,-0.058,-0.164,-0.019,-0.128,0.014,-0.07036,0.017,-0.054,0.029,-0.02017
0,0.97,0.0,0.0,0,0.0,0.0,1.071,1.07,-0.593,-1.381,0,0.0,0.591,-0.094,0.0,0.0,0.0,0,-1.312,0.722,1,0.686,1.439,-0.983,0.0,0.0,0.797,-1.224,0.0,0.0,0.0,0.0,0.971,1.082
1,1,0.0,0.87048,0.479,0.957,0.5,0.266,1.095,-0.055,1.156,-0.263,1.177,-0.452,0.728,-0.459,0.232,-0.421,-0.112,-0.696,-0.287,-0.38334,-0.62861,-0.096,-0.905,0.122,-0.882,0.28,-0.35,0.348,-0.438,0.749,-0.061,0.54,0.248
0,0.569,0.0,0,0.0,0.0,0.0,0.0,0,-0.64,1.344,0.0,0.0,1.367,0.262,-0.124,-0.149,0.0,0.0,-1.382,-0.526,0.0,0.0,1.156,-0.896,0.0,0.0,1,0.135,0,0.0,0.0,0.0,0.0,0.0
1,1,0,1.031,0.394,0.348,0.912,0.19672,1.012,-0.273,0.506,-0.745,0.483,-1.171,0.252,-0.816,-0.04,-0.724,-0.286,-0.414,-0.915,-0.114,-0.917,0.168,-0.863,0.746,-0.511,1.023,-0.284,0.666,0.088,0.746,0.323,0.292,0.57656
1,1,0.0,0.289,0.02,0.167,0.131,0.218,0.513,-0.381,0.92324,-0.056,0.275,-0.752,0.285,-0.884,-0.065,-0.196,-0.199,-0.265,-0.546,-0.17,-0.919,0.022,-0.159,0.374,-0.085,0.469,-0.172,0.406,-0.11409,0.203,0.161,0.181,0.20468
1,0.701,0.0,1.213,0.273,0.586,0.901,0.092,0.525,-0.423,0.993,-0.982,0.878,-1.141,0.16,-0.955,-0.138,-0.801,-0.61894,-0.127,-0.772,0.182,-0.931,0.379,-0.664,0.642,-0.405,0.759,0.071,0.678,0.49079,0.393,0.389,-0.03983,0.79444
1,1,0.0,0.723,-0.022,0.836,0.006,0.805,-0.102,0.864,0.012,0.62455,-0.106,0.821,0.105,0.806,-0.103,0.598,0.096,0.484,0.0,0.503,0.147,0.477,0.023,0.395,0.099,0.694,0.02019,0.454,0.045,0.435,-0.014,0.61372,-0.093
1,1.364,0,0.87,-0.034,0.828,0.027,0.439,0.155,0.79228,0.072,0.781,0.43934,0.761,0.004,0.469,0.21691,1.053,0.057,0.823,0.032,0.904,0.032,0.297,-0.236,1.037,-0.228,0.919,0.098,0.448,0.108,0.812,0.064,0.425,0.205
1,1,0.0,0.617,0.265,0.47,0.014,0.871,0.031,0.618,-0.112,0.436,0.08000,0.891,0.043,0.441,0.048,0.68615,-0.094,0.859,0.123,0.387,0.078,0.392,0.082,0.60154,-0.07,0.489,0.048,0.623,0.261,0.56,0.054,0.381,0.105
1,1.448,0.0,0.522,0.074,0.842,0.002,0.576,0.003,0.788,0.114,0.75813,0.021,1.177,0.005,1.138,0.006,0.82,-0.12447,0.476,-0.049,0.948,0.008,0.914,0.008,0.79632,-0.031,0.973,0.016,0.473,0.15,0.66624,0.015,0.844,0.007
1,0.682,0.0,0.577,0,0.38696,0.147,0.309,0.089,0.555,-0.031,0.332,-0.169,0.45652,0.068,0.551,0.02,0.35,0.212,0.558,0.093,0.368,-0.024,0.212,-0.147,0.644,-0.007,0.588,0.036,0.462,0.058,0.347,0.111,0.388,0.17391
1,1.168,0.0,0.826,0.099,0.856,0.3,0.449,0.274,0.613,0.331,0.553,0.511,0.57898,0.591,0.334,0.605,0.43,0.548,0.373,0.63548,0.087,0.693,0.014,0.69,-0.115,0.762,-0.133,0.573,-0.155,0.631,-0.316,0.313,-0.27339,0.42467
1,1.39,0.0,1.448,0.111,0.695,0.25101,1.259,0.33044,0.756,0.417,1.077,0.432,0.56937,0.792,0.324,0.562,0.303,1.228,0.124,0.988,0.088,0.747,-0.01734,1.006,-0.163,0.621,-0.227,0.929,-0.471,0.449,-0.227,0.471,-0.284,0.335
1,1.12,0.0,1.326,0.076,0.579,0.44,0.78896,0.276,0.63388,0.634,0.636,0.506,0.417,0.915,0.249,0.603,0.115,0.735,-0.099,0.985,-0.295,0.917,-0.396,0.914,-0.41,0.508,-0.429,0.43,-0.64,0.305,-0.705,0.19172,-0.286,0.05972
1,0.721,0.0,1.02,0.203,0.685,0.362,0.557,0.411,0.73678,0.543,0.69,0.696,0.473,1.076,0.248,0.661,0.17959,0.93429,-0.01,0.93109,-0.129,1.261,-0.176,1.151,-0.437,0.896,-0.48,0.471,-0.769,0.685,-1.049,0.504,-0.418,0.19
1,1.09,0.0,0.91,0.101,1.073,0.213,0.999,0.608,0.712,0.933,0.727,0.74922,0.401,1.225,0.151,1.015,0.003,0.566,-0.238,0.556,-0.272,1.012,-0.458,0.65385,-0.368,0.53886,-0.434,0.5,-0.434,0.27338,-0.694,0.191,-0.375,0.055
1,1.074,0.0,1.022,0.284,0.395,0.452,0.48409,0.489,0.188,0.333,0.153,0.59565,-0.092,0.25,0,0.48636,-0.394,0.263,-0.734,0.487,-0.303,0.15,-0.203,0.056,-0.412,-0.033,-0.22,-0.173,-0.201,-0.254,-0.129,-0.315,-0.092,-0.223
1,1,0.0,0.326,-0.444,1.194,0.821,0.941,0.07285,0.711,0.085,0.359,0.348,0.624,0.107,0.442,0.259,0.564,0.371,0.493,0.192,0.94,0.23,0.519,0.078,0.503,0.159,0.607,0.189,0.533,0.336,0.611,0.324,0.40821,0.29942
1,1,0,1.318,0.159,0.96,-0.064,0.433,0.1,0.43,0.008,0.287,-0.051,0.878,0.095,0.476,0.035,0.331,-0.046,0.54,0.14,0.55,0.099,0.342,0.032,0.487,0.518,0.322,0.164,0.136,0.32448,0.588,0.18897,0.618,0.223
1,1.354,0.0,0.899,0.102,0.606,-0.015,1.021,-0.032,0.66725,-0.038,0.822,-0.043,0.748,-0.083,0.476,-0.06438,0.427,0.023,0.417,0.021,0.793,-0.084,0.74,-0.088,0.256,-0.126,0.672,-0.095,0.52613,-0.044,0.373,-0.052,0.56,-0.09808
1,1,0.0,1.221,0.054,0.79,-0.005,0.497,-0.007,0.497,-0.034,1,0.008,0.687,-0.017,0.714,-0.014,0.686,0.007,1.358,-0.111,0.628,-0.015,0.596,-0.037,0.733,0.02003,0.567,-0.028,1.262,-0.035,0.807,-0.042,1.008,-0.03673
1,1.079,0.0,0.537,-0.12371,0.294,-0.084,0.626,-0.216,0.65,0.056,0.381,-0.125,0.542,0.084,0.343,-0.088,0.321,0.061,0.61,-0.311,0.54639,0.18557,0.214,0.071,0.418,0.285,0.472,-0.125,0.131,-0.26289,0.321,0.043,0.588,-0.512
1,1,0.0,0.452,-0.065,0.423,0.02968,0.516,0.36028,0.701,-0.004,0.88,0.065,0.467,-0.454,0.821,0.494,0.647,0.184,0.514,0.137,0.355,-0.22,0.514,0.119,0.856,0.216,0.489,0.253,0.49,0.052,0.924,0.288,0.855,0.36721
1,1.167,0.0,0.593,-0.045,0.369,0.016,0.797,0.017,0.58876,0.025,0.661,-0.005,0.798,-0.04719,0.466,0.011,0.57303,0.017,0.528,-0.065,0.472,0.204,0.316,-0.034,0.457,0.034,0.693,0.01,0.309,-0.027,0.605,0.153,0.60674,-0.042
1,1.212,0.0,0.826,-0.007,0.745,-0.04207,0.682,-0.035,0.857,0.08091,0.394,0.122,0.84,0.203,0.404,-0.018,0.624,-0.031,0.265,-0.134,0.823,0.178,0.381,0.129,0.594,-0.029,0.478,0.0,0.246,-0.077,0.589,-0.123,0.30421,-0.05178
1,0.893,0.0,0.987,0.084,1.052,0.04,0.96,0.112,0.60988,-0.006,0.582,0.11852,0.741,0.057,0.62469,0.106,0.488,-0.258,0.829,-0.118,0.523,0.009,0.904,0.071,0.716,-0.151,0.72,-0.016,0.691,0.02,0.375,-0.055,0.424,-0.04691
1,1,0.0,0.60678,-0.017,0.949,0.027,0.334,-0.04407,0.683,0.049,0.369,-0.064,0.721,-0.017,0.301,0.111,0.373,0.088,0.538,-0.016,0.555,0.004,1.026,-0.04,0.643,-0.05,0.465,0.008,0.58644,-0.004,0.616,-0.033,0.559,0.101
1,1,0.0,0.603,0.091,0.311,0.043,0.517,0.0,0.691,-0.019,0.402,0.017,0.357,0.069,0.339,0.002,0.47087,-0.101,0.43204,0.005,0.335,0.033,0.155,0.358,0.208,-0.09,0.529,0.044,0.39320,0.211,0.248,0.0,0.529,-0.024
1,1.014,0.0,0.862,0.028,0.917,0.34100,1.181,0.285,0.794,0.603,0.73584,0.696,0.719,0.427,0.352,0.826,0.181,0.461,0.28379,0.68873,0.111,0.889,0.056,0.625,-0.214,0.736,-0.101,0.609,-0.091,0.386,-0.472,0.372,-0.386,0.307
1,0.589,0.0,0.509,0.156,0.473,0.277,1.109,0.724,0.531,0.766,0.647,0.492,0.552,0.842,0.127,0.938,0.046,0.856,-0.159,0.483,-0.26180,0.511,-0.479,0.71676,-0.63,0.534,-0.845,0.647,-0.61899,0.227,-0.935,0.248,-0.614,0.02968
1,0.896,0.0,0.707,0.143,1.213,0.47030,0.702,0.46,0.622,1.061,0.335,0.79,0.10107,0.83312,-0.07,1.242,-0.341,0.723,-0.43707,0.366,-0.322,0.483,-0.815,0.28,-0.857,0.179,-0.855,0.019,-0.79,-0.139,-0.442,-0.173,-0.295,-0.386
1,1,0.0,1.111,0.107,1.396,0.267,0.59,0.56569,0.56,0.642,0.379,0.941,0.188,1.198,0.03,0.684,-0.314,0.948,-0.582,0.765,-0.638,0.62563,-0.562,0.679,-0.405,0.386,-0.721,0.184,-0.75406,-0.022,-0.456,-0.091,-0.915,-0.436
1,0.703,0.0,0.716,0.371,0.436,0.62,0.58167,0.73151,0.263,1.049,0.062,1.136,-0.266,0.949,-0.497,0.82163,-0.615,0.744,-0.981,0.42,-0.78,0.277,-1.051,-0.033,-0.75273,-0.335,-0.365,-0.503,-0.388,-0.47,-0.326,-0.68,-0.055,-0.881
1,0.981,0.0,1.34,0.397,0.775,0.716,0.34,1.376,-0.05,0.80510,-0.271,0.597,-0.362,0.331,-0.57377,0.317,-0.964,0.101,-0.558,-0.058,-0.81056,-0.075,-0.269,-0.463,-0.087,-0.468,0.063,-0.455,0.145,-0.391,0.452,-0.264,0.371,0.13297
1,1,0.0,0.33,0.101,0.305,0.218,0.042,0.39,0.157,0.202,0.065,0.271,-0.04,0.159,-0.036,0.118,-0.047,0.034,-0.05,0.017,-0.057,-0.003,-0.018,-0.012,-0.016,-0.01505,-0.00886,-0.017,-0.003,-0.018,0.00096,-0.009,0.003,-0.007
1,1.42,0.0,0.458,-0.431,0.681,0.487,0.743,-0.005,0.764,0.19361,0.469,-0.158,0.385,0.072,0.362,0.205,0.841,-0.28,0.76128,0.04511,0.456,0.164,0.819,-0.498,0.623,-0.036,0.56836,-0.124,0.53,-0.103,0.145,-0.165,0.506,-0.077
1,1,0.0,0.699,0.145,0.522,0.041,0.846,0.107,0.287,0.1,0.245,0.203,0.509,0.121,0.515,0.161,0.348,0.02922,0.526,0.215,0.307,0.152,0.163,0.187,0.294,0.098,0.143,0.099,0.163,0.22,0.264,0.135,0.16655,0.13198
1,0.982,0.0,1.076,0.09,1.284,0.014,0.89,0.017,0.673,-0.003,0.722,0.108,1.137,0.03027,0.45,0.03506,0.395,0.021,0.619,0.02405,0.588,0.056,0.669,0.072,0.956,0.02220,0.589,0.084,1.019,0.104,0.848,0.046,0.442,0.074
1,0.517,0.0,1.062,0.058,0.41,0.244,0.987,0.181,1.273,-0.08337,0.914,-0.025,0.466,-0.347,1.267,0.156,0.873,-0.057,0.429,-0.013,0.636,-0.344,0.78954,-0.218,1.108,-0.082,1.043,-0.02908,0.582,-0.055,0.455,0.178,0.88238,0.056
1,0.549,0.0,0.399,0.013,1.17,0.088,0.611,0.128,0.395,-0.137,0.95842,0.019,0.97921,-0.005,1.177,0.109,1.128,0.052,0.962,0.037,0.483,-0.106,1.041,0.0,0.71764,-0.011,0.55,0.02,0.72435,-0.015,1.204,0.124,0.453,0.031
1,0.74,0.0,0.399,0.147,0.093,-0.18343,0.826,0.011,0.631,-0.046,0.292,0.025,0.465,0.253,0.406,-0.024,0.289,0.068,0.451,0.11538,0.666,0.039,0.437,-0.06,0.508,-0.02367,0.249,0.022,0.313,0.287,0.441,-0.207,0.188,-0.00296
1,0.73,0,0.338,0.125,0.487,-0.167,0.43,-0.208,0.80979,0.029,0.281,0.019,0.823,-0.055,0.684,-0.12,0.728,-0.355,0.606,-0.14313,0.882,-0.003,0.202,0.06,0.591,-0.247,0.439,-0.105,0.349,-0.027,0.277,-0.31262,0.404,-0.168
1,1,0.0,0.84713,-0.026,0.512,-0.084,0.725,0.0,0.913,-0.052,0.643,-0.148,0.853,-0.142,0.77495,-0.157,0.45,-0.309,0.624,-0.114,1.13,-0.107,0.766,-0.03397,0.931,-0.282,0.658,-0.123,0.877,-0.267,0.498,-0.286,0.487,-0.233
1,1.131,0.0,0.516,-0.08152,1.239,0.097,0.658,0.04076,1.075,-0.015,0.77174,-0.05707,0.453,-0.075,0.611,-0.004,0.839,-0.233,0.721,0.023,0.626,-0.063,1.333,-0.246,1.233,-0.135,0.463,-0.083,0.535,-0.026,0.44,-0.139,0.849,-0.003
1,1,0.0,0.74704,-0.154,0.596,0.16996,1.05,0.115,0.823,-0.118,0.468,-0.229,1.077,-0.156,0.545,0.041,0.324,-0.003,0.33,-0.117,1.12,-0.3,0.672,-0.197,0.745,-0.1,0.513,-0.078,0.864,-0.164,0.508,0.078,0.692,-0.01383
1,1.08,0.0,0.56,0.098,0.352,0.008,0.55432,0.074,0.514,-0.158,0.52993,0.015,0.702,-0.095,0.862,-0.019,0.54545,-0.164,0.363,-0.06,0.438,-0.225,0.349,-0.143,0.41463,-0.226,0.7,-0.123,0.399,-0.019,0.629,-0.157,0.675,-0.051
1,1,0.0,0.649,0.211,0.595,0.466,0.61559,0.553,0.314,0.554,0.114,0.698,-0.226,1.038,-0.491,0.962,-0.769,0.62210,-1.141,0.516,-1.213,0.281,-0.775,-0.114,-0.489,-0.386,-0.427,-0.602,-0.54732,-0.541,-0.417,-0.596,-0.284,-0.644
1,1,0.0,0.972,0.364,1.112,0.36,0.59952,0.375,0.338,0.557,0.026,0.96748,-0.259,0.788,-0.459,0.543,-0.427,0.494,-1.352,0.489,-0.684,0.057,-1.061,-0.161,-0.56,-0.673,-0.408,-0.726,-0.41223,-0.901,-0.129,-1.339,0.057,-1.161
1,0.691,0.0,0.823,0.227,0.506,0.71,0.322,0.67,0.069,0.512,-0.09238,0.52,-0.884,0.877,-1.032,0.218,-0.563,0.234,-1.004,-0.007,-0.56,-0.534,-0.76901,-0.618,-0.409,-0.67605,-0.457,-0.874,-0.023,-0.86841,0.307,-0.459,0.003,-0.548
1,1.063,0.0,0.83479,0.244,0.975,0.711,0.322,1.014,0.254,0.711,-0.102,0.85011,-0.35558,0.952,-0.535,0.728,-0.92,0.377,-0.619,0.035,-0.752,-0.206,-0.737,-0.386,-0.325,-0.652,-0.221,-0.493,0.12,-0.539,0.34,-0.48468,0.408,-0.358
1,0.709,0.0,0.92870,0.365,0.76168,0.62349,0.29,1.041,0.128,0.577,-0.191,1.17,-0.372,0.986,-0.524,0.344,-0.801,0.363,-1.291,0.037,-0.599,-0.384,-0.663,-0.542,-0.486,-0.738,-0.112,-0.545,0.106,-0.875,0.265,-0.864,0.309,-0.60270
1,0.738,0.0,0.422,0.427,0.65541,0.36,0.464,0.645,0.178,0.456,-0.125,1.013,-0.422,0.568,-0.858,0.387,-0.588,0.22,-0.741,-0.054,-0.62030,-0.185,-0.662,-0.537,-0.238,-0.847,-0.019,-0.69706,0.265,-0.64428,0.325,-0.479,0.899,-0.274
1,1.338,0.0,1.113,-0.02736,1.341,-0.032,1.452,-0.095,0.98720,0.009,1.296,-0.024,1.23,-0.095,0.726,-0.096,0.573,-0.09532,0.599,-0.127,1.175,-0.052,0.486,-0.086,0.572,-0.076,1.092,-0.111,1.1,-0.175,1.225,-0.096,0.518,-0.18800
1,0.877,0.0,0.916,-0.019,1.141,0.012,1.029,-0.01472,1.125,-0.01060,0.908,-0.021,1.016,-0.014,0.97055,-0.05,1.18,-0.034,1.175,-0.063,0.71,-0.027,0.653,-0.058,1.349,-0.065,0.92695,-0.032,1.135,-0.057,1.189,-0.057,0.531,-0.098
1,1,0.0,0.787,-0.165,0.888,-0.002,0.652,-0.25,1.163,0.21,0.711,0.002,0.918,-0.073,0.822,-0.003,0.517,-0.082,1.096,-0.307,1.262,0.091,0.854,-0.046,1.207,0.065,1.108,-0.11,1.083,-0.20091,0.85388,-0.076,1.336,-0.21918
1,1,0.0,0.596,-0.047,1.413,0.108,0.543,-0.158,0.258,-0.016,0.471,-0.154,0.726,0.321,0.83051,-0.293,0.787,0.013,0.733,0.023,0.441,0.30508,0.797,0.052,0.505,0.086,0.76,-0.003,0.604,-0.034,0.83051,-0.097,1.048,-0.103
1,0.518,0.0,0.329,-0.283,0.415,0.124,0.227,0.115,0.31,0.13889,0.608,-0.122,0.418,-0.08443,0.816,0.331,0.515,0.021,0.233,-0.228,0.37,-0.037,0.712,-0.016,0.311,0.08333,0.283,-0.166,0.276,-0.168,0.285,-0.14809,0.08,-0.594
1,0.682,0.0,0.559,0.554,1.0,0.692,0.819,0.488,0.45622,0.506,0.224,1.365,0.252,0.95,-0.196,1.029,-0.328,0.714,-0.684,1.039,-0.52674,0.555,-1.137,0.655,-0.836,0.186,-0.934,0.134,-1.283,-0.201,-1.28,-0.42226,-0.568,-0.65557
1,1.125,0.0,0.75564,0.495,0.874,0.296,0.539,0.37,0.256,0.461,0.13469,0.938,-0.122,1.007,-0.456,1.114,-0.72,1.009,-0.68358,1.018,-0.585,0.186,-0.979,0.023,-1.174,-0.249,-0.402,-0.375,-0.822,-0.19185,-0.298,-0.793,-0.265,-0.932
1,1,0.0,0.825,0.523,0.562,0.522,0.396,1.007,0.133,1.115,-0.16,1.061,-0.235,0.793,-0.306,0.616,-0.642,0.172,-0.867,0.03928,-0.321,-0.279,-0.282,-0.302,-0.457,-1.01,-0.067,-0.463,0.14690,-0.279,0.474,-0.558,0.613,-0.24313
1,0.971,0.0,0.626,0.467,0.663,0.336,0.604,1.326,0.15323,0.727,-0.21775,1.003,-0.301,1.157,-0.433,0.605,-1.036,0.202,-1.234,-0.068,-0.864,-0.561,-0.549,-0.826,-0.229,-0.926,-0.025,-0.91221,0.306,-1.283,0.757,-0.955,0.397,-0.44173
1,1.379,0.0,1.128,0.466,0.451,0.907,0.164,0.94078,-0.166,0.873,-0.179,0.695,-0.346,0.434,-0.92145,0.42314,-0.488,0.088,-0.664,0.033,-0.789,-0.948,-0.487,-0.981,-0.115,-0.555,0.116,-0.63,0.534,-0.973,0.608,-0.653,0.407,-0.13194
1,1,0.0,0.577,0.16195,0.678,-0.054,0.697,0.008,1.054,-0.09,0.599,-0.011,0.846,-0.013,1.219,-0.033,1.457,-0.107,1,0.039,0.505,-0.069,1.296,-0.038,0.848,-0.179,0.678,-0.078,0.746,0.12,0.816,-0.08,0.76,-0.07439
1,1.2,0.0,0.819,-0.002,0.932,-0.118,1.257,-0.003,0.928,-0.701,0.825,0.10368,0.936,-0.14247,0.548,-0.036,0.776,-0.156,0.652,0.61739,0.528,-0.202,0.518,-0.058,0.85741,-0.017,0.744,-0.019,0.692,-0.025,0.61,-0.019,0.891,-0.018
1,1,0.0,0.79378,0.212,0.446,0.777,0.284,0.795,0.079,0.874,-0.122,0.78772,-0.409,0.805,-0.73,0.491,-0.663,0.17,-0.387,-0.069,-0.41,-0.147,-0.239,-0.304,-0.253,-0.289,0.021,-0.48707,0.148,-0.311,0.279,-0.165,0.208,-0.1
1,1,0.0,0.591,0.35232,0.79,0.51,0.345,0.854,0.084,0.471,-0.352,0.507,-0.71,0.69590,-0.64,0.556,-1.162,0.093,-0.603,-0.165,-0.615,-0.50022,-0.499,-0.443,-0.161,-0.805,0.168,-0.809,0.209,-0.698,0.694,-0.407,0.611,-0.075
1,1,0.0,0.549,0.342,0.759,0.71804,0.375,0.987,-0.035,0.852,-0.484,0.955,-1.039,0.654,-1.113,0.15,-1.118,-0.15315,-0.944,-0.523,-0.56,-0.818,-0.191,-0.609,0.232,-1.005,0.586,-0.457,0.513,-0.487,1.079,-0.064,0.883,0.27926
1,1,0.0,1.323,-0.205,1.464,-0.15,0.807,-0.138,0.88608,0.008,1.123,0.076,1.092,0.033,1.199,-0.034,0.661,-0.327,0.758,-0.009,1.062,0.039,1.448,0.206,0.502,-0.442,1.245,-0.076,0.768,-0.06329,0.391,0.037,1.238,-0.02532
1,0.792,0.0,0.74790,0.012,0.559,0.02,1.027,0.02,0.86555,0.01,0.391,0.056,1.101,0.049,0.635,0.077,0.434,0.183,0.844,0.026,0.415,0.081,0.843,0.08,0.739,0.051,0.947,0.047,0.454,0.01681,0.55,0.126,0.748,0.08891
1,0.609,0.0,0.475,0.017,1.31,0.021,0.657,0.027,0.888,0.08010,1.057,0.148,0.746,0.046,1.105,0.061,0.677,0.02,1.418,0.0,0.89097,0.04,0.628,0.094,0.472,0.125,0.601,0.113,0.605,0.118,0.85198,0.107,1.145,0.10698
1,1,0.0,1.006,-0.012,1.491,-0.00343,1.206,-0.013,1.012,-0.02,1,-0.04,1.308,-0.016,0.875,-0.026,0.522,-0.026,0.867,-0.023,1.468,-0.024,0.985,-0.05039,1.408,-0.043,0.818,-0.068,1.345,-0.08,1.053,-0.042,1.468,-0.061
1,1.18,0.0,1.009,-0.03168,0.579,0.056,0.921,0.013,1.232,0.02772,1.145,-0.01,0.856,-0.01,0.545,0.047,0.664,0.0,0.555,0.007,0.456,0.006,0.88713,-0.022,0.703,0.026,0.879,0.021,0.789,0.002,0.862,0.051,1.172,0.02376
1,1.358,0.0,0.842,0.013,1,-0.024,0.66,0.01,0.84752,0.051,0.754,0.032,0.84,0.011,1.176,0.023,1.268,-0.03191,0.56,-0.032,0.698,0.1,0.895,0.108,0.546,0.03,0.854,0.026,0.479,0.028,1,0.012,0.799,0.027
1,0.988,0.0,0.5,-0.13,0.376,0.016,0.567,0.076,0.865,0.087,0.284,-0.249,0.439,0.15152,0.539,0.0,0.665,0.036,0.748,0.039,0.78788,0.133,0.342,-0.2,0.627,0.035,0.237,0.06142,0.449,-0.019,0.493,0.06410,0.232,0.131
1,1.257,0.0,0.663,0.469,0.89,0.648,0.463,1.211,0.076,0.824,-0.237,0.914,-0.64,0.67577,-0.816,0.608,-1.149,0.09898,-0.841,-0.103,-0.518,-0.457,-0.432,-0.332,-0.028,-0.74,0.15360,-0.66,0.218,-0.435,0.666,-0.113,0.325,0.01820
1,1,0.0,0.534,0.37917,0.62,0.61,0.315,0.88696,-0.04193,1.054,-0.447,0.871,-0.977,0.586,-0.56,0.354,-1.087,-0.062,-0.653,-0.278,-0.492,-0.736,-0.204,-0.839,0.09,-0.938,0.484,-0.695,0.725,-0.379,0.568,-0.134,0.679,0.075
1,0.986,0,0.90547,0.51,0.973,0.722,0.305,1.081,-0.124,0.806,-0.441,0.532,-0.728,0.614,-0.543,0.15192,-0.712,-0.259,-0.743,-0.671,-0.215,-0.967,-0.031,-0.538,0.27,-0.796,0.503,-0.61959,1.185,-0.282,1.161,0.067,0.826,0.429
1,1,0.0,1,1.283,0.205,0.057,0.182,0.706,-0.27586,0.648,-0.425,0.438,-0.986,0.367,-0.865,-0.071,-0.3,-0.486,-0.635,-0.82512,-0.063,-0.936,0.201,-0.191,0.456,-0.504,0.499,-0.081,1.091,1.213,0.263,0.002,0.216,0.766
1,1,0.0,1.073,0.51515,0.468,0.201,0.085,0.304,-0.32104,0.939,-0.451,0.621,-0.641,0.0,-0.547,-0.126,-0.384,-0.575,-0.066,-1.148,0.328,-0.663,0.78,-0.58,1.285,-0.268,0.877,0.103,0.512,0.627,0.134,0.281,0.066,0.33333
1,0.608,0.0,1.202,0.0,0.94817,-0.02744,0.979,-0.016,1.183,0.018,0.90244,0.018,0.821,0.005,0.954,0.004,0.753,0.016,0.696,-0.008,1.022,0.029,0.944,0.041,0.597,0.04878,1.156,0.011,1.36,0.011,1.144,0.047,0.504,-0.015
1,0.532,0.0,0.925,0.067,1.126,-0.08156,0.804,-0.024,0.724,0.011,0.795,0.08865,1.154,-0.008,0.582,0.0,0.918,0.131,0.483,-0.00709,0.794,0.009,0.478,0.047,1.165,0.15957,0.8,0.113,0.625,0.035,1.13,0.243,1.141,0.0
1,1.494,0.0,0.628,0.057,1.257,0.015,0.453,0.02,0.93,-0.01418,0.73050,0.111,0.87657,0.028,0.951,0.045,1.065,0.043,1.26,0.033,0.485,0.026,0.899,0.071,1.195,0.086,0.869,0.081,1.114,-0.047,0.72,0.042,0.80774,0.037
1,0.921,0.0,0.748,0.044,0.734,0.003,0.562,0.003,0.616,0,0.694,0.094,0.479,0.011,0.505,0.014,0.83851,-0.082,0.895,0.018,0.84182,0.009,0.468,0.01,0.411,-0.053,0.514,0.022,0.617,0.052,0.563,0.02308,1.146,0.034
1,1,0.0,1.452,0.006,0.545,0.01,1.219,0.022,0.673,0.012,0.714,0.02,0.5,0.024,0.593,0.048,1.194,0.02131,0.875,0.043,1.416,0.051,1.337,0.032,0.651,0.043,0.97540,0.063,1.063,0.064,0.99112,0.031,1.433,0.06
1,0.936,0.0,1.079,0.007,1.096,0.009,1.239,0.019,1.418,-0.01436,1.318,-0.002,0.727,0.021,0.756,0.009,0.706,0.008,1.108,0.014,0.549,0.007,1.299,0.03,0.839,-0.009,0.98033,0.012,0.961,0.011,0.98564,0.031,1.184,0.02762
1,1.113,0.0,1.393,-0.019,0.739,0.012,0.879,-0.002,0.711,0.067,0.502,0.037,0.682,0.018,1,0.045,1.263,0.035,1.108,0.029,1.164,0.075,0.941,0.07383,1.249,0.07,0.99989,0.079,0.945,0.047,1,0.056,0.623,0.119
1,1.133,0.0,0.98,0.411,0.969,0.846,0.392,0.924,0.013,1.128,-0.35148,0.966,-0.639,0.538,-0.616,0.231,-0.591,-0.007,-0.66,-0.32963,-0.711,-0.646,-0.27377,-0.68126,0.005,-0.452,0.153,-0.858,0.307,-0.513,0.578,-0.21,0.318,0.036
1,1,0.0,0.90147,0.304,0.705,1.115,0.369,0.95148,-0.22,1.43,-0.55483,0.916,-0.501,0.632,-1.066,0.069,-0.994,-0.377,-0.805,-0.762,-0.372,-1.043,0.063,-0.838,0.387,-0.565,0.669,-0.702,1.16,-0.276,0.602,0.28,0.762,0.453
1,1.216,0.0,0.293,0.135,0.093,0.271,0.14020,0.39,-0.193,0.96,-0.225,0.315,-0.63714,0.212,-0.97650,-0.004,-0.261,-0.226,-0.442,-0.48886,-0.125,-0.569,0.076,-0.382,0.404,-0.138,0.266,-0.085,0.175,0.076,0.303,0.167,0.196,0.165
1,1,0.0,0.819,0.413,0.622,0.517,0.056,0.532,-0.263,0.82139,-0.881,0.388,-0.581,0.068,-0.677,-0.223,-0.696,-1.066,-0.068,-0.487,0.259,-0.72,0.82,-0.52128,0.498,-0.211,0.707,0.153,0.272,0.468,0.20549,0.801,-0.154,0.747
1,1.218,0.0,0.277,0.072,0.03,0.327,-0.059,0.25,-0.171,-0.13,-0.48,0.091,-0.556,0.114,-0.16412,-0.43,-0.125,-0.39695,0.23,-0.203,0.286,-0.067,0.305,-0.111,0.123,0.35,0.03913,0.33,-0.051,0.358,-0.102,0.16794,-0.318,-0.413
1,1.014,0.0,0.726,0.001,1.106,0,0.868,-0.001,1.348,0.031,1.179,0.02130,0.965,0.034,0.998,0.022,0.93929,0.046,0.764,0.072,1.237,0.051,1.306,0.038,1.274,0.08107,0.848,0.107,0.969,0.121,0.515,0.08,0.636,0.075
1,1,0.0,0.971,-0.102,0.734,0.001,0.901,-0.013,0.515,-0.07514,0.72832,-0.147,0.77,0.071,1.012,-0.074,0.495,0.076,1.039,0.079,0.777,-0.033,0.92,-0.059,0.375,-0.019,0.544,-0.02731,0.976,-0.078,0.444,-0.028,0.787,0.01
1,1,0.0,0.476,-0.108,0.507,-0.035,0.582,-0.036,0.338,-0.055,0.698,-0.079,0.843,-0.06527,0.343,-0.048,0.417,-0.26409,0.734,0.043,0.45,-0.079,0.587,-0.066,0.53,-0.007,0.502,-0.046,0.418,-0.064,0.238,-0.11,0.291,-0.08300
1,1.321,0.0,0.76046,0.014,0.467,0.003,0.669,0.005,1.088,0.03,0.489,0.12068,0.445,0.00744,0.575,0.012,0.486,-0.043,0.989,0.029,0.738,0.013,0.628,0.018,0.979,-0.003,0.417,0.016,0.688,0.00849,0.829,0.008,0.855,0.017
1,1,0.0,0.697,-0.009,1.087,0.066,0.715,0.289,0.936,-0.004,0.615,-0.162,0.40164,-0.282,0.485,0.476,0.911,0.31831,0.623,0.148,0.693,-0.565,1.234,0.006,0.657,0.068,0.68656,0.181,1.032,0.06,0.543,0.305,0.208,0.598
1,0.873,0.0,1.212,0.08298,0.833,-0.173,1.065,-0.062,0.834,-0.04,0.785,0.102,0.686,0.069,0.714,-0.078,1.384,-0.02101,0.858,0.075,0.87605,0.008,0.892,0.06618,1.043,-0.048,0.974,0.001,0.928,0.145,1.101,-0.14,0.746,-0.062
1,1,0,0.886,0.002,1.417,-0.02723,0.525,-0.018,1.147,0.022,0.984,0.032,1.338,0.074,0.876,-0.018,0.888,0.001,1.102,0.068,1.048,0.104,0.863,0.141,0.703,0.009,0.638,0.038,0.9,0.083,0.539,-0.0,0.717,0.04712
1,0.934,0,0.553,-0.0,0.932,-0.025,1.096,-0.04,0.892,0.019,0.752,0.024,1.016,0.047,0.902,-0.009,0.985,0.026,0.616,0.019,0.623,0.07677,0.89470,0.043,0.525,0.038,0.92489,0.019,1.121,0.029,1.045,0.005,1.302,-0.006
1,1,0.0,1.227,-0.025,0.932,-0.017,1.135,-0.05,0.475,0.001,0.612,-0.028,1.018,-0.018,0.682,-0.052,0.595,-0.012,0.488,-0.094,0.686,0.014,1.258,-0.02320,1.17,-0.02099,1.169,-0.07760,0.823,-0.091,1.08,-0.027,0.983,-0.174
1,0.517,0.0,0.844,0.133,0.914,-0.079,1.316,0.117,1.199,-0.055,0.973,0.036,0.798,-0.004,1.029,-0.005,0.522,-0.026,1.033,-0.031,0.419,-0.127,0.529,0.053,0.849,-0.093,1.046,-0.04822,0.78207,-0.007,0.662,-0.06678,0.634,-0.06151
