1,1.269,0.0,0.988,-0.066,1.051,0.028,0.458,-0.497,0.89,0.022,1.169,-0.216,0.89,-0.549,0.321,-0.313,0.641,-0.535,0.378,-0.215,0.674,-0.3,0.197,-0.381,0.809,-0.51171,0.41078,-0.565,0.286,-0.173,0.378,-0.339,0.145,-0.45300
0,0.752,0.0,0.566,-0.267,0.82,-0.541,-0.15,-1.4,1.325,-0.047,0.494,-0.67743,0.176,-0.362,-0.563,-1.457,0.03,-0.852,0.182,-0.535,-0.137,-0.301,-0.18056,-0.378,-0.226,-0.367,-0.218,-0.103,-0.258,-0.09,-0.229,-0.047,-0.116,-0.02447
1,0.816,0,0.73,-0.019,0.87,0.006,0.855,-0.138,0.662,0.007,0.46,0.03,0.595,0.005,0.281,0.004,0.875,-0.171,0.75535,-0.113,0.48,-0.393,0.419,-0.171,0.411,-0.481,0.878,-0.139,0.397,-0.19,0.362,-0.146,0.666,-0.38238
0,1,0.0,1.096,-0.403,0.577,1,0.541,-0.756,0.0,0.0,0.0,0.0,0.0,0.0,-0.686,0.157,0.404,-0.199,-1.2,-0.301,-0.737,0.846,0.0,0.0,1.296,1.017,0.401,0.528,1.22,-0.20099,0.19,1.138,-0.318,1.457
1,1.086,0.0,1.007,-0.022,0.677,0.068,0.509,-0.181,0.481,-0.117,0.567,-0.269,0.773,-0.009,0.202,-0.235,0.738,-0.204,0.654,-0.122,0.052,-0.276,0.016,-0.428,0.037,-0.365,0.13290,-0.385,0.023,-0.62197,-0.085,-0.5,-0.057,-0.65697
0,1,0.0,0.016,-0.00592,-0.118,-0.162,-0.005,-0.151,0.212,0.06637,0.019,-0.067,0.0,0.0,-0.04,-0.224,-0.003,-0.075,-0.14,-0.038,0.018,0.043,0.017,0.008,0.028,-0.022,-0.033,0.102,-0.087,0.005,0.0,0.0,-0.0,0.1
1,1.148,0.0,0.671,-0.135,0.491,-0.225,1.125,-0.247,1.08,-0.31,0.777,-0.438,0.613,-0.575,0.529,-0.786,0.665,-0.385,0.259,-0.823,0.36324,-0.76562,0.351,-1.035,0.263,-0.865,0.146,-0.988,0.027,-1.102,-0.05,-0.476,-0.166,-0.80975
0,0,0.0,0.0,0.0,0.0,0.0,0.612,-1.128,0.0,0.0,-0.923,-0.868,0.0,0.0,0.0,0.0,1,1.087,-0.768,-1.482,0.0,0.0,0.0,0.0,1.373,0.893,0.902,1.164,0.0,0.0,1.164,0.666,0.0,0
1,0.82,0.0,0.579,-0.07198,1.133,-0.106,1.426,-0.143,0.813,-0.205,1.126,-0.292,1.053,-0.583,0.90392,-0.577,1.269,-0.199,0.889,-0.967,0.922,-0.379,0.984,-0.67,0.705,-0.381,0.301,-0.659,0.344,-0.404,0.471,-1.082,0.514,-0.73420
0,1.218,0.0,-0.026,-0.104,0.0,0.0,0,0.0,0.065,-0.286,-0.551,-0.264,0.0,0.0,-0.275,0.267,-0.294,0.222,0.427,0.253,0.0,0.0,0.0,0.0,-0.102,-0.019,0.20645,-0.032,0.0,0.0,0.201,0.123,-0.079,0.38065
1,0.81,0.0,1,0.08,1.491,-0.273,0.877,-0.238,0.654,-0.586,0.819,-0.252,0.974,-0.674,0.90711,-0.627,0.879,-0.559,0.856,-1.01,0.894,-0.881,0.786,-0.80544,0.706,-1.098,0.386,-1.129,0.425,-0.734,0.312,-1.254,0.309,-1.206
0,1,0.0,1.318,-0.544,0.661,-1.351,0.667,-0.787,0.606,0.509,0.896,-0.508,1.308,1.217,0.916,-1.468,0.525,-0.294,1,-0.69,0.633,0.709,1.106,1,0.593,-0.392,0.74,-0.859,0.589,-0.987,1.18,-0.987,1.101,-0.503
1,0.81,0.0,1.283,-0.083,1.027,-0.059,0.858,-0.095,1.206,-0.164,0.968,-0.466,1.055,-0.374,0.691,-0.401,1.314,-0.28106,0.90137,-0.388,0.649,-0.432,0.776,-0.651,0.948,-0.64,0.967,-0.531,0.66,-0.927,0.541,-0.423,0.426,-0.67226
0,1,0.0,0.906,-1.179,1.129,0.17,0.527,-0.537,0.733,-0.143,0.836,0.446,0.779,0.042,1.13,-0.142,1.367,-0.588,0.6,-0.607,0.728,0.186,0.73,0.905,1,-0.215,1.04,0.355,1.338,-0.83,0.588,0.801,0.51,-0.18826
1,1.236,0.0,0.753,0.052,0.576,0.037,1.234,-0.053,1.492,0.108,1.442,0.19651,1.286,0.198,1.212,0.165,1.304,0.057,1.465,0.283,1.459,0.562,1,0.331,1.244,0.176,0.973,0.488,1.122,0.604,1.062,0.429,0.577,0.46712
0,0.675,0.0,0.736,-0.729,0.873,0.26708,-0.029,-1.306,0.887,-0.866,0.493,-1.129,0.0,0.0,-1.384,-0.325,-0.37,0.032,0.677,-1.032,0.0,0.0,0.0,0.0,-0.143,0.92236,0.468,0.25,0.0,0.0,1.151,0.138,0.0,0
1,1,0.0,1.112,0.06,1.012,-0.016,1.011,0.013,0.948,0.034,0.919,0.058,0.755,0.113,1.071,0.054,0.828,0.126,1.183,0.08631,0.92,0.066,0.623,0.179,0.67,0.152,1.095,0.125,0.505,0.15379,0.591,0.154,0.484,0.121
0,0.0,0.0,0.0,0.0,-0.583,-0.934,1.0,0.618,-0.681,0.799,-1.213,1.216,1.349,-1.098,0.573,1.091,-1.188,-1.283,-1,1.162,1.171,-0.784,-0.761,1.42,-1,0.992,0.558,-0.772,-0.692,1.399,-0.657,-1.365,0.96,-1
1,0.833,0.0,0.862,0.034,0.686,0.064,0.637,0.18761,0.068,0.257,0.661,0.12131,0.616,0.195,0.532,0.123,0.672,0.195,0.104,0.489,0.729,0.203,0.51420,0.318,0.532,0.273,0.279,0.13,0.643,0.325,0.489,0.216,0.728,0.225
0,0,0.0,0.572,-0.982,0.0,0.0,0.0,0.0,1.242,0.739,1.032,-1.365,-0.614,0.599,0.0,0.0,-1.046,0.997,1,0.517,-1.125,1.335,1.311,0.731,-1.186,0.544,1.289,0.744,1,-0.513,1.497,1.236,1.144,0.651
1,0.65,0.0,0.515,-0.005,0.617,-0.085,1.489,-0.07649,1.182,-0.056,0.594,-0.074,1.233,-0.201,0.805,-0.175,0.92124,-0.39,0.46,-0.423,0.715,-0.274,1.367,-0.595,0.998,-0.40372,1.089,-0.416,0.677,-0.467,0.813,-0.403,0.608,-0.625
0,0.0,0.0,1.113,1.496,0.0,0.0,0.0,0,-0.76,-1,0.0,0.0,0.0,0.0,-1.041,-0.74,-1.354,-0.971,-0.843,0.778,-0.519,0.56,0.0,0.0,0.0,0.0,1,-1.385,-0.549,1.332,-1.371,0.511,-0.535,1.325
1,0.565,0.0,0.96071,0.074,0.855,0.032,0.697,0.068,1.132,-0.071,0.522,0.013,0.989,-0.038,0.593,0.118,0.421,0.002,0.949,-0.039,0.805,-0.112,0.64158,-0.055,0.738,-0.088,0.298,-0.013,0.276,-0.009,0.561,-0.0,0.453,-0.00182
0,0.0,0.0,-1.121,0.679,0.0,0.0,0.0,0,-1.448,0.981,1.219,0.678,0.0,0.0,0.0,0.0,1.457,-1,-1,0.661,0.846,0.505,0.0,0.0,-0.994,-1.296,1.138,-1.079,0.528,1.489,-1.22,0.686,0.0,0.0
1,1,0.0,1.096,-0.045,0.553,0.03,0.893,-0.07,0.864,-0.021,0.936,-0.089,0.918,-0.031,0.524,-0.053,0.536,-0.053,0.744,-0.20367,1.258,-0.265,1.07,-0.234,0.604,-0.299,1.051,-0.207,1.085,-0.265,0.423,-0.375,0.612,-0.39487
0,0.696,0.0,1.073,0.738,1.414,-1.249,0.55,-1.184,0.739,-1.113,1.439,-1,0.816,-0.83,0.953,-1,0.879,-1.013,1.354,-0.7,0.688,-0.696,1.046,-0.513,1.393,-1.183,1.108,-1.167,0.603,-0.623,0.983,-0.794,0.648,-1
1,1,0.0,0.565,-0.052,1.211,-0.196,0.918,-1.094,1.369,0.61053,1.096,-0.52,0.876,-0.406,0.59,-0.281,1.051,-0.487,0.132,-1.154,0.992,0.133,0.62357,-0.902,0.393,-0.887,0.545,-0.843,0.372,-1.099,0.193,-0.632,-0.069,-0.688
0,0.0,0.0,-1.087,-1.212,0.0,0.0,-1.471,0.825,1.074,-0.465,0.0,0.0,0.0,0.0,0.0,0.0,1.373,-1.366,-1.123,-1.271,1,-1.164,0.0,0.0,1.1,-0.612,-0.893,0.666,-1,-0.768,0.0,0,-1.482,1.134
1,0.82,0.0,1.486,0.068,1,0.17387,0.945,-0.078,1.438,0.92,1.224,0.543,1.216,0.396,1.291,0.4,0.632,0.864,1.243,0.705,1.323,1.044,1.325,1.448,1.295,1.182,0.775,0.673,0.62,0.523,0.364,1.114,0.328,1
0,0,0,-1,-1.051,1.447,1.206,0.601,-0.691,-0.944,1.416,0.957,-0.818,-0.564,-0.512,0.0,0.0,0.792,1.392,-1.434,-0.933,1.067,-0.714,0.671,-0.646,0.775,1.228,1.42,-1.218,0.67,-0.69,-0.947,1.21,1.004,-1.479
1,1,0.0,1.299,-0.098,1.055,-0.143,1.342,-0.333,0.569,-0.061,1.232,-0.371,1,-0.278,1.225,-0.278,0.71,-0.316,0.873,-0.627,0.609,-0.449,0.877,-0.39,1.206,-0.389,0.994,-0.649,1.247,-0.747,0.841,-0.768,0.559,-0.84437
0,1.351,0,1.012,-1.468,1.369,0.606,0.589,-0.987,0.661,-1.18,0.633,-1.491,1.423,-0.026,1.106,-0.667,1,1.353,0.987,-0.449,0.737,0.503,0.916,-0.896,0.0,0.0,1.308,1.002,1,-0.47,0.958,0.787,0.74,0.52
1,0.912,0.0,0.88208,-0.091,1.239,-0.072,0.925,-0.108,0.996,-0.128,1.192,-0.408,0.728,-0.415,0.665,-0.35924,0.81,-0.17,0.685,-0.47022,0.632,-0.64,0.521,-0.628,0.452,-0.58,0.72,-0.561,0.356,-0.698,0.519,-0.59,0.587,-0.336
0,1.183,0.0,0.96,-0.026,0.243,-0.209,0.98019,-0.129,0.605,-0.116,1.338,-0.067,0.46,1.261,0.946,-1.269,0.441,-0.13,0.485,-0.256,-0.242,0.795,0.754,0.064,0.65493,-0.279,0.92,-0.303,0.375,-0.258,1.075,-0.446,-0.29,-1
1,0.877,0.0,0.973,-0.204,1.059,0.27686,0.83443,-0.445,1.234,-0.373,0.959,-0.62,0.849,-0.166,0.443,0.181,0.541,0.508,1.046,0.276,1.131,-0.011,0.774,-0.989,0.703,0.117,0.959,-0.087,1.257,-0.16,0.765,0.53372,1.212,-0.714
0,1,0.0,0.78,-0.811,0.887,1.241,0.596,-0.635,0.546,-0.397,1.151,-1.179,1.459,-0.785,1,0.645,0.254,0.817,0.873,1.08,0.866,0.661,1.167,-1.187,0.677,1.114,1.129,-0.128,0.95982,-0.337,0.973,0.824,0.95,0.387
1,1,0.0,0.922,0.00433,1.004,-0.017,1.452,-0.027,1.31,-0.079,1.105,-0.035,1.094,-0.054,0.906,-0.067,1.052,-0.139,0.94184,-0.182,1.13,-0.196,0.726,-0.092,0.906,-0.233,0.92,-0.133,0.547,-0.276,0.865,-0.227,0.777,-0.201
0,0.0,0.0,0.96,1.42,0.784,-1.216,0,0.0,0,0.0,-1.131,-0.573,0.0,0.0,0.0,0.0,-0.558,0.646,0.799,1.349,-1.213,1,-0.772,1.188,0.518,-0.986,0.681,0.657,-0.692,0.761,1.171,0.745,0.0,0.0
1,1.194,0.0,0.755,0.022,0.545,0.021,1.093,0.05,0.482,0.015,1.249,0.083,0.872,0.105,0.703,0.06211,0.784,0.115,1.08,0.08,0.608,0.113,0.952,0.14222,0.697,0.067,0.64,0.181,0.66387,0.108,0.92,0.092,0.59,0.162
0,1,0.0,1.426,0.031,1.265,0.064,1.161,0.045,0.54,-0.721,1.304,0.149,0.88,0.68,1.03,0.086,0.454,0.185,0.831,0.599,0.753,0.138,0.715,0.228,0.401,0.152,0.256,0.16019,0.411,0.15436,0.268,0.083,0.66,1.398
1,1.49,0.0,0.606,0.04,0.941,0.235,0.717,0.321,0.761,0.174,1.178,0.547,1.063,0.481,0.731,0.339,0.537,0.557,0.575,0.513,0.527,0.606,0.40553,0.708,0.466,0.396,0.151,1.006,0.19296,0.761,0.096,0.72688,0.059,0.557
0,1,0.0,-1.439,-0.875,0.984,1.298,1.372,-0.089,0,0.0,-0.781,0.843,1.165,0.88,0.227,-1.382,-0.907,-0.781,0.076,-0.757,0.959,-0.572,-0.964,0.63,-1.114,-1.186,1,-1.337,-1.009,-0.653,0.636,1.233,0.0,0.0
1,0.991,0.0,0.914,0.091,0.57,0.206,1.275,0.246,0.615,0.871,0.678,0.451,0.215,0.476,0.591,0.583,0.27,0.49618,0.23,0.12967,0.311,0.688,0.409,0.707,0.24856,0.531,0.127,0.397,0.138,0.426,0.044,0.587,0.125,0.441
0,1.018,0.0,-0.838,-0.725,0.979,0.82857,0.973,-1.227,0.666,-0.341,1.034,1.166,0.704,-0.332,1.478,-1.404,0.928,0.155,1.294,-1.186,0.87,-0.034,-0.993,0.907,0.53750,0.975,1.117,0.809,0.795,-1.36,1.466,-1.13,1.486,-1
1,1.251,0.0,1.076,-0.061,1.131,-0.145,0.664,-0.201,0.54,-0.25843,1.346,-0.348,1.34,-0.517,1.066,-0.238,0.646,-0.657,0.986,-0.855,0.477,-0.305,0.599,-0.687,0.355,-0.608,0.699,-0.656,0.582,-0.75353,0.573,-0.628,0.661,-0.83245
0,0,0.0,0,0,0.0,0.0,0.0,0.0,1.112,1.308,0.636,0.854,0.0,0.0,0.0,0.0,-0.504,-0.866,-1.02,-0.866,0.0,0.0,0.0,0.0,-1.035,-0.636,-1.239,-1.145,-0.667,0.88,0.93,0.0,0.0,0.0
1,0.546,0.0,0.526,-0.047,0.754,-0.056,0.988,-0.133,0.99838,-0.09931,1.338,-0.182,0.826,-0.295,0.899,-0.317,0.696,-0.327,1.358,-0.275,0.747,-0.328,1.307,-0.244,0.859,-0.257,1.052,-0.438,0.81433,-0.24,0.603,-0.406,1.046,-0.355
0,1,0.0,1.084,-0.015,-1.398,0.278,-0.448,0.367,0.788,-0.775,1.409,-0.026,-0.197,-0.003,-0.54852,0.086,0.488,-0.49,0.673,-0.623,-0.354,-0.259,-0.688,0.37,1.152,-0.234,0.443,-0.649,1.022,-0.58,-0.055,0.20477,-0.08,0.357
1,0.569,0.0,1.37,0.01,0.98103,-0.027,1.065,-0.048,1.291,-0.083,0.557,-0.03,0.585,-0.089,0.733,-0.158,1.318,-0.095,1.089,-0.264,1.258,-0.091,1.281,-0.25,0.88487,-0.224,0.558,-0.257,0.704,-0.225,0.722,-0.237,0.537,-0.23902
0,0.616,0.0,0.0,0.0,0.526,0.351,0.0,0,0.087,-0.537,0.0,0.0,0.0,0.0,-1.194,-0.293,-0.55711,-1.166,0.76940,0.909,0.0,0.0,0.794,0.437,-0.774,0.466,1.228,-0.999,-0.72,0.861,0.0,0.0,0.0,0.0
1,0.913,0.0,1.146,-0.247,0.339,0.034,1.005,-0.003,1.099,0.13795,0.966,-0.014,1.042,0.54991,1.127,-0.363,0.437,-0.155,0.837,-0.15,1.454,1.449,0.426,-0.082,1.145,-0.02,1.214,-0.01158,0.378,-0.17,0.612,-0.278,1.191,-0.02
0,0.0,0.0,0.908,1.015,0.606,-0.607,0.0,0.0,0,0.0,0.519,0.838,0.766,0.514,-1.004,-1.098,1,-0.83,-1.346,0.699,0.0,0.0,0.942,-1.039,1.128,-1.102,1.234,1.063,-0.723,-1,0.0,0.0,0.0,0.0
1,0.895,0.0,0.534,0.929,1,1.039,1.178,0.995,-0.392,0.743,-0.874,0.581,-0.753,0.701,-1.296,0.556,-1.41,-0.746,-1.352,-0.517,-1,-1.301,-0.444,-1.472,0.957,-1.052,1,-1.105,1.149,-0.933,1.016,-0.266,1.452,0.507
0,1.437,0.0,-0.645,-1.058,-1,1.164,0.666,0.387,0.037,-0.606,-1.004,-1.062,1.026,1.471,1.012,-1,-0.963,0.698,0.816,0.892,1.396,-1.028,-1.351,-0.906,-0.224,0.866,0.631,-1.026,-1,-0.778,-0.994,1.005,1.208,0.303
1,0.903,0.0,1.18,0.066,0.762,-0.041,0.652,-0.126,0.648,-0.064,0.494,0.014,0.566,-0.091,1.373,-0.128,0.61,-0.279,0.601,-0.417,0.958,-0.391,0.90140,-0.169,0.612,-0.397,1.081,-0.202,1.017,-0.30619,0.482,-0.39061,0.735,-0.223
0,1.471,0.0,0.105,-0.115,-0.579,1,-1.444,1.092,0.596,0.337,-0.861,-0.925,-1.244,-0.543,-0.939,0.848,-0.015,0.453,-0.373,-0.405,-0.648,-0.643,-0.704,-0.542,-1.344,0.251,0.531,-1,-0.672,-0.465,-1.456,-1.323,-1,0.71
1,1.258,0.0,0.704,-0.013,1.467,-0.043,1.461,-0.094,0.783,-0.119,1.499,0.662,0.933,-0.086,1.37,-0.199,1.388,0.21,1,-0.18,1.425,-0.253,1.368,-0.296,1.268,-0.596,0.734,-0.188,0.82920,-0.127,0.573,-0.196,0.869,-0.22981
0,0.0,0.0,-1.291,0.631,0.901,-0.716,-0.832,0.89,0.0,0.0,1.205,1.076,-1.071,-0.254,0.783,0.796,-1.11,-1,1.027,-1.231,-0.542,-1.496,1.151,0.933,1.45,-1,1.381,1.104,0.614,0.741,0.0,0.0,-0.751,-1
1,1,0.0,1,0.053,0.892,0.065,0.907,0.12,1.194,-0.025,1.34,0.05,0.95713,0.169,0.484,0.067,0.776,0.261,1.378,0.124,0.87,0.187,0.586,0.22,1.246,0.13,0.831,0.29,0.456,0.196,1.07,0.165,0.958,0.159
0,0.875,0,0.23,-1.398,-0.568,0.59,0.0,0.0,0.0,0.0,-1.432,0.929,0.0,0.0,-0.749,-0.56,1.021,0.43,0.51979,0.119,0.0,0.0,-0.605,-0.203,-0.802,0.811,1.189,0.698,-0.906,0.646,0.0,0.0,0.0,0
1,1,0.0,0.903,0.059,0.541,0.155,0.998,0.207,0.83,0.102,0.773,0.105,0.562,0.262,1.257,0.184,1.046,0.26721,0.652,0.449,0.701,0.304,0.609,0.554,0.76193,0.25,0.951,0.637,0.45,0.281,0.643,0.443,0.407,0.639
0,1,0.0,0.024,-0.344,0.0,0.0,0.0,0.0,0,0.0,0.0,0.0,0.0,0.0,0.101,-0.76,0.303,0.835,0.63,-0.368,0.0,0.0,0.082,-0.621,-0.105,-0.147,0.843,-0.487,-1.165,0.143,0.0,0.0,0.781,-0.27292
1,1.115,0.0,1.278,0.122,0.869,0.207,1.055,0.419,0.91759,0.335,0.602,0.454,1.126,0.472,0.518,0.675,0.738,0.479,0.824,0.753,0.63,0.759,0.702,0.453,0.499,0.572,0.329,0.45,0.345,0.833,0.33921,0.66844,0.271,0.807
0,1,0.0,0.524,1,0.151,-1.404,0.683,1.227,0.584,0.246,-0.62,1.138,-0.066,0.697,0.024,0.075,-0.575,-1.281,0.115,-0.048,0.173,-0.468,-1.034,0.882,0.734,-1.018,1.213,-0.053,0.704,1.178,0.302,-1.294,1.303,1
1,1,0.0,1.446,-0.557,0.979,0.512,0.698,0.101,1.087,-0.115,1.405,0.51,0.34,-0.167,0.973,0.009,0.497,-0.728,0.80025,-0.278,0.88065,-0.115,0.782,-0.117,1.057,0.081,0.505,-0.099,1.128,-0.246,0.55,0.251,0.764,-0.06
0,0.934,0.0,0.84783,0.157,1.239,0.512,0.636,-1.098,0.595,0.08424,1.344,0.236,0.6,0.404,1.167,0.367,1,0.022,0.318,-0.33,1.05,0.74,0.761,0.234,0.508,-0.371,0.84,0.171,0.486,-0.024,1.02,0.257,1.047,0.348
1,1.362,0.0,0.847,0.213,1.262,0.033,1.265,0.108,0.708,0.037,1.003,0.276,1.203,0.069,0.565,0.043,0.911,-0.24598,0.461,-0.109,1.121,0.035,0.943,0.144,1.133,-0.338,0.625,-0.02174,0.671,0.2,1.406,-0.168,0.761,-0.07329
0,0,0.0,1.116,-1.409,0.555,-1.065,1.031,-0.569,1.373,-0.848,0.991,1.06,1,0.779,0.5,-0.597,1.398,1.499,0.823,1.137,0.531,0.572,0.945,-0.677,1.146,-1.314,1.353,-1.222,0.754,0.671,0.0,0.0,1,-0.673
1,1.215,0.0,0.785,0.607,0.684,1.127,0.53,1.197,0.255,0.55,-0.374,1,-1.085,1.076,-0.664,0.40268,-0.282,-0.668,-1.318,-0.42822,-1.041,-1.068,-0.351,-1.065,0.481,-0.802,0.395,-0.665,0.135,-0.562,1.279,-0.331,0.811,0.042
0,1.039,0.0,1,0.569,1.025,-0.537,1.267,-0.83,1.399,0.999,1.333,1.485,1,1.485,1.226,-1.194,1.228,0.72,0.913,1.246,1.44,0.526,0.666,1.055,0.791,0.579,0.724,0.407,0.0,0.0,1.384,-1.308,1,-1.169
1,0.524,0.0,0.614,0.044,0.915,0.136,1.19,0.312,1.323,0.319,1.082,0.28778,1.454,0.38643,1.076,0.289,0.583,0.838,1.25,0.634,1.347,0.476,1.452,0.793,0.473,0.66,0.565,1.034,0.85611,0.526,0.93,0.62,0.504,1.033
0,0.0,0,0.723,-0.908,0.833,0.678,-1.039,-1.229,0.519,-1,0.0,0.0,0.0,0.0,-1.187,1.432,1.234,-0.652,1.3,-0.589,-0.628,0.502,1.298,-0.606,0.849,-0.83,0.607,-1.434,-1.098,-1.102,0.0,0.0,1,-0.942
1,1.105,0.0,1.396,0.112,0.963,0.18,1.103,0.289,0.524,0.373,0.831,0.6,0.906,0.488,0.82820,0.795,1.065,0.534,1.016,0.73140,0.579,0.68820,0.629,0.936,0.311,0.759,0.335,0.631,0.185,1.111,0.203,0.666,0.063,0.662
0,0.892,0.0,0.979,0.238,0.0,0.0,-0.32937,0.664,0.0,0.0,0.0,0.0,0.0,0.0,0.212,-0.251,0.24,0.195,0.553,0.91,0.0,0.0,0.0,0.0,0.661,0.248,1.039,0.63492,0.0,0.0,0.0,0.0,0.0,0
1,1.171,0.0,0.606,0.034,1,0.079,1.058,0.114,1.482,0.33,0.674,0.2,0.567,0.415,1.142,0.233,0.717,0.263,0.75906,0.509,0.493,0.628,0.431,0.567,0.395,0.788,0.364,1.007,0.49538,1.04,0.583,0.713,0.328,0.496
0,0,0.0,1.344,0.715,0.0,0.0,0.781,-0.548,1.474,-1.055,1,1.159,0.829,0.543,1.092,-1.471,0.579,1,0.886,0.531,0.961,-1.323,-0.869,-1.444,1.456,-0.765,0.704,-1.194,1.266,0.554,0.0,0.0,0.643,-0.939
1,1.244,0.0,1.351,0.035,1.258,0.104,0.704,0.16159,1.178,0.201,0.83,0.434,0.92745,0.523,0.869,0.406,1.197,0.616,0.908,0.705,0.536,0.441,0.454,0.58129,0.96,0.388,0.507,0.899,0.773,0.773,0.665,0.549,0.295,0.356
0,0.0,0,0.933,0.631,1.37,-0.504,0.542,0.594,0.751,1.205,1,1.174,1.45,0.89,1.071,0.901,0.801,-1.11,-0.933,1.194,-0.796,1.291,-1.151,1,1.4,-1.381,1.357,0.832,-1.231,1.027,-0.716,-1.257,-0.741,1.496
1,0.904,0.0,1,0.222,0.764,0.457,1.424,0.635,0.511,0.646,0.578,0.854,1.194,1.298,1.289,1.013,0.515,0.944,0.614,1.23,0.657,0.908,0.5,1.146,0.64628,1.076,0.334,1,0.055,1.104,-0.126,1.339,-0.483,1.236
0,0,0.0,0.843,0.831,1.339,-1.366,0.59,0.929,-0.524,1.432,0.0,0,0.827,1.154,0.0,0.0,0.0,0.0,-1.413,0.875,-0.955,1.426,0.66,0.995,1.254,-1.144,1.38,0.631,1.398,1.268,0.605,-1.461,-0.946,1
1,0.814,0.0,0.717,-0.049,1.356,0.384,0.903,0.054,1.49,0.23,0.75,-1.4,0.541,-0.341,0.721,-0.087,0.605,0.068,1.223,-0.48,0.606,-0.265,0.648,-0.815,1.269,-0.58042,0.919,-0.897,0.698,-1.255,1.19,-0.754,1,-0.48252
0,0.0,0.0,1.266,-1.382,0.959,1.233,1.439,1.165,1.009,1.077,1.028,0.88,0.653,-1,0.841,-0.529,0.781,1,0.907,-0.941,0.984,1.298,1.329,0.636,0.572,-1.186,0.917,0.843,1,-0.63,0.545,0.621,1.357,-0.964
1,1.372,0.0,0.601,0.099,0.951,0.127,0.926,0.248,0.791,0.267,0.817,0.278,0.864,0.46983,0.70796,0.56,0.673,0.812,0.372,0.71,0.527,0.875,0.24,0.873,0.317,1.127,0.23,0.714,0.09694,0.49,0.024,0.973,-0.031,0.445
0,0.907,0.0,0.676,-0.17314,0.821,0.244,0.338,0.261,0.224,0.651,1.303,-0.173,0.013,0.304,0.01060,0.567,0.208,0.485,0.155,0.376,0.061,0.30745,-0.001,0.22,-0.032,0.157,-0.059,0.102,-0.057,0.133,-0.068,0.091,-0.051,0.049
1,0.897,0.0,0.945,-0.029,0.442,-0.077,0.789,0.017,0.836,0.019,0.921,0.058,0.85,0.105,0.397,0.027,0.814,-0.258,0.717,-0.021,0.78698,0.104,0.392,-0.18639,0.65385,0.035,0.649,-0.075,0.657,-0.166,0.681,-0.113,0.637,0.031
0,1,0.0,0.39179,-0.066,1.136,0.048,0.84,1.071,0.365,0.197,0.304,0.112,0.763,-1.214,0.476,0.713,0.425,-0.07,0.534,-0.101,0.857,0.199,0.928,0.506,0.64,0.084,0.438,0.14630,0.31,-0.033,0.409,0.081,0.188,0.149
1,1.016,0,0.67547,0.057,0.863,-0.093,0.732,0.03774,0.658,-0.039,0.64,0.006,0.993,-0.175,0.91,-0.014,0.639,0.066,0.53,-0.068,0.997,-0.224,0.523,-0.186,0.808,-0.085,0.564,-0.05,0.513,0.031,0.56,0.043,1.019,0.007
0,0.554,0.0,0.687,-0.028,0.912,0.039,1.398,0.771,0.352,-0.072,0.373,-0.252,1.107,0.057,0.428,1.146,0.415,0.216,0.942,0.137,0.848,-0.234,0.98636,-1.031,0.286,0.394,0.56982,0.124,0.503,0.043,0.329,0.192,1.318,1
1,0.682,0,0.63,-0.019,0.46,0.0,0.323,0.11,0.358,-0.047,0.76,0.14118,0.438,0.101,0.431,-0.05490,0.827,0.022,0.474,0.0,0.64,0.044,0.648,0.115,0.36,0.005,0.598,0.079,0.431,0.047,0.322,0.251,0.292,0.213
0,1.228,0.0,0.49,0.099,0.184,0.12500,0.143,0.34,-0.048,0.44318,0.033,0.371,-0.109,0.44,-0.198,0.222,0.014,0.504,-0.196,0.189,-0.145,0.054,-0.258,0.434,-0.14,-0.044,-0.058,-0.102,-1.374,-0.537,-0.02916,-0.091,-0.007,-0.08
1,1,0.0,0.955,-0.182,0.966,0.485,0.581,0.128,0.634,0.069,1.151,-0.062,0.85193,0.331,0.528,0.345,0.537,0.53,0.822,0.465,0.76,0.27575,1.454,0.435,0.487,0.651,0.891,0.771,0.739,0.36,0.463,0.374,0.305,0.424
0,0.908,0,0.575,-0.071,-0.358,-0.888,-0.063,-0.705,0.80648,0.04576,1.282,-0.005,-0.249,0.649,-0.22,-0.84,0.711,-0.147,1.05,-0.093,-0.047,0.528,-0.216,0.527,1.132,-0.019,0.371,-0.13,0.563,-0.071,-0.179,-0.96,-0.241,-0.711
1,1,0.0,0.922,-0.26,0.684,0.041,0.347,0.403,0.614,0.182,0.646,0.164,0.435,-0.231,0.742,0.321,0.572,-0.326,0.468,-0.26087,0.391,0.17,0.774,-0.041,0.219,-0.065,0.447,-0.033,0.374,-0.049,0.833,-0.31,0.455,0.14783
0,1,0.0,-0.331,0.104,-0.301,0.753,0.765,-0.145,0.364,-0.093,0.187,-0.205,0.41,0.092,0.761,-0.13,0.236,0.526,0.339,0.021,0.491,0.085,-0.899,-0.86,1.016,0.675,0.393,-0.403,-0.141,0.087,0.02399,0.415,0.477,-0.08978
1,1.451,0.0,0.353,0.099,0.482,0.197,0.448,-0.006,0.753,0.201,0.511,-0.111,0.269,-0.055,0.325,0.024,0.854,-0.136,0.449,-0.034,0.434,0.045,0.172,-0.20883,0.28,-0.047,0.274,-0.022,0.34635,0.089,0.704,-0.012,0.39559,-0.017
0,1.444,0.0,0.527,0.09,0.0,0.0,0.506,0.076,0.522,1.055,0.38359,0.865,-0.016,0.53215,0.132,0.159,-0.028,0.935,-0.752,0.891,-0.09,0.303,-0.253,0.23725,-0.645,0.964,-0.328,0.731,-1.159,0.496,-0.543,0.163,0.0,0.0
1,1,0.0,0.859,0.127,1.006,0.548,0.746,0.287,0.83,1.063,0.324,0.762,0.158,1.312,0.046,1.163,-0.109,0.479,-0.404,1.075,-0.58,0.464,-0.673,0.456,-0.858,0.589,-0.961,0.217,-0.72369,0.097,-0.825,-0.043,-0.67699,-0.291
1,1.11,0.0,1.4,0.113,0.647,0.417,0.571,0.489,0.447,1.06,0.212,0.686,0.089,0.93945,-0.158,1.222,-0.299,0.941,-0.282,0.934,-0.841,0.372,-0.891,0.33537,-0.85376,0.255,-1.141,-0.012,-0.52,-0.267,-0.539,-0.471,-0.722,-0.356
0,1.496,0.0,-1,-0.854,0.0,0.0,0.50814,-0.9,0.55,0.354,-0.904,-0.511,0.0,0.0,0.0,0.0,0.705,-0.363,0.186,-0.905,0.561,-0.94,-1,-1.313,0.92,-0.798,-1.104,-0.87,-1.23,-0.723,0.873,-0.944,0.0,0.0
1,1.144,0.0,0.961,0.063,0.654,0.022,0.404,0.032,0.497,0.142,0.926,0.44,1.048,0.092,0.677,0.115,0.417,-0.069,0.536,0.0,0.832,0.159,0.651,0.149,0.623,0.079,0.74,0.129,0.654,0.116,0.59759,0.093,0.57455,0.15114
0,0.606,0.0,1.409,-1.339,0.0,0.0,0.471,-1.39,0.596,0.822,-0.612,-0.662,0,0.0,0.0,0.0,0.516,-0.424,0.923,-0.60294,0.0,0.0,0.18382,-0.903,-1.102,-0.605,-0.842,-1.356,0.78,-1.39,1.269,-0.568,0.0,0.0
1,0.781,0.0,0.984,0.014,0.52,-0.031,1.077,-0.02,1.382,-0.069,0.872,-0.062,1.427,-0.102,1.233,-0.145,0.917,-0.093,1.145,-0.075,1,-0.101,0.63,-0.102,0.954,-0.186,0.599,-0.208,0.94599,-0.161,0.96436,-0.205,1.032,-0.196
0,0,0.0,0.0,0.0,0.0,0.0,0.0,0.0,0.0,0.0,0.0,0.0,0.0,0.0,0.0,0.0,0.0,0,0.0,0.0,0,0.0,0.0,0.0,0.0,0.0,1.322,-0.959,0.0,0.0,0.0,0.0,0.0,0.0
1,1,0.0,1.344,-0.121,0.711,-0.185,1.097,-0.236,1.237,0.11,0.8,-0.013,0.891,-0.179,0.704,-0.325,0.99273,-0.172,1.447,-0.191,0.821,-0.303,0.9,-0.44,1.222,-0.246,1.077,-0.31565,1.108,-0.351,0.608,-0.4,0.689,-0.22
0,1.187,0.0,0.321,-0.255,0.0,0.0,0.837,-1,0.30682,0.95833,0.685,0.043,0.361,-0.461,0.0,0.0,0.548,-0.282,0.459,-0.613,0.0,0.0,0.0,0.0,0.28,0.223,1.452,-0.25,0.053,-0.571,0.158,-1.014,0.0,0.0
1,0.636,0.0,0.879,-0.471,1.133,-0.03692,0.597,-1.184,1.001,0.373,0.823,-0.088,1.05,-0.185,1.071,-0.082,1.167,-0.194,1.249,-0.20491,0.889,-0.245,1.02,-0.227,1.087,-0.179,1.239,-0.173,1.344,-0.188,0.667,-0.454,1.035,-0.44739
0,0.88,0.0,0.0,0.0,0.0,0.0,0.0,0.0,0.0,0.0,0.617,1.308,0,0.0,0.0,0.0,0.36585,-0.807,0.306,-0.565,0.0,0.0,0.0,0.0,0.0,0.0,0.947,0.084,0.0,0.0,0.0,0.0,0.0,0
1,1,0,1.31,0.003,0.719,-0.085,1.243,-0.226,0.567,-0.035,1.097,-0.089,0.659,0.016,0.824,-0.124,0.772,-0.171,0.661,-0.108,1.03,0.001,1.154,-0.046,0.962,-0.243,0.928,-0.182,0.799,-0.16581,0.401,-0.348,0.723,-0.417
0,1.398,0.0,0.125,0.10811,0.0,0.0,0.0,0.0,0.39,1.016,0.212,0.723,0.0,0.0,0.0,0.0,0.432,-0.932,0.377,-1.092,0.0,0.0,0.0,0.0,-0.363,-0.896,1.236,-0.664,0.375,-0.186,0,0.0,0.0,0
1,0.724,0,1.346,-0.824,1.362,-0.384,1.329,-0.564,1.025,-0.301,1.333,-0.321,0.358,-0.703,1.169,-0.705,0.537,-0.629,0.767,-0.714,0.96601,-1.367,0.369,-0.92,0.61946,-0.433,0.76,-1.02,0.583,-0.913,1.194,-1.246,0.452,-0.924
0,0.666,0.0,0.603,-0.913,0,0.0,0.0,0.0,0.56,1.454,0.528,-0.173,0.0,0.0,0.0,0.0,0.672,-0.245,0.593,-1.399,0.858,-1.362,0.0,0.0,0.0,0,1.039,-0.93939,-0.164,-0.9,0.0,0.0,0.0,0.0
1,0.524,0.0,0.948,0.14,0.527,0.345,0.457,0.465,0.424,0.424,0.36705,1.098,0.19617,0.778,-0.058,0.716,-0.102,1.02,-0.443,0.338,-0.595,0.38,-0.697,0.533,-0.374,0.192,-0.327,0.097,-0.703,-0.039,-0.653,-0.19923,-0.446,-0.399
0,0.902,0.0,0.483,-0.61000,0.0,0.0,1,-0.995,0.696,1.294,0.453,0.68,0.0,0.0,0.0,0.0,0.631,-0.377,0.852,-0.701,0,0.0,0.0,0.0,0.112,0.751,0.767,0.234,0.0,0.0,0.0,0.0,0.0,0.0
1,1,0.0,1.142,0.272,0.91404,0.328,0.545,0.536,0.701,1.149,0.29,0.932,0.097,0.859,-0.316,0.853,-0.351,0.635,-0.611,0.585,-0.95,0.448,-0.667,0.299,-0.614,0.033,-1.043,-0.124,-0.653,-0.252,-0.715,-0.602,-0.217,-0.53319
0,0.575,0.0,1.061,0.495,-0.381,0.903,-0.26,0.374,0.063,0.311,-0.185,-0.08,-0.03158,-0.086,0.015,-0.049,0.013,-0.00537,0.003,0.001,0.001,0.001,-0.0,0.0,-0.0,0.0,-0.0,0.0,0.0,0.0,0.0,0.0,0,0.0
1,1,0.0,0.264,-0.063,0.441,0.07143,0.2,0.208,0.25,0.077,0.335,0.019,0.456,-0.029,0.218,-0.046,0.413,-0.068,0.185,0.05,0.199,0.0,0.192,-0.132,0.207,-0.07,0.131,-0.02290,0.101,0.0,0.122,-0.018,0.144,-0.027
0,1,0.0,1.244,-0.095,1.178,0.068,0.326,-0.012,0.67,0.014,0.737,-0.018,0.612,0.0,0.941,-0.246,0.19672,-0.186,0.462,-0.17176,0.991,0.048,1.338,-0.341,0.455,-0.189,0.704,-0.18,0.251,-0.026,0.181,-0.622,0.462,-0.083
1,1.174,0.0,1.13,0.0,0.694,0.039,1.039,0.064,0.475,0.0,0.374,0.034,0.535,0.06,0.72,0.071,0.62727,0.203,0.568,0.119,0.844,0.14,0.983,0.13493,0.672,0.293,0.892,0.216,0.58,0.037,0.60715,0.142,0.795,0.175
0,1,0.0,0.284,0.52381,-0.991,0.058,-0.218,-0.875,0.82,0.014,1.229,0.249,-0.474,0.339,-0.225,-0.585,0.661,0.191,0.478,0.034,-0.703,0.58,-0.45,-0.69,0.32143,0.625,0.556,0.52,0.615,0.198,-0.44,-0.167,0.217,-0.525
1,1.189,0.0,0.785,-0.082,1.366,-0.02494,1.254,-0.064,0.452,0.003,0.691,-0.048,0.882,-0.066,0.51,-0.272,0.455,0.041,0.84,-0.034,1.298,-0.163,1.432,-0.261,0.799,0.03556,0.66,-0.18,0.519,-0.193,1,-0.215,0.59,-0.262
0,0.648,0,0.534,-0.186,0.437,-0.107,0.13,-0.959,0.281,-0.022,0.203,-0.033,0.389,0.407,0.416,-0.301,0.169,-0.025,0.542,0.065,0.106,0.443,0.377,0.208,0.444,0.231,0.346,-0.07,0.19,-0.031,0.16,-0.296,0.29091,-0.29091
1,1,0.0,0.998,-0.87,0.843,0.694,0.582,-0.049,0.62264,0.0,1.439,-0.0,0.381,0.046,0.486,-0.064,1.017,-0.0,0.717,0,0.73,0.048,0.873,-0.001,0.984,0.853,1.016,-0.001,0.91,-0.545,0.621,0.355,0.283,-0.109
0,0.572,0.0,0.465,0.729,-0.989,-0.311,0.365,-0.144,0.467,-0.112,-0.69,0.097,0.293,0.0,0.392,-0.094,-0.471,0.481,0.18,0.016,0.571,0.063,0.16667,-0.271,-0.549,-0.129,0.24889,-0.683,1,0.0,-0.673,-0.058,0.292,0.03
1,1.123,0.0,0.647,0.053,0.622,-0.103,0.498,0.0,0.434,-0.041,0.253,0.0,0.377,0.142,0.56,0.025,0.638,-0.199,0.242,-0.188,0.242,0.08333,0.351,0.136,0.32,-0.209,0.44012,-0.112,0.41667,-0.053,0.744,-0.399,0.395,-0.062
0,1,0.0,1.13,0.76,0.0,0.0,0.0,0.0,0.0,0.0,0.715,-0.593,-0.548,0.667,-0.95489,0.351,0.955,0.795,0.0,0.0,0.0,0.0,0.716,0.179,-0.543,-0.673,0.973,-0.928,1.138,1.178,0.0,0.0,0.0,0
1,1.239,0.0,0.813,0.069,1.169,0.114,0.999,0.227,0.88,-0.333,0.837,0.368,0.795,0.383,0.843,0.338,0.66145,0.548,0.486,0.381,0.725,0.229,0.53,0.44511,0.449,0.464,0.328,0.463,0.981,1.446,0.131,0.326,0.193,0.37191
0,1.487,0.0,0.518,0.339,0.82809,0.512,0.861,0.458,1.083,-0.10984,1.439,0.068,0.83,-1.082,1.153,0.899,1.283,-0.061,0.673,0.139,1.127,-0.662,0.821,-1.194,0.36,-0.298,0.545,0.216,0.823,0.376,0.984,0.673,1.116,0.68822
1,0.555,0.0,0.723,0.086,0.531,-0.025,0.929,0.038,0.51,-0.112,0.559,-0.022,0.925,-0.024,0.673,-0.041,0.779,-0.05179,0.93840,0.018,0.97620,-0.079,1.037,-0.055,0.648,-0.086,0.954,-0.096,1.199,0.013,0.597,-0.129,1.059,-0.097
0,0.945,0.0,0.0,0.0,-0.411,0.932,0.0,0.0,0.425,-0.991,1.128,0.387,-0.144,-0.486,-0.151,0.65565,0.536,0.16391,0.0,0.0,0.0,0.0,-0.122,-1.23,0.0,0.0,0.848,-0.682,0.0,0.0,0.063,0.527,0.0,0
1,0.526,0.0,0.545,0.007,1.194,0.009,1.198,-0.007,0.557,-0.028,1.411,-0.052,1.384,-0.011,1.226,-0.021,1.308,-0.007,0.773,0.0,0.523,-0.036,0.724,-0.068,1.319,-0.04527,0.784,-0.043,0.869,-0.02478,1.371,-0.052,1.462,-0.04112
0,1,0.0,0.0,0.0,1.164,-0.33,0.117,-0.079,0.0,0.0,1.27,0.092,1.399,-0.265,1.334,0.102,1.276,-0.104,0.0,0.0,0.858,-0.123,0.666,-0.529,0.0,0.0,1.055,-0.16,0.0,0,0.678,-0.25946,0.24,-0.196
1,1,0.0,0.336,0.012,0.247,-0.017,0.648,0.047,0.133,0.145,0.418,0.043,0.271,0.061,0.419,0.0,0.231,0.0,0.33,0.07317,0.296,0.063,0.171,0.029,0.21951,0.122,0.251,0.073,0.089,0.074,0.226,0.0,0.111,0.061
0,0.902,0.0,1.149,1.015,1.063,-1.063,0.0,0,0.0,0.0,1.294,1.434,0.607,-1.004,1.128,1.098,1.452,-1.105,0.0,0,0.0,0.0,0.942,-0.411,0.0,0.0,1.291,-0.766,0.895,1.296,0.849,-0.83,0,0.0
1,0.743,0.0,0.243,0.182,0.546,0.228,0.466,0.251,0.296,0.44898,0.322,0.609,0.111,0.769,0.0,0.497,-0.064,0.32,-0.243,0.572,-0.24,0.389,-0.287,0.325,-0.61224,0.326,-0.478,0.219,-0.834,0.187,-0.469,0,-0.247,-0.22
0,1,0.0,0.0,0.0,0.963,-0.671,0.0,0.0,0.0,0.0,0.698,1,1.161,-0.25342,1.24,0.155,1.364,-1.062,0.0,0.0,0.0,0.0,0.659,0.612,0.0,0.0,1.026,-0.611,0.0,0.0,0.778,-0.994,0.0,0.0
1,0.579,0.0,0.882,0.401,0.876,0.253,1.073,0.484,0.544,1.115,0.127,1.312,-0.017,0.901,-0.145,0.869,-0.213,0.389,-0.617,0.427,-0.812,0.308,-0.713,0.117,-0.811,-0.145,-0.416,-0.218,-0.55147,-0.253,-0.44118,-0.326,-0.156,-0.56618
0,1,0.0,-0.939,0.249,0.156,0.126,-0.545,-0.725,-0.30719,1.051,-0.543,1.258,-0.434,0.472,-0.433,-0.017,-0.935,-0.704,-0.875,-0.626,-0.057,-1.213,1.384,-1.265,-1.266,-0.59,0.422,0.067,-1.499,0.035,0.18301,0.023,-0.308,-0.678
1,0.716,0.0,0.249,-0.135,0.643,0,0.33333,-0.124,0.33,0.091,0.629,0.024,0.882,0.069,0.416,-0.058,0.713,0.157,0.281,-0.024,0.273,0.286,0.822,0.0,0.25000,0.099,0.586,0.065,0.345,0.021,0.639,0.047,0.331,-0.051
0,0.723,0,-0.335,0.494,-0.205,0.086,-0.266,-0.057,0.031,-0.089,0.062,0.028,-0.009,0.015,-0.021,-0.001,-0.00093,-0.008,0.004,-0.002,0.002,0.002,-0.002,0.001,-0.001,-0.0,0.0,-0.0,0.0,0.0,0.0,0.0,-0.0,0.00002
1,0.904,0.0,0.593,-0.284,0.588,0.284,0.748,-0.229,1.194,0.246,0.578,-0.27027,0.51351,0.0,0.548,-0.076,0.167,-0.143,0.453,-0.241,0.317,0.062,0.578,0.08,0.429,-0.29730,0.802,-0.206,0.837,-0.19,0.69,-0.745,0.466,-0.309
0,1,0.0,1.125,-0.021,-0.698,-0.249,-0.717,-0.014,0.808,0.008,0.787,-0.029,-0.568,0.206,-1.398,-0.00391,0.499,-0.03,1.299,-0.039,-1.389,0.102,-1.185,0.256,1.171,-0.005,0.82041,0.184,0.495,-0.099,-0.814,-0.187,-1.144,-0.28
1,0.636,0.0,1.078,0.021,0.93757,-0.008,0.73,0.011,0.96705,-0.017,1.044,0.004,1.297,-0.036,0.914,-0.003,1.35,-0.027,0.539,0.018,0.93584,-0.055,0.512,-0.014,1.131,-0.062,0.809,-0.01,0.631,0.024,0.744,-0.021,0.881,0.007
0,1.322,0.0,1.009,-0.068,1.329,-0.757,0.72,-0.149,0.348,-0.23,0.63,-0.226,0.16667,-0.141,1,-0.302,1.114,-0.295,0.572,-0.282,0.0,-0.173,1.298,-0.50333,0.959,-0.279,1.233,-0.4,0.875,-0.276,1.372,-0.8,1.026,-0.349
1,1,0.0,0.405,-0.066,0.328,-0.135,0.141,-0.084,0.096,-0.066,0.053,-0.047,0.018,-0.03,0.004,-0.017,0.004,-0.013,0.001,-0.005,-0.0,-0.002,-0.0,-0.002,-0.0,-0.001,-0.0,-0.00048,-0.0,-0.0,-0.00012,-0.0,-0.0,-0.0
0,1.178,0.0,0.708,-0.08,0.89,0.0,0.687,-0.088,0.792,-0.106,0.68627,-0.107,0.66667,-0.203,0.969,-0.079,0.805,-0.117,0.651,-0.229,0.736,-0.192,0.362,-0.35,0.398,-0.17,0.548,-0.188,0.4,-0.352,0.43137,-0.245,0.436,-0.185
1,0.558,0.0,0.239,0.186,0.311,0.145,0.115,0.144,0.097,0.174,0.008,0.169,-0.025,0.113,-0.049,0.065,-0.038,0.037,-0.027,0.017,-0.034,0.003,-0.018,-0.003,-0.016,-0.005,-0.003,-0.007,-0.00294,-0.006,-0.0,-0.003,0.00025,-0.00291
0,1.308,0.0,-0.65625,0.162,0.063,0.0,0.0,0.071,0.595,0.058,0.122,0.0,-0.04,0.109,0.048,0.0,0.21,-0.131,0.385,-0.325,0,-0.071,0.0,0.0,0.039,-0.525,0.039,0.0,-0.979,0.03125,-0.036,0.0,0.0,0.081
1,1.262,0.0,1.318,-0.008,0.847,-0.015,0.708,-0.069,0.79,-0.018,1.338,-0.039,0.847,0.048,0.997,-0.061,0.783,0.109,0.757,-0.006,0.944,0.06486,0.673,0.065,0.836,0.07,1.016,0.007,0.597,-0.025,1,0.02703,1.314,-0.072
0,1,0.0,0.931,0.039,1.23,0.1,0.991,0.945,1.303,-0.008,0.953,0.054,1.409,0.155,0.5,1.232,0.946,0.04,0.90698,0.077,1.222,0.50670,0.82,-1.116,0.683,0.026,0.572,0.667,0.793,0.043,1.314,1.199,0.554,0.945
1,0.785,0.0,0.476,-0.011,0.724,0.11,1,0.022,0.782,0.007,0.639,-0.014,1,0.0,1.025,0.091,0.562,0.066,1.111,0.064,0.56,0.026,1.469,-0.022,1.386,0.05348,1.353,0.053,0.499,0.013,1.333,0.073,1.317,0.064
0,1,0.0,-0.262,0.263,0.197,0.133,0.374,0.335,0.199,0.445,0.377,-0.212,0.1,0.399,-0.068,0.286,-0.073,0.307,-0.268,0.248,-0.561,-0.047,0.203,0.42,-0.682,-0.219,0.45,-0.232,-0.586,0.123,-0.393,-0.31228,0.40445,0.016
1,1.158,0.0,0.60000,0.04,0.685,0.083,0.369,0.083,0.909,0.0,0.413,0.0,0.731,0.0,0.517,0.0,1.003,0.072,0.66667,0.10000,0.987,-0.023,0.465,0.0,0.332,0.111,0.416,0.125,0.58,0.147,0.447,0.224,0.824,0.084
0,1.301,0.0,0.045,-0.008,0.039,0.012,0.0,-0.013,0.007,-0.03,0.017,-0.097,-0.00559,0.047,0.092,-0.036,0.0,0.14,-0.049,0.083,-0.04749,0.019,0.021,-0.006,0.006,0.004,0.097,-0.008,0.04,-0.00279,0.038,0.0,0.029,-0.028
1,0.929,0.0,1.046,0.292,0.722,0.87,0.488,0.82455,0.009,0.89109,-0.24871,0.766,-0.464,0.326,-1.103,0.351,-0.955,0.102,-0.695,-0.205,-0.468,-0.277,-0.317,-0.629,-0.056,-0.682,0.237,-0.395,0.534,-0.617,0.643,-0.277,0.47,-0.062
0,1.046,0.0,0.056,0.01,-0.025,0.049,0.015,0.062,-0.07759,0.006,0.009,-0.09,-0.032,0.042,-0.072,-0.028,-0.092,0.081,-0.029,0.031,0.023,0.025,-0.038,-0.01,0.038,-0.009,0.00862,0.013,0.015,0.008,0.038,0.014,-0.028,-0.00575
1,1.444,0.0,0.791,-0.006,1.14,0.006,0.435,0.002,0.829,0.016,0.631,-0.00985,0.596,0.036,0.505,0.015,0.80099,-0.007,0.945,-0.031,0.535,0.021,0.867,0.065,0.417,-0.015,0.906,0.004,0.614,-0.039,0.46,0.02,1.165,0.00788
0,1.155,0.0,0.02,0.02568,0.004,0.0,0.014,-0.011,0.025,-0.063,-0.031,-0.007,0.008,-0.034,0,-0.028,-0.045,-0.021,-0.026,0.05,0.02140,0.005,0.044,-0.02,0.043,0.013,0.031,0.022,0.021,0.01,-0.038,-0.025,-0.021,0.013
1,1.027,0.0,0.318,0.196,0.303,0.314,0.222,0.429,0.01852,0.505,-0.017,0.465,-0.429,0.418,-0.557,0.389,-0.306,0.06878,-0.634,-0.076,-0.123,-0.14550,-0.212,-0.533,-0.217,0.003,0.044,-0.465,0.102,-0.311,0.195,-0.333,0.322,0.031
0,1,0.0,0.107,0.006,0.13959,-0.055,0.13,-0.098,0.158,-0.066,0.175,-0.013,0.106,0.062,0.163,-0.075,0.233,-0.043,0.096,0.078,0.063,0.0,0.163,-0.001,0.15103,-0.097,0.121,0.019,0.069,-0.086,0.062,-0.11,0.084,-0.079
1,0.59,0.0,0.94333,0.229,0.454,0.534,0.152,0.74,-0.71,0.744,-0.379,0.602,-0.877,0.0,-0.567,-0.274,-0.348,-0.317,-0.181,-0.644,0.436,-0.585,0.873,-0.512,0.73857,-0.071,0.78,0.176,0.628,0.309,0.017,0.416,-0.295,0.50457
0,0.94,0,0.022,0.005,0.058,-0.005,0.026,0.016,0.012,0.061,0.004,0.002,0.012,-0.016,-0.018,0.07,-0.044,0.033,-0.023,-0.005,0.057,-0.029,0.02,0.0,0.0,-0.017,0.01834,-0.013,0.004,-0.02,-0.021,-0.019,0.00705,0.0
1,1.021,0.0,0.438,0.001,0.623,-0.061,0.731,-0.026,0.953,0.092,0.648,0.11949,1.295,-0.064,0.706,0.05,1.24,-0.037,0.675,-0.181,0.801,0.018,0.645,0.023,1.072,-0.016,0.942,-0.052,1.051,-0.06423,0.576,-0.026,0.79089,-0.134
0,1.059,0.0,0.539,-0.51,1.157,1.22,-0.527,0.78,1.066,-1.023,0.993,-0.919,-1.205,-0.985,-1.335,0.961,0.567,1,1.189,0.634,-0.655,0.723,1.393,-1,0.793,-0.799,0.824,1,1.325,0.722,-1.129,0.532,-1.145,0.889
1,1.111,0.0,1.024,0.426,0.289,0.599,0.112,0.516,-0.298,0.88744,-0.76229,0.405,-0.766,0.11,-0.646,-0.352,-0.568,-0.362,-0.233,-0.811,0.151,-1.126,0.703,-0.315,0.929,-0.163,0.922,0.214,0.451,0.458,0.282,0.703,-0.133,0.64933
0,1.209,0.0,1.146,0.934,1.065,0.425,0.814,-0.985,0.711,0.85,0.035,0.025,0.894,1.485,0.0,0.0,1.215,-0.895,1.103,0.783,1.158,1.171,0.252,1,0.998,0.788,1.456,1.075,1.474,1,-0.869,1.442,0.0,0
1,0.791,0.0,1.386,0.67,0.467,0.794,0.024,0.612,-0.472,0.5,-0.719,0.858,-0.825,0.091,-1.343,-0.176,-0.845,-0.659,-0.134,-0.86275,0.33,-1.291,0.859,-0.991,1.095,-0.201,0.725,0.21876,0.527,0.551,0.169,0.549,-0.126,0.90196
0,1.377,0.0,0.0,0.0,-1.256,-0.817,-0.935,1.483,0.0,0.0,-1.415,1.476,1.322,0.875,0.901,-1,0.0,0.0,0.0,0.0,-1,-0.891,-0.933,1.129,0.727,0.649,1.284,-0.673,0,0.0,-1.381,-0.768,-0.632,0.634
1,0.51,0.0,0.582,0.455,0.53695,0.708,-0.22222,0.604,-0.211,1.112,-1.404,0.386,-1.274,-0.056,-0.982,-0.12,-0.718,-1.144,0.562,-0.883,-0.313,-1.08,0.895,-0.161,0.257,0.0,0.567,0.54,0.43,0.731,0.197,1.121,-0.328,1
0,0,0.0,0.0,0.0,0.0,0,0.0,0.0,0.0,0.0,0.0,0.0,0.0,0.0,0.0,0.0,0.0,0.0,0.0,0.0,0,0.0,0.0,0.0,0.0,0.0,0.646,0.0,0.0,0.0,0.0,0.0,0.0,0.0
1,1.075,0.0,1.005,0.0,0.727,0.0,0.368,0.688,0.75000,0.0,0.89,0.132,0.969,0.204,0.635,0.103,1.0,0.369,1.055,0.292,0.63,0,0.792,-0.17,0.486,0.613,0.549,0.258,0.402,0.129,0.581,0.152,0.67493,0.256
0,0,0.0,-1.461,1.209,0.765,1.404,0.0,0.0,1.336,-0.583,0.74,-0.698,0.867,-0.672,-0.762,-1,0.0,0.0,-0.883,-0.837,0.0,0.0,0.0,0,-0.569,-0.735,0.718,-1.057,1.142,0.62,-0.766,-1.198,0.0,0.0
1,1.115,0.0,1.065,0.0,0.767,0.0,0.536,0.158,0.593,-0.101,1.283,-0.099,0.574,-0.22222,0.69,0.0,1.051,0.0,1.47,-0.11111,0.834,-0.131,0.45,-0.137,0.657,0.0,0.689,-0.077,0.592,0.074,0.88889,-0.124,0.616,0.0
0,0,0.0,0.0,0.0,0.0,0.0,0,0.0,0.0,0.0,0.0,0.0,-1.281,-0.53,0.0,0.0,0.765,0.74,0.0,0.0,0.0,0.0,-1.283,0.864,0.0,0.0,0.725,-1,-0.594,-1.445,0.508,0.635,0.0,0.0
1,1,0.0,1.496,0.342,0.635,-0.649,1,0.09091,1.033,-0.099,0.604,0.0,0.714,-0.325,1.274,-0.234,0.776,0.05,1.004,0.0,0.637,-0.397,0.542,0.107,0.527,-0.097,0.85,-0.053,1.418,0.376,0.632,-0.386,0.934,-0.191
0,1.255,0.0,0.7,-0.737,0.0,0.0,0.0,0.0,0.464,0.422,0.273,0.267,-0.07576,0.515,0.377,0.197,-0.53788,0.478,0.151,-0.155,0.028,-0.28,-0.776,0.219,0.251,-0.25,0.149,-0.835,0.444,0.24242,0.182,-0.021,0.141,-0.405
1,0.752,0.0,1.132,0.161,0.78,0.151,1,0.284,0.822,0.035,1.161,0.298,0.756,0.133,0.781,0.445,1.18,-0.054,0.866,-0.117,0.91,0.202,0.548,0.324,0.639,-0.093,1.45,0.137,1.394,0.065,1,0.191,0.578,0.23529
0,0.658,0.0,0,0.0,-0.516,-0.783,0.613,0.403,0.093,-0.269,-0.581,-0.48,0.159,-0.813,1.332,-0.8,0.0,0.0,0.872,-0.09,-0.322,1.445,0.17021,-0.593,0.0,0.0,-0.19149,-0.278,-0.168,-0.329,1.008,0.946,-0.752,0.413
1,0.861,0.0,1.298,0.225,1.219,-0.173,0.66,0.183,1.144,-0.093,0.849,0.06,0.83333,0.144,0.791,0.0,0.496,0.059,0.819,0.116,0.928,-0.059,0.94,0.127,0.851,-0.12500,1.006,0.028,1,0.242,0.922,0.0,0.554,0.032
0,1,0.0,0.239,-0.117,0.0,0.0,0.0,0.0,0.0,0.0,0.0,0.0,0.088,-0.217,0.0,0.0,0.0,0,0.0,0.0,0.0,0.0,-0.039,-0.079,0.046,0.062,0.13,-0.113,0.069,0.063,0.017,-0.028,0.16827,0.269
1,0.877,0.0,1.029,-0.105,0.612,-0.083,0.515,-0.418,0.795,-0.326,1.129,-0.34281,1.194,-0.262,0.807,-0.386,0.435,-0.48,0.887,-0.755,1.214,-1.037,0.795,-0.689,0.667,-0.98,0.495,-0.85669,0.209,-1.255,0.15,-0.816,0.29221,-1.296
0,1.111,0.0,0.539,0.94,-0.519,0.911,-0.927,-1.069,0.508,0.261,0.571,0.069,0.258,0.065,0.499,0.252,0.845,-0.042,0.169,0.53070,0.0,0.0,-0.401,-0.188,1.264,-0.72,0.632,-1,0.997,-0.133,0.271,0.20175,1.025,0.048
1,1,0.0,1.47,0.193,0.75,0.00369,0.73,-0.37,0.7,-0.334,1.039,-0.227,0.774,-0.31,0.808,-0.508,0.381,-0.778,0.252,-0.74,0.904,-0.494,0.793,-0.295,0.256,-0.397,0.29208,-0.557,0.152,-0.557,0.123,-0.262,0.247,-0.476
0,0,0.0,-1,0.993,1.189,-1.066,0.0,0.0,0.0,0,0.723,-0.51,0.634,1.129,0.0,0.0,1.454,-0.567,0.0,0.0,0.0,0.0,0.961,0.985,-1.039,0.712,1.143,-0.769,-0.655,1.22,-0.722,-0.889,0.0,0.0
1,1.189,0,1.186,-0.105,0.503,-0.187,0.892,-0.148,0.945,-0.377,0.79271,-0.314,1.006,-0.347,0.444,-0.604,0.438,-0.801,0.215,-0.383,0.45,-0.446,0.263,-0.534,0.16,-0.807,0.08,-0.59589,-0.086,-0.769,-0.014,-0.438,-0.089,-0.481
0,0.985,0.0,-1.103,-0.794,-0.685,0.921,0.934,-1.171,0.505,0.446,0.0,0.0,0.356,-1.442,1.209,0.752,0.0,0,1.215,0.744,0.942,0.894,0.0,0.0,-0.932,1.456,0.398,-1.075,1,-0.788,0.547,-1,0.545,0.711
1,1,0.0,0.657,0.421,0.648,0.403,0.054,0.771,-0.487,0.536,-0.526,0.727,-0.877,0.194,-0.492,-0.316,-0.62869,-0.63,-0.18,-1.17,0.237,-1.001,0.495,-0.409,0.558,-0.378,0.912,0.074,0.897,0.593,0.384,0.545,-0.003,0.69409
0,1,0.0,1,1.341,0.0,0.0,1.232,-0.632,-1.483,-1.322,0.768,1.483,1.476,-0.791,0.0,0.0,0.774,-0.965,1.381,0.587,0.0,0.0,1.267,-0.673,-1.256,-1.284,1.248,1.153,-0.817,0.933,-0.727,0.901,0,0.0
1,1.404,0.0,0.51,0.875,0.77,0.886,0.466,0.504,-0.33333,0.982,-1.151,1.077,0,0.615,-1.121,0.634,-0.748,0.0,-0.541,-0.98,-0.883,-0.529,-0.724,-0.376,-0.292,-1.251,0.167,-1,0.763,-1.274,0.0,-0.633,1.199,-0.393
0,0.0,0.0,-1.002,1.111,-0.636,-0.832,0.0,0.0,-1.279,1.164,1.152,-0.758,-1.374,-1.309,-0.646,1,0.0,0.0,-1.352,-0.57,-1.446,1.157,0,0.0,0.74,-1.481,1.159,1,1.024,-0.907,1.012,1.461,0.0,0.0
1,0.792,0.0,1.226,0.069,1.121,0.21,1.333,0.119,0.635,-0.134,0.834,0.397,0.681,0.285,0.742,0.845,-0.196,1.407,0.73,0,0.654,0.669,0.976,1,1,1.477,0.708,0.518,0.845,0.146,0.84,0.855,1.376,0.971
0,0,0.0,-0.569,-1.264,0.0,0.0,0.0,0.0,0.0,0.0,0.0,0.0,0.0,0.0,0.914,-0.762,0.0,0.0,-1,-0.595,0.0,0.0,1.451,0.633,1.057,-1.498,0.62,-0.867,0.0,0.0,0.0,0.0,0.0,0
1,1,0.0,0.877,-0.07,0.517,-0.131,-0.14,-0.141,0.368,0.05,0.23,-0.38,0.34,-0.462,0.025,-0.112,0.163,-0.33,0.087,-0.36,0.056,-0.463,0.048,-0.381,0.03004,-0.192,-0.0,-0.258,-0.026,-0.162,-0.04717,-0.14,0.019,-0.398
0,0.635,0.0,0.0,0.0,0.0,0.0,0,0.0,0.0,0.0,0.765,-0.448,0.11,0.279,0.0,0.0,0.0,0.0,0.0,0.0,-0.291,-0.21875,-0.101,1.163,-0.71,0.558,0.048,0.518,-0.118,-0.981,-0.113,-0.266,-0.19792,-1.329
1,1.418,0.0,1.193,0.077,0.895,0.055,0.96142,0.122,0.609,-0.283,0.66026,0.574,0.751,0.196,0.627,0.144,0.69,0.216,0.36,0.32,0.36,0.315,0.586,0.28476,0.211,0.347,0.303,0.156,0.275,0.335,0.142,0.232,0.256,0.272
0,1,0.0,0.861,-0.05,-1.245,-1.127,-0.626,-1.348,1,0.309,1.001,0.956,-0.993,-1.178,-1.346,0.866,0.321,1.429,1,0.604,1.006,-1.45,-0.714,-0.578,0.761,0.384,1.037,0.829,0.637,0.288,-0.75,-0.246,-1.452,1.066
1,0.91,0.0,0.93669,-0.001,0.832,0.501,0.872,-0.232,0.642,0.091,0.751,0.103,0.749,0.118,1.158,0.051,0.999,-0.145,0.682,-0.171,0.84871,0.262,0.591,-0.02,0.497,-0.036,0.983,-0.025,0.899,0.071,0.78317,-0.088,0.705,-0.094
0,1,0.0,0.672,-0.839,1,0.745,0.581,1.046,1.378,-0.345,1.332,1.249,1.288,0.594,1.15,0.8,0.0,0.0,1.113,0.639,0.902,1.125,1.445,-1.326,1.166,1.051,0.676,0.495,1.246,-0.936,-0.75000,1.354,0.754,0.921
1,0.566,0.0,1.27,0.215,1.021,-1.148,1.115,-0.081,0.709,0.15414,1.378,0.387,0.503,-0.052,0.522,0.061,1.07,-0.264,0.97,-0.122,0.839,0.045,1.41,0.09242,1.155,-0.008,0.705,-0.059,0.91165,0.024,1.406,-0.106,1.003,-0.152
0,0.814,0.0,0.302,-0.582,-1.233,-0.738,-0.113,1,0.55,0.721,0.74597,-0.33,-1.375,-0.451,-0.101,1.254,0.32,0.482,0.188,-0.359,-0.213,-0.253,-0.11976,0.035,0.026,0.08,0.044,-0.008,-0.003,-0.024,-0.005,0.001,0.0,0.004
1,1,0.0,0.64,0.268,0.804,-0.245,1.302,-0.107,0.612,-0.044,0.528,0.151,0.916,0.029,0.601,0.022,1,-0.153,0.944,0.068,1.029,0.003,0.909,0.213,1.188,-0.081,1.017,-0.004,0.75638,0.063,1.289,-0.103,1.496,-0.076
0,0.0,0.0,0.0,0.0,0.0,0.0,0.0,0.0,0,0.0,0,0.0,0.927,1.08,0.772,1.296,1.264,-1.161,0.0,0.0,1.354,1.069,1.392,-1,0.94,1.467,1.133,0.0,0.519,0.542,1.344,-0.519,0.0,0.0
1,0.787,0.0,1.143,-0.171,1,-0.197,0.86,-0.35094,0.943,-0.379,0.577,-0.721,1.292,-0.555,1.077,-0.791,0.992,-0.523,0.454,-0.312,0.514,-1.044,0.571,-0.932,0.729,-0.73333,0.436,-0.876,0.335,-0.884,0.169,-0.586,0.143,-0.358
0,1,0.0,0.0,0.0,0.0,0.0,0.0,0.0,-1.013,-0.527,0.0,0,1.039,-1.335,0.0,0.0,-0.961,-0.919,-1.059,-1.205,1.143,-0.567,-0.614,-1.129,1.346,1,-1.145,-0.16,1.189,-0.722,0.0,1.491,0.0,0.0
1,1.024,0.0,0.521,0.09091,1.147,-0.075,0.541,0.0,1.191,0.0,1.037,0.0,0.889,0.048,1.301,-0.055,0.809,0.0,0.784,0.0,1.015,0.048,0.859,0.048,0.913,0.053,1.177,0.025,1.33,0.09,0.86364,-0.115,0.86364,0.064
0,0,0.0,0.0,0.0,-0.744,0.921,1.442,0.894,-0.85,-1.194,0.0,0.0,-0.785,-0.805,-1.065,-0.439,-0.794,-1.302,1.209,-1.485,0.752,-1.132,0.0,0.0,1.146,-0.934,-1.171,-1,0,0.0,0.985,-1.456,0.0,0.0
1,0.608,0.0,0.977,-0.07,0.968,0.218,0.792,0.08824,0.91176,-0.021,0.551,-0.206,0.931,0.14706,1.372,0.034,1.366,0.0,1.291,0.0,0.415,0.093,1.301,0.018,0.666,0.027,0.491,0.021,1.272,-0.154,1.257,0.072,1.275,0.055
0,1,0.0,-0.791,0.727,-0.974,0.176,0.211,0.768,-1.267,1.381,-0.774,-0.965,1,1.497,-0.673,-0.325,0.401,-0.988,0.968,0.846,-0.467,-1,-0.935,-1.188,0.891,-1.248,-1.232,-0.053,1.284,-1.256,-1.322,-0.264,0.139,1.341
1,0.51,0.0,0.354,-0.134,0.822,0.022,0.64,0.023,0.495,-0.047,0.391,0.0,0.505,0.031,0.78315,0.081,1.01,0.47368,1.129,0.046,0.553,0.059,0.987,0.112,0.248,0.114,0.415,0.132,0.52632,-0.124,0.381,0.141,0.661,0.085
0,1.152,0.0,-0.007,-0.302,0.0,0.0,-0.026,1.233,0.0,0.0,0.0,0.0,0.0,0.0,0.0,0.0,0.0,0.0,0.364,0.941,-0.35256,0.74359,-0.434,-0.614,0.0,0.0,-0.61538,-0.292,0.0,0.0,0.0,0.0,0.0,0.0
1,1,0.0,1.279,0.526,0.971,0.466,0.476,0.371,1.121,-0.135,1.003,0.0,0.557,-0.382,0.404,0.293,0.654,-0.849,1.432,-0.384,0.914,-0.626,0.792,0.042,1,-0.066,0.518,0.08,0.976,0.307,1.093,0.472,0.515,0.27273
0,0,0.0,-0.74,-1.226,0.569,-0.976,-1.498,0.883,0.0,0.0,0.914,-1.198,1.057,-1.393,0.0,0.0,0.0,0.0,0.0,0,-1.264,0.834,0.867,-0.523,-1.477,0.766,0.633,0.698,0.0,0.0,1.404,0.694,0.0,0
1,0.888,0.0,0.301,0.07,0.63636,0.069,0.291,0.263,0.43,0.0,0.212,-0.067,0.664,-0.054,0.349,-0.017,0.63636,-0.104,0.366,0.0,0.226,-0.101,0.338,0.18182,0.535,-0.133,0.204,-0.02,0.321,0.0,0.528,0.0,0.263,-0.025
0,0.514,0.0,-0.594,-0.516,0.0,0.0,-1.283,0.458,-0.934,0.986,0.0,0.0,0,0,0.0,0.0,0.0,0.0,0.0,0.0,-1.417,-1.024,0.0,0.0,0.271,0.23387,0.53,0.313,0.0,0.0,0.0,0.0,0.0,0.0
1,1.086,0.0,0.546,0.15,1,0.454,1.427,1.016,0.508,-0.202,0.665,-0.131,1.274,0.037,1.496,0.0,0.354,-0.156,1.193,0.023,1.077,-0.305,1.418,0.0,0.175,-0.295,0.85,0.04891,0.752,0.031,0.687,0.363,0.934,0
0,0.0,0.0,1.178,1.037,0.632,-1.051,1,1.245,1.429,0.527,0.637,0.626,0.525,-0.928,0.972,0.678,1.23,-0.861,1.346,-1.127,0.866,0.75,0.917,1.464,0.829,-1,0.901,1,1.348,0.756,0.578,0.566,0.714,1.255
1,1.368,0.0,0.658,0.254,0.308,0.909,0.12,0.946,-0.556,1.275,-0.741,0.599,-0.838,0.16731,-0.714,-0.249,-0.322,-0.366,-0.181,-1.048,0.172,-0.432,0.402,-0.57430,0.541,-0.293,0.816,0.067,0.766,0.274,0.293,0.641,-0.064,0.57552
0,0.0,0.0,0.588,-1,0.639,1,1.354,-1.125,1.15,0.672,0.792,-0.839,1.046,-1.161,1.166,-1,0.676,1.326,1.378,0.745,0.8,0.902,1.249,-1.445,1.394,1.332,0.754,1.288,0.822,0.788,1.051,1.45,0.594,-1.113
1,0.566,0.0,1.033,0.058,0.461,0.123,0.631,0.136,0.83675,0.517,1.134,0.40198,0.583,0.453,0.769,0.625,0.426,0.646,0.327,0.343,0.615,0.417,0.392,0.814,0.311,0.663,0.336,0.629,0.114,0.53448,0.075,0.383,0.159,0.649
0,0.0,0.0,1.202,0.591,1,-0.552,1.039,-1.308,1.354,1.189,0.0,0.0,0.814,-0.634,0.0,0.0,0.0,0.0,0.0,0.0,-1,0.765,0.569,0.582,0.0,0.0,1.044,1.431,0.0,0.0,-0.819,-1,0.0,0.0
1,1,0.0,1.111,0.103,0.932,0.203,0.863,0.399,1.108,0.31,0.906,0.526,0.85,0.517,0.355,0.676,0.623,0.456,0.159,0.754,0.198,1.26,0.004,0.819,-0.103,0.585,-0.271,0.911,-0.184,0.71454,-0.495,0.635,-0.47419,0.567
0,0.0,0.0,0.519,-0.911,-0.772,0.808,-0.94,1,1.08,0.927,0.539,1,-0.984,-0.727,-1.111,-1.264,1.352,0.736,1.069,-1.296,-1,-1.467,-0.612,-1.392,0.519,0.0,1.237,-0.997,1.354,-1.017,-0.596,1.161,-1.325,1.242
1,1.422,0.0,0.845,0.148,0.742,0.327,0.485,0.172,0.288,0.648,0.352,0.289,0.158,0.807,0.285,0.546,0.174,0.51877,-0.09808,0.437,-0.047,0.458,-0.11,0.404,-0.188,0.377,-0.12,0.19,-0.274,0.237,-0.26634,0.293,-0.264,0.318
0,0.0,0.0,1.129,-1.145,0.78,0.799,1.335,-0.919,1.059,1.454,0.712,-1.491,0.961,1.039,0.634,-1,1.272,-0.511,1.423,1.189,1.205,0.722,1,-0.723,0.655,-1.346,0.527,-0.808,0.567,1,1.471,-1.143,1.023,0.769
1,0.701,0.0,0.789,0.173,1.022,0.131,0.88783,0.33,1.144,0.347,0.761,0.574,0.85,0.729,0.845,0.707,0.482,0.36,0.684,0.374,0.527,0.832,0.354,0.75622,0.143,0.751,0.133,0.409,0.08,0.631,-0.034,0.864,-0.053,0.74242
0,0.0,0.0,0,0.0,0.921,1.065,0.0,0,1.087,1.132,0.0,0.0,0.783,-1.103,0.0,0.0,0.0,0.0,0.0,0.0,0.0,0,0.0,0.0,0.0,0.0,0.785,-0.794,0.0,0.0,-1.442,0.895,0.0,0.0
1,0.788,0.0,0.86,0.15451,0.86399,0.232,0.678,0.186,0.616,0.346,0.672,0.62719,0.246,0.531,0.433,0.784,0.279,0.995,0.039,0.943,-0.163,0.611,-0.178,1.051,-0.155,0.848,-0.542,0.358,-0.467,0.359,-0.428,0.391,-0.409,0.424
0,0,0.0,0.0,0.0,1.341,0.745,1.153,1.381,0.0,0.0,0.0,0.0,-0.891,-0.825,0.0,0.0,-1.188,-0.935,0.0,0.0,0.0,0,1.232,1.22,0.0,0.0,0.846,1.072,0,0.0,-0.768,1.256,0.0,0.0
1,0.763,0,0.872,0.297,0.417,0.885,0.369,0.769,-0.05,0.812,-0.382,0.926,-0.409,0.288,-0.526,0.251,-1.161,-0.041,-0.513,-0.177,-0.252,-0.328,-0.206,-0.771,0.108,-0.905,0.187,-0.666,0.465,-0.29838,0.34,-0.133,0.248,0.12556
0,0,0.0,0.886,-0.758,1,1.461,1.024,1.481,1.164,1,1.159,1.111,0.604,-0.569,1.012,1.407,0.883,1.023,1.446,-1.115,0.77,-1.121,1.002,-1.352,0.57,-0.636,1.374,0.832,0.761,-1.309,1.233,1.152,0.867,1.389
1,1.003,0.0,0.521,-0.251,1.103,0.145,0.46,0.113,0.623,0.053,1.333,0.137,0.49,0.283,0.863,0.32925,0.393,0.168,0.409,-0.025,0.482,0.315,0.454,0.241,0.94530,0.335,0.633,0.437,0.144,0.73,0.255,0.736,0.346,0.49831
0,0.0,0.0,0.0,0.0,0.0,0.0,0.0,0.0,0.0,0.0,0.0,0.0,0.0,0.0,0,0.0,0.0,0,0.0,0.0,0.0,0.0,0.0,0.0,0.0,0,0.523,0.736,0.0,0.0,0.0,0.0,0.0,0.0
1,1,0.0,0.679,0.008,1.422,-0.002,1.223,0.004,1.294,0.013,0.94054,0.051,0.643,0.043,1.051,0.016,1.312,0.089,0.531,-0.008,1.15,0.055,1.101,0.053,0.543,0.118,1.4,0.033,0.578,0.011,1.413,0.04,1,-0.002
0,0.0,0.0,0.981,0.981,-1.283,-1.115,-0.675,-0.594,0.0,0.0,0.0,0.0,-1.424,-0.53,0.0,0.0,0.0,0.0,0,0.0,-1.073,0.724,1.281,1.123,0.0,0.0,1,-0.658,0.0,0.0,-1.159,-1.417,-0.616,-1
1,1.418,0.0,0.273,-0.249,0.919,0.012,0.361,0.033,0.812,0.008,0.34615,0.031,0.645,0.037,0.68101,0.072,0.854,0.029,0.688,-0.066,0.704,0.041,0.662,0.047,0.604,0.111,0.59935,0.119,0.277,0.056,0.357,0.057,0.584,0.101
0,1.464,0.0,0.63,0.75,0.796,-0.789,0.704,0.059,0.686,0.104,1.089,0.557,0.446,0.188,0.698,0.078,0.93478,-0.189,0.409,0.211,0.927,0.154,0.60201,0.553,1.178,-0.67,0.896,0.134,1.063,0.566,1,-0.041,0.469,0.322
1,0.548,0.0,1.115,-0.08,0.998,-0.155,0.928,-0.645,0.432,0.075,0.661,-0.29,0.78,-0.139,1.002,-0.652,0.49259,0.015,0.622,-0.05926,0.63,-0.235,0.993,0.32,0.784,-0.335,1.044,-0.213,0.931,0.014,0.506,-0.371,0.945,-0.57037
0,1,0.0,0.224,0.123,0.474,0.082,0.179,0.22,0.311,0.104,0.19455,0.212,0.185,0.476,0.125,0.189,-0.041,0.275,0.03,0.142,0.28,0.078,0.042,0.176,-0.031,0.28482,-0.038,0.306,-0.172,0.2,-0.135,0.209,-0.174,0.417
1,0.516,0.0,0.57540,-0.033,0.518,-0.074,0.848,-0.01190,0.53968,0.017,0.859,0.126,0.309,-0.019,0.584,0.017,0.434,0.037,0.882,0.02,0.339,-0.018,0.433,0.053,0.385,0.05,0.347,-0.011,0.557,-0.157,0.826,-0.015,0.829,-0.024
0,0.779,0.0,0.041,-0.197,-0.025,0.067,0.124,-0.02,-0.01,0.194,0.054,0.0,0.12315,-0.051,0.044,0.0,0.029,-0.03,-0.075,-0.114,0.041,0.017,0.072,0.02956,0.073,0.14,0.338,-0.04926,-0.077,-0.122,0.063,0.056,0.088,-0.083
1,1,0.0,0.543,0.112,0.465,-0.06935,0.952,0.013,1.074,0.003,0.976,0.187,0.721,-0.002,0.793,0.052,0.46,-0.232,0.603,-0.116,0.437,-0.009,0.912,0.116,0.392,-0.119,1.028,-0.012,0.816,0.04810,0.724,-0.047,0.556,-0.048
0,1.325,0.0,0.184,0.358,0.0,0.0,-0.29620,-0.519,0.0,0.0,0.096,-0.068,0.0,0.0,0.0,0.0,0.0,0.0,0.0,0.0,0.007,0.417,-0.278,0.182,-0.10380,0.213,0.041,-1.237,0.0,0.0,0.06329,-1.161,0.0,0.0
1,1.152,0.0,0.794,-0.008,1.33,-0.027,0.595,-0.026,1.311,-0.097,0.929,-0.10932,0.902,0.007,1.126,-0.144,1.239,-0.077,1.038,-0.035,0.8,-0.196,0.499,-0.133,1.212,-0.277,0.707,-0.169,0.682,-0.12862,0.689,-0.18542,1.016,-0.206
0,1.192,0.0,0.341,-0.511,0.0,0.0,0.0,0.0,0.362,0.51042,0.711,0.017,0.0,0.0,0.0,0.0,0.119,-0.646,0.544,-0.18333,0.0,0.0,0.0,0.0,0.742,-0.609,-0.527,-1,-0.376,-0.865,0.0,0.0,0.0,0.0
1,1.208,0.0,0.875,0.016,1.219,0.017,1.294,0.007,0.584,-0.072,0.90103,-0.084,0.495,-0.011,0.475,-0.08918,0.674,-0.064,1.035,-0.047,0.96,-0.129,1.057,-0.063,0.82980,-0.114,1.205,-0.125,1.044,-0.168,0.547,-0.111,0.452,-0.147
0,1,0.0,0.0,0.0,1.065,0.142,1.013,-0.02,0.0,0.0,1.189,-0.461,0.985,0.282,0.785,-0.06,0.934,-0.769,0.0,0.0,1.171,-0.032,0.699,-0.223,0.0,0,1.004,-1,0.0,0.0,0.895,0.153,0.975,-0.071
1,1,0.0,0.69,0.029,0.996,-0.001,0.574,0.004,0.962,-0.031,0.705,0,1.169,-0.034,0.796,0.002,1.12,-0.05429,0.757,-0.173,0.996,-0.048,1.178,-0.039,1.135,-0.088,0.783,-0.081,0.656,-0.1,0.711,-0.058,0.819,-0.108
0,0.846,0.0,0.0,0.0,0.0,0.0,0,0.0,0.0,0.0,0,0.0,-0.935,1.232,0.608,0.427,0.0,0.0,0.0,0.0,0.0,0.0,0.0,0.0,0.0,0.0,0.988,1.284,0.0,0.0,0.0,0.0,0.0,0
1,0.78,0,0.316,0.011,0.517,-0.087,0.297,-0.062,0.296,0.09610,0.325,0.082,0.55844,-0.06,0.422,-0.019,0.402,-0.08,0.534,-0.015,0.687,-0.038,0.722,-0.013,0.518,0.0,0.337,-0.045,0.233,0.036,0.682,-0.041,0.427,-0.099
0,0.0,0.0,0.0,0.0,0.0,0.0,0.0,0.0,0.0,0.0,0.0,0.0,0.0,0.0,0.0,0.0,0.0,0,0.0,0.0,0.0,0.0,0.0,0.0,0.0,0.0,0.571,-0.76,0.0,0,0.0,0.0,0.0,0
1,1,0.0,1.481,0.396,1.254,0.25000,0.227,1.407,0.125,0.597,-0.114,0.468,-0.26,0.386,-0.628,0.287,-0.282,0.187,-0.197,0.009,-0.187,-0.053,-0.157,-0.15,-0.107,-0.128,-0.017,-0.076,0.009,-0.071,0.016,-0.053,0.025,-0.02017
0,1,0.0,0.0,0.0,0.0,0.0,0.84,1.093,-0.681,-1.388,0.0,0.0,0.633,-0.081,0.0,0.0,0.0,0.0,-1.088,0.523,1.477,1.209,1.057,-1,0.0,0.0,0.762,-0.595,0.0,0,0.0,0.0,1.075,0.883
1,0.914,0.0,1.163,0.405,0.364,0.935,0.461,0.467,-0.028,0.90740,-0.523,1.105,-0.411,0.382,-0.652,0.272,-0.81136,-0.124,-0.771,-0.34,-0.238,-0.908,-0.19,-0.542,0.119,-0.394,0.22,-0.753,0.348,-0.22,0.499,-0.086,0.468,0.16645
0,0.574,0.0,0.0,0.0,0.0,0.0,0.0,0.0,-1.123,0.907,0.0,0.0,0.592,0.462,-0.173,-0.092,0.0,0.0,-1.281,-1.424,0.0,0.0,0.981,-1.113,0,0.0,0.616,0.253,0,0,0.0,0.0,0.0,0.0
1,1.427,0.0,0.453,0.276,0.711,1.101,0.107,0.579,-0.343,1.363,-0.656,0.362,-1.249,0.261,-0.785,-0.034,-0.77356,-0.518,-0.665,-0.53,-0.056,-0.711,0.26384,-0.533,0.402,-0.356,0.456,-0.177,1.026,0.123,0.621,0.235,0.379,0.57656
1,0.972,0.0,0.186,0.026,0.131,0.24,0.218,0.797,-0.258,1.176,-0.062,0.277,-0.61352,0.163,-1.266,-0.05409,-0.121,-0.108,-0.273,-0.386,-0.142,-1.074,0.019,-0.235,0.21,-0.04,0.255,-0.111,0.414,-0.066,0.203,0.07,0.144,0.20468
1,1.18,0,0.566,0.402,0.406,0.787,0.093,1.307,-0.314,0.83578,-0.607,0.465,-1.256,0.259,-1.226,-0.224,-0.313,-0.701,-0.16,-1.201,0.072,-1.032,0.537,-0.916,0.726,-0.174,0.448,0.087,0.524,0.604,0.293,0.698,-0.044,0.79444
1,0.639,0.0,0.512,-0.04,0.738,0.007,0.55,-0.044,0.367,0.008,0.703,-0.056,0.907,0.04,0.574,-0.098,0.784,0.102,0.936,0.0,0.399,0.135,0.50060,0.025,0.357,0.14079,0.681,0.014,0.305,0.036,0.396,-0.007,0.351,-0.09146
1,1,0.0,0.382,-0.02,0.828,0.024,0.673,0.196,1.103,0.07,1.08,0.605,0.795,0.007,1.023,0.166,1.115,0.063,0.562,0.059,0.444,0.022,0.661,-0.131,0.447,-0.109,0.903,0.098,0.324,0.08640,0.791,0.105,0.342,0.21691
1,1.044,0.0,0.772,0.147,0.724,0.025,0.588,0.027,0.498,-0.079,0.931,0.119,0.967,0.066,0.807,0.075,0.536,-0.093,0.909,0.095,0.796,0.045,0.431,0.08041,0.60154,-0.086,0.481,0.08767,0.282,0.182,0.545,0.079,0.279,0.076
1,0.699,0.0,0.504,0.061,1.09,0.001,1.22,0.003,0.84300,0.1,0.571,0.028,0.451,0.005,0.813,0.01,0.591,-0.173,0.684,-0.035,0.76365,0.011,0.686,0.006,0.524,-0.037,0.70824,0.011,0.574,0.145,0.916,0.018,0.872,0.015
1,0.927,0.0,0.632,0.0,0.352,0.057,0.57,0.052,0.635,-0.049,0.259,-0.12609,0.28,0.067,0.56,0.014,0.363,0.184,0.544,0.173,0.489,-0.037,0.426,-0.087,0.47391,-0.006,0.417,0.041,0.381,0.022,0.362,0.193,0.606,0.17391
1,0.623,0.0,1.035,0.07,0.893,0.233,1.051,0.177,0.418,0.587,0.817,0.63,0.57898,0.894,0.447,0.662,0.47,0.965,0.233,0.854,0.103,0.736,0.017,0.8,-0.107,0.642,-0.177,0.486,-0.18226,0.291,-0.241,0.639,-0.27339,0.489
1,0.722,0.0,0.769,0.118,0.761,0.319,1.006,0.47,0.436,0.561,1.009,0.429,0.323,0.71942,0.575,0.883,0.271,0.677,0.284,0.719,0.07,1.225,-0.013,0.408,-0.173,0.75596,-0.239,0.439,-0.256,0.886,-0.314,0.802,-0.437,0.44534
1,1.335,0.0,0.482,0.154,0.773,0.441,0.913,0.529,0.513,0.591,0.378,0.913,0.504,0.757,0.27,0.79523,0.11,0.636,-0.09159,0.897,-0.24,0.755,-0.161,0.497,-0.487,0.50489,-0.303,0.217,-0.257,0.291,-0.7,0.101,-0.68,0.063
1,1,0.0,0.884,0.157,0.814,0.249,0.733,0.502,0.785,0.63842,0.771,0.882,0.558,0.688,0.436,0.594,0.195,1.113,-0.007,0.917,-0.148,0.7,-0.259,0.966,-0.527,0.721,-0.58563,0.72,-0.807,0.391,-0.81,0.221,-0.726,0.317
1,0.794,0.0,1.074,0.143,0.95,0.528,0.518,0.456,0.501,0.809,0.366,1.012,0.36100,0.658,0.146,0.711,0.006,0.43,-0.212,1.148,-0.332,0.731,-0.602,0.346,-0.495,0.306,-0.471,0.325,-0.94,0.263,-0.65710,0.13667,-0.775,0.076
1,1,0.0,1.136,0.314,0.63935,0.492,0.472,0.433,0.107,0.265,0.106,0.504,-0.075,0.543,0.0,0.674,-0.401,0.257,-0.56136,0.481,-0.198,0.149,-0.502,0.112,-0.234,-0.043,-0.391,-0.16,-0.212,-0.147,-0.134,-0.23,-0.146,-0.292
1,1.47,0.0,0.707,-0.688,0.85430,0.764,0.587,0.046,0.759,0.223,0.486,0.278,0.638,0.062,0.522,0.117,0.774,0.42715,0.414,0.122,0.385,0.26,0.537,0.091,0.51872,0.24,0.311,0.348,0.336,0.404,0.611,0.29,0.364,0.289
1,0.615,0.0,0.569,0.16,0.532,-0.135,0.915,0.052,0.728,0.007,0.496,-0.079,0.707,0.094,0.451,0.051,0.303,-0.03,0.964,0.16888,0.896,0.094,0.468,0.068,0.272,0.214,0.49090,0.225,0.15180,0.481,0.49,0.26,0.551,0.176
1,0.871,0.0,0.84843,0.092,1.193,-0.02,0.448,-0.048,0.506,-0.075,0.59582,-0.058,0.67260,-0.046,0.375,-0.046,0.291,0.038,1.002,0.017,0.3,-0.053,0.616,-0.098,0.471,-0.292,0.309,-0.059,0.477,-0.054,0.609,-0.128,0.312,-0.11
1,0.523,0.0,0.633,0.059,0.501,-0.005,0.96683,-0.01,0.592,-0.033,0.845,0.014,1.051,-0.01,1.032,-0.012,0.957,0.007,1.305,-0.074,0.95016,-0.023,1.418,-0.02591,0.668,0.018,0.715,-0.026,1.404,-0.072,1.37,-0.034,1.166,-0.031
1,1.391,0.0,0.426,-0.077,0.625,-0.12371,0.70103,-0.448,0.78,0.042,0.174,-0.123,0.689,0.143,0.563,-0.088,0.447,0.045,0.722,-0.269,0.54639,0.248,0.251,0.059,0.645,0.265,0.646,-0.149,0.141,-0.142,0.282,0.033,0.347,-0.748
1,0.71,0.0,0.376,-0.039,0.455,0.022,0.557,0.206,0.499,-0.005,0.824,0.082,0.49,-0.293,0.897,0.315,0.639,0.13857,0.65,0.317,0.71,-0.342,0.79,0.225,0.447,0.34,0.452,0.17704,0.878,0.058,0.74,0.12,0.677,0.36721
1,0.546,0,0.494,-0.051,0.61124,0.014,0.682,0.01,0.372,0.019,0.577,-0.006,0.388,-0.032,0.943,0.013,0.734,0.03,0.393,-0.047,0.411,0.155,0.489,-0.023,0.662,0.036,0.439,0.005,0.242,-0.022,0.281,0.076,0.781,-0.08090
1,1.346,0.0,0.71521,-0.008,0.692,-0.063,0.333,-0.039,0.77994,0.08091,0.676,0.137,0.487,0.199,0.678,-0.02,0.57,-0.044,0.388,-0.072,0.367,0.094,0.294,0.195,0.618,-0.07,0.261,0.001,0.341,-0.062,0.426,-0.064,0.284,-0.045
1,0.626,0.0,0.532,0.078,0.852,0.022,0.755,0.118,0.606,-0.006,0.895,0.109,0.628,0.067,0.892,0.09630,0.963,-0.092,0.685,-0.085,0.712,0.014,0.506,0.061,0.66667,-0.087,0.753,-0.02451,0.787,0.032,0.611,-0.041,0.745,-0.059
1,1,0.0,0.452,-0.019,0.772,0.046,0.419,-0.028,0.294,0.02,0.403,-0.046,0.772,-0.029,0.288,0.064,0.583,0.076,0.519,-0.02373,0.62,0.009,0.392,-0.032,0.314,-0.038,0.496,0.009,0.732,-0.002,0.657,-0.021,0.395,0.06780
1,1.155,0.0,0.326,0.089,0.393,0.05825,0.39,0.0,0.789,-0.014,0.304,0.033,0.417,0.057,0.384,0.003,0.288,-0.154,0.43204,0.006,0.263,0.075,0.171,0.132,0.31068,-0.078,0.456,0.04,0.542,0.12,0.365,0.0,0.391,-0.016
1,0.591,0,0.773,0.032,0.868,0.316,0.594,0.269,0.949,0.581,0.763,0.425,0.55076,0.628,0.518,0.932,0.248,0.911,0.217,0.593,0.058,0.73696,0.083,0.894,-0.085,0.712,-0.112,0.787,-0.181,0.325,-0.263,0.632,-0.497,0.389
1,1,0.0,0.903,0.156,0.897,0.358,1.012,0.608,0.396,0.528,0.501,0.485,0.256,0.458,0.185,0.482,0.033,1.279,-0.165,0.55,-0.26180,0.686,-0.332,0.659,-0.448,0.749,-0.792,0.46040,-0.454,0.232,-0.747,0.146,-0.353,0.03
1,0.772,0.0,1.026,0.174,0.511,0.255,0.757,0.454,0.747,0.421,0.43,1.229,0.10107,0.83,-0.092,1.036,-0.336,0.974,-0.272,0.716,-0.332,0.535,-0.65000,0.495,-0.335,0.207,-0.883,0.034,-0.938,-0.099,-0.556,-0.22949,-0.608,-0.214
1,1.257,0.0,0.94331,0.188,1.086,0.414,0.509,0.453,0.762,0.70830,0.513,1.034,0.212,1.313,0.064,0.486,-0.2,0.506,-0.603,0.47,-0.543,0.92,-0.812,0.397,-0.536,0.23,-0.974,0.177,-0.806,-0.063,-0.697,-0.198,-0.868,-0.34367
1,1.048,0.0,1.133,0.399,1.192,0.402,0.616,0.591,0.373,0.74,0.159,1.15,-0.182,0.736,-0.375,0.445,-0.855,0.62867,-0.779,0.315,-0.81262,0.196,-0.416,-0.033,-0.565,-0.361,-0.754,-0.531,-0.331,-0.708,-0.167,-0.953,-0.081,-0.71273
1,0.76,0.0,0.89835,0.252,0.947,0.694,0.43898,0.821,-0.041,0.639,-0.165,0.526,-0.336,0.425,-0.86,0.228,-0.688,0.06,-0.345,-0.044,-0.787,-0.038,-0.328,-0.545,-0.08,-0.76,0.038,-0.531,0.227,-0.347,0.348,-0.30057,0.309,0.196
1,0.814,0.0,0.29073,0.134,0.147,0.256,0.035,0.453,0.154,0.224,0.06266,0.173,-0.03,0.121,-0.042,0.082,-0.093,0.024,-0.071,0.01,-0.048,-0.003,-0.023,-0.017,-0.019,-0.018,-0.009,-0.009,-0.003,-0.013,0.001,-0.005,0.002,-0.00647
1,0.924,0.0,0.58459,-0.287,0.984,0.305,0.385,-0.004,1.176,0.113,0.50188,-0.257,0.742,0.06,0.731,0.078,0.931,-0.304,1.028,0.042,0.66917,0.104,0.438,-0.543,0.912,-0.049,0.491,-0.11,0.621,-0.157,0.101,-0.072,0.525,-0.076
1,0.805,0.0,1.204,0.153,0.531,0.06059,0.506,0.08,0.204,0.086,0.563,0.282,0.563,0.154,0.536,0.173,0.385,0.031,0.297,0.15756,0.487,0.143,0.432,0.213,0.326,0.184,0.324,0.139,0.26429,0.119,0.194,0.158,0.184,0.092
1,0.865,0.0,1.218,0.175,0.85738,0.006,0.746,0.016,0.898,-0.002,0.956,0.145,0.609,0.03027,0.768,0.05,0.414,0.021,1.193,0.013,0.769,0.066,0.538,0.076,1.142,0.019,0.537,0.083,1.023,0.118,1.15,0.042,0.77269,0.085
1,0.868,0.0,0.756,0.057,0.636,0.101,0.808,0.26,1.305,-0.057,0.74,-0.025,1.002,-0.216,1.129,0.275,0.954,-0.04642,1.2,-0.013,0.989,-0.357,0.924,-0.235,0.546,-0.093,1.054,-0.017,0.491,-0.042,0.681,0.237,0.88238,0.09193
1,0.644,0.0,0.799,0.024,0.999,0.115,1.02,0.101,1.068,-0.057,0.489,0.02482,0.529,-0.003,1.384,0.10195,1.153,0.052,0.697,0.016,0.511,-0.065,1.202,0.0,0.959,-0.006,0.585,0.025,0.72435,-0.011,1.258,0.101,0.919,0.018
1,0.556,0.0,0.623,0.253,0.033,-0.18343,0.845,0.007,0.474,-0.035,0.469,0.025,0.302,0.385,0.86,-0.044,0.768,0.146,0.234,0.088,0.719,0.02,0.591,-0.10651,0.639,-0.031,0.284,0.045,0.465,0.296,0.476,-0.21,0.396,-0.00296
1,1.465,0.0,0.367,0.188,0.885,-0.106,1.219,-0.156,0.737,0.015,0.405,0.018,0.52,-0.053,0.435,-0.098,0.647,-0.276,0.494,-0.125,0.856,-0.002,0.175,0.06215,0.766,-0.27,0.465,-0.104,0.52731,-0.02072,0.369,-0.169,0.435,-0.235
1,1.025,0.0,0.495,-0.03397,0.641,-0.076,0.821,0.0,1.02,-0.113,0.429,-0.153,0.654,-0.084,0.674,-0.192,0.78132,-0.128,0.457,-0.127,0.79193,-0.093,0.583,-0.018,0.917,-0.228,0.797,-0.325,0.778,-0.323,0.473,-0.208,0.334,-0.293
1,0.621,0.0,0.806,-0.051,1.025,0.041,0.88,0.057,0.673,-0.013,0.589,-0.035,0.684,-0.113,0.67935,-0.008,0.937,-0.191,1.202,0.022,0.86413,-0.079,0.854,-0.358,0.512,-0.261,0.777,-0.10211,0.529,-0.018,0.765,-0.126,0.453,-0.004
1,0.963,0.0,0.547,-0.149,0.705,0.246,0.78,0.129,0.469,-0.141,0.641,-0.23518,0.602,-0.153,0.513,0.04150,0.432,-0.003,0.662,-0.127,1.188,-0.25296,0.687,-0.327,0.385,-0.092,0.909,-0.137,0.729,-0.226,0.376,0.061,0.85,-0.013
1,1,0.0,0.353,0.117,0.58980,0.006,0.442,0.039,0.655,-0.182,0.696,0.013,0.549,-0.203,0.938,-0.038,0.564,-0.149,0.481,-0.034,0.627,-0.153,0.311,-0.124,0.529,-0.28,0.621,-0.147,0.644,-0.02,0.363,-0.11752,0.605,-0.056
1,0.991,0.0,0.881,0.344,0.615,0.44,0.61559,0.63662,0.313,0.547,0.127,0.566,-0.186,1.119,-0.505,0.77500,-0.875,0.551,-1.141,0.515,-1.108,0.217,-0.773,-0.075,-0.427,-0.352,-0.785,-0.618,-0.539,-0.51,-0.306,-0.999,-0.172,-0.982
1,0.802,0.0,1.309,0.174,0.663,0.55756,0.895,0.855,0.295,0.755,0.04636,0.492,-0.258,1.161,-0.364,1.194,-0.821,0.896,-1.303,0.345,-1.331,0.063,-1.123,-0.192,-0.919,-0.474,-0.65165,-0.848,-0.243,-1.23,-0.19,-0.636,0.068,-0.895
1,0.667,0.0,0.696,0.229,0.501,0.674,0.396,0.421,0.047,0.891,-0.066,1.118,-0.62403,0.739,-1.012,0.471,-0.504,0.577,-1.237,-0.011,-0.983,-0.281,-0.759,-0.585,-0.647,-0.789,-0.187,-1.114,-0.019,-1.047,0.265,-0.907,0.00194,-0.81686
1,0.911,0.0,1.229,0.345,0.918,0.71,0.422,0.916,0.15,1.094,-0.073,1.27,-0.473,0.703,-0.335,0.693,-0.481,0.368,-0.931,0.037,-0.774,-0.105,-0.58315,-0.22,-0.37199,-0.298,-0.226,-0.521,0.085,-0.66,0.193,-0.682,0.441,-0.35339
1,1.481,0.0,0.891,0.251,0.508,0.62349,0.356,0.475,0.11,1.152,-0.202,0.906,-0.47,1.061,-0.527,0.787,-0.495,0.396,-1.329,0.055,-0.77,-0.26173,-0.663,-0.602,-0.50757,-0.51,-0.23,-0.611,0.065,-0.797,0.28,-0.797,0.651,-0.777
1,0.935,0.0,0.513,0.187,0.376,0.596,0.43,0.912,0.21,0.977,-0.16,0.523,-0.21,0.428,-0.513,0.307,-0.947,0.186,-0.433,-0.04887,-0.779,-0.232,-0.465,-0.761,-0.187,-0.872,-0.012,-0.989,0.22708,-0.833,0.473,-0.51206,0.673,-0.338
1,0.582,0.0,0.704,-0.022,1.128,-0.029,0.724,-0.096,1.437,0.021,0.893,-0.033,0.567,-0.092,0.959,-0.038,0.703,-0.127,1.067,-0.183,1.22,-0.05252,1.13,-0.114,1.252,-0.096,0.965,-0.121,0.871,-0.165,0.97132,-0.092,0.621,-0.18800
1,1.418,0.0,1.102,-0.01531,1.157,0.013,0.692,-0.012,1.091,-0.008,0.719,-0.035,0.97173,-0.02,0.695,-0.023,0.757,-0.057,0.83,-0.033,0.885,-0.014,0.742,-0.065,0.66,-0.043,1.365,-0.057,0.845,-0.047,1.21,-0.109,1.192,-0.07420
1,0.951,0.0,1.072,-0.184,1.204,-0.002,0.563,-0.181,0.609,0.223,0.63,0.002,0.93607,-0.056,0.579,-0.003,0.755,-0.044,1.205,-0.219,1,0.152,0.852,-0.077,0.788,0.099,1.003,-0.075,0.958,-0.127,0.85388,-0.101,1.293,-0.227
1,1.425,0.0,0.616,-0.04,0.888,0.114,0.39,-0.199,0.179,-0.025,0.50847,-0.13559,0.326,0.17,0.817,-0.207,0.568,0.01695,0.399,0.031,0.616,0.246,0.959,0.057,0.263,0.16,0.866,-0.002,0.93,-0.045,0.772,-0.132,0.394,-0.079
1,1.278,0.0,0.38,-0.276,0.61,0.179,0.287,0.116,0.529,0.182,0.72,-0.085,0.706,-0.123,0.298,0.462,0.675,0.022,0.216,-0.225,0.403,-0.052,0.783,-0.029,0.417,0.103,0.277,-0.14256,0.19444,-0.102,0.442,-0.079,0.122,-0.5
1,0.951,0.0,0.726,0.612,1.065,0.795,0.71178,1.029,0.424,0.539,0.374,0.836,0.118,1.295,-0.127,1.463,-0.34,0.608,-0.815,0.571,-0.627,1.069,-1.184,0.639,-0.68,0.345,-1,0.093,-0.876,-0.16713,-0.587,-0.604,-1.371,-0.739
1,1,0.0,0.997,0.274,1.234,0.686,0.445,0.782,0.219,0.716,0.13469,0.652,-0.135,1.332,-0.299,0.738,-0.431,0.477,-0.735,0.604,-0.607,0.217,-0.926,0.037,-0.827,-0.158,-0.444,-0.282,-0.593,-0.28,-0.347,-0.525,-0.19609,-0.854
1,1,0.0,1.119,0.617,0.448,0.342,0.485,1.125,0.207,0.422,-0.122,1.213,-0.46177,0.792,-0.477,0.476,-0.99,0.26529,-0.852,0.034,-0.652,-0.245,-0.298,-0.616,-0.201,-0.482,-0.026,-0.669,0.144,-0.269,0.499,-0.471,0.672,-0.234
1,1,0.0,0.975,0.198,0.75254,0.444,0.253,1.216,0.214,1.105,-0.283,0.587,-0.387,1.242,-0.9,0.787,-0.526,0.167,-0.646,-0.051,-0.755,-0.566,-0.603,-0.887,-0.305,-1.02,-0.054,-1.243,0.354,-0.598,0.767,-0.819,0.74828,-0.518
1,0.815,0.0,0.572,0.465,0.846,0.866,0.19,1.252,-0.058,0.876,-0.287,0.701,-0.388,0.78766,-0.499,0.612,-0.727,0.068,-1.122,0.039,-0.357,-0.502,-0.248,-0.536,-0.108,-1.29,0.19765,-0.549,0.3,-0.539,0.789,-0.46048,1.038,-0.189
1,1.48,0.0,1.384,0.233,0.652,-0.071,0.536,0.012,1,-0.145,0.606,-0.009,1.025,-0.018,0.716,-0.06374,1.08,-0.043,0.508,0.063,1.395,-0.088,1.067,-0.02685,0.584,-0.259,0.737,-0.06,0.869,0.049,0.551,-0.177,0.896,-0.055
1,0.573,0.0,1.174,-0.001,0.86421,-0.137,1.012,-0.004,0.514,-0.31,0.603,0.146,0.878,-0.205,0.825,-0.036,0.89,-0.179,1.074,0.372,1,-0.125,0.763,-0.121,0.565,-0.018,0.843,-0.025,0.803,-0.01,0.949,-0.011,0.489,-0.02039
1,1.311,0.0,0.851,0.284,0.778,0.709,0.619,0.869,0.096,0.901,-0.19,0.899,-0.378,0.774,-0.8,0.237,-0.525,0.16755,-0.431,-0.09856,-0.395,-0.216,-0.462,-0.258,-0.243,-0.76,0.009,-0.427,0.139,-0.304,0.294,-0.233,0.508,-0.08036
1,1.151,0.0,0.664,0.481,0.896,0.677,0.437,0.79784,0.076,0.942,-0.391,0.83,-0.62635,0.891,-0.701,0.543,-0.944,0.107,-0.844,-0.192,-0.591,-0.43,-0.411,-0.736,-0.068,-0.75533,0.096,-0.489,0.519,-0.574,0.646,-0.293,0.87,-0.104
1,1.132,0.0,0.827,0.51,0.753,0.423,0.261,0.975,-0.051,0.936,-0.646,0.834,-1.055,0.781,-0.628,0.223,-0.849,-0.15315,-0.638,-0.48404,-0.308,-0.782,-0.223,-0.889,0.21581,-0.589,0.668,-0.686,1.013,-0.347,1.204,-0.091,0.619,0.324
1,0.802,0.0,1,-0.336,0.965,-0.299,0.87342,-0.124,0.844,0.018,1.124,0.107,1.025,0.052,1.013,-0.051,0.699,-0.46,1.048,-0.007,1.351,0.091,1.119,0.363,0.62025,-0.257,0.551,-0.051,0.829,-0.038,0.763,0.018,1.247,-0.031
1,0.684,0.0,0.738,0.01,0.968,0.017,0.933,0.015,1.253,0.01,0.83,0.038,0.79093,0.055,0.456,0.055,0.64706,0.234,1.219,0.031,0.636,0.079,0.804,0.091,0.338,0.112,0.425,0.107,0.642,0.012,0.724,0.08757,0.568,0.121
1,1,0.0,0.728,0.01809,1.357,0.019,0.584,0.012,1.386,0.059,0.798,0.064,0.653,0.036,1.114,0.055,0.791,0.034,1.278,0.0,0.801,0.093,1.316,0.083,0.83721,0.074,0.744,0.083,0.952,0.111,0.581,0.103,1.181,0.15
1,1,0.0,0.937,-0.012,1.031,-0.003,1.202,-0.01565,0.745,-0.012,1,-0.02,0.758,-0.015,0.507,-0.04,1.186,-0.032,0.953,-0.042,1.448,-0.03,0.668,-0.046,0.896,-0.049,1.267,-0.082,0.561,-0.043,0.561,-0.071,1.433,-0.055
1,1.229,0.0,1.124,-0.019,0.87525,0.039,0.852,0.012,1.002,0.031,0.701,-0.013,0.54,-0.02,0.91881,0.031,0.876,0.0,1.034,0.017,0.679,0.008,0.924,-0.025,1.268,0.012,0.842,0.011,0.88119,0.001,0.822,0.027,0.533,0.031
1,0.582,0.0,1.311,0.011,1.28,-0.011,0.652,0.009,0.93,0.065,1.186,0.022,1.265,0.01064,0.561,0.029,0.715,-0.023,0.89716,-0.03191,0.832,0.104,0.529,0.117,0.579,0.052,1.044,0.046,1.09,0.023,0.699,0.01,1.177,0.027
1,0.699,0.0,0.559,-0.357,0.476,0.008,0.361,0.12,0.481,0.066,0.248,-0.152,0.551,0.142,0.448,0.0,0.842,0.059,0.756,0.043,0.78788,0.223,0.302,-0.121,0.648,0.058,0.46362,0.04,0.211,-0.018,0.514,0.06,0.282,0.24242
1,1,0.0,0.894,0.531,0.803,0.423,0.475,0.862,0.116,0.59,-0.316,0.998,-0.745,0.54,-0.559,0.257,-0.67,0.103,-0.437,-0.148,-0.615,-0.42207,-0.32537,-0.637,-0.027,-0.639,0.142,-0.647,0.188,-0.391,0.439,-0.171,0.271,0.018
1,1,0.0,0.881,0.35,0.476,0.919,0.377,1.142,-0.057,0.723,-0.576,0.885,-0.499,0.916,-0.418,0.262,-0.86150,-0.059,-0.475,-0.489,-0.609,-0.649,-0.189,-0.73855,0.056,-0.43,0.196,-0.877,0.447,-0.494,0.807,-0.14,0.429,0.097
1,1,0.0,0.97,0.316,0.958,0.826,0.255,0.918,-0.068,1.356,-0.348,0.444,-0.469,0.571,-0.714,0.141,-1.06,-0.335,-0.924,-0.688,-0.41546,-1.089,-0.021,-1.191,0.448,-1.239,0.536,-0.731,0.801,-0.227,1.078,0.085,0.526,0.46301
1,1.372,0.0,1.273,1,0.49,0.06,0.072,0.53,-0.391,0.685,-0.185,0.451,-0.764,0.416,-1.106,-0.08867,-0.381,-0.352,-0.681,-0.934,-0.058,-0.782,0.38,-0.151,0.501,-0.595,0.523,-0.079,1,0.616,0.517,0.003,0.236,1.141
1,0.796,0.0,0.868,0.603,0.626,0.33333,0.052,0.326,-0.479,1.079,-0.371,0.49,-0.396,0.0,-0.5,-0.113,-0.362,-0.45,-0.123,-1.072,0.522,-0.85,0.511,-0.619,1.32,-0.248,0.627,0.067,0.96970,0.359,0.231,0.244,0.092,0.33333
1,1.344,0.0,0.547,0,1.14,-0.028,1.179,-0.01220,0.458,0.009,0.911,0.017,0.591,0.00915,0.68,0.003,1.262,0.038,0.861,-0.011,0.502,0.02,0.897,0.077,0.807,0.054,0.578,0.032,0.533,0.012,0.964,0.032,1.402,-0.01
1,0.556,0,1.142,0.087,1.026,-0.05,1.064,-0.011,0.628,0.012,0.552,0.118,1.227,-0.008,0.509,0.0,1.389,0.21,0.537,-0.004,1.099,0.01,0.944,0.07092,0.844,0.21,0.777,0.112,1.053,0.072,1.058,0.253,0.92553,0.0
1,1,0.0,0.875,0.074,1.284,0.012,1.268,0.011,0.472,-0.019,0.473,0.145,0.46,0.033,0.47,0.03382,0.871,0.088,1.088,0.03,1.168,0.06,0.84931,0.069,0.699,0.166,0.692,0.049,0.456,-0.027,0.475,0.047,0.62,0.044
1,0.584,0.0,0.445,0.03727,0.482,0.005,0.662,0.007,1.075,0.0,0.524,0.081,0.523,0.006,0.75,0.012,0.618,-0.054,0.509,0.016,0.639,0.023,1.202,0.015,0.518,-0.039,1.137,0.025,0.842,0.053,0.80757,0.025,0.574,0.02441
1,1,0.0,1.038,0.006,0.915,0.011,1.002,0.028,0.765,0.016,0.576,0.024,0.578,0.022,0.66,0.023,1.375,0.019,1.211,0.082,1.438,0.055,0.824,0.07,1.048,0.05,0.549,0.037,0.724,0.053,0.99112,0.039,1.165,0.09947
1,0.572,0.0,0.696,0.015,1.4,0.009,1.128,0.021,0.968,-0.013,1.064,-0.002,0.606,0.026,0.711,0.009,0.978,0.01,0.97901,0.022,0.98011,0.008,1.052,0.014,1.238,-0.006,1.364,0.011,1.467,0.011,0.788,0.015,0.608,0.02762
1,0.86,0.0,1.382,-0.017,0.684,0.022,0.915,-0.002,1.04,0.06264,1.437,0.046,1.252,0.028,1.1,0.07,1.066,0.035,1.14,0.037,1.253,0.09396,0.839,0.101,0.915,0.114,0.99989,0.069,0.987,0.068,1.277,0.062,0.798,0.132
1,1.413,0.0,0.783,0.394,0.689,0.67382,0.268,1.251,0.031,0.563,-0.323,1.096,-0.506,0.346,-0.787,0.358,-0.88,-0.004,-0.69318,-0.448,-0.711,-0.72,-0.312,-0.771,0.008,-0.884,0.231,-0.60678,0.442,-0.65,0.68,-0.25,0.648,0.021
1,0.545,0.0,0.537,0.468,0.945,0.746,0.245,1.363,-0.20449,0.628,-0.663,0.579,-1.144,0.435,-1.076,0.116,-0.883,-0.408,-1.047,-0.543,-0.455,-0.714,0.065,-1.266,0.638,-0.556,0.5,-0.55231,1.284,-0.225,0.816,0.192,0.885,0.54852
1,0.815,0.0,0.435,0.159,0.205,0.261,0.094,0.439,-0.364,0.929,-0.226,0.26664,-0.74,0.361,-0.97650,-0.002,-0.183,-0.24,-0.356,-0.465,-0.104,-0.672,0.098,-0.198,0.175,-0.253,0.447,-0.139,0.201,0.068,0.224,0.20540,0.068,0.271
1,1.074,0,0.923,0.536,0.526,0.813,0.079,0.85106,-0.298,1.095,-0.622,0.475,-1.184,0.045,-1.102,-0.335,-0.403,-0.491,-0.034,-0.736,0.23292,-0.628,0.626,-0.528,1.094,-0.232,0.925,0.281,0.599,0.879,0.259,0.43,-0.201,0.509
1,0.745,0,0.282,0.039,0.061,0.242,-0.072,0.248,-0.164,-0.232,-0.384,0.045,-0.45420,0.094,-0.199,-0.3,-0.097,-0.357,0.16,-0.181,0.339,-0.068,0.161,-0.215,0.279,0.294,0.047,0.212,-0.029,0.19,-0.129,0.184,-0.201,-0.33588
1,1,0.0,0.813,0.001,0.779,0.0,0.568,-0.001,1.348,0.023,1.01,0.03,0.552,0.041,1.28,0.029,1.18,0.043,0.659,0.027,1.054,0.067,0.643,0.059,0.855,0.048,0.633,0.07255,0.589,0.076,1.454,0.068,0.91,0.08616
1,1.272,0,0.473,-0.071,0.838,0.003,0.562,-0.012,1.03,-0.061,0.559,-0.149,0.514,0.036,1.074,-0.07399,0.698,0.035,0.548,0.038,0.999,-0.027,0.569,-0.049,0.936,-0.032,0.849,-0.035,0.476,-0.071,1.02,-0.03,1.105,0.01214
1,0.958,0.0,0.206,-0.086,0.852,-0.02423,0.541,-0.03574,0.353,-0.082,0.907,-0.134,0.765,-0.098,0.695,-0.073,0.321,-0.2,0.58213,0.04,0.356,-0.114,0.337,-0.135,0.423,-0.003,0.43,-0.053,0.468,-0.096,0.225,-0.056,0.356,-0.118
1,0.505,0.0,0.663,0.01092,0.86335,0.003,1.149,0.005,1.022,0.025,1.146,0.158,0.79,0.008,0.506,0.012,0.873,-0.103,0.446,0.03881,1.133,0.007,0.653,0.012,0.616,-0.004,0.577,0.01,0.686,0.008,0.455,0.016,0.659,0.018
1,1,0.0,0.616,-0.012,1.444,0.06831,0.581,0.406,0.645,-0.003,0.461,-0.181,0.324,-0.465,0.552,0.837,1.012,0.331,0.634,0.119,0.702,-0.298,0.63,0.004,0.392,0.041,0.68656,0.127,0.861,0.06,0.622,0.143,0.071,0.343
1,1.176,0.0,1.073,0.061,0.629,-0.14706,1.169,-0.066,1.185,-0.024,0.596,0.077,0.756,0.075,0.85,-0.131,1.036,-0.031,1.227,0.057,0.999,0.009,0.414,0.088,1.0,-0.04202,0.923,0.001,0.794,0.123,0.805,-0.124,1.117,-0.04307
1,1,0.0,0.696,0.005,0.924,-0.035,0.652,-0.015,0.79,0.01606,0.594,0.029,1.405,0.042,0.579,-0.015,1.0,0.002,0.644,0.06038,1.356,0.098,1.242,0.059,1.265,0.02,0.689,0.059,1.278,0.104,1.218,-0.001,0.896,0.026
1,1.477,0.0,0.754,-0.0,1.238,-0.047,0.823,-0.033,0.603,0.036,0.94124,0.015,0.86,0.038,1.152,-0.02,1.02,0.022,1.33,0.01393,0.569,0.068,1.279,0.062,1.187,0.036,1.082,0.014,0.617,0.019,1.365,0.003,0.868,-0.00577
1,1,0.0,1.004,-0.008,0.788,-0.025,0.972,-0.046,0.805,0.001,1.248,-0.03,0.903,-0.008,0.459,-0.038,0.568,-0.005,1.127,-0.186,0.895,0.011,0.889,-0.024,0.893,-0.02099,0.634,-0.067,0.649,-0.228,1.382,-0.03,0.87403,-0.195
1,1,0.0,0.735,0.13533,0.473,-0.04,1.139,0.072,0.71,-0.097,0.445,0.093,1.094,-0.005,0.79262,-0.013,1.178,-0.049,1.022,-0.041,1.03,-0.06,0.395,0.024,0.989,-0.225,0.458,-0.033,0.92,-0.005,0.893,-0.07,0.795,-0.086
