1,0.524,0.0,1.17,-0.032,0.459,0.021,0.64,-0.313,1.331,0.031,0.957,-0.254,0.364,-0.308,0.422,-0.306,0.491,-0.435,0.414,-0.32192,0.39,-0.404,0.479,-0.542,0.368,-0.51171,0.221,-0.356,0.268,-0.21,0.564,-0.753,0.273,-0.618
0,0.716,0.0,1.219,-0.18829,0.812,-0.199,-0.156,-1.1,1.076,-0.049,0.71,-0.503,0.224,-0.786,-0.313,-0.598,0.07,-0.664,0.178,-0.584,-0.13151,-0.272,-0.25,-0.367,-0.261,-0.231,-0.183,-0.109,-0.144,-0.101,-0.123,-0.041,-0.07,-0.015
1,1.43,0.0,1.412,-0.02,1.246,0.007,0.561,-0.073,0.553,0.011,1.057,0.047,0.85443,0.006,0.76,0.003,0.735,-0.197,0.425,-0.049,0.44,-0.24,0.435,-0.178,0.677,-0.418,0.604,-0.134,0.551,-0.17365,0.399,-0.257,0.597,-0.292
0,0.918,0.0,0.948,-0.278,1.4,1.447,0.813,-1,0.0,0.0,0.0,0.0,0.0,0.0,-1.325,0.178,0.753,-0.421,-1.073,-0.435,-0.702,1.311,0,0.0,0.696,0.664,0.582,0.616,0.881,-0.256,0.234,0.711,-0.439,0.963
1,1,0.0,1.1,-0.033,0.938,0.07,1.277,-0.24,0.676,-0.215,0.549,-0.298,0.72,-0.005,0.432,-0.219,0.549,-0.174,0.577,-0.171,0.054,-0.325,0.02309,-0.601,0.042,-0.743,0.173,-0.573,0.017,-0.487,-0.049,-0.365,-0.048,-0.898
0,1.448,0.0,0.023,-0.004,-0.129,-0.156,-0.008,-0.11824,0.196,0.071,0.044,-0.053,0.0,0.0,-0.057,-0.144,-0.003,-0.116,-0.078,-0.048,0.025,0.022,0.023,0.01,0.026,-0.018,-0.018,0.097,-0.07859,0.009,0.0,0.0,-0.001,0.123
1,0.651,0.0,0.906,-0.152,0.675,-0.292,0.896,-0.279,0.692,-0.408,0.893,-0.686,0.738,-0.682,0.828,-0.493,0.472,-0.461,0.314,-0.813,0.535,-0.76562,0.446,-1.0,0.273,-0.975,0.092,-1.006,0.066,-0.449,-0.025,-0.81318,-0.2,-0.91
0,0.0,0.0,0.0,0,0.0,0.0,1.167,-1.161,0.0,0.0,-0.684,-1.45,0.0,0.0,0.0,0.0,0.719,0.952,-0.667,-1.327,0.0,0.0,0.0,0.0,0.789,1.026,1.105,1.286,0.0,0.0,1.206,1.448,0,0.0
1,0.899,0.0,1.035,-0.04,0.682,-0.181,0.823,-0.157,1,-0.426,0.632,-0.312,0.879,-0.348,0.774,-0.318,0.624,-0.383,0.578,-0.37,1.005,-0.905,0.69637,-0.789,1.009,-0.596,0.81,-0.706,0.276,-0.847,0.632,-0.659,0.572,-1.092
0,0.942,0.0,-0.022,-0.072,0.0,0.0,0.0,0.0,0.077,-0.24,-0.259,-0.512,0.0,0.0,-0.262,0.467,-0.365,0.144,0.822,0.112,0.0,0,0.0,0.0,-0.188,-0.01,0.193,-0.021,0.0,0,0.171,0.264,-0.091,0.564
1,1,0.0,1.097,0.086,1.256,-0.113,1.079,-0.164,1.041,-0.323,1.321,-0.427,0.738,-0.583,0.538,-0.73,0.584,-0.943,0.588,-0.918,0.673,-0.438,0.406,-0.978,0.687,-1.268,0.429,-0.436,0.284,-0.83675,0.255,-1.129,0.215,-0.843
0,1.257,0.0,0.934,-0.69,0.722,-0.811,1.107,-0.715,1.232,0.361,1.456,-0.488,0.724,1,0.529,-1.097,0.642,-0.392,0.643,-1.198,0.607,0.932,1.228,1.498,0.965,-0.576,1,-0.722,0.699,-1.286,0.582,-0.937,1.151,-0.582
1,0.699,0.0,1,-0.218,1.115,-0.089,0.716,-0.111,1.499,-0.271,0.895,-0.341,0.987,-0.439,1.329,-0.392,0.905,-0.225,0.843,-0.407,0.617,-0.375,1.092,-0.751,0.547,-0.275,0.987,-0.441,0.411,-0.845,0.436,-0.64537,0.492,-0.538
0,0.687,0.0,0.808,-0.574,1.482,0.321,0.432,-0.232,0.81,-0.155,1.338,0.364,0.852,0.083,1.318,-0.14767,0.63,-0.707,1.087,-0.87,0.503,0.233,0.951,0.385,1.037,-0.207,1.242,0.379,0.987,-0.422,1.159,0.977,0.926,-0.18826
1,1.176,0.0,1.287,0.064,1,0.036,0.742,-0.066,0.589,0.116,0.936,0.276,1.109,0.104,0.929,0.103,1.05,0.143,1.476,0.137,1,0.262,1.039,0.27,0.582,0.197,0.862,0.285,1.121,0.347,0.924,0.365,0.517,0.666
0,1.31,0.0,0.734,-0.93996,0.736,0.31,-0.04,-0.971,1.071,-1.158,0.555,-0.98,0.0,0.0,-0.853,-0.211,-0.552,0.045,0.769,-0.738,0.0,0.0,0.0,0.0,-0.156,0.92236,0.32,0.367,0.0,0.0,0.794,0.278,0.0,0.0
1,0.68,0.0,0.948,0.047,0.554,-0.018,1.266,0.021,0.831,0.024,1.119,0.068,0.547,0.137,1.122,0.06,0.482,0.148,1.096,0.08,0.466,0.176,1.186,0.215,0.866,0.126,1.174,0.2,0.79110,0.09,1.032,0.186,0.70941,0.172
0,0.0,0.0,0.0,0.0,-1,-1.076,0.816,1.05,-0.631,1.085,-0.688,0.586,1.356,-1.42,0.796,0.859,-0.868,-1.459,-0.868,0.897,0.623,-1.263,-0.835,0.888,-1.108,1.226,1.011,-1.377,-1.257,1.32,-1.016,-0.81,1.014,-1
1,0.914,0.0,0.806,0.025,0.338,0.06,0.323,0.129,0.047,0.364,0.408,0.086,0.575,0.09,1.094,0.095,0.58373,0.244,0.135,0.398,0.433,0.21326,0.402,0.286,0.315,0.342,0.544,0.344,0.547,0.129,0.543,0.274,0.556,0.475
0,0,0.0,1.356,-1.315,0.0,0.0,0.0,0.0,0.524,0.582,1.173,-1.296,-0.71875,1.447,0.0,0.0,-1.177,1.363,1.143,1.382,-0.868,0.61,1.465,0.431,-0.799,1.334,0.539,1.298,0.83,-1.399,1.399,0.698,0.565,1.373
1,1.266,0.0,0.647,-0.007,1.129,-0.074,0.802,-0.047,1.44,-0.064,1.219,-0.085,0.742,-0.39489,1.331,-0.213,0.838,-0.172,0.468,-0.495,0.696,-0.495,0.62,-0.42,0.561,-0.247,0.511,-0.254,0.972,-0.449,0.858,-0.354,0.606,-0.45039
0,0,0.0,0.737,0.584,0.0,0.0,0.0,0.0,-1.175,-0.77,0.0,0.0,0.0,0.0,-0.573,-1.395,-1.178,-1.002,-1.48,0.873,-0.716,0.561,0.0,0.0,0.0,0.0,1.08,-0.595,-0.551,0.605,-1,0.508,-1.128,0.594
1,1.279,0.0,1.028,0.1,0.878,0.057,1.447,0.099,0.749,-0.048,0.89263,0.027,0.666,-0.054,1.262,0.121,0.476,0.003,0.691,-0.033,0.642,-0.06,0.447,-0.05929,0.796,-0.048,0.413,-0.025,0.328,-0.007,0.533,-0.0,0.298,-0.001
0,0.0,0.0,-1,0.876,0.0,0.0,0.0,0.0,-1.073,0.674,0.881,1.499,0,0.0,0.0,0.0,1.4,-1.003,-1.214,1.277,1.47,1.136,0.0,0.0,-0.684,-1.356,0.996,-0.685,1.1,1.04,-1.275,1.313,0.0,0.0
1,1.354,0.0,0.797,-0.079,1,0.032,1.14,-0.077,1.382,-0.019,0.728,-0.154,0.674,-0.039,0.854,-0.057,0.628,-0.1,0.371,-0.258,1.238,-0.217,1.143,-0.281,0.521,-0.319,0.968,-0.228,0.772,-0.396,0.585,-0.178,0.739,-0.39487
0,0.943,0.0,0.885,0.558,0.853,-1.0,1.344,-1.406,0.604,-1,1.254,-1.436,1.435,-0.713,1.255,-1.448,0.986,-0.991,1,-1.105,0.928,-0.58,0.839,-0.805,1.139,-1.162,1.299,-0.545,0.92,-1.003,1.492,-0.589,0.675,-1.295
1,0.59,0.0,1.109,-0.057,0.509,-0.103,0.623,-0.678,0.559,0.881,1.382,-0.496,0.88486,-0.387,0.595,-0.262,1.112,-0.759,0.157,-1.167,0.724,0.113,0.756,-0.938,0.359,-0.837,0.504,-0.973,0.54,-1.253,0.269,-1.253,-0.127,-1
0,0.0,0.0,-0.789,-1.087,0.0,0.0,-1.044,1.261,0.823,-0.526,0.0,0.0,0.0,0,0.0,0.0,0.717,-0.684,-1,-0.93,1.237,-0.987,0.0,0.0,1.245,-1.074,-1.167,1.206,-1.161,-1.087,0.0,0.0,-1.012,1.228
1,1.472,0.0,0.561,0.111,1.031,0.133,0.915,-0.132,0.623,0.86,0.758,0.429,0.668,0.704,0.96,0.995,1.202,1.109,1.448,0.651,0.899,0.937,0.98042,1.022,1.363,0.856,1.254,1,0.887,1.29,0.362,0.507,0.358,0.735
0,0.0,0.0,-0.779,-1.033,1,1.097,0.908,-0.71,-1.079,1.113,1.448,-0.682,-0.829,-1.238,0.0,0.0,1.095,0.566,-0.643,-1.256,1.481,-1.21,0.857,-0.842,0.504,0.722,0.942,-0.574,0.564,-1,-1.214,1.423,0.615,-0.593
1,0.529,0.0,1.107,-0.202,1.267,-0.21,0.946,-0.297,0.767,-0.089,0.6,-0.164,0.75,-0.215,0.643,-0.206,0.576,-0.272,1.336,-0.596,1.151,-0.257,1,-0.67,0.715,-0.496,0.941,-0.572,0.722,-1.002,0.811,-0.486,1.409,-0.84437
0,1.315,0.0,1.228,-0.651,0.716,1,1.286,-1.295,1.138,-1.232,0.634,-1.272,0.582,-0.017,0.932,-1,0.625,0.583,0.582,-1.096,0.728,1.228,0.756,-0.958,0.0,0.0,1.467,0.939,0.793,-1.152,0.934,0.607,0.699,1.498
1,1,0,0.514,-0.102,0.814,-0.103,0.853,-0.191,0.931,-0.255,1.131,-0.309,1.227,-0.446,0.876,-0.228,0.767,-0.495,0.539,-0.291,0.536,-0.377,0.93,-0.495,0.533,-0.522,0.759,-0.276,0.345,-0.617,0.488,-0.46,0.47,-0.473
0,1.173,0.0,0.361,-0.025,0.356,-0.24,0.693,-0.06,1.335,-0.101,1.407,-0.057,0.651,1.35,0.713,-0.585,0.664,-0.234,1.192,-0.183,-0.185,1.151,0.344,0.042,0.605,-0.165,0.751,-0.41307,0.662,-0.289,1.271,-0.508,-0.23186,-1.218
1,1.269,0.0,1.158,-0.167,0.892,0.259,0.799,-0.689,1.109,-0.41,1.125,-0.731,0.471,-0.138,0.567,0.126,1.324,0.201,1.071,0.26590,0.998,-0.014,1.056,-0.849,0.931,0.191,0.667,-0.136,0.769,-0.117,0.534,0.74,1.425,-0.57758
0,1.338,0.0,0.388,-1.278,1.029,0.736,1.285,-0.492,0.448,-0.354,0.836,-1.463,1.44,-1.07,0.971,0.419,0.123,0.756,1.334,0.905,1.132,1.104,0.98,-1.216,1,1.171,1,-0.127,1.222,-0.423,1.191,0.855,0.853,0.28
1,1.226,0.0,0.816,0.006,1.477,-0.008,1.076,-0.019,1.459,-0.095,0.849,-0.06,1.477,-0.06544,0.841,-0.074,0.737,-0.173,0.648,-0.203,0.932,-0.196,0.515,-0.083,1.188,-0.311,0.966,-0.181,0.582,-0.209,0.83777,-0.287,0.745,-0.295
0,0,0.0,1.17,0.51,0.939,-0.586,0.0,0.0,0.0,0.0,-0.782,-0.552,0.0,0.0,0.0,0.0,-1.391,0.981,1.32,1.344,-0.507,0.81,-1.202,0.803,1.396,-0.859,1.009,1.05,-0.835,1.44,1.108,1.014,0.0,0
1,0.556,0.0,1.237,0.05,0.649,0.021,1.193,0.063,1.31,0.01321,0.621,0.055,0.501,0.076,1.083,0.04,0.57,0.136,1.15,0.202,1.206,0.135,0.819,0.168,0.788,0.162,0.587,0.115,0.797,0.204,0.401,0.141,0.368,0.11447
0,1.259,0.0,1.331,0.028,1.172,0.044,1.101,0.055,0.431,-0.647,0.49,0.145,1.222,0.768,0.633,0.1,0.414,0.082,1.122,0.559,0.405,0.1,0.412,0.113,0.743,0.24,0.256,0.133,0.43481,0.206,0.223,0.212,0.802,1
1,1,0.0,0.508,0.036,0.874,0.127,0.536,0.229,0.559,0.408,1.249,0.35,0.775,0.298,0.586,0.565,0.913,0.435,0.337,0.74,0.363,0.437,0.352,0.417,0.419,0.925,0.313,0.772,0.124,0.525,0.159,0.782,0.043,0.71444
0,0.563,0.0,-0.873,-0.66,0.595,1.48,1.279,-0.153,0.0,0.0,-0.878,0.621,0.872,0.573,0.137,-1.412,-1.002,-1.025,0.08750,-0.77,0.652,-1.447,-0.605,1.155,-1,-0.561,0.621,-1.393,-1.038,-1.178,1.405,0.928,0.0,0.0
1,0.974,0.0,0.801,0.127,0.719,0.169,1.128,0.225,0.827,0.475,0.645,0.348,0.11,0.488,0.355,0.444,0.344,0.602,0.253,0.159,0.482,0.763,0.179,0.777,0.266,0.387,0.17,0.607,0.166,0.399,0.06927,0.403,0.075,0.67739
0,0.783,0.0,-0.513,-1.386,1.14,0.859,0.96,-1.47,0.754,-0.214,0.86,1.263,0.915,-0.389,1.04,-0.797,1.1,0.191,1,-1.277,0.876,-0.043,-0.907,1.078,0.681,1.118,0.613,1.034,1.136,-1.28,0.996,-0.909,1.367,-1
1,1.358,0.0,0.598,-0.076,0.564,-0.115,0.99,-0.275,0.985,-0.238,1.05,-0.343,1.163,-0.261,0.654,-0.585,0.5,-0.444,0.777,-0.739,0.79016,-0.632,0.86,-0.936,0.733,-0.633,0.847,-0.751,0.914,-0.754,0.741,-0.543,0.413,-0.83245
0,0.0,0.0,0,0.0,0.0,0.0,0.0,0.0,1.436,0.986,0.829,0.545,0.0,0.0,0,0.0,-0.302,-0.802,-1.221,-1.199,0.0,0.0,0.0,0.0,-0.713,-1.443,-0.928,-1.195,-1.119,0.595,1.124,0.0,0.0,0.0
1,0.987,0.0,0.589,-0.044,1.167,-0.083,1.006,-0.137,1.37,-0.089,0.584,-0.13814,0.492,-0.162,1.149,-0.262,1.241,-0.417,0.561,-0.33,1.045,-0.429,0.87874,-0.258,0.821,-0.553,0.598,-0.288,0.528,-0.617,1.13,-0.502,0.997,-0.554
0,1,0.0,0.857,-0.023,-1.472,0.366,-0.484,0.387,1.03,-0.522,1.177,-0.044,-0.387,-0.003,-0.376,0.139,0.627,-0.691,0.684,-0.636,-0.189,-0.442,-0.907,0.32,0.994,-0.319,0.294,-0.427,1.074,-0.667,-0.088,0.19,-0.044,0.41913
1,1.353,0.0,0.98166,0.011,1.387,-0.027,0.924,-0.051,1.244,-0.053,0.543,-0.04507,1.222,-0.16,1.149,-0.084,1.122,-0.163,0.746,-0.212,1.189,-0.233,1.187,-0.209,1.064,-0.285,1.22,-0.123,0.923,-0.23,0.583,-0.131,0.674,-0.348
0,0.985,0.0,0.0,0.0,1.212,0.51724,0.0,0.0,0.059,-0.758,0.0,0.0,0.0,0.0,-1,-0.168,-0.601,-0.557,1.111,0.874,0.0,0.0,0.371,0.478,-0.618,0.398,1.464,-1.157,-0.943,0.564,0.0,0.0,0.0,0.0
1,0.815,0.0,1.047,-0.233,0.547,0.039,1.224,-0.002,1.084,0.185,0.444,-0.026,0.51,0.656,0.514,-0.294,0.447,-0.395,0.444,-0.173,0.882,0.859,0.54,-0.239,0.483,-0.017,0.663,-0.01,0.61582,-0.263,0.84463,-0.224,1.397,-0.019
0,0.0,0.0,1.394,0.769,1.395,-1.058,0.0,0.0,0.0,0.0,0.824,0.627,1.193,1.415,-0.564,-1,0.665,-1.021,-1.437,1.255,0.0,0.0,0.695,-1.466,0.67,-1,0.929,1.459,-1.209,-1.426,0.0,0.0,0.0,0.0
1,0.73,0.0,1.349,1.403,1.268,0.943,1.059,0.518,-0.261,0.759,-1.056,1.446,-1.186,0.869,-1.011,1.059,-1.037,-0.593,-0.714,-0.237,-0.906,-1.371,-0.52838,-0.803,0.747,-0.877,1.338,-0.597,0.693,-1,1.415,-0.389,1.436,0.2
0,1,0.0,-0.798,-0.906,-1.247,1.197,0.553,0.58,0.046,-0.814,-0.98,-1.254,1.373,1.271,0.801,-1.441,-1.418,1.018,0.63,0.57,1.254,-0.935,-1.108,-1.229,-0.18856,0.843,1.192,-0.723,-1.146,-0.752,-1.37,1.372,0.571,0.479
1,0.561,0.0,1.423,0.062,0.495,-0.074,0.97165,-0.121,1.119,-0.06561,1.135,0.013,1.094,-0.121,0.962,-0.162,1.475,-0.471,0.874,-0.509,0.648,-0.398,0.878,-0.321,1.02,-0.354,1.183,-0.334,1.033,-0.437,0.592,-0.422,0.712,-0.354
0,0.835,0.0,0.125,-0.259,-0.789,1,-1.046,0.536,0.426,0.499,-1.229,-0.861,-0.551,-1.148,-1.281,1.152,-0.041,0.683,-0.349,-0.39,-1.078,-1.094,-1.029,-0.501,-1,0.266,0.541,-1.073,-1.132,-0.256,-0.619,-1.405,-1.3,0.332
1,1.428,0.0,0.701,-0.033,0.579,-0.029,0.542,-0.1,1.343,-0.08799,1.088,0.46,1.118,-0.099,1.262,-0.173,0.782,0.485,0.604,-0.178,1.004,-0.223,0.674,-0.266,0.698,-0.976,0.488,-0.307,1.012,-0.22370,0.768,-0.168,0.516,-0.308
0,0.0,0.0,-1.332,1.43,0.825,-0.726,-1.125,1.054,0.0,0.0,0.811,0.866,-1.389,-0.266,1.309,1.33,-0.695,-0.863,0.749,-1,-0.882,-1.353,1.093,1.07,0.994,-1.37,1.2,0.753,0.596,0.794,0.0,0.0,-0.517,-1
1,1,0.0,1.247,0.043,1.354,0.107,0.905,0.087,0.847,-0.026,0.933,0.067,1.197,0.096,0.777,0.06,0.967,0.293,1.431,0.136,0.568,0.196,0.989,0.245,0.601,0.145,0.667,0.179,0.849,0.202,0.602,0.315,0.62,0.31166
0,0.621,0.0,0.16,-1.093,-0.974,0.978,0.0,0.0,0,0.0,-0.624,1,0.0,0.0,-0.463,-0.633,0.811,0.391,0.298,0.2,0.0,0.0,-1.182,-0.266,-1.159,1.218,1.328,1.173,-0.799,0.857,0.0,0.0,0.0,0.0
1,1.487,0.0,0.681,0.135,0.564,0.073,0.649,0.123,0.89,0.09237,1.247,0.108,0.937,0.286,0.534,0.153,0.469,0.201,1.134,0.211,1.12,0.419,0.919,0.449,0.436,0.459,0.421,0.563,0.816,0.64,0.288,0.62,0.562,0.50903
0,1.173,0.0,0.016,-0.406,0,0.0,0.0,0.0,0.0,0.0,0.0,0.0,0.0,0.0,0.137,-0.556,0.213,1.011,0.553,-0.292,0.0,0.0,0.08333,-1.16,-0.055,-0.209,1.446,-0.919,-1.056,0.196,0.0,0.0,1.449,-0.209
1,1.416,0.0,1.38,0.141,0.767,0.238,1.212,0.372,0.642,0.12,0.47,0.421,0.554,0.515,1.144,0.353,0.807,0.267,0.463,0.516,0.538,0.562,0.681,0.556,0.379,0.55236,0.24,0.87,0.38,0.866,0.404,0.363,0.118,0.78685
0,0.793,0.0,0.891,0.937,0.159,-1.412,1.028,1.009,0.581,0.336,-0.66886,0.975,-0.077,0.752,0.011,0.032,-0.444,-0.737,0.14254,-0.047,0.458,-0.259,-0.868,1.094,0.515,-1.097,0.668,-0.046,0.769,1.363,0.3,-1.44,1.461,0.646
1,1.338,0.0,1.348,-0.436,1.343,0.67,1.239,0.18593,1.488,-0.088,0.98,0.254,0.537,-0.21,0.564,0.012,1.164,-0.50126,1.181,-0.328,0.558,-0.171,0.611,-0.083,1.267,0.111,0.68,-0.082,1.436,-0.14,0.612,0.268,0.408,-0.04
0,0.768,0,0.758,0.10598,1.225,0.31,0.606,-1.239,0.961,0.042,0.731,0.3,0.801,0.397,0.891,0.255,1.391,0.033,0.314,-0.576,0.829,0.796,0.862,0.397,0.76,-0.358,0.725,0.11,0.43,-0.016,1.11,0.302,1.415,0.296
1,1.115,0.0,0.712,0.302,1.067,0.018,1.071,0.076,1.277,0.043,1.2,0.22,1.105,0.08,0.722,0.043,1.356,-0.177,1.235,-0.1,1.218,0.043,0.964,0.27376,1.4,-0.403,1.245,-0.033,1.119,0.271,0.94578,-0.24,0.574,-0.073
0,0.0,0.0,0.923,-0.718,0.822,-1.259,1.175,-1.148,0.55,-1.307,1.045,0.691,0.643,0.577,1.124,-1.114,0.657,1.231,1.414,1.44,0.68,1.491,1.176,-1.082,1.322,-1.18,0.7,-1,1.38,0.65625,0.0,0.0,0.698,-0.9
1,0.685,0.0,0.964,0.509,0.469,0.508,0.592,0.907,0.186,0.763,-0.527,0.694,-1.037,0.438,-1.449,0.235,-0.281,-0.859,-0.537,-0.228,-1.028,-0.99,-0.407,-1.408,0.478,-0.677,0.41778,-1.358,0.129,-1.353,1.261,-0.332,0.98816,0.05
0,0.873,0.0,0.813,0.888,1.339,-1.212,0.692,-1,1.337,1.343,1.358,0.513,0.669,0.711,0.622,-0.985,0.616,1.275,1.462,0.862,0.517,1.384,1.07,0.859,1.184,0.536,1.497,0.315,0.0,0.0,1.31,-0.749,1.48,-1
1,0.695,0.0,1.466,0.049,1.459,0.18281,0.56,0.396,0.548,0.14,1.311,0.429,1,0.394,1.268,0.258,1.232,0.824,1.302,0.642,0.769,0.536,1.245,0.354,1.341,0.35,0.737,0.895,0.581,0.71,1.053,1.157,0.828,1.058
0,0.0,0.0,1.261,-1.436,0.627,1.338,-1.27,-1.414,0.563,-0.575,0.0,0.0,0,0.0,-0.564,1.437,0.929,-1,0.803,-1.011,-0.978,1.193,0.881,-0.819,0.876,-1.403,0.714,-0.996,-1.268,-0.877,0.0,0.0,1.426,-1.415
1,1.461,0.0,0.97,0.118,1.372,0.187,1.309,0.337,0.889,0.35052,1.029,0.518,0.806,0.668,0.849,0.733,0.405,0.504,0.519,0.859,0.325,0.58,0.401,0.528,0.21,0.76,0.451,1.212,0.226,1.001,0.188,0.795,0.065,0.86285
0,1.48,0.0,0.396,0.38889,0,0.0,-0.393,0.525,0.0,0.0,0.0,0.0,0.0,0.0,0.269,-0.29,0.3,0.162,0.582,0.563,0.0,0.0,0.0,0.0,0.52,0.314,0.778,0.517,0.0,0.0,0.0,0.0,0.0,0.0
1,1,0.0,0.54,0.072,1.077,0.058,1.3,0.292,1.488,0.289,1.423,0.192,0.619,0.332,0.56,0.479,1.038,0.742,1.067,0.462,0.618,0.752,1.079,0.664,0.338,0.925,0.815,0.49,0.49538,0.761,0.404,0.746,0.187,0.902
0,0.0,0,0.835,0.828,0.0,0.0,1.178,-1.411,1.444,-0.737,0.541,0.559,1.01,1.155,1.118,-0.782,0.926,0.779,1.148,0.706,1.071,-1.194,-0.658,-1.073,1.221,-1.281,1,-1.152,0.789,1.496,0.0,0.0,0.579,-0.698
1,0.794,0.0,1.009,0.022,0.863,0.127,1.353,0.215,1.341,0.151,1.457,0.39,0.907,0.332,1.301,0.426,0.81939,0.652,0.681,0.41,1.052,0.368,0.844,0.613,0.468,0.59723,0.842,0.815,0.29,0.443,0.274,0.521,0.44,0.439
0,0.0,0.0,0.825,1.066,0.517,-1.09,1.247,0.983,1.07,1.125,1.44,0.839,1.389,0.655,0.906,1,0.654,-0.811,-0.994,1.455,-0.959,1.432,-1.372,0.658,0.946,-0.57,1.37,0.596,-1.309,0.753,-1.251,-0.695,-0.749,1
1,1.04,0.0,1.365,0.243,0.799,0.265,1.479,0.924,1.386,1.065,0.761,1.064,0.834,0.747,1.308,0.77128,0.768,0.896,0.976,0.819,0.732,0.936,0.877,0.558,0.452,0.648,0.284,1,0.101,0.537,-0.259,0.93,-0.925,0.778
0,0.0,0.0,0.649,0.598,1.487,-1.025,1,1.367,-1,0.562,0.0,0.0,0.755,1.182,0.0,0.0,0.0,0.0,-0.644,0.564,-0.974,1.229,0.681,1.328,1.093,-0.624,0.903,1.389,0.636,1.266,1.39,-0.754,-1.343,1.134
1,1.317,0.0,1.221,-0.046,0.615,0.339,1.052,0.124,1,0.189,1.169,-1.04,1.43,-0.409,1.046,-0.215,1.139,0.057,1.317,-0.312,0.821,-0.352,1.313,-1.385,0.6,-0.645,1.035,-0.444,1.324,-1.48,0.513,-0.911,1.422,-0.48252
0,0,0.0,0.772,-1.365,1.449,0.816,0.52,1.01,1.259,1.362,0.514,0.951,1.056,-1.137,0.542,-1,0.948,1.106,0.554,-0.711,0.588,0.767,1.456,1.38,0.5,-0.553,1.281,0.555,1.226,-1.199,1.256,1.114,1.446,-0.535
1,0.968,0.0,0.864,0.06,1.186,0.173,1.067,0.212,0.623,0.208,0.714,0.311,0.494,0.676,0.988,0.792,0.664,0.552,0.527,0.712,0.564,0.689,0.34232,0.449,0.239,1.092,0.1,1.044,0.137,0.597,0.021,0.589,-0.03,0.69509
0,1.308,0.0,0.499,-0.177,1.199,0.229,0.383,0.448,0.377,0.58304,1.094,-0.206,0.01060,0.386,0.007,0.257,0.125,0.232,0.139,0.395,0.028,0.344,-0.001,0.159,-0.018,0.124,-0.034,0.214,-0.024,0.082,-0.062,0.043,-0.054,0.045
1,0.538,0.0,0.621,-0.018,0.882,-0.046,1.147,0.025,0.629,0.038,0.911,0.078,0.568,0.117,0.479,0.027,0.569,-0.27811,0.884,-0.011,1.094,0.053,0.305,-0.156,0.746,0.038,0.641,-0.089,0.53550,-0.259,0.423,-0.146,0.785,0.015
0,0.722,0.0,0.386,-0.06343,1.187,0.047,1.239,1.291,0.48,0.164,0.605,0.117,0.786,-0.91,0.669,0.412,0.838,-0.105,0.653,-0.166,0.96,0.118,0.659,0.644,0.545,0.118,0.509,0.124,0.338,-0.018,0.379,0.072,0.34411,0.139
1,1.148,0,0.871,0.048,0.804,-0.158,0.77358,0.027,0.675,-0.055,0.689,0.013,0.621,-0.135,0.804,-0.015,0.532,0.098,0.433,-0.116,0.895,-0.17,0.406,-0.105,1.172,-0.11,0.732,-0.057,0.946,0.015,1.143,0.042,0.602,0.01
0,0.947,0.0,0.399,-0.029,0.823,0.02,1.449,0.984,0.427,-0.05909,0.522,-0.238,1.191,0.129,0.683,1,0.352,0.243,0.822,0.141,0.568,-0.331,1.357,-0.907,0.376,0.385,0.409,0.117,0.532,0.047,0.705,0.19,1.491,0.964
1,0.635,0.0,0.512,-0.012,0.515,0.0,0.346,0.087,0.248,-0.068,0.74,0.098,0.683,0.056,0.723,-0.052,0.788,0.011,0.495,0.0,0.283,0.06667,0.621,0.11,0.72,0.003,0.48601,0.05,0.239,0.114,0.24,0.348,0.623,0.12
0,1,0.0,0.23,0.102,0.444,0.109,0.138,0.367,-0.019,0.388,0.057,0.319,-0.19091,0.415,-0.159,0.147,0.041,0.287,-0.511,0.104,-0.237,0.068,-0.252,0.204,-0.183,-0.07,-0.057,-0.082,-1.337,-0.622,-0.036,-0.064,-0.003,-0.032
1,1.193,0.0,0.588,-0.153,1.437,0.44,0.559,0.203,1.203,0.033,0.511,-0.06,0.87,0.365,1.142,0.207,0.868,0.731,0.476,0.363,1.02,0.413,1.426,0.219,0.739,0.52039,0.911,0.467,0.666,0.873,0.429,1.004,0.403,0.54185
0,0.597,0.0,0.679,-0.087,-0.435,-0.612,-0.114,-0.49,0.956,0.053,0.464,-0.004,-0.106,0.531,-0.283,-0.687,0.594,-0.144,1.139,-0.163,-0.071,0.493,-0.322,1.083,0.693,-0.042,1.025,-0.25288,0.556,-0.103,-0.3,-1.123,-0.18494,-0.543
1,1,0.0,1.021,-0.34,0.803,0.055,0.423,0.211,0.818,0.186,0.285,0.323,0.82,-0.275,0.692,0.465,0.326,-0.417,0.414,-0.34,0.299,0.138,0.482,-0.048,0.427,-0.12174,0.684,-0.039,0.443,-0.033,0.465,-0.205,0.718,0.084
0,0.86,0.0,-0.802,0.144,-0.238,1.046,0.502,-0.145,0.371,-0.089,0.20743,-0.216,0.341,0.127,0.399,-0.177,0.177,0.229,0.404,0.033,0.735,0.106,-0.63777,-0.664,1.447,0.503,0.604,-0.45,-0.132,0.093,0.033,0.485,0.535,-0.05
1,1,0.0,0.337,0.14,0.45331,0.252,0.321,-0.007,0.413,0.312,0.438,-0.191,0.666,-0.06,0.629,0.041,0.875,-0.33,0.351,-0.044,0.505,0.061,0.315,-0.228,0.672,-0.019,0.272,-0.018,0.399,0.078,0.379,-0.012,0.507,-0.018
0,1.194,0.0,0.932,0.094,0.0,0.0,0.835,0.048,0.309,1,0.417,0.99557,-0.036,0.348,0.137,0.091,-0.036,1.006,-0.684,1.27,-0.103,0.317,-0.537,0.239,-1.292,0.902,-0.206,1.17,-1.221,0.511,-0.701,0.126,0.0,0.0
1,0.695,0.0,0.731,0.099,0.866,0.394,0.725,0.50515,0.59784,0.644,0.475,0.419,0.211,1.145,0.053,0.714,-0.168,0.754,-0.308,1.138,-0.631,0.354,-0.428,0.719,-0.541,0.29,-0.984,0.31,-0.771,0.126,-1.012,-0.042,-0.94,-0.265
1,1.372,0.0,1.399,0.237,0.471,0.352,0.98,0.58732,0.393,0.846,0.457,0.692,0.093,0.618,-0.112,0.547,-0.341,0.6,-0.513,0.763,-0.646,0.739,-0.584,0.249,-1.229,0.117,-0.64,-0.02,-0.687,-0.173,-0.842,-0.367,-0.322,-0.49700
0,0.546,0.0,-0.93,-1.008,0.0,0.0,0.497,-0.45,0.689,0.32899,-0.755,-0.549,0.0,0.0,0.0,0.0,0.624,-0.25,0.36482,-0.804,0.954,-0.621,-0.778,-0.976,0.799,-0.651,-1.04,-0.974,-0.936,-0.644,1.182,-1.266,0.0,0.0
1,0.539,0.0,0.471,0.065,1.028,0.032,0.47,0.056,0.751,0.1,0.897,0.212,0.414,0.041,1.012,0.111,0.868,-0.059,0.349,0.0,0.42,0.064,0.898,0.143,0.931,0.207,0.416,0.141,0.333,0.17539,0.791,0.084,0.519,0.15114
0,1,0.0,1.446,-0.553,0.0,0.0,0.39,-1.419,0.817,0.613,-0.49,-0.94853,0.0,0.0,0.0,0.0,0.88,-0.534,0.377,-0.571,0.0,0.0,0.194,-1.052,-0.821,-1.362,-0.52,-1.04,1.173,-1.106,1.365,-1.256,0.0,0.0
1,0.535,0.0,1.114,0.013,0.495,-0.017,1.226,-0.05,0.772,-0.049,1.126,-0.07092,0.943,-0.077,1.281,-0.187,0.699,-0.094,1.389,-0.085,0.785,-0.132,0.906,-0.219,0.548,-0.123,1.028,-0.222,1.305,-0.216,0.992,-0.19,0.472,-0.23296
0,0,0.0,0.0,0.0,0.0,0.0,0.0,0.0,0.0,0.0,0.0,0.0,0.0,0.0,0.0,0.0,0.0,0.0,0.0,0.0,0.0,0.0,0.0,0.0,0.0,0.0,1.461,-0.636,0,0.0,0.0,0.0,0.0,0.0
1,1,0.0,1.29,-0.164,0.666,-0.187,0.96365,-0.145,1.313,0.057,1.037,-0.01,1.093,-0.331,1.311,-0.192,0.889,-0.221,1.374,-0.107,1.423,-0.144,1.246,-0.567,1.118,-0.201,0.563,-0.231,0.971,-0.195,1.326,-0.237,0.392,-0.368
0,0.717,0.0,0.352,-0.353,0.0,0.0,0.367,-0.656,0.30682,0.694,0.789,0.062,0.279,-1.064,0.0,0.0,0.822,-0.276,0.273,-0.405,0.0,0.0,0.0,0.0,0.192,0.198,0.687,-0.213,0.051,-0.355,0.234,-0.939,0.0,0
1,1.071,0.0,0.691,-0.526,0.984,-0.027,0.713,-0.84,0.90083,0.443,0.99,-0.112,1.042,-0.12493,1.115,-0.08,1.497,-0.174,1.46,-0.287,1.29,-0.242,1.089,-0.323,1.416,-0.322,0.712,-0.43,0.714,-0.54,1.157,-0.408,1.277,-0.519
0,1.322,0.0,0.0,0.0,0.0,0.0,0.0,0,0.0,0.0,0.65,0.797,0.0,0.0,0.0,0.0,0.43,-0.906,0.461,-1.491,0.0,0.0,0.0,0.0,0.0,0.0,1.103,0.143,0.0,0.0,0.0,0.0,0.0,0
1,0.9,0.0,0.942,0.004,1.214,-0.166,0.484,-0.096,1.363,-0.088,1.042,-0.046,0.612,0.017,0.84,-0.143,1.23,-0.189,1.424,-0.103,1.216,0.0,1.269,-0.071,1.284,-0.19872,1.136,-0.124,0.889,-0.15,1.081,-0.146,0.408,-0.27794
0,1.07,0.0,0.082,0.082,0.0,0.0,0.0,0.0,0.389,0.976,0.267,0.635,0.0,0.0,0.0,0.0,0.55,-1.497,0.285,-0.888,0.0,0.0,0.0,0.0,-0.218,-1.343,0.985,-0.873,0.753,-0.122,0.0,0,0.0,0
1,1,0,1.268,-0.505,1.183,-0.955,0.501,-0.499,1.158,-0.47,1.394,-0.324,0.917,-0.665,1.058,-0.315,0.695,-0.54,0.672,-1.202,0.538,-1.245,1.028,-0.617,0.369,-0.785,0.663,-1.103,0.66,-1.49,1.255,-1.469,0.382,-1.139
0,0.876,0.0,0.946,-0.889,0.0,0.0,0.0,0,1.034,0.627,1.403,-0.397,0.0,0.0,0.0,0.0,0.35,-0.23,1.067,-0.665,0.803,-1,0.0,0.0,0.0,0.0,0.877,-0.827,-0.086,-0.865,0.0,0.0,0.0,0.0
1,0.935,0,1.182,0.175,0.609,0.377,0.782,0.541,0.494,1.012,0.36705,0.836,0.241,0.949,-0.048,0.727,-0.131,1.033,-0.283,0.48,-0.65,0.406,-0.675,0.417,-0.865,0.178,-0.636,0.125,-0.342,-0.04,-0.303,-0.248,-0.588,-0.406
0,0.833,0.0,0.614,-0.837,0.0,0.0,1.146,-1.146,0.869,1,0.513,0.555,0.0,0.0,0.0,0.0,0.965,-0.411,0.595,-1.457,0.0,0.0,0.0,0.0,0.203,0.853,1.48,0.263,0.0,0.0,0.0,0.0,0.0,0
1,1.199,0.0,1.077,0.184,0.91404,0.731,0.396,0.84,0.484,1.156,0.347,0.491,0.099,0.908,-0.329,0.645,-0.362,0.579,-0.668,0.671,-0.72,0.44614,-1.057,0.434,-1.044,0.051,-0.395,-0.162,-0.94,-0.174,-0.441,-0.264,-0.21,-0.463
0,0.706,0.0,1.289,0.824,-0.871,0.782,-0.423,0.623,0.059,0.172,-0.227,-0.055,-0.036,-0.096,0.01401,-0.028,0.017,-0.008,0.00342,0.001,0.001,0.001,-0.0,0.0,-0.0,0.0,-0.0,0.0,0.0,0.0,0.0,0.0,0.0,0.0
1,1,0.0,0.116,-0.051,0.443,0.078,0.103,0.281,0.316,0.076,0.40476,0.025,0.217,-0.057,0.267,-0.064,0.28,-0.12,0.294,0.051,0.442,0.0,0.175,-0.104,0.249,-0.068,0.161,-0.025,0.24,0.0,0.228,-0.013,0.127,-0.025
0,0.654,0.0,1.07,-0.193,0.906,0.049,0.786,-0.022,0.43,0.01639,1.066,-0.025,0.411,0.0,0.991,-0.157,0.221,-0.205,0.645,-0.139,0.442,0.035,0.825,-0.29508,0.453,-0.375,0.312,-0.192,0.437,-0.028,0.194,-0.229,0.613,-0.094
1,0.936,0.0,0.527,0,1.122,0.031,0.657,0.049,0.786,0.0,1.022,0.036,0.617,0.11,0.576,0.096,0.342,0.289,0.611,0.104,0.98,0.117,0.572,0.088,0.521,0.127,0.881,0.128,0.67273,0.025,0.646,0.246,0.452,0.127
0,0.649,0.0,0.268,0.395,-1.095,0.144,-0.099,-0.76378,0.782,0.007,0.898,0.227,-0.903,0.42,-0.34797,-0.396,0.645,0.183,0.348,0.034,-0.771,0.486,-0.607,-0.54,0.181,0.439,0.533,0.392,0.516,0.296,-0.353,-0.164,0.338,-0.544
1,0.513,0.0,0.99,-0.105,0.615,-0.035,0.539,-0.091,1.216,0.002,0.501,-0.085,1.16,-0.076,0.507,-0.271,1.015,0.05,0.911,-0.05,1.317,-0.063,1,-0.18667,1.112,0.046,1.43,-0.148,0.675,-0.173,1.052,-0.157,1.173,-0.54
0,0.542,0.0,0.496,-0.104,0.792,-0.081,0.233,-0.395,0.471,-0.034,0.223,-0.042,0.146,0.208,0.458,-0.466,0.104,-0.017,0.526,0.055,0.07,0.49091,0.61818,0.088,0.452,0.201,0.493,-0.102,0.191,-0.039,0.065,-0.402,0.365,-0.307
1,0.84,0.0,0.906,-1.306,0.937,0.828,0.495,-0.055,0.367,0.0,1.28,-0.001,0.45283,0.108,0.489,-0.043,1.38,-0.001,0.741,0.0,0.281,0.07547,1.132,-0.001,1.134,0.815,1.011,-0.002,0.699,-0.657,0.764,0.374,0.32,-0.085
0,0.611,0.0,0.417,1.09,-0.828,-0.261,0.274,-0.193,0.291,-0.185,-0.429,0.081,0.225,0.0,0.319,-0.057,-0.195,0.33,0.322,0.025,0.331,0.046,0.11,-0.208,-0.57255,-0.10234,0.367,-0.521,1.311,0.0,-0.579,-0.064,0.381,0.035
1,1.343,0.0,0.499,0.03,0.52,-0.077,0.53,0.0,0.264,-0.056,0.347,0.0,0.415,0.086,0.54167,0.026,0.235,-0.115,0.232,-0.191,0.256,0.112,0.22,0.119,0.568,-0.279,0.322,-0.14,0.41667,-0.074,0.786,-0.373,0.35,-0.087
0,1,0.0,1.291,1.108,0.0,0.0,0.0,0.0,0.0,0.0,0.581,-0.928,-0.498,0.36,-1.04,0.196,0.915,1,0.0,0.0,0.0,0.0,0.792,0.249,-1.077,-1.11,0.894,-0.531,0.801,1.074,0.0,0.0,0.0,0.0
1,1.148,0.0,1.244,0.046,1.401,0.093,1.256,0.157,1.001,-0.49962,1.059,0.438,0.772,0.234,0.529,0.262,0.706,0.578,0.888,0.611,0.589,0.472,0.461,0.32,0.451,0.462,0.443,0.238,0.872,1.46,0.31,0.262,0.226,0.37191
0,1,0.0,0.552,0.366,0.996,0.518,1.069,0.408,0.67,-0.099,1.339,0.119,1.38,-0.616,0.871,0.957,0.551,-0.067,1.285,0.213,1.333,-1.013,0.86670,-0.471,0.167,-0.378,0.698,0.097,0.414,0.411,0.978,0.893,1.009,0.927
1,1.275,0.0,1.026,0.07,0.943,-0.014,0.605,0.023,0.517,-0.047,1.369,-0.018,0.507,-0.046,1.157,-0.077,0.985,-0.035,0.711,0.02,1.326,-0.124,0.97889,-0.057,1.322,-0.19,1.401,-0.062,0.563,0.01,0.635,-0.149,0.647,-0.06888
0,1.311,0.0,0.0,0.0,-0.294,0.468,0.0,0.0,0.815,-1.245,0.544,0.31385,-0.155,-0.866,-0.35,0.574,0.542,0.116,0.0,0.0,0.0,0,-0.226,-0.622,0.0,0.0,1.497,-1.469,0.0,0.0,0.053,0.785,0.0,0.0
1,0.819,0.0,1.444,0.011,1.394,0.00843,1.287,-0.006,1.385,-0.041,0.822,-0.049,1.021,-0.019,0.929,-0.033,1.255,-0.017,0.98485,0.0,1.209,-0.023,0.876,-0.03,0.652,-0.03,0.66,-0.05,0.54,-0.014,1.058,-0.046,0.981,-0.029
0,0.803,0.0,0.0,0.0,1.42,-0.264,0.194,-0.05405,0.0,0.0,0.967,0.055,0.563,-0.166,1.446,0.051,0.969,-0.152,0.0,0.0,0.575,-0.308,1.371,-0.494,0.0,0.0,0.714,-0.159,0.0,0.0,0.693,-0.329,0.406,-0.15676
1,1.254,0.0,0.64122,0.017,0.42,-0.032,0.724,0.047,0.233,0.153,0.391,0.036,0.299,0.054,0.167,0.0,0.358,0.0,0.267,0.053,0.246,0.14,0.215,0.082,0.205,0.134,0.145,0.046,0.217,0.07,0.278,0.0,0.094,0.07317
0,1.164,0.0,1.447,1.356,0.967,-1.199,0,0.0,0.0,0.0,1.423,0.833,0.86,-1.146,1.48,1.461,0.867,-1.08,0.0,0.0,0.0,0.0,0.721,-0.156,0.0,0.0,0.507,-0.766,1.309,0.705,0.974,-1.122,0,0.0
1,1.281,0.0,0.387,0.236,0.702,0.152,0.242,0.287,0.61,0.247,0.324,0.635,0.126,0.298,0.0,0.586,-0.051,0.577,-0.306,0.456,-0.153,0.563,-0.28571,0.256,-0.884,0.331,-0.251,0.118,-0.647,0.212,-0.372,0.0,-0.364,-0.24490
0,1.057,0.0,0.0,0.0,1.01,-1.118,0.0,0,0.0,0.0,1.009,0.701,0.698,-0.379,0.698,0.126,1.428,-1.495,0.0,0.0,0.0,0.0,1.343,0.872,0.0,0.0,1.221,-0.782,0.0,0,1.194,-1.411,0.0,0.0
1,1.2,0.0,0.676,0.43,0.634,0.499,1.062,0.596,0.488,0.675,0.16,1.204,-0.029,0.462,-0.167,0.426,-0.37500,0.367,-0.536,0.47794,-0.982,0.418,-0.645,0.07,-0.791,-0.091,-0.675,-0.254,-0.781,-0.568,-0.263,-0.438,-0.237,-0.786
0,0.906,0.0,-0.655,0.282,0.213,0.206,-0.744,-0.671,-0.234,0.547,-0.658,0.742,-0.87,0.37,-1.139,-0.023,-0.98039,-1.133,-0.875,-0.459,-0.034,-0.543,1.392,-0.94118,-0.819,-0.618,0.931,0.069,-0.537,0.078,0.195,0.022,-0.501,-0.313
1,1,0.0,0.337,-0.094,0.741,0.0,0.233,-0.174,0.21,0.109,0.309,0.016,0.7,0.114,0.93,-0.076,0.297,0.236,0.45,-0.01667,0.294,0.197,0.529,0.0,0.2,0.104,0.474,0.069,0.554,0.039,0.457,0.036,0.26,-0.052
0,0.903,0.0,-0.397,0.53,-0.177,0.163,-0.209,-0.024,0.06192,-0.078,0.059,0.016,-0.009,0.015,-0.009,-0.001,-0.001,-0.005,0.003,-0.001,0.002,0.003,-0.001,0.001,-0.001,-0.0,0.0,-0.001,0.00026,0.0,0.0,0.0,-0.0,0.0
1,1.04,0.0,1.16,-0.431,0.64865,0.149,0.679,-0.257,0.86486,0.179,1.256,-0.284,0.744,0.0,0.365,-0.028,0.328,-0.24,1.039,-0.122,0.323,0.074,0.837,0.192,0.411,-0.425,0.468,-0.266,0.714,-0.215,0.856,-0.811,0.421,-0.198
0,1.134,0.0,0.812,-0.05,-0.657,-0.184,-1.098,-0.014,0.97266,0.015,0.499,-0.028,-1,0.084,-0.542,-0.003,1.221,-0.019,0.645,-0.033,-0.96,0.091,-0.692,0.48,0.91,-0.002,1.005,0.156,0.928,-0.071,-0.716,-0.133,-1.114,-0.27
1,1,0.0,0.892,0.025,0.705,-0.018,1.346,0.009,0.615,-0.013,1.053,0.003,0.616,-0.026,1.298,-0.00405,1.405,-0.02,1.29,0.018,1.306,-0.029,0.814,-0.019,0.98,-0.029,1.053,-0.016,1.246,0.028,1.339,-0.035,1.396,0.005
0,1.308,0.0,1.045,-0.072,0.511,-1.338,0.282,-0.124,0.487,-0.234,0.53,-0.345,0.16667,-0.083,1.127,-0.498,0.884,-0.463,0.88,-0.262,0.0,-0.159,0.895,-0.524,1.475,-0.387,0.732,-0.772,0.675,-0.376,1.34,-0.63156,1.423,-0.981
1,1.415,0.0,0.463,-0.071,0.158,-0.128,0.20690,-0.037,0.062,-0.067,0.045,-0.041,0.015,-0.018,0.011,-0.02,0.002,-0.006,0.001,-0.006,-0.0,-0.002,-0.0,-0.001,-0.0,-0.001,-0.00025,-0.0,-0.0,-0.0,-0.0,-0.0,-0.0,-0.0
0,0.732,0.0,0.762,-0.077,0.523,0.0,0.323,-0.079,0.7,-0.127,1.027,-0.136,0.66667,-0.149,0.462,-0.143,0.768,-0.114,0.586,-0.263,0.389,-0.194,0.861,-0.272,0.483,-0.329,0.765,-0.178,0.405,-0.401,0.445,-0.21569,0.667,-0.271
1,0.93,0.0,0.199,0.22,0.515,0.3,0.176,0.168,0.053,0.216,0.014,0.156,-0.03,0.092,-0.043,0.073,-0.046,0.022,-0.046,0.018,-0.014,0.002,-0.026,-0.003,-0.015,-0.003,-0.004,-0.004,-0.004,-0.004,-0.00089,-0.005,0.0,-0.00291
0,0.685,0.0,-0.923,0.226,0.06250,0.0,0.0,0.042,0.86,0.036,0.254,0.0,-0.029,0.054,0.081,0.0,0.141,-0.083,0.249,-0.188,0.0,-0.065,0.0,0.0,0.046,-0.631,0.03,0.0,-0.942,0.017,-0.036,0.0,0,0.067
1,0.862,0.0,1.212,-0.006,0.985,-0.016,1.31,-0.04,1.391,-0.022,1.325,-0.026,0.75,0.077,1.275,-0.06486,0.713,0.064,0.84,-0.006,0.669,0.09,0.711,0.027,0.602,0.109,0.529,0.019,1.337,-0.017,1,0.037,1.48,-0.044
0,1.466,0.0,1.11,0.055,1.351,0.055,1.459,1.394,0.704,-0.005,1.042,0.045,0.512,0.27153,0.815,0.596,0.718,0.068,1.138,0.065,0.875,0.643,1.395,-0.824,0.80620,0.051,0.557,1.013,1.041,0.104,1.254,0.478,1.193,1.496
1,1.011,0.0,1.179,-0.013,1.27,0.095,1.436,0.023,0.623,0.003,0.623,-0.023,1.037,0.0,0.876,0.092,0.627,0.069,0.849,0.024,1.368,0.019,1.247,-0.02,0.837,0.053,0.546,0.042,0.87701,0.009,1.338,0.108,1.183,0.06417
0,1,0.0,-0.256,0.239,0.232,0.136,0.29,0.268,0.301,0.256,0.525,-0.24,0.125,0.249,-0.049,0.288,-0.102,0.23500,-0.485,0.459,-0.361,-0.098,0.41,0.338,-0.737,-0.22,0.378,-0.316,-0.527,0.134,-0.162,-0.303,0.224,0.023
1,0.967,0.0,0.673,0.03333,0.869,0.048,0.682,0.06667,0.878,0.0,0.726,0.0,1.003,0.0,0.792,0.0,0.399,0.146,0.96,0.081,0.636,-0.049,1.092,0.0,0.612,0.183,0.863,0.085,0.613,0.1,0.425,0.243,0.755,0.191
0,1.116,0.0,0.05,-0.01,0.096,0.007,0.0,-0.007,0.004,-0.021,0.018,-0.102,-0.003,0.057,0.065,-0.039,0.0,0.101,-0.067,0.066,-0.049,0.036,0.039,-0.008,0.011,0.00559,0.057,-0.006,0.017,-0.001,0.058,0.0,0.029,-0.03352
1,0.779,0.0,0.784,0.415,0.72554,0.792,0.376,0.885,0.014,0.629,-0.304,1.082,-0.266,0.839,-0.874,0.467,-0.66455,0.067,-0.741,-0.153,-0.366,-0.444,-0.258,-0.406,-0.027,-0.35,0.192,-0.844,0.551,-0.484,0.619,-0.131,0.578,-0.084
0,0.872,0.0,0.081,0.01437,-0.018,0.046,0.017,0.045,-0.047,0.009,0.024,-0.089,-0.033,0.023,-0.054,-0.061,-0.075,0.056,-0.033,0.045,0.025,0.017,-0.02,-0.015,0.045,-0.009,0.011,0.019,0.037,0.012,0.035,0.01149,-0.025,-0.005
1,0.811,0.0,0.543,-0.006,1.107,0.015,1.096,0.003,1.034,0.008,0.658,-0.01,1.043,0.047,1.061,0.01,0.525,-0.007,0.518,-0.039,0.855,0.037,0.617,0.042,0.721,-0.014,0.707,0.00612,0.422,-0.073,0.816,0.022,0.845,0.00788
0,0.983,0.0,0.036,0.014,0.005,0.0,0.03,-0.02,0.017,-0.068,-0.072,-0.007,0.011,-0.017,0.0,-0.034,-0.036,-0.026,-0.01712,0.033,0.018,0.005,0.036,-0.03,0.033,0.014,0.033,0.017,0.02,0.007,-0.021,-0.016,-0.008,0.01997
1,0.573,0,0.293,0.338,0.579,0.214,0.145,0.662,0.025,0.278,-0.02116,0.407,-0.369,0.213,-0.236,0.294,-0.529,0.052,-0.633,-0.132,-0.096,-0.147,-0.175,-0.371,-0.139,0.003,0.023,-0.372,0.173,-0.291,0.346,-0.152,0.146,0.054
0,1,0,0.114,0.007,0.164,-0.038,0.106,-0.109,0.167,-0.075,0.118,-0.013,0.163,0.081,0.163,-0.074,0.149,-0.056,0.25,0.108,0.072,0.0,0.131,-0.003,0.156,-0.134,0.121,0.011,0.152,-0.046,0.113,-0.044,0.162,-0.037
1,0.772,0.0,0.522,0.526,0.262,0.939,0.12,0.77514,-0.717,0.64899,-0.821,0.529,-1.1,0.0,-0.693,-0.156,-0.212,-0.591,-0.177,-0.944,0.723,-0.327,0.722,-0.428,0.905,-0.029,0.461,0.216,0.431,0.356,0.014,0.653,-0.155,0.634
0,1.413,0.0,0.025,0.008,0.042,-0.007,0.03,0.01128,0.013,0.052,0.002,0.002,0.028,-0.043,-0.019,0.04,-0.022,0.023,-0.018,-0.004,0.044,-0.019,0.014,0.0,0.0,-0.013,0.016,-0.007,0.006,-0.011,-0.012,-0.022,0.008,0
1,1.353,0.0,0.931,0.001,0.462,-0.038,0.81,-0.047,0.84317,0.092,0.576,0.076,0.764,-0.067,0.643,0.03510,1.235,-0.089,1.221,-0.16,0.561,0.016,0.553,0.03,0.528,-0.013,1.123,-0.036,1.14,-0.051,0.477,-0.014,0.404,-0.073
0,0.725,0.0,0.829,-1.041,1.225,1.423,-0.502,0.717,0.768,-1,1,-0.744,-1.392,-1.34,-1.192,1.488,0.88,1.343,1.142,0.884,-0.538,1.436,1.051,-0.834,0.634,-1.391,0.731,0.656,0.53,0.793,-0.895,1.348,-1.493,0.891
1,1,0.0,1.205,0.405,0.497,0.887,0.087,1.098,-0.258,1.081,-1.021,0.265,-1.003,0.108,-1.052,-0.224,-0.523,-0.576,-0.242,-1.067,0.205,-1.156,0.578,-0.408,0.535,-0.226,0.781,0.299,0.406,0.492,0.157,0.971,-0.124,0.64933
0,1.176,0.0,1,1.29,0.691,0.547,0.669,-0.986,0.68,1.497,0.025,0.017,1.115,1.416,0.0,0.0,1.148,-0.714,0.662,1.215,1.021,0.712,0.229,1.322,0.822,0.718,1.045,1.124,1,1.105,-1.302,1.46,0.0,0.0
1,1,0.0,0.583,0.317,0.814,1.202,0.024,0.964,-0.674,1.303,-1.036,0.827,-0.643,0.111,-0.864,-0.189,-0.932,-0.994,-0.262,-0.796,0.194,-1,0.535,-0.785,1.342,-0.322,0.648,0.174,0.419,0.516,0.317,1.06,-0.13,1.221
0,0.864,0.0,0.0,0,-0.685,-0.636,-1.266,1.414,0.0,0.0,-1.224,0.901,1.43,0.675,1,-0.894,0.0,0.0,0.0,0.0,-0.677,-1.464,-1.376,1.445,0.533,0.314,1.49,-1.214,0.0,0.0,-1.314,-0.806,-1.069,1.478
1,1,0.0,0.547,0.567,0.296,0.992,-0.279,0.549,-0.308,1.166,-0.786,0.197,-0.798,-0.16,-1.189,-0.219,-0.397,-0.99,0.698,-0.917,-0.307,-0.77778,0.965,-0.144,0.21,0.0,1.003,0.584,0.46,1.225,0.302,0.59,-0.631,0.801
0,0.0,0.0,0.0,0.0,0.0,0.0,0.0,0.0,0.0,0.0,0.0,0.0,0.0,0.0,0.0,0.0,0.0,0.0,0,0.0,0.0,0.0,0.0,0.0,0.0,0.0,1.497,0.0,0.0,0.0,0.0,0.0,0.0,0
1,1,0.0,1.047,0.0,1,0.0,0.38,0.66,0.823,0.0,0.994,0.099,0.913,0.18,0.719,0.093,0.608,0.161,0.599,0.43,0.434,0.0,0.901,-0.131,0.522,0.382,0.655,0.395,0.702,0.176,0.608,0.429,0.759,0.429
0,0.0,0.0,-1.326,0.872,1.365,1.195,0.0,0.0,1,-0.798,1.337,-0.62,1.285,-1.181,-1.137,-0.607,0.0,0.0,-0.555,-0.526,0.0,0.0,0.0,0.0,-1.118,-0.712,0.621,-0.742,0.733,0.575,-0.804,-1.059,0.0,0
1,1,0.0,0.765,0.0,0.514,0.0,0.591,0.11111,0.947,-0.09,0.458,-0.073,0.757,-0.135,0.709,0.0,1.154,0.0,0.927,-0.057,1.07,-0.147,0.564,-0.104,0.733,0.0,1.282,-0.072,1.28,0.155,0.978,-0.145,0.713,0.0
0,0,0.0,0.0,0.0,0.0,0.0,0.0,0.0,0.0,0.0,0,0.0,-0.621,-0.88,0.0,0.0,1.03,0.984,0.0,0.0,0.0,0.0,-1.307,1.011,0.0,0.0,1.499,-1.329,-0.748,-0.79,1.461,0.735,0.0,0.0
1,1.034,0.0,1.167,0.362,0.567,-0.295,1.41,0.104,1.466,-0.088,1,0.0,0.627,-0.226,0.97,-0.226,0.699,0.051,1.11,0.0,1.376,-0.267,0.646,0.133,1.113,-0.071,1.055,-0.055,0.996,0.509,1.357,-0.241,0.999,-0.18182
0,1.181,0.0,0.878,-0.67,0.0,0.0,0.0,0.0,0.279,0.369,0.409,0.226,-0.082,0.548,0.351,0.234,-0.312,0.32955,0.082,-0.163,0.018,-0.558,-0.691,0.195,0.404,-0.346,0.211,-0.843,0.546,0.362,0.236,-0.031,0.17045,-0.498
1,1.429,0.0,1.222,0.173,1.087,0.218,0.531,0.614,0.601,0.043,1.251,0.31,0.641,0.088,0.719,0.448,1.109,-0.05882,1.201,-0.124,1.11,0.364,0.814,0.361,1.363,-0.114,1.422,0.176,0.776,0.04,0.598,0.453,0.794,0.23529
0,0.907,0.0,0.0,0.0,-0.975,-0.809,0.95,0.688,0.063,-0.258,-1.061,-0.268,0.071,-0.333,0.637,-1.221,0.0,0.0,0.776,-0.08,-0.24,1.003,0.163,-0.528,0.0,0.0,-0.141,-0.4,-0.22340,-0.612,0.407,1.337,-0.601,0.45745
1,0.715,0.0,1.269,0.29,0.429,-0.216,0.903,0.249,0.744,-0.046,0.676,0.023,0.681,0.164,0.534,0.0,1.285,0.037,1.005,0.054,0.367,-0.086,0.642,0.212,1.245,-0.122,1.017,0.038,0.828,0.293,0.70833,0,0.673,0.026
0,1,0.0,0.241,-0.149,0.0,0.0,0.0,0.0,0.0,0.0,0.0,0.0,0.137,-0.278,0.0,0.0,0.0,0.0,0.0,0.0,0.0,0.0,-0.05,-0.057,0.11,0.106,0.228,-0.142,0.108,0.09615,0.034,-0.031,0.236,0.179
1,0.876,0.0,0.807,-0.053,1.075,-0.065,1.347,-0.342,0.676,-0.194,0.652,-0.504,0.85788,-0.404,1.016,-0.415,0.393,-0.514,0.834,-0.443,1.084,-0.744,0.624,-0.74785,0.641,-0.66,0.306,-1.189,0.361,-0.898,0.224,-0.6,0.282,-1.002
0,1.472,0.0,0.711,0.663,-0.759,0.581,-0.906,-0.537,0.276,0.126,0.532,0.071,0.19,0.052,0.302,0.293,0.918,-0.042,0.294,0.515,0.0,0.0,-0.168,-0.122,1.366,-0.971,1,-0.611,1.476,-0.289,0.379,0.283,1.077,0.07895
1,1.237,0.0,0.997,0.203,0.837,0.004,0.492,-0.231,0.89919,-0.292,0.836,-0.318,0.548,-0.168,0.827,-0.385,0.334,-0.565,0.454,-0.354,0.61041,-0.237,0.724,-0.457,0.356,-0.566,0.18,-0.694,0.125,-0.45,0.214,-0.42,0.121,-0.349
0,0.0,0,-0.877,1.311,0.865,-1.324,0.0,0.0,0.0,0.0,0.725,-0.913,0.976,1.177,0.0,0.0,0.962,-0.56,0.0,0.0,0.0,0.0,1.082,1.371,-0.552,0.992,1.444,-1.127,-1,0.576,-0.936,-1.278,0.0,0.0
1,1.291,0.0,0.889,-0.186,1.184,-0.177,0.835,-0.3,0.8,-0.315,0.548,-0.366,0.449,-0.565,0.742,-0.607,0.373,-1.005,0.145,-0.978,0.352,-0.54172,0.442,-0.41,0.214,-0.38,0.126,-0.806,-0.054,-0.71,-0.016,-0.439,-0.064,-0.47898
0,0.666,0.0,-0.904,-1.41,-0.281,0.979,1.324,-1.46,1.408,0.278,0.0,0.0,0.202,-1.257,0.569,1.487,0.0,0.0,1.052,0.657,0.562,1.398,0.0,0,-0.493,1,0.387,-1.466,0.981,-1.065,0.641,-0.559,0.369,0.509
1,1.054,0.0,0.666,0.276,0.628,1.007,0.148,0.647,-0.29,1.154,-0.951,0.698,-0.533,0.22,-1.272,-0.306,-0.856,-0.399,-0.21,-1.089,0.19,-1.029,0.708,-0.659,0.94,-0.222,0.495,0.111,0.526,0.389,0.353,0.62447,-0.006,0.69409
0,1,0.0,0.595,1.266,0.0,0.0,1.359,-1.43,-1.241,-1.381,1.256,0.549,1.38,-0.551,0.0,0.0,0.798,-1.414,1.275,1.23,0.0,0.0,0.901,-0.718,-1.297,-1,1.224,0.59,-0.894,1.214,-0.864,0.786,0.0,0.0
1,1.274,0.0,1.092,0.434,1.452,1.421,0.77123,0.59,-0.428,0.683,-1.256,0.649,0.0,1,-0.853,0.937,-1.257,0.0,-0.933,-0.874,-1.497,-0.911,-0.938,-0.353,-0.479,-1.273,0.209,-0.655,1.475,-1.219,0.0,-0.924,0.629,-0.406
0,0.0,0.0,-0.91,1.408,-0.616,-0.578,0.0,0.0,-1.007,0.839,0.81,-0.603,-1.32,-1.335,-0.524,0.65,0.0,0.0,-1,-0.731,-1.098,0.724,0.0,0.0,0.936,-0.886,0.861,1.264,0.643,-1.045,1,1.444,0.0,0.0
1,1,0.0,1.397,0.101,0.526,0.112,0.575,0.123,1.415,-0.128,0.901,0.466,1.027,0.629,0.926,0.58986,-0.56,0.929,1.455,0.0,0.771,1.359,0.705,0.945,1.09,1.365,0.62,0.573,1.497,0.191,1.124,0.761,0.893,0.733
0,0.0,0.0,-1.195,-1.324,0.0,0.0,0.0,0.0,0.0,0.0,0.0,0.0,0.0,0.0,0.514,-0.872,0.0,0.0,-1.375,-1.28,0.0,0.0,1.371,0.659,1,-1.059,0.927,-0.804,0.0,0.0,0.0,0.0,0.0,0
1,1.03,0.0,0.863,-0.081,0.641,-0.077,-0.107,-0.133,0.335,0.027,0.494,-0.24,0.403,-0.475,0.025,-0.101,0.152,-0.232,0.179,-0.412,0.055,-0.221,0.06556,-0.351,0.023,-0.235,-0.001,-0.23210,-0.015,-0.232,-0.069,-0.21,0.008,-0.336
0,1.113,0.0,0.0,0.0,0.0,0.0,0.0,0.0,0.0,0.0,1.357,-0.414,0.162,0.168,0.0,0.0,0.0,0.0,0.0,0.0,-0.175,-0.193,-0.177,0.47,-1.41,0.749,0.061,0.831,-0.177,-1,-0.098,-0.298,-0.165,-0.93750
1,1,0.0,0.996,0.054,0.563,0.097,0.568,0.092,0.837,-0.297,0.432,0.773,0.64,0.177,0.78,0.278,0.919,0.211,0.628,0.303,0.425,0.333,0.476,0.36,0.571,0.158,0.222,0.282,0.304,0.133,0.145,0.21378,0.15,0.242
0,0.968,0.0,0.819,-0.114,-1.085,-0.601,-0.957,-1.199,0.631,0.347,0.786,0.664,-1.283,-0.574,-1,1,0.579,0.749,1.493,1.109,0.861,-1.49,-1.296,-0.927,0.616,0.376,1.11,1.383,1.318,0.304,-0.719,-0.265,-1.384,1.035
1,0.747,0.0,1.019,-0.002,0.41,0.244,0.592,-0.256,1.217,0.247,0.747,0.087,1.197,0.043,1.176,0.05,0.983,-0.374,1.094,-0.131,0.84871,0.356,0.596,-0.027,0.623,-0.025,0.766,-0.03,1.462,0.099,0.408,-0.087,0.85841,-0.21
0,0.549,0.0,1.348,-0.994,0.514,1.119,0.972,0.936,1.221,-0.607,0.961,0.95,0.559,0.89,0.806,0.828,0.0,0.0,0.654,1.274,1.061,0.546,0.754,-0.623,0.996,1,0.786,0.627,0.89,-0.752,-0.41,1.104,1.036,1
1,0.867,0.0,0.715,0.337,0.594,-0.642,1.303,-0.072,0.95,0.217,1.315,0.209,0.986,-0.101,1.315,0.099,1.217,-0.255,1.24,-0.219,0.863,0.052,0.519,0.079,0.709,-0.007,0.86,-0.029,1.245,0.033,0.738,-0.185,0.96523,-0.11717
0,1.07,0.0,0.477,-0.758,-0.502,-1.388,-0.082,1.007,1,0.662,0.83,-0.243,-1.06,-0.758,-0.125,0.862,0.463,0.273,0.171,-0.185,-0.116,-0.239,-0.113,0.039,0.033,0.093,0.041,-0.008,-0.003,-0.011,-0.007,0.00108,0.0,0.003
1,0.862,0.0,0.759,0.262,0.466,-0.112,1.053,-0.111,0.888,-0.065,0.806,0.124,0.852,0.02,0.553,0.035,1,-0.093,0.555,0.052,0.964,0.001,0.90306,0.234,1.07,-0.199,0.787,-0.005,0.845,0.104,1.469,-0.19,1.155,-0.049
0,0.0,0.0,0.0,0.0,0.0,0.0,0.0,0.0,0.0,0.0,0.0,0.0,1.066,0.835,1,1.085,1.288,-0.923,0.0,0.0,0.603,1.321,1.36,-0.906,0.846,0.708,1.177,0,0.742,0.811,0.797,-1.402,0.0,0.0
1,1,0.0,1.237,-0.238,0.56,-0.284,1.397,-0.304,1.177,-0.39,0.892,-0.643,1.148,-0.387,0.751,-0.83,0.461,-0.667,0.432,-0.318,0.989,-0.694,0.747,-1.033,0.57,-0.822,0.347,-0.57,0.202,-0.78239,0.227,-0.91,0.201,-0.869
0,0.639,0.0,0.0,0.0,0.0,0.0,0.0,0.0,-0.903,-0.976,0.0,0.0,1.268,-0.535,0.0,0.0,-1.451,-1.033,-0.936,-0.552,1.003,-1.318,-0.737,-1.41,0.861,1,-0.854,-0.27,0.576,-0.956,0.0,1.127,0,0.0
1,0.981,0.0,0.812,0.049,0.916,-0.106,0.39,0.0,0.904,0.0,0.66,0,0.868,0.026,0.957,-0.06,0.687,0.0,1.215,0.0,0.845,0.079,1.027,0.133,0.691,0.04545,0.71,0.027,0.955,0.133,1.171,-0.114,1.116,0.027
0,0.0,0.0,0.0,0.0,-0.836,1,0.693,0.554,-0.568,-0.657,0.0,0.0,-1.161,-1.41,-0.516,-0.366,-1.271,-1.398,1.201,-0.768,1,-0.569,0.0,0.0,0.607,-0.514,-1.322,-0.559,0.0,0.0,1.309,-1.467,0.0,0.0
1,1.362,0.0,1.084,-0.108,1.228,0.142,0.868,0.08824,0.788,-0.031,0.617,-0.263,0.97059,0.202,1.143,0.023,1.181,0.0,1.414,0.0,0.96,0.084,1.235,0.037,0.576,0.037,1.218,0.038,0.723,-0.145,0.616,0.081,0.827,0.053
0,0.801,0.0,-0.786,0.59,-0.798,0.09,0.26,1.297,-1.381,1.311,-1.257,-1.438,1.135,0.629,-1.273,-0.217,0.361,-1.241,0.984,1.452,-0.386,-1.089,-0.648,-0.8,1.256,-1.092,-0.933,-0.049,1,-1,-0.549,-0.192,0.178,0.925
1,1.421,0.0,0.47368,-0.088,0.513,0.011,1.059,0.025,0.834,-0.032,0.468,0.0,1.178,0.033,0.509,0.052,1.133,0.444,1.444,0.053,0.72550,0.081,0.99,0.103,0.562,0.13,0.938,0.077,0.414,-0.153,0.394,0.069,0.731,0.145
0,0.786,0.0,-0.007,-0.748,0.0,0.0,-0.016,0.873,0.0,0.0,0.0,0.0,0.0,0.0,0.0,0.0,0.0,0.0,0.345,0.68,-0.303,0.607,-0.49,-0.519,0.0,0.0,-0.778,-0.51282,0.0,0.0,0.0,0.0,0.0,0
1,1,0.0,0.712,0.45455,1.286,0.314,0.653,0.512,0.771,-0.107,1.337,0.0,0.915,-0.481,0.818,0.169,0.526,-0.556,0.733,-0.238,0.934,-0.543,1.256,0.088,1.455,-0.086,0.621,0.073,0.926,0.221,0.555,0.869,1.079,0.362
0,0.0,0.0,-0.813,-1.4,0.509,-1.371,-0.607,1,0.0,0.0,0.713,-0.886,1.309,-0.947,0.0,0.0,0.0,0.0,0.0,0.0,-0.927,1.101,0.515,-0.659,-0.514,1.375,1.394,1,0.0,0.0,1.419,0.648,0.0,0.0
1,1,0.0,0.536,0.092,0.394,0.081,0.356,0.197,0.476,0.0,0.189,-0.133,0.596,-0.101,0.302,-0.009,0.705,-0.188,0.468,0.0,0.419,-0.076,0.146,0.144,0.386,-0.121,0.414,-0.016,0.383,0,0.545,0.0,0.358,-0.013
0,0.567,0.0,-1.125,-0.63,0.0,0.0,-0.996,0.644,-0.87097,0.97,0.0,0.0,0.0,0,0.0,0.0,0.0,0.0,0.0,0.0,-0.699,-0.734,0.0,0.0,0.318,0.242,1.1,0.405,0.0,0.0,0.0,0.0,0.0,0.0
1,0.574,0.0,0.876,0.149,1.03,0.422,1.094,0.775,1.199,-0.185,1.28,-0.137,1.105,0.021,1.463,0.0,0.453,-0.198,1.181,0.024,1.269,-0.212,1,0.0,0.395,-0.341,1.283,0.04891,1.264,0.073,0.579,0.545,1.015,0.0
0,0,0.0,1.429,0.749,1.201,-0.877,0.794,1.284,0.871,0.674,1.109,0.531,1,-0.719,1.11,1.033,1.051,-0.776,1.422,-0.814,0.641,1.251,1.363,0.631,1.087,-0.952,0.598,1.222,0.601,1.468,0.927,1.49,0.968,1.318
1,0.975,0.0,0.873,0.588,0.604,0.702,0.097,0.95275,-0.208,0.87916,-0.71,0.458,-0.875,0.216,-0.827,-0.13,-0.335,-0.828,-0.265,-0.752,0.141,-1.163,0.379,-0.366,0.805,-0.303,1.025,0.058,0.29,0.536,0.231,0.543,-0.054,0.611
0,0,0.0,1.494,-1.484,1.036,0.754,1.214,-0.691,0.972,0.817,1.27,-1.297,1.409,-0.547,1.274,-0.551,1.468,0.828,0.709,0.654,1.005,0.89,0.559,-0.994,0.623,0.85,0.95,1,0.996,0.514,0.856,0.738,0.715,-1.315
1,0.521,0.0,1.353,0.055,0.574,0.159,0.512,0.172,0.789,0.36526,0.80619,0.542,0.574,0.545,0.932,0.571,0.821,0.725,0.46,0.336,0.623,0.348,0.414,0.545,0.357,0.472,0.3,0.496,0.264,0.696,0.127,0.439,0.058,0.603
0,0.0,0.0,1,1.469,0.95,-1.07,0.854,-0.628,0.675,1,0.0,0.0,0.787,-1.398,0.0,0.0,0.0,0.0,0.0,0.0,-0.676,1.224,1.06,0.538,0.0,0.0,0.686,0.571,0.0,0.0,-1.147,-0.696,0.0,0.0
1,1.402,0.0,0.527,0.201,0.849,0.32,0.514,0.448,0.79039,0.307,0.604,0.779,0.491,0.569,0.437,0.425,0.332,1.066,0.181,0.525,0.091,0.867,0.005,1.312,-0.08,0.463,-0.285,0.706,-0.269,0.841,-0.326,0.879,-0.691,0.55835
0,0.0,0.0,1.361,-1,-0.742,1.486,-0.615,1.085,1.241,0.818,1.237,1.405,-1.066,-0.923,-0.838,-1.183,1.366,0.978,0.708,-1,-0.978,-0.749,-1.398,-1.321,1.122,0.0,0.552,-1.149,0.842,-0.997,-1.435,0.603,-0.613,0.642
1,0.992,0.0,1.03,0.067,1.03,0.24323,0.804,0.25,0.471,0.262,0.631,0.453,0.258,0.674,0.221,0.339,0.219,0.581,-0.071,0.611,-0.047,0.237,-0.083,0.588,-0.084,0.385,-0.216,0.442,-0.352,0.252,-0.23,0.269,-0.344,0.31154
0,0.0,0.0,1.352,-1.318,1,1.165,1.215,-0.687,1.357,1.003,1.329,-0.874,1,1.356,0.979,-0.956,0.96,-1.171,0.868,0.861,1.268,1.228,0.535,-0.506,0.812,-1.451,1.291,-1.001,0.639,0.597,1.292,-1.421,0.964,0.76
1,0.569,0.0,0.956,0.067,0.627,0.233,0.458,0.32248,0.77,0.178,0.481,0.599,1.06,0.723,0.69946,0.302,0.624,0.943,0.614,0.689,0.646,0.381,0.243,0.419,0.226,1.065,0.13,1.168,0.038,0.727,-0.042,0.511,-0.108,1.101
0,0.0,0.0,0.0,0.0,1.309,0.986,0.0,0.0,1.141,1.259,0.0,0.0,1.322,-0.568,0.0,0.0,0.0,0.0,0.0,0.0,0.0,0.0,0.0,0,0.0,0.0,1.189,-0.907,0.0,0.0,-0.768,1.467,0.0,0
1,0.648,0.0,0.736,0.124,0.747,0.234,0.901,0.452,0.566,0.7,0.703,0.565,0.238,0.691,0.375,0.851,0.274,1.06,0.064,0.418,-0.12064,0.688,-0.255,0.421,-0.313,0.832,-0.503,0.395,-0.662,0.36,-0.428,0.495,-0.335,0.35095
0,0.0,0.0,0.0,0.0,1.438,1.421,0.649,0.984,0.0,0.0,0.0,0.0,-1.284,-1.311,0.0,0.0,-1.452,-0.683,0,0.0,0.0,0.0,1.257,1.135,0.0,0.0,1.274,0.682,0.0,0.0,-0.917,1.219,0.0,0
1,0.873,0.0,0.465,0.276,0.65926,0.419,0.418,0.634,-0.058,0.944,-0.244,0.633,-0.862,0.62,-1.168,0.226,-0.739,-0.068,-0.571,-0.391,-0.378,-0.34,-0.12,-0.414,0.122,-0.353,0.384,-0.315,0.383,-0.431,0.491,-0.09461,0.336,0.166
0,0.0,0.0,1,-1.181,0.573,1.497,0.945,0.926,1.124,1.483,1.492,0.761,0.786,-1,1.415,1.397,0.705,1.477,0.555,-0.901,1.027,-0.817,0.62,-0.893,0.771,-0.764,1.365,0.733,0.929,-1.285,0.526,1.337,1.455,1.025
1,0.947,0.0,0.836,-0.306,0.487,0.109,0.649,0.209,0.447,0.067,1,0.273,0.637,0.398,0.901,0.436,0.594,0.193,0.567,-0.036,0.292,0.42528,0.45,0.296,0.701,0.533,0.386,0.639,0.064,0.712,0.306,0.309,0.41,0.381
0,0.0,0.0,0.0,0.0,0.0,0.0,0.0,0.0,0.0,0.0,0.0,0.0,0.0,0.0,0.0,0.0,0.0,0.0,0.0,0.0,0.0,0.0,0.0,0.0,0.0,0.0,0.618,1,0.0,0.0,0.0,0.0,0.0,0
1,0.646,0,1.137,0.005,1.12,-0.004,0.871,0.003,1.135,0.018,0.831,0.037,0.863,0.053,1.338,0.018,0.914,0.068,0.772,-0.008,0.97770,0.053,0.802,0.056,0.686,0.106,1.071,0.051,1.374,0.012,1.076,0.088,1.499,-0.004
0,0.0,0.0,1,1.11,-1.414,-1.034,-1.045,-0.567,0.0,0.0,0.0,0.0,-0.954,-1.12,0.0,0.0,0.0,0.0,0.0,0.0,-0.999,1.053,0.796,1.015,0.0,0.0,0.81,-1.139,0.0,0.0,-1.376,-0.59,-1,-0.699
1,1.251,0,0.603,-0.183,0.429,0.013,0.789,0.013,0.897,0.018,0.409,0.05594,0.436,0.036,0.651,0.062,0.999,0.053,0.901,-0.028,0.836,0.051,0.65,0.095,1.255,0.135,0.655,0.08,0.311,0.075,0.781,0.108,0.528,0.067
0,1,0.0,0.506,0.794,1.35,-0.513,0.521,0.057,0.404,0.134,1.183,1.094,1.001,0.134,0.74,0.071,1.2,-0.187,1.046,0.104,0.416,0.258,0.34,0.9,1.289,-0.488,0.693,0.229,0.676,0.472,0.854,-0.071,0.543,0.23913
1,1.348,0.0,0.725,-0.07778,0.994,-0.223,0.89,-0.86,0.645,0.04,0.249,-0.472,1,-0.133,1.274,-0.657,0.51,0.01,0.799,-0.057,0.919,-0.124,0.89,0.121,0.382,-0.296,1.125,-0.21,0.441,0.015,1.062,-0.224,1.004,-0.568
0,1,0.0,0.38521,0.21,0.292,0.038,0.235,0.143,0.319,0.174,0.107,0.356,0.36,0.486,0.057,0.321,-0.052,0.273,0.066,0.345,0.213,0.142,0.067,0.444,-0.022,0.426,-0.061,0.215,-0.111,0.126,-0.091,0.223,-0.132,0.274
1,0.675,0.0,0.329,-0.026,0.699,-0.074,0.428,-0.011,0.756,0.036,0.565,0.11,0.565,-0.02381,0.811,0.014,0.69,0.017,0.408,0.014,0.257,-0.018,0.7,0.042,0.379,0.023,0.61291,-0.013,0.388,-0.174,0.693,-0.015,0.313,-0.03
0,1,0.0,0.067,-0.147,-0.04,0.063,0.094,-0.019,-0.009,0.124,0.062,0.0,0.162,-0.135,0.075,0.0,0.029,-0.041,-0.088,-0.139,0.059,0.013,0.084,0.02956,0.08,0.116,0.322,-0.037,-0.086,-0.061,0.038,0.052,0.043,-0.125
1,1.321,0.0,0.459,0.089,0.767,-0.058,0.914,0.01678,1.103,0.002,0.434,0.103,0.661,-0.003,1.121,0.071,0.515,-0.117,0.732,-0.09060,0.567,-0.018,0.459,0.173,0.568,-0.077,0.449,-0.023,0.935,0.067,0.668,-0.07,0.768,-0.029
0,1.371,0.0,0.212,0.445,0.0,0.0,-0.418,-0.66,0.0,0.0,0.094,-0.055,0.0,0.0,0.0,0.0,0,0,0.0,0.0,0.009,0.666,-0.235,0.497,-0.131,0.515,0.062,-0.865,0.0,0.0,0.048,-0.552,0.0,0.0
1,1,0.0,0.563,-0.005,0.866,-0.023,0.675,-0.026,1.095,-0.132,1.112,-0.124,0.961,0.012,0.849,-0.118,1.105,-0.081,0.502,-0.031,0.859,-0.155,1.168,-0.064,0.456,-0.187,0.754,-0.212,1.089,-0.151,1.13,-0.099,1.331,-0.16827
0,1.408,0.0,0.295,-0.38,0.0,0.0,0.0,0.0,0.564,0.414,0.32,0.028,0.0,0.0,0.0,0.0,0.223,-0.455,0.623,-0.244,0.0,0.0,0.0,0.0,0.893,-0.476,-1.466,-1.46,-0.27917,-0.75625,0.0,0.0,0.0,0.0
1,1,0.0,0.452,0.011,1.273,0.009,0.517,0.007,1.247,-0.135,1.082,-0.048,0.565,-0.014,1.062,-0.08918,1.213,-0.026,1.014,-0.023,0.589,-0.141,0.616,-0.177,0.932,-0.109,0.479,-0.097,0.715,-0.11,0.979,-0.123,1.103,-0.179
0,1.478,0,0.0,0.0,0.768,0.138,1.265,-0.028,0.0,0.0,0.718,-0.586,0.806,0.175,1.256,-0.036,1.214,-0.97,0.0,0.0,0.907,-0.055,1.181,-0.236,0.0,0.0,0.791,-1.259,0.0,0.0,0.901,0.167,1.117,-0.09556
1,0.933,0.0,1.02,0.048,1.047,-0.001,0.434,0.008,0.638,-0.056,1.271,0,0.842,-0.06714,1.194,0.004,0.456,-0.05,0.882,-0.11,0.453,-0.067,1.002,-0.03,0.982,-0.087,0.641,-0.125,0.535,-0.066,1.011,-0.04,0.485,-0.165
0,1,0.0,0.0,0.0,0.0,0.0,0.0,0.0,0.0,0.0,0.0,0.0,-0.839,0.853,1.058,0.333,0.0,0.0,0.0,0.0,0.0,0.0,0.0,0.0,0.0,0.0,1.475,1.497,0.0,0.0,0.0,0.0,0.0,0
1,0.786,0.0,0.737,0.016,0.388,-0.144,0.404,-0.047,0.367,0.121,0.362,0.051,0.462,-0.158,0.53,-0.023,0.302,-0.053,0.39,-0.011,0.533,-0.047,0.535,-0.006,0.62,0.0,0.498,-0.027,0.61,0.026,0.507,-0.048,0.58961,-0.08571
0,0,0.0,0,0.0,0.0,0.0,0.0,0.0,0.0,0.0,0.0,0.0,0.0,0.0,0.0,0.0,0.0,0.0,0.0,0.0,0.0,0.0,0.0,0.0,0.0,0.0,0.804,-1.455,0.0,0.0,0.0,0.0,0.0,0.0
1,0.765,0.0,1.324,0.356,1.1,0.145,0.127,1,0.239,0.772,-0.088,0.762,-0.437,0.57,-0.43820,0.335,-0.611,0.219,-0.323,0.009,-0.291,-0.124,-0.092,-0.181,-0.107,-0.066,-0.019,-0.083,0.008,-0.104,0.011,-0.033,0.014,-0.026
0,0.955,0.0,0.0,0.0,0.0,0.0,1,1.404,-1.011,-0.534,0.0,0.0,1.124,-0.115,0.0,0.0,0.0,0.0,-1.03,0.621,0.833,1.179,1.107,-1.307,0.0,0.0,1.062,-1,0.0,0.0,0.0,0.0,0.748,0.888
1,1.1,0.0,1.227,0.38027,0.683,0.449,0.304,1.176,-0.058,0.904,-0.309,0.904,-0.705,0.404,-0.855,0.253,-0.947,-0.071,-0.759,-0.524,-0.396,-0.697,-0.082,-0.401,0.151,-0.973,0.249,-0.456,0.418,-0.335,0.666,-0.074,0.426,0.16645
0,0.574,0.0,0.0,0.0,0.0,0.0,0.0,0.0,-0.579,1.384,0.0,0.0,0.743,0.327,-0.098,-0.133,0.0,0.0,-1.181,-1.383,0.0,0.0,1.045,-1.094,0.0,0.0,1.199,0.239,0.0,0.0,0,0.0,0.0,0
1,0.776,0.0,0.7,0.638,0.382,0.49,0.187,0.679,-0.253,1.322,-0.782,0.736,-0.583,0.432,-1.217,-0.047,-0.945,-0.329,-0.511,-0.679,-0.153,-1.121,0.293,-1.103,0.419,-0.55910,0.8,-0.236,0.433,0.078,0.349,0.207,0.305,0.57656
1,1.221,0.0,0.32,0.02,0.153,0.226,0.195,0.828,-0.299,1.156,-0.099,0.19380,-0.791,0.19,-0.944,-0.051,-0.097,-0.078,-0.27,-0.351,-0.169,-0.945,0.02668,-0.119,0.413,-0.047,0.288,-0.067,0.265,-0.063,0.143,0.073,0.111,0.13
1,1,0.0,0.839,0.201,0.302,1.019,0.183,1.336,-0.182,1.157,-0.851,0.592,-0.863,0.195,-1.19,-0.133,-0.413,-0.526,-0.138,-0.752,0.077,-1.308,0.334,-0.535,0.655,-0.353,0.807,0.066,0.875,0.401,0.266,0.889,-0.041,0.79444
1,0.916,0.0,0.667,-0.045,0.351,0.002,0.521,-0.067,0.636,0.011,0.874,-0.098,0.581,0.038,0.81,-0.054,0.67509,0.123,0.595,0.0,0.447,0.099,0.731,0.02,0.853,0.133,0.714,0.027,0.702,0.062,0.601,-0.007,0.524,-0.09146
1,1,0.0,0.8,-0.023,0.493,0.027,0.488,0.194,0.498,0.044,0.438,0.301,0.559,0.005,0.677,0.319,0.674,0.068,0.58,0.071,0.887,0.059,0.305,-0.214,0.807,-0.124,0.756,0.048,0.419,0.092,0.55916,0.069,0.52,0.142
1,1,0.0,0.376,0.171,0.791,0.015,0.998,0.037,0.631,-0.06,0.465,0.053,0.561,0.029,0.577,0.041,0.808,-0.058,0.839,0.223,0.6,0.096,0.93,0.085,0.60154,-0.107,0.491,0.095,0.415,0.378,0.433,0.106,0.428,0.121
1,1.241,0.0,0.741,0.04,0.981,0.003,0.946,0.004,0.465,0.138,0.581,0.051,0.541,0.004,1.099,0.01,1.065,-0.08,0.762,-0.029,0.461,0.01,0.73,0.007,0.79632,-0.042,0.501,0.015,0.575,0.098,0.559,0.014,0.395,0.01227
1,1.245,0.0,0.564,0.0,0.372,0.06,0.425,0.047,0.458,-0.037,0.467,-0.12609,0.252,0.069,0.644,0.028,0.503,0.289,0.37,0.16,0.496,-0.029,0.231,-0.159,0.47391,-0.007,0.573,0.036,0.512,0.057,0.197,0.189,0.566,0.159
1,0.535,0.0,0.799,0.127,1.06,0.3,0.495,0.275,0.879,0.41252,0.801,0.587,0.57898,0.785,0.427,0.755,0.271,0.681,0.285,0.437,0.092,0.968,0.013,0.822,-0.052,0.839,-0.114,0.824,-0.24,0.426,-0.223,0.445,-0.336,0.215
1,1,0.0,0.554,0.146,1.46,0.167,0.889,0.185,0.414,0.288,0.581,0.339,0.716,0.704,0.589,0.981,0.248,0.807,0.194,0.84,0.049,0.954,-0.011,1.184,-0.077,1.064,-0.316,0.69187,-0.443,0.347,-0.278,0.28,-0.37,0.628
1,1.49,0.0,0.567,0.085,0.528,0.179,0.992,0.607,0.83,0.755,0.612,0.977,0.305,0.869,0.309,0.551,0.11,0.722,-0.103,0.638,-0.275,0.982,-0.298,0.745,-0.312,0.532,-0.58,0.602,-0.59,0.27252,-0.52823,0.253,-0.4,0.078
1,1.381,0.0,1.118,0.14,0.819,0.286,0.469,0.707,0.902,0.828,0.548,0.73838,0.662,0.498,0.245,1.147,0.221,0.551,-0.009,1.285,-0.122,1.109,-0.33023,0.453,-0.416,0.961,-0.46,0.949,-0.488,0.562,-0.604,0.287,-1.036,0.209
1,0.937,0,1.178,0.155,1.05,0.21,0.497,0.279,0.564,0.89,0.716,0.816,0.429,1.101,0.178,1.213,0.005,1.07,-0.173,0.73,-0.246,1.141,-0.549,0.604,-0.334,0.494,-0.594,0.448,-0.64511,0.179,-0.969,0.197,-0.805,0.035
1,1.32,0.0,0.462,0.137,0.558,0.235,0.612,0.419,0.157,0.322,0.115,0.436,-0.111,0.489,0.0,0.48636,-0.159,0.27,-0.344,0.317,-0.462,0.137,-0.293,0.061,-0.49,-0.034,-0.309,-0.176,-0.277,-0.263,-0.19962,-0.204,-0.105,-0.255
1,0.764,0.0,0.805,-0.498,0.49,0.55298,0.912,0.055,0.801,0.217,0.337,0.177,0.453,0.096,0.604,0.114,1.061,0.637,0.503,0.194,0.968,0.303,0.382,0.056,0.667,0.388,0.502,0.257,0.286,0.201,0.229,0.439,0.482,0.29942
1,1,0.0,1.059,0.127,0.536,-0.138,0.723,0.085,0.976,0.009,0.4,-0.103,0.64,0.12524,0.483,0.025,0.731,-0.025,0.921,0.202,0.441,0.058,0.271,0.051,0.271,0.354,0.428,0.092,0.195,0.415,0.592,0.247,0.289,0.191
1,1,0,0.933,0.042,0.489,-0.023,0.606,-0.018,0.734,-0.035,0.772,-0.109,0.693,-0.084,0.373,-0.052,0.293,0.032,0.935,0.013,0.744,-0.061,0.793,-0.1,0.485,-0.13,0.602,-0.083,0.582,-0.119,0.274,-0.108,0.301,-0.137
1,1,0.0,0.784,0.117,0.855,-0.006,0.938,-0.008,1.318,-0.029,1.307,0.016,1.356,-0.018,1.137,-0.018,1.097,0.011,0.759,-0.046,0.75,-0.023,0.611,-0.029,1.439,0.019,0.722,-0.035,1.404,-0.051,0.92774,-0.047,0.983,-0.033
1,1.034,0.0,0.397,-0.07,0.451,-0.17,0.698,-0.446,0.812,0.041,0.332,-0.21649,0.31,0.169,0.508,-0.11856,0.445,0.042,0.499,-0.347,0.8,0.11,0.342,0.058,0.738,0.113,0.509,-0.109,0.219,-0.209,0.348,0.027,0.461,-0.57
1,1.422,0.0,0.472,-0.055,0.849,0.044,0.535,0.295,0.625,-0.003,0.595,0.06,1.03,-0.6,0.72517,0.328,0.342,0.178,0.689,0.327,0.399,-0.351,0.838,0.202,0.484,0.253,0.68775,0.144,0.737,0.091,0.641,0.242,0.766,0.355
1,0.877,0.0,0.321,-0.02,0.474,0.016,0.864,0.021,0.433,0.026,0.726,-0.006,0.688,-0.04,0.633,0.00899,0.739,0.032,0.436,-0.101,0.554,0.09,0.522,-0.053,0.247,0.059,0.417,0.006,0.264,-0.03596,0.434,0.132,0.627,-0.12
1,1,0.0,0.713,-0.006,0.85,-0.023,0.606,-0.054,0.741,0.109,0.599,0.076,0.554,0.194,0.604,-0.021,0.28,-0.028,0.471,-0.10032,0.839,0.11,0.214,0.243,0.49,-0.044,0.246,0.0,0.175,-0.075,0.371,-0.13,0.252,-0.034
1,1,0.0,0.896,0.101,1.052,0.035,0.957,0.122,0.82,-0.004,0.411,0.176,0.355,0.036,0.62469,0.082,0.589,-0.112,1.034,-0.078,0.336,0.009,0.802,0.103,0.545,-0.114,0.452,-0.035,0.727,0.029,0.338,-0.105,0.437,-0.063
1,0.807,0.0,0.611,-0.018,0.633,0.027,0.31,-0.028,0.483,0.04,0.379,-0.045,0.551,-0.022,0.342,0.054,0.412,0.11,0.773,-0.031,0.689,0.003,0.655,-0.047,0.734,-0.026,0.678,0.00750,0.631,-0.003,0.656,-0.026,0.532,0.06780
1,0.905,0.0,0.477,0.133,0.167,0.035,0.301,0.0,0.64,-0.018,0.399,0.035,0.319,0.051,0.52427,0.007,0.658,-0.104,0.499,0.006,0.374,0.041,0.149,0.221,0.272,-0.1,0.239,0.026,0.228,0.17476,0.151,0.0,0.378,-0.024
1,1,0.0,1.072,0.018,1.23,0.208,0.83904,0.298,0.606,0.63,0.784,0.319,0.811,0.363,0.586,0.716,0.254,0.499,0.239,0.449,0.056,1.088,0.057,0.595,-0.106,0.525,-0.233,0.712,-0.227,0.515,-0.451,0.618,-0.497,0.23
1,1,0.0,1.25,0.137,0.595,0.52,0.82039,0.544,0.702,0.647,0.829,0.872,0.583,0.459,0.242,0.841,0.064,0.717,-0.14,0.611,-0.358,0.999,-0.496,0.89,-0.37,0.737,-0.505,0.573,-0.464,0.172,-0.774,0.212,-0.92,0.029
1,0.956,0.0,0.99701,0.11,0.84,0.472,0.993,0.704,0.383,0.499,0.523,1.164,0.052,1.199,-0.087,0.477,-0.156,0.704,-0.252,0.667,-0.653,0.48120,-0.626,0.454,-0.794,0.164,-0.569,0.03,-0.877,-0.195,-0.511,-0.198,-0.537,-0.372
1,1.215,0.0,0.477,0.293,0.522,0.369,0.703,0.555,0.753,0.423,0.288,0.723,0.146,1.214,0.06,0.712,-0.348,0.806,-0.24,0.653,-0.492,0.575,-0.532,0.652,-0.912,0.30912,-0.821,0.121,-0.794,-0.064,-0.52,-0.225,-0.66932,-0.466
1,1.309,0.0,0.93972,0.235,0.45,0.745,0.299,0.616,0.399,1.024,0.072,1.024,-0.138,0.881,-0.461,1.205,-0.822,0.435,-0.502,0.473,-0.462,0.281,-0.81317,-0.051,-0.417,-0.137,-0.71,-0.282,-0.381,-0.472,-0.391,-0.936,-0.046,-0.405
1,1.314,0.0,1.236,0.252,0.848,0.781,0.556,1.349,-0.039,0.72,-0.323,1.054,-0.308,0.613,-0.364,0.387,-0.513,0.092,-0.595,-0.073,-1.118,-0.074,-0.33197,-0.321,-0.117,-0.53620,0.106,-0.618,0.362,-0.344,0.444,-0.191,0.386,0.107
1,1,0.0,0.233,0.131,0.151,0.235,0.052,0.426,0.153,0.211,0.049,0.268,-0.026,0.139,-0.06333,0.044,-0.059,0.024,-0.034,0.011,-0.06,-0.003,-0.042,-0.011,-0.022,-0.015,-0.01,-0.017,-0.002,-0.011,0.001,-0.012,0.004,-0.008
1,1.475,0.0,0.745,-0.458,1,0.502,0.75376,-0.005,0.563,0.249,0.306,-0.189,0.428,0.06,0.85,0.155,0.779,-0.468,1.091,0.043,0.435,0.145,0.849,-0.533,0.425,-0.07,0.49,-0.142,0.495,-0.17,0.133,-0.088,0.434,-0.094
1,1,0.0,0.616,0.077,0.718,0.073,0.714,0.109,0.189,0.174,0.57,0.20330,0.436,0.093,0.367,0.157,0.36,0.037,0.522,0.227,0.238,0.178,0.195,0.116,0.327,0.1,0.131,0.1,0.176,0.156,0.107,0.115,0.106,0.072
1,1,0.0,0.855,0.136,1.111,0.01,1.229,0.021,1.071,-0.002,0.849,0.077,1.088,0.034,0.662,0.035,0.665,0.02,0.994,0.023,0.473,0.068,0.479,0.04,0.485,0.02220,1.044,0.091,1.177,0.126,0.817,0.045,1.099,0.09
1,1,0.0,1.018,0.047,0.487,0.255,0.954,0.273,1.138,-0.065,1.316,-0.018,1.141,-0.254,1.142,0.109,0.831,-0.038,1.217,-0.012,1.287,-0.288,0.605,-0.318,0.9,-0.101,0.797,-0.041,0.395,-0.054,1.124,0.306,0.88238,0.094
1,1.132,0.0,1.1,0.033,1.188,0.061,0.59,0.193,0.391,-0.05,1.216,0.029,0.684,-0.003,0.716,0.079,1.257,0.039,1.037,0.034,0.81221,-0.054,1.132,0.0,0.948,-0.009,0.576,0.031,0.836,-0.009,1.0,0.092,0.502,0.02750
1,1.362,0.0,0.68,0.276,0.068,-0.15,0.443,0.007,0.4,-0.049,0.369,0.022,0.225,0.159,0.94,-0.039,0.552,0.073,0.506,0.153,0.506,0.02842,0.616,-0.10651,0.574,-0.013,0.655,0.032,0.689,0.37,0.446,-0.191,0.287,-0.003
1,1.452,0.0,0.493,0.123,0.692,-0.184,0.567,-0.143,0.762,0.026,0.479,0.016,0.956,-0.043,0.473,-0.178,0.577,-0.24482,0.89,-0.099,1.024,-0.004,0.306,0.06,0.299,-0.467,0.647,-0.16837,0.527,-0.03,0.697,-0.249,0.649,-0.209
1,1.295,0.0,0.982,-0.045,0.699,-0.122,0.937,0.0,0.957,-0.071,0.514,-0.074,0.608,-0.11677,0.91,-0.18684,0.82,-0.166,0.626,-0.063,1.151,-0.089,0.577,-0.047,0.561,-0.377,0.638,-0.224,0.953,-0.195,1.047,-0.526,0.923,-0.149
1,1.261,0.0,1.232,-0.051,0.817,0.059,0.803,0.026,0.819,-0.031,0.553,-0.054,0.566,-0.145,0.991,-0.006,1.205,-0.117,0.546,0.048,1.146,-0.089,0.722,-0.364,0.78,-0.239,1.172,-0.141,0.85870,-0.03261,0.924,-0.096,0.4,-0.007
1,1.151,0.0,0.706,-0.13241,0.351,0.234,0.632,0.052,0.69565,-0.058,0.69,-0.138,0.636,-0.14,1.084,0.056,0.328,-0.005,0.931,-0.112,0.629,-0.172,0.86,-0.331,0.742,-0.077,0.32,-0.143,0.317,-0.147,0.359,0.098,0.705,-0.015
1,1,0.0,0.292,0.09,0.516,0.003,0.313,0.035,0.304,-0.147,0.614,0.01330,0.466,-0.149,0.704,-0.029,0.701,-0.146,0.485,-0.036,0.495,-0.228,0.282,-0.139,0.236,-0.29,0.44,-0.09,0.455,-0.034,0.351,-0.131,0.649,-0.051
1,1.081,0,0.444,0.165,0.401,0.542,0.676,0.418,0.555,0.754,0.137,0.856,-0.29,0.89200,-0.287,0.664,-0.622,0.529,-0.592,0.535,-0.735,0.158,-0.725,-0.086,-1.013,-0.327,-0.993,-0.309,-0.324,-0.336,-0.448,-0.8,-0.264,-0.791
1,1.396,0.0,1.229,0.363,0.604,0.48,0.617,1.019,0.34,1.351,0.033,1.302,-0.272,1.281,-0.646,0.567,-1.073,0.802,-0.90995,0.464,-1.002,0.061,-0.596,-0.278,-0.943,-0.388,-0.374,-0.655,-0.589,-0.626,-0.08,-1.111,0.122,-0.94823
1,1.474,0.0,1.19,0.262,0.522,0.447,0.287,0.802,0.053,0.815,-0.052,0.899,-0.754,0.71996,-0.498,0.173,-0.53,0.55,-0.99,-0.00775,-1.14,-0.563,-0.783,-0.644,-0.833,-0.581,-0.428,-0.538,-0.036,-0.737,0.368,-0.598,0.002,-0.979
1,0.87,0.0,0.589,0.194,0.497,0.254,0.644,0.441,0.21991,0.694,-0.077,1.189,-0.277,1.043,-0.634,0.839,-0.70350,0.258,-1.082,0.037,-0.557,-0.165,-0.841,-0.403,-0.467,-0.513,-0.169,-0.889,0.054,-0.471,0.288,-0.416,0.444,-0.493
1,1,0.0,1.306,0.263,0.871,0.726,0.391,0.51,0.15,0.61,-0.149,0.641,-0.551,0.986,-0.548,0.399,-1.034,0.456,-0.612,0.031,-0.904,-0.26173,-0.972,-0.595,-0.311,-1.07,-0.212,-1.235,0.082,-1.296,0.439,-1.067,0.551,-0.398
1,1.291,0.0,0.94,0.303,0.403,0.522,0.181,0.716,0.23,0.945,-0.119,0.759,-0.348,0.396,-0.671,0.307,-1.049,0.114,-0.419,-0.058,-0.491,-0.292,-0.476,-0.406,-0.26577,-0.637,-0.009,-0.69706,0.232,-0.885,0.519,-0.414,0.53,-0.301
1,1.197,0.0,0.551,-0.025,0.984,-0.036,0.582,-0.07635,1.466,0.022,1.184,-0.028,0.519,-0.066,0.501,-0.105,1.005,-0.111,0.719,-0.062,1.255,-0.063,0.794,-0.08914,1.365,-0.044,0.778,-0.183,0.75,-0.152,0.84,-0.136,0.486,-0.243
1,1,0.0,1.048,-0.011,1.038,0.013,1.014,-0.019,1.417,-0.006,0.729,-0.023,1.071,-0.026,1.093,-0.022,0.675,-0.05,0.992,-0.061,0.64,-0.019,0.742,-0.066,1.301,-0.033,0.622,-0.087,0.553,-0.069,0.495,-0.079,0.932,-0.07420
1,1.276,0.0,0.619,-0.18,0.557,-0.003,0.764,-0.233,0.564,0.261,1.045,0.002,1.084,-0.1,0.735,-0.001,0.86758,-0.053,0.776,-0.146,0.607,0.06,1.213,-0.05251,0.793,0.067,1.355,-0.057,1.258,-0.108,1.082,-0.074,0.965,-0.188
1,1,0.0,0.453,-0.036,0.687,0.06,0.509,-0.197,0.329,-0.01,0.465,-0.128,0.448,0.279,0.832,-0.212,0.595,0.022,0.494,0.023,0.72,0.277,0.933,0.066,0.333,0.22,0.874,-0.003,0.538,-0.03390,1.012,-0.189,0.524,-0.056
1,0.582,0.0,0.455,-0.35,0.497,0.188,0.483,0.133,0.244,0.198,0.648,-0.155,0.35,-0.102,0.747,0.33333,0.302,0.027,0.149,-0.211,0.311,-0.08,0.525,-0.037,0.276,0.061,0.41543,-0.113,0.196,-0.087,0.401,-0.178,0.061,-0.275
1,1.328,0.0,0.326,1.315,0.991,0.75,0.94,0.848,0.415,0.636,0.319,1.081,0.197,1.485,-0.162,1.461,-0.201,1.124,-0.846,1.039,-0.667,0.627,-0.482,0.612,-0.963,0.27,-1.168,0.09569,-1.052,-0.134,-1.306,-0.383,-0.693,-0.65557
1,1.2,0.0,0.876,0.413,1.063,0.283,0.813,0.685,0.399,0.935,0.095,0.475,-0.137,1.337,-0.294,0.576,-0.52742,0.805,-0.455,0.863,-0.773,0.234,-0.545,0.037,-1.121,-0.29099,-1.013,-0.255,-0.647,-0.159,-0.185,-0.759,-0.166,-0.882
1,0.554,0.0,0.547,0.253,0.797,0.435,0.498,0.947,0.24,1.029,-0.13,1.003,-0.609,0.778,-0.57,0.767,-0.413,0.39,-0.461,0.028,-0.795,-0.244,-0.709,-0.503,-0.525,-0.342,-0.069,-0.694,0.193,-0.45911,0.317,-0.274,0.675,-0.24313
1,0.58,0.0,0.823,0.452,0.401,0.55,0.452,0.88576,0.141,0.795,-0.223,1.178,-0.581,1.179,-0.98,0.828,-0.645,0.274,-1.128,-0.087,-0.711,-0.326,-0.861,-0.449,-0.518,-1.017,-0.067,-0.91221,0.393,-0.825,0.521,-0.695,0.495,-0.571
1,0.713,0.0,1.037,0.387,0.931,0.644,0.425,0.516,-0.104,1.008,-0.31605,0.542,-0.52,0.487,-1.27,0.49,-0.777,0.095,-1.091,0.029,-0.671,-0.629,-0.669,-0.823,-0.135,-1.267,0.19,-0.974,0.464,-0.70247,0.98,-0.251,1.096,-0.191
1,0.631,0.0,0.506,0.222,0.88,-0.077,1.299,0.019,0.717,-0.1,0.954,-0.023,1,-0.023,0.56,-0.042,0.809,-0.076,1.174,0.035,0.917,-0.087,0.654,-0.026,1.232,-0.22978,1.431,-0.1,0.646,0.119,0.685,-0.184,0.803,-0.065
1,1,0.0,0.494,-0.001,1.146,-0.093,0.94982,-0.007,0.533,-0.485,0.905,0.119,0.724,-0.208,0.726,-0.035,1.221,-0.196,0.437,0.727,0.587,-0.241,1.225,-0.047,0.68,-0.011,0.971,-0.017,0.612,-0.021,1.139,-0.025,1.106,-0.015
1,0.68,0.0,0.733,0.215,0.83,0.341,0.27,0.624,0.202,0.965,-0.174,1.085,-0.42911,0.628,-0.638,0.326,-0.884,0.105,-0.395,-0.121,-0.302,-0.261,-0.351,-0.335,-0.237,-0.497,0.008,-0.388,0.219,-0.289,0.398,-0.132,0.326,-0.08036
1,1.081,0.0,0.579,0.482,0.986,0.69,0.36,0.822,0.069,0.505,-0.343,0.48,-0.504,0.735,-0.77106,0.334,-0.655,0.072,-0.675,-0.281,-0.676,-0.718,-0.331,-0.409,-0.056,-0.906,0.25,-0.368,0.258,-0.624,0.462,-0.426,0.427,-0.13305
1,1.24,0.0,0.901,0.51,0.421,1.026,0.163,1.312,-0.056,0.815,-0.592,0.809,-0.567,0.817,-1.25,0.208,-1.166,-0.215,-0.677,-0.526,-0.457,-0.76197,-0.108,-1.038,0.277,-0.737,0.782,-0.394,0.822,-0.306,1.03,-0.07029,1.034,0.288
1,0.815,0.0,0.658,-0.342,1.429,-0.201,1.009,-0.141,0.741,0.01266,1.371,0.136,1.347,0.044,1.229,-0.049,0.914,-0.434,0.87342,-0.014,1.371,0.09,0.587,0.191,0.759,-0.457,0.826,-0.043,1.02,-0.092,0.494,0.034,0.787,-0.033
1,1.474,0.0,0.536,0.011,0.829,0.017,0.464,0.016,0.734,0.023,0.732,0.031,0.68,0.032,0.504,0.046,0.64706,0.276,1.055,0.045,0.587,0.061,0.491,0.055,0.909,0.079,0.851,0.112,0.478,0.024,0.415,0.055,0.55330,0.077
1,1.203,0.0,0.545,0.01,1.055,0.017,0.892,0.029,0.973,0.044,0.958,0.122,1.275,0.06,0.641,0.066,0.828,0.033,0.767,0.0,1.04,0.056,1.291,0.05,0.796,0.085,1.245,0.071,0.672,0.104,0.85198,0.146,0.84258,0.083
1,0.586,0.0,0.613,-0.007,0.56,-0.004,1,-0.016,1.128,-0.016,0.969,-0.027,0.693,-0.02187,1.484,-0.026,1.191,-0.019,0.601,-0.021,0.666,-0.048,0.667,-0.04,1.291,-0.06,0.659,-0.079,0.922,-0.089,0.956,-0.079,1.17,-0.051
1,0.963,0.0,0.81,-0.028,1.3,0.045,1.269,0.009,0.686,0.016,0.466,-0.011,0.478,-0.013,0.463,0.041,0.602,0.0,0.954,0.014,0.90495,0.007,1.044,-0.018,1.253,0.019,1.185,0.019,0.713,0.003,0.87327,0.041,1.045,0.028
1,0.741,0.0,0.551,0.018,0.866,-0.026,1.014,0.008,0.985,0.032,1.471,0.019,0.697,0.016,1.428,0.03546,1.103,-0.04,0.717,-0.042,0.501,0.048,0.502,0.049,1.138,0.037,0.494,0.023,0.858,0.037,0.538,0.015,1.402,0.02128
1,1.441,0.0,0.268,-0.245,0.652,0.01270,0.501,0.078,0.361,0.107,0.17,-0.142,0.528,0.135,0.337,0.0,0.313,0.064,0.668,0.03030,1.081,0.21,0.324,-0.191,0.384,0.066,0.398,0.038,0.38,-0.027,0.518,0.063,0.511,0.147
1,0.616,0.0,1.297,0.194,0.874,0.542,0.48,0.506,0.082,0.786,-0.26,0.503,-0.469,0.431,-0.894,0.41524,-0.844,0.135,-0.693,-0.081,-0.524,-0.409,-0.415,-0.57679,-0.041,-0.343,0.202,-0.428,0.404,-0.297,0.317,-0.197,0.289,0.02
1,0.582,0.0,0.616,0.486,0.532,0.932,0.348,0.617,-0.024,0.676,-0.56,1.034,-0.494,0.509,-0.45,0.30356,-0.574,-0.075,-0.798,-0.449,-0.631,-0.678,-0.186,-0.859,0.09,-0.735,0.247,-0.397,0.463,-0.42086,0.517,-0.114,0.744,0.048
1,1.364,0.0,0.897,0.396,0.863,0.969,0.301,1.253,-0.095,1.363,-0.55,0.948,-0.697,0.345,-1.014,0.183,-0.556,-0.245,-0.576,-0.738,-0.243,-1.185,-0.014,-1.284,0.524,-0.758,0.67538,-0.905,0.648,-0.4,0.991,0.054,0.686,0.46301
1,1.132,0.0,1.081,1.485,0.404,0.064,0.166,1.083,-0.393,0.868,-0.467,0.466,-1.105,0.466,-0.466,-0.08867,-0.363,-0.35,-0.442,-0.645,-0.05419,-0.717,0.369,-0.269,0.402,-0.431,0.776,-0.087,0.964,1.328,0.539,0.002,0.151,1.118
1,0.708,0.0,1.154,0.57,0.318,0.386,0.088,0.283,-0.32104,0.385,-0.237,0.339,-0.846,0.0,-0.593,-0.152,-0.276,-0.666,-0.049,-1.088,0.361,-0.357,0.716,-0.235,1.213,-0.262,0.926,0.163,1.098,0.691,0.24242,0.251,0.076,0.498
1,0.58,0.0,0.88110,0.0,1.142,-0.036,1.275,-0.009,0.866,0.012,0.985,0.015,0.553,0.012,1.191,0.002,0.992,0.023,1.332,-0.012,0.458,0.013,1.118,0.05488,0.994,0.07,1.252,0.027,0.798,0.012,1.106,0.071,0.835,-0.012
1,1,0.0,0.795,0.081,0.76,-0.107,0.817,-0.019,1.042,0.008,0.427,0.074,0.94681,-0.009,0.897,0.0,0.646,0.295,1.355,-0.005,0.754,0.01,1.169,0.042,0.865,0.225,0.821,0.084,0.737,0.087,0.508,0.17,0.924,0.0
1,1.295,0.0,0.641,0.107,1.276,0.01,0.718,0.013,1.25,-0.009,0.858,0.152,1.002,0.038,1.26,0.026,1.343,0.044,0.614,0.023,1.125,0.05,0.84931,0.05178,0.84,0.158,1.15,0.087,1.073,-0.025,0.539,0.079,0.485,0.058
1,1.301,0.0,1.197,0.033,1.193,0.00343,0.64,0.005,0.437,0.0,0.871,0.094,0.487,0.006,1.211,0.011,0.574,-0.079,0.839,0.02,1.243,0.011,1.169,0.017,1.184,-0.032,0.518,0.013,1.196,0.102,1.141,0.032,1.096,0.02441
1,1.116,0.0,1.007,0.004,0.932,0.023,1.377,0.022,0.524,0.013,1.303,0.015,0.512,0.043,0.517,0.027,1.432,0.028,1.134,0.04,0.709,0.04796,0.89,0.064,0.94,0.042,0.573,0.047,1.095,0.12,0.515,0.042,1.408,0.09947
1,0.515,0.0,1.03,0.007,0.634,0.013,1.169,0.024,0.561,-0.016,1.152,-0.003,1.264,0.013,0.729,0.008,1.03,0.006,0.747,0.024,0.98011,0.005,0.98122,0.017,1.051,-0.01,0.898,0.01,0.78,0.009,0.862,0.022,0.516,0.032
1,0.833,0.0,1.469,-0.019,1.467,0.008,0.898,-0.002,1.174,0.066,1.057,0.036,1.312,0.041,0.555,0.06488,1.048,0.042,0.857,0.03,1.441,0.116,0.629,0.055,1.199,0.10067,0.68,0.048,0.882,0.073,1.294,0.096,0.599,0.111
1,0.756,0.0,0.88420,0.513,0.903,0.945,0.564,1.111,0.029,0.77,-0.514,1.024,-0.615,0.729,-0.922,0.223,-1.068,-0.005,-1.01,-0.241,-0.75,-0.508,-0.369,-0.884,0.011,-0.806,0.26028,-0.425,0.484,-0.373,0.345,-0.126,0.58,0.032
1,0.729,0.0,0.587,0.608,0.457,0.617,0.44,0.969,-0.28,1.368,-0.471,0.432,-1.122,0.436,-0.96986,0.10345,-1.096,-0.176,-0.543,-0.563,-0.271,-1.206,0.071,-0.919,0.374,-0.814,1.0,-0.513,1.296,-0.276,0.578,0.272,0.445,0.663
1,1,0.0,0.468,0.154,0.107,0.29308,0.188,0.571,-0.288,1.006,-0.164,0.383,-0.685,0.358,-0.764,-0.002,-0.202,-0.205,-0.197,-0.391,-0.119,-1.239,0.05,-0.348,0.413,-0.131,0.373,-0.15,0.197,0.054,0.184,0.16,0.187,0.25
1,1.314,0.0,0.804,0.288,0.27,1.052,0.054,0.911,-0.32027,0.451,-0.979,0.349,-0.801,0.056,-0.869,-0.175,-0.47032,-1.066,-0.038,-0.666,0.272,-1.093,0.66,-0.616,0.689,-0.213,0.498,0.28,0.313,0.362,0.25,0.492,-0.23,1.017
1,1,0.0,0.267,0.037,0.034,0.296,-0.102,0.307,-0.221,-0.219,-0.235,0.061,-0.471,0.088,-0.218,-0.188,-0.133,-0.233,0.169,-0.198,0.328,-0.122,0.17,-0.16031,0.266,0.2,0.02,0.436,-0.032,0.153,-0.133,0.165,-0.287,-0.34
1,0.56,0.0,0.492,0.001,0.805,0.0,0.794,-0.001,0.816,0.014,0.493,0.026,0.97888,0.027,1.485,0.028,1.214,0.05713,1.389,0.053,0.499,0.048,0.834,0.064,0.479,0.042,0.876,0.084,1.209,0.113,0.85,0.087,0.512,0.122
1,1.013,0.0,0.586,-0.084,0.569,0.003,0.964,-0.007,0.86821,-0.112,0.406,-0.08,0.518,0.045,0.442,-0.077,0.825,0.073,0.626,0.09,1.282,-0.02370,0.993,-0.064,0.552,-0.027,0.704,-0.021,1.103,-0.051,0.868,-0.034,1.154,0.007
1,1,0.0,0.225,-0.122,0.682,-0.014,0.545,-0.021,0.449,-0.079,0.53,-0.131,0.62,-0.076,0.59361,-0.042,0.334,-0.163,0.737,0.075,0.656,-0.075,0.666,-0.048,0.618,-0.007,0.237,-0.123,0.305,-0.063,0.197,-0.059,0.342,-0.095
1,0.696,0.0,0.884,0.007,0.86335,0.003,0.59,0.004,0.862,0.028,1.174,0.149,0.472,0.005,0.742,0.006,1.004,-0.057,0.722,0.036,0.557,0.01,0.975,0.014,0.627,-0.004,0.869,0.008,0.853,0.008,0.586,0.016,0.619,0.01525
1,1.281,0,0.638,-0.01,1.262,0.045,0.716,0.396,1.061,-0.002,0.389,-0.153,0.483,-0.593,0.558,0.637,0.611,0.317,0.457,0.062,0.298,-0.247,1.364,0.009,0.844,0.041,0.437,0.212,0.74,0.078,0.55328,0.181,0.156,0.353
1,1,0.0,0.669,0.08,0.711,-0.188,0.786,-0.081,1.238,-0.049,1.175,0.115,0.753,0.093,0.79307,-0.117,1.267,-0.016,1.004,0.098,0.796,0.012,1.03,0.077,0.607,-0.023,0.95,0.002,0.991,0.097,0.527,-0.135,1.196,-0.039
1,1.159,0.0,0.673,0.005,0.634,-0.021,1.156,-0.024,0.802,0.01606,1.228,0.023,1.066,0.07,0.662,-0.02,1.354,0.002,0.494,0.087,0.771,0.065,1.327,0.114,0.773,0.007,1.235,0.041,1.026,0.114,0.94066,-0.0,0.935,0.06
1,0.959,0.0,0.94701,-0.0,0.93207,-0.048,0.665,-0.048,1.408,0.03,0.554,0.018,0.953,0.062,1.323,-0.019,0.478,0.013,1.377,0.019,0.649,0.098,0.887,0.068,0.495,0.018,0.689,0.016,1.344,0.026,1.121,0.002,1.025,-0.005
1,1,0.0,0.927,-0.024,0.78,-0.024,1.303,-0.045,1.207,0.002,1.161,-0.048,0.89,-0.014,0.898,-0.038,0.838,-0.006,0.71,-0.137,0.615,0.015,0.97,-0.031,0.756,-0.025,0.915,-0.041,0.481,-0.141,0.639,-0.053,0.831,-0.16243
1,0.781,0.0,1.23,0.142,0.735,-0.059,1.018,0.107,1.225,-0.056,1.135,0.094,0.846,-0.004,0.653,-0.014,0.502,-0.065,0.951,-0.051,0.763,-0.09490,0.717,0.042,1.257,-0.142,0.733,-0.048,0.78207,-0.01,0.416,-0.048,0.814,-0.033
