1,1.217,0.0,1.235,-0.043,0.616,0.034,1.132,-0.411,0.886,0.039,0.735,-0.21,0.755,-0.529,0.475,-0.339,0.535,-0.221,0.514,-0.397,0.749,-0.381,0.325,-0.346,0.495,-0.697,0.438,-0.68,0.271,-0.487,0.218,-0.707,0.134,-0.477
0,1.028,0.0,1.172,-0.12,0.88,-0.284,-0.06,-0.996,1.438,-0.057,0.375,-0.463,0.358,-0.859,-0.662,-1.287,0.069,-0.898,0.303,-1.067,-0.095,-0.392,-0.197,-0.388,-0.155,-0.22,-0.278,-0.185,-0.245,-0.099,-0.21,-0.081,-0.124,-0.029
1,1.466,0.0,1.03,-0.049,1.117,0.003,1.37,-0.165,0.699,0.013,0.644,0.079,0.727,0.01,0.463,0.002,0.608,-0.134,0.917,-0.082,1.034,-0.189,0.229,-0.061,0.297,-0.426,0.474,-0.324,0.506,-0.165,0.411,-0.26,0.417,-0.441
0,0.822,0.0,0.904,-0.362,1.022,0.996,0.396,-0.786,0.0,0.0,0.0,0.0,0.0,0.0,-1.036,0.144,0.703,-0.403,-1.366,-0.495,-0.462,0.665,0.0,0.0,0.971,0.503,0.393,1.465,0.787,-0.23,0.322,0.503,-0.171,1.393
1,1.331,0.0,1.384,-0.023,1.158,0.054,0.931,-0.154,0.596,-0.166,0.647,-0.193,0.467,-0.009,0.298,-0.319,0.324,-0.23,0.538,-0.119,0.084,-0.467,0.018,-0.325,0.025,-0.558,0.192,-0.725,0.034,-0.697,-0.044,-0.607,-0.052,-0.589
0,0.523,0.0,0.015,-0.007,-0.118,-0.176,-0.01,-0.116,0.196,0.072,0.044,-0.083,0.0,0.0,-0.034,-0.176,-0.002,-0.152,-0.152,-0.041,0.027,0.029,0.019,0.005,0.052,-0.01,-0.017,0.052,-0.111,0.009,0.0,0.0,-0.0,0.114
1,1.123,0.0,0.922,-0.106,1.033,-0.235,1.223,-0.262,1.03,-0.378,0.715,-0.509,0.671,-0.403,1.103,-0.549,0.296,-0.461,0.497,-0.808,0.4,-0.863,0.177,-0.45,0.201,-1.063,0.153,-0.698,0.044,-0.509,-0.048,-1.207,-0.193,-0.907
0,0.0,0.0,0.0,0.0,0.0,0.0,0.739,-1.319,0.0,0.0,-1.284,-1.211,0.0,0.0,0.0,0.0,0.744,1.271,-1.09,-0.738,0.0,0.0,0.0,0.0,1.238,1.046,1.398,0.977,0.0,0.0,0.917,0.687,0.0,0.0
1,1.465,0.0,1.005,-0.044,0.715,-0.177,1.123,-0.316,0.94,-0.475,1.018,-0.565,0.569,-0.256,0.939,-0.297,1.075,-0.525,0.726,-0.971,0.711,-0.776,0.516,-0.741,0.547,-0.616,0.416,-0.843,0.156,-0.619,0.396,-0.958,0.516,-1.07
0,1.091,0.0,-0.018,-0.096,0.0,0.0,0.0,0.0,0.127,-0.338,-0.481,-0.246,0.0,0.0,-0.227,0.395,-0.413,0.168,0.52,0.317,0.0,0.0,0.0,0.0,-0.124,-0.008,0.133,-0.026,0.0,0.0,0.224,0.294,-0.103,0.313
1,0.78,0.0,0.614,0.089,1.092,-0.093,1.431,-0.245,1.12,-0.276,1.02,-0.368,0.768,-0.581,0.807,-0.693,1.158,-0.354,0.66,-0.386,0.755,-0.474,0.748,-0.621,0.409,-0.668,0.596,-1.229,0.209,-0.872,0.226,-1.27,0.141,-0.834
0,1.183,0.0,0.778,-0.689,1.045,-1.459,0.775,-1.153,1.081,0.509,1.451,-0.507,0.68,1.251,0.752,-1.012,1.464,-0.424,1.226,-0.623,1.345,0.799,0.625,0.866,0.542,-0.558,1.308,-0.317,0.946,-0.686,0.552,-1.024,0.52,-1.469
1,0.532,0.0,1.421,-0.231,0.818,-0.137,0.642,-0.076,0.842,-0.25,0.713,-0.23,0.545,-0.343,0.63,-0.251,0.913,-0.199,1.18,-0.638,0.887,-0.496,0.495,-0.428,0.539,-0.336,0.838,-0.683,0.511,-0.926,0.904,-0.637,0.734,-0.841
0,1.024,0.0,1.247,-0.772,0.886,0.312,1.187,-0.341,0.513,-0.157,1.311,0.482,1.419,0.068,1.233,-0.172,1.071,-1.269,1.259,-1.411,0.749,0.106,1.265,0.933,1.484,-0.243,1.002,0.387,0.972,-0.683,1.486,0.628,0.894,-0.215
1,1.126,0.0,1.363,0.043,0.995,0.05,0.558,-0.035,0.754,0.125,0.659,0.253,0.989,0.175,1.277,0.096,1.362,0.149,1.053,0.176,1.444,0.309,0.847,0.303,0.517,0.252,0.863,0.335,0.783,0.606,0.953,0.383,0.551,0.343
0,0.716,0.0,0.303,-0.736,0.663,0.33,-0.035,-0.613,0.819,-1.056,0.262,-1.317,0.0,0.0,-1.256,-0.43,-0.54,0.034,0.658,-1.129,0.0,0.0,0.0,0.0,-0.112,0.949,0.4,0.386,0.0,0.0,0.634,0.212,0.0,0.0
1,0.713,0.0,0.975,0.096,0.594,-0.012,1.189,0.018,0.946,0.012,0.735,0.069,1.219,0.112,1.248,0.062,1.29,0.128,0.458,0.072,0.47,0.148,1.238,0.213,1.22,0.101,0.737,0.099,1.106,0.085,1.046,0.119,0.802,0.082
0,0.0,0.0,0.0,0.0,-0.55,-1.279,0.535,0.733,-1.192,1.244,-1.238,0.946,0.671,-1.3,1.201,0.528,-0.522,-0.809,-0.94,1.435,0.834,-1.207,-0.92,1.477,-1.335,0.573,1.228,-0.802,-0.505,1.423,-0.931,-0.63,1.224,-0.77
1,0.863,0.0,0.71,0.022,0.85,0.069,0.588,0.237,0.129,0.415,0.46,0.15,0.731,0.127,0.451,0.056,0.792,0.224,0.152,0.221,0.43,0.157,0.269,0.28,0.579,0.174,0.409,0.271,0.512,0.181,0.354,0.275,0.784,0.257
0,0.0,0.0,1.183,-0.516,0.0,0.0,0.0,0.0,1.429,0.553,1.28,-1.284,-1.034,0.786,0.0,0.0,-1.026,1.356,0.737,1.174,-0.879,0.865,1.25,0.61,-1.473,1.32,0.731,0.762,0.826,-1.067,0.917,1.443,1.089,1.289
1,0.881,0.0,0.721,-0.004,1.048,-0.124,0.636,-0.052,0.633,-0.155,0.786,-0.13,0.853,-0.42,0.725,-0.161,0.476,-0.302,1.264,-0.51,0.682,-0.556,1.184,-0.326,1.118,-0.213,0.923,-0.434,1.111,-0.364,0.408,-0.384,0.799,-0.452
0,0.0,0.0,1.244,0.556,0.0,0.0,0.0,0.0,-0.909,-1.37,0.0,0.0,0.0,0.0,-1.173,-0.705,-0.787,-0.821,-1.036,0.803,-1.025,1.253,0.0,0.0,0.0,0.0,1.366,-1.153,-1.122,0.528,-0.562,0.985,-0.971,1.334
1,0.647,0.0,1.182,0.047,0.827,0.026,1.465,0.13,0.808,-0.04,0.733,0.013,0.549,-0.048,0.848,0.113,0.424,0.003,0.744,-0.063,0.751,-0.048,0.55,-0.06,0.771,-0.069,0.808,-0.021,0.507,-0.013,0.397,-0.0,0.71,-0.002
0,0.0,0.0,-1.08,0.798,0.0,0.0,0.0,0.0,-1.162,1.277,1.12,1.134,0.0,0.0,0.0,0.0,0.829,-0.519,-0.879,0.564,0.821,0.565,0.0,0.0,-1.41,-0.765,1.313,-1.486,1.179,1.333,-1.01,1.191,0.0,0.0
1,0.564,0.0,0.677,-0.069,1.318,0.016,0.673,-0.067,1.302,-0.025,0.618,-0.174,0.953,-0.051,0.936,-0.072,0.655,-0.063,0.718,-0.304,1.096,-0.202,0.915,-0.393,1.268,-0.46,0.651,-0.403,0.819,-0.41,0.803,-0.315,0.955,-0.551
0,0.846,0.0,1.411,0.316,0.687,-0.622,1.271,-0.793,0.744,-0.965,1.021,-0.977,0.917,-1.399,1.121,-0.944,1.14,-1.21,1.046,-0.884,1.089,-0.76,0.739,-0.894,1.101,-1.09,1.479,-1.123,0.738,-1.342,0.919,-1.366,1.319,-0.924
1,0.944,0.0,0.616,-0.056,0.798,-0.199,1.081,-1.074,1.382,0.437,1.044,-0.485,1.136,-0.229,0.772,-0.304,0.517,-0.824,0.115,-1.316,0.578,0.068,0.615,-1.005,0.609,-0.864,0.29,-0.707,0.503,-0.876,0.251,-1.114,-0.125,-1.451
0,0.0,0.0,-0.753,-1.254,0.0,0.0,-0.838,0.865,0.969,-0.292,0.0,0.0,0.0,0.0,0.0,0.0,0.62,-0.741,-1.054,-1.039,1.488,-1.465,0.0,0.0,1.483,-0.646,-1.348,1.492,-1.234,-1.435,0.0,0.0,-1.034,0.815
1,1.068,0.0,0.544,0.098,1.373,0.247,1.259,-0.145,0.927,0.723,0.978,0.426,0.622,0.485,0.504,0.865,1.092,0.844,0.729,1.065,1.425,0.798,1.096,0.749,0.937,0.732,0.915,1.185,0.7,0.614,0.343,0.78,0.658,0.95
0,0.0,0.0,-1.226,-1.251,1.263,1.469,1.444,-1.271,-0.625,0.775,1.297,-1.234,-1.405,-0.505,0.0,0.0,1.081,1.464,-1.042,-0.771,1.012,-0.721,0.686,-1.142,1.308,0.64,1.338,-0.895,0.762,-1.431,-0.752,0.89,0.52,-0.806
1,0.723,0.0,1.243,-0.135,0.591,-0.175,1.287,-0.231,1.082,-0.043,0.523,-0.162,1.467,-0.212,0.604,-0.241,1.066,-0.277,1.467,-0.428,1.394,-0.273,0.598,-0.442,0.565,-0.312,1.014,-0.327,1.236,-0.379,0.885,-0.698,0.766,-1.201
0,1.398,0.0,1.069,-0.848,1.23,0.869,1.45,-1.408,1.203,-1.065,1.432,-1.241,1.342,-0.024,1.186,-0.628,0.739,0.503,0.892,-0.756,0.935,0.539,0.577,-1.347,0.0,0.0,0.763,1.132,1.093,-0.734,0.971,0.965,0.982,1.41
1,1.4,0.0,1.093,-0.078,0.521,-0.075,0.477,-0.148,1.084,-0.21,0.98,-0.177,1.247,-0.368,1.216,-0.203,1.095,-0.426,0.49,-0.494,0.58,-0.358,0.635,-0.72,0.376,-0.295,0.526,-0.624,0.538,-0.766,0.619,-0.591,0.375,-0.572
0,0.515,0.0,0.427,-0.031,0.249,-0.142,1.219,-0.125,1.295,-0.116,0.654,-0.074,0.418,0.578,0.686,-0.616,0.77,-0.249,0.436,-0.209,-0.143,0.607,0.5,0.077,0.499,-0.294,0.817,-0.314,0.725,-0.213,1.226,-0.661,-0.288,-1.124
1,1.376,0.0,0.873,-0.22,0.547,0.387,0.775,-0.382,0.633,-0.419,0.84,-0.393,0.716,-0.145,0.597,0.112,1.288,0.43,1.16,0.265,0.582,-0.017,1.195,-0.743,1.267,0.205,0.847,-0.082,1.246,-0.166,1.232,0.494,0.959,-0.602
0,0.908,0.0,0.823,-1.183,1.452,0.684,1.153,-0.602,0.579,-0.458,1.035,-1.251,0.64,-0.648,1.384,0.896,0.126,0.622,1.281,0.603,1.356,0.695,0.725,-0.554,0.894,1.057,1.367,-0.073,0.854,-0.317,0.638,0.685,0.693,0.513
1,1.241,0.0,0.894,0.005,0.966,-0.016,1.401,-0.035,1.163,-0.069,0.826,-0.049,1.303,-0.076,0.517,-0.103,1.335,-0.134,0.802,-0.137,1.307,-0.088,0.604,-0.1,0.536,-0.293,0.833,-0.248,0.584,-0.172,1.202,-0.285,0.794,-0.274
0,0.0,0.0,1.119,0.899,1.26,-0.86,0.0,0.0,0.0,0.0,-0.675,-0.942,0.0,0.0,0.0,0.0,-0.529,1.485,1.096,1.131,-0.915,1.258,-1.413,0.791,1.013,-1.312,0.916,0.789,-0.942,1.22,1.346,1.189,0.0,0.0
1,1.243,0.0,0.948,0.028,0.481,0.022,0.926,0.054,0.765,0.008,0.575,0.086,1.214,0.13,0.693,0.091,0.773,0.184,0.787,0.212,0.951,0.071,0.894,0.162,0.438,0.066,0.388,0.102,0.655,0.217,0.881,0.104,0.958,0.146
0,1.186,0.0,1.447,0.015,0.799,0.047,0.55,0.042,0.577,-0.805,0.987,0.075,1.155,0.607,1.192,0.132,0.493,0.189,1.201,0.249,0.888,0.129,0.609,0.094,0.429,0.085,0.312,0.09,0.467,0.115,0.281,0.177,1.441,0.569
1,0.827,0.0,0.683,0.06,1.42,0.149,1.144,0.242,1.04,0.182,1.169,0.251,0.909,0.508,0.942,0.57,0.434,0.317,0.676,0.899,0.431,0.962,0.245,0.88,0.368,0.572,0.173,0.769,0.166,1.015,0.113,0.86,0.045,0.375
0,0.75,0.0,-1.172,-0.806,0.618,1.328,0.542,-0.131,0.0,0.0,-0.658,0.933,0.97,0.825,0.213,-1.077,-0.965,-1.449,0.053,-1.132,1.461,-0.502,-1.256,1.141,-0.592,-0.864,0.672,-1.036,-1.38,-0.789,1.077,0.691,0.0,0.0
1,1.197,0.0,1.108,0.073,1.086,0.241,0.888,0.16,0.647,0.722,0.701,0.54,0.224,0.55,0.553,0.304,0.663,0.318,0.288,0.112,0.381,0.778,0.465,0.645,0.189,0.306,0.244,0.291,0.162,0.607,0.046,0.583,0.157,0.423
0,1.247,0.0,-0.878,-1.416,1.03,0.483,1.306,-1.039,0.558,-0.202,0.866,1.283,1.101,-0.364,0.931,-1.209,1.121,0.146,1.235,-1.105,1.397,-0.038,-0.43,1.318,0.651,0.59,0.791,1.071,0.827,-1.08,1.18,-0.517,0.593,-1.129
1,1.077,0.0,0.856,-0.057,0.7,-0.161,1.111,-0.183,0.551,-0.377,1.107,-0.178,0.789,-0.509,1.168,-0.504,0.716,-0.544,0.487,-0.804,0.562,-0.676,0.52,-0.819,0.747,-0.959,0.331,-0.609,0.478,-0.66,0.607,-0.596,0.329,-1.101
0,0.0,0.0,0.0,0.0,0.0,0.0,0.0,0.0,1.056,1.304,1.401,0.716,0.0,0.0,0.0,0.0,-0.331,-1.084,-0.738,-1.291,0.0,0.0,0.0,0.0,-1.01,-1.082,-1.427,-1.467,-1.329,0.603,0.817,0.0,0.0,0.0
1,0.974,0.0,1.218,-0.043,1.142,-0.038,0.812,-0.113,0.97,-0.078,0.68,-0.164,0.847,-0.138,0.652,-0.343,0.927,-0.339,0.94,-0.22,0.795,-0.3,0.552,-0.416,0.909,-0.406,0.833,-0.478,0.817,-0.529,0.96,-0.369,1.088,-0.41
0,1.241,0.0,1.3,-0.019,-0.586,0.376,-0.413,0.272,0.895,-0.726,1.032,-0.018,-0.155,-0.006,-0.743,0.1,1.227,-0.551,1.035,-0.496,-0.401,-0.182,-0.549,0.452,0.84,-0.647,0.583,-0.581,0.575,-0.354,-0.057,0.164,-0.075,0.432
1,1.417,0.0,1.44,0.009,0.851,-0.047,0.905,-0.052,0.62,-0.075,1.381,-0.048,0.763,-0.114,1.215,-0.066,1.164,-0.061,0.757,-0.109,0.634,-0.208,0.487,-0.123,0.843,-0.13,0.899,-0.187,0.636,-0.246,0.641,-0.339,0.956,-0.273
0,0.892,0.0,0.0,0.0,1.23,0.553,0.0,0.0,0.065,-1.203,0.0,0.0,0.0,0.0,-0.741,-0.112,-0.492,-0.419,1.083,0.535,0.0,0.0,0.519,0.35,-1.122,0.604,1.078,-0.976,-1.132,0.488,0.0,0.0,0.0,0.0
1,0.822,0.0,0.808,-0.104,0.331,0.042,1.021,-0.003,0.791,0.177,0.721,-0.019,1.134,0.775,0.563,-0.332,0.417,-0.327,0.804,-0.255,1.439,0.763,0.286,-0.175,0.835,-0.026,0.962,-0.014,0.535,-0.219,0.9,-0.294,1.146,-0.007
0,0.0,0.0,0.55,0.71,0.819,-1.404,0.0,0.0,0.0,0.0,1.239,0.986,1.242,0.651,-0.655,-0.739,0.759,-0.599,-1.299,1.205,0.0,0.0,0.54,-0.877,1.441,-1.481,0.972,1.132,-0.617,-1.315,0.0,0.0,0.0,0.0
1,0.959,0.0,1.49,1.246,0.604,0.515,1.153,0.887,-0.347,0.84,-0.561,1.484,-1.16,0.996,-0.761,0.698,-0.847,-0.8,-1.232,-0.342,-0.71,-1.159,-0.696,-0.757,1.012,-0.936,0.654,-1.135,0.895,-1.387,0.578,-0.219,0.604,0.396
0,0.768,0.0,-0.631,-0.638,-1.251,0.725,0.875,0.811,0.04,-1.291,-0.757,-0.715,0.725,1.244,0.635,-1.239,-1.035,0.693,0.735,1.093,1.476,-0.789,-0.654,-0.926,-0.274,0.894,1.376,-1.221,-0.873,-1.384,-0.554,1.042,1.367,0.382
1,1.159,0.0,0.74,0.066,1.143,-0.08,0.864,-0.089,0.944,-0.076,1.21,0.017,0.704,-0.133,1.175,-0.256,0.905,-0.465,0.578,-0.474,0.952,-0.358,1.067,-0.418,1.152,-0.253,0.746,-0.309,0.852,-0.399,0.811,-0.509,1.154,-0.262
0,1.243,0.0,0.118,-0.196,-1.448,0.852,-1.041,0.942,0.412,0.431,-0.832,-0.9,-1.119,-1.346,-0.661,0.6,-0.029,0.369,-0.609,-0.461,-0.94,-0.844,-0.86,-0.418,-0.682,0.227,1.383,-0.985,-1.485,-0.475,-1.131,-1.258,-0.531,0.575
1,0.645,0.0,0.789,-0.027,0.975,-0.053,0.939,-0.064,0.522,-0.072,0.835,0.358,0.987,-0.096,1.443,-0.213,0.655,0.215,1.312,-0.103,0.527,-0.119,0.645,-0.106,0.757,-0.959,0.799,-0.236,0.781,-0.26,1.027,-0.132,0.723,-0.207
0,0.0,0.0,-0.802,0.805,0.768,-1.139,-1.465,1.441,0.0,0.0,1.132,1.012,-0.641,-0.161,0.517,0.607,-1.243,-1.084,0.511,-1.447,-0.732,-1.306,0.561,0.626,1.011,-1.201,1.416,0.564,1.245,0.597,0.0,0.0,-0.87,-0.974
1,1.437,0.0,1.427,0.038,0.86,0.079,0.785,0.123,1.349,-0.013,1.123,0.066,0.616,0.088,1.146,0.125,1.29,0.253,0.546,0.174,0.681,0.155,1.077,0.176,1.331,0.193,0.551,0.123,0.66,0.128,0.707,0.198,0.659,0.309
0,0.789,0.0,0.207,-1.348,-1.449,1.173,0.0,0.0,0.0,0.0,-0.864,0.827,0.0,0.0,-0.661,-0.653,0.867,0.528,0.595,0.206,0.0,0.0,-0.525,-0.215,-1.004,0.874,0.502,0.592,-1.144,0.558,0.0,0.0,0.0,0.0
1,0.796,0.0,0.97,0.113,1.141,0.178,1.38,0.151,1.067,0.096,0.626,0.129,0.575,0.216,0.898,0.244,0.591,0.222,1.081,0.318,1.146,0.372,0.468,0.204,0.693,0.446,0.889,0.56,0.834,0.521,0.692,0.47,0.681,0.748
0,0.811,0.0,0.016,-0.37,0.0,0.0,0.0,0.0,0.0,0.0,0.0,0.0,0.0,0.0,0.168,-0.818,0.301,1.157,1.172,-0.564,0.0,0.0,0.109,-1.129,-0.068,-0.115,1.416,-0.415,-1.429,0.194,0.0,0.0,1.101,-0.289
1,1.13,0.0,1.18,0.112,1.098,0.129,1.089,0.278,0.509,0.251,0.861,0.418,0.718,0.507,1.135,0.527,0.582,0.313,0.825,0.704,0.824,0.724,0.282,0.56,0.68,0.683,0.486,0.599,0.208,0.709,0.328,0.394,0.296,0.552
0,1.323,0.0,0.538,1.084,0.149,-1.401,0.881,1.438,0.61,0.282,-0.724,1.01,-0.052,0.685,0.012,0.066,-0.421,-1.077,0.194,-0.036,0.342,-0.57,-1.336,0.557,0.488,-0.529,0.616,-0.06,1.285,0.784,0.264,-1.291,1.327,1.237
1,0.521,0.0,0.684,-0.26,1.054,1.012,1.19,0.189,1.002,-0.1,0.991,0.354,0.672,-0.236,1.1,0.008,1.415,-0.409,0.511,-0.355,0.606,-0.18,0.769,-0.146,1.335,0.092,1.003,-0.091,0.785,-0.39,0.509,0.247,0.568,-0.067
0,0.765,0.0,1.052,0.079,1.218,0.417,1.108,-0.984,0.587,0.082,1.145,0.263,1.136,0.535,0.684,0.511,0.8,0.038,0.576,-0.447,1.116,0.368,1.018,0.172,1.234,-0.409,0.547,0.206,0.268,-0.011,0.816,0.303,1.035,0.453
1,0.809,0.0,1.074,0.28,0.833,0.022,1.19,0.08,1.287,0.035,1.019,0.215,0.534,0.028,0.523,0.026,0.983,-0.227,0.969,-0.119,1.417,0.054,1.081,0.365,0.952,-0.401,1.154,-0.03,0.499,0.241,0.821,-0.158,0.478,-0.041
0,0.0,0.0,0.501,-0.723,1.398,-1.423,0.766,-1.226,0.628,-1.467,1.099,1.243,0.971,0.741,0.598,-1.066,0.965,0.655,1.069,1.394,0.604,1.408,0.568,-1.467,1.078,-0.928,0.769,-0.591,1.342,0.931,0.0,0.0,1.347,-0.976
1,1.108,0.0,1.072,0.711,1.179,0.713,0.529,1.268,0.236,0.911,-0.372,0.763,-0.585,0.544,-0.613,0.576,-0.463,-0.523,-1.043,-0.548,-0.936,-1.076,-0.453,-0.49,0.387,-1.241,0.601,-0.829,0.239,-0.982,1.023,-0.311,1.059,0.02
0,0.616,0.0,1.233,1.462,0.678,-0.599,0.518,-0.617,1.357,0.71,0.651,1.132,0.986,1.423,0.972,-0.758,0.96,1.17,0.822,0.558,1.03,1.404,1.228,0.613,1.315,0.761,1.481,0.463,0.0,0.0,0.536,-1.239,1.4,-1.299
1,1.385,0.0,0.71,0.026,1.244,0.138,1.136,0.306,0.814,0.141,0.655,0.277,0.84,0.509,0.54,0.408,0.515,0.583,0.604,0.472,0.936,0.401,1.124,0.739,0.605,0.519,0.566,0.994,0.495,0.55,0.862,1.032,0.393,0.945
0,0.0,0.0,1.267,-0.895,0.725,1.093,-1.035,-1.042,0.847,-0.638,0.0,0.0,0.0,0.0,-1.398,1.291,1.484,-1.387,0.789,-0.877,-0.694,1.452,0.959,-0.873,0.654,-1.232,0.757,-0.875,-1.476,-1.49,0.0,0.0,0.761,-0.768
1,0.983,0.0,0.783,0.112,1.359,0.262,1.117,0.341,1.113,0.428,0.718,0.641,0.977,0.507,0.592,0.804,0.531,0.442,0.855,0.654,0.402,0.382,0.432,0.678,0.468,0.678,0.35,0.991,0.171,1.103,0.182,1.018,0.077,0.681
0,1.303,0.0,0.473,0.241,0.0,0.0,-0.472,0.646,0.0,0.0,0.0,0.0,0.0,0.0,0.129,-0.206,0.177,0.255,0.593,0.954,0.0,0.0,0.0,0.0,0.962,0.258,1.103,0.625,0.0,0.0,0.0,0.0,0.0,0.0
1,0.645,0.0,1.081,0.046,0.757,0.057,0.916,0.218,1.309,0.268,1.485,0.184,0.522,0.455,0.851,0.606,0.928,0.433,0.996,0.85,0.544,0.49,0.843,0.472,0.675,0.505,0.617,0.934,0.287,0.796,0.27,0.476,0.279,0.479
0,0.0,0.0,0.975,0.511,0.0,0.0,0.517,-0.586,0.87,-1.465,1.243,0.655,0.626,1.273,1.011,-0.597,1.36,0.939,1.012,0.805,0.977,-0.638,-1.469,-0.987,0.591,-1.161,1.443,-1.468,1.416,0.768,0.0,0.0,1.139,-1.242
1,0.974,0.0,0.935,0.023,0.658,0.077,1.132,0.192,1.208,0.405,0.778,0.288,1.098,0.227,0.679,0.427,1.185,0.287,0.411,0.267,0.517,0.377,0.762,0.499,0.905,0.341,0.358,0.866,0.491,0.55,0.592,0.466,0.228,0.492
0,0.0,0.0,0.718,1.204,0.643,-1.432,1.014,0.683,1.173,1.427,1.189,1.07,0.921,1.142,0.993,1.342,1.256,-1.348,-0.827,1.144,-1.258,0.825,-1.062,0.862,0.793,-0.525,0.542,1.089,-1.118,1.437,-1.077,-0.965,-1.077,1.184
1,1.172,0.0,1.328,0.167,0.91,0.61,0.888,0.491,0.618,0.75,0.608,1.006,0.97,1.141,1.31,0.621,1.082,0.933,1.144,1.461,0.618,0.658,1.015,0.672,0.67,0.908,0.227,1.38,0.054,1.375,-0.224,0.789,-0.701,1.449
0,0.0,0.0,1.172,1.055,1.487,-1.117,1.299,1.197,-0.827,1.285,0.0,0.0,0.999,1.039,0.0,0.0,0.0,0.0,-1.059,1.209,-1.101,0.961,0.558,0.959,0.669,-0.689,0.761,0.515,1.429,1.059,0.66,-1.286,-0.542,1.218
1,1.408,0.0,1.416,-0.039,1.03,0.68,0.583,0.082,1.071,0.189,1.306,-0.941,1.247,-0.351,0.593,-0.212,1.268,0.055,0.811,-0.86,1.105,-0.226,0.701,-0.865,1.235,-0.774,1.109,-0.644,1.211,-0.967,0.51,-0.927,1.365,-0.543
0,0.0,0.0,1.077,-0.832,0.603,1.401,1.438,0.784,0.711,0.696,1.046,1.151,1.193,-1.336,1.291,-1.13,1.01,1.236,1.082,-1.458,0.507,1.323,1.301,0.557,0.742,-0.843,0.647,0.716,0.984,-1.094,1.304,0.876,1.166,-1.361
1,0.817,0.0,1.261,0.041,0.875,0.143,0.564,0.345,1.116,0.287,0.68,0.325,0.875,0.517,1.039,0.669,0.656,0.71,0.378,0.566,0.421,0.611,0.438,0.991,0.287,0.822,0.12,0.95,0.122,0.749,0.027,1.024,-0.057,0.989
0,0.521,0.0,0.981,-0.163,0.672,0.22,0.319,0.381,0.348,0.446,0.971,-0.158,0.012,0.461,0.008,0.277,0.165,0.471,0.13,0.369,0.042,0.445,-0.001,0.302,-0.02,0.125,-0.053,0.1,-0.055,0.057,-0.045,0.073,-0.03,0.04
1,1.301,0.0,0.439,-0.034,0.701,-0.069,1.042,0.015,0.494,0.026,0.368,0.07,0.682,0.077,1.011,0.052,0.404,-0.316,0.678,-0.015,0.936,0.072,0.476,-0.111,0.377,0.038,0.701,-0.066,0.575,-0.253,0.492,-0.199,0.629,0.026
0,0.568,0.0,0.232,-0.051,0.862,0.063,0.646,1.243,0.214,0.11,0.419,0.16,0.703,-0.902,0.744,0.383,0.437,-0.129,0.233,-0.125,0.343,0.137,0.616,0.349,0.483,0.229,0.525,0.158,0.308,-0.038,0.36,0.109,0.208,0.092
1,1.419,0.0,0.831,0.044,1.084,-0.15,0.546,0.029,0.931,-0.024,0.866,0.01,0.803,-0.131,0.416,-0.02,1.116,0.084,0.677,-0.05,0.811,-0.332,0.547,-0.198,0.91,-0.147,0.659,-0.072,0.656,0.027,1.237,0.019,0.828,0.008
0,0.927,0.0,0.931,-0.054,0.505,0.051,1.17,0.552,0.873,-0.053,0.463,-0.093,0.424,0.059,0.37,0.899,0.619,0.247,0.453,0.144,1.233,-0.167,1.016,-1.268,0.71,0.419,0.468,0.163,0.626,0.05,0.559,0.154,0.928,1.4
1,0.654,0.0,0.749,-0.023,0.249,0.0,0.436,0.099,0.562,-0.084,0.291,0.08,0.58,0.077,0.43,-0.034,0.509,0.009,0.269,0.0,0.31,0.08,0.441,0.112,0.288,0.004,0.473,0.14,0.28,0.044,0.341,0.174,0.306,0.113
0,0.761,0.0,0.486,0.075,0.272,0.172,0.215,0.248,-0.03,0.425,0.051,0.257,-0.283,0.466,-0.124,0.407,0.023,0.306,-0.346,0.164,-0.247,0.045,-0.236,0.421,-0.194,-0.046,-0.063,-0.099,-1.042,-0.84,-0.036,-0.096,-0.003,-0.05
1,1.153,0.0,1.105,-0.249,0.877,0.325,0.526,0.147,0.93,0.043,0.502,-0.055,0.61,0.173,0.969,0.196,0.592,0.792,0.508,0.41,0.53,0.189,1.384,0.284,0.587,0.591,0.947,0.773,1.002,0.865,0.385,0.62,0.466,0.641
0,1.241,0.0,1.109,-0.12,-0.216,-0.594,-0.048,-0.539,1.163,0.06,0.8,-0.01,-0.236,0.917,-0.124,-0.67,0.723,-0.097,0.497,-0.184,-0.091,0.491,-0.472,0.795,0.914,-0.029,1.003,-0.236,0.811,-0.164,-0.137,-0.71,-0.26,-0.791
1,0.835,0.0,0.802,-0.164,0.785,0.045,0.389,0.515,0.943,0.173,0.63,0.339,0.457,-0.274,0.315,0.535,0.232,-0.275,0.207,-0.173,0.242,0.111,0.771,-0.057,0.286,-0.111,0.394,-0.048,0.601,-0.047,0.434,-0.255,0.267,0.077
0,1.243,0.0,-0.548,0.172,-0.325,0.387,0.764,-0.136,0.2,-0.035,0.195,-0.206,0.357,0.132,0.7,-0.182,0.124,0.592,0.333,0.037,0.643,0.047,-0.92,-0.536,0.942,0.385,0.404,-0.232,-0.158,0.158,0.02,0.818,0.314,-0.118
1,0.561,0.0,0.273,0.127,0.656,0.125,0.524,-0.006,0.624,0.118,0.421,-0.179,0.536,-0.041,0.406,0.023,0.547,-0.255,0.554,-0.024,0.435,0.052,0.181,-0.168,0.698,-0.016,0.286,-0.033,0.416,0.06,1.021,-0.012,0.575,-0.025
0,0.523,0.0,0.802,0.133,0.0,0.0,0.812,0.093,0.284,1.07,0.232,1.253,-0.016,0.528,0.154,0.117,-0.017,0.537,-0.57,1.005,-0.081,0.551,-0.452,0.286,-0.998,0.947,-0.487,1.128,-1.208,0.794,-0.902,0.118,0.0,0.0
1,0.672,0.0,1.306,0.209,0.416,0.445,0.756,0.312,0.644,0.704,0.477,0.407,0.145,0.705,0.073,1.141,-0.068,1.161,-0.248,0.657,-0.533,0.615,-0.472,0.522,-0.799,0.243,-0.813,0.235,-0.542,0.078,-0.564,-0.036,-0.989,-0.275
1,0.91,0.0,0.983,0.228,1.068,0.462,0.483,0.763,0.713,1.084,0.461,0.822,0.129,1.086,-0.174,1.231,-0.339,1.26,-0.397,1.022,-0.588,0.476,-0.495,0.479,-0.709,0.142,-0.557,-0.008,-0.891,-0.205,-0.789,-0.222,-0.309,-0.605
0,1.03,0.0,-0.866,-0.811,0.0,0.0,0.574,-0.465,0.313,0.368,-1.18,-0.511,0.0,0.0,0.0,0.0,1.105,-0.256,0.394,-0.503,0.939,-0.51,-1.071,-0.827,1.306,-0.323,-0.558,-1.055,-1.209,-1.334,1.039,-1.101,0.0,0.0
1,0.669,0.0,0.83,0.07,0.827,0.034,0.732,0.051,0.651,0.107,0.78,0.173,0.842,0.041,0.483,0.074,0.844,-0.097,0.472,0.0,0.659,0.128,0.864,0.105,0.939,0.121,0.325,0.113,0.56,0.197,0.419,0.102,0.339,0.127
0,0.912,0.0,0.711,-1.084,0.0,0.0,1.112,-0.811,0.498,0.751,-0.222,-1.234,0.0,0.0,0.0,0.0,0.761,-1.133,0.976,-0.757,0.0,0.0,0.262,-0.716,-1.291,-1.079,-1.01,-1.45,1.166,-1.237,0.738,-1.285,0.0,0.0
1,0.971,0.0,0.945,0.017,0.755,-0.031,1.003,-0.022,0.872,-0.056,0.875,-0.045,0.678,-0.112,1.448,-0.082,1.106,-0.169,0.849,-0.096,0.769,-0.183,1.218,-0.22,0.677,-0.256,0.911,-0.177,1.165,-0.176,1.017,-0.308,1.253,-0.227
0,0.0,0.0,0.0,0.0,0.0,0.0,0.0,0.0,0.0,0.0,0.0,0.0,0.0,0.0,0.0,0.0,0.0,0.0,0.0,0.0,0.0,0.0,0.0,0.0,0.0,0.0,0.743,-1.335,0.0,0.0,0.0,0.0,0.0,0.0
1,1.467,0.0,0.912,-0.177,0.651,-0.131,1.254,-0.103,0.859,0.056,0.944,-0.016,0.43,-0.305,0.809,-0.298,0.914,-0.242,1.018,-0.169,1.287,-0.195,1.108,-0.433,1.074,-0.16,1.089,-0.207,0.706,-0.336,0.506,-0.345,0.832,-0.269
0,0.883,0.0,0.279,-0.225,0.0,0.0,0.976,-0.604,0.222,1.36,0.493,0.091,0.188,-0.828,0.0,0.0,0.63,-0.181,0.333,-0.957,0.0,0.0,0.0,0.0,0.143,0.19,0.848,-0.34,0.038,-0.596,0.151,-0.351,0.0,0.0
1,0.892,0.0,1.079,-0.474,1.241,-0.038,1.189,-0.502,0.835,0.454,1.41,-0.128,0.565,-0.065,1.065,-0.192,1.45,-0.165,0.928,-0.182,0.763,-0.251,1.072,-0.279,0.613,-0.366,0.758,-0.479,1.108,-0.473,0.899,-0.354,0.613,-0.489
0,1.481,0.0,0.0,0.0,0.0,0.0,0.0,0.0,0.0,0.0,0.885,1.357,0.0,0.0,0.0,0.0,0.455,-0.815,0.676,-1.242,0.0,0.0,0.0,0.0,0.0,0.0,1.392,0.068,0.0,0.0,0.0,0.0,0.0,0.0
1,1.267,0.0,1.225,0.004,0.974,-0.127,0.671,-0.107,0.879,-0.053,0.749,-0.061,0.849,0.022,1.209,-0.2,1.301,-0.088,1.465,-0.054,1.021,0.001,1.132,-0.034,0.898,-0.262,1.092,-0.126,0.882,-0.136,0.525,-0.163,0.87,-0.249
0,0.554,0.0,0.061,0.151,0.0,0.0,0.0,0.0,0.478,0.597,0.239,1.244,0.0,0.0,0.0,0.0,0.344,-0.877,0.23,-1.035,0.0,0.0,0.0,0.0,-0.586,-1.239,0.789,-1.135,0.402,-0.259,0.0,0.0,0.0,0.0
1,1.153,0.0,1.312,-0.776,0.767,-0.896,0.612,-0.623,1.241,-0.264,0.894,-0.244,0.744,-1.126,0.908,-0.675,0.79,-1.017,0.893,-0.859,0.826,-1.401,0.435,-0.693,0.551,-0.8,0.705,-1.031,0.661,-0.716,0.983,-1.303,0.431,-1.069
0,1.434,0.0,0.649,-0.791,0.0,0.0,0.0,0.0,0.728,1.413,0.894,-0.168,0.0,0.0,0.0,0.0,0.423,-0.249,0.941,-0.573,0.935,-1.06,0.0,0.0,0.0,0.0,1.041,-0.793,-0.11,-1.054,0.0,0.0,0.0,0.0
1,0.753,0.0,0.582,0.177,1.188,0.325,0.421,0.355,0.649,0.812,0.53,0.472,0.129,0.454,-0.031,1.161,-0.114,0.633,-0.448,0.538,-0.311,0.548,-0.58,0.558,-0.64,0.382,-0.567,0.115,-0.672,-0.074,-0.286,-0.105,-0.446,-0.315
0,1.132,0.0,0.617,-0.391,0.0,0.0,1.201,-1.447,0.514,0.517,0.269,0.379,0.0,0.0,0.0,0.0,0.832,-0.361,1.097,-1.441,0.0,0.0,0.0,0.0,0.308,0.347,0.638,0.131,0.0,0.0,0.0,0.0,0.0,0.0
1,1.452,0.0,0.683,0.141,0.927,0.558,0.408,0.474,0.355,0.475,0.392,0.723,0.057,0.591,-0.266,1.082,-0.311,0.593,-0.646,0.685,-0.415,0.602,-0.669,0.182,-0.66,0.036,-0.618,-0.142,-0.423,-0.301,-0.731,-0.253,-0.35,-0.457
0,1.144,0.0,0.555,0.97,-0.878,0.718,-0.265,0.637,0.029,0.156,-0.25,-0.085,-0.029,-0.097,0.013,-0.028,0.016,-0.006,0.004,0.001,0.001,0.001,-0.0,0.0,-0.0,0.0,-0.0,0.0,0.0,0.0,0.0,0.0,0.0,0.0
1,0.961,0.0,0.216,-0.131,0.206,0.105,0.158,0.223,0.275,0.049,0.349,0.016,0.4,-0.038,0.452,-0.054,0.214,-0.123,0.443,0.032,0.335,0.0,0.295,-0.135,0.236,-0.046,0.196,-0.029,0.132,0.0,0.221,-0.016,0.147,-0.024
0,1.365,0.0,0.517,-0.141,0.761,0.073,0.673,-0.017,0.355,0.019,1.096,-0.017,0.497,0.0,0.729,-0.214,0.17,-0.156,0.675,-0.245,0.375,0.046,1.059,-0.235,0.373,-0.481,0.747,-0.168,0.194,-0.037,0.339,-0.283,0.542,-0.053
1,1.408,0.0,1.106,0.0,1.095,0.018,0.953,0.06,0.682,0.0,0.547,0.054,1.157,0.082,0.855,0.121,0.522,0.149,0.842,0.154,0.813,0.119,0.919,0.161,0.694,0.257,0.358,0.131,0.727,0.031,0.426,0.176,0.734,0.087
0,1.084,0.0,0.505,0.573,-0.69,0.1,-0.118,-0.599,0.882,0.01,1.068,0.214,-0.877,0.397,-0.487,-0.915,0.311,0.187,0.59,0.049,-0.542,0.271,-0.637,-0.341,0.208,0.489,0.606,0.516,0.562,0.425,-0.305,-0.273,0.257,-0.76
1,1.002,0.0,1.236,-0.101,1.027,-0.016,1.243,-0.086,0.758,0.002,0.881,-0.041,0.817,-0.09,0.688,-0.211,1.006,0.058,0.894,-0.055,0.769,-0.128,0.521,-0.221,1.154,0.052,0.738,-0.124,0.904,-0.188,1.329,-0.107,0.945,-0.443
0,1.349,0.0,0.251,-0.156,0.318,-0.151,0.118,-0.745,0.369,-0.045,0.287,-0.039,0.216,0.301,0.353,-0.601,0.16,-0.025,0.354,0.048,0.183,0.4,0.608,0.202,0.374,0.154,0.281,-0.085,0.446,-0.066,0.074,-0.413,0.333,-0.255
1,0.565,0.0,0.952,-1.31,1.374,1.045,0.638,-0.029,0.695,0.0,1.149,-0.0,0.26,0.04,0.622,-0.047,1.177,-0.001,0.542,0.0,0.68,0.081,0.566,-0.001,0.809,0.818,1.103,-0.001,0.973,-1.031,1.335,0.376,0.4,-0.1
0,0.723,0.0,1.048,1.186,-0.837,-0.182,0.199,-0.11,0.484,-0.133,-0.422,0.179,0.465,0.0,0.162,-0.068,-0.513,0.309,0.258,0.016,0.296,0.035,0.18,-0.326,-0.708,-0.055,0.265,-0.267,0.591,0.0,-0.334,-0.046,0.384,0.034
1,1.23,0.0,0.526,0.049,0.431,-0.074,0.424,0.0,0.297,-0.056,0.277,0.0,0.418,0.097,0.687,0.022,0.589,-0.194,0.313,-0.225,0.309,0.051,0.32,0.233,0.452,-0.212,0.564,-0.145,0.402,-0.117,0.293,-0.272,0.355,-0.066
0,0.536,0.0,1.233,0.565,0.0,0.0,0.0,0.0,0.0,0.0,0.339,-1.284,-0.267,0.279,-0.648,0.294,0.946,0.927,0.0,0.0,0.0,0.0,0.558,0.249,-1.239,-1.132,1.357,-1.108,1.17,1.4,0.0,0.0,0.0,0.0
1,0.739,0.0,0.55,0.034,1.164,0.148,0.595,0.273,0.964,-0.275,1.085,0.762,0.692,0.26,0.72,0.319,0.502,0.393,1.258,0.337,0.359,0.495,0.288,0.555,0.378,0.289,0.281,0.261,1.258,0.633,0.19,0.281,0.163,0.201
0,0.877,0.0,0.574,0.342,0.905,1.02,1.046,0.98,1.165,-0.084,1.007,0.118,1.199,-1.245,0.706,0.698,1.176,-0.06,1.316,0.168,0.745,-0.421,0.802,-0.561,0.369,-0.42,0.873,0.254,0.656,0.296,0.768,0.587,0.734,0.798
1,1.404,0.0,0.532,0.124,1.281,-0.014,0.725,0.017,0.703,-0.06,1.171,-0.019,1.218,-0.035,1.367,-0.044,0.894,-0.061,0.835,0.01,1.351,-0.072,1.129,-0.056,1.134,-0.124,0.869,-0.092,0.813,0.016,1.303,-0.146,1.057,-0.067
0,0.6,0.0,0.0,0.0,-0.466,1.119,0.0,0.0,0.652,-0.942,0.642,0.455,-0.178,-0.377,-0.369,0.607,1.186,0.161,0.0,0.0,0.0,0.0,-0.235,-1.243,0.0,0.0,0.955,-1.041,0.0,0.0,0.052,0.778,0.0,0.0
1,0.529,0.0,0.765,0.007,1.119,0.009,0.565,-0.006,1.317,-0.034,1.482,-0.018,0.636,-0.013,0.899,-0.034,0.916,-0.01,0.614,0.0,1.413,-0.014,1.445,-0.043,0.637,-0.039,1.051,-0.023,0.982,-0.024,0.645,-0.032,0.569,-0.054
0,0.638,0.0,0.0,0.0,1.231,-0.282,0.222,-0.035,0.0,0.0,0.748,0.107,0.977,-0.197,0.805,0.066,1.36,-0.141,0.0,0.0,1.039,-0.108,0.597,-0.611,0.0,0.0,0.768,-0.19,0.0,0.0,1.443,-0.226,0.425,-0.158
1,0.91,0.0,0.579,0.017,0.254,-0.035,0.749,0.034,0.131,0.144,0.224,0.031,0.248,0.027,0.382,0.0,0.207,0.0,0.166,0.057,0.288,0.164,0.152,0.036,0.161,0.056,0.209,0.053,0.162,0.08,0.231,0.0,0.106,0.058
0,0.825,0.0,1.089,1.279,0.683,-0.604,0.0,0.0,0.0,0.0,0.993,1.437,0.793,-1.118,1.144,1.077,1.014,-1.184,0.0,0.0,0.0,0.0,1.432,-0.396,0.0,0.0,1.173,-0.718,0.965,1.077,0.658,-0.921,0.0,0.0
1,1.144,0.0,0.233,0.176,0.29,0.222,0.274,0.169,0.648,0.273,0.349,0.786,0.133,0.646,0.0,0.476,-0.089,0.444,-0.153,0.326,-0.26,0.588,-0.418,0.226,-0.842,0.254,-0.367,0.075,-0.595,0.19,-0.188,0.0,-0.257,-0.316
0,1.129,0.0,0.0,0.0,1.055,-1.197,0.0,0.0,0.0,0.0,0.999,0.542,1.285,-0.167,1.427,0.16,1.117,-1.101,0.0,0.0,0.0,0.0,0.961,1.059,0.0,0.0,0.625,-1.469,0.0,0.0,0.669,-0.796,0.0,0.0
1,1.235,0.0,1.196,0.522,1.202,0.263,0.692,0.637,0.395,0.878,0.242,0.767,-0.029,0.733,-0.243,0.855,-0.415,0.654,-0.515,0.283,-0.985,0.413,-0.922,0.051,-0.379,-0.108,-0.4,-0.342,-0.618,-0.238,-0.616,-0.614,-0.232,-0.448
0,0.669,0.0,-0.555,0.396,0.155,0.108,-0.383,-0.717,-0.401,0.831,-1.438,1.082,-0.455,0.252,-1.021,-0.022,-1.17,-0.59,-0.667,-0.425,-0.038,-1.109,0.926,-0.984,-1.301,-0.279,0.814,0.106,-0.876,0.065,0.256,0.03,-0.532,-0.52
1,0.945,0.0,0.218,-0.091,0.709,0.0,0.288,-0.167,0.367,0.126,0.752,0.013,1.022,0.092,0.422,-0.091,0.747,0.285,0.34,-0.009,0.234,0.174,0.847,0.0,0.22,0.17,0.285,0.067,0.422,0.049,0.6,0.048,0.452,-0.053
0,1.035,0.0,-0.259,0.579,-0.324,0.083,-0.168,-0.064,0.062,-0.036,0.051,0.018,-0.011,0.015,-0.016,-0.002,-0.001,-0.006,0.005,-0.002,0.001,0.002,-0.001,0.001,-0.001,-0.0,0.0,-0.0,0.0,0.0,0.0,0.0,-0.0,0.0
1,1.301,0.0,0.765,-0.489,0.54,0.306,0.373,-0.271,1.197,0.151,1.335,-0.278,0.548,0.0,0.358,-0.032,0.335,-0.232,0.859,-0.177,0.612,0.064,0.939,0.129,0.431,-0.172,0.314,-0.132,0.804,-0.231,0.829,-0.719,0.728,-0.13
0,1.226,0.0,0.534,-0.043,-0.809,-0.174,-0.806,-0.011,1.052,0.013,1.37,-0.012,-0.658,0.211,-0.741,-0.002,0.689,-0.036,0.557,-0.031,-0.921,0.077,-0.826,0.302,1.335,-0.005,0.756,0.106,0.452,-0.072,-1.467,-0.178,-1.032,-0.263
1,0.539,0.0,0.76,0.027,0.722,-0.014,1.166,0.017,0.669,-0.023,0.946,0.007,0.794,-0.038,0.626,-0.005,0.595,-0.038,0.737,0.015,1.256,-0.046,0.921,-0.015,0.857,-0.062,0.738,-0.016,1.038,0.027,1.306,-0.036,0.677,0.004
0,1.086,0.0,1.2,-0.063,1.175,-0.509,0.258,-0.166,0.234,-0.315,0.799,-0.203,0.086,-0.108,0.839,-0.182,0.505,-0.408,1.146,-0.573,0.0,-0.251,1.221,-0.732,0.852,-0.206,0.641,-0.689,0.622,-0.223,1.111,-0.755,1.166,-0.343
1,1.443,0.0,0.179,-0.128,0.276,-0.136,0.217,-0.077,0.076,-0.055,0.045,-0.028,0.012,-0.017,0.007,-0.011,0.003,-0.013,0.001,-0.008,-0.0,-0.002,-0.0,-0.002,-0.0,-0.001,-0.0,-0.001,-0.0,-0.0,-0.0,-0.0,-0.0,-0.0
0,0.627,0.0,0.643,-0.092,0.719,0.0,0.742,-0.071,0.401,-0.126,0.826,-0.145,0.538,-0.082,0.532,-0.103,0.483,-0.122,0.543,-0.161,0.706,-0.285,0.774,-0.323,0.569,-0.282,0.621,-0.149,0.57,-0.204,0.222,-0.299,0.432,-0.411
1,0.981,0.0,0.232,0.128,0.675,0.354,0.156,0.142,0.059,0.231,0.011,0.09,-0.034,0.058,-0.043,0.074,-0.048,0.045,-0.04,0.016,-0.033,0.005,-0.02,-0.002,-0.012,-0.005,-0.009,-0.003,-0.003,-0.007,-0.001,-0.004,0.0,-0.003
0,1.389,0.0,-0.909,0.179,0.091,0.0,0.0,0.09,0.605,0.066,0.227,0.0,-0.041,0.104,0.035,0.0,0.126,-0.168,0.456,-0.406,0.0,-0.079,0.0,0.0,0.042,-0.546,0.02,0.0,-0.793,0.03,-0.035,0.0,0.0,0.049
1,0.831,0.0,1.266,-0.008,1.397,-0.034,1.048,-0.057,1.346,-0.009,1.159,-0.041,0.973,0.069,1.02,-0.065,1.276,0.077,0.955,-0.005,0.987,0.032,0.626,0.045,1.094,0.115,1.124,0.01,1.024,-0.036,0.517,0.035,0.967,-0.073
0,0.974,0.0,0.977,0.076,0.865,0.115,1.139,0.641,1.22,-0.005,0.768,0.055,0.526,0.253,1.442,1.311,0.735,0.059,0.94,0.15,0.501,0.328,0.747,-1.018,0.767,0.027,0.777,0.409,0.828,0.091,1.465,0.98,0.587,0.968
1,1.402,0.0,0.481,-0.022,0.581,0.102,1.067,0.023,1.159,0.007,1.237,-0.023,0.838,0.0,1.444,0.053,1.491,0.031,0.514,0.059,1.367,0.018,1.036,-0.014,0.917,0.067,0.487,0.024,0.83,0.009,0.925,0.048,1.304,0.067
0,0.575,0.0,-0.144,0.151,0.158,0.057,0.174,0.286,0.241,0.414,0.251,-0.368,0.094,0.152,-0.104,0.205,-0.099,0.211,-0.189,0.304,-0.483,-0.048,0.268,0.464,-0.799,-0.271,0.372,-0.165,-0.675,0.17,-0.312,-0.266,0.365,0.031
1,0.546,0.0,0.768,0.046,0.659,0.058,0.362,0.092,0.743,0.0,0.768,0.0,0.766,0.0,0.728,0.0,0.853,0.058,0.348,0.117,0.969,-0.044,1.07,0.0,0.83,0.16,0.836,0.064,0.341,0.09,0.519,0.093,0.423,0.124
0,0.779,0.0,0.084,-0.012,0.061,0.008,0.0,-0.012,0.007,-0.022,0.014,-0.082,-0.007,0.071,0.094,-0.02,0.0,0.124,-0.089,0.098,-0.049,0.016,0.034,-0.003,0.01,0.004,0.151,-0.01,0.018,-0.003,0.04,0.0,0.034,-0.03
1,1.352,0.0,1.257,0.249,0.534,0.377,0.668,0.959,0.018,0.848,-0.237,0.517,-0.577,0.606,-0.811,0.555,-0.812,0.045,-0.861,-0.158,-0.639,-0.249,-0.31,-0.517,-0.054,-0.955,0.101,-0.415,0.307,-0.524,0.624,-0.299,0.336,-0.054
0,1.246,0.0,0.053,0.018,-0.028,0.047,0.012,0.044,-0.056,0.012,0.019,-0.098,-0.026,0.028,-0.07,-0.042,-0.132,0.065,-0.043,0.057,0.019,0.015,-0.055,-0.007,0.046,-0.005,0.009,0.02,0.026,0.011,0.026,0.01,-0.068,-0.007
1,0.902,0.0,0.884,-0.006,0.872,0.009,0.628,0.002,1.133,0.016,0.909,-0.009,1.146,0.043,0.699,0.016,0.454,-0.006,0.606,-0.016,0.889,0.038,0.922,0.071,0.553,-0.015,0.461,0.004,0.807,-0.042,1.047,0.037,0.64,0.009
0,1.125,0.0,0.025,0.027,0.005,0.0,0.016,-0.026,0.026,-0.035,-0.029,-0.019,0.02,-0.026,0.0,-0.019,-0.047,-0.026,-0.025,0.052,0.03,0.004,0.058,-0.029,0.053,0.027,0.052,0.019,0.012,0.008,-0.017,-0.014,-0.01,0.027
1,0.712,0.0,0.552,0.245,0.627,0.46,0.203,0.379,0.011,0.357,-0.021,0.321,-0.32,0.176,-0.599,0.269,-0.296,0.045,-0.551,-0.08,-0.175,-0.171,-0.096,-0.274,-0.259,0.003,0.034,-0.338,0.141,-0.151,0.31,-0.28,0.284,0.055
0,0.956,0.0,0.128,0.007,0.114,-0.054,0.105,-0.042,0.153,-0.063,0.343,-0.007,0.143,0.093,0.173,-0.113,0.346,-0.046,0.178,0.053,0.1,0.0,0.066,-0.002,0.113,-0.069,0.101,0.018,0.117,-0.053,0.098,-0.052,0.099,-0.069
1,0.938,0.0,0.778,0.215,0.359,0.571,0.304,0.491,-0.524,0.608,-0.934,0.342,-0.394,0.0,-0.768,-0.174,-0.477,-0.665,-0.099,-1.008,0.575,-0.817,0.392,-0.541,0.819,-0.06,0.793,0.234,0.415,0.683,0.04,0.284,-0.306,0.284
0,0.79,0.0,0.024,0.006,0.051,-0.007,0.031,0.009,0.006,0.036,0.002,0.002,0.019,-0.024,-0.015,0.042,-0.056,0.032,-0.016,-0.006,0.054,-0.02,0.022,0.0,0.0,-0.015,0.023,-0.013,0.003,-0.016,-0.025,-0.015,0.004,0.0
1,1.142,0.0,0.591,0.001,1.111,-0.08,0.966,-0.029,0.468,0.104,0.978,0.125,1.027,-0.088,0.399,0.027,1.035,-0.044,1.1,-0.104,0.887,0.006,0.911,0.012,0.581,-0.024,0.474,-0.049,1.32,-0.072,0.847,-0.013,0.859,-0.11
0,1.184,0.0,0.943,-1.204,0.991,0.651,-0.879,1.036,0.93,-0.918,1.086,-1.161,-1.048,-0.602,-1.234,1.003,0.749,1.374,1.451,0.823,-1.22,0.903,0.702,-0.998,1.435,-1.489,0.756,1.022,1.176,1.496,-0.958,0.807,-0.626,0.514
1,0.669,0.0,1.191,0.571,0.369,1.093,0.123,1.146,-0.533,1.12,-0.748,0.6,-1.235,0.115,-0.9,-0.392,-0.955,-0.566,-0.197,-0.539,0.252,-0.816,0.553,-0.207,0.918,-0.231,0.666,0.136,0.246,0.353,0.117,0.502,-0.13,0.867
0,1.164,0.0,1.063,1.309,1.128,0.598,0.625,-0.82,1.169,1.101,0.014,0.019,0.969,1.437,0.0,0.0,0.556,-0.767,1.343,0.963,1.154,1.105,0.411,1.106,0.525,1.146,0.52,0.647,1.249,0.685,-0.725,0.761,0.0,0.0
1,0.5,0.0,1.024,0.308,0.679,1.171,0.02,1.287,-0.623,0.892,-1.14,0.579,-0.808,0.158,-1.006,-0.28,-0.694,-0.355,-0.224,-0.665,0.493,-1.307,0.65,-1.052,0.899,-0.183,0.706,0.118,1.008,0.55,0.236,1.009,-0.099,0.996
0,0.777,0.0,0.0,0.0,-0.918,-0.831,-1.036,0.903,0.0,0.0,-1.018,1.004,1.42,1.298,1.266,-1.108,0.0,0.0,0.0,0.0,-1.258,-1.311,-0.571,1.266,1.246,0.458,0.587,-0.987,0.0,0.0,-0.793,-1.334,-1.14,0.931
1,1.333,0.0,0.624,0.236,0.302,0.576,-0.206,0.865,-0.458,1.113,-0.702,0.441,-0.968,-0.138,-1.266,-0.119,-0.961,-0.514,0.279,-1.448,-0.249,-0.489,0.647,-0.117,0.316,0.0,0.965,0.671,0.842,1.209,0.185,1.366,-0.529,0.941
0,0.0,0.0,0.0,0.0,0.0,0.0,0.0,0.0,0.0,0.0,0.0,0.0,0.0,0.0,0.0,0.0,0.0,0.0,0.0,0.0,0.0,0.0,0.0,0.0,0.0,0.0,1.092,0.0,0.0,0.0,0.0,0.0,0.0,0.0
1,0.992,0.0,0.579,0.0,0.853,0.0,0.698,0.657,0.43,0.0,0.918,0.142,0.492,0.175,1.023,0.108,0.416,0.32,0.995,0.531,1.077,0.0,0.677,-0.328,0.599,0.565,0.382,0.363,1.024,0.132,0.801,0.179,0.608,0.191
0,0.0,0.0,-1.219,1.31,0.546,0.688,0.0,0.0,1.305,-1.391,1.483,-1.268,1.467,-0.631,-0.637,-0.569,0.0,0.0,-0.899,-0.564,0.0,0.0,0.0,0.0,-1.325,-0.743,0.865,-1.136,0.958,1.04,-0.839,-1.086,0.0,0.0
1,1.33,0.0,1.405,0.0,0.689,0.0,0.599,0.069,1.218,-0.147,1.197,-0.087,0.808,-0.24,0.49,0.0,0.837,0.0,0.736,-0.115,0.95,-0.159,0.792,-0.063,0.412,0.0,1.186,-0.049,1.163,0.066,1.31,-0.074,1.315,0.0
0,0.0,0.0,0.0,0.0,0.0,0.0,0.0,0.0,0.0,0.0,0.0,0.0,-0.736,-0.567,0.0,0.0,0.561,0.734,0.0,0.0,0.0,0.0,-1.069,0.599,0.0,0.0,1.088,-0.802,-1.022,-0.611,1.355,1.015,0.0,0.0
1,0.81,0.0,1.129,0.438,0.915,-0.246,0.967,0.121,1.286,-0.054,1.477,0.0,1.204,-0.231,1.246,-0.213,0.834,0.076,0.566,0.0,1.22,-0.521,0.785,0.099,1.395,-0.058,0.687,-0.073,0.933,0.574,0.78,-0.239,0.766,-0.121
0,1.399,0.0,0.864,-0.579,0.0,0.0,0.0,0.0,0.397,0.156,0.251,0.39,-0.062,0.568,0.422,0.218,-0.435,0.302,0.074,-0.153,0.013,-0.531,-0.743,0.223,0.34,-0.208,0.377,-0.341,0.594,0.36,0.117,-0.033,0.154,-0.6
1,1.077,0.0,1.191,0.138,1.112,0.162,0.722,0.453,1.101,0.059,1.342,0.223,1.066,0.082,1.135,0.303,0.891,-0.085,1.37,-0.123,1.3,0.44,0.712,0.232,0.594,-0.132,0.638,0.261,0.757,0.071,1.062,0.218,0.575,0.276
0,1.199,0.0,0.0,0.0,-1.482,-0.518,0.791,0.599,0.058,-0.17,-1.331,-0.361,0.127,-0.424,1.188,-0.654,0.0,0.0,1.091,-0.094,-0.234,0.511,0.14,-0.86,0.0,0.0,-0.152,-0.417,-0.257,-0.719,0.499,0.858,-0.396,0.388
1,1.017,0.0,0.756,0.426,0.62,-0.119,0.593,0.321,0.657,-0.096,0.51,0.034,0.941,0.184,0.367,0.0,1.154,0.052,0.771,0.08,0.569,-0.118,0.702,0.093,0.867,-0.182,0.836,0.06,1.072,0.293,0.788,0.0,0.388,0.039
0,1.196,0.0,0.096,-0.128,0.0,0.0,0.0,0.0,0.0,0.0,0.0,0.0,0.092,-0.125,0.0,0.0,0.0,0.0,0.0,0.0,0.0,0.0,-0.039,-0.051,0.065,0.072,0.199,-0.06,0.121,0.138,0.021,-0.025,0.23,0.135
1,1.247,0.0,0.704,-0.053,1.239,-0.13,0.998,-0.221,0.524,-0.167,1.31,-0.292,1.147,-0.584,1.229,-0.3,0.877,-0.332,1.02,-0.706,0.528,-1.137,0.617,-0.836,0.964,-1.092,0.385,-0.93,0.197,-0.612,0.351,-1.036,0.357,-1.27
0,0.651,0.0,0.702,1.048,-0.958,1.496,-0.514,-1.085,0.239,0.196,0.288,0.053,0.281,0.057,0.353,0.191,1.045,-0.046,0.329,0.32,0.0,0.0,-0.172,-0.235,0.781,-0.774,1.142,-0.555,1.147,-0.18,0.265,0.19,0.539,0.082
1,1.398,0.0,1.204,0.247,1.023,0.004,0.503,-0.243,0.528,-0.297,0.626,-0.198,0.901,-0.198,0.656,-0.425,0.467,-0.524,0.556,-0.327,0.605,-0.434,0.568,-0.355,0.24,-0.333,0.264,-0.642,0.097,-0.542,0.138,-0.648,0.111,-0.442
0,0.0,0.0,-1.128,0.969,1.101,-0.981,0.0,0.0,0.0,0.0,1.169,-0.567,1.146,0.929,0.0,0.0,1.25,-1.154,0.0,0.0,0.0,0.0,1.437,1.315,-0.669,1.43,1.455,-1.146,-0.947,0.941,-0.761,-1.014,0.0,0.0
1,0.963,0.0,0.48,-0.109,0.841,-0.227,0.662,-0.183,0.902,-0.175,0.427,-0.307,0.973,-0.484,0.791,-0.605,0.4,-0.782,0.364,-0.697,0.438,-0.63,0.281,-0.458,0.074,-0.663,0.078,-0.659,-0.061,-0.562,-0.026,-0.707,-0.071,-0.642
0,1.043,0.0,-1.046,-0.571,-0.676,1.415,1.02,-1.14,1.27,0.278,0.0,0.0,0.155,-1.004,0.98,1.171,0.0,0.0,1.266,1.258,0.967,0.747,0.0,0.0,-0.594,0.626,0.369,-0.984,1.048,-0.918,0.689,-0.793,0.615,0.501
1,0.702,0.0,0.474,0.55,0.649,0.873,0.094,0.588,-0.293,1.292,-0.626,0.388,-0.973,0.28,-0.839,-0.243,-0.859,-0.611,-0.227,-1.208,0.085,-0.554,0.731,-0.918,0.763,-0.385,0.759,0.089,0.73,0.601,0.184,0.931,-0.004,0.918
0,1.128,0.0,0.925,1.067,0.0,0.0,1.399,-1.444,-1.245,-0.538,0.575,1.253,0.581,-0.688,0.0,0.0,0.517,-0.968,0.941,1.006,0.0,0.0,0.532,-1.047,-0.705,-0.837,1.224,0.902,-1.448,1.01,-0.524,0.832,0.0,0.0
1,0.917,0.0,1.151,0.569,0.677,1.435,1.062,0.553,-0.201,0.898,-0.872,0.746,0.0,0.573,-1.314,0.521,-0.974,0.0,-0.853,-0.351,-1.02,-0.834,-1.176,-0.385,-0.326,-1.064,0.217,-1.062,0.554,-0.581,0.0,-1.395,0.668,-0.411
0,0.0,0.0,-1.174,1.268,-1.28,-0.517,0.0,0.0,-0.992,0.555,1.305,-0.564,-1.066,-0.709,-1.202,1.327,0.0,0.0,-1.311,-1.136,-1.365,1.23,0.0,0.0,0.865,-1.198,1.213,0.743,0.632,-1.483,1.219,0.958,0.0,0.0
1,0.903,0.0,1.218,0.096,1.347,0.09,0.618,0.185,0.736,-0.08,0.619,0.455,1.312,0.642,0.631,0.36,-0.292,0.912,1.325,0.0,1.315,1.323,1.221,0.689,1.188,1.144,1.086,1.134,1.431,0.348,0.593,1.467,1.295,1.08
0,0.0,0.0,-1.163,-0.866,0.0,0.0,0.0,0.0,0.0,0.0,0.0,0.0,0.0,0.0,0.952,-1.325,0.0,0.0,-1.348,-1.004,0.0,0.0,0.955,0.561,0.895,-1.038,1.461,-1.251,0.0,0.0,0.0,0.0,0.0,0.0
1,0.566,0.0,0.771,-0.105,0.701,-0.095,-0.164,-0.314,0.326,0.048,0.225,-0.211,0.309,-0.293,0.033,-0.264,0.164,-0.436,0.172,-0.417,0.061,-0.276,0.067,-0.205,0.044,-0.243,-0.0,-0.168,-0.018,-0.213,-0.038,-0.213,0.011,-0.4
0,0.821,0.0,0.0,0.0,0.0,0.0,0.0,0.0,0.0,0.0,0.542,-0.495,0.09,0.318,0.0,0.0,0.0,0.0,0.0,0.0,-0.216,-0.224,-0.089,1.06,-1.167,0.627,0.05,0.571,-0.228,-0.78,-0.154,-0.244,-0.132,-1.209
1,0.645,0.0,1.15,0.03,0.696,0.136,1.395,0.168,0.723,-0.298,0.391,0.642,0.554,0.269,1.062,0.33,0.465,0.171,0.531,0.237,0.682,0.376,0.451,0.287,0.543,0.381,0.392,0.281,0.19,0.17,0.234,0.127,0.115,0.136
0,0.798,0.0,0.617,-0.141,-0.826,-1.004,-1.331,-1.101,1.216,0.342,1.014,0.847,-0.575,-1.173,-0.718,0.938,0.611,1.192,1.182,1.181,0.565,-0.796,-0.563,-1.152,0.973,0.364,1.469,1.37,0.654,0.508,-0.937,-0.257,-0.671,0.773
1,0.912,0.0,1.232,-0.002,0.569,0.518,0.938,-0.327,0.511,0.213,0.806,0.092,0.851,0.061,1.059,0.026,0.613,-0.15,1.24,-0.085,0.608,0.25,0.781,-0.019,1.243,-0.014,0.778,-0.017,0.835,0.052,0.93,-0.102,1.108,-0.107
0,0.77,0.0,1.46,-1.129,0.824,0.771,0.692,0.767,0.938,-0.556,1.07,0.521,0.813,1.247,1.369,0.771,0.0,0.0,0.563,1.072,1.319,0.634,1.151,-0.658,1.242,0.936,1.239,0.345,1.437,-0.831,-0.623,1.251,1.454,1.225
1,1.417,0.0,0.648,0.196,1.337,-0.942,1.451,-0.054,0.79,0.186,0.516,0.34,0.783,-0.058,1.006,0.078,0.614,-0.118,1.216,-0.187,1.136,0.03,0.513,0.138,0.505,-0.007,0.769,-0.042,1.012,0.042,1.049,-0.157,0.935,-0.06
0,1.049,0.0,0.457,-1.337,-0.998,-0.702,-0.09,0.756,0.734,1.288,0.467,-0.36,-1.134,-0.516,-0.071,1.247,0.343,0.468,0.176,-0.307,-0.147,-0.266,-0.144,0.04,0.035,0.082,0.033,-0.009,-0.003,-0.024,-0.004,0.002,0.0,0.002
1,0.991,0.0,0.519,0.572,0.837,-0.209,1.2,-0.039,1.461,-0.07,0.815,0.3,1.259,0.022,0.584,0.02,0.879,-0.16,0.787,0.093,1.025,0.002,0.906,0.291,0.602,-0.172,0.749,-0.004,0.484,0.073,1.374,-0.186,1.086,-0.036
0,0.0,0.0,0.0,0.0,0.0,0.0,0.0,0.0,0.0,0.0,0.0,0.0,1.159,1.047,0.856,0.981,1.385,-1.263,0.0,0.0,0.588,0.82,0.886,-1.014,0.947,0.593,0.669,0.0,1.179,0.605,1.309,-0.768,0.0,0.0
1,0.808,0.0,0.969,-0.321,1.043,-0.141,0.721,-0.183,1.45,-0.306,0.893,-0.336,0.982,-0.374,0.868,-0.626,0.451,-0.305,0.457,-0.773,0.757,-1.016,0.783,-1.058,0.573,-0.81,0.414,-0.84,0.25,-0.421,0.178,-0.913,0.194,-0.587
0,0.831,0.0,0.0,0.0,0.0,0.0,0.0,0.0,-0.477,-1.004,0.0,0.0,1.14,-1.266,0.0,0.0,-1.389,-0.5,-1.171,-1.341,0.967,-1.048,-0.772,-1.024,0.976,1.307,-1.415,-0.197,0.626,-0.984,0.0,1.043,0.0,0.0
1,0.629,0.0,1.146,0.058,0.56,-0.128,0.5,0.0,0.501,0.0,1.087,0.0,0.661,0.046,1.291,-0.041,0.952,0.0,0.98,0.0,0.804,0.068,0.407,0.118,1.213,0.035,0.886,0.042,1.252,0.128,0.793,-0.115,0.841,0.026
0,0.0,0.0,0.0,0.0,-0.538,0.865,1.442,0.563,-0.517,-1.433,0.0,0.0,-1.448,-0.503,-0.952,-0.427,-1.047,-0.581,0.941,-1.444,1.067,-1.333,0.0,0.0,1.491,-0.832,-0.877,-1.253,0.0,0.0,0.838,-1.322,0.0,0.0
1,0.553,0.0,0.995,-0.09,1.095,0.159,0.508,0.104,0.505,-0.017,0.89,-0.178,1.276,0.084,0.647,0.029,0.526,0.0,1.156,0.0,0.46,0.118,1.015,0.042,0.727,0.036,0.986,0.036,0.547,-0.081,0.724,0.057,0.642,0.053
0,0.546,0.0,-0.668,1.219,-0.569,0.213,0.146,0.974,-1.365,1.174,-0.555,-1.377,1.04,1.311,-1.129,-0.3,0.179,-0.865,0.895,1.176,-0.233,-1.062,-1.23,-1.321,1.006,-1.327,-0.677,-0.019,0.579,-1.268,-1.198,-0.282,0.148,1.213
1,0.689,0.0,0.454,-0.156,0.902,0.011,0.747,0.03,0.618,-0.033,1.002,0.0,0.512,0.057,1.038,0.032,1.099,0.621,0.839,0.037,0.872,0.087,0.417,0.063,0.567,0.301,0.91,0.096,0.571,-0.192,0.54,0.098,0.366,0.06
0,0.835,0.0,-0.005,-0.368,0.0,0.0,-0.018,0.808,0.0,0.0,0.0,0.0,0.0,0.0,0.0,0.0,0.0,0.0,0.441,1.104,-0.198,0.71,-0.348,-1.073,0.0,0.0,-0.349,-0.675,0.0,0.0,0.0,0.0,0.0,0.0
1,0.611,0.0,1.395,0.364,1.461,0.685,0.873,0.936,1.093,-0.088,1.187,0.0,0.562,-0.407,0.942,0.197,1.348,-0.615,1.028,-0.155,0.729,-0.457,1.246,0.076,1.413,-0.083,0.661,0.074,0.875,0.534,1.088,0.582,0.738,0.163
0,0.0,0.0,-1.326,-1.17,0.761,-1.089,-0.542,1.477,0.0,0.0,0.668,-1.254,1.434,-0.902,0.0,0.0,0.0,0.0,0.0,0.0,-1.22,0.916,0.933,-0.639,-0.542,1.129,0.994,0.847,0.0,0.0,1.203,0.405,0.0,0.0
1,0.608,0.0,0.591,0.117,0.723,0.053,0.352,0.108,0.93,0.0,0.252,-0.126,0.269,-0.133,0.722,-0.019,0.629,-0.127,0.471,0.0,0.275,-0.105,0.315,0.117,0.294,-0.093,0.22,-0.021,0.325,0.0,0.438,0.0,0.264,-0.018
0,1.066,0.0,-1.101,-0.343,0.0,0.0,-1.173,0.61,-0.629,0.718,0.0,0.0,0.0,0.0,0.0,0.0,0.0,0.0,0.0,0.0,-1.451,-1.182,0.0,0.0,0.385,0.163,1.152,0.426,0.0,0.0,0.0,0.0,0.0,0.0
1,0.838,0.0,0.798,0.117,0.949,0.856,1.173,0.518,0.511,-0.169,1.26,-0.122,0.997,0.026,1.192,0.0,0.509,-0.143,1.291,0.038,1.02,-0.287,0.586,0.0,0.33,-0.233,0.937,0.064,0.591,0.035,0.938,0.695,0.847,0.0
0,0.0,0.0,1.319,0.75,0.936,-1.408,0.824,0.813,0.884,0.548,1.46,0.557,1.268,-1.454,0.744,1.242,1.284,-0.559,0.936,-0.563,1.072,1.151,0.521,1.112,0.77,-1.086,0.956,1.109,1.129,0.771,1.419,0.912,0.938,1.07
1,0.83,0.0,0.456,0.493,0.673,0.54,0.08,0.764,-0.292,0.702,-0.468,0.647,-0.785,0.153,-0.425,-0.128,-0.725,-0.438,-0.178,-1.0,0.121,-1.077,0.748,-0.712,0.867,-0.208,0.846,0.125,0.706,0.385,0.305,0.313,-0.081,0.358
0,0.0,0.0,1.337,-1.049,1.247,0.734,1.007,-1.443,0.704,0.52,1.239,-0.505,0.575,-1.438,0.555,-1.417,0.551,1.134,0.729,0.509,1.356,0.651,0.79,-1.142,1.201,1.454,1.086,0.689,1.166,1.316,1.236,1.006,1.117,-1.146
1,1.22,0.0,1.116,0.043,1.335,0.095,0.443,0.23,0.984,0.321,0.504,0.461,0.73,0.405,0.619,0.525,0.494,0.519,0.404,0.749,0.363,0.353,0.401,0.569,0.395,0.579,0.371,0.537,0.324,0.431,0.112,0.606,0.172,0.42
0,0.0,0.0,1.156,0.948,1.455,-0.918,1.25,-0.99,0.627,0.588,0.0,0.0,1.104,-0.669,0.0,0.0,0.0,0.0,0.0,0.0,-0.981,0.605,1.43,1.024,0.0,0.0,0.758,1.047,0.0,0.0,-0.639,-1.069,0.0,0.0
1,0.52,0.0,0.936,0.076,1.251,0.296,0.508,0.297,0.906,0.677,0.468,0.461,0.854,0.797,0.479,0.708,0.434,0.915,0.134,1.13,0.171,0.702,0.006,1.076,-0.081,0.92,-0.282,0.442,-0.475,0.819,-0.373,0.61,-0.553,0.383
0,0.0,0.0,1.072,-1.415,-1.397,0.967,-0.95,0.808,1.307,1.341,0.5,0.984,-1.385,-1.024,-1.104,-0.848,1.287,0.562,0.539,-1.043,-0.771,-0.872,-0.76,-1.164,0.976,0.0,0.517,-0.839,0.967,-1.105,-1.082,1.45,-1.389,1.048
1,1.266,0.0,0.836,0.122,0.911,0.254,0.839,0.269,0.293,0.465,0.335,0.609,0.323,0.287,0.253,0.467,0.095,0.52,-0.124,0.656,-0.034,0.245,-0.126,0.288,-0.088,0.407,-0.229,0.343,-0.198,0.394,-0.295,0.227,-0.267,0.286
0,0.0,0.0,0.865,-1.245,0.563,0.629,1.373,-0.925,1.433,0.532,1.465,-0.974,1.404,0.702,1.448,-1.333,0.503,-1.442,1.366,0.832,0.661,0.947,0.538,-0.634,0.968,-1.047,1.139,-1.266,1.253,0.952,0.777,-0.526,1.491,0.903
1,1.02,0.0,1.408,0.143,1.112,0.21,0.611,0.167,0.535,0.272,1.178,0.379,1.011,0.511,0.706,0.308,0.49,0.714,0.284,0.994,0.511,0.955,0.355,0.926,0.156,0.738,0.147,0.553,0.08,0.462,-0.033,0.701,-0.097,0.514
0,0.0,0.0,0.0,0.0,0.579,1.314,0.0,0.0,1.129,1.377,0.0,0.0,0.517,-0.974,0.0,0.0,0.0,0.0,0.0,0.0,0.0,0.0,0.0,0.0,0.0,0.0,1.311,-1.198,0.0,0.0,-1.435,0.898,0.0,0.0
1,0.839,0.0,0.525,0.099,0.921,0.393,0.443,0.204,0.676,0.72,0.497,0.445,0.602,1.108,0.202,0.884,0.142,0.529,0.061,0.416,-0.125,0.934,-0.21,0.774,-0.388,0.674,-0.349,0.704,-0.599,0.568,-0.335,0.596,-0.317,0.404
0,0.0,0.0,0.0,0.0,0.619,1.211,1.438,1.077,0.0,0.0,0.0,0.0,-0.63,-0.668,0.0,0.0,-0.593,-1.144,0.0,0.0,0.0,0.0,0.835,1.405,0.0,0.0,0.898,1.473,0.0,0.0,-0.779,0.903,0.0,0.0
1,1.413,0.0,0.712,0.281,0.893,0.721,0.163,0.787,-0.074,0.981,-0.224,0.859,-0.858,0.53,-1.121,0.288,-0.752,-0.08,-0.637,-0.185,-0.285,-0.817,-0.242,-0.425,0.12,-0.442,0.305,-0.497,0.397,-0.402,0.408,-0.097,0.528,0.141
0,0.0,0.0,1.203,-0.78,0.802,0.933,0.967,1.434,1.089,0.766,1.326,1.17,0.542,-0.785,0.591,0.839,0.847,0.81,0.875,-0.639,1.129,-1.262,1.22,-1.48,1.246,-0.964,1.395,0.915,0.834,-0.687,1.477,1.006,1.187,0.759
1,1.286,0.0,0.858,-0.442,0.474,0.127,1.17,0.197,0.389,0.04,0.596,0.137,0.591,0.398,0.459,0.266,0.455,0.105,0.704,-0.015,0.57,0.489,0.777,0.409,1.185,0.845,0.24,0.435,0.18,1.037,0.488,0.509,0.355,0.697
0,0.0,0.0,0.0,0.0,0.0,0.0,0.0,0.0,0.0,0.0,0.0,0.0,0.0,0.0,0.0,0.0,0.0,0.0,0.0,0.0,0.0,0.0,0.0,0.0,0.0,0.0,1.101,0.617,0.0,0.0,0.0,0.0,0.0,0.0
1,0.725,0.0,0.749,0.008,0.923,-0.003,1.301,0.003,0.642,0.016,1.103,0.03,0.971,0.024,0.645,0.015,1.12,0.057,1.199,-0.009,1.165,0.064,0.564,0.084,0.875,0.076,0.537,0.047,0.805,0.009,0.982,0.105,0.728,-0.002
0,0.0,0.0,0.814,1.112,-0.716,-0.997,-1.02,-0.548,0.0,0.0,0.0,0.0,-1.156,-0.518,0.0,0.0,0.0,0.0,0.0,0.0,-1.199,0.956,0.75,1.454,0.0,0.0,0.854,-0.557,0.0,0.0,-1.408,-0.936,-0.591,-0.824
1,1.07,0.0,0.419,-0.149,0.548,0.021,0.547,0.018,0.834,0.008,0.281,0.039,0.633,0.053,0.544,0.047,0.83,0.055,0.791,-0.026,0.541,0.036,0.415,0.085,0.647,0.2,0.717,0.066,0.449,0.085,0.312,0.13,0.513,0.048
0,1.117,0.0,0.919,1.134,1.303,-0.798,0.509,0.022,1.094,0.054,0.942,0.845,0.868,0.133,1.137,0.096,1.038,-0.292,0.368,0.139,0.792,0.306,0.39,0.779,1.451,-0.783,0.461,0.297,0.455,0.459,1.236,-0.068,0.296,0.287
1,0.551,0.0,0.768,-0.047,0.651,-0.284,1.201,-0.67,0.562,0.035,0.344,-0.64,0.689,-0.187,1.048,-0.523,0.711,0.017,0.955,-0.061,0.98,-0.262,1.142,0.122,0.799,-0.314,1.084,-0.356,0.579,0.015,0.814,-0.389,1.356,-0.591
0,1.263,0.0,0.33,0.19,0.495,0.06,0.218,0.284,0.295,0.163,0.258,0.254,0.216,0.366,0.124,0.144,-0.023,0.428,0.033,0.146,0.159,0.106,0.083,0.296,-0.026,0.292,-0.073,0.29,-0.133,0.076,-0.089,0.236,-0.175,0.255
1,1.146,0.0,0.671,-0.046,0.503,-0.067,0.881,-0.011,0.547,0.026,0.811,0.076,0.591,-0.026,0.615,0.011,0.99,0.016,0.584,0.018,0.501,-0.032,0.855,0.049,0.343,0.038,0.503,-0.018,0.824,-0.194,0.794,-0.008,0.73,-0.018
0,0.967,0.0,0.033,-0.159,-0.058,0.067,0.112,-0.027,-0.017,0.094,0.093,0.0,0.069,-0.08,0.045,0.0,0.021,-0.031,-0.112,-0.111,0.052,0.012,0.093,0.037,0.066,0.09,0.182,-0.054,-0.056,-0.1,0.043,0.046,0.103,-0.139
1,1.292,0.0,0.725,0.054,0.442,-0.036,0.787,0.021,0.731,0.002,0.701,0.21,0.567,-0.001,0.615,0.093,1.043,-0.16,0.761,-0.127,0.82,-0.017,0.622,0.148,0.532,-0.095,0.684,-0.017,0.618,0.061,0.899,-0.054,0.668,-0.047
0,0.865,0.0,0.377,0.409,0.0,0.0,-0.23,-1.018,0.0,0.0,0.099,-0.07,0.0,0.0,0.0,0.0,0.0,0.0,0.0,0.0,0.007,0.436,-0.282,0.378,-0.094,0.409,0.074,-0.968,0.0,0.0,0.06,-1.465,0.0,0.0
1,0.517,0.0,0.469,-0.011,0.831,-0.036,0.529,-0.021,1.291,-0.088,0.689,-0.106,1.255,0.011,0.819,-0.197,1.067,-0.032,0.576,-0.025,0.473,-0.128,0.69,-0.131,0.75,-0.135,1.237,-0.187,0.9,-0.18,0.89,-0.108,0.927,-0.141
0,1.378,0.0,0.285,-0.426,0.0,0.0,0.0,0.0,0.535,0.315,0.666,0.016,0.0,0.0,0.0,0.0,0.236,-0.597,0.516,-0.165,0.0,0.0,0.0,0.0,1.078,-0.246,-0.917,-0.974,-0.162,-0.89,0.0,0.0,0.0,0.0
1,1.305,0.0,1.044,0.015,0.581,0.008,1.262,0.008,1.183,-0.058,0.492,-0.084,0.529,-0.007,1.116,-0.113,0.444,-0.065,0.931,-0.029,0.89,-0.149,0.769,-0.145,1.096,-0.105,1.039,-0.143,0.819,-0.148,1.165,-0.185,0.553,-0.16
0,0.736,0.0,0.0,0.0,1.295,0.179,1.297,-0.023,0.0,0.0,1.315,-0.452,1.08,0.119,1.188,-0.076,0.641,-0.733,0.0,0.0,1.221,-0.025,1.152,-0.201,0.0,0.0,0.903,-1.31,0.0,0.0,1.312,0.074,0.624,-0.057
1,1.211,0.0,0.83,0.04,0.884,-0.001,0.685,0.009,1.125,-0.043,0.585,0.0,1.138,-0.089,0.823,0.004,0.791,-0.05,1.095,-0.175,0.722,-0.07,0.755,-0.04,1.043,-0.05,0.462,-0.115,0.505,-0.058,0.503,-0.03,0.956,-0.221
0,1.089,0.0,0.0,0.0,0.0,0.0,0.0,0.0,0.0,0.0,0.0,0.0,-1.47,1.326,1.187,0.817,0.0,0.0,0.0,0.0,0.0,0.0,0.0,0.0,0.0,0.0,0.81,0.687,0.0,0.0,0.0,0.0,0.0,0.0
1,1.462,0.0,0.27,0.015,0.618,-0.075,0.752,-0.035,0.384,0.052,0.272,0.075,0.36,-0.108,0.28,-0.033,0.725,-0.077,0.574,-0.013,0.568,-0.041,0.488,-0.008,0.486,0.0,0.355,-0.038,0.472,0.026,0.666,-0.068,0.684,-0.088
0,0.0,0.0,0.0,0.0,0.0,0.0,0.0,0.0,0.0,0.0,0.0,0.0,0.0,0.0,0.0,0.0,0.0,0.0,0.0,0.0,0.0,0.0,0.0,0.0,0.0,0.0,1.125,-0.989,0.0,0.0,0.0,0.0,0.0,0.0
1,0.937,0.0,0.997,0.413,1.174,0.141,0.333,0.575,0.169,0.588,-0.087,0.804,-0.425,0.713,-0.517,0.561,-0.41,0.158,-0.226,0.007,-0.211,-0.108,-0.18,-0.153,-0.084,-0.14,-0.017,-0.118,0.007,-0.056,0.029,-0.057,0.015,-0.025
0,0.716,0.0,0.0,0.0,0.0,0.0,0.956,1.268,-0.838,-1.041,0.0,0.0,0.814,-0.066,0.0,0.0,0.0,0.0,-1.315,1.02,0.557,1.156,0.511,-1.47,0.0,0.0,0.75,-0.997,0.0,0.0,0.0,0.0,0.891,0.949
1,1.134,0.0,0.645,0.402,0.4,0.953,0.217,0.488,-0.04,0.571,-0.218,0.973,-0.59,0.431,-0.739,0.258,-0.53,-0.102,-0.875,-0.503,-0.228,-0.643,-0.112,-0.466,0.208,-0.592,0.555,-0.604,0.358,-0.229,0.532,-0.03,0.415,0.241
0,1.164,0.0,0.0,0.0,0.0,0.0,0.0,0.0,-0.698,0.789,0.0,0.0,1.153,0.371,-0.128,-0.125,0.0,0.0,-1.253,-0.749,0.0,0.0,0.522,-1.222,0.0,0.0,1.463,0.119,0.0,0.0,0.0,0.0,0.0,0.0
1,0.94,0.0,1.126,0.611,0.78,0.562,0.18,1.049,-0.281,0.465,-0.353,0.958,-1.252,0.203,-0.546,-0.033,-1.072,-0.41,-0.307,-1.035,-0.093,-0.885,0.268,-0.5,0.486,-0.321,0.601,-0.332,0.654,0.059,0.342,0.583,0.404,0.793
1,1.242,0.0,0.338,0.02,0.201,0.301,0.118,0.555,-0.351,1.06,-0.104,0.197,-0.749,0.387,-0.664,-0.067,-0.111,-0.195,-0.249,-0.558,-0.1,-0.652,0.025,-0.308,0.227,-0.068,0.285,-0.071,0.288,-0.094,0.133,0.135,0.14,0.152
1,1.411,0.0,0.876,0.369,0.673,0.866,0.082,0.777,-0.327,0.735,-0.607,0.847,-0.827,0.227,-0.802,-0.335,-0.763,-0.435,-0.179,-1.312,0.168,-0.661,0.675,-0.669,1.135,-0.276,0.417,0.055,0.418,0.567,0.395,0.955,-0.047,0.954
1,0.832,0.0,0.483,-0.045,0.605,0.003,0.73,-0.093,0.416,0.008,0.388,-0.1,0.663,0.101,0.491,-0.044,0.831,0.064,0.732,0.0,0.388,0.057,0.748,0.025,0.747,0.186,0.701,0.03,0.428,0.066,0.42,-0.013,0.404,-0.127
1,1.168,0.0,0.602,-0.018,0.58,0.03,0.981,0.174,1.129,0.048,0.554,0.422,0.347,0.007,0.708,0.115,0.94,0.085,0.622,0.026,0.386,0.051,0.709,-0.283,0.463,-0.138,0.877,0.075,0.301,0.09,0.569,0.099,0.361,0.175
1,0.667,0.0,0.321,0.219,0.549,0.024,0.846,0.016,0.381,-0.074,0.942,0.057,0.701,0.069,0.963,0.053,0.756,-0.103,0.604,0.096,0.649,0.109,0.695,0.074,0.358,-0.053,0.766,0.066,0.695,0.203,0.75,0.138,0.596,0.093
1,1.36,0.0,0.74,0.06,0.846,0.002,1.015,0.003,0.977,0.115,1.127,0.03,0.553,0.007,0.906,0.007,0.551,-0.17,0.685,-0.032,0.62,0.01,0.944,0.006,1.094,-0.037,0.804,0.006,0.735,0.062,0.899,0.017,0.4,0.013
1,0.776,0.0,0.341,0.0,0.256,0.065,0.4,0.097,0.237,-0.053,0.191,-0.159,0.456,0.049,0.617,0.038,0.513,0.109,0.573,0.219,0.277,-0.033,0.228,-0.083,0.322,-0.007,0.428,0.091,0.466,0.029,0.419,0.184,0.648,0.109
1,0.798,0.0,0.749,0.072,0.51,0.281,0.775,0.204,0.699,0.441,0.941,0.515,0.5,0.762,0.356,0.433,0.171,0.526,0.39,0.837,0.13,0.348,0.018,0.93,-0.068,0.765,-0.071,0.309,-0.22,0.465,-0.319,0.688,-0.376,0.427
1,1.346,0.0,1.052,0.086,0.823,0.261,0.982,0.294,1.056,0.526,0.499,0.833,0.382,0.517,0.475,0.516,0.157,0.636,0.252,0.59,0.14,0.759,-0.024,0.492,-0.192,1.028,-0.212,0.651,-0.298,0.64,-0.253,0.58,-0.503,0.527
1,0.55,0.0,0.811,0.178,0.523,0.299,1.104,0.323,0.413,0.583,0.445,0.543,0.527,0.698,0.317,0.823,0.097,0.454,-0.075,0.77,-0.169,0.62,-0.166,0.55,-0.442,0.265,-0.602,0.459,-0.577,0.404,-0.629,0.19,-0.33,0.056
1,1.061,0.0,1.419,0.179,1.155,0.289,0.476,0.253,0.637,0.599,0.583,0.648,0.421,0.936,0.317,0.666,0.094,1.137,-0.004,0.537,-0.178,0.767,-0.296,1.181,-0.27,0.942,-0.869,0.93,-0.942,0.438,-0.711,0.297,-1.175,0.316
1,1.475,0.0,1.292,0.259,0.478,0.211,0.368,0.502,0.372,0.578,0.394,1.037,0.456,1.071,0.168,0.688,0.003,0.745,-0.233,0.53,-0.461,0.459,-0.35,0.711,-0.682,0.766,-0.456,0.218,-0.696,0.328,-0.393,0.109,-0.746,0.062
1,1.109,0.0,0.443,0.212,0.901,0.323,0.584,0.707,0.105,0.288,0.196,0.728,-0.104,0.358,0.0,0.715,-0.346,0.3,-0.81,0.199,-0.309,0.209,-0.249,0.092,-0.376,-0.041,-0.286,-0.152,-0.194,-0.195,-0.197,-0.126,-0.123,-0.3
1,1.278,0.0,0.631,-0.74,1.115,0.815,1.191,0.045,0.721,0.204,0.37,0.238,0.416,0.181,0.759,0.219,0.497,0.53,0.363,0.14,0.43,0.284,0.937,0.071,0.525,0.249,0.461,0.14,0.31,0.341,0.385,0.234,0.209,0.247
1,0.848,0.0,0.893,0.163,0.55,-0.069,0.596,0.082,0.961,0.012,0.671,-0.059,0.789,0.165,0.61,0.023,0.509,-0.022,0.824,0.092,0.456,0.066,0.297,0.041,0.736,0.218,0.597,0.145,0.101,0.337,0.511,0.262,0.582,0.078
1,1.006,0.0,0.867,0.091,0.453,-0.024,0.524,-0.021,0.578,-0.062,0.514,-0.062,0.399,-0.075,0.886,-0.073,0.565,0.03,0.466,0.012,0.355,-0.078,0.285,-0.047,0.598,-0.244,0.367,-0.081,0.269,-0.124,0.652,-0.07,0.34,-0.062
1,1.042,0.0,0.525,0.094,1.036,-0.004,1.414,-0.01,0.609,-0.037,0.542,0.013,0.536,-0.018,1.263,-0.02,1.041,0.015,0.476,-0.084,0.663,-0.03,0.792,-0.02,0.91,0.017,0.694,-0.022,0.767,-0.084,1.052,-0.045,1.131,-0.043
1,1.449,0.0,0.243,-0.113,0.242,-0.073,0.415,-0.587,1.029,0.084,0.303,-0.215,0.284,0.204,0.474,-0.073,0.388,0.081,0.707,-0.318,0.745,0.2,0.449,0.052,0.967,0.228,0.44,-0.093,0.141,-0.344,0.481,0.059,0.274,-0.693
1,0.791,0.0,0.88,-0.058,0.54,0.04,0.622,0.387,0.421,-0.003,0.877,0.075,0.804,-0.362,0.998,0.517,0.844,0.154,0.56,0.329,0.51,-0.166,0.887,0.135,0.789,0.116,0.497,0.146,0.625,0.066,0.397,0.268,0.855,0.537
1,1.434,0.0,0.475,-0.054,0.823,0.01,0.752,0.01,0.695,0.035,0.542,-0.006,0.605,-0.065,0.903,0.012,0.602,0.018,0.743,-0.069,0.657,0.149,0.662,-0.023,0.558,0.049,0.397,0.01,0.391,-0.048,0.461,0.109,0.572,-0.07
1,1.091,0.0,1.06,-0.005,0.941,-0.057,0.392,-0.053,0.741,0.063,0.458,0.09,0.342,0.138,0.408,-0.026,0.763,-0.045,0.309,-0.111,0.796,0.221,0.258,0.225,0.461,-0.028,0.432,0.0,0.356,-0.053,0.735,-0.071,0.368,-0.064
1,1.24,0.0,0.433,0.146,1.002,0.024,0.865,0.095,0.603,-0.004,0.418,0.104,0.483,0.036,0.827,0.102,0.469,-0.115,1.052,-0.074,0.443,0.008,0.508,0.068,0.909,-0.146,0.866,-0.034,0.416,0.023,0.745,-0.095,0.317,-0.067
1,0.522,0.0,0.63,-0.019,0.532,0.045,0.764,-0.043,0.756,0.027,0.725,-0.08,0.67,-0.024,0.305,0.102,0.616,0.071,0.671,-0.018,0.319,0.006,0.678,-0.039,0.529,-0.043,0.529,0.006,0.641,-0.002,0.786,-0.016,0.489,0.089
1,0.683,0.0,0.674,0.061,0.356,0.058,0.399,0.0,0.725,-0.013,0.501,0.026,0.328,0.048,0.35,0.007,0.251,-0.154,0.41,0.004,0.245,0.079,0.282,0.28,0.193,-0.164,0.507,0.038,0.589,0.127,0.239,0.0,0.425,-0.023
1,0.879,0.0,1.441,0.015,1.256,0.383,0.423,0.396,0.765,0.346,0.751,0.588,0.308,0.815,0.588,0.901,0.217,1.014,0.41,0.51,0.087,0.395,0.075,0.941,-0.174,0.506,-0.134,0.397,-0.193,0.454,-0.236,0.532,-0.245,0.466
1,1.484,0.0,0.782,0.123,1.125,0.44,0.636,0.304,0.724,0.503,0.552,0.626,0.242,0.645,0.167,1.117,0.061,1.071,-0.181,0.963,-0.171,0.807,-0.38,0.366,-0.643,0.707,-0.758,0.658,-0.383,0.453,-0.893,0.196,-0.329,0.023
1,1.33,0.0,0.721,0.254,1.257,0.296,0.512,0.448,0.554,1.077,0.5,0.927,0.137,0.424,-0.057,0.65,-0.219,0.74,-0.411,0.533,-0.554,0.396,-0.884,0.467,-0.7,0.188,-0.355,0.032,-0.48,-0.116,-0.514,-0.309,-0.316,-0.216
1,1.327,0.0,0.937,0.109,1.423,0.429,0.877,0.504,0.573,0.479,0.239,1.2,0.131,0.952,0.034,0.563,-0.279,1.001,-0.398,0.578,-0.461,0.515,-0.78,0.657,-0.871,0.271,-1.065,0.109,-0.716,-0.044,-0.62,-0.238,-0.692,-0.45
1,0.933,0.0,0.517,0.209,0.858,0.32,0.842,0.384,0.444,0.76,0.111,1.265,-0.116,1.279,-0.368,0.771,-0.508,0.44,-0.809,0.366,-0.703,0.197,-0.79,-0.053,-0.916,-0.15,-0.886,-0.242,-0.644,-0.513,-0.249,-0.408,-0.088,-1.058
1,0.716,0.0,0.679,0.426,0.34,0.672,0.394,0.642,-0.046,1.207,-0.179,0.646,-0.291,0.29,-0.642,0.149,-0.8,0.065,-0.667,-0.033,-1.153,-0.05,-0.291,-0.241,-0.184,-0.659,0.058,-0.381,0.312,-0.262,0.305,-0.327,0.374,0.189
1,1.423,0.0,0.23,0.126,0.256,0.138,0.038,0.381,0.118,0.306,0.069,0.314,-0.063,0.167,-0.045,0.085,-0.052,0.057,-0.07,0.021,-0.054,-0.004,-0.033,-0.013,-0.024,-0.008,-0.006,-0.009,-0.003,-0.007,0.001,-0.014,0.002,-0.003
1,0.986,0.0,0.659,-0.254,1.214,0.246,0.462,-0.005,0.816,0.191,0.632,-0.361,0.787,0.06,1.028,0.178,0.922,-0.443,0.945,0.03,0.629,0.265,0.865,-0.284,0.585,-0.057,0.287,-0.117,0.448,-0.068,0.105,-0.145,0.259,-0.101
1,0.568,0.0,1.198,0.068,0.613,0.084,0.544,0.055,0.202,0.135,0.444,0.299,0.271,0.145,0.255,0.199,0.348,0.03,0.427,0.103,0.351,0.121,0.197,0.157,0.365,0.116,0.237,0.174,0.359,0.149,0.147,0.084,0.173,0.153
1,0.533,0.0,0.663,0.111,0.544,0.006,0.622,0.008,0.45,-0.002,0.682,0.139,0.838,0.023,1.14,0.026,0.654,0.022,0.713,0.025,0.509,0.072,1.06,0.046,0.485,0.024,0.706,0.074,0.48,0.117,0.746,0.066,0.565,0.073
1,1.222,0.0,1.142,0.034,0.499,0.193,0.551,0.343,1.296,-0.047,1.187,-0.019,0.694,-0.182,0.846,0.288,0.719,-0.034,1.247,-0.006,1.2,-0.324,1.138,-0.285,0.57,-0.079,0.595,-0.024,1.021,-0.042,0.547,0.273,0.738,0.064
1,1.369,0.0,0.391,0.013,1.065,0.132,1.034,0.138,0.557,-0.112,0.578,0.029,1.14,-0.004,1.021,0.106,0.753,0.05,0.418,0.015,0.426,-0.121,0.591,0.0,1.014,-0.016,1.051,0.016,0.719,-0.015,1.042,0.159,0.959,0.04
1,1.221,0.0,0.309,0.163,0.031,-0.115,0.57,0.015,0.416,-0.052,0.627,0.023,0.48,0.374,0.725,-0.029,0.765,0.168,0.293,0.117,0.534,0.026,0.634,-0.124,0.271,-0.033,0.437,0.021,0.307,0.222,0.278,-0.105,0.317,-0.004
1,1.423,0.0,0.505,0.151,0.605,-0.115,1.064,-0.189,1.184,0.028,0.7,0.037,0.709,-0.034,0.84,-0.195,0.701,-0.194,0.979,-0.106,0.666,-0.004,0.274,0.089,0.494,-0.28,0.707,-0.209,0.316,-0.028,0.805,-0.254,0.684,-0.14
1,1.346,0.0,0.745,-0.042,0.952,-0.058,0.757,0.0,0.547,-0.09,0.747,-0.157,0.707,-0.164,0.74,-0.247,1.103,-0.202,0.414,-0.089,0.734,-0.099,1.142,-0.017,0.596,-0.26,1.007,-0.123,0.723,-0.234,0.478,-0.565,0.433,-0.154
1,0.799,0.0,1.164,-0.111,1.105,0.057,1.258,0.041,1.052,-0.018,1.072,-0.069,0.815,-0.129,1.007,-0.004,0.77,-0.174,0.567,0.042,0.713,-0.039,0.529,-0.296,1.047,-0.176,0.587,-0.118,0.973,-0.018,0.635,-0.111,0.649,-0.007
1,0.591,0.0,0.681,-0.115,0.7,0.173,0.699,0.092,0.51,-0.111,0.655,-0.308,0.997,-0.115,0.766,0.058,0.32,-0.002,0.654,-0.081,0.503,-0.36,0.994,-0.355,0.504,-0.075,0.722,-0.072,0.318,-0.298,0.41,0.056,0.673,-0.013
1,1.487,0.0,0.649,0.104,0.852,0.005,0.633,0.075,0.649,-0.165,0.277,0.014,0.851,-0.197,0.493,-0.042,0.766,-0.08,0.502,-0.054,0.544,-0.292,0.509,-0.184,0.297,-0.135,0.623,-0.157,0.586,-0.031,0.462,-0.093,0.33,-0.044
1,1.36,0.0,0.899,0.2,0.492,0.266,0.31,0.84,0.462,1.089,0.055,0.631,-0.198,1.29,-0.339,0.818,-0.347,0.734,-1.062,0.658,-0.745,0.23,-0.971,-0.071,-0.572,-0.136,-0.548,-0.527,-0.614,-0.83,-0.413,-0.456,-0.121,-0.51
1,1.358,0.0,0.691,0.275,0.62,0.699,0.748,0.443,0.213,0.949,0.046,1.274,-0.29,0.738,-0.351,1.202,-0.913,0.462,-1.146,0.528,-1.369,0.087,-1.233,-0.158,-0.565,-0.251,-0.335,-0.699,-0.505,-0.972,-0.09,-0.73,0.119,-1.396
1,0.629,0.0,0.943,0.156,0.738,0.769,0.463,0.551,0.069,1.376,-0.072,0.866,-0.891,0.715,-0.468,0.277,-0.622,0.356,-1.359,-0.006,-0.404,-0.219,-0.8,-0.551,-0.737,-0.489,-0.432,-0.841,-0.041,-0.94,0.166,-0.706,0.001,-0.49
1,1.442,0.0,1.109,0.239,0.571,0.287,0.343,0.899,0.305,0.762,-0.086,0.629,-0.219,1.074,-0.624,0.604,-0.626,0.431,-0.701,0.043,-0.932,-0.152,-0.612,-0.344,-0.212,-0.353,-0.169,-0.77,0.061,-0.647,0.234,-0.569,0.546,-0.239
1,1.432,0.0,0.803,0.464,0.698,0.343,0.485,0.967,0.121,1.241,-0.148,0.527,-0.44,0.774,-0.541,0.621,-0.821,0.488,-0.478,0.06,-0.907,-0.215,-0.671,-0.51,-0.605,-0.92,-0.145,-0.641,0.067,-0.728,0.208,-0.759,0.67,-0.892
1,1.263,0.0,1.168,0.387,0.562,0.799,0.444,0.376,0.257,0.478,-0.205,0.419,-0.284,0.937,-0.406,0.419,-0.652,0.277,-0.365,-0.055,-0.93,-0.342,-0.409,-0.393,-0.379,-0.623,-0.011,-0.848,0.132,-0.661,0.387,-0.534,0.327,-0.211
1,0.842,0.0,0.744,-0.028,0.812,-0.032,1.284,-0.088,1.264,0.012,0.671,-0.016,1.401,-0.087,1.434,-0.081,0.851,-0.053,1.078,-0.169,1.301,-0.058,0.774,-0.063,1.058,-0.107,0.772,-0.077,1.12,-0.16,1.381,-0.095,1.179,-0.159
1,1.346,0.0,0.879,-0.015,1.217,0.015,1.049,-0.022,0.995,-0.007,1.174,-0.031,0.96,-0.01,0.495,-0.038,1.051,-0.028,1.2,-0.057,1.327,-0.015,1.135,-0.022,0.564,-0.024,0.663,-0.046,1.002,-0.1,1.114,-0.091,1.111,-0.073
1,0.827,0.0,0.86,-0.172,1.341,-0.003,0.499,-0.088,1.127,0.179,0.863,0.003,0.513,-0.095,0.932,-0.003,1.031,-0.087,1.24,-0.227,0.797,0.069,0.932,-0.045,1.207,0.073,0.978,-0.133,0.639,-0.158,0.705,-0.054,0.89,-0.227
1,0.976,0.0,0.3,-0.043,0.669,0.057,0.446,-0.129,0.17,-0.01,0.319,-0.165,0.575,0.389,1.224,-0.341,0.506,0.012,0.451,0.035,0.55,0.421,0.549,0.061,0.483,0.112,0.441,-0.004,0.578,-0.039,0.852,-0.201,0.446,-0.109
1,0.836,0.0,0.335,-0.133,0.292,0.151,0.313,0.17,0.213,0.083,0.67,-0.085,0.445,-0.061,0.44,0.279,0.72,0.017,0.156,-0.144,0.266,-0.059,0.671,-0.018,0.269,0.074,0.358,-0.123,0.221,-0.082,0.508,-0.14,0.12,-0.613
1,1.046,0.0,0.285,1.306,1.437,0.657,0.66,0.941,0.667,0.582,0.387,1.442,0.314,1.134,-0.088,1.316,-0.179,1.395,-0.484,0.525,-0.465,0.712,-1.08,0.653,-1.042,0.474,-0.749,0.111,-0.698,-0.179,-0.522,-0.402,-0.765,-0.756
1,0.574,0.0,0.547,0.413,1.123,0.763,0.701,0.987,0.213,0.762,0.187,0.962,-0.085,1.041,-0.246,0.414,-0.326,0.458,-0.386,0.622,-0.578,0.148,-0.726,0.027,-0.582,-0.411,-0.44,-0.381,-0.673,-0.18,-0.311,-0.791,-0.284,-0.734
1,1.366,0.0,1.041,0.441,0.83,0.474,0.667,0.791,0.227,0.837,-0.11,0.904,-0.564,1.034,-0.563,0.42,-0.663,0.197,-0.63,0.053,-0.776,-0.239,-0.671,-0.387,-0.307,-0.597,-0.036,-0.848,0.22,-0.493,0.327,-0.397,0.29,-0.33
1,1.05,0.0,0.769,0.324,0.378,0.891,0.479,1.132,0.159,0.842,-0.325,0.605,-0.49,0.985,-0.73,0.64,-1.254,0.249,-1.237,-0.08,-0.611,-0.492,-0.747,-0.672,-0.347,-1.208,-0.053,-0.581,0.269,-0.745,0.786,-0.949,1.038,-0.295
1,0.799,0.0,0.808,0.195,1.011,0.534,0.39,1.026,-0.069,0.867,-0.419,0.609,-0.633,0.65,-1.146,0.288,-1.139,0.08,-0.775,0.018,-0.657,-0.983,-0.471,-1.017,-0.166,-1.243,0.293,-0.56,0.567,-0.492,1.044,-0.62,0.515,-0.087
1,0.808,0.0,0.82,0.22,1.017,-0.057,1.058,0.017,1.134,-0.12,0.618,-0.011,0.635,-0.021,1.406,-0.084,0.529,-0.098,0.962,0.034,1.168,-0.144,0.543,-0.016,1.02,-0.156,0.508,-0.062,1.0,0.115,1.039,-0.188,0.832,-0.106
1,0.916,0.0,0.957,-0.002,0.846,-0.179,0.68,-0.003,0.905,-0.719,1.385,0.138,0.87,-0.084,1.08,-0.02,1.305,-0.183,1.213,0.924,1.156,-0.122,0.614,-0.081,0.615,-0.019,0.927,-0.022,1.074,-0.011,0.421,-0.016,0.728,-0.014
1,0.812,0.0,0.409,0.157,0.811,0.605,0.464,0.423,0.097,0.949,-0.189,0.573,-0.465,1.046,-0.52,0.617,-0.716,0.228,-0.689,-0.098,-0.36,-0.256,-0.493,-0.336,-0.15,-0.729,0.016,-0.664,0.128,-0.435,0.426,-0.274,0.416,-0.096
1,0.679,0.0,1.307,0.197,0.507,0.667,0.176,0.523,0.073,1.233,-0.354,0.535,-0.845,0.869,-0.483,0.566,-0.698,0.057,-0.578,-0.272,-0.659,-0.602,-0.487,-0.925,-0.161,-0.405,0.248,-1.052,0.406,-0.668,0.84,-0.485,0.459,-0.088
1,0.776,0.0,1.154,0.476,0.482,0.519,0.393,0.673,-0.041,1.189,-0.461,1.114,-0.506,0.588,-0.556,0.342,-1.157,-0.144,-0.632,-0.37,-0.636,-0.389,-0.116,-1.166,0.111,-1.035,0.425,-0.931,0.381,-0.581,1.144,-0.055,0.821,0.237
1,0.94,0.0,0.616,-0.128,1.314,-0.216,0.778,-0.14,0.778,0.008,1.359,0.153,1.085,0.04,0.784,-0.031,0.455,-0.529,0.646,-0.013,1.299,0.054,0.929,0.17,0.584,-0.399,0.84,-0.058,0.774,-0.087,0.673,0.035,0.989,-0.025
1,0.933,0.0,0.624,0.004,1.234,0.022,0.75,0.016,1.032,0.013,0.555,0.032,0.942,0.032,0.843,0.076,0.844,0.135,0.438,0.045,0.708,0.072,0.414,0.087,0.547,0.082,0.718,0.11,0.505,0.017,0.539,0.05,0.486,0.116
1,0.873,0.0,0.763,0.025,0.871,0.018,0.515,0.019,0.69,0.041,1.066,0.165,0.787,0.026,0.893,0.056,1.296,0.027,0.556,0.0,1.235,0.052,1.072,0.055,0.439,0.102,0.922,0.093,0.613,0.077,0.491,0.104,1.038,0.092
1,0.615,0.0,0.813,-0.007,0.701,-0.004,1.31,-0.009,0.756,-0.019,1.384,-0.015,0.599,-0.018,0.822,-0.026,1.159,-0.036,0.676,-0.049,0.782,-0.055,0.505,-0.058,1.475,-0.062,0.873,-0.06,1.491,-0.089,1.218,-0.092,1.271,-0.037
1,0.988,0.0,0.992,-0.027,0.856,0.03,0.96,0.019,0.785,0.02,1.105,-0.008,0.744,-0.022,1.109,0.049,1.178,0.0,1.037,0.011,0.637,0.008,0.453,-0.023,0.99,0.029,1.014,0.014,0.887,0.003,1.064,0.059,1.251,0.025
1,1.469,0.0,1.094,0.026,1.07,-0.017,0.454,0.01,0.558,0.077,1.26,0.036,1.251,0.014,0.5,0.04,0.827,-0.029,1.171,-0.032,0.597,0.073,0.672,0.114,0.602,0.032,0.584,0.039,0.839,0.027,0.986,0.011,1.112,0.021
1,0.807,0.0,0.247,-0.327,0.725,0.013,0.385,0.075,0.363,0.06,0.293,-0.28,0.598,0.21,0.335,0.0,0.601,0.065,0.611,0.017,0.447,0.094,0.177,-0.181,0.381,0.057,0.43,0.055,0.422,-0.023,0.435,0.073,0.314,0.295
1,1.022,0.0,0.484,0.271,0.428,0.575,0.482,0.89,0.084,0.584,-0.355,0.883,-0.291,0.767,-0.557,0.271,-0.459,0.126,-0.618,-0.183,-0.498,-0.611,-0.238,-0.465,-0.015,-0.519,0.212,-0.374,0.172,-0.324,0.29,-0.184,0.299,0.026
1,0.658,0.0,1.292,0.316,0.563,0.657,0.484,0.68,-0.029,1.145,-0.36,0.958,-0.375,0.758,-0.786,0.254,-0.452,-0.04,-0.777,-0.367,-0.632,-0.782,-0.122,-0.972,0.05,-0.401,0.495,-0.911,0.363,-0.487,0.483,-0.227,0.375,0.119
1,1.162,0.0,1.273,0.437,0.599,0.429,0.177,1.106,-0.132,1.315,-0.684,1.177,-0.927,0.413,-1.262,0.164,-0.766,-0.234,-0.434,-0.349,-0.622,-0.753,-0.014,-0.53,0.424,-0.434,0.704,-0.845,1.098,-0.385,0.9,0.102,0.689,0.665
1,1.238,0.0,1.074,0.599,0.459,0.04,0.132,1.029,-0.243,0.813,-0.385,0.522,-0.616,0.347,-1.278,-0.078,-0.55,-0.309,-0.471,-1.237,-0.074,-0.603,0.213,-0.299,0.748,-0.605,0.703,-0.071,1.353,0.503,0.548,0.002,0.128,0.599
1,0.743,0.0,0.947,0.681,0.63,0.394,0.057,0.374,-0.238,0.934,-0.369,0.604,-0.691,0.0,-0.785,-0.1,-0.281,-0.558,-0.13,-0.684,0.653,-0.567,0.861,-0.27,1.156,-0.452,0.616,0.175,0.84,0.439,0.329,0.452,0.124,0.35
1,1.133,0.0,0.844,0.0,0.642,-0.023,1.26,-0.012,1.273,0.025,0.834,0.011,0.974,0.007,0.506,0.004,0.927,0.041,0.661,-0.013,0.789,0.016,0.804,0.081,0.952,0.046,0.988,0.015,0.598,0.011,1.404,0.028,1.458,-0.015
1,0.808,0.0,0.777,0.068,0.554,-0.054,1.2,-0.016,0.492,0.009,0.73,0.1,1.152,-0.009,0.966,0.0,0.948,0.284,1.263,-0.006,0.968,0.005,1.066,0.055,0.668,0.128,0.886,0.113,0.493,0.04,0.572,0.247,0.503,0.0
1,0.522,0.0,0.858,0.063,1.026,0.011,0.903,0.015,0.855,-0.015,1.038,0.086,0.694,0.028,1.306,0.04,0.687,0.072,1.266,0.024,0.834,0.052,1.072,0.052,0.624,0.085,1.189,0.036,0.97,-0.031,0.849,0.065,1.059,0.043
1,1.265,0.0,0.877,0.037,1.347,0.005,0.817,0.005,0.576,0.0,0.691,0.105,1.196,0.014,0.934,0.008,0.99,-0.072,0.973,0.036,0.523,0.014,0.445,0.024,1.182,-0.025,0.997,0.02,0.512,0.105,0.766,0.025,0.413,0.035
1,0.656,0.0,1.194,0.005,1.108,0.022,0.683,0.013,1.194,0.021,0.777,0.02,1.126,0.051,1.021,0.05,0.494,0.029,1.437,0.082,0.884,0.035,1.176,0.066,0.671,0.026,0.709,0.068,0.772,0.111,1.015,0.044,1.178,0.135
1,0.776,0.0,1.134,0.015,1.208,0.014,0.511,0.023,0.772,-0.01,0.794,-0.003,0.616,0.029,0.938,0.007,1.436,0.011,1.261,0.025,1.187,0.004,0.761,0.013,0.601,-0.009,1.224,0.012,0.503,0.022,0.994,0.026,0.838,0.015
1,1.346,0.0,1.314,-0.018,0.993,0.015,0.67,-0.001,1.04,0.067,0.812,0.061,1.305,0.04,1.05,0.047,0.72,0.029,0.509,0.028,1.384,0.128,1.274,0.056,1.082,0.067,0.94,0.063,0.733,0.045,1.174,0.103,0.864,0.062
1,1.184,0.0,1.157,0.302,0.615,0.385,0.587,0.974,0.031,0.992,-0.313,0.567,-0.461,0.619,-0.938,0.34,-1.201,-0.008,-0.692,-0.333,-0.461,-0.717,-0.191,-0.63,0.005,-0.722,0.143,-0.499,0.29,-0.403,0.749,-0.235,0.559,0.023
1,1.061,0.0,0.876,0.387,0.554,0.655,0.426,1.014,-0.171,0.531,-0.32,0.454,-0.768,0.531,-1.194,0.123,-1.162,-0.417,-1.005,-0.594,-0.169,-1.234,0.036,-0.926,0.42,-0.943,0.389,-0.515,1.088,-0.131,1.232,0.209,0.525,0.794
1,1.281,0.0,0.309,0.157,0.084,0.256,0.116,0.442,-0.281,0.825,-0.088,0.135,-0.764,0.126,-1.449,-0.005,-0.282,-0.171,-0.329,-0.695,-0.106,-0.612,0.082,-0.314,0.23,-0.215,0.564,-0.101,0.392,0.084,0.264,0.155,0.096,0.159
1,0.978,0.0,0.521,0.341,0.645,0.941,0.072,1.115,-0.322,0.676,-0.778,0.638,-0.903,0.038,-1.013,-0.385,-0.376,-0.918,-0.04,-0.529,0.139,-0.838,0.477,-0.574,0.824,-0.131,1.035,0.337,0.251,0.688,0.228,1.133,-0.238,0.379
1,1.188,0.0,0.219,0.059,0.021,0.248,-0.071,0.46,-0.233,-0.234,-0.243,0.08,-0.325,0.091,-0.231,-0.379,-0.105,-0.5,0.276,-0.122,0.413,-0.096,0.176,-0.193,0.258,0.172,0.033,0.205,-0.046,0.34,-0.166,0.157,-0.443,-0.371
1,0.655,0.0,1.192,0.001,0.57,0.0,1.025,-0.001,0.803,0.022,1.116,0.011,0.536,0.024,0.879,0.024,0.921,0.049,1.11,0.035,1.329,0.079,1.07,0.052,0.739,0.067,0.97,0.078,0.592,0.082,1.442,0.12,1.342,0.116
1,0.754,0.0,1.046,-0.045,0.457,0.003,0.64,-0.012,0.612,-0.044,0.637,-0.133,0.683,0.032,1.053,-0.069,0.547,0.067,0.764,0.068,0.751,-0.022,0.756,-0.031,0.889,-0.033,0.583,-0.04,0.395,-0.048,0.624,-0.049,0.7,0.008
1,0.836,0.0,0.285,-0.09,0.851,-0.018,0.426,-0.048,0.517,-0.079,0.501,-0.137,0.37,-0.09,0.334,-0.056,0.365,-0.174,0.487,0.047,0.344,-0.126,0.323,-0.102,0.564,-0.003,0.414,-0.086,0.242,-0.149,0.465,-0.088,0.339,-0.065
1,1.042,0.0,0.928,0.009,0.924,0.003,0.994,0.005,0.931,0.017,0.866,0.181,1.094,0.007,0.881,0.01,0.866,-0.058,0.882,0.023,1.126,0.016,0.394,0.016,1.108,-0.004,0.953,0.009,0.345,0.008,0.4,0.019,0.943,0.008
1,0.654,0.0,0.579,-0.007,1.333,0.043,0.454,0.726,0.937,-0.002,0.471,-0.132,0.334,-0.281,0.421,0.441,1.044,0.29,1.081,0.08,0.481,-0.623,1.499,0.008,0.359,0.098,0.798,0.097,0.771,0.07,0.562,0.226,0.182,0.65
1,0.742,0.0,0.859,0.115,1.044,-0.149,0.968,-0.047,1.104,-0.037,0.774,0.124,0.822,0.059,0.475,-0.093,1.462,-0.018,0.795,0.09,1.154,0.009,0.591,0.052,1.145,-0.063,1.14,0.001,1.242,0.174,0.997,-0.152,0.892,-0.045
1,1.404,0.0,1.048,0.002,0.827,-0.039,1.396,-0.025,0.981,0.015,1.275,0.031,1.089,0.087,1.032,-0.008,0.682,0.001,0.996,0.045,1.248,0.078,0.878,0.096,0.499,0.017,0.581,0.049,0.585,0.072,1.266,-0.0,1.291,0.031
1,1.16,0.0,1.315,-0.0,0.754,-0.025,0.781,-0.046,0.746,0.032,0.752,0.017,0.503,0.053,1.244,-0.013,0.971,0.025,0.657,0.012,0.754,0.114,1.081,0.082,0.883,0.018,1.138,0.017,1.367,0.015,1.125,0.005,1.264,-0.005
1,0.75,0.0,1.287,-0.012,0.998,-0.018,0.92,-0.029,0.53,0.001,1.262,-0.019,1.104,-0.021,0.461,-0.024,1.241,-0.009,1.059,-0.129,0.532,0.012,0.94,-0.016,0.653,-0.022,0.534,-0.049,0.756,-0.179,1.088,-0.054,1.139,-0.141
1,1.405,0.0,1.269,0.079,0.804,-0.032,1.012,0.089,0.647,-0.122,0.993,0.057,1.108,-0.002,1.074,-0.012,0.992,-0.052,1.209,-0.048,0.889,-0.095,0.695,0.053,1.249,-0.108,0.483,-0.038,0.783,-0.006,0.718,-0.074,0.602,-0.07
