1,1,-18.255,0.99539,-0.05889,21.979,0.02306,-33.165,-6.433,1,-34.328,0.85243,-0.17755,0.59755,-0.44945,-24.739,-4.484,-15.51,-0.38542,0.58212,-44.278,-46.606,-9.6,0.36946,-0.47357,0.56811,-0.51171,0.41078,-32.53,0.21266,-0.34090,-0.49,-49.567,48.859,-0.45300
0,1,-29.29,1,-0.18829,0.93035,41.041,-49.329,-0.93597,1,-0.04549,49.392,-0.67743,25.385,-0.69707,-0.51685,-0.97515,1.912,-17.526,0.33109,-47.65,-0.13151,-21.893,-20.642,-0.35734,40.252,-0.26569,-0.20468,-0.18401,-13.419,18.877,4.847,-6.087,-0.13738,-0.02447
1,1,0,-40.666,-0.03365,-12.718,0.00485,1,-4.833,-39.595,0.01198,5.588,0.05346,0.85443,0.00827,0.54591,0.00299,-43.71,-13.872,0.75535,-37.4,-35.644,-0.27502,8.298,19.357,0.57528,7.811,-36.728,-0.22145,26.009,45.401,0.60436,-0.24180,0.56045,-0.38238
0,-32.312,0,1,-41.327,1,1,0.71216,-13.948,-21.515,25.373,-31.288,11.918,6.616,0,-1,0.14516,-38.864,-0.39330,-1,-0.54467,-0.69975,1,14.564,22.671,1,0.90695,6.228,1,-29.109,-0.20099,0.25682,-43.264,-0.32382,32.892
1,44.497,0,1,-0.02401,0.94140,0.06531,0.92106,-0.23255,0.77152,40.945,0.52798,-0.20275,0.149,-7.976,0.34395,-0.27457,0.52940,-0.21780,-7.784,-27.73,0.05982,12.632,0.02309,14.666,-38.972,45.503,0.13290,-0.53206,5.592,7.296,-7.464,-40.12,7.878,-0.65697
0,1,27.02,1.641,-0.00592,15.845,-0.11949,-28.196,-0.11824,0.14706,0.06637,-26.653,21.661,0,35.128,21.443,-0.15540,2.822,-0.10196,-0.11575,-0.102,0.01838,-23.623,0.01519,-13.889,-41.812,-49.194,-0.03240,-25.664,-0.07859,0.00732,0,0,-0.00039,0.12011
1,1,0,44.084,18.116,0.94601,14.26,0.92806,-0.07,0.85996,-33.018,0.79766,-0.47929,0.461,-0.50764,-35.624,-0.61436,0.57945,-0.68086,-39.535,-0.73641,-40.981,-0.76562,0.31898,-0.79753,43.59,-42.561,0.13659,7.238,0.04606,-32.337,-0.04262,-19.832,3.971,-0.80975
0,-47.123,-24.288,17.613,0,0,0,1,-1,0,-37.804,-25.98,-1,0,-23.959,0,0,13.864,1,47.973,-1,42.305,3.854,6.838,0,1,1,2.769,14.158,0,10.619,1,6.845,0,0
1,1,-24.356,-36.753,-0.07198,1,-0.14333,1,-0.21313,-15.762,-0.36174,0.92570,-48.419,-18.962,-24.091,-12.108,-0.46381,26.191,-0.35257,27.005,-0.66020,0.75346,-0.60589,-4.083,-0.64225,0.85106,40.922,0.57577,-27.589,15.66,34.777,-23.508,-0.72779,0.38895,-0.73420
0,1,12.977,-0.01864,-0.08459,0,-2.421,0,-32.333,13.672,-0.26810,-0.151,46.863,-37.019,0,28.596,0.38602,-0.37133,-4.035,0.63728,-41.274,-14.811,0,21.489,0,-30.979,-0.01326,-32.962,-0.02294,0,0,0.16595,-9.497,-0.08208,0.38065
1,1,0,1,0.06655,1,-8.029,1,25.059,49.3,-0.43107,1,-0.41349,0.96232,-0.51874,0.90711,21.092,-7.017,-0.66474,34.278,-1.026,0.70645,13.357,0.63081,-0.202,0.55867,0.384,4.629,-0.86500,30.055,44.151,0.30996,29.303,40.378,-0.89158
0,1,-30.383,1,-0.54210,-7.693,41.547,1,48.035,19.863,0.36217,1,-0.41119,-35.759,1,-15.045,26.457,9.444,33.183,-23.19,-0.93599,1,1,1,1,29.034,-0.40888,-21.689,-0.62745,10.188,-1,33.358,-1,1,-1
1,1,-17.172,16.198,-0.16316,1,-26.377,-32.845,-0.15197,1,-0.19277,-15.714,16.665,0.95735,-0.29785,42.514,-0.34412,0.94486,-24.141,0.90137,-0.43383,0.86043,4.31,20.293,-50.255,0.84080,-0.47137,0.76224,-0.58370,21.307,-0.68794,-42.834,-0.64537,25.341,-19.681
0,49.246,0,1,-3.617,36.157,-4.803,-40.919,-0.39896,1,-30.118,1,0.35147,1,0.07772,1,-0.14767,23.528,-1,1,-22.973,-2.895,0.15803,6.113,0.62349,-44.555,-0.17012,1,-9.747,1,44.107,1,0.88428,-33.018,47.595
1,1,-38.861,1,0.07380,1,0.03420,1,17.367,1,47.093,1,-19.494,42.632,22.312,22.919,-5.632,1,-46.609,1,0.27087,1,24.103,1,29.482,-13.032,0.20033,-28.578,0.36743,0.95603,0.48641,-39.093,-13.829,1,0.46712
0,1,0,0.50932,-0.93996,-17.39,0.26708,-47.385,-18.146,-42.609,-1,-32.72,-1,32.73,0,1.38,-36.59,-0.37681,0.03623,1,-12.219,48.905,0,0,48.609,-18.488,0.92236,47.732,6.478,0,0,1,-46.028,0,0
1,1,-7.396,0.99645,0.06468,1,-0.01236,0.97811,0.02498,0.96112,0.02312,-16.478,0.07808,0.89323,0.10346,-41.229,40.05,0.88809,-2.423,0.86104,0.08631,2.968,47.042,-26.367,0.14442,28.735,8.36,0.79476,21.888,3.325,0.15379,-19.508,-15.535,6.756,0.12015
0,45.99,0,12.215,0,-1,-1,1,-48.627,-15.904,1,-1.348,-13.641,11.29,-18.176,1,1,-1,-1,-1,-20.852,-21.245,-1.97,-1,-45.12,-1,-44.484,1,45.182,-1,-11.837,-1,-1,1,-1
1,1,0,-21.82,29.337,0.66626,0.05031,-34.041,-0.095,-4.813,0.34081,0.63621,38.651,-27.205,0.14285,0.78637,35.773,-19.514,0.18151,0.14395,-46.657,0.53888,0.21326,-34.146,-5.613,9.822,0.23724,0.46167,0.24618,0.43433,-15.28,0.40663,-34.352,1,0.33036
0,0,-6.412,8.124,-5.678,0,-6.914,0,0,1,1,-21.056,-1,-15.834,26.492,0,22.595,23.507,1,-37.448,1,9.403,24.388,-0.387,0.56250,5.346,29.643,1,1,1,-1,1,1,1,1
1,1,0,-48.029,-0.00612,-11.803,30.739,-47.328,-0.07649,1,-0.10605,1,-0.11073,-41.867,-0.39489,21.802,-9.807,1.345,33.423,0.86473,44.244,-18.173,13.82,0.96060,-0.46866,0.81874,-0.40372,0.82681,-50.312,22.936,-0.38231,0.80448,-0.40575,8.705,-0.45039
0,22.634,-1.762,1,-17.641,0,6.226,0,0,-1,-21.099,0,-0.702,0,0,-1,-1,-1,-1,38.305,24.244,-1,10.666,15.542,-23.878,0,0,1,-10.113,-1,-39.185,7.405,1,13.609,1
1,1,42.345,26.781,-30.468,1,1.225,1,0.09313,0.90169,-0.05144,0.89263,0.02580,0.83250,-29.095,30.173,0.09831,34.422,0.00280,13.244,-0.05295,29.434,-32.144,0.64158,-0.05929,-20.694,-0.07705,-42.227,-0.02205,0.49664,-0.01251,-26.143,-0.00015,-17.004,-30.511
0,0,0,26.971,1,-6.166,-13.306,0,-16.034,-35.768,1,1,1,0,13.19,0,0,-19.896,-0.423,-1,22.659,1,-43.703,4.503,0,-1,26.494,1,-1,1,1,23.318,-5.607,-46.718,0
1,-10.278,0,1,-34.952,-4.63,-32.152,1,23.197,1,9.951,40.779,-0.11726,0.84493,-21.89,38.262,-0.06598,-44.269,-0.07379,11.624,37.432,0.94910,-0.31558,0.80852,-0.31654,37.39,-0.34838,-26.254,-0.29174,42.535,-0.38576,0.54356,-0.26284,0.64207,-0.39487
0,1,0,1,0.57820,45.638,48.086,1,26.48,49.309,41.75,1,-1,-14.445,-42.284,43.217,-1,20.661,12.151,1,14.886,1,-0.62796,1,-1,1,-43.435,49.33,-1,16.081,-1,1,28.4,1,-1
1,1,-7.887,28.073,19.894,16.753,-0.17263,0.913,-0.81779,0.94817,0.61053,-20.936,9.996,0.88486,-0.31736,0.87937,-0.23433,0.81051,13.789,0.12245,-1,23.878,0.11053,0.62357,-0.78547,6.706,-0.82868,12.425,-19.252,0.40650,-46.315,37.271,-0.92128,38.482,-1
0,0,10.69,2.289,-1,0,-16.227,-1,1,-15.322,-0.37500,37.476,-3.181,0,0,-42.182,-16.632,1,-41.358,7.814,-1,1,17.916,0,0,-29.96,-47.291,-1,1,-1,-1,0.203,-8.801,-1,1
1,1,0,1,0.08380,-45.027,0.17387,1,-0.13308,0.98172,0.64520,1,0.47904,1,-9.538,1,-21.452,44.145,-35.059,1,0.95099,-35.381,1,15.158,-2.94,39.989,27.92,10.877,27.889,17.641,1,50.637,32.862,0.52479,1
0,0,23.421,-1,-1,1,-47.43,4.993,-1,11.943,-39.496,1,-1,20.631,-43.152,-13.11,0,-43.222,1,-1,-43.823,-27.789,-1,1,-42.799,1,-43.512,-12.226,-1,-28.685,-1,-1,1,1,-1
1,-26.858,-42.154,1,-24.264,38.624,-32.959,8.637,-0.23656,1,-47.068,1,-0.25010,1,-0.26161,1,-0.21975,1,-14.989,-48.237,-21.983,1,42.85,1,-0.59661,1,-0.47643,0.98820,30.904,-14.857,-42.401,1,-0.75761,19.873,-0.84437
0,1,0,1,43.525,-20.282,1,1,-1,10.449,-20.428,-28.01,-1,1,-0.01840,-40.842,-43.42,10.059,1,1,28.507,1,30.282,1,47.536,0,47.799,18.163,1,1,-15.756,1,-8.028,1,1
1,23.043,25.191,0.88208,-0.14639,43.088,-0.11057,-19.066,9.108,14.337,-0.17036,-1.179,-0.31809,0.85269,-0.31463,0.82116,-0.35924,0.80681,-0.33632,-23.688,-0.47022,-24.974,28.848,0.66150,-0.50085,0.61297,41.725,-37.129,-0.54629,0.50179,-0.59854,37.577,36.933,-28.461,-0.58086
0,-25.511,17.011,0.71253,-47.155,0.41287,-0.23067,31.248,-8.457,8.528,-0.10236,1,-0.10951,0.58965,1,0.83726,-1,0.82270,-0.17863,0.80760,-32.203,-13.46,13.26,0.51933,49.627,0.65493,-0.20392,0.93124,-0.905,32.824,-0.21901,0.86136,39.343,48.58,32.455
1,1,0,-24.985,-0.15899,0.72314,0.27686,0.83443,-0.58388,1,26.742,1,-0.49863,-35.499,-0.12527,-38.536,0.14638,1,0.39337,31.262,-33.296,-41.056,-0.01891,-34.091,-0.91338,29.441,38.44,36.141,32.914,38.579,3.391,1,0.53372,-22.551,-0.57758
0,1,-7.464,0.66161,36.249,2.561,1,1,-30.586,18.22,43.17,1,-1,1,-0.89375,-43.702,0.73393,31.217,3.625,-38.807,0.78036,1,0.85268,48.617,43.866,1,0.85357,1,7.492,0.95982,-0.36250,1,-23.286,1,-26.076
1,1,-9.948,32.096,-21.846,1,-0.01209,1,-0.02960,49.527,-0.07014,14.18,-0.06256,1,-0.06544,0.97261,-0.07917,23.298,-0.13665,1.509,-37.82,0.99589,-4.134,-7.92,-0.13565,0.89469,19.309,-9.392,25.485,-31.133,-0.18552,-25.969,-0.20101,0.83867,-0.20766
0,-37.813,13.702,1,1,1,44.782,35.347,22.684,-31.484,0,-1,-1,0,0,0,19.838,-1,-10.336,1,0.663,-1,1,-29.434,-48.933,1,-1,1,40.152,43.34,16.148,1,7.504,0,0
1,1,0,0.91241,-18.127,0.94191,-42.702,0.94705,6.389,0.93582,0.01321,0.91911,-9.542,0.92766,4.894,0.92048,3.045,0.88899,0.12722,45.352,0.14439,-33.04,0.11849,0.77041,37.502,0.75755,-2.883,-37.219,18.535,-35.202,0.15300,12.126,-37.053,0.65258,0.11447
0,1,-46.395,-3.105,0.02461,0.718,0.04861,0.97545,0.07143,0.61745,12.157,0.91036,33.673,0.88462,16.475,-22.761,0.14137,13.644,0.15189,1,0.41003,-19.209,0.16371,23.876,0.16516,-17.218,-45.872,0.48867,-6.317,-39.62,11.655,0.38352,0.14677,1,1
1,1,2.188,-34.968,0.06538,3.644,38.798,1,0.26281,-9.782,36.22,0.86773,0.39039,29.783,0.50082,-32.458,0.52321,0.65954,0.60756,0.57619,11.637,20.775,-26.867,0.40553,0.68840,-49.283,-43.385,-5.459,0.72386,0.19296,48.848,0.11372,0.72688,0.06990,0.71444
0,1,16.754,-1,-19.538,1,1,-15.354,-0.14375,0,-34.366,-1,1,-40.555,-8.304,0.17917,-1,-12.047,-1,0.08750,-44.957,1,20.488,-34.161,-13.999,-1,-33.068,-17.873,-1,-1,-50.022,1,-15.773,0,0
1,1,-6.024,0.90932,-4.014,0.86528,48.841,1,0.16598,-46.624,-33.318,0.70207,0.36719,-5.893,5.44,0.57620,0.46086,0.51067,-16.407,0.31639,-25.215,-46.272,-0.368,0.31274,0.55826,0.24856,0.56527,21.313,0.56605,-49.094,0.56101,-21.371,0.55061,-18.134,0.67739
0,1,0,1.214,-14.228,9.213,0.82857,1,24.041,-39.484,-0.23393,-36.317,0.96161,-19.462,-0.37679,1,-1,1,0.13839,19.993,-1,-12.736,-0.03393,-0.84286,1,-28.752,0.85714,42.403,41.455,-43.548,-1,1,3.857,49.884,-1
1,1,0,12.908,-36.411,-11.95,-0.13009,8.851,-0.19430,0.99374,-4.971,0.92738,-14.019,0.92651,31.512,0.89812,-0.43796,0.84922,-0.52064,0.87433,-0.57075,20.268,-33.91,6.459,-42.313,0.68282,-0.68479,46.227,24.847,0.61010,-41.629,-36.767,-0.80278,0.49195,-0.83245
0,0,0,0,0,0,25.373,6.616,-44.264,1,1,1,-30.288,-39.525,0,-39.005,0,-0.37500,-1,-31.109,-22.515,22.671,15.194,0,12.988,-40.405,-1,6.918,-1,13.564,1,42.109,0,0,0
1,1,2.825,6.568,-0.03730,1,43.423,0.99601,-0.11039,0.583,-0.09931,22.714,-0.13814,-6.44,-0.21695,0.95288,-0.25099,27.933,-27.896,16.85,1.296,0.89991,-0.34691,0.87874,-0.37643,-7.106,7.494,0.83172,-0.43122,46.969,21.063,-7.456,-0.47977,0.75115,-0.50152
0,1,0,0.94598,8.037,-1,0.26131,-0.36393,-48.822,0.69258,-0.63427,-22.66,-0.03353,-26.981,-41.853,-0.596,0.15452,0.91921,14.006,1,-0.50424,-14.195,-0.31454,34.389,0.37361,-40.505,-0.46734,0.52208,-0.58130,-24.756,42.494,-0.417,-27.984,-0.06117,-35.951
1,1,0,0.98166,0.00874,14.139,-23.997,0.97565,4.053,-23.329,-0.06971,0.99004,-0.04507,0.94713,12.753,0.93369,0.085,-18.077,6.722,0.79682,-40.106,0.88274,-0.17387,4.717,-41.932,0.88487,-31.71,0.81813,-0.21136,-31.959,-0.23864,18.991,-0.23095,0.74323,43.123
0,2.769,0,41.576,0,6.845,0.51724,-37.804,0,-4.67,47.973,0,-13.012,17.613,0,-1,-0.22414,-25.537,-24.518,0.76940,0.63147,0,35.416,-23.425,42.662,-0.90302,0.44828,1,-1,-1,0.81573,-47.123,10.619,0,0
1,14.557,25.208,0.84134,-0.18362,0.43644,0.02919,0.93421,-0.00267,0.87947,-47.846,16.217,-19.925,-36.133,-26.342,-29.914,-0.57486,0.75000,-0.29520,29.799,25.958,1,-36.716,0.46610,-0.16290,0.90066,-0.02778,22.423,-16.773,0.921,-24.679,0.84463,-0.25706,0.93323,-0.01425
0,0,0,-32.168,1,1,-1,0,-0.316,33.579,0,22.683,-3.185,1,2.275,-1,46.245,1,-1,-3.421,-40.495,0,0,1,-1,-8.737,-1,1,1,-33.333,11.977,-14.811,4.157,29.652,0
1,1,-7.909,1,1,1,26.333,0.91010,1,13.851,1,26.625,1,-1,1,-1,28.759,39.148,29.616,-1,-8.266,-1,43.988,-24.718,-1,0.90014,47.3,1,17.863,1,-0.397,1,8.098,-21.689,0.34845
0,1,42.547,-0.67935,-18.172,48.035,-35.759,1,0.63317,-30.347,23.694,-17.045,8.188,1,42.576,0.88683,-1,-1,-7.693,0.83840,1,1,-1,14.198,-1,-0.18856,1,1,3.783,-1,-1,-50.743,1,33.358,33.812
1,1,0,0.95659,-23.779,0.97487,19.407,-42.549,-0.08484,-40.813,-0.06561,0.94717,0.01279,-25.321,-0.16795,0.94612,-0.19497,36.153,-34.168,6.016,-0.35902,21.564,-30.27,0.90140,-0.29807,-15.655,-0.40747,-44.682,-0.34586,-1.83,16.711,-18.169,-0.39061,0.82166,-0.41173
0,1,0,0.08333,-0.20685,-1,1,-1,1,-13.313,-3.042,-34.84,-0.62723,-1,-1,47.246,1,-0.02753,-13.562,47.362,-10.528,-0.74628,-41.093,-6.026,22.06,-1,41.87,-45.715,-1,-30.578,-0.38914,-22.973,-1,43.772,0.61458
1,1,0,48.005,-0.02259,1,22.063,1,-19.757,1,-0.08799,18.422,-45.698,1,-17.274,1,-0.14522,22.919,0.32407,1,47.158,7.208,-0.18949,0.95601,-18.591,1,-39.784,0.87280,-33.374,29.894,23.431,0.78479,-5.987,0.73992,-0.22981
0,-42.172,-18.325,-44.609,3.38,-10.219,-1,-1,1,8.226,-36.248,1,1,-1,-0.18750,1,1,-1,-1,1,-48.35,-1,26.922,1,-16.471,-26.203,-1,1,49.905,1,1,48.609,46.924,-1,31.73
1,1,-14.641,-45.12,0.05812,0.94525,0.07418,0.99952,0.13231,-11.837,-0.01911,0.94846,6.117,0.95713,-2.388,-6.447,-22.133,40.907,0.20119,0.96741,0.16265,0.99695,2.677,-14.787,-20.115,0.91667,0.22431,-0.086,0.23571,0.88568,2.377,22.535,12.51,0.83574,0.31166
0,1,45.99,-5.668,-1,-1.348,47.182,-15.533,-27.826,0,0,9.29,-48.627,0,0,-0.61354,28.635,0.80521,0.36146,0.51979,0.14375,0,0,-1,-22.123,-5.749,0.96250,-44.484,1,-18.176,39.207,0,0,0,-14.904
1,10.334,-34.61,0.718,-6.315,-19.098,0.12197,-0.387,0.22574,0.98602,0.09237,0.94930,0.19211,-21.126,-22.247,0.89241,0.28343,-33.758,0.26721,0.83656,-34.329,0.83393,0.31698,-6.166,0.39597,36.426,0.34658,29.327,0.42746,0.62764,23.848,-46.501,0.47033,0.54252,0.50903
0,1,0,0.01667,-0.35625,0,7.124,7.961,0,25.492,0,0,0,22.595,0,24.63,-15.665,0.22813,45.417,1,-0.42292,22.178,0.424,-4.594,-1,-0.10625,-0.16667,1,-49.095,-39.448,6.534,10.403,-12.803,1,-0.27292
1,-48.89,-1.762,1,0.16801,-41.873,31.0,24.19,0.33347,0.91759,-48.802,0.91408,0.37107,0.84250,-18.621,0.81011,34.234,23.419,0.48311,0.65091,-39.615,-9.086,0.58071,0.55586,21.449,16.025,0.55236,0.43317,14.952,0.35684,0.76147,14.949,0.66844,0.22101,0.78685
0,1,0,9.043,43.345,-18.432,8.666,1,1,0.87719,0.30921,-29.702,-19.099,-0.05921,0.58772,0.01754,0.05044,-0.51535,-1,-23.736,-0.03289,-8.786,-0.43860,38.305,7.226,0.80921,-1,1,12.43,-16.525,-25.656,0.20614,-33.065,1,0.298
1,1,0,1,33.242,1,5.264,0.87060,0.18593,29.774,-21.35,-45.779,0.47990,13.845,24.157,26.821,0.00879,0.97613,-0.50126,1.982,-0.24497,-29.659,-6.357,-29.509,-42.931,0.93593,29.405,0.92890,-0.07249,1,-0.27387,27.934,0.19849,0.51382,-0.05402
0,1,0.577,0.84783,0.10598,-15.034,-20.504,-12.306,-1,40.449,-34.684,1,-44.432,1,0.60598,1,0.35507,1,37.354,0.58424,27.54,1,38.27,0.89130,10.234,-5.697,-0.33333,22.659,0.15942,-34.513,-11.298,1,0.22464,1,0.37409
1,1,0,1,0.28046,24.249,13.176,1,41.881,1,0.04317,-14.458,0.33266,1,36.595,-43.961,0.04384,0.95750,29.154,16.73,10.88,49.33,0.04150,0.99933,0.27376,43.217,-22.229,-4.666,-0.02174,-26.112,-31.948,0.94578,-0.22021,0.80355,-0.07329
0,6.152,-7.887,16.081,26.48,1,14.753,1,-19.386,1,-1,23.975,1,20.661,1,1,-1,1,1.047,1,1,50.086,-41.435,1,-1,1,-1,43.75,47.309,45.638,0.65625,-41.284,0,1,-1
1,1,-45.418,1,0.67784,12.757,0.82021,-8.371,1,0.20619,0.80541,26.634,37.941,-0.79135,20.752,-1,0.40268,-0.39046,9.823,-0.97907,-0.42822,-3.912,-0.56,-42.558,37.64,-21.477,-1,0.41778,-0.93296,0.25773,17.916,0.93570,-40.71,15.399,0.03446
0,1,0,1,-29.96,38.476,-1,1,-1,1,-45.291,11.69,9.814,11.038,1,-2.94,-36.886,1,-15.227,-15.632,1,1,27.889,1,1,1,1,1,27.42,-16.322,0,15.178,-1,4.289,-1
1,-12.226,49.994,-27.789,0.03529,-9.129,0.18281,-35.381,0.26968,1,0.25068,-28.685,0.28778,1,-42.437,13.943,17.21,1,32.519,44.145,0.53846,22.631,0.61267,1,0.59457,0.89593,0.68326,0.89502,39.787,0.85611,-45.355,0.74389,0.85611,0.71493,-21.401
0,0,0,1,-1,-26.858,1,30.401,-1,-43.512,-1,-13.11,0,0,3.993,-42.799,1,1,-1,-39.496,-1,18.123,1,38.624,-45.222,-41.152,-1,1,-43.154,-1,22.421,0,0,8.637,-49.43
1,1,0,-20.321,0.08620,10.026,0.19279,0.96026,-41.369,0.98044,-21.171,-48.308,0.46281,0.86265,0.52517,-46.165,-41.832,-13.87,0.69065,0.69003,0.73140,0.54473,0.68820,0.48339,10.211,-8.622,0.74689,0.33401,0.83796,17.413,0.86061,43.343,-23.254,-32.706,-14.994
0,1,-19.428,0.69444,-1.674,-41.842,29.282,-29.34,49.235,13.454,42.206,0,37.507,0,0,48.005,-0.24206,0.21032,29.557,22.507,45.307,0,0,0,-24.441,0.73413,-14.691,0.76190,0.63492,0,0,0,0,0,0
1,1,7.531,1,30.318,1,-25.571,-36.697,-28.688,1,0.28453,1,40.565,10.273,37.489,0.94575,0.42881,0.89126,25.695,0.75906,0.58801,0.80644,-19.387,0.79578,0.62758,0.66643,32.825,0.59417,17.705,-26.015,30.047,42.624,0.71689,0.33381,0.75243
0,-0.492,0,1,1,48.812,0,-38.304,-14.201,1,-1,28.024,1,4.502,31.262,50.573,27.441,-46.129,13.333,1,1,1,-37.298,32.455,-1,1,-1,1,-1,-7.363,-30.92,0,0,1,-1
1,1,-25.985,-22.551,0.04078,1,-41.9,1,0.16159,1,38.571,44.561,0.30889,8.505,0.37639,-32.651,0.39749,33.849,0.46059,35.927,0.46994,48.411,0.56282,18.115,0.58129,-34.346,38.176,0.58903,0.60990,-29.373,0.60932,0.45312,0.63636,3.32,0.62658
0,0,-26.807,-25.423,45.866,-36.677,-40.807,1,1,1,2.561,1,1,1,1,1,1,1,-1,-1,-43.702,36.249,-8.948,47.527,32.041,-30.989,-1,1,-22.938,-1,1,-1,-4.991,-8.464,1
1,1,0,23.373,0.24168,1.567,26.15,-7.868,0.72973,1,14.202,45.34,-9.283,1,1,20.838,0.77128,1,7.504,1,1,0.408,1,40.048,20.518,31.743,1,0.38255,1,-21.742,1,-0.17370,1,-29.248,1
0,0,0,16.148,1,1,-1,-48.933,14.702,36.36,1,6.335,0,1,1,11.417,0,-31.484,0,-12.336,36.347,-38.813,23.684,1,5.773,1,-1,1,1,19.402,1,1,-38.954,44.782,1
1,1,-35.866,1,-42.791,1,0.62937,-16.762,-2.9,-18.868,-36.957,1,-1,1,2.578,-45.395,-0.15851,1,0.04895,-5.477,-0.61538,24.275,-0.26573,1,-1,16.938,-34.43,1,-0.81372,-17.171,43.515,-8.606,-0.78555,1,-0.48252
0,0,0,1,-1,-43.106,1,12.501,1,3.644,1,1,1,14.157,-24.582,1,-1,30.028,1,1,32.561,0.721,-39.055,-45.036,1,1,-1,1,13.874,1,-1,-3.105,39.59,-34.968,1.188
1,1,0,-48.704,0.07804,0.92679,0.16251,49.038,0.24618,0.84111,-14.647,11.795,0.42196,-10.006,0.46983,-26.83,-32.597,0.60459,0.64200,-5.224,0.64924,36.297,0.66975,20.64,-32.57,0.23693,-10.286,-16.585,0.73885,0.09694,17.464,0.02735,0.77072,-18.914,0.69509
0,1,-43.957,-5.374,-0.17314,-48.199,0.21908,0.46643,49.001,0.25795,-0.33,-17.255,-0.15194,-25.334,-8.858,-32.057,0.38869,-18.352,-33.954,21.594,0.36353,0.04325,0.30745,-0.00083,21.376,-0.02862,-16.16,-41.598,0.14481,-0.04779,0.10349,-0.04585,0.07064,-0.04013,0.04586
1,1,0,-5.275,-0.02811,0.65680,-0.05178,-48.414,0.02811,0.85947,41.428,0.63462,0.08728,19.709,0.07840,0.73077,-47.124,-20.655,-34.277,0.65976,-0.01479,-19.675,40.525,-16.557,-0.18639,0.65385,0.02811,0.61009,-0.06637,-28.754,4.801,0.59024,-4.242,25.605,-46.621
0,1,-13.228,25.97,-0.06343,0.97464,0.04328,49.884,1,0.35821,-13.565,-41.122,-40.354,0.61567,-0.82090,0.57836,20.157,-43.88,-0.10448,0.46642,-0.11567,0.65574,5.005,-12.904,-36.862,0.47015,0.16418,0.49309,0.14630,0.32463,8.187,8.255,-36.217,2.201,0.12755
1,7.616,0,0.67547,0.04528,23.441,-0.10566,0.77358,-37.276,0.66038,5.667,0.64528,31.903,-4.045,-0.13962,-12.227,-0.02264,0.76981,0.08679,0.61887,-0.07925,-29.35,-41.113,0.73962,-39.552,-30.439,-0.15094,0.73886,-0.05801,-32.644,11.941,-43.4,45.612,0.73208,0.00755
0,-6.969,12.988,0.72727,7.868,0.89241,-21.48,1,26.101,0.249,-0.05909,0.48182,-0.16818,15.382,15.29,0.56818,1,-27.047,46.372,-38.337,0.10000,-6.407,40.809,-38.538,-1,0.57273,0.32727,0.56982,0.14673,0.42273,0.08182,0.48927,-8.089,1,1
1,1,27.02,35.704,15.929,-41.443,5.568,3.21,0.12941,2.018,-0.05882,-48.614,0.14118,0.46667,0.08235,0.52549,-13.953,-26.11,0.01569,0.50196,0,0.45882,-28.122,0.58039,0.08235,0.49804,0.00392,22.21,8.024,43.96,0.08235,0.45098,0.23529,21.92,0.17255
0,1,14.468,8.483,0.12482,0.35000,-39.789,0.23182,0.27955,-0.03636,0.44318,43.407,0.314,-0.19091,-25.42,-0.13350,-41.472,0.02727,-40.94,-0.34773,0.12727,-19.219,0.05078,3.923,0.36364,-0.14003,-36.418,-0.09971,-23.731,-1,-33.744,-0.02916,-0.395,-0.00526,43.045
1,1,6.838,19.105,-0.21996,1,0.36373,0.82403,-23.767,18.464,0.05901,0.90558,-0.04292,0.85193,0.25000,-37.025,49.226,0.69206,13.444,0.71030,0.39056,0.73176,0.489,1,-31.165,4.422,13.679,11.317,0.53235,-46.314,6.431,0.43026,0.70923,0.52361,-23.747
0,1,0,0.84557,-24.045,-0.31745,-0.80553,-4.869,34.852,0.80648,-19.861,-12.117,-0.00763,-0.18494,0.63966,-0.20019,-0.68065,0.85701,1.656,42.356,-0.15729,-23.754,-37.208,25.818,-24.17,-26.102,-0.03718,0.70882,-0.25288,43.084,-0.14109,-0.21354,-0.78170,-16.946,-24.955
1,1,0.305,13.686,-0.24783,0.64348,25.251,0.45217,-30.449,0.65217,0.18261,0.5,-2.151,0.57826,21.259,15.91,0.37826,-3.798,28.507,0.36087,-0.26087,0.26957,-47.866,-36.486,-0.03845,0.31304,-33.29,0.49930,-0.04264,0.48348,-9.782,47.888,-0.25217,14.062,0.14783
0,-6.846,0,44.446,0.14861,-0.33746,2.009,-14.291,-0.13932,25.652,-0.06811,0.20743,-0.468,0.47368,4.247,0.56347,-0.15480,0.16409,0.45201,0.33746,-41.461,1.108,33.65,29.014,-8.525,1,22.339,30.608,-0.40116,-32.484,0.11146,0.02399,0.55820,0.52632,-0.08978
1,1,0,0.29202,49.171,0.45331,0.16808,0.51783,-0.00509,-23.664,48.508,0.52462,-0.16638,32.832,9.141,28.589,0.03905,40.964,-0.22411,0.42445,-0.04244,0.34975,27.523,0.28183,13.912,43.064,-30.414,-15.541,-0.03351,19.209,0.09847,9.152,-22.708,0.39559,-0.03226
0,-18.008,0,-35.967,0.16851,24.694,4.783,0.56541,-49.674,33.871,16.198,0.38359,0.99557,-26.3,0.53215,0.23725,20.778,-0.02661,0.95122,-0.50998,17.866,-0.10200,0.38803,41.151,-16.934,-0.91574,0.80710,-9.034,0.88248,-1,0.69401,-17.654,-43.392,0,0
1,1,44.772,20.365,-29.831,48.576,48.62,-2.02,35.662,0.59784,0.72997,0.44303,0.81152,-33.601,0.87493,-41.709,-44.704,-0.12611,-33.144,-0.28739,0.79617,-0.46635,5.772,-24.432,0.53805,21.847,0.39951,-0.71844,0.25835,-0.72369,0.11218,-0.71475,-0.05525,-10.783,-0.19904
1,1,0,0.97714,0.19049,-21.146,0.46259,0.71771,0.58732,0.47968,-4.917,-3.2,42.558,0.10289,47.944,-0.13254,0.84290,-0.32020,29.981,-14.675,-13.236,-0.68274,0.49508,-20.464,17.758,-0.85376,-29.4,-39.694,-0.01358,-0.82366,-0.19321,-5.699,-47.051,-40.692,-0.49700
0,22.919,48.609,-1,47.905,-33.157,-11.219,0.50814,-19.175,-45.654,0.32899,-1,21.695,0,-43.609,0,0,1,-0.26710,0.36482,5.578,-35.277,-1,-1,-1,-16.146,23.059,31.73,-1,46.335,-1,1,-1,0,0
1,1,0,-16.73,0.04974,-1.744,0.02543,0.78575,-15.656,0.66230,47.024,-17.647,0.31152,-26.444,0.07348,0.74695,0.08442,6.753,-0.07853,0.63613,0,22.452,28.035,0.68183,40.12,0.67016,0.15445,3.176,-47.213,-41.514,8.401,0.59759,2.527,0.57455,0.15114
0,1,-14.641,1,-1,0,-14.904,11.069,11.222,0.80882,0.55147,-7.815,-0.94853,-20.279,-21.852,0,0,0.72059,-0.77206,0.73529,-0.60294,0,0,-45.936,-23.245,-1.97,44.99,-50.627,-1,1,-13.837,1,1.152,-45.484,0
1,10.334,0,1,-4.884,0.96215,38.498,1,-20.133,1,-0.05071,0.99026,-0.07092,-16.184,-0.09002,-26.826,-0.15727,-21.49,29.169,0.98310,-15.651,1,-47.254,1,-0.19272,0.98971,-0.22083,0.96490,-34.815,47.128,-34.782,0.617,-0.22561,-4.969,-0.23296
0,0,0,-38.448,35.664,-0.282,0,0,0,-6.412,23.388,0,0,10.403,-1.387,6.346,24.507,0,-4.678,0,-34.66,0,0,-22.056,0,0,28.643,1,-1,-6.914,0,0,0,7.124,0
1,-41.867,0,0.95704,-0.12095,0.63318,-0.12690,23.141,-0.18242,0.97026,25.577,0.92003,-0.01124,1.26,22.348,1,-0.31395,-14.122,-0.21216,15.247,7.751,-11.803,33.47,-48.958,-48.723,1,-0.19233,-48.141,-0.31565,-8.837,-0.23728,0.89095,44.271,0.69531,-0.41573
0,1,0,22.918,-19.408,-9.113,0,31.519,5.226,0.30682,21.76,0.64394,0.06439,-1.413,-0.84848,0,0,0.59091,-0.35985,0.45076,-40.992,0,0,-20.099,14.609,23.486,0.17803,-17.641,-0.23864,0.06061,38.82,-23.715,-0.70076,15.542,0
1,1,-17.525,0.94490,-32.558,1,-0.03692,0.287,41.475,0.90083,34.326,1,-26.757,13.492,-0.12493,1,-0.15017,30.298,-0.17681,1,8.2,2.182,-0.23452,1,25.555,29.774,-0.29852,10.666,-0.33304,1,-0.36931,1,-29.441,-41.807,-0.44739
0,1,0,0,0,-13.306,0.577,0,0,0,4.503,0.62195,-5.166,24.318,-34.768,-6.607,-30.539,0.36585,-0.71951,-15.473,26.494,0,0,-21.251,-30.509,27.971,0,-45.718,0.10976,0,0,0,13.19,0,0
1,-4.63,0,11.961,0.00526,0.84082,-35.003,0.88237,-0.16431,0.99061,-0.06257,38.6,-0.07496,-43.85,-21.809,0.87161,-0.20848,0.93881,39.65,0.98298,9.878,22.557,0.00075,0.87836,41.745,-44.027,-0.19872,-26.104,-11.456,0.94294,-21.061,38.13,-0.25741,0.76586,-0.27794
0,1,48.33,36.642,0.10811,15.081,23.249,0,48.309,0.54730,0.82432,0.31081,1,27.48,0,0,13.151,0.37162,-33.182,0.33108,14.886,0,0,29.4,49.086,-0.42568,-1,1,41.217,-14.891,19.425,44.638,0,0,0
1,-40.284,6.152,1,-0.57224,43.741,-0.73371,23.87,-0.97450,20.981,26.715,16.753,-0.23229,37.57,-0.86402,1,-0.57535,1.047,-0.79603,39.383,-19.276,0.96601,-1,-7.186,-0.74896,0.61946,-0.76904,0.53777,-43.215,0.81020,-22.891,1,10.944,0.30445,-0.76112
0,1,14.411,0.65909,-0.62879,-30.96,10.69,0,0,0.77273,19.916,1,-45.699,0,-16.227,3.289,0,-2.56,-9.029,0.84091,-1,1,-43.182,0,0,0.203,0,-39.358,-0.93939,-0.12879,-0.93182,0,-16.632,37.476,10.41
1,-35.381,-22.159,0.86284,0.19310,0.80920,-15.91,0.67203,0.55785,-3.394,14.878,-35.519,0.81533,32.058,0.85671,-46.331,10.901,-0.17241,0.75785,-0.34100,0.65747,-0.48199,0.56092,-0.60230,0.40996,38.481,0.25747,-0.63038,-45.939,8.242,26.842,16.345,-0.19923,26.46,-0.31954
0,1,0,0.42000,-0.61000,3.993,0,50.994,-42.799,0.90000,1,0.43000,0.64000,-40.496,0,-44.512,0,43.815,21.341,0.84000,-1,-13.226,-10.129,-28.789,0,-29.475,13.623,1,0.22000,-42.823,-13.11,0,0,-42.152,0
1,1,-24.122,1,-46.759,0.91404,0.52013,0.78020,0.72144,-47.954,-41.311,0.27639,-20.605,0.09467,0.88248,-0.21980,-40.729,-0.34168,0.75517,18.359,0.64527,-0.64527,8.083,-0.74102,-43.93,-28.566,23.457,-0.71731,-14.722,-0.64962,37.342,-0.51251,-0.44505,-16.231,30.867
0,18.163,0,0.91353,0.81586,-15.695,10.059,-49.632,0.55735,0.05405,9.746,-0.18599,-19.53,44.493,-0.08970,0.01401,-0.03403,48.547,-0.00537,0.00342,-9.027,0.00048,0.00075,-0.00003,-42.42,47.798,0.00002,-0.00001,-29.01,0,-32.796,-21.282,43.206,0,0
1,-40.842,0,-24.226,29.186,0.33333,37.579,0.19048,0.19048,0.23810,0.09524,29.725,0.02381,0.30952,-28.931,0.30952,13.407,-19.701,-2.182,0.33333,42.253,9.582,0,0.21429,-0.11905,0.35714,-25.727,0.22109,22.02,0.19048,0,29.533,-37.717,0.14694,-0.01877
0,-30.92,0,18.011,-0.14754,1,0.04918,0.57377,-0.01639,-25.855,-13.185,0.85246,33.422,0.72131,0,13.022,30.103,7.728,-0.14754,50.229,-0.17176,0.67213,0.03279,1,39.922,0.31148,-0.34426,0.52385,36.903,0.32787,-0.525,42.433,31.743,25.683,-0.06557
1,1,38.292,0.98182,-33.562,0.88627,-36.267,-41.157,0.04572,0.80000,-8.363,29.132,0.04545,-38.511,0.08436,0.77118,27.12,0.62727,30.517,33.711,35.268,0.70674,0.12608,0.68604,0.13493,0.74545,37.806,0.64581,-46.978,0.67273,0.02727,0.60715,3.667,49.4,0.17077
0,-28.913,-23.551,0.39286,0.52381,30.253,-34.903,7.411,42.811,3.582,0.01190,0.82143,0.40476,-0.67230,0.30729,-0.34797,-45.339,45.331,0.15476,37.797,0.05952,-0.51830,17.861,-26.462,-0.47594,47.938,0.70238,0.51971,1.95,0.57143,-26.03,-0.54891,-0.29915,0.25441,-0.55837
1,1,0,-36.808,-0.07111,1,13.177,1,-39.876,0.87778,-9.946,-23.103,-0.06444,1,-0.07287,20.518,-0.20000,-6.595,0.05333,0.88000,-0.03778,1.567,-4.106,23.373,25.477,0.84444,0.03556,1,-0.14162,-25.984,-32.136,-20.851,-0.15609,49.527,-0.44222
0,1,-8.868,-10.9,-37.94,23.266,44.195,0.18182,-0.67273,0.34545,19.801,0.29091,-31.539,0.29091,39.443,0.36364,-0.755,-10.083,-0.01818,0.36364,0.05455,15.275,0.49091,-27.816,0.16364,0.32727,0.16364,0.41098,6.433,0.34545,-0.05455,0.12727,30.733,35.638,-0.29091
1,1,-9.606,1,17.478,38.36,-35.111,-2.505,-0.05660,12.039,0,46.782,13.702,0.45283,0.07547,0.62264,6.278,0.98878,-0.00085,0.52830,0,3.512,-37.879,0.95190,-0.00112,-17.171,0.79245,-49.011,-0.00128,-32.907,-1,1,0.43396,5.207,-0.11321
0,1,0,0.73810,24.108,-0.76190,-20.106,0.33333,15.796,-17.31,-4.248,-7.15,0.12808,0.33333,0,-46.11,44.443,-0.38214,0.51163,33.8,0.02381,0.45238,12.922,-42.558,-0.26190,-0.57255,-0.381,0.24889,-0.51079,1,-37.16,10.834,13.109,0.26190,0.02381
1,1,0,0.43750,0.04167,0.58333,-0.10417,-32.857,0,-5.403,-36.031,-10.234,0,2.48,0.10417,0.54167,0.02083,0.43750,-0.22917,-45.682,-40.284,0.33333,29.111,11.257,0.18750,0.39583,-44.293,0.44012,-27.639,0.41667,-0.08333,3.228,-23.894,38.923,-49.689
0,1,0,17.754,22.488,20.297,-16.773,0,0,35.898,0,0.47744,47.25,-0.51504,0.45489,-19.493,-14.714,0.64662,-48.022,0,-18.873,0,-33.161,0.62030,0.20301,-1,-1,-40.555,-1,-8.304,-42.957,-11.047,0,0,0
1,1,-33.999,-31.116,-25.279,-46.239,-18.125,0.90996,21.318,0.84881,-1.412,0.90023,-5.411,0.77937,0.34328,49.395,-15.974,0.66145,0.40844,-5.101,0.59862,0.53258,0.44088,-46.182,-33.921,0.40440,0.44199,0.34374,0.43221,0.90330,-20.44,0.23405,-3.706,0.18632,0.37191
0,1,0,5.456,0.40332,0.82809,42.208,0.76001,-48.513,0.84010,-0.10984,5.986,0.07981,0.95824,-0.85727,0.91962,0.88444,0.95452,-0.05206,25.928,19.175,-39.499,-13.924,-43.681,39.598,-20.176,-0.30063,1,0.17076,0.62958,0.42677,-16.026,49.694,2.677,-28.601
1,8.864,0,-36.359,0.10129,-40.666,19.458,-39.892,0.02555,-35.383,-0.09316,12.908,-0.02716,26.558,-4.744,1,31.838,1,-37.366,0.93840,0.01557,0.97620,45.481,0.97889,-13.771,0.91567,-0.15675,0.95677,-0.06995,0.90978,8.226,-12.736,-0.10797,0.93144,-0.06888
0,1,0,0,0,22.334,0.85388,5.712,0,0.68869,-1,0.97078,41.423,-44.524,-0.59212,25.071,-38.35,-20.573,0.16391,-33.312,12.988,14.564,0,-0.18043,-1,6.616,-12.948,1,-1,-39.405,0,-30.064,0.61881,-31.288,0
1,16.944,43.497,0.96933,0.00876,1,0.00843,0.98658,-0.00763,-7.256,-7.435,28.019,-0.03510,1,-0.01271,1,5.542,1,-27.563,0.98485,-0.415,1,-0.02612,-38.525,7.87,0.96019,-0.04527,3.817,-0.03473,-6.998,-0.02478,47.154,15.156,8.908,-0.04112
0,1,-25.756,-23.66,0,22.713,-41.571,0.18919,-13.952,0,14.468,-48.246,0.07297,1,1.418,1,-26.62,1,21.375,0,0,1,-0.21081,1,-28.605,-0.048,0,0.679,-0.17568,0,-41.847,1,34.868,0.28919,-0.15676
1,1,0,-32.103,0.227,0.34146,-0.02439,-18.492,0.03466,0.19512,0.12195,7.271,0.04755,4.329,0.04878,0.29268,-41.745,18.588,0,0.31707,43.181,0.26829,-36.248,0.23698,-39.856,-31.294,8.161,0.19304,3.91,0.17410,0.05504,-23.764,0,43.533,0.07317
0,13.864,41.576,-23.288,1,1,41.305,0,0,0,-23.959,1,11.619,49.973,-1,-46.123,1,1,16.613,0,-37.804,13.158,0,1,-25.257,5.845,0,-12.012,-1,1,2.769,1,-1,0,0
1,-46.984,0,0.34694,0.20408,0.46939,-24.111,0.40816,0.20408,25.677,0.44898,-37.41,0.59184,15.528,0.55102,0,26.669,-0.06122,0.55102,-0.20408,0.55102,35.13,-16.313,-23.97,0.32653,-27.504,-4.555,28.467,-30.682,-0.59184,0.18367,-0.34694,21.489,-20.172,-0.24490
0,0.684,0,0,-9.737,1,46.245,29.652,0,0,0,1,-3.185,-32.168,-41.748,1,0.23288,1,20.683,0,0,12.977,-32.333,1,1,0,0.305,-1.421,12.557,0,0,-13.811,-1,0,-37.019
1,1,48.3,-7.012,0.38235,0.91176,0.37500,40.89,28.71,0.45588,0.77941,45.179,0.88971,-0.02206,-23.33,-22.895,26.156,3.782,0.67647,-0.5,0.47794,-0.73529,0.38235,-0.86029,0.08824,13.378,30.069,-0.67925,-0.24131,-8.397,0.177,-0.44118,-0.50735,33.292,0.709
0,1,0,-1,0.28105,0.22222,0.15033,-0.75693,31.648,-0.30719,49.747,3.783,1,8.371,27.797,-0.79085,-0.02614,-0.98039,18.033,-9.294,42.005,41.531,-0.83007,0.94118,-16.986,7.444,33.045,0.74385,0.09176,-1,-17.119,-30.2,0.02614,-37.161,-0.48241
1,1,0,0.26667,-30.097,15.732,20.65,-23.527,-0.13333,0.36667,0.11667,0.56667,0.01667,0.71667,0.08333,-18.308,-0.06667,-49.21,-26.075,0.41667,-0.01667,19.78,0.20000,0.70000,-2.75,0.25000,-33.712,0.46214,0.05439,-16.254,5.146,-43.054,0.03333,17.434,24.644
0,-13.032,-21.973,-0.26667,0.40000,-0.27303,0.12159,-34.196,-0.04444,0.06192,-0.06879,-41.729,44.797,-5.035,0.02726,47.768,-0.00166,-0.00093,-3.522,0.00470,-45.556,0.00138,0.00238,-0.00114,22.529,-0.00069,-10.107,0.00019,-0.00043,48.247,0.00005,-46.715,0.00015,35.157,-29.578
1,1,22.108,1,-40.471,0.64865,0.29730,-16.498,23.412,-37.996,41.821,1,-0.27027,0.51351,0,0.62162,-0.05405,0.32432,46.789,0.71833,-0.17666,0.62162,-46.206,-18.933,0.13514,0.35135,17.125,0.61031,28.843,-13.569,21.688,0.72973,-33.751,0.51351,-6.003
0,1,-43.609,0.94531,-0.03516,-37.248,-18.722,-1,47.319,49.582,0.01172,9.16,-0.01953,-1,0.16406,-12.219,-42.175,3.333,-0.03516,0.92188,32.703,-48.342,0.11719,26.988,0.34766,49.862,-0.00391,0.82041,0.13758,7.116,-18.392,-1,-0.18750,-1,-0.34375
1,1,-27.203,0.95202,-20.256,0.93757,-0.01272,-21.31,0.01214,-16.504,21.734,-1.565,2.539,0.95665,-15.725,0.95260,46.92,-6.401,-0.02659,7.044,0.01792,3.088,-0.04971,0.93815,-0.02370,0.97052,-0.04451,13.177,-0.01647,0.97399,0.01908,40.952,-0.03410,-45.161,0.00809
0,1,38.53,1,10.235,-13.641,-1,0.5,-0.11111,0.36111,-0.22222,47.182,-0.25712,0.16667,-12.948,46.99,-22.198,1,-0.38853,-44.484,-15.333,0,-0.25000,0.03,-0.50333,0.652,-0.27778,-16.176,28.741,1,-49.905,1,-0.63156,-26.826,-0.65935
1,1,0,0.31034,-34.764,-6.171,-0.10345,-22.283,-0.06897,-5.765,-15.588,-4.864,-0.03689,-6.897,-0.02383,-34.603,-0.01482,-47.066,9.325,0.00078,-20.103,35.664,-0.00299,-0.00028,-0.00166,-22.057,-0.00090,-34.613,-0.00048,-0.00018,-0.283,-0.00012,-0.00012,-0.00008,-0.00006
0,1,-1.387,0.62745,-0.07843,-37.722,10.403,25.115,-0.07843,0.62745,-0.11765,26.178,7.007,24.055,28.506,0.64706,22.08,0.54902,-0.11765,0.54902,-0.21569,-14.527,-0.19608,0.66667,-0.23529,0.45098,0.169,0.52409,-0.24668,8.53,-0.31373,6.777,22.379,-4.207,-0.27451
1,1,0,-42.617,20.969,23.101,0.26667,0.19036,0.23966,-40.108,0.19939,14.271,-12.654,33.718,-9.549,-0.03685,0.06317,-0.03766,0.03458,-0.03230,-48.313,-19.114,30.841,-0.01726,-1.764,-0.01097,-0.00539,-0.00621,-0.00586,44.586,-0.00520,-49.029,-49.894,0.00025,-0.00291
0,1,23.244,-0.65625,0.15625,-32.002,9.666,0,0.06250,6.851,0.06250,-18.453,0,-0.03125,0.09375,15.604,0,0.15625,39.148,0.43750,-9.488,0,8.311,-26.656,0,0.03125,-0.46875,-23.847,0,-0.71875,-0.671,-0.03125,-20.099,14.609,42.439
1,1,-17.525,5.503,1.171,-29.509,-30.566,1,-0.06486,0.95135,-21.267,0.98919,-46.75,0.98919,25.907,1,-0.06486,0.95135,0.09189,0.97838,-42.813,1,29.363,1,0.04324,34.635,-28.941,29.76,0.01251,28.494,-0.03243,1,12.519,1,-0.07027
0,-33.768,0,0.85271,0.05426,-12.306,0.658,1,1,38.55,-0.00775,-43.865,0.03876,1,0.27153,1,1,0.81395,28.017,0.90698,13.306,-5.607,0.50670,25.318,-1,38.134,0.03876,-19.896,0.71613,-15.189,39.849,22.659,0.87317,-5.166,1
1,1,0,0.90374,9.952,1,0.08021,1,0.01604,30.331,-11.273,0.93583,-0.01604,42.804,10.967,1,0.06417,1,42.265,37.455,0.04278,-14.477,0.02139,0.98930,23.233,-20.876,-26.926,-4.661,0.04452,-34.013,-32.171,-43.961,0.09091,0.97861,0.06417
0,1,0,-0.20500,49.373,44.868,27.58,0.28250,48.648,16.075,6.502,0.36285,-0.34617,0.09250,0.27500,-41.379,-42.225,-0.08750,13.386,-0.34187,0.31408,-0.433,-0.08000,48.608,0.33176,-0.58000,-0.24000,16.208,19.376,42.28,0.18500,-0.27104,-0.31228,15.486,0.03050
1,1,0,-7.287,27.106,15.044,0.06667,0.70000,0.06667,-8.101,0,20.614,0.203,11.21,0,0.73333,0,0.70000,-45.318,0.66667,-21.791,-17.653,36.908,0.76667,0,0.63333,0.13333,0.65932,38.717,12.544,0.13333,-41.582,0.16667,23.608,0.16667
0,1,3.289,-40.299,-3.189,-16.565,0.00838,0,8.803,0.00559,-0.03911,10.706,26.813,-30.966,18.969,0.06425,-0.03352,0,0.09497,-0.06425,-46.215,-0.04749,-16.297,0.02793,-0.00559,0.00838,0.00559,0.10335,37.468,-16.196,-35.889,0.04469,0,26.968,-0.03352
1,1,49.994,0.94653,0.28713,14.903,0.67248,-42.347,0.82455,0.01267,-45.136,-0.24871,0.84475,16.417,0.56079,31.103,0.41743,-37.046,-13.154,38.419,-0.19525,-0.52475,-4.38,9.729,-0.55089,-0.04119,-0.64792,-21.999,-30.249,0.36752,-10.548,0.46059,42.92,0.50376,-0.05980
0,1,0,0.05460,-42.139,-0.02586,0.04598,0.01437,-40.45,-44.59,-44.213,18.89,-0.06609,21.594,-42.108,-28.873,-0.04598,12.848,-27.777,-0.04023,-41.747,-13.09,0.02299,-0.03736,23.41,0.03161,-0.00862,0.00862,-48.413,0.02586,0.01149,0.02586,0.01149,3.947,-0.00575
1,1,0,-20.558,43.195,0.79704,-15.846,-31.996,0.00197,0.79015,0.01084,0.78424,-0.00985,-13.769,-41.611,-46.142,0.01675,0.80099,-49.245,0.79113,31.371,9.818,7.671,38.372,-24.067,-41.694,-0.01478,0.78041,0.00612,0.74089,-21.572,0.82956,0.02956,0.79015,0.00788
0,1,29.282,0.03852,0.02568,-14.96,44.525,0.01997,-19.448,9.47,-2.113,-0.04850,-9.041,0.01427,29.34,0,37.474,-0.04708,-41.871,-0.01712,17.199,0.02140,0.00428,0.05136,48.514,0.05136,0.01854,0.03994,0.01569,-28.99,-24.434,-0.02568,-0.01854,-0.01427,47.818
1,1,-19.987,0.47090,0.22751,0.42328,0.33598,42.41,0.47619,0.01852,0.49471,22.022,0.53968,28.979,40.529,-0.41270,13.78,-29.399,37.175,-27.011,25.074,-0.14815,-0.14550,16.863,8.892,-0.23280,-37.694,0.03574,-0.31739,-25.521,-0.21693,0.24868,41.962,0.26720,0.04233
0,1,12.333,0.08696,-13.194,33.594,-0.04119,0.10526,-36.381,7.657,-0.554,0.23341,48.8,27.148,0.07780,0.14645,-0.13501,-31.629,-0.04805,0.18993,0.07323,-47.012,0,49.685,-39.307,30.418,-0.10297,0.08467,0.01373,32.298,-0.06636,-8.266,-0.07323,0.11670,-0.06865
1,31.262,0,33.973,0.38574,38.775,29.086,0.21572,0.77514,-0.55941,0.64899,2.179,0.42048,-0.76051,47.617,-0.62706,-0.31079,3.118,-0.62157,37.451,-34.255,-41.52,-0.63620,0.71481,-0.37660,0.73857,-0.05484,35.742,0.30384,0.45521,-25.38,-23.524,-34.472,-0.21572,-29.408
0,1,0,0.01975,-7.457,37.29,-31.998,0.02116,44.878,0.01128,0.04372,0.00282,0.00141,0.01975,-37.708,-39.827,31.102,7.537,0.02680,43.55,17.407,0.04372,-0.02539,0.01834,-26.807,-23.938,1.549,-26.405,-0.01128,-44.696,-0.01551,-0.01693,-0.02398,0.00705,0
1,1,0.567,0.85736,0.00075,26.483,31.04,23.148,-0.04182,0.84317,0.09037,0.86258,0.11949,0.88051,-28.495,0.78342,0.03510,0.83719,-10.016,0.83570,48.385,0.88125,-3.979,0.90515,-8.846,-9.486,-0.01942,20.341,-0.03678,14.083,-0.401,0.73936,-21.87,20.629,-0.09186
0,1,13.702,-30.484,44.782,1,1,10.417,1,40.152,-1,1,-1,34.347,-1,-12.336,7.504,1,-36.813,1,1,-1,45.34,23.684,-1,7.335,-1,5.773,16.148,1,1,-1,-48.933,-1,1
1,1,-18.171,19.254,0.39252,0.38887,0.76432,0.08858,0.98903,-0.42625,0.88744,-36.628,-45.896,-34.781,0.10768,-38.813,-0.31044,43.855,-3.549,-0.19260,15.078,0.28444,-0.80496,-36.514,-9.958,0.77814,-0.23324,0.71698,0.21343,0.37830,3.566,-6.28,-42.061,-0.11215,38.009
0,1,0,1,1,-45.036,23.787,13.782,-1,-16.762,-3.105,0.02500,0.03125,3.644,12.501,33.561,0,0.721,37.59,-18.868,-22.582,1,-39.055,0.31250,1,1,1,1,30.028,1,1,-0.94375,1,0,12.874
1,1,0,21.297,0.54902,0.62745,1,0.01961,3.188,10.517,0.92157,-0.82353,-5.148,-28.538,-10.929,-34.214,-11.046,-44.753,47.455,-17.008,-0.86275,17.107,34.898,0.74510,-50.352,0.92157,-0.21569,0.92874,0.21876,0.72549,-35.399,0.23529,0.90196,-0.11765,0.90196
0,1,0,0,0,-1,-1,-1,-42.957,-18.873,0,-1,-33.366,1,-17.538,1,-10.304,0,-49.022,-0.913,-16.354,-1,-1,-1,1,1,0.43750,-24.345,-1,-6.056,-41.555,-15.999,20.488,-33.068,-32.161
1,1,0,0.44444,5.457,0.53695,-19.554,-34.221,1,-21.774,0.88889,-48.175,0.33333,-1,48.561,20.127,-0.22222,-18.922,-0.77778,-16.348,-1,-0.22222,-0.77778,0.77778,-0.22222,0.33333,18.993,-5.103,-28.839,0.57454,0.84353,-48.998,-3.102,-47.206,1
0,0,0,0,-13.718,-40.484,0,-41.666,0,0,0,25.041,40.455,0,0,-44.548,0,0,0,48.884,-13.228,0,7.864,-13.736,8.213,0,0,1,1.857,-37.317,0,4.857,0,41.403,0
1,1,0,12.918,5.712,1,19.477,0.5,-4.213,32.642,-37.314,0.91201,0.12094,0.89067,0.14210,0.86922,-33.149,0.75000,0.25000,23.421,0.5,0.75000,0,-43.264,45.324,0.5,0.50000,-40.136,0.26388,-35.603,25.828,0.69635,0.29074,-12.273,-29.806
0,0,0,13.564,26.373,8.918,7.616,0,0,1,-1,1,-1,1,-1,-40.005,-40.405,-21.515,0,14.194,-32.288,0,0,0,12.988,-1,-28.552,42.109,-40.525,1,1,-1,-1,-7.407,-7.969
1,1,0,1,46.154,1,0,0.66667,27.131,1,-0.11111,44.386,-0.11111,1,2.603,0.77778,1.618,0.77778,0,1,21.378,8.702,-0.11111,6.234,-14.009,0.66667,0,0.90347,-28.242,0.585,-8.124,22.613,-0.11111,16.944,35.128
0,-49.178,0,0,0,0,-41.745,-0.321,-36.37,0,0,-23.66,-39.914,-1,-1.048,8.063,0,-40.847,0.75000,43.108,0,-25.756,14.468,-42.344,1,-19.019,0,1,-1,-1,-1,-25.69,1,0,0
1,14.158,4.11,1,-37.349,7.838,-0.45455,13.864,0.09091,1,-0.09091,1.213,0,1,-31.786,1,-24.141,44.362,-32.654,4.854,0,6.845,48.609,1,0.09091,1,-0.09091,1,-0.04914,1,0.45455,1,-24.561,1,18.04
0,1,0,2.391,-24.321,26.159,-23.959,0,0,41.921,-4.492,-16.334,0.39394,-13.088,0.51894,0.36364,0.31439,-0.53788,0.32955,-47.002,-0.14773,0.01894,-27.426,-0.57576,0.17803,0.29167,-0.27273,0.25758,34.84,11.051,-24.737,0.18182,42.282,17.783,-0.41667
1,1,0,-36.019,-19.789,1,0.23529,1,0.41176,14.557,-37.658,-32.168,0.23529,29.933,25.325,1,0.47059,48.245,-0.05882,22.489,-0.11765,1,0.35294,13.977,-30.42,1,-0.11765,16.406,0.508,1,0.05882,-23.356,0.35294,-46.984,0.23529
0,1,-32.333,-2.421,0,-1,29.024,1.603,0.51064,21.762,-0.23404,-1,-15.173,4.285,-0.59043,1,-8.909,-0.316,44.988,-40.665,-0.07979,-0.25000,1,-9.567,-0.70745,0,-4.185,1.083,-0.46809,33.356,-0.48936,0.74468,0.90426,-0.67553,0.45745
1,1,0,-23.273,0.29167,0.83333,27.867,0.70833,0.25000,0.87500,-0.08333,31.111,-22.647,10.022,27.582,0.70833,0,-6.971,25.374,15.121,0.08333,-15.378,18.78,40.898,8.611,0.83333,-0.12500,0.83796,0.05503,1,49.243,0.70833,0,49.008,0.04167
0,1,0,0.18590,-17.338,33.476,41.576,0,24.694,0,0,0,42.547,0.11538,4.592,0,0,-30.383,32.358,0,0,0,15.198,-0.05128,-49.809,-16.576,-36.669,0.17308,-0.10897,-8.568,0.09615,17.042,-0.04808,-43.352,0.19551
1,1,0,1,-0.08183,23.528,47.67,0.99246,-45.853,-32.845,-0.33075,0.96662,-0.34281,0.85788,-24.333,45.691,-0.48170,-25.545,-0.65224,-29.316,-0.63544,5.937,19.866,0.58829,-0.74785,0.67033,18.5,0.48757,34.3,-2.371,-0.83893,-18.767,-0.88846,-41.482,-0.89621
0,1,-5.026,-4.759,-33.018,-15.032,1,-1,-47.539,-29.232,0.21053,-13.693,0.07018,0.22807,-19.633,0.35088,41.978,0.72807,-40.133,0.22807,0.53070,-3.514,0,-0.29825,-0.16228,1,-0.66667,30.064,47.246,1,-10.352,0.35088,0.20175,-21.144,0.07895
1,-37.861,-46.26,7.213,0.24077,22.917,22.112,0.80244,46.704,0.89919,-0.23486,0.70643,-18.631,48.073,-0.30539,18.137,-33.517,0.47194,-0.61189,-10.815,48.059,0.61041,48.512,0.53176,-17.473,0.23966,-0.52142,0.29208,-0.48390,0.12777,-0.39143,0.15657,-0.51329,23.839,-0.46603
0,0,-43.609,-1,33.73,-17.325,-1,8.226,-42.172,0,2.38,1,-1,-46.35,7.046,0,-36.248,1,-1,27.922,0,39.998,0,47.924,1,-1,1,-16.471,-1,-1,22.752,-1,-28.203,0,0
1,1,0,0.92247,-0.19448,0.96419,-15.871,-11.966,-0.22602,0.81702,-0.27070,0.79271,-0.28909,0.70302,-0.49639,0.63338,-0.49967,-0.597,-8.103,-45.849,-0.72109,0.40506,-15.182,0.33509,1.937,-22.098,11.579,46.083,-20.875,-0.07162,-15.453,2.133,-3.075,-45.558,-0.47898
0,-29.364,-49.627,-1,-1,-0.50694,11.29,1,38.434,4.415,0.53819,-0.289,0,0.23958,-1,1,1,0,-26.163,0.333,-16.176,1,1,12.562,-24.899,-0.71528,-20.852,-36.856,-1,1,-18.517,-2.367,-1,0.47569,1
1,1,0,0.84177,-23.391,0.5,46.664,0.09916,0.93460,22.322,25.046,-0.72363,-0.337,-41.379,0.19409,-17.83,-0.25527,-0.62869,-0.65612,-0.25105,-13.067,-40.966,12.856,-40.065,-0.66878,0.74895,4.081,0.77937,0.07933,31.807,-20.198,-2.285,0.62447,-0.00422,0.69409
0,1,-23.213,18.412,1,0,0,15.949,-1,-1,17.021,45.379,1,-24.123,-38.564,0,0,1,-1,1,1,-1.942,-7.04,-15.798,-1,-1,-16.76,1,1,-1,-37.77,-4.338,-8.381,20.748,0
1,1,0,1,0.63548,1,-48.517,20.038,1,-0.33333,1,46.545,1,-16.602,1,-1,1,30.601,38.923,5.648,-41.655,-1,48.35,-1,-0.33333,-47.895,-45.101,0.19235,40.942,1,25.894,18.935,26.834,1,-0.66667
0,0,-9.972,-1,24.724,-1,-1,0,0,-1,47.138,49.19,-1,-1,22.165,-16.844,1,42.707,0,-43.279,-1,-27.849,-35.582,-11.143,0,1,-1,1,-24.624,-1.544,21.429,40.903,1,0,0
1,1,-34.11,-12.073,0.06843,-44.753,0.14211,1,0.22108,1,43.293,1,0.39495,40.51,6.671,32.735,0.58986,-0.37500,1,1,7.111,11.422,0.92001,48.663,-27.458,16.549,1,1,-33.096,1,0.25000,39.997,49.475,1,1
0,0,-7.603,-1,-1,-20.178,0,0,0,30.234,0,48.076,0,0,0,1,47.591,-27.089,0,-1,39.067,23.453,0,1,40.639,35.43,-8.255,-18.107,-50.331,0,0,26.545,0,26.59,0
1,44.505,-41.921,0.64947,23.875,0.58264,-0.14380,-0.13129,-0.21384,-16.084,39.223,0.38096,-5.4,0.28931,-28.668,10.996,-0.18947,0.20269,-34.657,0.15196,-0.29052,0.09513,-12.433,5.302,-0.26795,-29.338,-0.25124,23.688,-0.23210,-0.02612,-0.21129,5.19,30.403,0.01336,-0.27201
0,1,8.09,0,6.706,0,-44.125,0,20.123,0,0,36.58,-0.33333,39.733,0.26042,-31.658,5.037,0,16.148,0,0,-42.175,-11.135,-17.909,4.832,8.687,0.5,0.04167,0.75000,-0.22917,-1,-0.12500,-0.27083,27.88,-0.93750
1,1,0,1,-41.551,10.575,-22.778,0.96142,30.336,-1.531,-0.26496,0.66026,0.54701,7.588,0.25283,0.73781,14.916,0.66775,0.28714,-45.674,49.58,-34.837,24.892,0.45582,0.28476,-43.389,34.349,-43.567,0.25553,0.27381,0.23568,0.22427,-23.524,0.18086,0.19083
0,1,40.65,1,-46.974,-1,-1,-1,-15.918,1,0.31746,23.967,0.76190,-31.545,-1,5.262,9.849,0.47364,0.926,-3.234,-3.57,36.054,-1,23.707,-1,-20.769,25.396,1,1,1,0.50794,3.705,-0.32540,-1,0.72831
1,1,-36.324,0.93669,-0.00190,0.60761,0.43204,-30.458,-0.40129,0.93123,0.16828,40.5,-7.693,0.99676,0.08172,20.896,-2.45,0.84628,11.572,0.87379,-39.854,0.84871,-28.524,0.75081,-0.03641,0.84547,-31.108,0.87293,8.939,7.379,0.09385,17.664,-12.328,40.502,-0.14725
0,1,44.719,1,-1,1,-26.02,26.159,-2.637,-45.765,-0.5,1,-45.427,46.974,-35.345,20.61,-6.921,0,0,1,1,1,1,33.385,-1,1,26.039,25.589,39.851,1,-0.75000,-0.75000,-26.369,1,1
1,1,7.661,1,-30.332,1,-0.78509,1,-0.10401,13.962,21.932,1,10.355,0.98120,42.155,1,0.06610,21.528,-5.184,0.83584,14.495,0.97400,0.03728,15.11,47.317,46.383,-0.01253,0.96238,18.431,0.91165,10.622,1,-9.879,0.96523,-0.11717
0,-38.182,-6.608,0.36876,-1,-1,-1,-13.795,34.849,1,0.95041,0.74597,-5.177,-1,-0.79313,-0.09677,1,0.48684,24.322,5.75,-0.27461,-0.14343,47.22,-0.11976,-13.933,7.369,49.721,16.363,-0.01186,42.286,-0.01672,2.192,-42.099,0.00015,0.00325
1,1,-33.195,-42.508,-46.993,0.80804,-0.16964,1,-0.07653,0.98151,-6.802,26.954,18.872,32.876,0.02105,0.98214,0.02487,1,-0.13074,50.92,30.83,1,-17.484,33.096,0.30804,1,-34.335,1,11.918,0.75638,0.07908,1,-0.18750,24.574,-21.47
0,0,-49.626,0,-22.112,0,21.322,38.787,0,15.811,0,-37.07,0,1,18.552,1,1,1,-1,0,0,30.043,1,6.922,-14.929,-47.037,-24.512,37.739,0,1,49.651,1,-36.68,0,0
1,1,0,-18.354,-0.28428,1,-1.718,21.807,-0.35094,-42.125,-0.30566,0.92736,-0.49057,0.90818,-36.498,0.75723,-0.58899,30.711,33.868,-45.721,27.55,0.68459,-33.604,0.54465,-0.87327,0.49214,4.014,35.368,-0.76054,9.802,-2.678,47.915,-0.73145,0.13994,-0.70000
0,1,-44.955,24.294,0,33.814,-11.775,0,32.974,-0.85000,-1,0,0,48.536,-1,-3.867,0,-1,-48.944,21.364,-1,-17.114,6.856,-0.60000,40.141,1,12.121,-1,20.771,1,-1,0,1,-42.295,0
1,1,0,50.66,17.066,0.95455,-0.09091,0.77273,0,49.202,27.317,-43.358,0,1,0.04545,-37.808,-0.04545,29.315,-23.499,1,0,0.86364,0.09091,0.77273,0.09091,0.90909,-23.333,24.322,1.034,-33.032,-13.211,21.202,-27.763,0.86364,0.04545
0,0,0,0,-15.983,-10.949,40.242,1,1,-1,-1,0,-39.307,-1,-50.258,-1,-0.31250,-27.581,36.113,1,-1,1,-1,24.289,-1.789,1,-15.239,-1,25.422,-27.975,-35.019,-9.237,-1,0,-42.159
1,1,-32.814,0.91176,-0.08824,-0.979,0.17647,0.82353,1.811,0.91176,27.55,-22.65,-0.17647,0.97059,0.14706,44.306,0.02941,1,0,1,0,5.15,0.11765,-32.192,2.132,-45.164,-35.936,0.92663,0.02600,-36.382,-0.11765,0.97059,-48.599,-8.082,7.661
0,1,-18.695,-1,1,-1,0.15244,0.28354,28.953,-1,-44.445,-1,38.213,1,-24.588,-17.163,-0.23476,-47.76,-1,20.026,1,-0.31402,-1,42.377,9.186,1,3.16,44.82,37.37,1,-6.613,-1,35.229,0.14939,1
1,1,-34.378,-40.218,-0.10526,0.83781,33.071,27.245,0.02615,-21.845,-0.05263,35.716,0,0.79856,0.05028,-44.308,-21.35,0.84211,0.47368,20.313,0.05263,0.72550,0.07631,-6.391,-45.892,-3.761,0.21053,0.65419,-42.407,0.52632,-0.21053,38.45,4.365,0.57418,0.09719
0,1,0,-23.951,-0.5,-21.662,0,17.572,1,33.896,0,0,-7.707,0,-2.602,14.811,38.347,0,0,33.019,25.006,-0.35256,-17.79,-34.405,-0.80769,-34.038,0,-0.61538,-0.51282,21.878,0,0,-36.543,0,0
1,1.789,-46.486,-1.118,-15.925,1,0.54545,0.81818,0.63636,-23.931,-44.529,1,0,0.81818,0.898,0.63636,0.27273,1,30.935,1,-0.27273,-20.779,32.074,18.419,-10.356,1,-0.09091,1,0.08867,-0.226,0.36364,-30.32,0.63636,17.891,0.27273
0,0,-3.111,-1,-1,14.378,-1,-1,1,0,0,43.075,-1,1,40.954,-0.853,0,-18.678,0,-49.025,0,45.728,45.384,39.704,-1,-8.031,-7.404,1,48.25,0,49.782,1,0.5,20.29,0
1,1,0,0.45455,-42.205,0.63636,0.09091,0.27273,0.18182,31.823,0,44.699,-26.633,0.45455,-48.454,0.48612,-26.601,0.63636,-44.503,0.45455,0,0.36364,-12.021,17.459,30.51,0.36364,25.191,-34.599,-16.462,0.27273,-2.394,0.36364,-3.688,0.28985,-0.01832
0,1,0,-17.357,-0.59677,0,0,-1,-32.437,-0.87097,14.332,0,0,28.153,0,-44.76,0,29.67,4.933,0,-10.306,-1,20.977,18.942,0,0.29839,-29.394,29.411,-45.827,0,0,-49.944,0,38.434,0
1,-16.167,-46.91,18.314,0.14286,-27.431,25.258,1,0.71429,1,15.594,2.64,-0.14286,-12.001,0.02534,1,24.534,0.42857,-0.14286,1,-24.103,-19.291,-0.28571,1,0,0.28571,38.053,1,0.04891,-21.979,30.91,-6.761,0.57143,1,0
0,0,-31.572,1,-32.56,1,-1.894,-23.925,-19.199,1,32.926,1,1,1,20.596,49.711,1,25.686,-1,1,-1,1,1,-4.058,-28.046,1,-1,1,-41.617,1,45.233,-18.184,-29.878,1,1
1,17.14,0,27.985,0.46972,36.301,0.82161,0.10380,-39.289,-0.38033,-14.658,-42.893,0.58226,33.213,0.16731,-0.82417,-0.24942,-0.59383,-0.63342,-16.324,-0.82881,18.6,45.593,15.019,-0.57430,0.69274,-0.24843,3.573,-32.216,32.552,0.39762,0.25974,-15.614,-0.06739,0.57552
0,0,7.996,-3.838,42.001,19.87,-48.232,-25.874,-32.718,1,-15.159,1,-1,1,-1,-33.111,-1,1,1,1,-34.277,1,1,-34.347,18.194,1,1,26.912,-38.555,-3.519,1,1,1,1,-1
1,1,-35.321,0.92657,0.04174,-0.818,0.15766,0.86098,0.19791,0.83675,-6.606,44.914,9.918,0.76221,-26.543,0.66586,0.48360,28.376,0.51752,0.53392,-20.427,0.48435,34.577,26.51,12.257,10.255,3.016,0.26978,0.54214,0.22307,-46.177,0.14312,-24.758,0.11573,0.46571
0,8.053,28.861,1,1,9.017,-3.816,1,-1,2.472,1,0,-49.123,1,-1,16.36,41.754,-38.863,0,0,-33.958,45.447,1,-18.313,22.427,0,0,1,1,12.655,0,-1,-1,32.104,0
1,1,0,0.93537,-12.272,0.93716,0.25359,-22.063,0.38779,0.79039,-21.459,0.72352,-3.962,0.65260,0.75000,-31.946,40.117,0.41629,-39.361,-35.585,3.812,6.992,-31.426,0.00494,24.207,-0.07361,0.79780,35.263,0.78004,-0.33169,0.71454,8.576,0.64363,-2.025,0.55835
0,0,0,-23.241,9.222,14.35,3.465,-1,1,1,1,-1.466,1,-1,-3.489,-1,37.708,1,1,1,-1,-36.246,39.926,19.401,-1,-29.2,31.984,-25.506,-1,-0.311,-1,-1,21.804,-1,1
1,-4.621,-28.901,33.157,0.13069,-31.912,0.24323,0.64615,21.249,4.405,-1.706,43.718,0.46439,0.25000,0.57308,0.25192,0.37115,0.15215,0.51877,35.594,36.833,-0.03462,0.42885,-0.08856,20.923,-0.14943,0.40006,-0.19940,-17.149,-0.23832,0.29541,0.949,-34.528,-13.437,0.31154
0,43.978,0,14.891,-1,-16.632,1,1,-1,-5.578,1,1,-1,-16.766,1,-39.278,-1,1,-10.561,48.705,1,-17.299,1,45.01,-1,1,-32.422,1,-1,-18.702,1,37.108,29.396,8.34,1
1,1,0,0.97467,12.045,0.94120,0.20036,-44.151,0.32248,0.89009,-27.859,-20.106,-45.04,0.72298,19.822,0.69946,0.58820,0.58548,18.359,0.48869,-17.103,-12.167,-18.767,10.808,0.75622,0.26832,0.76210,0.16813,0.78541,0.07497,2.609,43.781,7.693,-12.369,0.74242
0,5.798,-29.263,-22.598,31.49,1,1,0,-17.664,1,1,0,-34.321,-10.622,-1,0,0,0,31.871,0,18.712,0,26.372,0,21.958,2.036,0,1,-1,0,-35.461,-29.546,26.016,0,0
1,1,-41.794,-40.006,41.618,0.197,0.29757,0.72582,22.006,0.70588,15.49,-31.727,0.62719,0.43270,-40.03,0.968,8.92,0.19128,-18.135,0.04686,0.76171,-0.12064,0.76969,-0.18479,0.71327,-0.29291,0.65708,-0.38798,39.238,38.966,0.50131,-18.513,0.40732,36.577,0.35095
0,0,-26.163,-20.626,0,1,25.165,1,-29.364,22.7,3.415,-37.19,-23.825,-1,-1,0,-40.58,-4.065,-1,-0.289,0,0,0,1,1,-24.899,0,-16.517,-1.599,0,12.562,-1,1,0,0
1,1,0,0.88804,0.38138,-11.551,0.69431,-1.651,0.87892,-0.06726,18.923,-0.39597,-22.408,-0.64574,0.56502,-1.778,13.99,14.159,-0.08205,43.751,-0.30942,3.904,-0.55605,-0.16449,-25.766,31.261,-41.051,-40.824,-0.48392,-16.531,-0.29838,0.47029,-0.09461,46.324,0.12556
0,0,20.748,1,25.894,1,1,1,1,7.648,1,1,-43.101,1,-8.04,1,1,-2.338,1,-8.381,-38.564,1,30.601,-37.77,-1,-15.798,16.412,1,20.266,1,-1,1,-14.76,28.834,1
1,24.165,47.545,-41.544,45.755,-15.801,0.10278,50.064,0.15266,0.55580,18.987,1,-25.412,0.71947,0.28954,0.68798,-40.659,0.49672,0.17287,-26.206,-0.02845,0.57399,42.367,-47.031,-49.068,0.94530,0.57549,0.44174,39.405,0.12473,1,43.058,0.49721,0.30588,0.49831
0,10.422,0,0,0,-2.544,23.724,-36.582,0,15.549,39.903,-15.844,0,48.19,0,-11.143,39.51,0,0,-34.096,0,0,6.182,0,0,0,0,39.997,1,0,-9.972,22.429,0,0,0
1,1,-7.255,0.94649,0.00892,-6.63,-0.00260,0.98922,39.643,49.034,-45.738,-12.132,-34.075,8.083,0.04719,0.98625,40.085,48.605,0.07135,0.98551,-0.00706,44.395,0.04980,0.96358,48.546,-27.526,31.816,0.95243,0.04356,0.97473,-27.08,0.97845,0.07061,1,-0.00260
0,5.238,0,1,49.591,29.592,-1,29.234,-1,-19.107,26.59,34.43,-41.921,-1,-21.178,0,-49.331,0,0,43.505,0,-1,1,1,1,39.179,0,1,22.453,0,0,25.545,-1,22.954,-1
1,-33.362,0,0.50466,-0.16900,0.71442,10.977,20.834,0.02258,0.68065,0.01282,-43.779,0.05594,-11.427,-29.324,-4.455,9.738,28.748,0.05692,5.671,-28.395,0.64503,0.06856,24.319,-16.308,0.84033,0.18065,0.59935,5.319,0.38228,3.994,0.56466,0.09046,0.54632,0.09346
0,1,9.582,0.68729,1,0.91973,-0.76087,-16.924,0.04348,0.76087,0.10702,40.434,-30.921,0.70067,35.762,-10.157,0.13712,0.93478,-0.25084,8.797,0.18729,7.433,0.24582,-41.375,0.77425,-34.362,-3.025,0.89262,0.22216,7.416,0.53846,-42.78,16.083,-23.173,0.23913
1,1,-22.879,-43.133,-0.07778,41.65,-0.29630,1,13.785,0.80000,25.092,0.45556,-22.026,31.189,33.951,0.926,-0.83519,25.092,-46.252,5.528,-0.05926,0.98215,-0.19938,1,9.069,0.69630,-41.867,0.92148,-0.24549,0.78889,49.307,0.87492,-0.27105,1,-0.57037
0,1,0,-7.398,0.15564,12.237,0.07393,-4.305,0.24125,0.23346,-2.368,0.19455,-30.292,-31.136,23.523,0.08949,-30.852,39.605,0.36965,24.758,0.24903,0.24903,0.09728,35.444,-14.618,-0.02494,-46.594,6.201,0.26256,-0.14786,0.14786,-0.09339,-3.922,-0.19066,0.28794
1,1,0,0.57540,-0.03175,39.978,-0.05357,0.61508,44.707,0.53968,0.03373,9.579,32.484,25.18,39.515,-35.697,-46.754,-26.312,6.42,0.60317,-28.769,0.47817,-12.254,17.472,0.03770,0.5,0.03968,20.594,-0.01237,0.61706,-0.13492,0.68849,-39.723,0.62500,-0.03175
0,1,0,0.06404,19.457,-0.04433,-46.368,46.058,-27.394,-0.01478,25.226,0.06404,45.383,0.12315,25.06,-3.578,0,0.01970,18.448,-36.473,-0.20690,-7.852,21.793,0.06897,0.02956,42.303,0.16256,0.28079,-0.04926,14.055,-0.09360,0.04433,0.05419,-4.92,-0.10837
1,1,-9.741,0.61857,0.10850,0.70694,-0.06935,8.042,49.672,0.74273,0.00224,-13.008,20.728,0.71588,-0.00224,0.79754,0.06600,43.127,9.911,47.912,14.561,11.209,-0.01342,8.271,0.11745,0.71253,-0.09508,13.66,-0.01673,0.63311,16.376,0.78859,-30.614,0.65213,47.375
0,-3.79,0,0.25316,0.35949,0,0,-0.29620,-7.728,0,0,0.07595,-6.681,33.849,0,0,5.432,31.878,-47.376,-14.002,0,0.00759,0.68101,-0.20000,0.33671,26.148,24.214,-39.127,-1,2.2,-42.1,0.06329,22.574,-17.486,0
1,1,49.964,-20.532,30.744,-48.728,-0.02465,-24.571,-43.324,0.89175,-0.12755,19.488,-0.10932,49.539,0.01179,12.829,5.785,0.87138,32.132,0.90782,-0.02358,0.87996,-0.14577,-32.366,-0.12433,22.223,-34.385,0.88245,-0.14903,0.84352,-0.12862,0.88424,-0.18542,0.91747,-48.206
0,1,17.552,16.238,34.513,-35.68,0,0,0,28.591,0.51042,0.58958,0.02083,-43.125,0,0,0,0.16458,-0.45417,39.379,-22.296,-37.07,-19.354,-13.929,0,0.98750,-0.40833,28.043,-33.894,-0.27917,35.983,0,0,9.538,0
1,1,0,0.88853,0.01631,0.92007,0.01305,-35.132,0.01359,-1.004,-0.10223,0.90103,34.364,0.93040,-11.786,5.678,-0.08918,34.674,-0.05057,21.756,-0.04024,0.88418,-0.12126,48.638,32.855,0.82980,47.394,-0.6,41.022,-3.012,-0.13051,0.83524,29.889,-45.45,-0.12235
0,1,0,0,24.294,1,-47.815,21.856,-0.02000,7.856,0,12.121,-45.38,1,0.19556,1,48.148,1,-0.81556,23.406,22.364,1,-18.154,1,-23.566,0,0,-41.295,-1,1.005,27.317,1,0.11778,17.882,-0.09556
1,1,-42.159,0.81143,20.375,-37.866,-0.00143,-15.193,28.322,0.79571,-0.04286,-12.426,0,0.85571,-27.739,-38.443,-23.496,-43.484,39.188,0.81000,-0.11857,0.76857,49.576,0.84286,-0.05000,0.77000,-0.06857,-33.17,-0.08669,0.82571,37.008,0.81429,24.239,0.82143,-0.15143
0,1,-35.019,0,0,-26.581,0,-1.789,43.365,0,26.422,27.579,-48.658,-38.324,-32.075,1,0.55172,-32.814,-14.239,-10.237,0,0,0,0,-27.975,-9.949,0,1,1,0,-49.258,0,0,0,0
1,1,4.385,8.101,2.121,0.43117,-46.113,0.50649,-45.487,-23.12,0.09610,0.44675,-1.889,0.55844,-0.11948,0.51688,35.516,-5.086,-0.05974,0.55325,-0.01039,2.209,45.787,-35.474,-0.01039,43.97,0,0.53215,-0.03280,-8.563,0.03377,0.54545,-0.05455,0.58961,-48.129
0,0,0,0,39.213,0,4.16,-18.695,0,19.026,0,35.032,-45.973,10.186,37.406,27.953,-40.692,0,0,0,-42.497,0,0,0,0,0,0,27.414,-1,0,0,-16.163,-25.588,19.313,0
1,-6.094,-34.038,1,0.5,22.878,4.519,0.25000,1,0.16851,-33.466,-0.13336,0.80454,-45.432,38.457,-4.62,0.37856,-0.43663,0.16709,-0.36676,33.06,-0.26477,-0.09025,-0.16178,14.681,-21.485,-0.12744,-0.02089,-0.10242,0.01033,-21.732,-22.507,-0.04142,-34.036,24.056
0,39.347,0,-7.707,-18.533,0,33.896,-35.543,-45.486,-1,-1,0,0,-1.118,1.241,0,0,0,0,-1,1,1,1,1,31.705,0,-31.32,-1.602,-1,-16.379,0,17.591,-44.438,1,-22.945
1,0.147,42.075,50.653,-21.308,17.805,0.69212,0.31347,0.86625,-10.473,0.90740,46.828,33.322,-49.731,17.934,-0.81049,0.22735,-0.81136,0.663,-0.67474,-0.38102,-0.38334,-9.032,-0.13013,-0.70762,0.15552,-0.66421,0.38544,-0.51568,-24.405,31.273,0.56239,-1.285,0.51460,0.16645
0,-10.93,0,0,0,0,0,30.328,41.954,-1,32.187,-44.321,20.29,45.384,0.37333,13.258,-0.12000,-48.363,-7.031,-1,-19.678,0,0,1,37.704,-3.111,0,1,0.22667,0,0,-2.394,46.728,0,0
1,1,0,0.88179,25.717,13.927,-41.52,22.173,-25.642,-0.24103,0.92544,-33.708,0.71257,-17.221,0.33652,-0.92384,-0.05338,43.561,-4.135,-0.46950,-0.73285,-26.644,-0.82217,0.26384,-0.77570,-44.2,29.111,-34.222,-0.24433,0.72478,0.09599,0.58137,0.38915,17.533,-15.867
1,1,-49.944,0.32834,0.02520,-10.154,0.21278,19.091,39.174,-0.25706,-28.704,-0.10312,1.977,-47.523,28.411,-0.94053,4.879,30.727,-0.14329,-8.064,-0.44615,-23.093,-0.85597,0.02668,-0.22786,28.69,17.251,-46.006,-0.11876,0.27657,-0.11409,0.15078,0.13296,0.12197,0.20468
1,1,0,0.83427,0.39121,-12.46,0.78579,0.12326,25.438,-0.33221,-28.21,-0.70086,-0.298,-0.86622,0.21909,-31.722,-0.24164,-17.764,-0.61894,24.493,-29.309,-24.015,47.821,0.51109,15.013,32.718,24.257,0.83008,0.08718,-19.625,0.49079,38.714,0.70011,-0.03983,0.79444
1,1,0,0.62335,-0.03490,0.59085,-20.194,-32.956,-31.646,0.63177,14.513,-15.556,-0.07461,-24.255,32.096,-4.428,34.049,22.271,0.09146,0.67148,0,0.58965,44.334,0.50060,0.03129,0.65945,-15.944,0.60463,-19.163,0.51384,-42.572,0.61733,18.402,0.61372,-0.09146
1,1,-42.153,0.74449,35.738,-33.404,-26.841,-31.598,0.16912,-38.763,0.07721,16.955,0.43934,-3.881,0.00551,0.70772,0.21691,44.001,46.441,0.61029,0.05147,0.67463,-15.494,0.52022,26.865,0.72978,-0.15809,0.61727,0.07124,-39.933,0.08640,0.55916,2.956,0.60294,19.086
1,1,0,0.61538,-4.649,-48.45,9.533,0.77486,0.02647,0.65077,-0.10308,0.77538,-16.079,0.73961,0.05060,0.72322,-35.263,-1.024,25.823,0.61692,0.16308,-31.055,11.776,0.63878,0.08041,19.795,-0.07231,-34.689,0.08767,0.55077,-24.993,8.53,0.09207,26.59,-35.253
1,-5.971,-33.958,-20.265,0.05375,0.84803,0.00202,0.84341,0.00301,-48.28,0.09901,0.75813,-26.907,17.179,2.469,0.80738,0.00673,10.728,-0.12447,0.77935,-0.03536,0.76365,44.117,34.781,-2.806,32.901,-0.04243,-46.003,27.786,0.62235,0.11598,0.66624,0.01190,22.071,0.01227
1,1,0,0.5,0,29.248,0.10435,-38.372,12.72,0.46957,8.014,0.35652,-0.12609,8.473,1.52,0.50435,46.473,-12.052,-19.118,0.42174,-32.307,-4.14,35.447,0.32174,-0.11304,0.47391,-0.00870,-35.422,3.021,0.38696,0.03913,0.35217,41.902,0.44783,0.17391
1,1,0,0.79830,0.09417,0.78129,0.20656,-0.835,39.662,-0.617,15.763,0.65917,0.50122,0.57898,0.60814,0.49210,9.546,0.33354,0.67861,-23.945,0.63548,-22.824,-31.601,-2.445,0.72236,-22.018,21.033,23.199,0.60696,6.672,0.56015,-0.25516,39.225,-0.27339,-39.764
1,1,2.465,41.926,0.09802,1,0.25101,-12.214,10.552,-31.839,0.53020,32.734,-34.164,0.56937,0.71942,0.55311,-29.459,0.29452,21.3,21.27,-34.448,0.09709,0.82162,-26.523,0.79870,-0.15144,-1.733,-0.22839,0.69187,-0.31713,0.60948,-0.40291,21.349,-0.42815,32.796
1,1,47.705,44.164,0.13425,4.906,0.31543,-5.789,0.43388,0.63388,36.707,-9.021,0.71016,-5.224,0.76161,44.252,36.488,0.09134,37.054,-0.09159,0.76261,-29.103,0.66926,-0.30263,14.517,-0.40552,-16.994,-2.624,0.40753,-0.50314,1.488,-0.52823,0.19172,-0.48808,0.05972
1,1,0,11.402,0.17498,0.90946,-17.434,0.85096,0.49960,31.133,0.63842,7.508,44.717,0.48698,-17.463,-11.962,-39.371,0.17959,-16.698,-0.00701,44.742,-0.18880,-30.528,-0.33023,8.165,-20.168,-44.274,-0.58563,-17.144,-0.67929,0.52564,-0.75321,0.42488,-0.81210,0.26092
1,1,31.871,32.408,19.481,-28.402,0.35543,0.72873,-45.035,-27.582,0.69865,0.50376,12.663,-33.96,0.81795,-17.508,0.83558,1.808,6.65,-0.16390,-11.83,-0.35996,0.76193,-0.43087,-18.795,-0.53140,0.53886,-0.60328,0.40972,-0.64511,0.27338,17.033,-20.825,-0.64056,0.05394
1,1,37.139,42.23,-28.335,0.63935,1.032,0.48409,2.561,0.15000,0.22273,-35.324,8.839,-0.07727,0.44545,0,25.502,38.377,-11.202,-0.56136,-22.23,21.272,18.9,25.966,0.07588,-0.38483,-0.03229,-0.33942,-0.12486,21.683,-0.19714,-0.19962,-0.24648,-0.11894,-0.27218
1,1,0,0.58940,-0.60927,0.187,0.55298,0.81126,0.07285,0.56623,39.597,15.249,-0.047,-24.396,0.12252,-40.29,-17.783,0.71854,0.42715,13.105,0.13907,0.65232,0.27815,-41.105,-26.09,-2.546,0.26653,-36.7,0.27687,-40.315,-18.618,0.43484,-32.009,0.40821,0.29942
1,1,0,1,-16.849,0.70019,-23.947,-40.313,0.09677,0.71157,0.01139,-40.018,-0.07780,0.69070,-2.474,31.752,0.03985,14.253,22.666,-29.67,24.333,-16.79,4.442,0.32068,0.05882,3.949,0.37381,46.393,0.17951,0.15180,0.32448,0.44141,-20.437,0.56167,0.15180
1,-15.798,0,0.84843,-12.142,-39.635,-0.02299,-22.442,-9.414,0.66725,-0.06620,-6.444,20.671,18.085,44.321,0.64260,-0.06438,0.39199,0.04530,-1.23,-0.935,0.55970,-0.08039,-37.029,-0.08453,0.47038,-0.22822,18.508,14.858,0.52613,-0.08537,0.44277,-25.219,0.42223,-0.09808
1,-37.77,19.266,-48.517,0.08013,0.96775,-15.765,-40.022,-0.00722,-46.682,-3.377,19.935,38.937,0.96186,27.82,0.95947,26.878,0.98497,6.658,0.91152,-0.08848,0.95016,31.577,0.94636,-0.02591,0.98164,-44.081,0.93772,-0.03034,1,-0.05843,0.92774,47.511,0.92226,-0.03673
1,1,0,-10.664,-0.12371,-36.154,-0.12371,0.70103,-0.39175,0.73196,0.07216,23.987,-0.21649,0.49485,-26.689,-2.09,42.589,-16.18,0.06186,0.5,47.917,23.711,0.18557,-25.201,0.08247,46.844,42.138,-41.745,-0.12447,-15.69,-0.26289,49.75,0.04124,0.45361,-0.51546
1,1,0,0.63510,-0.04388,0.76530,0.02968,44.032,32.096,0.65358,10.418,0.64203,-9.889,-33.316,-0.43418,-27.733,7.66,0.59584,0.13857,0.63510,40.122,16.181,22.175,-33.387,6.335,0.64665,0.23095,40.198,0.17704,0.61663,0.07621,49.138,39.196,0.69053,0.36721
1,1,0,23.954,-0.03596,-45.142,0.01348,0.58876,0.01573,35.019,30.258,0.66742,-0.00449,48.379,-0.04719,0.66517,-20.169,0.57303,0.02472,-6.608,-0.07416,0.56854,40.208,27.165,-0.03596,0.46517,39.689,0.56588,48.599,-12.596,-0.03596,-7.057,-26.983,48.683,-0.08090
1,1,0,5.951,23.948,27.212,30.55,0.63107,-0.05178,0.77994,23.769,0.67314,0.09709,0.64725,0.15858,0.60194,-41.94,0.54369,-12.163,0.46926,-0.10032,-28.72,-4.988,0.39159,0.21683,-18.583,5.183,-33.911,39.18,0.31392,-0.06796,43.996,-0.10680,-49.027,-0.05178
1,1,-16.382,0.68148,0.10370,0.77037,0.03457,10.339,0.08148,0.60988,-10.921,0.79012,0.11852,5.634,20.173,36.205,11.058,0.78272,-0.17531,0.73827,-0.10864,8.576,-41.967,0.60988,0.08148,0.66667,-31.787,7.343,-44.15,4.691,0.02222,-27.736,-0.07160,28.592,-0.04691
1,1,0,0.60678,-0.02712,0.67119,-43.855,0.52881,9.538,40.071,-35.324,-17.037,-0.07797,0.57966,6.764,-45.738,0.07797,15.283,-22.76,16.718,-0.02373,-41.07,0.00678,0.71525,-0.03390,0.52881,-23.772,0.57262,0.00750,-43.193,-0.00339,34.667,-0.02712,-1.985,0.06780
1,1,25.031,5.2,0.09709,49.583,0.05825,0.34951,24.707,41.222,-0.02427,-3.651,0.02427,0.33495,0.04854,-14.393,0.00485,0.47087,-0.10680,-46.447,0.00485,6.611,30.247,0.18932,0.25728,0.31068,-0.15049,24.965,8.887,23.546,0.17476,0.26214,0,0.3,-21.617
1,1,0,0.98822,0.02187,0.93102,0.34100,-35.485,-39.357,0.74706,35.855,0.73584,-30.026,-4.019,-30.779,0.43130,-11.564,0.31800,7.098,0.28379,0.68873,0.07515,-30.345,39.707,40.251,-0.16489,12.522,-0.16556,0.60510,-28.947,0.55805,-8.131,0.44195,-2.836,0.37465
1,45.719,0,17.86,20.139,0.90112,-46.075,20.43,25.525,0.71760,0.64888,-26.432,25.326,0.40349,0.83156,0.25140,0.84804,39.273,0.85475,-27.491,-2.839,-47.027,0.80754,-36.723,0.71676,-0.51034,0.58324,31.809,0.46040,-0.61899,0.30796,8.305,0.18345,-0.64134,0.02968
1,1,0,0.99701,-9.525,0.91966,0.47030,0.76902,47.849,19.01,46.756,0.36774,14.997,25.26,21.403,42.156,0.89274,14.369,0.72073,-0.43707,0.61688,-0.55769,-4.513,-0.65000,0.35534,21.131,0.15908,-0.66651,0.02277,-0.64872,-8.055,9.53,-0.22949,44.911,-30.912
1,1,0,0.94331,0.19959,0.96132,42.698,0.80514,0.56569,0.56687,-38.474,0.41836,24.689,0.14939,6.327,7.39,0.93682,-0.24742,-3.951,-0.42811,0.75554,-0.50251,8.287,49.0,47.926,-14.407,13.271,-0.77097,16.484,-14.756,10.539,-42.852,-0.17921,-0.66932,-0.34367
1,3.2,-17.486,0.93972,23.855,0.80486,-33.662,19.248,32.61,0.34961,0.80511,0.10797,0.90403,-0.20015,-46.483,-0.39730,-5.786,-0.58835,0.62867,33.086,0.40368,-7.541,0.18888,11.108,-0.04284,-22.165,-0.26883,-0.63237,-33.659,-0.46422,-0.61446,-0.26389,25.543,-43.396,-0.71273
1,1,-25.512,37.637,0.35157,16.484,-49.004,0.43898,22.265,-0.03643,0.80510,-0.22838,0.75334,-0.25137,50.452,-0.57377,6.206,-0.66750,0.10591,-22.586,28.981,-0.81056,-48.098,-0.33197,-0.47592,-0.12897,-0.53620,0.07158,17.032,48.894,30.318,-13.563,-0.30057,32.621,0.13297
1,1,38.787,0.29073,-19.254,21.094,0.17293,47.787,-1.552,-35.936,9.801,0.06266,-46.104,-0.04725,0.12767,-35.743,-43.046,-0.06328,0.04097,-0.05431,4.762,-32.936,-0.00280,34.984,-0.01176,-0.01755,-37.086,-0.00886,-0.01475,-0.00280,-0.01250,0.00096,-0.00948,28.129,-0.00647
1,-46.944,0,0.58459,-0.35526,1,0.35338,0.75376,-11.781,-0.639,0.19361,0.50188,-0.27632,0.65977,47.599,41.838,0.14662,30.737,33.387,0.76128,0.04511,0.66917,11.326,-41.447,-0.40977,0.64850,-18.161,0.56836,-45.061,0.52820,-0.13346,33.13,34.326,-3.419,24.191
1,1,0,0.83609,0.13215,28.039,0.06059,0.65829,0.08315,0.23888,21.101,48.64,0.20330,0.49418,49.787,23.854,-44.178,0.29352,17.004,-12.82,22.522,0.32835,-33.84,-23.084,-23.352,0.26436,8.001,1.241,0.14314,0.26429,0.16137,0.18767,0.13632,0.16655,28.447
1,-14.983,0,0.94080,-34.9,-48.401,0.01038,-0.937,39.258,25.058,-0.00278,0.84459,-27.865,0.83289,37.143,0.82680,0.03506,-38.559,-27.653,0.80019,0.02405,0.80862,0.04901,0.80259,0.05352,0.77336,-26.559,0.79058,0.06235,21.197,0.09251,0.77863,-9.878,-41.387,-38.642
1,1,0,0.87111,-33.031,0.79946,-37.141,0.99009,26.715,2.617,-0.08337,0.88598,-0.02028,0.90446,-36.233,0.89410,0.19964,-9.35,-0.04642,0.84452,-48.668,0.97882,-0.34024,0.78954,-0.25101,-45.151,27.487,2.962,43.336,-32.026,-1.99,-22.862,-14.021,0.88238,0.09193
1,1,0,5.134,0.02549,0.98994,0.09792,0.75855,28.082,-44.702,-0.09188,0.95842,0.02482,5.14,-0.00469,0.96110,0.10195,0.91482,0.03756,-47.333,39.24,-8.182,45.74,44.377,37.406,0.71764,-5.625,11.009,0.02552,0.72435,-16.174,0.90409,7.713,36.281,0.02750
1,1,19.026,35.505,33.249,-21.345,-0.18343,0.62316,0.01006,19.768,-0.04438,26.979,0.01775,-33.931,-42.222,-17.979,-0.03846,-3.626,0.12426,0.41420,0.11538,-6.566,0.02842,-45.461,-0.10651,0.47929,-0.02367,38.314,-25.556,0.53550,0.25148,0.31953,-0.14497,-40.345,-0.00296
1,-33.038,32.705,22.477,-2.455,-21.831,-0.13936,0.85122,-0.13936,0.80979,33.921,0.50471,14.839,39.022,-21.707,0.80791,-0.13748,0.51412,23.831,0.81544,-0.14313,0.70245,4.265,0.33333,-36.481,0.56121,-0.33145,0.61444,-0.16837,-44.563,-0.02072,-17.995,-0.31262,-33.384,-0.22034
1,1,-46.486,0.84713,-0.03397,0.86412,-0.08493,-1.299,0,-30.583,-25.007,0.71975,-0.13588,-23.195,-0.11677,-9.659,31.385,33.31,-0.21231,0.61996,-0.10191,0.79193,-16.536,18.485,-0.03397,0.84926,1.091,0.74115,-7.941,-43.775,-0.22293,-20.962,-0.37792,17.822,-0.24841
1,1,47.25,0.87772,-0.08152,42.909,0.07337,0.84783,0.829,0.77174,-0.02174,18.191,-0.05707,0.82337,-8.51,47.407,-3.117,42.834,-0.20924,0.83424,-6.998,0.86413,-49.085,0.97283,-18.958,0.85054,-0.18750,21.127,-1.328,0.85870,49.75,0.78533,-0.10870,-0.062,-0.00543
1,1,17.186,0.74704,-0.13241,0.53755,44.554,-15.717,0.09486,-43.625,-0.11067,0.66798,30.093,-34.064,13.186,0.73715,31.228,0.63043,-0.00395,0.63636,-0.11858,-47.571,-0.25296,-25.878,-3.975,39.376,-0.10474,0.61847,-42.417,0.60079,-0.20949,-2.018,-11.861,0.61067,-0.01383
1,1,44.335,0.46785,0.11308,-44.17,0.00665,13.886,0.06874,28.632,-10.446,0.52993,0.01330,0.63858,-0.16186,-45.665,-0.03326,-29.082,-0.13525,0.52993,-0.04656,0.47894,-0.19512,25.79,21.841,38.848,28.209,0.53930,-16.472,-25.989,-33.111,0.53659,29.553,0.56319,-0.04435
1,1,0,0.88116,0.27475,0.72125,0.42881,0.61559,5.57,-23.751,-46.005,30.957,39.3,15.536,0.89200,24.177,0.77500,-20.942,-12.379,-0.78768,19.397,-0.81856,0.19095,0.944,-50.025,-0.78334,-0.26356,-0.67557,-8.216,16.767,-0.60858,-23.284,-0.66700,-0.19312,-0.75597
1,1,48.711,-16.235,21.889,-32.761,0.55756,0.59952,-18.468,0.26203,0.032,-29.0,25.511,-0.23237,-30.62,-5.617,-30.068,-0.73329,0.62385,-29.341,0.36200,-0.92254,0.06040,-0.93618,31.728,-0.83192,-0.46906,-0.65165,-0.69556,-0.41223,-0.85725,-0.13590,-21.138,24.786,-0.94823
1,-14.537,46.38,0.88241,-15.874,3.614,0.57816,0.34109,0.58527,32.081,1,16.048,0.92118,-0.62403,0.71996,-0.69767,0.32558,-16.899,0.41195,-1,-0.00775,33.344,-0.41085,-0.76901,14.048,17.839,-25.601,-42.933,-0.81876,-0.02979,43.365,0.25392,-42.975,27.117,-0.81686
1,1,0,-34.512,0.28993,-48.539,-4.042,0.49234,36.445,-40.022,-31.453,-0.08096,-26.024,18.514,-33.335,-0.52735,0.58425,-0.70350,0.31291,-0.75821,-4.799,-16.871,-0.15317,-0.58315,-0.39168,-39.927,42.472,25.743,-0.60863,0.08425,-0.61488,0.25164,-0.48468,8.402,-0.35339
1,1,-1.711,10.85,0.33164,0.76168,34.658,0.49305,0.84266,0.21592,12.652,-0.13956,0.96167,-0.47202,0.83590,1.756,0.65490,-0.87474,0.36750,-36.239,-26.892,8.617,-0.26173,-0.73969,-35.818,-0.50757,-0.74735,18.97,25.223,-25.172,-21.82,0.36021,-7.752,0.59407,-32.321
1,1,0,17.194,0.31456,0.65541,28.351,1.822,0.70677,44.281,-48.334,-0.18976,8.852,-0.41729,0.66541,31.42,0.47744,11.908,0.19492,-0.72180,-0.04887,45.827,-34.24,-0.49165,-0.53463,-46.977,-0.66014,28.846,-0.69706,-2.589,-0.64428,0.43100,7.505,22.073,-0.30075
1,1,0,0.98455,-0.02736,40.362,-0.04104,7.854,-0.07635,0.98720,-32.44,0.95278,23.292,9.947,-0.07458,3.946,41.683,0.97396,-35.935,-3.589,-0.12224,36.466,-0.05252,-37.91,-0.08914,-11.435,-23.003,-18.347,-1.68,0.93469,-0.14916,0.97132,-0.15755,0.96778,-0.18800
1,1,-40.188,0.94052,-35.261,21.343,-21.92,0.94994,-0.01472,0.95878,-2.476,0.94641,-0.03710,0.97173,-0.01767,41.897,-0.03887,-31.327,-0.04064,0.95230,-26.553,0.94229,-0.02179,0.92815,-0.04417,16.27,-2.534,0.92695,38.649,21.708,-1.385,11.142,-24.314,0.92049,-0.07420
1,32.984,0,0.97032,-0.14384,0.91324,-0.00228,0.96575,20.307,0.98630,-1.979,-31.725,0.00228,3.401,20.974,0.91324,-0.00228,44.137,-13.285,0.97032,32.138,1,36.361,0.92009,-30.252,0.92466,0.06849,-16.558,-0.09252,0.97032,-0.20091,-4.767,3.949,-33.801,-0.21918
1,1,0,0.52542,-0.03390,0.94915,36.192,0.52542,47.535,-9.256,-18.316,0.50847,13.756,36.336,-28.612,2.046,-0.35593,7.883,0.01695,-30.862,0.03390,0.59322,-19.397,-5.714,-40.227,44.416,0.15254,-17.093,-0.00266,0.66102,-0.03390,0.83051,-0.15254,0.76271,-0.10169
1,1,0,-44.705,-0.25000,0.44444,7.138,-17.243,30.563,0.41667,0.13889,-17.307,-12.72,-11.717,-0.08443,0.58333,10.789,0.55556,-19.421,44.061,-0.19444,0.47222,11.859,0.52778,-0.02778,-45.104,0.08333,0.41543,-0.14256,44.173,-21.101,0.36924,-0.14809,-28.103,-0.5
1,18.69,0,0.51207,6.798,1,0.53810,32.202,0.80833,-33.865,0.46427,0.33081,1,0.21249,20.299,-0.17416,-28.263,-0.33081,0.98722,-0.61382,26.016,31.344,0.71699,-0.88500,-17.185,0.804,19.063,-1,0.09569,-36.461,26.205,-29.546,-0.42226,1.117,-0.65557
1,1,-18.903,-40.022,8.739,0.83550,22.181,0.54916,-21.878,0.35225,-40.221,0.13469,38.087,-0.09818,42.402,-0.37604,0.82223,-42.321,0.71161,-0.68358,0.67989,-18.683,0.24956,-12.414,0.681,37.662,-0.29099,21.254,-0.32792,-0.63312,-0.19185,14.58,-0.60454,-0.19609,-0.62956
1,1,0,0.83789,0.42904,-31.581,0.58385,0.45625,-25.382,22.865,40.262,-0.13012,0.86947,-0.46177,0.78497,-37.784,0.52070,-0.78470,3.681,-41.42,0.03928,-1.287,-25.212,-17.991,-0.48905,-3.438,11.884,-0.339,-30.991,0.14690,-0.45911,-23.454,-0.39167,0.48319,-0.24313
1,1,-12.21,0.93658,14.072,0.75254,0.65640,-1.486,5.256,0.15323,-16.005,-0.21775,0.96301,-41.006,32.0,-0.78751,-2.019,-0.93104,0.26020,-0.93641,-0.06418,-1.819,43.969,-0.65079,-0.67464,-25.491,45.053,-20.672,-0.91221,0.27330,-0.85762,0.54827,-41.825,24.913,-0.44173
1,1,31.601,-14.835,18.39,0.71976,0.68420,0.29303,27.835,-0.11108,18.177,-0.31605,0.92453,-4.004,0.78766,-0.92145,-38.346,-0.94315,-9.285,-1,0.03191,-23.877,-0.66278,-0.46010,-0.78174,-0.13486,5.767,-37.366,-17.65,21.237,14.246,-6.341,-0.46048,0.76066,-0.13194
1,-46.562,0,48.545,-40.827,1,-0.05558,1,0.01373,1,-0.12352,50.276,42.692,1,41.925,1,-0.06374,1,-44.173,1,23.224,19.935,-0.10108,1,-0.02685,28.834,-0.22978,1,-25.692,39.923,-16.519,-48.517,-0.14194,20.266,-0.07439
1,49.19,0,11.378,23.722,0.86421,46.005,0.94982,-0.00461,0.82809,-0.51171,0.92441,0.10368,1,-36.724,-8.979,-0.02542,40.861,-0.15518,7.022,0.61739,-1.544,-16.007,0.87492,-0.08495,23.286,38.981,-10.302,-0.01769,0.82427,-26.868,-41.473,-0.01957,0.78761,-0.02039
1,1,0,-26.295,0.29492,-45.113,-27.935,48.489,0.68158,0.14177,0.83548,47.494,49.262,42.988,0.72328,38.939,0.41471,-0.75436,0.16755,-0.69977,-34.209,-0.57695,-0.23503,-7.662,6.728,-0.17437,-0.52540,31.751,-0.48707,0.19030,-34.477,15.859,-13.305,0.34572,-0.08036
1,1,0,0.88085,26.942,27.229,40.291,0.34816,0.79784,0.05832,-6.695,-0.29784,-48.466,47.965,0.69590,29.463,40.46,-0.85803,24.038,-0.81641,-0.24017,33.784,-42.421,23.056,-19.791,-0.11147,38.424,-20.007,-0.71504,0.40675,-0.57649,0.56626,-0.36765,0.62765,-0.13305
1,1,0,0.89589,0.39286,44.166,-27.63,0.29521,6.146,-16.43,0.94415,-0.45725,0.84605,-0.77660,0.58511,-0.92819,0.25133,-0.92282,-0.15315,29.832,4.752,10.452,-0.76197,19.974,3.04,23.904,-30.225,0.53229,-35.048,0.74846,-0.40656,-11.286,-5.207,-43.356,0.27926
1,10.687,0,-34.362,-0.24051,1,-0.20253,0.87342,39.465,0.88608,0.01266,1,0.11392,0.92405,-23.675,5.885,8.052,-17.109,-0.36709,0.87342,-0.01266,-30.722,0.06329,36.58,7.037,28.698,15.768,-41.131,-0.05540,1,-0.06329,-10.385,6.731,0.83544,-0.02532
1,1,0,0.74790,0.00840,0.83312,0.01659,31.015,0.02469,0.86555,-41.586,-45.665,-0.015,0.79093,0.04731,0.77441,0.05407,0.64706,24.793,-20.758,-43.738,34.79,0.07122,0.68895,-2.411,15.306,0.08403,0.63728,0.08296,-22.265,9.599,0.58187,-43.808,49.84,25.119
1,1,8.849,0.85013,-2.483,0.92211,0.01456,0.92046,-4.548,0.92765,0.08010,0.87597,-46.765,36.278,0.04320,25.614,6.312,0.87339,0.02842,0.95866,0,-14.027,0.07047,0.88430,-30.468,0.83721,0.10853,-3.364,-31.291,-6.908,0.08786,24.005,0.10134,5.548,40.757
1,12.825,6.394,-38.709,-0.01179,1,-0.00343,1,44.703,1,39.628,9.962,-0.02809,1,-46.787,40.537,-12.257,0.99528,-0.03238,0.99314,-0.03452,17.881,-36.362,1,-0.05039,33.385,-0.04931,0.99842,-0.05527,20.975,-0.06304,0.99057,-0.06497,-30.092,-28.852
1,-45.427,0,-26.125,25.007,46.85,25.214,43.119,0.01386,25.518,0.02772,-7.008,-0.00990,0.94059,-0.01584,-26.451,0.03366,40.162,14.114,0.94257,0.01386,-2.732,0.00792,0.88713,-0.01782,22.671,0.02376,0.89002,0.01611,-35.464,0.00198,0.87327,0.04158,20.477,0.02376
1,1,-4.994,0.90071,20.588,1,-0.01773,13.862,10.59,0.84752,0.05674,1,42.325,46.362,0.01064,15.626,0.03546,8.661,-0.03191,0.89716,-0.03191,0.86170,0.07801,1,7.431,48.125,-30.516,11.02,0.03247,-8.795,0.02482,48.422,18.488,0.93617,0.02128
1,1,31.878,0.39394,-0.24242,2.826,0.01270,0.45455,0.09091,-5.972,0.09091,49.867,-0.21212,0.57576,0.15152,-38.788,5.432,-4.229,0.04561,0.51515,33.879,-41.312,0.18182,-6.425,26.1,24.342,0.05929,0.46362,16.39,0.33333,-0.03030,0.41856,-13.938,-13.324,0.24242
1,1,0,-48.759,0.35950,24.294,0.66667,0.37201,0.83049,0.08646,0.85893,31.952,-47.176,-0.51763,0.67577,-0.68714,-17.071,-33.965,0.09898,-0.69397,-25.649,-34.685,-21.835,-0.32537,-0.57679,18.637,-0.59954,12.075,-0.53127,-42.983,30.382,50.426,-0.19681,-46.967,0.01820
1,1,0,0.89563,37.118,-35.007,0.69438,29.402,-18.467,-0.04193,0.93345,-0.38875,0.84414,-0.67274,49.272,-0.82680,21.625,-0.86150,-0.05365,-0.73564,17.209,5.404,-0.62443,-0.23428,-0.73855,-43.056,34.274,0.33531,-0.62296,-36.546,-22.533,39.399,15.637,-13.328,0.08660
1,1,0,-2.961,30.425,0.65354,0.74761,0.29921,0.95905,4.614,0.97820,-0.52236,33.807,8.741,0.55086,27.16,-35.904,-0.93001,-46.573,-0.71863,-2.49,-0.41546,20.009,-1.487,33.51,34.177,-0.85368,0.67538,-33.514,0.85977,-0.28123,0.88654,0.09800,48.504,0.46301
1,1,0,-10.775,1,41.508,0.06158,0.12993,0.92713,-18.389,23.3,-45.27,23.783,20.099,-23.009,-0.92857,-0.08867,-0.38916,-0.34236,7.39,-0.82512,-0.05419,46.6,0.25616,-0.20443,1.743,-0.45950,11.976,-0.06831,1,-46.944,0.38670,0.00246,24.472,-41.497
1,1,0,1,0.51515,-27.217,0.33333,0.06061,48.565,-0.32104,-22.768,19.884,0.48485,-0.57576,27.317,-39.883,-34.108,49.327,-44.798,-0.09091,-43.008,0.48485,-0.57576,17.551,-13.726,29.315,-0.39394,0.72961,0.12331,-37.748,0.57576,0.24242,-15.619,0.09091,0.33333
1,1,0,0.88110,-32.814,0.94817,-0.02744,-27.039,43.353,-13.336,-49.24,0.90244,0.01829,0.93902,-9.94,40.2,0.00305,38.113,0.02744,0.94207,-0.01220,-34.11,-1.764,0.91463,0.05488,0.99695,26.471,-36.427,-10.215,0.90854,24.298,-25.581,0.05488,0.97561,-0.01220
1,1,0,-35.139,0.08156,-47.867,-0.08156,0.90426,-0.01773,0.92908,0.01064,0.80142,0.08865,0.94681,1.716,-1.006,27.579,0.93262,7.804,0.95035,-48.05,36.467,0.00709,0.80496,-45.946,0.91135,43.537,0.89527,4.467,-32.298,-8.927,3.028,0.18085,-22.696,0
1,40.213,19.313,0.74468,0.10638,46.707,-16.153,-17.81,0.01471,0.87234,-0.01418,0.73050,10.292,5.037,-25.559,38.278,-5.579,-44.488,0.07801,0.95035,0.04255,27.27,0.04743,0.84931,0.05178,28.826,0.11348,0.83429,0.06014,0.74468,-0.03546,0.81710,-45.905,0.80774,19.097
1,1,0,0.87578,0.03727,0.89951,-45.087,0.89210,0.00510,0.86335,-34.378,38.799,0.07453,5.139,0.00994,0.86303,-7.082,33.892,24.014,0.85714,-40.667,0.84182,-42.481,0.83486,21.896,0.79503,-0.04348,0.82111,-4.162,35.852,-22.442,0.80757,-34.015,0.80088,-21.383
1,1,0,0.97513,38.355,-17.547,0.01954,1,-44.418,18.584,-23.929,0.95737,0.02309,0.97158,0.03552,33.705,-31.283,0.97869,0.02131,-20.676,-36.486,34.868,0.04796,-1.173,0.05506,15.795,0.03552,0.97540,0.06477,-33.11,-7.626,-1.611,0.06217,0.98934,0.09947
1,1,-10.434,1,31.583,1,0.01105,43.075,0.02320,0.99448,-0.01436,0.99448,-0.00221,-20.705,0.02320,1,17.428,0.97569,17.172,2.331,0.01657,0.98011,32.535,-0.245,-24.91,0.97127,-0.86,-15.399,0.01600,0.97901,-46.471,50.768,0.02099,0.98674,0.816
1,14.378,46.728,32.187,-0.01342,45.384,0.01566,1,-0.00224,39.704,0.06264,0.97763,-3.066,0.95973,0.02908,1,-18.613,0.98881,-6.997,1,47.285,21.288,0.09396,0.95749,0.07383,42.954,-48.925,0.99989,-48.276,-7.413,0.08501,1,0.10067,1,-11.83
1,1,-16.357,0.88420,0.36724,-32.411,0.67382,0.39613,0.86399,-26.563,0.93182,12.98,26.119,-0.60316,0.58842,-0.78658,30.716,-0.83285,17.179,-27.235,-0.32963,-0.52504,-35.483,-0.27377,-17.125,-44.313,-3.091,0.26028,43.728,0.44569,-42.73,0.54209,-0.21542,-3.126,0.02823
1,-45.343,0,-49.042,0.41786,-44.119,0.75725,0.30440,2.735,29.466,5.899,-0.55483,0.81191,-0.81857,0.50949,27.184,0.10345,-0.91456,-47.224,-23.68,21.322,18.619,-0.88999,0.05865,-30.569,-9.861,37.612,29.152,-0.55231,0.89415,-0.18725,0.87893,0.20359,0.70555,0.54852
1,1,-20.291,0.32789,0.11042,0.15970,-28.138,17.455,0.74485,-0.25131,25.454,-0.16503,0.26664,-0.63714,15.986,37.362,-24.143,-17.399,-1.093,31.621,-0.48886,-0.14426,-8.661,0.09345,-0.28916,0.28307,-13.186,24.94,-0.11498,-30.568,0.05614,0.21443,0.20540,30.992,0.26422
1,1,44.233,0.65845,0.43617,0.44681,22.344,0.05319,0.85106,-20.519,0.82139,-0.68253,0.52408,47.869,-16.013,23.858,-0.28723,-0.47032,-34.277,-24.973,-0.86002,-31.339,-5.821,0.56663,-16.701,0.74300,-0.18645,0.74758,-18.946,0.45185,19.003,-42.411,0.76764,-29.231,0.74356
1,1,0,-15.342,0.05725,0.04198,34.386,-39.661,-31.832,-0.18321,-0.18321,2.462,32.085,-4.973,16.232,35.598,26.81,-0.10305,-0.39695,-40.055,-42.329,0.34012,-0.11953,0.28626,-0.16031,0.21645,0.24692,-34.072,0.31092,-0.03817,0.26336,-0.16794,0.16794,46.079,14.167
1,1,11.7,-0.731,-49.231,-3.838,0,-34.287,18.869,-25.927,0.02394,43.978,0.02130,0.97888,0.03073,-15.167,0.02338,0.93929,-31.661,0.93552,-35.294,0.97738,25.967,1,19.256,0.94155,0.08107,0.96709,0.07255,8.953,0.08088,0.98190,-25.168,0.97247,0.08616
1,1,0,34.858,-0.07572,0.80462,0.00231,3.339,-46.724,0.86821,-21.023,0.72832,-35.438,0.84624,44.158,0.83121,-0.07399,0.74798,9.988,10.299,0.06358,0.86763,26.061,0.78844,16.3,-26.204,-0.02370,-6.204,-0.02731,0.74046,-0.07630,0.70058,-49.165,32.889,27.787
1,-18.313,8.017,0.35346,-34.096,0.69387,-0.02423,0.68195,-0.03574,0.55717,46.386,3.571,41.65,0.62099,-0.06527,-2.223,1.399,0.42271,-0.26409,0.58213,-32.404,21.924,-0.08771,0.46241,-38.953,13.105,-0.00564,0.39146,-0.09038,0.35588,-12.511,8.376,-0.08637,0.28943,28.778
1,1,0,-0.79,-22.909,7.718,0.00258,16.208,0.00384,0.79988,-40.165,0.81504,0.12068,-21.099,23.326,0.81815,35.481,-35.012,-0.06974,-3.796,-32.243,0.76979,39.393,0.75071,0.01232,0.77138,-0.00303,0.70886,0.01375,9.623,0.00849,0.66298,0.01484,-0.672,-2.45
1,1,0,32.651,-2.502,0.97404,20.872,20.897,0.50137,0.75683,-34.77,0.65164,-0.14071,0.40164,-0.48907,-23.849,0.58743,-25.738,0.31831,-29.414,0.11339,-32.167,-0.44945,1,-35.239,3.071,0.06967,10.908,32.521,41.802,0.07787,39.261,0.24590,0.13934,0.48087
1,5.036,-2.162,0.83508,44.093,-4.884,36.111,0.84349,-0.05567,21.963,-28.947,-5.684,0.13130,0.81197,0.06723,0.79307,-17.588,21.478,43.249,36.659,1.282,14.767,-13.187,0.77521,0.06618,0.95378,-0.04202,0.83479,0.00123,1,0.12815,0.86660,-0.10714,0.90546,-0.04307
1,1,6.916,0.95113,0.00419,37.059,-17.659,0.93438,-0.01920,-8.615,-12.25,44.943,30.429,48.647,0.07330,0.94625,-40.291,8.312,0.00140,0.94834,-31.361,0.92670,10.54,0.93124,0.10087,0.94520,-19.689,-16.831,0.04925,0.93159,0.08168,0.94066,-18.3,0.91483,0.04712
1,32.49,11.914,-16.86,-0.00034,20.231,-0.03227,2.756,-0.03431,0.95584,43.835,0.94124,-28.169,0.92595,0.04688,0.93954,-20.977,-18.5,0.02004,0.93784,0.01393,0.91406,-44.962,0.89470,0.06148,-28.323,0.03193,0.92489,0.02542,0.92120,-12.587,0.92459,17.694,-44.566,5.792
1,1,26.372,-27.64,-0.01657,-33.34,-0.01989,22.595,-0.03646,-10.765,0.00110,0.89724,-0.03315,0.89061,-0.01436,22.864,-22.643,32.785,-0.00884,0.80773,24.887,0.88729,0.01215,0.92155,-0.02320,0.91050,-0.02099,-16.773,18.634,0.82983,-0.17238,39.612,1.998,1.525,-35.624
1,-39.929,0,0.18,0.13533,-41.058,39.373,0.87873,-17.899,0.88928,-0.09139,0.78735,41.531,0.80668,-0.00351,0.79262,-0.01054,0.85764,-37.235,15.793,-0.03515,-39.96,-0.09490,0.421,0.04394,9.108,-0.15114,0.81147,-18.952,-24.117,-0.00703,-31.544,-0.06678,37.997,-0.06151
