1,-26.431,0,0.99539,-0.05889,3.739,0.02306,-13.427,-39.8,1,0.03760,0.85243,-0.17755,0.59755,-18.378,0.60536,-0.38223,-36.177,-0.38542,-8.729,-0.32192,-32.242,-0.29674,0.36946,-0.47357,5.415,-0.51171,0.41078,-0.46168,0.21266,-49.253,0.42267,0.531,0.18641,-0.45300
0,1,-8.021,1,-18.145,0.93035,-0.36156,-0.10868,-0.93597,1,-8.776,-15.291,-0.67743,0.34432,38.785,-0.51685,-0.97515,48.396,-0.62237,0.33109,-1,-4.039,-0.45300,-36.326,-0.35734,9.601,-15.852,-0.20468,-0.18401,-0.19040,-0.11593,-0.16626,-0.06288,-30.482,-0.02447
1,1,0,1,-0.03365,22.28,0.00485,1,-2.008,0.88965,24.486,0.73082,0.05346,0.85443,0.00827,0.54591,0.00299,0.83775,32.004,0.75535,-0.08540,35.63,37.901,19.539,-0.12062,0.57528,-0.40220,0.58984,-0.22145,-26.851,-0.17365,-26.166,49.484,0.56045,24.175
0,18.117,22.086,1,46.634,1,1,0.71216,-1,-49.673,-48.344,0,-45.09,0,-33.057,-1,0.14516,0.54094,-0.39330,-1,-0.54467,-0.69975,1,-3.194,0,8.5,0.90695,0.51613,1,1,36.0,0.25682,1,-0.32382,-27.316
1,1,44.396,1,-0.02401,0.94140,-39.559,0.92106,-0.23255,0.77152,21.599,0.52798,24.359,13.886,-0.00712,0.34395,-2.038,0.52940,-0.21780,0.45107,-0.17813,0.05982,16.8,0.02309,-0.52879,0.03286,-0.65158,20.171,-0.53206,23.34,-0.62197,-37.799,-0.59573,-25.49,-0.65697
0,1,0,-0.05,-0.00592,12.135,-0.11949,-32.191,45.818,0.14706,15.585,5.36,-0.06302,0,-18.118,-27.971,-0.15540,-0.00343,-0.10196,-0.11575,-0.05414,0.01838,0.03669,-32.196,0.00888,0.03513,-0.01535,-0.03240,0.09223,-0.07859,43.328,0,0,-21.646,0.12011
1,1,0,-13.759,-34.723,0.94601,-0.20800,0.92806,-0.28350,0.85996,-0.27342,49.824,-0.47929,0.78225,-0.50764,0.74628,-0.61436,9.59,-0.68086,0.37852,4.34,0.36324,-0.76562,0.31898,14.318,7.267,-0.81634,0.13659,-0.82510,36.646,-37.177,-22.891,-0.81318,-0.13832,-18.861
0,0,-9.845,0,35.377,0,0,1,-1,0,0,-1,29.586,0,-47.003,-11.037,0,1,1,-1,-1,0,-48.16,45.693,-40.837,1,1,1,1,0,0,1,-29.515,5.686,-18.437
1,-4.505,-44.935,0.96355,49.132,-25.568,-34.431,43.621,-0.21313,1,19.95,-1.288,-0.43569,0.94510,-0.40668,0.90392,-43.426,0.98305,-0.35257,0.84537,-0.66020,49.729,-0.60589,0.69637,-30.231,0.85106,-0.65440,0.57577,-0.69712,0.25435,-0.63919,0.45114,-0.72779,0.38895,-0.73420
0,1,0,-0.01864,-0.08459,45.728,0,-28.498,0,0.11470,-0.26810,23.619,-27.271,0,0,-0.33656,0.38602,-0.37133,-48.729,0.63728,-42.867,0,-26.98,0,0,-22.492,-0.01326,23.408,-0.02294,10.258,0,0.16595,36.16,-0.08208,0.38065
1,44.353,0,-22.462,48.803,1,-0.18388,-35.857,-26.552,1,-0.43107,1,-49.271,0.96232,-0.51874,0.90711,-0.59017,0.89230,-0.66474,0.69876,-0.70997,50.522,16.559,0.63081,39.734,-46.675,-0.89128,0.47211,-0.86500,0.40303,-0.83675,2.435,-0.89093,0.22995,-0.89158
0,1,22.321,1,-0.54210,1,-1,1,-32.095,-48.032,0.36217,-15.299,-0.41119,1,1,1,-1,47.865,-0.29354,1,-37.435,1,1,31.417,49.727,1,-0.40888,1,-0.62745,-37.844,-1,1,-25.679,36.539,-1
1,1,-22.507,1,23.312,1,-0.10169,0.99999,-38.766,1,9.807,0.201,-13.153,0.95735,-0.29785,0.93719,-0.34412,0.94486,13.192,37.872,-0.43383,0.86043,-0.47308,0.82987,-0.51220,0.84080,-0.47137,0.76224,12.432,0.65723,-49.348,0.68714,-0.64537,46.392,-0.67226
0,-38.576,0,1,-0.86701,41.496,0.22280,0.85492,-0.39896,1,-0.12090,1,0.35147,1,0.07772,46.983,-0.14767,-23.314,-1,1,40.844,-28.637,0.15803,1,50.098,1,-0.17012,1,3.168,1,15.801,1,-45.03,15.619,-0.18826
1,1,0,1,0.07380,1,0.03420,34.058,-7.829,-38.039,7.072,41.377,-43.265,1,0.20328,1,-45.726,1,0.10561,1,0.27087,1,31.109,1,46.188,1,0.20033,7.407,0.36743,0.95603,-27.231,1,0.32492,1,0.46712
0,1,0,0.50932,-17.837,-31.08,0.26708,-0.03520,45.951,20.911,-1,0.43685,-1,-49.324,0,-1,-0.34265,-0.37681,0.03623,1,-36.73,-16.067,0,-40.63,0,-4.867,0.92236,42.191,0.26501,-10.233,0,1,0.23188,0,0
1,1,45.287,0.99645,0.06468,1,-0.01236,-16.781,47.414,-30.063,0.02312,7.214,0.07808,27.474,0.10346,44.604,0.05269,0.88809,47.266,0.86104,0.08631,-27.174,0.11830,0.83668,0.14442,0.81329,0.13412,0.79476,0.13638,-21.121,23.039,0.77122,0.15930,0.70941,0.12015
0,0,0,0,24.524,29.736,-1,1,1,-1,1,-11.441,47.013,1,30.472,1,1,-6.028,-1,-1,1,1,-1,-11.43,43.548,-1,1,-45.142,-4.006,-23.162,1,-1,-1,1,-1
1,1,0,0.67065,-27.583,-41.79,0.05031,16.54,0.18761,0.08776,4.112,0.63621,0.12131,-0.125,0.14285,14.893,28.02,0.58373,-11.958,0.14395,-1.492,-15.134,0.21326,0.51420,0.22625,0.48838,0.23724,0.46167,0.24618,-18.013,0.25306,0.40663,0.25792,1,0.33036
0,0,-33.477,-4.525,-1,15.096,0,0,16.972,1,1,1,-1,-0.71875,1,-19.937,25.718,-1,1,-29.581,1,-1,1,-30.479,24.413,-1,1,1,1,-36.454,-1,1,1,1,20.779
1,1,0,1,-0.00612,1,-39.519,1,-22.264,10.452,-0.10605,1,-0.11073,16.963,-0.39489,13.827,-0.15616,0.92124,-29.783,0.86473,-0.34534,0.91693,0.832,-42.229,-0.46866,0.81874,-0.40372,-13.097,-0.42231,0.75784,-0.38231,0.80448,42.33,9.159,-0.45039
0,-25.675,0,-31.314,1,42.98,0,0,0,26.745,11.744,-34.858,0,0,0,-1,-1,-33.351,-1,42.898,33.648,-27.836,1,0,0,0,0,1,-1,-1,1,-1,-35.695,-1,1
1,-26.889,0,-34.163,0.07088,1,-46.417,1,15.626,0.90169,-0.05144,-18.566,34.052,0.83250,-0.06142,0.87534,0.09831,0.76544,0.00280,-10.214,-0.05295,0.65961,-0.07905,0.64158,-0.05929,0.55677,-18.442,0.58051,-0.02205,37.512,-6.339,-20.682,-0.00015,0.52099,-0.00182
0,0,0,32.474,1,41.178,0,0,0,-1,1,1,1,6.968,-27.067,0,28.294,43.875,-1,-1,1,49.601,1,0,21.769,-49.706,-1,1,9.305,1,1,-1,1,46.461,0
1,1,0,49.244,-40.21,1,0.02942,1,46.657,1,-0.01707,1,24.617,0.84493,15.36,0.93392,-0.06598,-19.0,-0.07379,0.65731,-41.886,-46.418,-0.31558,27.2,-0.31654,0.84932,-0.34838,0.72529,-0.29174,-37.326,-0.38576,0.54356,-0.26284,0.64207,-42.559
0,29.502,0,1,0.57820,1,-1,40.552,-1,1,-1,1,-36.479,-40.052,-1,1,-9.534,1,-1,12.279,-1,1,-0.62796,19.528,-12.17,1,39.869,-7.564,-1,30.618,-1,1,-1,1,-1
1,1,0,1,-0.08714,40.502,31.376,-18.457,-12.026,0.94817,0.61053,0.95473,-0.41382,4.53,-21.34,19.796,-0.23433,0.81051,-0.62180,0.12245,10.202,0.90284,0.11053,3.208,-0.78547,0.55389,-0.82868,39.741,-0.86583,20.961,-0.89674,0.32984,-0.92128,-0.13341,-1
0,0,44.406,-1,-1,0,0,35.944,1,1,20.884,0,0,39.134,0,12.173,0,-45.231,-1,-1,-1,38.713,-16.248,0,0,1,-1,-11.181,1,-1,43.047,0,0,-39.528,1
1,1,0,1,0.08380,1,-37.573,31.684,-0.13308,24.125,0.64520,17.582,0.47904,1,0.59113,26.778,0.70758,1,-6.112,-10.733,0.95099,-6.826,1,0.98042,1,0.91624,7.721,0.83899,37.847,0.74822,1,0.64358,1,0.52479,45.357
0,0,0,-1,21.094,35.487,1,1,-1,36.959,1,1,9.497,-1,-1,-13.545,0,1,1,-1,-20.109,-24.391,-1,1,-1,1,3.158,1.129,-1,1,36.029,-1,1,50.897,-1
1,1,0,-21.042,40.204,13.556,-0.16256,1,-14.2,1,-0.07514,1,-0.25010,-34.295,13.016,1,-0.21975,-9.772,-0.38606,1,-0.46162,1,-0.35519,1,-0.59661,11.166,-0.47643,0.98820,19.68,1,28.149,1,-21.591,1,-0.84437
0,1,0,1,-1,-17.375,-5.158,46.798,-1,24.35,-1,1,-1,1,-0.01840,1,-1,-18.193,1,-31.451,-0.85583,1,1,1,-1,5.208,-43.578,-37.152,13.79,1,-33.13,1,1,1,1
1,1,35.443,0.88208,-0.14639,0.93408,-0.11057,33.022,-0.16450,0.88307,-13.488,0.88462,-0.31809,0.85269,-0.31463,0.82116,-0.35924,0.80681,-0.33632,43.341,-0.47022,0.70555,-41.739,0.66150,-0.50085,-43.767,-0.48086,0.556,-0.54629,13.984,-0.59854,-34.504,-20.245,0.42189,42.511
0,1,0,26.92,-0.02595,0.41287,-0.23067,0.98019,-0.09473,0.99709,-0.10236,-16.137,-0.10951,-29.301,1,0.83726,-1,0.82270,-0.17863,0.80760,26.488,-41.638,-41.924,0.065,0.05456,-27.318,-0.20392,23.578,-21.083,0.63811,-45.404,0.86136,-0.87354,-0.23186,-1
1,-46.116,0,1,-0.15899,27.806,0.27686,0.83443,-0.58388,1,20.857,-10.829,15.901,-33.155,-0.12527,0.76837,0.14638,-5.214,0.39337,1,0.26590,0.96354,22.831,35.388,-0.91338,1,0.14803,-40.338,-0.11582,6.826,-0.11129,1,0.53372,1,-0.57758
0,-15.035,0,0.66161,-1,1,-17.817,-24.099,-0.67321,0.80893,32.877,42.668,-1,-8.373,-0.89375,1,0.73393,-16.924,0.70982,1,13.059,8.207,0.85268,1,-28.889,1,0.85357,1,-0.08571,0.95982,-0.36250,1,-7.554,1,0.34732
1,1,-27.493,3.511,0.00433,1,-0.01209,1,-0.02960,1,-0.07014,0.97839,-0.06256,-29.877,39.778,32.597,-17.313,-7.402,-0.13665,0.94184,-0.14327,0.99589,-0.14248,0.94815,-0.13565,0.89469,12.533,9.268,-0.17909,0.85644,-0.18552,0.83777,44.008,-25.366,-0.20766
0,0,-34.081,1,1,1,-1,-36.065,0,0,0,-1,-1,13.486,0,-9.158,0,-1,-11.163,1,1,-1,1,-46.196,-21.862,1,-24.948,1,1,-1,1,-30.05,-41.373,0,32.788
1,1,0,0.91241,-42.445,0.94191,0.02280,0.94705,0.05345,0.93582,0.01321,0.91911,0.06348,15.203,0.12067,0.92048,-10.364,0.88899,0.12722,0.83744,35.434,0.80983,-2.054,0.77041,0.14222,0.75755,0.11299,0.73550,-14.161,0.66387,7.35,10.342,28.39,-33.27,-47.601
0,16.015,-18.145,21.248,0.02461,0.99672,0.04861,0.97545,0.07143,-29.747,-1,-10.038,9.546,-11.23,0.53640,0.82077,0.14137,-11.822,-44.919,1,0.41003,0.65850,0.16371,0.60138,0.16516,5.69,0.16390,0.48867,0.16019,0.43481,5.416,0.38352,0.14677,1,1
1,1,0,1,0.06538,1,0.20746,20.12,0.26281,32.343,8.214,0.86773,0.39039,0.75474,14.475,0.79555,25.979,0.65954,0.60756,0.57619,47.857,0.47807,0.67135,27.393,0.68840,-7.283,31.973,0.27712,0.72386,-23.071,0.70682,40.952,0.72688,0.06990,0.71444
0,1,0,-1,-1,-19.886,1,2.35,-0.14375,0,0,-19.54,33.798,1,-27.073,0.17917,-34.334,43.679,-1,0.08750,-1,1,20.789,-1,1,35.692,-1,1,-1,35.917,-1,2.446,1,0,0
1,-47.292,13.701,0.90932,0.08791,0.86528,0.16888,-23.25,0.16598,41.381,0.68154,0.70207,0.36719,0.16286,-6.391,0.57620,0.46086,0.51067,0.49618,0.31639,0.12967,0.37824,0.54462,36.976,-38.126,0.24856,-26.125,0.18626,0.56605,0.12635,-29.535,0.06927,9.943,-47.596,0.67739
0,1,41.598,38.652,-46.431,1,43.924,-8.345,-1,27.676,-0.23393,1,0.96161,1,-0.37679,1,22.552,1,0.13839,1,-1,1,-0.03393,-0.84286,1,0.53750,0.85714,1,-36.974,20.04,-1,1,21.725,1,-15.824
1,-5.399,-6.062,0.99025,-0.05785,-18.799,-0.13009,0.98663,-12.019,-17.312,-0.25843,0.92738,14.473,0.92651,-0.37965,0.89812,-0.43796,0.84922,-0.52064,0.87433,32.827,0.79016,-0.59839,0.74725,34.488,18.594,7.046,0.65247,-0.73174,5.243,-0.75353,0.54752,-0.80278,0.49195,-0.83245
0,15.005,0,2.146,0,0,0,0,0,1,1,1,47.646,0,-47.788,3.792,28.739,-0.37500,-1,-1,-1,-33.017,0,0,5.257,-1,-1,-1,46.304,-1,-42.426,1,0,-46.187,0
1,1,0,1,3.871,1,-0.07383,0.99601,-0.11039,-27.683,-0.09931,0.98941,-38.334,0.96674,15.609,4.989,-0.25099,0.91236,-34.81,1.077,-0.32152,19.126,-0.34691,0.87874,-0.37643,39.825,-0.42990,0.83172,30.115,0.81433,-0.42593,0.77919,-36.887,0.75115,-0.50152
0,1,0,0.94598,-19.309,-30.377,0.26131,-0.36393,-49.62,0.69258,-0.63427,-8.903,-0.03353,39.135,-0.00550,26.105,0.15452,21.984,-0.46270,1,-38.942,-0.29735,-0.31454,-0.73864,0.37361,0.83872,-28.164,0.52208,-0.58130,-0.339,-0.61393,-0.09634,31.217,-0.06117,0.41913
1,1,0,-37.487,0.00874,20.871,-0.03818,-19.849,43.567,0.95947,-40.368,-20.789,-48.491,0.94713,-30.688,0.93369,-0.12790,0.94217,-29.953,0.79682,-0.19200,0.88274,-0.17387,0.86257,-0.18739,0.88487,41.72,0.81813,-0.21136,0.78546,-0.23864,0.76911,-27.715,0.74323,-0.23902
0,1,0,46.333,0,1,0.51724,19.017,0,-27.318,-31.124,0,0,-33.278,-16.408,-1,-0.22414,-18.246,-0.83297,0.76940,0.63147,0,0,0.53448,0.35668,-0.90302,0.44828,1,-5.876,-20.438,43.811,0,0,-9.644,0
1,1,0,-44.648,-48.46,0.43644,43.927,0.93421,-46.778,-0.37,-41.275,0.81121,-0.01789,0.88559,36.802,0.91714,-0.57486,0.75000,-0.29520,0.86676,-0.20104,1,29.696,0.46610,-27.548,-37.856,-41.571,0.93358,-0.01158,0.61582,-0.32298,0.84463,-0.25706,0.93323,-0.01425
0,0,46.574,1,1,1,-7.329,0,0,24.42,0,1,1,1,-21.746,3.268,-1,1,-10.996,1.094,21.611,0,-4.534,1,-1,14.016,25.249,1,1,-1,-1,0,0,0,0
1,1,0,1,1,4.229,8.559,39.296,1,10.756,1,-0.83152,1,-1,1,-1,4.898,-1,44.971,-1,-0.42052,-1,-1,-0.52838,-37.094,0.90014,-1,1,6.894,14.952,21.081,1,45.894,1,0.34845
0,-24.667,0,-0.67935,24.404,-1,1,-44.918,0.63317,-6.032,8.726,-1,37.056,1,-13.36,0.88683,-1,-1,1,30.711,1,43.778,-1,-1,-1,-0.18856,1,1,-21.955,-1,-1,-1,-6.622,1,0.33611
1,1,34.248,0.95659,-37.517,-18.52,25.406,0.97165,-0.08484,0.96097,26.139,0.94717,0.01279,0.95436,-0.16795,-44.146,-1.279,0.99630,-0.32268,0.90343,-0.35902,0.91428,-0.27316,0.90140,-34.743,0.99899,-12.016,0.87244,-0.34586,0.92059,21.63,0.83951,-0.39061,0.82166,-32.035
0,1,0,0.08333,-31.387,-1,1,-2.367,1,0.71875,-34.435,-0.82143,-0.62723,-1,9.471,-1,-42.0,-0.02753,13.575,-0.42113,-0.42113,45.131,-1,-19.422,-0.46801,-1,0.23810,1,25.577,-1,-7.297,43.46,-1,-1,0.61458
1,1,0,41.46,-0.02259,-38.423,-0.04494,6.061,-0.06682,1,-0.08799,1,0.56173,1,-0.12738,1,-0.14522,-8.312,43.313,1,-0.17639,-37.207,-0.18949,0.95601,1.398,1,-15.184,10.272,-39.918,0.82920,-0.22370,9.932,-0.22765,0.73992,-0.22981
0,0,9.805,0.076,-16.929,1,-38.021,-1,1,-32.812,-8.021,1,1,-1,-18.144,-47.912,1,-1,-1,1,-1,-28.431,-1,1,1,1,3.847,1,3.887,1,1,0,0,-1,-1
1,1,0,1,0.05812,0.94525,-15.726,0.99952,0.13231,40.482,-0.01911,0.94846,0.07033,0.95713,19.252,0.94862,-8.618,-2.999,-30.144,0.96741,0.16265,0.99695,0.14258,-14.679,-26.606,0.91667,0.22431,0.88423,0.23571,49.227,0.22511,-35.362,0.29576,-26.446,0.31166
0,1,34.921,0.17188,23.558,-1,1,0,0,24.474,0,-1,-2.194,0,0,-0.61354,-0.67708,0.80521,-1.525,0.51979,0.14375,0,7.5,-1,-0.27083,-0.84792,50.688,1,48.086,37.176,32.818,0,0,21.28,0
1,23.086,0,-27.316,-37.645,1,-48.222,1,0.22574,0.98602,0.09237,37.151,0.19211,0.92992,0.24288,20.931,0.28343,-44.235,0.26721,0.83656,-32.726,0.83393,0.31698,17.904,-49.277,0.76193,0.34658,0.68452,0.42746,0.62764,17.577,0.56791,0.47033,0.54252,0.50903
0,1,0,44.413,-0.35625,0,0,24.562,0,0,0,0,-25.444,13.322,-39.624,0.12292,-0.55000,0.22813,0.82813,1,22.893,45.936,0,0.08333,-1,-0.10625,-0.24,1,-0.76667,20.763,0.18854,0,5.322,1,-2.036
1,1,0,1,-27.757,-17.125,0.16334,0.94616,0.33347,13.151,0.22610,0.91408,0.37107,0.84250,0.46899,0.81011,0.49225,0.78473,-31.7,0.65091,0.56977,49.592,0.58071,43.876,0.64720,-22.366,0.55236,0.43317,0.69129,0.35684,-17.29,-21.306,16.187,-31.991,0.78685
0,1,5.077,9.649,8.04,0.20833,-1,37.6,1,0.87719,0.30921,-0.66886,-13.735,-0.05921,0.58772,0.01754,0.05044,-0.51535,-1,0.14254,15.083,0.32675,-35.055,-37.353,-47.16,46.502,-1,-46.003,-0.06140,1,1,0.20614,-1,1,1
1,1,-42.962,43.621,-0.41457,1,0.76131,0.87060,5.872,1,30.487,0.93844,0.47990,0.65452,-0.16080,1,-18.428,0.97613,-41.338,0.80025,20.067,-8.964,-0.19095,-10.037,-0.12312,-29.579,35.484,0.92890,-0.07249,1,-0.27387,0.43970,0.19849,0.51382,-0.05402
0,1,10.258,0.84783,0.10598,50.204,-29.198,49.975,-45.935,0.66938,0.08424,1,-5.235,1,0.60598,1,0.35507,-25.568,0.02672,-1.63,-0.43025,1,24.71,0.89130,0.26585,0.91033,-0.33333,1,0.15942,46.105,-0.01947,1,0.22464,-33.288,0.37409
1,1,-36.857,24.202,-28.218,1,-47.209,1,-48.802,-25.889,0.04317,0.98762,0.33266,1,0.05489,1,43.397,0.95750,-43.334,-26.136,-0.08668,1,0.04150,0.99933,0.27376,1,-0.39056,0.96414,-0.02174,0.86747,-22.11,36.865,-0.22021,0.80355,-0.07329
0,0,0,1,-1,1,-1,1,-1,49.736,-49.857,-23.679,1,-25.279,1,41.539,1.125,1,1,50.816,1,18.322,1,1,-1,1,-24.462,1,-1,1,47.522,0,0,-15.299,-1
1,1,-36.499,1,0.67784,0.81309,-37.794,0.43019,23.321,0.20619,10.805,-0.43872,1,-0.79135,0.77092,-1,0.40268,-0.39046,-0.58634,-0.97907,-0.42822,-39.575,36.207,-0.37671,-0.97491,-30.681,29.417,0.41778,47.794,-48.774,-1,0.93570,-0.35222,36.527,0.03446
0,1,0,1,-11.801,1,12.473,1,-1,1,1,1,46.745,24.475,0.26,42.844,13.619,1,-47.66,1,1,1,1,1,1,1,1,-21.507,0.5,13.016,0,1,-1,3.809,-1
1,1,-29.256,1,0.03529,1,0.18281,1,0.26968,1,-38.788,-23.314,0.28778,1,40.883,1,-39.259,1,7.642,1,0.53846,46.983,0.61267,1,17.06,-42.566,-45.231,0.89502,0.71374,0.85611,0.67149,0.74389,0.85611,50.19,0.75837
0,6.407,0,1,-1,-6.773,1,-50.324,-1,1,-1,0,0,0,0,29.662,-15.897,1,-1,1,-1,46.201,-44.854,1,-1,34.058,39.377,1,-1,-1,-1,0,-27.717,1,44.771
1,1,0,0.96087,0.08620,0.96760,-35.537,-15.106,-4.43,0.98044,42.144,0.92867,0.46281,0.86265,0.52517,0.82820,0.58794,0.73242,0.69065,44.352,0.73140,47.699,48.078,-9.75,20.672,0.40615,0.74689,0.33401,0.83796,0.24944,0.86061,-31.943,0.86835,-40.539,0.86285
0,1,6.221,0.69444,45.676,0,0,-0.32937,-30.326,26.581,0,30.736,-17.759,0,0,0.20635,-0.24206,0.21032,0.19444,46.478,0.78175,0,0,0,31.472,0.73413,0.27381,0.76190,-27.355,0,0,22.885,0,-21.912,0
1,1,0,1,0.05070,1,-22.054,1,0.19498,1,0.28453,43.548,0.34826,-9.441,-10.048,-45.197,-1.476,0.89126,-41.952,0.75906,0.58801,0.80644,-4.429,-2.21,25.152,0.66643,0.63942,0.59417,0.69435,0.49538,0.72684,0.47027,0.71689,0.33381,0.007
0,0,0,1,-4.525,-27.608,0,-36.454,26.91,16.968,-1,1,1,1,-14.673,20.779,-1,1,1,-11.14,4.771,1,-1,-1,-1,15.107,-1,1,-1,1,1,0,-18.447,1,-1
1,1,0,1,-13.883,1,0.11982,1,0.16159,-29.581,0.27921,0.98703,0.30889,0.92745,0.37639,0.91118,9.849,0.81939,0.46059,0.78619,0.46994,24.645,13.39,0.70331,0.58129,-19.266,0.59723,-30.89,15.706,26.258,17.581,0.45312,-32.841,0.40442,0.62658
0,0,0,1,1,-38.421,-1,1,2.272,-25.836,-21.188,9.415,1,1,1,1,1,43.735,-1,-1,-42.189,-1,1,-1,1,1,-1,16.963,1,-1,1,-1,31.648,42.898,-28.464
1,1,-32.314,1,12.986,1,0.48590,1,0.72973,1,1,35.026,-24.675,1,1,1,0.77128,1,1,43.98,-35.695,0.74468,1,0.89647,-18.459,-31.705,1,-34.475,1,37.124,1,-0.17370,28.745,-0.81383,1
0,0,0,1,-34.123,1,-1,1,1,-1,1,0,0,49.601,1,0,0,0,33.474,-19.365,1,-1,1,1,1,-20.196,-47.46,43.875,1,1,-5.326,16.533,-11.966,-28.889,1
1,1,6.968,1,21.703,1,0.62937,1,0.09557,-47.706,0.20280,1,-1,1,-47.772,-18.692,-0.15851,1,10.354,47.708,-0.61538,1,-27.333,1,-1,42.178,-0.58042,1,-0.81372,1,45.461,29.294,-0.78555,1,-0.48252
0,0,18.528,1,-1,1,1,1,1,1,1,1,1,1,-1,16.412,-1,1,1,12.279,-1,-41.164,49.244,1,-37.057,40.552,-1,-39.148,1,1,23.734,1,-40.682,1,25.392
1,-7.534,0,0.92277,0.07804,0.92679,0.16251,0.89702,-40.806,0.84111,-35.127,30.406,0.42196,41.576,28.972,0.70796,0.56476,11.807,0.64200,0.51247,32.197,19.315,0.66975,0.34232,0.68343,-10.933,0.76146,0.18765,0.73885,0.09694,-7.854,0.02735,0.77072,-0.04023,0.69509
0,1,-38.528,0.68198,20.381,40.325,0.21908,37.41,0.32862,0.25795,0.58304,1,-0.15194,0.01060,0.44523,0.01060,-10.819,2.771,0.41168,0.10567,0.36353,0.04325,-19.016,-0.00083,39.509,-0.02862,0.19405,3.602,0.14481,-21.07,39.237,-0.04585,0.07064,-0.04013,0.04586
1,1,0,0.74852,-0.02811,21.916,-0.05178,0.80621,25.806,0.85947,0.02515,0.63462,0.08728,0.71598,0.07840,0.73077,0.05178,38.499,-15.526,0.65976,-46.245,12.96,-7.757,-9.835,-0.18639,0.65385,0.02811,0.61009,44.34,-11.197,-0.21154,44.638,-0.14053,0.56361,0.02959
0,1,0,0.39179,23.08,17.556,30.727,3.158,7.721,0.35821,0.15299,0.54478,-18.978,0.61567,-0.82090,-37.169,37.526,0.66791,-0.10448,0.46642,-0.11567,0.65574,0.14792,45.189,0.45522,0.47015,0.16418,0.49309,0.14630,-6.615,49.871,0.39118,0.13521,0.34411,0.12755
1,1,0,0.67547,0.04528,0.76981,34.382,0.77358,0.03774,0.66038,-0.04528,-12.9,0.01132,38.627,-0.13962,-24.67,-0.02264,41.116,0.08679,0.61887,-0.07925,11.256,-0.23774,22.834,-0.14717,0.84906,36.878,13.294,-0.05801,0.66792,0.02264,0.86415,0.167,-10.04,0.00755
0,1,0,0.72727,-0.05000,0.89241,-22.008,11.166,0.72727,-34.631,-0.05909,-18.711,28.739,0.81809,-20.738,0.56818,21.177,0.50455,0.21818,0.66818,0.10000,1,-14.263,0.98636,-1,0.57273,0.32727,0.56982,0.14673,0.42273,-32.37,13.767,0.14643,13.79,1
1,1,-43.578,0.57647,-0.01569,46.202,0,0.38431,-13.189,0.40000,35.384,0.56471,-38.011,0.46667,0.08235,5.734,-0.05490,0.58039,0.004,0.50196,0,0.45882,-6.091,0.58039,0.08235,-17.876,0.00392,0.48601,0.10039,23.813,0.08235,0.45098,-32.103,0.43137,0.17255
0,1,0,0.41932,0.12482,0.35000,0.12500,0.23182,32.381,-0.03636,0.44318,0.04517,-34.613,-0.19091,0.33636,42.455,26.481,0.02727,0.40455,-41.615,0.12727,-0.20028,-44.33,-19.857,13.845,-30.031,43.044,-0.09971,-0.07114,-1,-1,26.742,-0.07464,-0.00526,-0.06314
1,1,-41.379,23.53,-0.21996,0.545,0.36373,35.286,0.19206,-44.334,0.05901,-19.764,-0.04292,0.85193,0.25000,21.918,0.25322,-40.646,0.57940,0.71030,0.39056,-42.119,0.27575,1,0.34871,-16.569,0.52039,0.69811,0.53235,0.80901,0.58584,-27.543,0.70923,0.52361,0.54185
0,1,0,0.84557,-0.08580,-0.31745,-34.76,-0.08961,22.286,0.80648,0.04576,0.89514,-0.00763,-0.18494,0.63966,-0.20019,-0.68065,0.85701,16.287,34.061,-11.987,-0.06959,0.50810,-28.231,-5.405,0.78932,-0.03718,6.535,-0.25288,0.77884,-47.257,26.869,-0.78170,-0.18494,-8.805
1,1,-17.1,0.70870,-0.24783,0.64348,0.04348,0.45217,0.38261,0.65217,0.18261,0.5,31.894,-18.239,-0.23043,0.50435,42.046,0.38696,-25.526,7.568,8.117,0.26957,0.11739,0.53246,-0.03845,0.31304,-0.12174,0.49930,-0.04264,-8.889,12.235,0.64348,-16.288,0.50435,-30.729
0,1,0,-42.915,0.14861,-26.542,0.73375,0.52012,-9.297,0.31889,-17.302,0.20743,-27.645,0.47368,-8.238,0.56347,-0.15480,0.16409,0.45201,2.848,0.03406,13.246,0.07121,-0.63777,-0.61610,1,0.65635,-44.783,-0.40116,-0.15170,0.11146,44.233,0.55820,40.37,-0.08978
1,1,0,0.29202,-12.027,-35.611,0.16808,14.004,-0.00509,0.52632,28.491,0.52462,-0.16638,-30.576,-0.04754,0.55518,0.03905,-46.899,-0.22411,-22.438,-23.991,0.34975,0.06621,-14.012,-0.20883,0.51731,-0.03176,0.50369,-0.03351,0.34635,-33.983,0.70798,32.769,0.39559,-0.03226
0,1,-30.365,0.79157,0.16851,0,0,-1.607,0.06874,0.39468,1,-12.208,0.99557,14.251,35.822,-10.188,0.12860,-0.02661,0.95122,-0.50998,0.84922,7.095,0.38803,-0.42572,-33.685,-0.91574,0.80710,-42.83,0.88248,-1,0.69401,-1,9.761,9.434,0
1,1,20.248,-10.047,0.16607,-44.278,0.37379,0.72990,0.50515,14.572,0.72997,0.44303,-17.334,5.39,0.87493,0.06438,0.85038,-0.12611,0.87396,-0.28739,0.79617,30.946,0.65924,-0.57135,-11.577,-0.68159,0.39951,26.269,0.25835,14.292,0.11218,-0.71475,-0.05525,-0.67699,5.063
1,1,0,0.97714,0.19049,0.82683,0.46259,0.71771,0.58732,0.47968,48.07,-18.226,45.605,0.10289,0.93945,25.323,0.84290,-0.32020,32.168,7.371,0.79525,-0.68274,0.49508,-0.77408,0.33537,-8.48,0.17849,-0.83314,-23.278,18.296,-0.19321,-0.67289,40.501,-0.59943,0.853
0,22.789,0,-1,-21.886,1.446,0,0.50814,-0.78502,0.60586,0.32899,35.917,-0.41368,0,-33.334,0,0,1,-0.26710,-47.353,-0.63518,-27.102,-1,-1,-1,-25.69,-0.59609,-1,-1,35.692,8.392,1,-1,32.798,0
1,1,-48.292,19.781,-6.768,0.79074,0.02543,0.78575,0.03793,0.66230,0.09948,42.276,0.31152,0.75934,-24.177,-29.349,0.08442,0.70681,-0.07853,0.63613,0,0.70021,-14.71,0.68183,0.12185,0.67016,36.818,14.342,0.13608,0.65707,0.17539,41.427,-38.538,0.57455,0.15114
0,1,-6.062,23.725,34.134,0,0,0.77941,-0.99265,0.80882,0.55147,-0.41912,-0.94853,0,0,0,23.552,-8.624,-0.77206,0.73529,38.692,26.676,0,0.18382,-46.431,-1,-38.974,42.095,-1,1,-1,1,-12.824,0,0
1,1,0,1,0.01709,-42.464,-6.43,1,-0.03436,-17.306,-0.05071,0.99026,33.326,3.138,47.214,-18.797,-0.15727,1,17.769,0.98310,-0.11813,1,-0.18519,1,4.44,0.98971,-0.22083,15.739,-0.20243,0.94599,7.559,0.96436,-0.22561,0.87011,-0.23296
0,-33.017,3.792,0,3.908,0,0,18.226,15.005,0,0,0,-46.187,0,0,0,5.257,0,-47.788,0,0,0,-38.196,0,28.739,0,0,1,-1,0,0,0,0,0,46.646
1,1,0,39.92,-0.12095,0.804,-36.534,0.96365,15.643,0.97026,0.08460,0.92003,-0.01124,-33.631,-0.24719,1,-0.31395,0.99273,-0.21216,5.023,-0.21018,1,-0.27165,0.93126,30.618,1,39.232,-27.793,-28.012,0.81428,-0.23728,0.89095,30.228,0.69531,-0.41573
0,27.654,-38.437,0.28409,-19.6,0,-30.577,0.68182,-1,-29.071,0.95833,44.268,0.06439,0.34848,-0.84848,0,0,-49.386,-0.35985,-9.453,-0.80682,0,0,0,-48.445,0.24242,0.17803,1,-0.23864,0.06061,20.58,-1.176,-0.70076,0,0
1,1,0,-20.834,-0.49311,1,-16.445,0.98898,-5.747,0.90083,-39.629,42.917,-0.10104,1,-27.609,-28.837,-38.619,20.89,-0.17681,1,-0.20491,1,-0.23452,1,-0.26571,1,-0.29852,-16.689,-21.158,1,-0.36931,1,-0.40740,1,-0.44739
0,1,0,19.017,42.996,-9.644,-41.543,0,0,-19.438,0,0.62195,1,0,0,0,-27.428,44.263,-0.71951,0.56098,-1,0,0,0,0,0,-41.413,1,-30.015,-33.278,0,0,0,0,46.333
1,1,-9.996,0.99449,28.701,0.84082,-0.11313,-5.446,20.446,0.99061,-0.06257,0.96484,-48.352,0.85221,0.02966,0.87161,-0.20848,-0.311,-0.12977,0.98298,-0.08935,0.89876,-38.756,37.131,-0.05882,0.93368,-27.583,-44.613,-0.17806,0.94294,-0.16581,0.80253,-0.25741,0.76586,-47.053
0,5.268,0,0.10135,0.10811,46.241,0,0,0,0.54730,0.82432,0.31081,1,0,0,0,46.574,2.465,12.016,8.225,-1,-4.534,0,26.249,24.42,-0.42568,-23.746,1,44.549,0.55405,-0.23649,0,0,0,0
1,1,0,1,-0.57224,0.99150,-15.094,30.768,-0.97450,23.081,-0.35818,1,-0.23229,10.355,2.365,1,-0.57535,5.173,-0.79603,11.794,-0.88952,0.96601,12.952,0.70120,37.637,0.61946,6.79,0.53777,-0.77986,0.81020,-1,1,-37.094,0.30445,-0.76112
0,-0.084,0,0.65909,-0.62879,0,0,0,0,0.77273,-44.918,-19.955,-0.28030,38.056,0,0,0,-7.0,-0.22727,26.245,-1,1,-1,-34.445,0,0,21.936,1,-26.606,-0.12879,-0.93182,0,42.778,-6.067,0
1,1,26.577,0.86284,0.19310,13.793,-37.187,0.67203,0.55785,0.54559,0.69962,0.36705,0.81533,0.19617,-18.638,-0.04061,-44.229,-0.17241,-30.865,-11.95,0.65747,-0.48199,0.56092,43.858,26.614,-0.59234,0.25747,-0.63038,0.08818,24.891,-0.07816,33.699,-0.19923,-0.42912,-0.31954
0,1,10.471,0.42000,-0.61000,0,-43.0,-33.907,39.46,0.90000,1,0.43000,-0.727,0,45.877,0,0,-17.752,-0.29000,-6.068,8.399,0,0,0,0,-30.97,0.68000,1,0.22000,0,0,0,5.061,0,0
1,1,2.887,1,0.23395,0.91404,0.52013,1.856,0.72144,0.47660,43.831,5.123,10.064,0.09467,0.88248,-0.21980,0.91404,-0.34168,-38.945,-9.825,2.244,-14.906,0.44614,-38.943,0.29162,-0.70838,0.03591,-0.71731,-0.11943,-0.64962,-0.28183,-0.51251,-39.868,-0.37432,-0.53319
0,1,-3.908,0.91353,0.81586,-0.72973,1,-0.39466,-15.243,0.05405,0.29730,-0.18599,-18.059,-32.843,-0.08970,0.01401,-0.03403,0.01108,-0.00537,0.00342,0.00097,0.00048,0.00075,-8.021,0.00019,-48.912,0.00002,-15.586,0,-17.929,0,0,9.805,-37.021,-27.431
1,1,-26.77,0.21429,-0.09524,0.33333,0.07143,0.19048,-27.091,0.23810,0.09524,-29.94,19.129,0.30952,-0.04762,21.59,-0.04762,0.28571,-36.265,24.808,0.04762,48.65,0,-8.516,-0.11905,0.35714,-0.04762,24.779,-0.02290,0.19048,0,0.16997,39.461,0.14694,-0.01877
0,1,32.141,1,21.939,8.5,-45.041,0.57377,49.709,47.741,0.01639,0.85246,-0.03279,0.72131,34.921,0.68852,-0.16393,0.19672,-0.14754,0.65558,-0.17176,0.67213,0.03279,1,-0.29508,0.31148,-2.231,36.725,-0.20325,-2.866,-0.03279,38.455,-0.44262,0.49180,-0.06557
1,1,0,0.98182,0,0.88627,0.03131,0.86249,0.04572,0.80000,0,0.69091,0.04545,-38.831,44.48,17.888,13.417,0.62727,0.25455,0.68182,-49.546,-27.609,0.12608,0.68604,0.13493,-47.598,0.22727,0.64581,20.189,17.829,-37.715,0.60715,0.16465,-32.469,0.17077
0,24.316,0,0.39286,0.451,-0.78824,-25.331,-0.16628,-0.76378,0.66667,0.01190,0.82143,0.40476,-28.598,0.30729,4.974,-0.63668,25.026,46.091,-1.215,0.05952,-0.51830,0.44961,-0.47651,-0.47594,15.84,22.466,0.51971,0.38848,0.57143,0.39286,-0.54891,-0.29915,43.575,-0.55837
1,16.116,0,13.103,-0.07111,1,-0.02494,-31.212,-18.121,0.87778,0.00222,0.83556,-0.06444,-21.849,-36.426,1,-0.20000,49.895,-14.682,0.88000,-0.03778,1,-18.234,1,-32.37,-20.801,0.03556,1,-0.14162,0.82222,-0.14667,1,-0.15609,1,-0.44222
0,1,0,-30.078,-0.12727,0.58182,-0.14545,0.18182,-0.67273,0.34545,-0.03636,-46.712,-0.05455,0.29091,-47.869,0.36364,-0.41818,0.20000,-11.056,0.36364,0.05455,0.12727,0.49091,31.205,0.16364,46.02,7.203,0.41098,36.53,0.34545,8.956,5.204,-34.98,0.29091,-0.29091
1,1,0,1,-0.92453,1,0.75472,0.49057,5.63,-42.339,0,1,-0.00054,0.45283,-9.77,-33.665,-0.05660,0.98878,-0.00085,0.52830,-18.437,0.52830,35.452,-39.885,-44.936,1,0.79245,0.92192,42.62,21.256,-1,1,-1.78,0.43396,-0.11321
0,-4.505,0,0.73810,0.83333,9.497,-0.23810,0.33333,49.061,-21.891,23.933,48.302,0.12808,0.33333,45.728,-42.803,-0.07143,-29.971,0.51163,0.23810,-26.956,0.45238,0.04762,-26.401,-0.26190,-0.57255,-0.10234,0.24889,-0.51079,1,0,-0.66667,-0.04762,0.26190,0.02381
1,1,40.539,0.43750,0.04167,0.58333,-0.10417,0.39583,0,2.459,35.857,43.833,0,0.29167,0.10417,0.54167,49.837,-36.419,-0.22917,0.35417,-49.109,0.33333,0.08333,0.25000,0.18750,-46.838,-0.18750,0.44012,23.101,0.41667,-0.08333,0.58333,-27.202,-28.165,-0.06250
0,1,0,18.322,1,0,0,-48.857,22.321,-23.462,0,-24.202,45.974,-0.51504,0.45489,-0.95489,0.28571,0.64662,1,-16.299,0,-31.095,0,0.62030,-48.829,-1,-1,-25.279,-1,49.736,1,0,0,0,0
1,1,0,0.95217,0.06595,0.93614,10.13,0.90996,0.19152,31.266,-39.114,0.90023,0.61320,24.255,0.34328,0.72254,13.395,-21.845,0.40844,0.95472,0.59862,36.072,0.44088,0.46773,49.172,0.40440,0.44199,0.34374,0.43221,-35.595,1,37.204,-38.448,0.18632,0.37191
0,1,0,0.59840,0.40332,-11.973,42.649,0.76001,0.70709,0.84010,-0.10984,0.97311,0.07981,0.95824,-0.85727,0.91962,0.145,0.95452,-0.05206,0.88673,0.18135,-28.271,-25.01,15.485,-0.85755,3.095,-39.877,1,0.17076,0.62958,-48.233,0.87757,46.555,14.293,0.68822
1,1,6.985,50.434,0.10129,1,-0.01918,0.98313,0.02555,0.96974,-46.007,-38.049,-0.02716,0.97980,-45.885,46.983,-0.05343,1,-27.769,0.93840,0.01557,0.97620,-0.09284,17.445,-0.05318,0.91567,-0.15675,31.618,-0.06995,0.90978,0.01307,41.496,-0.10797,0.93144,-43.531
0,-34.73,0,0,0,-0.33672,-15.213,0,0,0.68869,-1,0.97078,20.224,-8.034,-0.59212,-0.30241,47.607,7.348,0.16391,0,0,0,0,32.878,-1,0,45.771,1,39.377,0,-49.324,-16.853,0.61881,0,0
1,44.662,0,0.96933,0.00876,-39.63,0.00843,0.98658,-0.00763,42.772,-0.02844,0.99820,-0.03510,-26.99,-0.01271,-20.912,-0.02581,1,47.143,-3.72,0.00025,1,-0.02612,1,-0.04744,0.96019,-0.04527,0.99188,-32.115,0.97020,-0.02478,1,-10.272,48.374,22.844
0,1,0,6.221,0,0.98919,-0.22703,31.661,26.527,0,0,0.93243,0.07297,1,-0.20000,46.287,0.07027,1,45.9,0,-31.024,-9.441,-0.21081,1,30.32,0,0,1,-0.17568,-10.43,42.548,1,-18.018,0.28919,-0.15676
1,1,0,25.165,-42.442,0.34146,-0.02439,0.52751,-22.128,-0.551,0.12195,14.54,0.04755,0.21951,-46.094,0.29268,0,-2.64,0,0.31707,0.07317,0.26829,0.12195,16.205,0.05813,0.21951,0.09756,0.19304,-4.972,0.17410,0.05504,0.19512,-1.904,0.17073,27.983
0,1,23.851,-36.454,1,-32.477,2.771,19.779,0,0,-18.447,1,1,1,-1,1,1,1,-1,0,0,0,-5.525,1,-27.886,0,0,-14.673,-1,1,-29.581,-11.14,-1,0,0
1,1,0,-13.577,0.20408,0.46939,0.24490,0.40816,0.20408,9.921,0.44898,-19.631,0.59184,0.12245,0.55102,0,0.51020,-0.06122,0.55102,16.768,0.55102,14.811,0.44898,-0.28571,43.062,-0.61224,0.22449,0.807,0.14895,-0.59184,13.011,-0.34694,-22.188,25.453,-31.724
0,16.963,0,0,-26.836,-28.464,-1,0,0,0,0,1,1,1,-0.25342,1,0.23288,-42.189,-1,0,0,32.648,0,44.898,1,0,0,43.98,7.415,-32.351,0,-38.421,-37.695,0,0
1,1,0,16.43,0.38235,0.91176,0.37500,0.74265,0.67647,0.45588,0.77941,0.19118,0.88971,-0.02206,0.86029,-0.20588,-34.034,-0.37500,-31.638,-0.5,34.504,-28.624,0.38235,-20.319,0.08824,-0.74265,-0.12500,27.065,12.503,-26.226,-0.42647,36.575,-21.703,-0.28676,-0.56618
0,1,0,-1,0.28105,0.22222,0.15033,-0.75693,-0.70984,-0.30719,0.71242,-1,1,45.644,43.214,-0.79085,-0.02614,-0.98039,6.138,-0.60131,-6.869,-18.411,47.771,-10.025,-0.94118,-47.46,-0.43137,-34.379,33.566,-1,0.05229,0.18301,-27.041,-0.40201,-0.48241
1,1,28.294,15.679,-0.10000,0.53333,0,0.33333,-0.13333,-47.0,0.11667,0.56667,0.01667,0.71667,41.261,0.70000,21.703,0.53333,0.20000,0.41667,-0.01667,0.31667,0.20000,-18.992,46.708,0.25000,48.377,-41.702,10.359,0.40000,0.03333,0.46667,0.03333,-48.289,-0.05000
0,-34.479,0,-0.26667,0.40000,24.461,0.12159,-0.17778,-0.04444,-37.995,-0.06879,0.04461,0.02575,-0.00885,26.419,39.536,-0.00166,-0.00093,-0.00883,0.00470,-0.00153,11.28,0.00238,-8.535,0.00102,-40.149,-0.00050,0.00019,-0.00043,-11.17,0.00005,0,-41.682,18.528,0.00002
1,1,31.548,1,-0.37838,0.64865,0.29730,-10.559,-0.24324,12.067,-20.833,1,-0.27027,29.016,39.502,0.62162,-0.05405,0.32432,-0.21622,0.71833,29.441,0.62162,0.05405,19.673,0.13514,-40.701,-0.29730,0.61031,-0.22163,0.58478,-0.23027,-7.834,40.274,0.51351,-0.24324
0,1,39.26,0.94531,-0.03516,-1,-0.33203,-1,44.032,-18.351,0.01172,0.93359,-0.01953,-1,39.298,2.645,44.402,0.95313,-0.03516,0.92188,-0.02734,1.592,0.11719,-39.461,0.34766,-14.291,-0.00391,0.82041,0.13758,0.90234,20.488,35.944,-0.18750,-1,-0.34375
1,1,30.684,13.125,0.02254,0.93757,-0.01272,0.93526,0.01214,0.96705,-11.75,0.96936,0.00520,0.95665,-0.03064,7.674,-0.00405,-6.831,16.555,-9.183,0.01792,0.93584,-0.04971,-45.292,25.754,0.97052,-0.04451,0.96215,-0.01647,22.233,0.01908,0.95434,-0.03410,38.672,0.00809
0,1,0,1,-0.05529,1,-1,0.5,49.786,44.718,-0.22222,1,37.702,-18.942,-13.656,1,-7.287,1,-0.38853,37.847,-0.42862,0,-0.25000,1,21.591,1,-0.27778,24.143,-38.318,3.158,-0.27778,1,-0.63156,1,-0.65935
1,1,0,0.31034,40.243,0.24138,-0.10345,0.20690,-0.06897,-10.698,-0.05431,0.03649,-0.03689,0.01707,-0.02383,0.00741,-0.01482,0.00281,34.479,0.00078,-0.00523,37.029,-0.00299,12.555,-25.393,10.497,0.128,-0.00025,-0.00048,-0.00018,-0.00024,-0.00012,13.278,10.166,28.907
0,1,20.177,0.62745,-0.07843,0.72549,12.79,-34.687,-22.121,0.62745,-32.569,0.68627,-19.311,-13.297,5.071,0.64706,-0.09804,0.54902,-0.11765,0.54902,-0.21569,0.58824,-0.19608,0.66667,-0.23529,0.45098,-6.412,0.52409,-0.24668,0.56863,-43.892,0.43137,-21.049,0.47059,-0.27451
1,1,0,-34.725,0.16667,-37.685,-13.051,0.19036,0.23966,0.07766,23.55,0.01070,-44.231,32.078,0.10188,-0.03685,0.06317,-0.03766,-18.34,-0.03230,45.813,-0.02474,0.00357,-0.01726,-0.00273,-0.01097,-32.344,-0.00621,-0.00586,-0.00294,-0.017,35.442,-0.00408,0.00025,-0.00291
0,1,0,-21.326,0.15625,0.06250,0,13.482,0.06250,-29.266,0.06250,0.18750,0,-0.486,0.09375,0.06250,0,0.15625,-17.293,0.43750,25.833,0,42.998,0,26.771,-41.236,-0.46875,0.03125,0,-0.71875,0.03125,-0.03125,-19.671,42.589,0.09375
1,1,16.4,1,-0.01081,-40.379,-0.02703,1,22.582,0.95135,-0.01622,35.452,-0.03243,-32.966,0.08649,1,-0.06486,-27.022,0.09189,-41.873,-0.00541,23.85,0.06486,1,0.04324,0.97838,0.09189,0.98556,0.01251,-44.185,-0.03243,1,21.167,1,-41.408
0,-46.116,5.826,-7.354,-15.981,-8.373,0.08069,1,1,0.91473,-0.00775,0.83721,0.03876,1,0.27153,1,1,0.81395,0.04651,0.90698,0.11628,1,0.50670,34.282,-1,0.80620,-6.175,-16.1,0.71613,-27.045,0.06977,28.082,0.87317,-10.829,1
1,1,0,0.90374,-0.01604,1,8.458,8.207,0.01604,0.93048,0.00535,0.93583,-0.01604,-17.817,0,1,41.732,1,12.79,0.91444,31.667,13.247,0.02139,-16.245,-0.01604,-29.914,0.05348,-7.358,0.04452,0.87701,-25.089,1,0.09091,0.97861,0.06417
0,1,-27.493,-0.20500,0.28750,0.23000,-42.273,44.492,-44.879,-11.84,0.35000,0.36285,-0.34617,0.09250,0.27500,-0.09500,0.21000,2.423,0.23500,-0.34187,0.31408,-0.48000,-0.08000,-35.766,0.33176,-0.58000,-9.398,0.32190,-34.366,-0.47000,-26.02,-0.27104,39.531,0.40445,0.03050
1,1,-2.173,0.60000,0.03333,-30.416,0.06667,0.70000,0.06667,-41.789,0,7.831,0,0.80000,0,0.73333,-47.715,28.982,0.10000,33.454,0.10000,14.22,-23.982,0.76667,0,0.63333,0.13333,0.65932,0.10168,0.60000,-22.729,0.60000,0.16667,-13.66,0.16667
0,1,0,0.05866,-0.00838,-12.525,-12.106,0,-0.01117,0.00559,9.395,-10.932,-0.07542,-0.00559,0.05307,-30.3,-33.956,0,35.385,-0.06425,0.07542,14.228,20.273,0.02793,-0.00559,0.00838,0.00559,0.10335,-0.00838,0.03073,9.63,-10.381,0,0.04749,-0.03352
1,8.892,0,0.94653,19.407,-17.42,32.085,0.47564,0.82455,0.01267,0.89109,-0.24871,15.86,4.785,0.56079,4.387,0.41743,-45.736,0.07208,-0.65426,-0.19525,-0.52475,-8.066,13.665,-0.55089,-0.04119,-0.64792,27.149,-0.56420,0.36752,-0.41901,0.46059,-0.22535,0.50376,-0.05980
0,1,0,0.05460,0.01437,-0.02586,0.04598,36.932,0.04598,-0.07759,0.00862,0.01724,-23.331,-18.577,1.489,-0.08333,-0.04598,-0.09483,44.759,-0.04023,0.05172,0.02011,47.25,-0.03736,-0.01149,0.03161,1.341,32.806,0.01724,40.864,0.01149,0.02586,31.263,25.41,-0.00575
1,1,0,0.72414,-28.084,0.79704,0.01084,37.492,0.00197,-20.096,0.01084,-25.906,-0.00985,0.83350,9.424,0.85123,0.01675,22.59,-48.3,-32.543,-0.02956,-46.958,-38.651,0.74778,0.05517,0.72611,-0.01478,0.78041,40.836,0.74089,-0.05025,0.82956,0.02956,0.79015,0.00788
0,1,39.295,0.03852,0.02568,-14.819,0,0.01997,-0.01997,0.02140,18.99,-0.04850,43.083,-30.081,-0.02282,0,-0.03281,-0.04708,-0.02853,36.646,0.03566,0.02140,-37.97,0.05136,-0.02282,0.05136,0.01854,-24.21,41.614,0.01997,-6.811,13.675,-0.01854,-0.01427,0.01997
1,1,0,0.47090,0.22751,0.42328,0.33598,0.25661,0.47619,0.01852,0.49471,-0.02116,0.53968,-0.34127,23.037,26.263,-45.106,-0.51587,0.06878,-0.5,-0.11640,-18.454,-0.14550,34.986,-0.38095,-0.23280,23.555,0.03574,14.456,-11.666,-9.562,0.24868,17.668,-5.795,0.04233
0,47.646,-43.426,2.233,0.00686,0.13959,-0.04119,4.738,5.174,0.12586,47.243,0.23341,-0.01144,0.12357,0.07780,-6.252,-0.13501,8.021,33.349,0.18993,0.07323,0.11670,3.792,0.11213,-0.00229,0.15103,-0.10297,0.08467,0.01373,0.11213,-19.864,0.09611,-0.07323,0.11670,-0.06865
1,1,0,0.94333,0.38574,0.48263,-32.372,28.955,0.77514,-36.966,0.64899,-0.73675,0.42048,-0.76051,0,29.919,-0.31079,-0.38391,14.384,-0.12797,-0.69287,0.49909,-48.424,0.71481,-46.564,-27.942,-0.05484,18.827,0.30384,0.45521,0.60512,3.936,0.54479,-38.411,0.50457
0,1,-9.903,0.01975,0.00705,0.04090,-0.00846,0.02116,-29.366,0.01128,0.04372,-1.336,39.426,0.01975,-34.497,30.993,4.097,-0.04090,-27.669,-0.02398,-0.00423,0.04372,15.8,0.01834,0,0,-0.01269,0.01834,0.159,0.00564,-0.01551,-0.01693,-0.02398,0.00705,38.963
1,1,0,0.85736,0.00075,-49.157,-29.894,0.77521,-0.04182,0.84317,0.09037,-19.963,20.009,27.534,-0.06124,0.78342,0.03510,-37.6,-0.06796,0.83570,-0.14190,0.88125,21.077,0.90515,0.02240,-47.649,-0.01942,-29.753,-0.03678,-18.401,-0.06423,0.73936,43.605,0.79089,-0.09186
0,42.917,0,1,-1,-29.124,1,-1,1,-37.469,-1,1,45.333,-18.689,-1,-1,1,1,1,1,1,-28.484,1,-8.644,-5.876,-15.408,-1,-20.779,-39.298,1,1,-1,1,-1,1
1,1,42.996,19.869,0.39252,0.38887,0.76432,0.08858,-40.554,-0.42625,0.88744,-0.76229,0.49980,-0.93092,0.10768,-20.297,-0.31044,-0.66030,-0.55262,-0.19260,-42.274,0.28444,-0.80496,0.64649,-0.35230,0.77814,-33.511,0.71698,-27.214,44.276,36.835,0.19667,-38.094,28.584,0.64933
0,-47.277,0,1,1,1,0.51250,47.199,-1,1,1,0.02500,0.03125,1,1,0,20.611,1,-28.385,1,-45.775,14.016,1,-45.177,1,-8.996,1,-5.329,1,-0.249,1,-0.94375,1,-4.534,0
1,1,0,5.268,46.79,26.876,3.094,0.01961,1,10.536,0.92157,-0.82353,0.58824,-1,8.012,-0.96078,-23.079,2.582,-0.68627,-0.23529,44.686,0.35294,-1,0.74510,-0.72549,0.92157,-0.21569,0.92874,0.21876,0.72549,0.56863,0.23529,25.322,-36.211,0.90196
0,1,0,0,0,3.173,-1,-21.955,1,0,-6.067,-1,-13.36,1,1,39.386,-1,0,9.726,0,29.873,12.952,21.081,-1,1,1,38.494,1,-1,7.559,0,-1,-1,-1,1
1,1,0,-45.473,0.44444,0.53695,-33.537,-0.22222,35.248,-0.33333,0.88889,-1,-0.751,-1,-0.11111,-1,-0.22222,24.737,-0.77778,-25.111,-1,-0.22222,-20.272,0.77778,-0.22222,0.33333,0,27.125,-7.171,43.352,22.78,0.22222,1,-0.55556,1
0,-18.422,45.877,0,0,0,0,0,0,-37.598,0,0,12.984,0,0,26.577,-11.609,0,0,25.463,0,-31.18,-45.092,0,0,0,0,1,-31.623,0,0,0,0,44.46,0
1,1,5.061,1,9.399,1,42.989,-42.5,-37.702,0.75000,0,0.91201,-1.246,0.89067,0.14210,0.86922,0.16228,0.75000,-6.658,0.75000,40.96,11.221,0,1,-39.95,0.5,0.50000,0.73944,0.26388,-34.157,0.25000,0.69635,0.29074,0.67493,0.30293
0,-39.423,0,-1,-8.312,3.887,1,-27.431,0,1,-1,-13.261,-38.021,1,-1,3.847,-1,0,1.599,-18.929,-1,0,0,0,0,-1,8.147,1,-1,1,2.076,-1,-1,0,0
1,1,48.341,-31.812,0,1,-15.586,0.66667,0.11111,-35.146,-0.11111,0.88889,9.693,-47.912,-0.22222,0.77778,0,-3.13,0,1,-0.11111,0.77778,-15.911,0.66667,-0.11111,-29.678,0,0.90347,-0.05352,1,0.11111,-17.068,-0.11111,-7.021,0
0,0,38.176,24.474,0,21.28,0,0,0,0,19.106,0,-26.77,-1,-2.887,0,0,1,0.75000,0,0,-27.282,0,-1,1,32.141,24.558,1,-1,-9.731,-1,1,40.482,0,0
1,1,34.921,37.201,17.571,-32.057,-3.648,1,0.09091,1,-0.09091,1,0,1,-0.27273,1,-0.18182,1,0.09091,1,49.726,1,-0.36364,-44.09,-48.253,23.086,-0.09091,1,7.451,48.086,0.45455,1,-0.27273,1,-0.18182
0,25.562,0,0.62121,-0.63636,-39.624,0,21.763,0,44.741,0.28788,0.42803,0.39394,13.246,0.51894,-37.379,0.31439,-0.53788,0.32955,0.12121,-0.14773,0.01894,-0.53409,-0.57576,-49.495,-28.024,-0.27273,17.414,19.463,0.43182,0.24242,0.18182,23.293,0.17045,-0.41667
1,1,15.519,-0.763,0.11765,1,-25.209,1,-21.234,1,0.05882,1,0.23529,6.322,0.044,1,0.47059,44.321,-0.05882,1,-32.301,1,46.289,1,0.41176,1,-28.043,1,-17.916,1,0.05882,1,0.35294,1,0.23529
0,1,12.234,-22.849,0,-1,-0.62766,16.116,0.51064,0.07979,-0.23404,-1,-0.36170,-32.084,-15.325,1,-35.617,0,0,-17.222,-0.07979,-0.25000,1,0.17021,-0.70745,0,36.6,-0.19149,-0.46809,6.816,-36.843,0.74468,49.93,-0.67553,0.45745
1,1,0,0.91667,-47.868,-9.012,-0.16667,0.70833,30.836,0.87500,-0.08333,0.91667,-18.396,0.83333,0.12500,0.70833,-47.003,0.87500,0.04167,1,9.094,0.66667,-0.08333,0.75000,-10.871,0.83333,5.561,-29.677,0.05503,6.077,45.901,0.70833,0,0.70833,0.04167
0,1,0,49.161,-0.16667,0,-29.589,0,0,0,0,0,0,49.319,-34.479,0,-42.962,0,35.377,0,42.621,0,-40.837,-0.05128,-45.0,0.07853,0.08974,0.17308,20.203,0.12500,0.09615,-2.188,-0.04808,0.16827,0.19551
1,1,-26.568,-42.088,45.647,1,-28.611,-4.513,23.777,1,-22.674,0.96662,-0.34281,0.85788,-0.47265,0.91904,-0.48170,0.73084,-0.65224,0.68131,-0.63544,11.083,-0.78316,0.58829,-0.74785,0.67033,-0.96296,-26.492,-49.736,0.37941,22.363,0.24117,-0.88846,0.29221,-0.89621
0,50.816,-48.857,49.736,1,-1,1,-1,42.529,36.266,-36.646,0.46053,2.196,0.22807,-47.177,0.35088,0.34649,0.72807,-0.03947,0.22807,0.53070,0,40.539,-27.187,-0.16228,1,-0.66667,-25.279,-1,1,-0.24561,0.35088,0.20175,0.82895,0.07895
1,1,0,1,0.24077,0.99815,0.00369,-30.292,-24.98,0.89919,-0.23486,47.572,22.081,36.278,-23.768,0.71492,-0.36078,0.47194,-0.61189,-38.44,-0.55059,0.61041,-49.425,0.53176,-0.32681,48.967,-0.52142,-16.007,-0.48390,0.12777,-0.39143,17.478,-0.51329,0.18353,-0.46603
0,0,-22.507,12.473,1,14.016,-1,0,0,-36.499,0,1,-49.66,-37.614,1,30.417,0,1,-1,0,23.475,0,36.97,10.999,1,-1,1,1,-1,-1,1,-1.74,-1,0,0
1,15.619,0,0.92247,-0.19448,-23.349,-0.17674,42.714,-0.22602,41.313,-0.27070,17.258,-0.28909,-45.211,-0.49639,0.63338,2.309,0.37254,-0.70729,0.27070,-0.72109,0.40506,-0.54172,46.08,-0.59691,0.14750,-29.892,0.09312,-13.397,-0.07162,-0.54928,-39.594,-0.54074,-0.07457,-0.47898
0,1,0,5.985,44.983,-0.50694,1,1,-28.717,1,0.53819,0,0,0.23958,-1,-6.773,-38.039,0,0,1,31.662,1,1,0,-45.854,-0.71528,50.475,0.33333,-1,-42.462,-1,41.075,44.771,0.47569,1
1,7.407,0,0.84177,-48.889,47.451,-9.472,0.09916,0.93460,-0.37764,20.792,-0.72363,0.61181,-0.93882,0.19409,-0.86709,-0.25527,-0.62869,-0.65612,-0.25105,-0.85654,-15.904,-36.595,42.308,-41.298,0.74895,-0.28903,0.77937,0.07933,0.64135,33.486,-16.583,0.62447,-0.00422,0.69409
0,1,22.885,46.287,1,0,47.155,-26.99,-1,-22.912,-1,44.662,1,1,-1,0,0,7.221,-1,1,1,0,-4.705,1,-1,46.389,-32.024,1,1,-33.08,1,-1,1,0,0
1,-9.43,0,1,0.63548,1,25.524,0.77123,27.581,45.68,1,-1,-21.162,-5.028,43.548,-1,-9.441,-1,0,-1,-0.66667,-1,29.811,-18.759,-0.33333,-0.33333,-1,0.19235,-1,1,-1,0,-1,32.472,-0.66667
0,0,-3.006,-2.904,1,-1,-1,14.107,0,-1,-14.673,1,26.91,14.968,-1,-1,1,-0.746,-46.142,-1,-43.456,-1,1,0,0,1,-1,1,1,1,-1,4.771,-11.14,0,0
1,1,0,1,0.06843,-29.581,0.14211,1,0.22108,-26.608,-0.12500,16.096,-33.082,-36.454,0.48981,1,0.58986,-18.822,1,-18.937,16.972,1,0.92001,1,1,20.779,-4.525,1,1,1,0.25000,24.851,1,1,1
0,0,0,-14.924,-1,-22.188,0,25.718,0,15.963,8.415,0,-39.421,42.735,9.452,-30.479,-1,0,0,-1,-1,1.272,0,1,1,13.827,-1,1,-1,0,0,0,0,0,0
1,1,0,-31.665,-0.07896,0.58264,-0.14380,-36.827,27.531,0.29796,32.692,-29.083,-0.26339,-32.062,43.578,0.03459,42.791,0.20269,-0.29441,0.15196,-27.127,-34.763,-0.31525,-43.124,-0.26795,0.03004,-0.25124,-0.00046,-0.23210,-0.02612,-0.21129,-0.04717,-0.18950,0.01336,-0.27201
0,1,-35.123,-21.196,0,0,0,0,0,0,-6.326,1,-0.33333,-18.199,0.26042,0,0,0,0,0,0,12.546,-25.893,-0.16667,34.932,-1,-27.389,0.04167,0.75000,15.304,-1,-19.584,-0.27083,-0.19792,36.078
1,1,0,1,0.05149,0.99363,48.702,0.96142,7.115,0.95513,10.04,0.66026,0.54701,0.80426,-46.207,43.612,0.27380,41.846,0.28714,0.59615,28.587,33.999,-10.674,0.45582,0.28476,0.39023,0.27226,0.32930,0.25553,-26.793,46.697,0.22427,0.21378,0.18086,0.19083
0,1,0,-41.164,-0.09524,14.412,-1,-1,-1,22.769,0.31746,0.81349,0.76190,-1,-1,-1,1,47.182,1,-47.706,1,-19.004,-1,-1,-1,0.82937,0.36508,1,-46.367,1,-39.64,-42.682,24.409,47.244,0.72831
1,1,0,0.93669,-0.00190,19.136,0.43204,0.92314,-8.965,0.93123,0.16828,0.96197,0.09061,0.99676,0.08172,41.785,0.05097,-37.21,-0.25324,0.87379,-8.679,0.84871,0.26133,-10.419,-35.516,0.84547,-0.02589,0.87293,39.529,0.98544,26.486,0.78317,11.177,30.476,-0.14725
0,1,39.502,-10.208,-1,1,1,1,1,1,-0.5,40.26,1,-20.022,1,1,1,0,0,19.916,-18.324,1,1,1,-1,1,3.585,1,0.62500,29.502,10.452,-0.75000,1,-40.052,32.548
1,1,21.259,37.944,0.23058,40.134,-0.78509,-9.181,-0.10401,1,44.561,1,3.923,0.98120,-0.06861,21.554,0.06610,0.95802,-0.18954,0.83584,-0.15633,0.97400,0.03728,38.71,0.09242,1,-0.01253,-14.286,-0.04597,0.91165,0.03885,-37.528,-0.13722,45.013,-0.11717
0,1,0,0.36876,-1,-1,-1,-0.07661,-36.747,1,0.95041,-10.987,36.459,-1,-0.79313,-0.09677,26.778,0.48684,31.149,0.31755,-0.27461,-7.97,-0.20188,-0.11976,6.79,0.03021,0.06639,0.03443,44.345,12.169,-46.247,16.574,0.00108,0.00015,0.00325
1,50.897,0,0.79847,0.38265,0.80804,34.318,3.158,10.421,-24.41,-0.07398,0.70217,0.20663,-5.943,0.02105,0.98214,23.168,1,-0.13074,0.95663,0.07717,23.094,0.00191,-12.642,0.30804,1,-0.14541,1,-0.00394,0.75638,0.07908,38.959,-0.18750,-18.109,-0.05740
0,0,12.556,0.129,13.278,37.029,0,28.907,0,0,20.177,0,0,1,1,1,-9.772,1,-1,10.166,0,41.346,-21.042,1,-1,1,1,1,-35.295,1,1,1,-1,0,0
1,1,0,1,-0.28428,1,-0.25346,0.94623,-0.35094,1,-0.30566,-18.266,-0.49057,-13.055,-0.44119,-31.694,12.202,0.69748,-0.58019,-37.556,-0.57579,0.68459,-0.70975,0.54465,-0.87327,-43.086,-0.73333,-20.479,-6.918,0.26352,-19.157,5.374,-0.73145,23.49,-0.70000
0,1,0,0,-44.38,0,0,0,35.443,-0.85000,-33.339,-13.318,0,-18.671,-1,0,0,-1,-1,-35.975,-1.012,1,-42.268,-0.60000,-1,44.092,1,44.798,-0.20000,1,-1,0,33.101,0,0
1,1,0,1,0.09091,-40.425,26.68,-27.201,0,1,0,0.95455,0,1,0.04545,0.90909,-0.04545,1,-17.137,14.482,0,-41.987,0.09091,26.98,0.09091,-28.982,0.04545,0.461,0.02897,0.95455,42.68,0.86364,-0.09091,-19.806,0.04545
0,0,16.4,0,0,-1,1,1,1,20.139,-1,0,34.462,-1,-46.185,-1,-12.142,-1,-1,1,-1,1,-7.214,-41.338,0,-46.116,-34.955,-1,-1,0,22.85,1,-1,22.647,0
1,1,0,-8.461,-16.124,0.97059,0.17647,0.82353,-8.119,0.91176,-0.02941,0.97059,-0.17647,-26.919,0.14706,0.94118,-18.788,6.826,-25.099,1,-17.1,0.76471,0.11765,0.88235,0.02941,34.135,0.02941,0.92663,0.02600,0.94118,-0.11765,13.25,27.141,0.91176,0.05882
0,9.378,0,-1,1,-1,39.996,0.28354,-29.877,-1,1,6.207,-1,1,1,-1,-26.44,0.28301,-18.234,1,1,31.31,43.209,-1,-1,1,-1,-1,-8.364,13.742,40.668,-1,-0.32317,0.14939,1
1,1,-23.948,0.47368,-45.301,0.83781,0.01756,-11.331,0.02615,0.68421,-0.05263,0.68421,0,-35.266,-27.443,0.78315,0.05756,0.84211,-22.389,1,0.05263,0.72550,32.864,-8.455,2.592,-33.66,0.21053,0.65419,0.08968,0.52632,-0.21053,0.60150,-42.277,0.57418,0.09719
0,1,0,-2.179,12.986,-31.05,0,-0.01923,1,0,28.282,0,0,0,0,0,0,0,0,7.511,0.92949,-42.841,0.74359,-0.34615,-0.80769,-47.715,0,-0.61538,-0.51282,14.275,-33.922,0,0,-10.426,-14.294
1,1,0,1,0.45455,-11.592,0.54545,6.08,0.63636,1,-0.09091,-29.365,-10.948,21.066,-0.45455,-17.509,0.27273,1,-0.63636,10.633,-0.27273,0.90909,-0.45455,1,-12.037,1,9.343,16.015,0.08867,1,0.36364,1,35.926,0.72727,0.27273
0,0,0,-1,-1,1,18.12,-1,1,40.838,0,1,-1,48.227,-1,0,0,26.988,7.892,0,0,30.412,1,1,-1,-1,14.974,1,6.146,-45.071,0,1,25.956,0,-7.626
1,33.798,0,0.45455,1.441,22.425,0.09091,0.27273,0.18182,0.63636,44.679,0.36364,-0.09091,0.45455,-0.09091,0.48612,-0.01343,0.63636,31.07,0.45455,0,37.055,1.355,37.19,0.18182,0.36364,-23.355,0.34442,-0.01768,-18.267,0,0.36364,-33.334,0.28985,-0.01832
0,1,0,-1,-28.67,0,0,-1,0.64516,-0.87097,1,0,9.392,0,-20.886,-30.096,-26.69,0,13.701,0,-48.292,-1,-1,0,-24.25,41.128,0.23387,1,0.51613,-47.718,-38.685,0,0,0,0
1,1,-9.345,1,0.14286,20.04,37.378,1,0.71429,42.598,-0.14286,0.85714,-0.14286,1,0.02534,1,0,-45.002,-0.14286,1,0.03617,1,-0.28571,-5.818,0,0.28571,26.39,1,39.344,44.095,0.05182,1,-37.403,1,-14.824
0,0,0,1,1,24.552,-1,1,8.731,-18.797,15.774,1,5.633,1,34.134,1,1,1,-1,-5.062,21.725,-10.824,1,1,1,1,16.911,1,1,1,1,1,-17.306,1,1
1,1,-46.187,0.87032,0.46972,0.53945,0.82161,0.10380,0.95275,-0.38033,0.87916,32.658,0.58226,-0.92099,0.16731,46.48,-0.24942,-0.59383,-0.63342,-6.639,27.911,0.18823,1.359,0.51557,-0.57430,0.69274,-43.675,0.69097,0.10484,47.174,4.19,0.25974,5.822,-0.06739,-32.441
0,0,0,1,2.908,1,16.825,1,-1,-27.681,-37.196,1,-1,1,-1,5.036,-1,1,1,16.005,-35.407,-46.788,1,1,17.226,1,1,1,1,31.546,39.963,1,1,1,-1
1,32.012,0,0.92657,-29.336,0.89266,0.328,40.286,0.19791,0.83675,0.36526,21.871,0.40198,0.76221,-0.933,0.66586,0.48360,0.60101,-37.92,0.53392,0.52180,-33.982,0.54212,0.42546,0.55684,-9.57,0.55274,0.26978,-18.74,0.22307,0.53448,0.14312,-27.205,0.11573,0.46571
0,0,0,1,1,1,18.89,27.654,-1,1,1,0,0,1,-1,0,-49.977,0,0,0,0,-30.837,-20.779,1,-29.577,0,0,-37.469,44.624,0,-20.825,-1,-49.445,-40.298,0
1,1,-27.484,-3.941,0.13645,0.93716,0.25359,0.85705,-32.89,-29.334,0.47127,0.72352,0.59942,0.65260,-18.688,46.841,-16.953,-27.011,-8.816,0.25539,0.85952,0.13712,0.85615,0.00494,-15.519,-0.07361,0.79780,-0.20995,0.78004,-0.33169,42.632,-0.38532,0.64363,-0.47419,0.55835
0,0,0,1,-1,-1,1,-1,1,1,-40.543,-0.249,20.017,-1,-1,-1,-47.775,29.696,1,1,-39.757,35.252,-49.277,-1,-1,1,0,1,-1,43.996,-42.413,-1,1,42.897,1
1,1,2.094,-9.189,0.13069,0.73061,0.24323,0.64615,-6.138,26.618,0.45577,0.44793,21.075,-4.284,-44.916,0.25192,0.37115,0.15215,0.51877,-0.09808,0.57500,-0.03462,-26.956,-0.08856,47.018,-0.14943,0.40006,-0.19940,0.34976,-0.23832,-22.45,-0.26634,0.23896,12.777,0.31154
0,0,7.894,1,21.081,1,1,1,-1,-35.094,1,1,-1,14.952,1,1,44.549,1,23.42,1,1,5.268,1,1,-1,1,3.173,1,-1,1,47.241,12.026,2.229,1,1
1,1,0,0.97467,25.534,0.94120,0.20036,43.666,0.32248,8.449,0.32711,0.85550,-13.908,0.72298,0.52284,39.085,0.58820,-5.482,38.725,0.48869,30.577,-20.513,-6.94,0.35289,0.75622,0.26832,0.76210,0.16813,0.78541,0.07497,0.80439,-0.02962,0.77702,9.623,0.74242
0,0,-31.623,-45.918,0,1,1,-11.609,21.936,1,-24.667,0,0,1,-1,-19.494,0,0,25.463,0,0,0,26.204,0,34.248,-34.445,0,1,-1,0,-1.084,-1,1,0,0
1,-0.367,-34.907,0.92308,0.15451,0.86399,0.29757,0.72582,46.245,0.70588,0.56830,0.57449,0.62719,-37.166,0.74676,0.31705,0.67697,10.662,-17.654,0.04686,0.76171,-45.213,0.76969,-0.18479,0.71327,-0.29291,0.65708,-0.38798,13.569,-31.648,27.079,-0.53146,44.868,-0.56231,0.35095
0,0,0,0,0,1,1,1,1,0,0,-38.202,0,39.46,-1,0,0,41.989,8.147,-6.908,0,0,0,-38.423,1,9.399,0,1,1,1.599,-43.0,-40.7,6.061,0,0
1,1,0,0.88804,0.38138,0.65926,-38.553,43.171,0.87892,-0.06726,0.90135,-0.39597,0.80441,-0.64574,0.56502,-0.82960,0.26906,-4.015,6.577,1.669,15.226,-0.46637,-0.55605,-0.16449,-42.953,-40.161,-0.61055,36.169,-0.48392,-26.978,-0.29838,0.47029,-0.09461,-40.891,0.12556
0,0,0,1,-1,1,1,1,-12.951,1,44.489,4.622,1,-31.241,-1,9.191,1,1,1,1,33.32,1,-1,40.075,-1,34.374,-23.097,1,-17.546,1,10.26,1,1,1,1
1,1,0,35.569,-18.822,0.80151,0.10278,0.78826,0.15266,0.55580,0.05252,1,0.21225,0.71947,0.28954,0.68798,0.32925,0.49672,-20.612,11.419,-27.669,0.57399,8.04,0.53120,6.05,-21.882,0.57549,-49.351,0.48200,-47.547,1,0.35070,0.49721,-37.873,0.49831
0,0,0,49.343,0,0,0,44.125,0,0,0,-9.172,-41.278,0,-36.775,0,35.496,47.354,-5.594,0,0,25.723,36.199,0,0,0,0,1,1,0,0,0,-22.854,0,0
1,1,0,0.94649,0.00892,41.835,-12.825,0.98922,0.00372,15.658,24.995,38.084,0.03530,0.97213,0.04719,34.295,-27.057,0.94277,0.07135,0.98551,-0.00706,0.97770,0.04980,0.96358,25.438,0.93274,0.08101,0.95243,4.304,15.569,0.00818,8.536,0.07061,1,-0.00260
0,0,10.505,30.079,11.826,-1,-18.812,-1,-1,-17.521,26.634,0,0,23.277,-1,0,-2.87,0,0,0,-18.657,-1,1,1,1,0.348,0,1,-1,0,-46.812,-1,-1,-1,-1
1,1,0,0.50466,-0.027,0.71442,-10.508,0.71063,0.02258,0.68065,0.01282,-11.705,-6.119,0.69050,0.04393,32.67,0.05058,0.67023,0.05692,0.63403,-0.04662,41.034,0.06856,40.798,-36.123,0.84033,-33.588,0.59935,15.038,0.38228,0.06760,0.56466,0.09046,0.54632,34.04
0,1,0,0.68729,1,0.91973,-0.76087,13.775,-3.478,0.76087,0.10702,0.86789,0.73746,0.70067,0.18227,0.75920,0.13712,0.93478,-9.972,-19.153,0.18729,0.64883,31.677,0.60201,24.881,1,-0.53846,48.022,-4.237,0.71070,50.047,1,-6.898,25.732,0.23913
1,1,0,-42.897,-41.272,1,-0.29630,1,1.794,0.80000,0.06111,36.427,-0.42778,1,-0.12581,1,-0.83519,0.49259,0.01852,6.354,-0.05926,0.98215,-0.19938,-17.123,36.639,0.69630,-41.542,49.883,-0.24549,0.78889,0.02037,-6.246,18.696,1,-0.57037
0,1,-13.452,0.38521,0.15564,46.493,-26.569,39.68,0.24125,0.23346,0.13230,-39.778,0.25292,-48.696,0.36965,0.08949,0.22957,-48.769,-23.247,0.05058,0.24903,0.24903,0.09728,0.07782,0.29961,-37.507,0.28482,-0.06024,33.195,-6.906,0.14786,-0.09339,0.31128,-0.19066,0.28794
1,1,0,29.495,22.206,-45.224,-0.05357,-41.388,-0.01190,0.53968,0.03373,0.61706,0.09921,-8.9,-39.906,-11.347,0.01190,0.70833,0.02579,22.014,0.01587,0.47817,43.713,0.59127,0.03770,0.5,0.03968,0.61291,-0.01237,0.61706,-0.13492,-34.405,-1.78,0.62500,-0.03175
0,35.784,0,0.06404,-0.15271,-0.04433,0.05911,0.08374,-0.02463,-23.567,0.18719,0.06404,0,-37.618,-0.09852,0.05911,0,33.539,-30.713,-0.12808,-0.20690,48.946,-26.664,0.06897,-28.129,-7.773,0.16256,21.21,-0.04926,-0.05911,-0.09360,0.04433,0.05419,46.08,-0.10837
1,44.048,-42.174,0.61857,-45.56,-35.627,-0.06935,0.70358,1.601,0.74273,0.00224,0.71029,0.15772,-24.022,-0.00224,0.79754,0.06600,0.83669,-25.74,0.68680,-36.586,-7.705,-0.01342,5.564,0.11745,0.71253,-0.09508,0.69845,-0.01673,0.63311,0.04810,0.78859,-0.05145,18.997,-0.04698
0,1,5.553,-46.053,0.35949,0,20.159,-0.29620,-1,0,0,0.07595,-0.07342,-37.83,0,0,-4.892,0,39.996,-25.577,0,-7.984,0.68101,-0.20000,0.33671,-0.10380,0.35696,20.867,0.806,0,0,12.063,-1,0,0
1,1,12.533,0.88103,-0.00857,22.042,-0.02465,0.94105,13.424,0.89175,-0.12755,0.82208,-0.10932,0.88853,-16.895,0.90782,14.421,0.87138,49.495,0.90782,-0.02358,0.87996,-0.14577,14.688,-0.12433,0.90139,32.754,6.928,-0.14903,-26.385,-0.12862,0.88424,36.576,0.91747,-0.16827
0,1,0,37.191,-0.5,-48.321,0,0,0,0.46458,0.51042,0.58958,0.02083,0,0,0,-20.931,0.16458,-0.45417,21.231,22.888,0,0,-11.335,0,-38.879,-0.942,-1,-1,24.485,-0.75625,0,0,-31.952,18.121
1,1,0,0.88853,44.482,0.92007,12.394,0.92442,0.01359,0.89179,-0.10223,46.688,-0.08428,0.93040,-0.01033,0.93094,46.977,15.732,-46.78,0.89451,-0.04024,0.88418,-29.125,0.88907,-0.11909,0.82980,-0.14138,0.86453,6.783,0.85536,-0.13051,30.921,-0.12452,48.537,-42.096
0,1,-23.133,0,0,1,0.12889,0.88444,-30.975,0,0,1,-0.42444,1,0.19556,-1.563,-0.05333,-45.589,-0.81556,0,0,1,-0.04000,-4.903,42.438,-34.369,-10.988,1,-1,-49.065,0,-14.963,-9.904,0.90667,-0.09556
1,45.376,0,0.81143,0.03714,0.85143,-0.00143,0.79000,0.00714,0.79571,49.917,-26.614,0,0.85571,31.122,-4.302,0.00286,0.82857,8.884,-28.59,-0.11857,0.76857,-0.08429,0.84286,-13.187,0.77000,0.312,0.81598,-0.08669,0.82571,40.103,0.81429,-0.05000,0.82143,49.097
0,1,0,0,-20.386,0,0,0,0,-40.274,-28.748,0,44.703,-45.591,1,1,0.55172,0,0,0,0,20.224,-34.473,0,17.801,31.123,0,1,1,0,0,4.813,0,41.367,0
1,1,31.839,0.49870,0.01818,0.43117,-0.09610,-16.568,32.066,44.0,0.09610,0.44675,48.053,0.55844,-0.11948,0.51688,-0.03636,0.52727,6.981,-23.308,41.575,0.48571,-0.03377,0.49091,-0.01039,0.59221,0,0.53215,4.8,0.43117,0.03377,-44.459,-15.197,0.58961,-0.08571
0,0,20.236,0,0,0,7.255,30.192,0,0,1.157,0,0,0,0,-49.993,-6.995,0,0,-38.071,-42.754,0,0,-12.605,0,40.248,-3.429,1,-1,0,0,0,0,0,0
1,1,0,1,28.389,31.917,-18.673,0.25000,-37.452,0.16851,0.91180,27.853,0.80454,-33.474,-24.893,-0.43820,0.37856,-0.43663,0.16709,17.826,0.00678,-0.26477,-0.09025,40.781,-11.064,-0.07782,-0.12744,-0.02089,-0.10242,0.01033,-0.07036,-39.487,-0.04142,0.02249,-0.02017
0,1,0,42.899,0,34.423,0,24.134,1,-1,-32.078,0,15.543,1,-0.11111,-8.115,-7.804,26.057,0,-1,1,1,-15.786,1,-1,-4.619,0,1,-1,0,-49.85,0,0,1,1
1,1,26.511,0.87048,0.38027,0.64099,0.69212,0.31347,-28.044,-0.03933,-37.677,-0.42173,43.222,13.222,11.816,-0.81049,-16.488,-6.394,-0.12539,-0.67474,-0.38102,-39.283,-0.62861,-0.13013,-5.141,0.15552,-12.858,0.38544,-0.51568,0.52573,-0.29897,0.56239,-0.05938,0.51460,0.16645
0,1,0,11.023,0,0,39.973,0,0,-1,-8.788,0,0,1,0.37333,-0.12000,-0.12000,46.685,-39.132,-13.72,-7.553,0,0,1,10.754,-25.049,0,1,0.22667,0,0,-24.457,0,-35.385,0
1,1,0,0.88179,22.765,21.224,0.77655,26.012,-34.231,15.615,-7.991,46.939,0.71257,-0.86443,0.33652,-0.92384,-0.05338,-0.77356,-14.805,-0.46950,-0.73285,-0.10237,-0.82217,0.26384,-0.77570,0.55984,9.226,0.72147,-0.24433,0.72478,0.09599,0.58137,45.84,-40.773,0.57656
1,1,43.054,0.32834,0.02520,0.15236,0.21278,23.179,0.74003,24.391,25.497,-0.10312,0.19380,-16.613,-3.121,-0.94053,-0.05409,-0.13117,-0.14329,-0.30315,-0.44615,34.274,-0.85597,0.02668,38.062,7.882,-0.06295,0.33737,-0.11876,0.27657,-0.11409,0.15078,-40.711,-1.573,0.20468
1,1,0,-36.326,0.39121,-0.395,0.78579,45.641,0.89402,-0.33221,-33.791,10.712,9.11,-0.86622,0.21909,-0.84442,-33.91,-0.59714,-0.61894,-0.19354,-0.87787,3.551,-1.046,0.51109,-0.72454,-1.9,-0.27734,0.83008,-18.725,0.66592,0.49079,0.37542,0.70011,-0.03983,0.79444
1,1,0,0.62335,-0.03490,0.59085,44.025,0.60409,-37.837,-24.341,1.082,-0.096,-0.07461,0.67028,0.07220,-44.184,-0.08424,0.67509,0.09146,0.67148,0,0.58965,0.10108,0.50060,0.03129,0.65945,0.14079,-19.361,0.02019,-11.239,0.04452,-26.285,-0.00963,-28.276,-42.525
1,1,0,38.581,-33.6,0.70772,2.562,0.72243,1.181,0.79228,-40.643,0.81434,0.43934,-22.709,0.00551,0.70772,0.21691,1,-12.947,0.61029,-38.921,0.67463,0.04228,0.52022,-48.408,0.72978,-0.15809,0.61727,0.07124,0.30882,0.08640,45.595,0.07458,-35.846,0.21691
1,1,0,11.336,0.18923,0.78157,0.01780,0.77486,0.02647,47.645,-0.10308,-2.011,0.08000,0.73961,41.17,49.589,0.05776,0.68615,-0.08923,19.674,0.16308,0.66233,0.07573,9.898,-6.649,0.60154,-23.865,0.58803,0.08767,0.55077,-12.453,0.53389,0.09207,-2.228,0.09322
1,1,0,3.196,0.05375,0.84803,0.00202,0.84341,0.00301,0.84300,-36.111,-12.065,0.04102,18.14,0.00585,-17.408,-25.882,0.80622,-0.12447,-36.75,-0.03536,0.76365,0.00909,0.74635,-24.784,0.79632,-0.04243,-26.865,0.01096,0.62235,-28.246,0.66624,48.614,0.64407,0.01227
1,1,0,-33.122,0,0.38696,0.10435,0.49130,0.06522,0.46957,-0.03913,34.8,-0.12609,0.45652,34.227,43.867,0.02609,-23.514,0.19565,0.42174,0.14783,0.42174,-0.02609,0.32174,-0.11304,-20.126,-0.00870,0.41789,0.06908,0.38696,29.456,-41.941,-8.992,-16.885,-19.534
1,1,0,-3.031,-13.726,-42.843,-44.706,0.71628,-33.094,0.69320,44.627,0.65917,0.50122,0.57898,0.60814,28.053,0.58445,0.33354,0.67861,17.28,0.63548,-9.465,-44.627,0.02066,0.72236,11.252,0.63183,-0.11925,0.60696,-0.18226,0.56015,-0.25516,0.51701,-0.27339,0.42467
1,1.316,0,1,0.09802,1,24.351,0.98390,0.33044,-42.376,7.251,0.74977,0.60297,0.56937,0.71942,0.55311,-36.44,0.29452,36.218,0.21137,0.79777,41.586,-25.696,-38.305,0.79870,-25.269,0.75596,-0.22839,0.69187,-0.31713,27.42,-0.40291,0.54522,-0.42815,0.44534
1,1,0,0.89410,0.13425,0.87001,-38.218,0.78896,0.43388,-33.451,0.59975,-20.859,0.71016,0.39699,0.76161,0.24266,22.37,0.09134,0.79598,-0.09159,0.76261,-0.20201,16.959,33.236,0.62610,1.695,37.199,-14.146,0.40753,-0.50314,0.27252,-0.52823,0.19172,-25.856,-26.873
1,-22.961,18.022,0.94631,0.17498,0.90946,0.33143,0.85096,0.49960,-46.949,0.63842,0.59215,-41.185,0.48698,0.83614,0.30459,0.90665,0.17959,0.93429,-11.895,-11.783,-0.18880,0.89383,47.321,0.82492,-0.46534,0.76482,-0.58563,-0.693,-0.67929,3.466,-0.75321,0.42488,-49.653,-20.042
1,1,0,0.91767,0.18198,0.86090,0.35543,0.72873,49.279,0.60425,-9.213,14.247,-11.822,0.36100,30.367,0.15664,0.83558,31.872,8.119,29.864,0.77853,-26.022,0.76193,-0.43087,5.193,-0.53140,0.53886,-0.60328,0.40972,-0.64511,0.27338,-0.65710,0.13667,45.933,0.05394
1,1,0,0.76627,0.21106,28.809,0.38112,0.48409,-23.43,47.01,0.22273,0.13753,10.35,-43.981,0.44545,0,0.48636,-0.27491,0.42014,-0.56136,0.36818,19.362,0.18864,-45.093,40.165,-36.23,-0.03229,-0.33942,40.443,-0.27540,19.473,-0.19962,-0.24648,-0.11894,-0.27218
1,-27.329,0,-11.794,-0.60927,0.85430,49.115,40.95,49.993,0.56623,0.16225,0.32781,0.24172,0.50331,12.861,0.63907,0.19868,0.71854,30.248,0.54305,47.712,0.65232,0.27815,0.68874,0.07285,11.127,0.26653,31.902,0.27687,0.46216,0.28574,0.43484,0.29324,32.562,0.29942
1,1,0,2.075,14.433,0.70019,-0.12144,0.81594,0.09677,0.71157,-40.267,0.56167,-0.07780,0.69070,15.71,-48.669,0.03985,0.53131,-41.039,-39.29,0.16888,0.72676,0.07211,0.32068,0.05882,5.629,-27.865,-36.913,0.17951,0.15180,0.32448,0.44141,0.18897,-27.593,0.15180
1,1,44.597,17.223,0.06794,9.979,-0.02299,-2.153,-0.03299,30.472,-0.06620,15.529,-0.07666,0.67260,-0.05771,0.64260,-0.06438,0.39199,0.04530,0.71254,0.01394,0.55970,-0.08039,0.53430,-0.08453,-8.65,-0.22822,0.48659,37.634,0.52613,-0.08537,0.44277,10.527,-38.886,2.97
1,1,0,1,-13.471,0.96775,-0.00482,0.96683,-0.00722,0.87980,-45.854,30.58,-17.001,0.96186,-32.095,0.95947,-19.603,0.98497,42.058,0.91152,-48.919,0.769,-0.02364,0.94636,-0.02591,0.98164,0.02003,-10.654,-0.03034,1,-0.05843,0.92774,-0.03464,-44.967,-0.03673
1,1,0,-49.241,-0.12371,-42.119,-0.12371,-21.275,-0.39175,40.591,0.07216,42.241,-0.21649,0.49485,-40.228,0.45361,-0.11856,0.42268,0.06186,0.5,40.644,-22.873,0.18557,-27.811,0.08247,0.70619,2.213,0.53396,-0.12447,0.15464,-0.26289,0.47423,-45.834,0.45361,-0.51546
1,6.449,38.146,0.63510,-0.04388,0.76530,43.827,18.983,0.36028,0.65358,42.861,0.64203,0.08314,0.79446,-0.43418,0.72517,0.54965,0.59584,48.513,0.63510,0.21940,0.63279,-0.25404,0.70951,-1.604,0.64665,0.23095,50.636,18.654,0.61663,-21.178,0.66316,0.19841,0.69053,10.769
1,-38.083,0,-24.889,-0.03596,-4.26,0.01348,0.58876,0.01573,-38.729,0.02472,-35.114,-0.00449,6.204,-0.04719,0.66517,0.00899,0.57303,-45.69,0.64719,-0.07416,-22.192,0.14157,0.57528,-0.03596,0.46517,0.04944,0.56588,0.00824,23.209,-0.03596,12.506,0.10562,0.60674,2.472
1,1,14.973,-30.756,-9.11,0.66667,8.421,0.63107,-0.05178,-18.309,0.08091,0.67314,13.195,0.64725,0.15858,0.60194,-0.01942,0.54369,-0.04531,47.394,-0.10032,0.64725,0.14887,0.39159,14.972,0.52427,-0.05502,0.45105,0.00040,24.745,18.058,23.273,-0.10680,0.30421,-0.05178
1,1,-18.107,0.68148,0.10370,-21.856,0.03457,0.65185,0.08148,0.60988,-0.00494,0.79012,0.11852,0.59753,19.103,0.62469,0.09630,26.242,-11.908,0.73827,-48.276,0.48642,0.00988,0.60988,19.023,-11.41,-0.12840,32.972,-0.02451,42.223,0.02222,-5.292,-0.07160,0.51358,-0.04691
1,1,-47.135,0.60678,-35.989,0.67119,9.48,0.52881,-7.319,0.50508,0.03729,0.70508,-0.07797,0.57966,-2.675,20.237,0.07797,0.64068,0.11864,0.56949,-0.02373,0.53220,25.682,0.71525,-0.03390,-48.574,-0.03390,0.57262,0.00750,0.58644,19.088,-29.07,-0.02712,21.002,0.06780
1,1,0,0.49515,-10.32,18.44,0.05825,-29.871,0,0.57282,-0.02427,-5.269,0.02427,0.33495,0.04854,0.52427,-35.634,0.47087,-0.10680,-25.365,0.00485,-44.523,-45.809,0.18932,-33.611,0.31068,-0.15049,1.106,0.03815,0.39320,0.17476,0.26214,4.443,0.37379,-0.01942
1,1,41.811,0.98822,0.02187,49.864,0.34100,0.83904,-32.428,50.366,0.48906,0.73584,0.51879,0.55076,0.60179,0.43130,0.66237,-43.444,-38.721,0.28379,0.68873,29.605,0.73696,0.06338,0.71284,-0.16489,0.69714,-42.519,0.60510,-0.16209,-28.395,-0.34717,28.522,29.278,0.37465
1,-32.56,0,0.97905,0.15810,3.833,0.35237,-30.728,-16.61,0.71760,0.64888,0.58827,0.73743,0.40349,0.83156,0.25140,-15.335,-17.778,-23.507,49.102,0.79749,-0.26180,0.80754,-0.37835,0.71676,4.342,0.58324,-0.57587,0.46040,-0.61899,0.30796,-0.65754,0.18345,24.504,41.235
1,1,-1.295,0.99701,34.865,0.91966,0.47030,0.76902,0.62415,0.53312,35.383,0.36774,0.88291,0.10107,20.675,-0.06827,0.89274,47.379,0.72073,-0.43707,0.61688,-49.25,-27.783,-50.047,0.35534,-0.64658,0.15908,-0.66651,0.02277,31.693,8.526,6.993,-0.22949,-0.47201,-0.35032
1,20.085,0,0.94331,-45.547,44.828,0.40803,0.80514,0.56569,-24.885,0.70830,0.41836,0.83230,0.14939,0.89489,-19.083,0.93682,-0.24742,0.83939,-0.022,0.75554,-0.50251,-19.592,-0.65515,0.50428,-0.68851,0.30912,11.199,0.15619,-30.644,-0.04399,36.446,-0.17921,-17.785,-0.34367
1,1,-10.172,0.93972,-38.274,-22.74,0.52821,0.58167,0.73151,0.34961,-26.46,0.10797,0.90403,-0.20015,0.89335,-0.39730,-4.691,-0.58835,-2.048,33.149,0.40368,16.991,0.18888,-0.81317,19.553,-0.75273,37.878,-0.63237,-0.46438,-0.46422,-0.61446,-22.927,-0.70835,-0.08937,-0.71273
1,1,0,0.89835,0.35157,29.249,0.62233,0.43898,21.209,32.848,0.80510,42.651,0.75334,-0.25137,0.48816,-0.57377,0.28415,-0.66750,0.10591,-0.47359,-0.06193,-0.81056,-0.06011,-0.33197,-0.47592,25.896,-0.53620,17.118,12.271,0.24321,-0.756,15.901,-27.711,0.42805,-23.947
1,1,0,-41.022,34.42,-40.023,-3.052,0.03759,0.34336,0.12030,0.26316,0.06266,0.21303,-0.04725,35.992,-0.06333,0.07907,-0.06328,-39.206,-0.05431,0.01408,6.617,-0.00280,-0.02876,-0.01176,-0.01755,2.282,-18.555,-42.325,-13.954,-0.01250,0.00096,-0.00948,0.00290,-0.00647
1,1,-32.241,-20.2,-0.35526,1,0.35338,0.75376,-0.00564,0.82519,33.568,8.117,-0.27632,-21.438,0.06391,11.957,0.14662,0.72368,7.764,0.76128,39.12,0.66917,0.20489,0.84774,-0.40977,0.64850,-0.04699,0.56836,43.383,4.15,-0.13346,-18.283,-0.12218,0.44767,-0.10309
1,1,0,0.83609,0.13215,36.92,-36.715,0.65829,0.08315,0.23888,0.12961,35.272,0.20330,0.49418,0.12686,0.44747,0.13507,-37.885,0.02922,0.48158,0.15756,-47.343,-49.647,5.896,0.14638,0.26436,0.14530,0.23641,10.919,0.26429,0.16137,-8.984,0.13632,-22.661,-27.508
1,1,25.723,5.202,0.11933,0.85738,0.01038,0.85124,0.01546,50.112,-0.00278,0.84459,-22.745,0.83289,0.03027,0.82680,35.531,0.74838,-5.574,0.80019,0.02405,-40.469,0.04901,37.946,44.178,25.753,0.02220,0.79058,0.06235,0.85939,0.09251,0.77863,0.07090,48.127,0.07508
1,1,0,0.87111,0.04326,0.79946,0.18297,0.99009,-26.783,0.89455,-0.08337,0.88598,-46.833,0.90446,-0.26724,41.756,0.19964,0.88644,-17.567,-11.978,-0.00991,0.97882,14.36,0.78954,25.116,0.86661,-2.962,0.85967,-0.02908,15.382,7.517,0.75935,33.527,0.88238,0.09193
1,1,0,0.74916,0.02549,-11.061,0.09792,0.75855,40.518,0.74313,-0.09188,0.95842,0.02482,-17.678,-0.00469,0.96110,0.45,25.192,0.03756,0.71026,0.02683,11.317,28.999,1,0,0.71764,0.13,27.457,0.02552,-17.088,10.815,0.90409,0.11066,0.72837,0.02750
1,1,0,-10.05,0.19527,0.06213,-0.18343,0.62316,0.01006,0.45562,-0.04438,0.56509,0.01775,15.401,-35.922,0.71598,-0.03846,32.545,-6.051,-3.107,0.11538,0.52767,0.02842,0.51183,31.324,0.47929,-0.02367,-33.303,33.979,0.53550,40.419,0.31953,-0.14497,0.34615,25.164
1,1,0,-19.262,-6.686,3.35,18.827,0.85122,-0.13936,47.94,0.02448,0.50471,0.02825,0.67420,-0.04520,13.765,-0.13748,0.51412,-0.24482,24.922,-0.14313,0.70245,-9.725,0.33333,49.571,0.56121,-0.33145,0.61444,-0.16837,0.52731,-0.02072,-17.584,-0.31262,-3.785,-0.22034
1,1,-7.121,0.84713,-0.03397,-42.796,-0.08493,0.81953,0,0.73673,-0.07643,36.691,-0.13588,0.74947,-41.311,49.736,5.344,0.78132,-0.21231,0.61996,-0.10191,0.79193,-0.15711,0.89384,36.384,0.84926,-0.26115,0.74115,-6.991,0.66242,-0.22293,-12.725,-23.994,0.65817,-41.525
1,1,0,0.87772,-0.08152,0.83424,0.07337,33.78,0.04076,0.77174,-39.994,0.77174,-0.05707,0.82337,-0.10598,-48.051,-48.947,22.291,-0.20924,0.83424,-37.45,0.86413,43.681,0.97283,-0.27989,-25.792,-0.18750,0.83705,22.136,0.85870,46.048,0.78533,39.306,0.79076,-0.00543
1,1,28.92,-45.229,-0.13241,0.53755,0.16996,0.72727,0.09486,0.69565,-0.11067,0.66798,-12.21,0.87945,-26.871,-8.754,0.04150,-37.111,-0.00395,-41.366,-1.885,0.79249,-30.936,0.66403,-0.28656,0.67194,-39.987,0.61847,-0.12041,0.60079,-0.20949,0.37549,-35.024,0.61067,-0.01383
1,34.52,0,-7.384,0.11308,-27.568,48.883,0.55432,0.06874,0.47894,-0.13969,-23.022,0.01330,0.63858,45.844,-41.495,-0.03326,0.54545,20.794,0.52993,-0.04656,0.47894,-0.19512,-7.822,-0.13525,0.41463,-0.20177,0.53930,-0.11455,43.646,-0.02882,35.321,-0.11752,0.56319,-0.04435
1,1,-45.669,0.88116,-36.22,2.527,0.42881,0.61559,18.981,0.38825,0.90502,0.09831,2.546,-25.775,40.888,4.597,0.77500,-0.65114,-35.712,-0.78768,0.45535,-0.81856,0.19095,-0.83943,-0.08079,-25.521,-0.26356,-0.67557,11.544,-0.54732,-0.60858,-0.30512,-0.66700,-0.19312,-0.75597
1,1,0,21.743,20.452,0.79917,0.55756,0.59952,0.71596,0.26203,0.92651,0.04636,0.96748,-0.23237,13.485,4.994,0.81018,-0.73329,-24.954,-38.74,-4.53,-0.92254,0.06040,-0.93618,-0.19838,-0.83192,-8.461,-0.65165,13.164,49.143,-47.163,-0.13590,-0.93953,0.10007,-0.94823
1,1,0,21.521,0.30634,0.73232,6.624,13.783,0.58527,-27.172,1,24.671,33.87,-0.62403,0.71996,-0.69767,0.32558,-0.81422,37.173,-1,-0.00775,20.354,-0.41085,-0.76901,-0.45478,-0.57242,-0.67605,-17.223,-0.81876,-0.02979,-0.86841,37.018,-0.82127,14.56,-0.81686
1,1,0,-20.096,46.077,0.69256,-39.389,0.49234,0.68381,0.21991,47.934,-0.08096,0.85011,-0.35558,0.77681,43.938,-47.737,-0.70350,0.31291,17.363,0.03939,-0.71225,-0.15317,-0.58315,-32.343,-0.37199,-0.52954,-0.16950,-1.143,0.08425,-0.61488,-11.084,22.587,0.40591,-0.35339
1,1,0,43.553,0.33164,0.76168,-48.442,0.49305,-41.131,0.21592,0.95193,14.733,7.863,-0.47202,-28.168,-0.70747,0.65490,-0.87474,0.36750,46.751,0.05595,-0.89824,-0.26173,-16.702,-47.27,-0.50757,-0.74735,-0.22323,-0.86122,30.164,11.51,0.36021,-0.78057,0.59407,-0.60270
1,45.376,0,0.83367,0.31456,-9.366,-26.913,0.34962,0.70677,0.17293,0.78947,-0.18976,0.79886,-0.41729,-28.735,-0.68421,-30.478,-0.74725,0.19492,-0.72180,-0.04887,-0.62030,-0.28195,-0.49165,-6.438,-2.829,-0.66014,-23.148,-0.69706,0.22708,-35.013,-10.557,-47.101,0.64662,-0.30075
1,1,0,0.98455,-0.02736,0.98058,-0.04104,1,-0.07635,-4.179,0.01456,0.95278,-0.02604,-27.763,8.864,41.201,-0.07149,50.223,-0.09532,0.97264,-0.12224,0.99294,-0.05252,0.95278,-0.08914,32.163,4.729,32.089,-0.12912,0.93469,-0.14916,1.352,-0.15755,50.927,-13.325
1,1,0,0.94052,-0.01531,18.742,0.01001,0.94994,-0.01472,0.95878,-0.01060,0.94641,41.33,0.97173,-20.404,-43.621,47.954,0.95465,-0.04064,-16.122,-0.04711,21.166,-0.02179,45.631,-0.04417,0.92049,-0.04476,0.92695,-0.05827,-39.371,-34.548,0.91991,-0.07244,0.92049,41.511
1,1,0,0.97032,-42.898,0.91324,30.19,0.96575,-0.17123,0.98630,0.18265,0.91781,-45.002,0.93607,-0.08447,-37.158,32.105,0.86758,-0.08676,0.97032,6.828,44.499,0.10274,-22.941,-0.05251,0.92466,0.06849,32.78,-0.09252,0.97032,-0.20091,0.85388,-0.08676,5.799,-15.362
1,1,0,0.52542,-0.03390,0.94915,40.332,0.52542,-0.16949,0.30508,-0.01695,0.50847,-38.587,0.64407,-49.705,0.83051,6.899,0.54237,-12.588,0.55932,-6.961,0.59322,0.30508,0.86441,0.05085,-3.022,0.15254,31.59,-0.00266,0.66102,-0.03390,21.067,27.737,0.76271,1.055
1,1,-39.509,0.33333,-25.751,0.44444,0.22222,0.38889,0.16667,-7.698,0.13889,0.5,-0.11111,-18.374,-0.08443,18.776,-30.745,28.542,0.02778,0.25000,-0.19444,0.47222,-10.99,0.52778,-0.02778,0.38889,0.08333,0.41543,-0.14256,0.19444,-0.13889,-32.764,-0.14809,41.026,22.634
1,1,0,0.51207,-48.85,1,0.53810,0.71178,0.80833,16.0,0.46427,-4.102,1,0.21249,35.423,-0.17416,1,-0.33081,27.044,-0.61382,1,-6.11,0.71699,-8.689,0.47894,-1,0.35175,-1,0.09569,-17.715,-0.16713,-17.786,42.477,-5.538,-0.65557
1,-11.72,46.685,0.75564,0.49638,0.83550,0.54301,0.54916,0.72063,-38.232,0.70792,14.062,0.94749,-0.09818,0.93778,-0.37604,0.82223,-0.52742,0.71161,10.617,43.109,-0.70163,-38.65,-0.79147,0.02995,25.521,-0.29099,-7.257,-0.32792,-12.827,-0.19185,-0.34131,-0.60454,-0.19609,-29.54
1,-23.457,0,0.83789,0.42904,0.72113,0.58385,0.45625,11.805,0.16470,0.82732,-0.13012,46.32,-0.46177,0.78497,-0.59435,-24.528,-0.78470,0.26529,-0.84014,0.03928,-14.978,-35.699,-0.47412,-0.48905,-39.505,-0.67796,-0.05054,11.127,40.12,-9.376,0.37093,-10.18,0.48319,-0.24313
1,1,0,0.93658,0.35107,-34.423,26.471,0.45571,0.88576,0.15323,48.522,9.568,0.96301,20.063,0.83397,-0.78751,0.58045,-0.93104,-1.435,6.667,-0.06418,-0.87028,42.644,-0.65079,-0.67464,-0.36799,-0.84951,-0.04578,-42.032,22.604,-0.85762,16.404,-0.69613,0.74828,-0.44173
1,1,0,0.92436,-15.63,0.71976,0.68420,0.29303,-17.871,22.919,0.76527,-0.31605,25.498,-0.66616,0.78766,-0.92145,3.85,-0.94315,0.09585,-1,-40.812,-0.66431,-0.66278,-0.46010,33.606,-0.13486,-34.549,0.19765,-4.23,25.137,-0.70247,38.989,-0.46048,0.76066,-0.13194
1,1,0,-43.814,0.16195,1,-2.747,1,-0.922,1,-0.12352,0.28,-0.01511,0.845,-0.01731,-36.16,-0.06374,1,-0.07157,1,0.05900,1,11.312,1,-0.02685,1,-34.857,46.518,-0.06823,9.514,0.08299,1,-11.895,1,-0.07439
1,1,0,0.95559,-0.00155,44.884,-0.13244,-22.397,-0.00461,0.82809,-42.945,0.92441,-24.869,-25.903,-0.14247,0.99264,-0.02542,0.95853,-0.15518,0.84013,1.69,1,-0.16321,-19.091,0.927,0.85741,-0.01664,0.84132,-48.176,-28.065,-0.01867,0.80634,-37.782,0.78761,-0.02039
1,1,0,-12.214,0.29492,0.64064,0.52312,0.41319,0.68158,0.14177,0.83548,-0.16831,0.78772,37.407,45.759,-37.021,-33.161,-39.727,0.16755,18.358,-0.09856,-0.57695,-40.955,-0.40637,-0.38287,-0.17437,-0.52540,0.01523,-0.48707,2.72,-0.38059,0.31008,40.888,0.34572,-12.791
1,1,-12.823,49.746,0.35232,-2.103,0.65128,0.34816,0.79784,0.05832,0.90842,8.961,11.586,-0.62635,0.69590,-0.77106,0.39309,-0.85803,0.08408,-0.81641,-28.602,-0.64579,-26.389,-24.191,46.311,-0.11147,-7.485,0.17041,-0.71504,-2.327,-0.57649,0.56626,-0.36765,0.62765,-0.13305
1,1,0,-26.677,0.39286,0.66129,-17.497,-35.915,44.271,17.274,0.94415,-0.45725,0.84605,-0.77660,0.58511,-0.92819,0.25133,-0.92282,-17.486,-20.468,-0.48404,-0.50931,-0.76197,-37.679,-0.88591,0.21581,-0.85703,3.045,-0.68593,0.74846,-25.2,0.83142,-0.07029,49.371,0.27926
1,1,0,1,-42.534,30.417,-0.20253,35.052,-0.10127,0.88608,-33.609,1,0.11392,-22.946,27.624,-8.291,-0.03797,-19.967,-0.36709,0.87342,-0.01266,0.93671,0.06329,45.214,0.25316,0.62025,-0.37975,17.83,-0.05540,1,-0.06329,0.53165,34.469,0.83544,-0.02532
1,1,0,0.74790,0.00840,-32.541,-45.291,0.82638,0.02469,0.86555,-44.896,0.60504,0.05882,0.79093,0.04731,-42.406,-9.507,0.64706,0.19328,0.84034,0.04202,-42.912,24.172,0.68895,11.415,0.66387,0.08403,0.63728,0.08296,36.01,-13.803,0.58187,-3.742,0.55330,0.08891
1,-36.181,0.316,37.544,16.308,0.92211,0.01456,0.92046,0.02180,0.92765,0.08010,0.87597,33.652,-24.206,0.04320,0.90738,0.05018,0.87339,0.02842,0.95866,26.811,0.89097,-26.447,-37.404,0.07697,0.83721,0.10853,0.86923,0.08950,0.87597,41.577,0.85198,6.822,0.84258,0.10698
1,1,0,1,-0.01179,-24.367,18.018,1,-0.01565,1,-0.01565,22.575,-38.562,1,-0.02187,0.99828,-0.03087,0.99528,-0.03238,0.99314,-0.03452,1,-13.723,3.101,-0.05039,3.941,-0.04931,-33.087,-0.05527,0.99400,-26.996,-47.85,-0.06497,-20.409,-0.06668
1,1,0,0.89505,-0.03168,0.87525,0.05545,0.89505,0.01386,0.92871,-47.658,0.91287,47.641,0.94059,-1.372,0.91881,31.902,-11.635,0,-10.945,0.01386,0.90495,0.00792,0.88713,-0.01782,0.89307,-23.937,0.89002,0.01611,-11.833,0.00198,47.446,-41.881,-19.436,0.02376
1,1,0,-34.945,13.761,-43.688,-0.01773,0.90071,29.556,30.875,0.05674,1,0.03546,-24.683,0.01064,0.97518,0.03546,1,-0.03191,5.436,-0.03191,0.86170,0.07801,1,0.09220,0.90071,0.04610,0.94305,0.03247,0.94681,7.292,-8.912,48.832,0.93617,46.882
1,1,0,0.39394,-0.24242,0.62655,19.682,40.593,12.829,0.63636,0.09091,0.21212,-0.21212,0.57576,19.879,-43.51,0,0.56156,0.04561,40.604,28.2,0.78788,0.18182,0.30303,-24.106,0.48526,0.05929,41.032,0.06142,0.33333,9.724,0.41856,0.06410,30.215,0.24242
1,-11.383,-28.155,32.279,-27.969,0.72014,0.66667,0.37201,0.83049,0.08646,0.85893,-0.24118,-39.417,31.636,11.284,14.898,0.41524,-0.77019,0.09898,-0.69397,-0.13652,-0.49488,48.14,49.594,-0.57679,-0.02844,46.973,0.15360,-0.53127,0.32309,-0.37088,0.46189,-0.19681,0.40956,0.01820
1,1,0,0.89563,5.475,0.67311,0.69438,1.434,-39.097,-0.04193,-27.305,-0.38875,0.84414,13.646,0.62078,-0.82680,0.30356,-0.86150,-0.05365,-0.73564,-41.348,-0.51778,-0.62443,-0.23428,8.435,-37.335,-0.73856,38.061,29.182,0.52414,-0.42086,0.61217,-0.17343,0.60073,-49.169
1,1,0,0.90547,16.785,45.251,0.74761,-45.59,11.582,-3.057,0.97820,-0.52236,0.83263,-0.79657,0.55086,-0.96631,0.15192,-0.93001,-0.25554,-0.71863,-9.714,29.164,-0.85205,-19.609,-0.93788,15.297,-0.85368,0.67538,-0.61959,0.85977,-0.28123,-38.422,3.166,0.75495,0.46301
1,1,0,-47.831,-44.815,0.36700,-13.49,0.12993,42.975,-0.27586,0.93596,-0.31527,0.37685,-0.87192,0.36946,-41.316,-0.08867,-0.38916,-0.34236,41.513,-0.82512,-17.069,-0.93596,40.115,-0.20443,0.73792,-0.45950,0.85471,-11.66,-31.08,0.819,0.38670,0.00246,0.17758,0.79790
1,1,0,1,0.51515,0.45455,0.33333,-42.487,-27.871,-50.041,-22.688,-0.45455,0.48485,-0.57576,0,-0.57576,1.896,-0.33333,-0.48485,18.386,40.069,0.48485,-0.57576,0.57576,-0.42424,1,-0.39394,-21.247,0.12331,0.96970,0.57576,0.24242,-45.511,50.039,44.13
1,1,0,19.25,42.866,0.94817,-22.788,0.93598,-0.01220,0.90244,0.01829,0.90244,0.01829,-20.316,0.00915,0.95732,0.00305,1,11.987,0.94207,-0.01220,0.90854,0.02439,11.316,0.05488,0.99695,-25.342,39.042,5.471,49.283,0.00915,1,0.05488,-0.782,-0.01220
1,-44.715,22.781,0.82624,0.08156,0.79078,-0.08156,25.335,22.715,0.92908,-39.307,0.80142,0.08865,0.94681,14.966,0.94326,0,0.93262,0.20213,0.95035,-0.00709,0.91489,5.494,0.80496,-39.012,0.91135,0.15957,0.89527,0.08165,-4.095,0.06738,0.92553,2.734,0.92553,-35.781
1,-47.167,46.925,0.74468,13.205,0.88706,0.00982,0.88542,-19.074,0.87234,-0.01418,18.856,0.10638,0.87657,0.02912,0.87235,0.03382,-30.514,0.07801,0.95035,0.04255,0.85597,0.04743,15.605,0.05178,26.332,8.577,0.83429,0.06014,0.74468,-0.03546,0.81710,-9.035,33.142,0.07173
1,19.942,-12.077,-46.26,-49.065,0.89951,-22.623,-5.012,0.00510,0.86335,0,0.95031,19.128,0.87021,0.00994,-17.244,0.01151,-10.894,9.377,0.85714,0.02484,0.84182,0.01603,0.83486,0.01749,0.79503,-0.04348,0.82111,0.02033,0.81988,0.08696,42.266,0.02308,0.80088,0.02441
1,-1.655,0,0.97513,0.00710,0.98579,0.01954,1,0.01954,0.99290,-29.644,0.95737,0.02309,0.97158,-7.24,1,20.538,0.97869,0.02131,0.98579,0.05684,1.712,0.04796,0.94494,18.199,20.076,19.74,26.651,0.06477,0.94849,0.08171,0.99112,-35.9,-34.65,0.09947
1,-41.354,-30.22,-38.426,4.454,1,0.01105,1,0.02320,-9.423,-33.883,0.99448,-0.00221,0.98343,0.02320,1,-5.843,0.97569,-45.86,0.97901,0.01657,0.98011,0.00663,-24.816,-44.851,0.97127,-0.00663,0.98033,0.01600,0.97901,-43.746,0.98564,0.02099,0.98674,0.02762
1,1,28.08,3.932,48.919,1,49.634,1,-0.00224,1,-32.718,0.97763,0.04474,0.95973,0.02908,30.613,0.06488,0.98881,0.03356,1,0.03579,0.99776,41.3,0.95749,0.07383,1,29.63,0.99989,41.899,0.99105,0.08501,-30.548,0.10067,-27.953,0.10067
1,1,-24.362,-16.211,0.36724,9.332,0.67382,0.39613,5.716,0.02424,0.93182,-0.35148,0.83713,-16.786,0.58842,-0.78658,0.38778,-18.658,-0.00642,48.531,-0.32963,-0.52504,31.803,-0.27377,-0.68126,0.00806,-0.69774,0.26028,34.041,-33.114,-0.43383,0.54209,-0.21542,25.708,0.02823
1,1,0,0.90147,-45.329,0.64131,0.75725,7.843,0.95148,-0.20449,35.567,-28.819,0.81191,-49.511,-0.785,-0.96986,0.10345,18.927,-0.31412,-0.70163,-0.65461,18.761,-0.88999,0.05865,46.72,0.44483,36.377,0.74105,-0.55231,0.89415,-0.18725,0.87893,0.20359,-48.691,0.54852
1,1,0,-29.562,0.11042,0.15970,0.29308,0.14020,0.74485,-27.516,0.91993,-19.3,0.26664,-0.63714,0.24865,-0.97650,-0.00337,-0.23227,11.771,43.561,-0.48886,-0.14426,-0.494,-10.079,-0.28916,0.28307,-17.301,34.308,-0.11498,0.31005,-25.395,0.21443,0.20540,-20.084,0.26422
1,1,0,-22.886,0.43617,0.44681,21.014,32.938,0.85106,-22.984,18.625,-0.68253,0.52408,-0.84211,-0.25,-0.82811,-0.28723,-0.47032,-6.23,-0.04759,-0.86002,19.829,-0.76316,0.56663,-0.52128,-1.934,-0.18645,0.74758,38.384,0.45185,0.59071,-38.35,0.76764,-0.18533,0.74356
1,1,0,15.73,-27.353,-3.183,0.25191,16.941,43.368,-0.18321,-0.18321,-0.41985,0.06107,-0.45420,0.09160,-0.16412,-24.385,-0.10305,-42.707,0.18702,-0.17557,0.34012,-0.11953,0.28626,-0.16031,0.21645,0.24692,28.615,0.31092,-0.03817,-39.993,-0.16794,26.193,-0.30153,12.454
1,1,3.622,-31.261,2.298,1,0,0.98982,-0.00075,7.606,-13.927,-17.569,0.02130,0.97888,0.03073,36.856,0.02338,0.93929,0.05713,0.93552,0.05279,35.297,0.05524,1,11.322,0.94155,0.08107,0.96709,0.07255,-38.29,0.08088,-40.331,0.08126,0.97247,0.08616
1,-21.097,0,0.82254,-0.07572,0.80462,0.00231,-21.953,7.603,0.86821,-0.07514,0.72832,-0.11734,9.037,0.05029,0.83121,-18.513,44.237,-20.717,-46.888,33.438,0.86763,-0.02370,0.78844,-0.06012,0.74451,-0.02370,0.76717,-0.02731,0.74046,-0.07630,39.775,10.733,0.78439,0.01214
1,1,0,-22.501,5.463,0.69387,-0.02423,0.68195,-9.207,0.55717,-27.701,-36.157,25.618,0.62099,-0.06527,0.59361,-0.07289,0.42271,35.232,0.58213,0.04992,0.49736,-38.267,0.46241,-0.08989,0.45008,-0.00564,35.225,-49.883,0.35588,-0.10306,0.32232,-0.08637,0.28943,36.116
1,1,37.143,0.76046,0.01092,0.86335,0.00258,0.85821,4.265,0.79988,25.002,0.81504,49.463,34.14,0.00744,0.81815,0.00854,0.82777,-0.06974,48.119,0.03881,0.76979,0.01148,0.75071,0.01232,-40.506,-5.597,0.70886,44.139,0.66161,40.87,8.221,0.01484,0.63887,0.01525
1,1,0,0.66667,-46.826,15.568,0.06831,25.863,-18.156,0.75683,-27.078,29.731,-0.14071,-17.411,-0.48907,0.39208,0.58743,0.76776,0.31831,0.78552,-12.709,-2.394,-0.44945,1,0.00683,0.60656,0.06967,0.68656,0.17088,0.87568,0.07787,0.55328,-17.275,14.839,0.48087
1,1.348,0,0.83508,10.588,0.73739,-12.198,0.84349,-0.05567,0.90441,0.096,27.528,0.13130,25.089,0.06723,0.79307,-0.08929,1,40.368,0.96639,10.892,0.87605,14.966,0.77521,0.06618,0.95378,-0.04202,0.83479,0.00123,-5.175,0.12815,-32.902,-0.10714,0.90546,-0.04307
1,1,0,0.95113,0.00419,0.95183,-3.549,32.365,-0.01920,0.94590,0.01606,0.96510,33.979,0.94171,0.07330,-35.251,-10.537,26.139,0.00140,32.938,47.19,50.436,0.08412,0.93124,0.10087,-5.888,0.01361,0.93522,0.04925,41.099,0.08168,0.94066,-0.00035,0.91483,0.04712
1,1,0,0.94701,12.957,19.899,-9.753,0.95177,-0.03431,0.95584,2.676,0.94124,0.01766,0.92595,0.04688,0.93954,-19.875,0.94837,-41.257,0.93784,0.01393,0.91406,24.183,0.89470,0.06148,-17.183,0.03193,0.92489,0.02542,-3.538,0.02242,6.456,36.423,0.92697,-0.00577
1,1,0,-6.215,-0.01657,0.98122,-0.01989,0.95691,-0.03646,0.85746,0.00110,0.89724,-0.03315,-5.867,-41.208,0.90608,-40.018,0.91381,-0.00884,0.80773,-0.12928,0.88729,0.01215,0.92155,-0.02320,-42.749,-23.637,-36.591,-0.07760,-25.813,48.789,36.931,-0.03757,-12.577,-0.16243
1,1,0,44.587,22.374,46.817,-0.06151,0.87873,21.493,0.88928,-0.09139,0.78735,0.06678,-41.196,-11.978,0.79262,-0.01054,0.85764,-0.04569,0.87170,-0.03515,0.81722,-0.09490,0.71002,-48.897,0.86467,-0.15114,33.744,-0.04822,-47.948,39.408,0.75747,-39.949,0.85764,-0.06151
