1,1,0,-43.734,-0.05889,0.85243,0.02306,0.83398,-0.37708,1,0.03760,38.88,-0.17755,0.59755,-1.667,0.60536,-0.38223,0.84356,-0.38542,0.58212,-0.32192,0.56971,-0.29674,0.36946,-7.06,43.425,-0.51171,0.41078,-31.905,-34.44,-0.34090,0.42267,-0.54487,46.547,-0.45300
0,1,0,1,-0.18829,0.93035,39.385,-0.10868,-0.93597,-32.74,-0.04549,0.50874,-0.67743,-40.19,-0.69707,-0.51685,-0.97515,0.288,-0.62237,0.33109,21.256,-22.285,-0.45300,-0.18056,-0.35734,-0.20332,-30.367,-0.20468,-0.18401,-0.19040,-0.11593,-5.808,-0.06288,-0.13738,-0.02447
1,1,0,1,-0.03365,1,0.00485,1,27.866,-5.298,0.01198,0.73082,0.05346,0.85443,0.00827,0.54591,0.00299,0.83775,-0.13644,-23.952,-19.645,0.70887,-0.27502,-40.707,-0.12062,0.57528,-0.40220,-0.001,-0.22145,19.202,-0.17365,0.60436,0.128,0.56045,-0.38238
0,1,0,48.264,-0.45161,1,1,0.71216,-1,0.787,0,0,43.333,0,0,-1,0.14516,0.54094,-0.39330,-1,-0.54467,-0.69975,-27.788,28.025,0,-30.562,0.90695,0.51613,-41.689,1,-0.20099,0.25682,1,-26.183,1
1,1,32.141,1,37.785,0.94140,0.06531,-26.459,-0.23255,-16.33,-0.16399,-17.917,-23.169,0.56409,11.127,0.34395,-0.27457,0.52940,-0.21780,44.281,-0.17813,0.05982,-0.35575,0.02309,-0.52879,0.03286,-0.65158,0.13290,-0.53206,0.02431,-0.62197,-0.05707,-0.59573,-0.04608,-0.65697
0,1,0,0.02337,-6.891,-0.09924,-0.11949,35.749,-0.11824,0.14706,0.06637,0.03786,-0.06302,0,7.198,48.339,-0.15540,-23.327,-0.10196,-0.11575,-0.05414,0.01838,0.03669,0.01519,0.00888,0.03513,-0.01535,10.453,0.09223,-0.07859,-44.719,-40.462,0,-0.00039,0.12011
1,1,-22.407,0.97588,15.399,0.94601,-0.20800,7.201,-0.28350,0.85996,-0.27342,0.79766,-0.47929,0.78225,-0.50764,-8.955,-0.61436,0.57945,-0.68086,0.37852,-0.73641,12.552,-0.76562,17.103,-0.79753,0.22792,-0.81634,0.13659,-0.82510,0.04606,38.271,-0.04262,-0.81318,-29.219,-0.80975
0,0,0,0,-48.318,0,0,1,-1,-38.846,0,-1,-35.511,-41.16,0,0,0,1,20.271,-1,-1,0,0,0,0,-33.854,1,1,1,0,-22.871,1,-41.528,0,0
1,1,0,-31.215,-0.07198,-38.432,-0.14333,1,-0.21313,1,-0.36174,0.92570,-0.43569,0.94510,-0.40668,-20.062,-0.46381,25.916,-38.408,-44.254,-0.66020,0.75346,-0.60589,0.69637,-0.64225,0.85106,46.918,0.57577,-0.69712,35.87,-0.63919,0.45114,-0.72779,0.38895,-0.73420
0,1,0,-0.01864,37.336,0,0,37.464,0,0.11470,-45.105,-0.45663,-0.38172,49.726,0,-0.33656,0.38602,-0.37133,0.15018,-1.276,0.22115,0,0,-18.946,-22.386,-0.14803,-11.558,0.20645,-0.02294,0,0,0.16595,0.24086,-0.08208,0.38065
1,1,0,1,-12.971,1,-47.466,1,-39.15,1,-0.43107,1,-0.41349,0.96232,-3.688,0.90711,-0.59017,0.89230,-0.66474,-26.281,-0.70997,0.70645,-0.76320,0.63081,16.253,0.55867,-0.89128,0.47211,-0.86500,15.101,-0.83675,0.30996,-0.89093,22.257,-0.89158
0,1,0,1,-0.54210,1,-1,1,-1,1,11.541,1,-0.41119,1,1,1,-1,-12.007,-4.748,1,-0.93599,1,1,22.918,1,47.16,-0.40888,39.325,-0.62745,1,30.684,-37.427,-1,1,-1
1,-34.68,-21.652,1,-0.16316,1,-0.10169,0.99999,-0.15197,1,-0.19277,0.94055,-0.35151,0.95735,-0.29785,0.93719,-0.34412,19.356,-0.28106,0.90137,-23.156,-37.329,-0.47308,0.82987,-0.51220,0.84080,-20.946,0.76224,-31.715,0.65723,-0.68794,10.302,-0.64537,0.64727,-0.67226
0,1,0,1,37.52,1,0.22280,0.85492,-0.39896,1,-0.12090,1,0.35147,1,0.07772,0.375,-0.14767,1,-1,1,43.75,0.61831,26.687,1,-33.091,1,-0.17012,1,-30.271,1,-0.66494,47.624,-29.883,1,-0.18826
1,1,0,1,0.07380,1,0.03420,1,-33.853,1,0.08764,1,0.19651,1,-30.082,1,0.12785,-24.63,0.10561,1,0.27087,1,-28.432,1,0.41750,1,0.20033,27.081,0.36743,5.778,14.008,33.682,0.32492,1,0.46712
0,15.025,0,-30.896,21.449,11.322,0.26708,-0.03520,-1,1,-8.205,0.43685,-1,0,0,-50.387,-0.34265,-0.37681,0.03623,1,-1,0,0,0,-4.117,-0.16253,0.92236,0.39752,0.26501,0,0,1,0.23188,-40.162,0
1,1,0,-28.447,0.06468,15.995,-0.01236,0.97811,-30.623,6.593,0.02312,0.99274,0.07808,-33.25,0.10346,0.94212,-11.507,-29.277,0.11120,0.86104,0.08631,0.81633,0.11830,0.83668,0.14442,0.81329,0.13412,0.79476,0.13638,0.79110,0.15379,0.77122,50.042,0.70941,0.12015
0,0,0,0,-17.721,-47.687,-1,-45.085,-43.848,-1,1,-1,1,1,12.319,1,1,-1,-1,-1,1,1,-1,-1,1,-32.398,1,18.583,-1,-1,1,-1,-48.415,1,-1
1,1,0,0.67065,0.02528,0.66626,0.05031,0.57197,0.18761,0.08776,0.34081,32.025,8.431,0.62099,0.14285,0.78637,-2.343,0.58373,0.18151,0.14395,0.41224,0.53888,0.21326,0.51420,0.22625,32.694,-26.446,-27.738,-48.461,0.43433,0.25306,0.40663,1.632,1,0.33036
0,0,0,1,-1,0,0,0,0,1,1,1,-40.679,-2.511,12.497,0,0,-1,1,17.13,27.396,-1,1,1,45.681,9.963,1,-38.671,1,1,-1,1,1,1,1
1,1,0,1,-0.00612,-40.387,-0.09834,1,-0.07649,1,-0.10605,1,-0.11073,43.618,40.91,36.156,-0.15616,0.92124,-0.31884,0.86473,-0.34534,0.91693,-50.298,12.024,-0.46866,0.81874,-0.40372,0.82681,-0.42231,0.75784,31.671,0.80448,9.362,0.74354,-0.45039
0,0,-24.832,1,1,0,0,0,0,-1,-1,0,0,-30.272,0,4.845,4.202,-1,-4.576,-1,11.677,-1,1,37.374,0,0,0,1,-1,-1,1,-1,1,-1,-21.466
1,1,0,0.96071,0.07088,1,20.855,1,0.09313,0.90169,-0.05144,0.89263,0.02580,0.83250,-33.186,-6.163,0.09831,-0.033,0.00280,0.75206,-0.05295,0.65961,-0.07905,0.64158,-25.924,0.55677,-0.07705,42.441,-0.02205,0.49664,-0.01251,0.51310,-48.556,-41.425,-0.00182
0,0,0,-1,1,0,-3.195,0,0,-1,1,1,1,0,-41.427,0,-44.194,1,-7.53,-1,1,1,1,0,5.519,-31.742,-48.877,1,-25.766,1,1,-1,1,0,0
1,1,0,-15.271,34.183,1,0.02942,1,-0.05131,-32.801,-0.01707,1,-0.11726,-30.116,-0.05202,0.93392,-0.06598,0.69170,24.179,0.65731,-0.20367,-36.556,-0.31558,0.80852,-0.31654,0.84932,-0.34838,9.025,3.401,0.73094,-0.38576,0.54356,-0.26284,0.64207,-0.39487
0,1,35.764,6.66,0.57820,1,36.685,1,-1,1,-1,7.694,-1,1,-1,1,-50.67,1,-1,6.687,-1,1,-0.62796,-10.204,-1,-32.857,-1,1,-1,1,-1,1,-1,1,-1
1,1,-16.001,1,-0.08714,1,-0.17263,-44.741,-27.655,0.94817,46.222,0.95473,-0.41382,0.88486,-0.31736,0.87937,-0.23433,0.81051,-0.62180,-20.964,-1,0.90284,33.978,-3.131,-0.78547,0.55389,-0.82868,0.48136,-0.86583,0.40650,-0.89674,0.32984,41.634,-0.13341,-1
0,0,-4.773,33.442,-1,5.196,0,-1,1,1,-0.37500,0,0,0,0,-46.236,0,50.951,-1,5.451,-1,1,25.798,0,30.723,1,-1,-1,1,-1,-1,0,0,-1,1
1,1,0,1,0.08380,1,0.17387,-7.033,-0.13308,0.98172,0.64520,1,-29.993,-10.369,0.59113,1,0.70758,1,0.82777,1,0.95099,1,1,0.98042,1,7.003,1,-7.09,1,0.74822,8.765,0.64358,47.391,35.006,1
0,0,-22.599,-1,-1,1,-10.219,1,-1,-1,1,1,-1,14.928,-1.681,0,0,44.804,1,-1,-1,1,16.023,45.698,-1,1,1,1,20.33,1,-1,-1,1,1,-1
1,1,-24.321,1,-0.14236,1,-0.16256,28.853,-0.23656,1,-0.07514,1,-24.558,1,-0.26161,1,-27.744,34.016,-0.38606,1,-0.46162,1,-0.35519,1,-0.59661,1,39.569,-22.934,-0.49687,1,-0.75820,21.682,-0.75761,1,-0.84437
0,1,0,1,-1,1,-12.279,1,-1,1,-35.394,1,13.451,-47.438,-0.01840,1,-1,1,1,23.457,-0.85583,1,1,1,-1,0,0,1,50.655,1,-0.79141,50.515,25.651,1,1
1,1,0,0.88208,-0.14639,0.93408,-0.11057,0.92100,-0.16450,45.982,-0.17036,0.88462,-0.31809,31.039,-0.31463,-43.25,-29.002,0.80681,45.746,0.75243,-0.47022,0.70555,-29.375,39.802,-0.50085,0.61297,-0.48086,-16.007,-0.54629,0.50179,-0.59854,0.47075,-0.57377,0.42189,-0.58086
0,1,-16.354,0.71253,-0.02595,0.41287,-0.23067,0.98019,18.609,-37.783,-0.10236,1,-0.10951,0.58965,1,0.83726,-1,0.82270,-0.17863,0.80760,-0.28257,18.156,0.92730,0.51933,0.05456,0.65493,-0.20392,0.93124,-0.625,-1.253,-14.336,0.86136,-0.87354,16.851,-1
1,1,0,1,-0.15899,-40.852,0.27686,0.83443,-50.06,1,-0.28207,-39.455,46.218,0.79962,-0.12527,0.76837,0.14638,1,0.39337,1,-14.257,0.96354,-48.81,0.92599,-50.41,-30.808,0.14803,1,-0.11582,1,-0.11129,1,0.53372,1,-0.57758
0,9.935,0,0.66161,-1,-8.871,1,1,-1.73,0.80893,-0.40446,5.013,-1,1,-0.89375,1,28.656,-48.629,0.70982,1,0.78036,1,0.85268,1,-1,1,0.85357,1,-0.08571,0.95982,-0.36250,-21.214,-44.091,1,0.34732
1,1,0,-24.736,0.00433,1,-0.01209,1,17.228,1,-0.07014,0.97839,-0.06256,1,-7.797,0.97261,-41.134,-12.535,42.01,0.94184,-0.14327,0.99589,-0.14248,0.94815,-0.13565,0.89469,-0.20851,0.89067,-0.17909,0.85644,22.991,34.137,-0.20101,0.83867,-0.20766
0,0,0,1,1,29.039,-1,9.204,0,0,0,-1,22.789,0,0,10.972,0,-1,1,1,1,-1,1,42.56,1,28.595,-1,1,1,-1,-18.397,-41.087,1,0,0
1,1,8.144,0.91241,0.04347,42.065,0.02280,0.94705,0.05345,0.93582,18.342,0.91911,0.06348,0.92766,15.984,44.362,0.06211,0.88899,0.12722,0.83744,0.14439,0.80983,-26.45,0.77041,0.14222,-44.733,0.11299,0.73550,0.13282,0.66387,0.15300,-11.77,0.10754,0.65258,0.11447
0,1,0,1,32.734,0.99672,0.04861,0.97545,-45.905,0.61745,25.953,0.91036,0.11147,0.88462,0.53640,-17.915,0.14137,40.493,0.15189,1,20.848,0.65850,0.16371,0.60138,0.16516,-44.177,0.16390,0.48867,0.16019,0.43481,0.15436,0.38352,-31.39,1,1
1,1,0,1,0.06538,48.453,0.20746,1,0.26281,0.93051,0.32213,0.86773,0.39039,0.75474,0.50082,0.79555,3.233,0.65954,30.273,0.57619,0.62999,39.341,0.67135,0.40553,0.68840,0.34384,0.72082,-14.537,0.72386,5.185,0.70682,0.11372,-31.569,0.06990,-36.732
0,1,3.347,-1,-1,1,-35.066,1,-10.346,0,0,-1,1,1,44.962,0.17917,-1,-1,-1,0.08750,-1,10.094,-1,-1,1,43.94,-1,1,-1,47.468,-1,0.718,1,0,0
1,1,-6.762,-14.331,0.08791,13.795,0.16888,1,9.922,0.55187,2.867,0.70207,0.36719,0.16286,0.42739,0.57620,0.46086,0.51067,0.49618,0.31639,0.12967,-39.845,0.54462,0.31274,0.55826,0.24856,0.56527,0.18626,0.56605,0.12635,0.56101,0.06927,26.263,43.489,0.67739
0,1,0,36.408,-1,1,0.82857,1,-1,1,-0.23393,1,0.96161,1,-0.37679,-30.346,-1,1,-31.847,28.709,-27.017,1,-0.03393,-0.84286,1,0.53750,0.85714,1,-21.161,41.659,-40.997,1,-1,1,-1
1,1,0,0.99025,-0.05785,0.99793,33.0,0.98663,7.928,0.99374,-0.25843,0.039,-0.30130,36.16,-0.37965,0.89812,-0.43796,0.84922,-0.52064,0.87433,-0.57075,-0.028,0.026,-42.744,-0.64615,0.68282,17.009,0.65247,-0.73174,0.61010,-0.75353,0.54752,-0.80278,0.49195,-0.83245
0,0,0,-17.177,0,6.911,0,0,0,1,1,1,43.096,-4.984,0,0,-16.344,-0.37500,-21.404,-1,-1,0,0,0,0,-1,-1,-41.545,-1,-1,-9.581,1,0,0,0
1,1,0,1,-0.03730,1,-0.07383,0.99601,40.609,0.99838,-0.09931,43.568,14.619,0.96674,20.063,0.95288,-0.25099,0.91236,-0.34400,0.90581,-0.32152,8.912,15.483,0.87874,-0.37643,0.86213,41.281,0.83172,-0.43122,0.81433,-0.42593,-42.229,-0.47977,0.75115,-0.50152
0,1,-37.658,0.94598,-0.02685,3.19,3.401,-0.36393,0.35639,0.69258,-0.63427,22.274,-0.03353,-0.29020,-0.00550,31.732,0.15452,0.91921,-0.46270,1,-0.50424,-18.442,-0.31454,-0.73864,0.37361,0.83872,-0.46734,0.52208,-0.58130,1,-0.61393,12.004,0.20477,-0.053,0.41913
1,1,0,50.295,0.00874,0.98103,1.124,0.97565,-0.05699,32.619,-11.695,0.99004,-0.04507,0.94713,-0.11102,0.93369,-0.12790,0.94217,-0.11583,0.79682,-0.19200,0.88274,-0.17387,15.397,-0.18739,0.88487,-37.459,0.81813,-0.21136,0.78546,33.932,0.76911,-0.23095,-44.02,-0.23902
0,1,0,0,0,1,0.51724,0,0,0.10991,-1,0,0,0,-36.899,-1,6.269,25.858,-0.83297,0.76940,-17.003,-49.26,0,0.53448,-14.94,4.896,0.44828,1,-35.37,-1,0.81573,0,0,0,0
1,1,0,0.84134,-38.45,0.43644,-16.485,0.93421,-0.00267,1.557,0.13795,0.81121,44.641,0.88559,6.108,-10.73,-0.57486,0.75000,-0.29520,-16.667,-0.20104,1,1,0.46610,-0.16290,-27.485,-0.02778,0.93358,-0.01158,0.61582,-0.32298,0.84463,-0.25706,0.93323,-0.01425
0,0,27.184,1,1,1,-1,0,-2.803,-23.754,45.071,1,38.996,1,1,-1,-1,1,-1,-1,1,-39.734,0,1,-1,1,-1,34.334,1,29.128,-1,0,0,0,0
1,1,0,1,1,1,1,0.91010,1,-45.362,1,-2.838,1,31.874,1,-1,0.72526,-1,-32.341,-1,-0.42052,-15.067,-1,-0.52838,-1,0.90014,-1,1,-1,38.347,-3.013,1,-0.34686,1,-19.887
0,-37.665,0,-0.67935,-1,-1,1,-20.384,-48.346,48.693,-1,-1,-1,1,1,0.88683,-1,-1,1,0.83840,1,-46.002,-1,-1,11.311,-0.18856,1,1,-1,-47.402,-1,-1,1,-6.797,0.33611
1,1,0,0.95659,-44.769,-5.518,-34.232,0.97165,-0.08484,0.96097,-0.06561,0.94717,0.01279,0.95436,-5.581,0.94612,-0.19497,0.99630,-0.32268,0.90343,-0.35902,-39.917,-0.27316,0.90140,49.006,0.99899,-0.40747,0.87244,-0.34586,0.92059,-0.30619,0.83951,-0.39061,-3.776,-12.881
0,-39.709,20.401,0.08333,-0.20685,-1,44.655,-1,-15.925,0.71875,-2.609,-0.82143,-0.62723,-1,-1,-22.759,1,-19.907,0.59152,-0.42113,-0.42113,-0.74628,-1,-1,-15.933,-1,0.23810,1,-1,-1,-0.38914,-1,-1,-1,0.61458
1,25.791,0,1,-0.02259,1,-0.04494,42.032,-0.06682,-20.79,-0.08799,-31.398,0.56173,-41.022,-0.12738,-23.609,-0.14522,1,0.32407,1,-0.17639,0.99484,-0.18949,0.95601,-0.20081,33.36,-0.92284,0.87280,-0.21793,0.82920,-0.22370,0.78479,-0.22765,-14.853,-0.22981
0,0,0,-12.009,1,1,-1,-1,1,0,-44.686,1,1,-1,-0.18750,43.0,1,-1,-1,1,-1,-1,-18.716,1,1,46.664,-1,-16.395,48.479,1,1,0,0,-26.581,-1
1,1,0,1,0.05812,-3.538,-9.038,0.99952,5.932,1,-0.01911,0.94846,0.07033,0.95713,0.14644,0.94862,0.11224,0.90896,0.20119,0.96741,0.16265,28.949,0.14258,0.90784,0.16410,-22.25,-33.944,19.67,0.23571,0.88568,0.22511,0.78324,48.654,0.83574,0.31166
0,-21.158,0,-16.991,28.407,-1,1,0,0,0,0,-1,1,0,0,-0.61354,35.696,0.80521,0.36146,21.355,0.14375,0,0,-1,15.421,-0.84792,0.96250,1,-24.334,-1,0.67708,0,0,-31.336,0
1,1,0,1,0.09771,15.372,0.12197,1,26.272,-24.331,0.09237,0.94930,0.19211,0.92992,0.24288,0.89241,27.067,0.85529,0.26721,0.83656,7.933,0.83393,0.31698,0.74829,0.39597,0.76193,0.34658,0.68452,0.42746,0.62764,49.751,0.56791,-2.182,-12.233,0.50903
0,1,0,0.01667,-0.35625,0,0,8.756,0,0,0,0,-26.687,-12.246,0,0.12292,-0.55000,-44.424,0.82813,36.562,-0.42292,0,0,34.908,8.968,-0.10625,-0.16667,1,-0.76667,-1,0.18854,0,0,-39.847,-0.27292
1,48.036,0,1,32.395,0.99352,0.16334,0.94616,0.33347,0.91759,0.22610,0.91408,0.37107,0.84250,27.972,0.81011,0.49225,0.78473,0.48311,-8.209,0.56977,-47.036,0.58071,0.55586,0.64720,0.48311,0.55236,23.914,0.69129,0.35684,0.76147,0.33921,43.504,0.22101,3.627
0,1,0,0.63816,1,0.20833,-1,1,1,0.87719,10.814,-0.66886,1,-0.05921,0.58772,6.873,0.05044,-0.51535,-1,0.14254,-0.03289,0.32675,-0.43860,-1,34.451,0.80921,30.736,37.582,-0.06140,1,1,1.308,-20.341,-17.128,1
1,1,0,41.314,-0.41457,1,0.76131,27.387,0.18593,-40.798,-0.09925,0.93844,0.47990,-48.684,-0.16080,1,0.00879,0.97613,-0.50126,0.80025,23.118,0.88065,-0.19095,1,-0.12312,0.93593,-16.209,0.92890,-0.07249,-45.832,-0.27387,0.43970,0.19849,40.119,-0.05402
0,50.9,39.827,-21.787,0.10598,1,0.39130,1,-1,0.66938,0.08424,1,0.27038,1,0.60598,1,0.35507,-27.841,0.02672,0.58424,-0.43025,1,-18.054,-0.718,0.26585,0.91033,-0.33333,1,0.15942,0.37681,31.111,-33.321,0.22464,1,0.37409
1,1,0,1,0.28046,1,0.02477,1,14.33,1,0.04317,0.98762,0.33266,1,-40.363,1,0.04384,0.95750,-0.24598,0.84371,27.102,1,22.285,0.99933,47.211,1,4.073,0.96414,-0.02174,38.185,0.23360,0.94578,-0.22021,-28.755,-0.07329
0,37.321,0,1,-4.168,1,-1,-48.668,-1,4.28,-1,1,1,1,1,1,-1,1,1,36.125,-47.404,1,1,1,-17.448,1,-1,1,-1,1,0.65625,0,-44.843,1,-1
1,1,0,1,0.67784,0.81309,0.82021,-48.314,1,-42.697,0.80541,-0.43872,1,-43.584,0.77092,-27.206,0.40268,-0.39046,-0.58634,-0.97907,-0.42822,-0.73083,-0.76339,-0.37671,-0.97491,-45.329,-1,0.41778,26.388,31.326,-2.823,0.93570,-0.35222,0.98816,0.03446
0,1,0,11.175,31.172,1,-1,42.972,-1,1,1,1,1,1.86,-18.353,1,44.472,1,1,1,-4.225,1,1,1,1,1,-8.434,1,0.5,0,0,1,-1,1,-1
1,1,0,1,0.03529,-3.227,0.18281,1,0.26968,1,0.25068,-22.774,0.28778,-12.22,0.38643,1,0.31674,-39.022,3.579,1,0.53846,1,0.61267,1,0.59457,0.89593,0.68326,0.89502,25.845,0.85611,6.166,0.74389,0.85611,0.71493,-47.54
0,0,0,-8.509,-36.021,1,1,-1,-1,1,10.311,0,0,0,0,-1,1,1,-1,1,-1,8.73,1,12.966,-1,1,-1,1,-1,-1,-35.358,-20.876,0,-12.065,-1
1,1,0,0.96087,0.08620,0.96760,-33.85,0.96026,-33.66,0.98044,0.35052,-46.88,0.46281,0.86265,25.541,0.82820,0.58794,0.73242,0.69065,0.69003,0.73140,0.54473,0.68820,0.48339,0.76197,0.40615,-16.482,0.33401,0.83796,0.24944,0.86061,0.13756,-43.678,-23.865,-1.46
0,-31.115,0,0.69444,34.918,0,0,-0.32937,0.69841,-5.045,0,-19.081,0,0,25.878,0.20635,-0.24206,0.21032,0.19444,5.936,0.78175,0,0,0,0,0.73413,0.27381,0.76190,0.63492,20.048,0,0,-14.586,0,0
1,1,0,1,-47.523,-18.032,0.10827,1,0.19498,1,-9.648,1,0.34826,1,0.38261,0.94575,0.42881,-39.32,0.50391,0.75906,0.58801,22.326,-37.864,22.12,0.62758,0.66643,0.63942,0.59417,-26.095,0.49538,0.72684,0.47027,0.71689,0.33381,0.75243
0,0,6.97,1,1,0,0,-35.268,-1,1,-50.41,1,1,1,1,-18.512,-12.644,1,1,-45.782,1,1,-1,-1,-1,1,-1,1,-1,1,41.903,0,0,-42.665,-1
1,1,0,1,-37.784,1,0.11982,1,-12.485,1,8.265,0.98703,40.934,0.92745,0.37639,0.91118,0.39749,0.81939,27.924,0.78619,0.46994,0.79400,-35.704,4.075,0.58129,0.67077,0.59723,0.58903,0.60990,0.53952,0.60932,-28.935,0.63636,0.40442,0.62658
0,0,0,1,1,12.836,-1,33.571,1,1,1,1,-41.061,1,26.828,1,47.051,1,-1,-1,1,-1,1,-1,-8.072,1,-1,1,1,16.038,1,-1,-1,-16.722,1
1,1,0,-33.653,0.24168,1,43.343,1,0.72973,1,1,1,1,1,1,47.36,38.799,1,1,1,1,-30.698,1,0.89647,-5.587,0.64628,1,0.38255,1,0.10819,1,-0.17370,-43.73,-0.81383,-0.218
0,0,-30.101,1,1,1,-6.642,1,1,-1,1,0,0,1,1,39.747,-40.534,0,0,-1,-21.154,-1,23.256,1,1,-32.74,-1,1,1,1.233,1,1,-1,-1,1
1,1,0.37,1,-19.625,1,0.62937,1,-41.045,1,0.20280,1,-1,0.41,-0.40559,1,18.613,1,0.04895,1,-0.61538,-23.707,-0.26573,1,-1,1,-6.768,28.987,-0.81372,1,-1,1,-0.78555,1,-0.48252
0,0,0.787,1,-1,-27.788,1,1,1,1,1,-41.689,1,1,-1,1,-1,1,48.264,1,-1,1,1,-24.86,-30.562,1,42.333,1,1,1,-1,29.025,1,1,-1
1,1,0,12.057,0.07804,33.068,-27.218,0.89702,0.24618,0.84111,0.35197,0.78801,0.42196,0.70716,-17.976,0.70796,0.56476,44.434,0.64200,-22.453,0.64924,-16.702,0.66975,0.34232,0.68343,0.23693,0.76146,0.18765,0.73885,0.09694,0.71038,0.02735,38.58,-0.04023,0.69509
0,-22.324,0,0.68198,-0.17314,0.82332,0.21908,0.46643,0.32862,-40.204,36.34,1,-0.15194,0.01060,0.44523,-44.716,0.38869,0.18681,0.41168,0.10567,0.36353,0.04325,0.30745,-6.886,0.24936,-0.02862,10.679,48.342,0.14481,-0.04779,0.10349,7.152,0.07064,-0.04013,0.04586
1,1,0,0.74852,-0.02811,12.846,15.453,-8.895,0.02811,0.85947,0.02515,0.63462,0.08728,0.71598,0.07840,0.73077,0.05178,0.78550,-29.358,0.65976,-0.01479,0.78698,0.06953,6.619,-0.18639,0.65385,16.812,-21.796,-0.06637,0.53550,-0.21154,39.685,-0.14053,0.56361,0.02959
0,-33.511,0,0.39179,-0.06343,0.97464,-34.811,1,1,0.35821,0.15299,0.54478,0.13060,0.61567,-0.82090,0.57836,-38.166,0.66791,-0.10448,19.737,-0.11567,0.65574,0.14792,-41.696,0.45522,0.47015,-40.995,-47.824,0.14630,0.32463,-0.02612,-22.48,0.13521,0.34411,0.12755
1,-37.055,0,0.67547,0.04528,0.76981,-0.10566,0.77358,0.03774,-31.519,-0.04528,-38.786,0.01132,0.66792,-0.13962,36.337,-0.02264,0.76981,0.08679,0.61887,24.853,-44.34,-0.23774,0.73962,-0.14717,0.84906,-0.15094,0.73886,47.514,0.66792,-20.944,0.86415,0.03774,0.73208,0.00755
0,38.464,49.726,0.72727,-0.05000,0.89241,0.03462,1,0.72727,-21.722,-0.05909,0.48182,-0.16818,0.81809,0.09559,-18.378,1,0.50455,0.21818,-44.168,0.10000,1,-0.30000,0.98636,-12.545,0.57273,0.32727,37.99,0.14673,0.42273,-1.832,0.48927,0.14643,1,1
1,1,0,0.57647,-0.01569,0.40392,0,22.412,0.12941,0.40000,-0.05882,0.56471,0.14118,0.46667,14.78,0.52549,-0.05490,-46.702,0.01569,-12.536,0,0.45882,-26.913,0.58039,0.08235,17.557,0.00392,-2.683,0.10039,0.46275,-38.795,0.45098,0.23529,0.43137,0.17255
0,1,0,0.41932,0.12482,0.35000,31.809,0.23182,46.439,-0.03636,0.44318,21.963,0.36194,-4.646,0.33636,-0.13350,0.27322,11.206,0.40455,37.977,0.12727,-0.20028,0.05078,-0.18636,0.36364,-0.14003,-0.04802,-0.09971,-38.498,-1,-1,-13.036,-0.07464,-0.00526,-0.06314
1,1,0,0.88305,9.395,1,-21.288,0.82403,-22.53,0.85086,0.05901,0.90558,-0.04292,0.85193,0.25000,0.77897,0.25322,0.69206,0.57940,-19.764,0.39056,0.73176,0.27575,1,0.34871,-37.622,0.52039,0.69811,-30.599,0.80901,-35.095,0.43026,0.70923,18.935,0.54185
0,1,-30.768,0.84557,-0.711,-0.31745,-0.80553,-0.08961,44.186,0.80648,0.04576,0.89514,-0.00763,-0.18494,39.027,-0.20019,-0.68065,0.85701,26.416,0.77979,-0.15729,-0.06959,0.50810,-0.34128,0.80934,0.78932,-30.668,-33.006,-0.25288,0.77884,-0.14109,-0.21354,-0.78170,46.439,-0.59867
1,5.821,0,0.70870,32.434,-29.642,0.04348,0.45217,0.38261,0.65217,0.18261,0.5,0.26957,0.57826,-0.23043,26.585,-28.502,0.38696,-0.42609,0.36087,-0.26087,0.26957,0.11739,0.53246,-0.03845,0.31304,-25.752,-33.298,-0.04264,0.48348,-0.04448,14.165,-0.25217,0.50435,0.14783
0,-48.387,0,-0.54180,22.538,-0.33746,0.73375,10.842,-0.13932,0.31889,-0.06811,0.20743,-40.314,0.47368,0.08978,0.56347,-0.15480,-31.241,0.45201,0.33746,0.03406,14.53,0.07121,-0.63777,-0.61610,1,-3.461,0.41348,-0.40116,-0.15170,-7.094,0.02399,0.55820,0.52632,-0.08978
1,1,0,0.29202,5.768,0.45331,0.16808,15.512,-34.148,-11.034,0.20883,0.52462,-29.609,0.47368,-30.213,-30.093,0.03905,0.81664,-0.22411,0.42445,-0.04244,0.34975,49.949,0.28183,-0.20883,0.51731,-0.03176,0.50369,-0.03351,0.34635,0.09847,0.70798,-0.01868,0.39559,-0.03226
0,1,0,0.79157,-31.23,0,0,18.148,0.06874,0.39468,1,-47.031,-16.726,-0.02439,0.53215,-45.847,0.12860,-0.02661,0.95122,-0.50998,0.84922,-0.10200,0.38803,-0.42572,-44.611,-0.91574,0.80710,-47.028,0.88248,-1,0.69401,12.319,0.12860,0,0
1,1,0,0.90116,0.16607,0.79299,0.37379,0.72990,-27.694,0.59784,0.72997,0.44303,-25.872,0.24412,0.87493,8.374,33.056,-48.833,0.87396,1.086,0.79617,-2.919,32.048,-0.57135,0.53805,-0.68159,0.39951,-0.71844,0.25835,-0.72369,0.11218,-0.71475,-0.05525,-0.67699,-0.19904
1,1,0,0.97714,0.19049,-0.965,0.46259,0.71771,0.58732,0.47968,0.84278,45.433,0.92643,0.10289,0.93945,-0.13254,16.973,-0.32020,-38.763,-0.52145,0.79525,-40.354,0.49508,-0.77408,0.33537,10.643,0.17849,-0.83314,10.95,-0.82366,26.203,-0.67289,-0.33662,-0.59943,-0.49700
0,1,0,-1,-1,-49.857,0,10.276,-0.78502,-40.782,0.32899,-1,-0.41368,41.305,0,0,0,1,-0.26710,0.36482,34.521,0.97068,41.618,-1,-1,1,-0.59609,-1,-1,31.053,-1,1,-1,11.063,0
1,1,0,0.74084,0.04974,0.79074,0.02543,6.631,0.03793,-21.803,0.09948,0.67801,0.31152,0.75934,0.07348,0.74695,5.286,0.70681,-0.07853,0.63613,0,-2.876,0.11355,0.68183,-30.15,0.67016,0.15445,38.016,-24.696,0.65707,0.17539,0.59759,0.14697,11.252,0.15114
0,1,0,1,-1,0,0,0.77941,-0.99265,0.80882,0.55147,-0.41912,-26.813,0,-0.799,-48.556,0,0.72059,-0.77206,42.596,-0.60294,0,0,0.18382,-1,-8.039,-1,-42.946,-1,1,-1,21.812,-1,-33.124,0
1,1,0,1,-41.41,-46.915,-0.03142,1,-0.03436,1,-0.05071,0.99026,-24.837,0.99173,-0.09002,1,-0.15727,1,-0.14257,0.98310,-0.11813,1,-44.38,1,-0.19272,0.98971,-0.22083,-29.777,-0.20243,-2.249,5.347,-5.566,-0.22561,0.87011,-0.23296
0,0,34.245,-33.801,0,-30.961,0,8.3,0,0,0,-37.505,0,3.693,24.253,0,0,0,0,0,0,0,0,0,-16.271,0,0,1,-1,0,0,0,0,0,0
1,1,0,38.642,-0.12095,0.63318,-0.12690,-32.893,-49.852,0.97026,5.745,0.92003,-0.01124,0.83543,-0.24719,1,-0.31395,36.757,-0.21216,-10.217,-0.21018,1,-0.27165,0.93126,5.293,1,-0.19233,0.88793,-0.31565,0.81428,6.456,0.89095,-0.31857,0.69531,-0.41573
0,-25.837,0,0.28409,-0.31818,0,0,0.68182,-1,0.30682,0.95833,0.64394,0.06439,-3.406,-0.84848,0,0,0.59091,-0.35985,0.45076,-0.80682,-21.086,0,42.555,0,0.24242,0.17803,-44.607,45.373,0.06061,-16.486,0.16288,-0.70076,33.867,0
1,1,0,0.94490,-0.49311,1,-0.03692,0.98898,-0.87052,-3.872,0.66942,1,-0.10104,1,30.598,6.196,34.292,1,-0.17681,1,-0.20491,1,26.563,1,6.185,1,-0.29852,-45.236,-0.33304,1,-0.36931,1,49.543,1,-0.44739
0,1,-11.369,0,-8.033,6.087,34.482,0,0,0,0,0.62195,1,0,0,0,0,0.36585,-31.191,0.56098,45.391,0,0,7.765,0,0,0,1,-7.82,0,0,0,0,0,0
1,1,0,0.314,0.00526,0.84082,-0.11313,0.88237,-0.16431,45.689,-0.06257,0.96484,-0.07496,17.875,0.02966,0.87161,-0.20848,22.269,-0.12977,0.98298,43.715,0.89876,0.00075,0.87836,-0.05882,0.93368,15.73,0.87579,-0.17806,0.94294,-0.16581,-21.797,-0.25741,-10.453,-0.27794
0,21.682,0,0.10135,-24.2,0,0,27.853,0,0.54730,0.82432,0.31081,1,0,0,-24.321,0,0.37162,-1,0.33108,39.046,0,0,0,0,32.59,-28.524,1,-1,0.55405,-0.23649,0,-23.922,0,0
1,1,14.451,1,-0.57224,0.99150,21.724,25.546,-0.97450,50.515,-0.35818,1,-0.23229,0.62890,-0.86402,1,-0.57535,1,48.859,-12.512,-0.88952,-33.428,-1,0.70120,-49.187,0.61946,-0.76904,0.53777,-0.77986,0.81020,-1,1,-1,0.30445,-0.76112
0,1,0,0.65909,-0.62879,-20.759,0,42.581,39.141,0.77273,1,1,-41.19,0,0,0,0,-30.431,-0.22727,0.84091,-1,-27.903,-1,0,0,0,0,1,-0.93939,-0.12879,-0.93182,-28.643,0,-16.575,0
1,1,0,0.86284,0.19310,0.80920,40.028,-47.904,-32.524,0.54559,0.69962,0.36705,0.81533,0.19617,0.85671,-0.04061,0.86284,-0.17241,0.75785,15.288,35.972,-0.48199,-32.543,-0.60230,-47.759,-0.59234,0.25747,-0.63038,0.08818,-0.57241,-0.07816,-0.54866,-27.067,-0.42912,-0.31954
0,1,4.972,-40.099,22.354,0,0,1,-1,0.90000,-25.915,0.43000,0.64000,-7.608,0,21.692,0,0.67000,-0.29000,0.84000,15.695,0,0,30.468,0,0.21000,0.68000,1,0.22000,0,0,0,0,0,0
1,1.785,0,1,0.23395,0.91404,0.52013,-48.519,29.185,0.47660,0.84222,0.27639,-18.971,0.09467,0.88248,-0.21980,0.91404,-0.34168,0.75517,-0.51360,-22.648,-0.64527,-48.219,-0.74102,0.29162,-0.70838,16.618,-0.71731,-0.11943,-0.64962,-0.28183,43.045,-0.44505,-0.37432,-0.53319
0,1,0,0.91353,42.708,-0.72973,40.626,-0.39466,0.55735,0.05405,-35.993,-0.18599,-0.10241,-0.03158,-0.08970,0.01401,-0.03403,0.01108,-13.996,0.00342,0.00097,48.163,0.00075,-0.00003,5.964,-0.00003,0.00002,-0.00001,0,0,0,-29.511,0,0,-11.8
1,1,-2.309,0.21429,-0.09524,0.33333,11.26,0.19048,0.19048,0.23810,0.09524,0.40476,-48.108,0.30952,-11.214,-26.322,-0.04762,0.28571,-0.11905,0.33333,0.04762,0.30952,0,0.21429,-0.11905,31.326,-0.04762,0.049,-0.02290,0.19048,0,26.001,-0.02034,0.14694,-0.01877
0,1,38.734,1,-0.14754,-23.929,0.04918,0.57377,-0.01639,-6.547,0.01639,-13.173,-0.03279,0.72131,-6.892,0.68852,-0.16393,0.19672,-0.14754,0.65558,-0.17176,0.67213,-17.444,1,-0.29508,0.31148,-0.34426,0.52385,-0.20325,25.105,-0.03279,0.27869,-36.165,0.49180,-0.06557
1,1,0,0.98182,0,4.694,0.03131,0.86249,0.04572,0.80000,0,0.69091,0.04545,31.81,45.694,15.967,0.09579,0.62727,0.25455,0.68182,0.12727,41.467,-10.18,0.68604,0.13493,0.74545,0.22727,0.64581,0.15088,0.67273,0.02727,0.60715,0.16465,32.081,36.084
0,1,0,0.39286,0.52381,-0.78824,20.329,-0.16628,-31.994,0.66667,0.01190,-1.766,48.548,-0.67230,0.30729,-0.34797,-0.63668,0.46429,0.15476,2.871,0.05952,-0.51830,2.208,-0.47651,-0.47594,0.32143,0.70238,34.401,33.064,0.57143,0.39286,-0.54891,-0.29915,0.25441,-0.55837
1,1,0,0.86889,-49.216,1,-0.02494,1,-0.06889,0.87778,0.00222,0.83556,-0.06444,-12.55,-0.07287,-36.353,-0.20000,0.86889,-5.54,0.88000,-0.03778,1,-0.11526,1,-0.18667,0.84444,0.03556,-14.49,-0.14162,0.82222,-31.05,1,24.464,-31.822,-0.44222
0,1,0,0.43636,-0.12727,0.58182,-0.14545,-27.721,-0.67273,0.34545,-28.829,0.29091,13.742,0.29091,0.29091,0.36364,6.225,49.772,-0.01818,0.36364,-30.129,0.12727,4.557,0.61818,0.16364,0.32727,0.16364,-20.154,-0.07027,0.34545,-0.05455,0.12727,-0.36364,0.29091,-0.29091
1,1,7.52,-7.242,-0.92453,1,0.75472,0.49057,-0.05660,0.62264,0,1,-0.00054,14.335,3.826,0.62264,-0.05660,-41.534,6.87,0.52830,0,30.768,0.07547,0.95190,-0.00112,1,0.79245,-35.64,-0.00128,0.94340,-1,1,0.43396,0.43396,-0.11321
0,1,0,0.73810,0.83333,-0.76190,-0.23810,0.33333,-0.14286,0.45238,-0.14286,-7.781,0.12808,0.33333,0,0.28571,-0.07143,48.349,0.51163,-48.753,-24.526,-6.94,0.04762,0.16667,-0.26190,-0.57255,-0.10234,0.24889,-0.51079,-5.572,0,44.573,-0.04762,-48.93,0.02381
1,1,0,22.415,0.04167,0.58333,-0.10417,-26.193,0,0.33333,-0.06250,0.47917,0,0.29167,-46.224,0.54167,0.02083,0.43750,-0.22917,0.35417,-16.563,-33.865,0.08333,33.286,0.18750,0.39583,-0.18750,0.44012,-0.10064,0.41667,-0.08333,0.58333,4.609,-30.06,-0.06250
0,14.384,0,1,1,0,0,0,0,-10.099,0,0.47744,-0.476,-0.51504,0.45489,-0.95489,0.28571,0.64662,1,0,0,19.416,0,0.62030,0.20301,-1,-40.12,15.655,-1,1,1,-32.002,0,-27.601,0
1,1,0,-3.8,-11.438,0.93614,0.13030,0.90996,0.19152,0.84881,-29.227,0.90023,0.61320,0.77937,0.34328,0.72254,0.37988,0.66145,0.40844,-43.614,0.59862,-24.873,0.44088,0.46773,0.44511,37.673,0.44199,0.34374,0.43221,0.90330,26.302,0.23405,0.39620,48.535,0.37191
0,1,0,0.59840,0.40332,0.82809,2.841,46.597,0.70709,0.84010,-0.10984,0.97311,0.07981,0.95824,-0.85727,0.91962,10.376,0.95452,26.369,0.88673,0.18135,0.98484,-0.69594,4.363,-0.85755,0.28604,-0.30063,-7.769,0.17076,-23.266,0.42677,-4.787,0.81007,0.81979,0.68822
1,1,0,0.95882,0.10129,1,-0.01918,0.98313,0.02555,0.96974,21.735,0.98955,0.742,0.97980,-0.03096,1,-0.05343,1,-10.85,0.93840,-34.581,0.97620,-0.09284,-27.784,-0.05318,0.91567,9.063,-15.898,-0.06995,0.90978,0.01307,-30.459,-0.10797,0.93144,-0.06888
0,1,32.959,-15.934,0,-0.33672,0.85388,0,0,0.68869,-1,0.97078,0.31385,-0.26048,31.795,-0.30241,0.65565,0.94155,0.16391,0,0,-45.29,0,-0.18043,-1,0,2.16,1,-1,-3.272,-48.708,0.04447,0.61881,39.031,0
1,-2.666,-45.488,0.96933,0.00876,1,0.00843,0.98658,37.574,0.97868,-0.02844,0.99820,-16.787,1,-0.01271,1,-0.02581,1,3.927,0.98485,0.00025,-34.063,-0.02612,7.322,-0.04744,0.96019,3.585,0.99188,-0.03473,0.97020,-0.02478,1,-0.03855,0.98420,-0.04112
0,1,-22.147,0,0,0.98919,-0.22703,0.18919,-20.277,0,-9.838,0.93243,0.07297,-13.427,-0.20000,-40.947,0.07027,50.828,-0.11351,0,0,1,-0.21081,6.435,-0.41622,0,0,1,-0.17568,0,0,1,-0.25946,30.082,-0.15676
1,-23.57,0,0.64122,0.01403,0.34146,-0.02439,0.52751,0.03466,0.19512,11.146,0.43313,2.168,0.21951,0.04878,0.29268,0,0.36585,-33.906,-8.277,0.07317,0.26829,0.12195,0.23698,0.05813,0.21951,-41.956,0.19304,4.833,32.007,0.05504,0.19512,0,0.17073,0.07317
0,5.639,0,1,1,1,-1,-10.846,-12.689,0,0,1,1,1,0.425,-13.562,1,1,-1,0,0,0,0,-10.024,-0.27778,0,0,-41.815,-1,1,1,1,-1,0,24.341
1,1,0,42.746,0.20408,0.46939,0.24490,0.40816,-29.198,46.692,0.44898,0.30612,0.59184,-0.359,0.55102,0,47.876,-0.06122,31.191,-0.20408,0.55102,-0.28571,0.44898,-0.28571,0.32653,-0.61224,41.722,-0.46579,0.14895,33.135,0.18367,-0.34694,0,-0.26531,-0.24490
0,11.333,0,0,0,1,-24.897,0,0,0,0,3.999,3.085,1,-38.316,1,0.23288,1,3.658,0,0,0,0,44.489,1,0,0,1,-1,0,0,13.786,-1,0,0
1,-46.742,0,0.89706,0.38235,0.91176,0.37500,0.74265,0.67647,0.45588,0.77941,0.19118,-19.591,-0.02206,0.86029,-0.20588,0.82353,-41.973,11.434,-0.5,0.47794,-14.466,0.38235,4.641,0.08824,-0.74265,-0.12500,-0.67925,-0.24131,-0.55147,-18.999,-32.613,-0.50735,-0.28676,-0.56618
0,1,0,-1,0.28105,0.22222,0.15033,24.084,-0.70984,-0.30719,0.71242,-1,1,-0.81699,0.33987,-0.79085,-0.02614,-0.98039,9.201,-0.60131,-0.54248,-17.773,-0.83007,-43.994,-0.94118,-1,-0.43137,0.74385,44.907,13.666,8.811,0.18301,0.02614,-28.375,-0.48241
1,1,-6.951,0.26667,-0.10000,11.935,0,0.33333,-0.13333,0.36667,0.11667,0.56667,0.01667,0.71667,-30.985,0.70000,-0.06667,0.53333,0.20000,0.41667,-0.01667,11.406,-2.335,0.70000,0,0.25000,0.13333,0.46214,-28.376,0.40000,0.03333,-37.629,2.361,0.41667,-0.05000
0,1,0,13.284,-12.144,-0.27303,0.12159,-0.17778,-0.04444,0.06192,-0.06879,0.04461,14.126,-38.454,9.317,-0.01586,-0.00166,-0.00093,-0.00883,0.00470,-0.00153,0.00138,0.00238,-0.00114,0.00102,-0.00069,-0.00050,0.00019,41.354,0.00026,23.359,0,0.00015,-0.00008,-0.03
1,1,0,1,-0.37838,0.64865,0.29730,0.64865,-0.24324,31.179,0.18919,-33.131,-0.27027,0.51351,0,-30.84,-0.05405,0.32432,-0.21622,0.71833,-0.17666,0.62162,0.05405,-32.131,40.272,0.35135,-0.29730,0.61031,-0.22163,32.714,-0.23027,7.048,-42.695,0.51351,-0.24324
0,1,37.003,0.94531,-29.691,-1,-0.33203,44.512,-0.01563,0.97266,0.01172,0.93359,-0.01953,-1,0.16406,-1,-0.00391,0.95313,-0.03516,0.92188,-45.752,-0.99219,0.11719,19.878,-31.516,-21.618,-0.00391,0.82041,0.13758,0.90234,-0.157,-1,-0.18750,-1,-0.34375
1,1,0,0.95202,0.02254,0.93757,33.755,0.93526,18.771,25.658,45.844,-14.575,-5.37,0.95665,-0.03064,0.95260,-0.00405,-40.365,-0.02659,0.99769,0.01792,31.76,-0.04971,0.93815,-0.02370,0.97052,-0.04451,0.96215,-0.01647,0.97399,0.01908,0.95434,-0.03410,0.95838,0.00809
0,1,0,29.232,-0.05529,1,-1,0.5,-12.391,0.36111,-0.22222,1,-0.25712,0.16667,-0.11111,11.632,-0.34660,1,-0.38853,1,-0.42862,0,-0.25000,4.939,-0.50333,36.904,-0.27778,1,-48.808,1,-0.27778,-34.388,-0.63156,-17.903,-0.65935
1,1,0,3.526,-0.10345,49.201,-0.10345,0.20690,2.261,0.07405,-0.05431,0.03649,-0.03689,-38.321,34.552,0.00741,-0.01482,0.00281,-0.00893,-15.649,-0.00523,-0.00003,-0.00299,-0.00028,-14.54,-0.00031,-0.00090,-0.00025,-0.00048,-0.00018,-0.00024,25.866,-0.00012,-0.00008,-0.00006
0,1,12.255,0.62745,-16.362,0.72549,0,0.60784,-0.07843,0.62745,17.431,0.68627,-19.45,0.66667,-0.13725,-46.53,-0.09804,0.54902,-0.11765,0.54902,-0.21569,0.58824,-0.19608,0.66667,-0.23529,0.45098,-0.25490,0.52409,-0.24668,46.18,-0.31373,-7.207,-0.21569,0.47059,-6.731
1,1,-13.96,0.25000,0.16667,0.46667,0.26667,0.19036,0.23966,0.07766,6.954,0.01070,0.14922,-0.02367,0.10188,-0.03685,0.06317,-0.03766,0.03458,-46.846,44.258,-0.02474,0.00357,-0.01726,-0.00273,2.501,31.621,-43.149,-0.00586,-0.00294,-1.109,-0.00089,-0.00408,0.00025,-0.00291
0,1,0,-0.65625,10.097,0.06250,0,0,0.06250,0.62500,0.06250,28.112,0,-0.03125,0.09375,0.06250,0,0.15625,32.545,0.43750,-0.37500,0,-0.09375,1.413,0,-6.396,-0.46875,0.03125,0,-0.71875,0.03125,13.365,-15.339,21.394,0.09375
1,1,0,1,4.245,13.31,-0.02703,1,-0.06486,-2.88,-0.01622,0.98919,-22.747,0.98919,0.08649,1,-0.06486,0.95135,0.09189,0.97838,-0.00541,1,0.06486,1,0.04324,-1.558,44.824,0.98556,30.517,1,-0.438,1,0.02703,1,-0.07027
0,1,17.483,0.85271,0.05426,-41.366,0.08069,1,5.697,0.91473,-42.539,0.83721,27.51,1,0.27153,1,1,0.81395,0.04651,0.90698,0.11628,1,-35.782,1,-14.563,0.80620,0.03876,1,0.71613,0.84496,0.06977,1,0.87317,-2.599,1
1,1,0,0.90374,-0.01604,1,0.08021,1,0.01604,-10.417,0.00535,0.93583,-0.01604,21.969,2.055,1,0.06417,1,0.04813,0.91444,0.04278,0.96791,-24.53,-23.596,-6.017,0.96257,0.05348,0.96974,0.04452,0.87701,0.01070,1,-29.75,0.97861,39.571
0,1,0,-0.20500,-29.063,0.23000,0.10000,0.28250,4.118,0.32250,0.35000,0.36285,-0.34617,0.09250,0.27500,-0.09500,0.21000,-0.08750,0.23500,-0.34187,0.31408,18.588,-0.08000,-27.306,0.33176,-17.603,-0.24000,-5.495,-15.382,-0.47000,0.18500,-3.707,-0.31228,0.40445,0.03050
1,-3.509,0,6.877,-18.247,0.63333,0.06667,-15.629,0.06667,0.70000,0,0.63333,36.075,0.80000,-10.661,0.73333,0,0.70000,0.10000,-19.009,0.10000,0.73333,-0.03333,0.76667,0,0.63333,0.13333,0.65932,0.10168,0.60000,0.13333,0.60000,0.16667,0.63333,-28.661
0,1,0,0.05866,-40.5,0.06704,0.00838,0,-0.01117,0.00559,-0.03911,0.01676,-0.07542,-48.664,0.05307,-13.787,-0.03352,0,-17.573,-0.06425,0.07542,4.832,0.02514,6.602,-0.00559,0.00838,0.00559,0.10335,-0.00838,0.03073,-4.917,10.83,0,0.04749,-0.03352
1,1,0,0.94653,-11.388,0.72554,12.548,0.47564,0.82455,0.01267,33.55,-0.24871,0.84475,-0.47644,0.56079,-0.75881,0.41743,-0.66455,0.07208,-0.65426,-0.19525,41.194,-0.44000,-0.30851,-0.55089,-0.04119,-0.64792,-47.626,28.626,-7.796,-42.421,0.46059,-0.22535,0.50376,-0.05980
0,1,0,36.395,6.246,-0.02586,-42.409,0.01437,0.04598,-43.557,0.00862,0.01724,-0.06609,-0.03736,0.04310,-0.08333,-0.04598,-0.09483,0.08046,-0.04023,0.05172,0.02011,-26.114,-0.03736,-0.01149,37.898,-0.00862,-36.039,0.01724,0.02586,0.01149,0.02586,31.664,-0.04598,-0.00575
1,28.211,0,0.72414,-0.01084,0.79704,-12.829,48.116,0.00197,0.79015,0.01084,0.78424,-0.00985,0.83350,0.03251,17.738,0.01675,0.80099,-38.399,0.79113,-0.02956,0.75961,40.6,0.74778,0.05517,37.035,-0.01478,0.78041,0.00612,0.74089,-0.05025,0.82956,0.02956,0.79015,-12.43
0,1,0,0.03852,0.02568,0.00428,0,0.01997,-0.01997,0.02140,-0.04993,-21.604,-0.01284,0.01427,-0.02282,0,36.384,-0.04708,-0.02853,-26.406,5.068,0.02140,0.00428,0.05136,38.793,0.05136,-17.63,-31.407,0.01569,-26.685,0.00713,-0.02568,-0.01854,-0.01427,0.01997
1,1,0,0.47090,0.22751,0.42328,0.33598,0.25661,0.47619,0.01852,0.49471,-10.693,0.53968,-0.34127,0.31217,-0.41270,0.32540,-0.51587,-30.359,-0.5,-0.11640,-1.893,19.795,-0.14815,7.561,-12.438,0.00265,0.03574,-0.31739,0.15873,41.083,0.24868,-10.468,0.26720,0.04233
0,1,-27.483,-21.215,-19.538,0.13959,-0.04119,0.10526,-0.08238,0.12586,-0.06178,0.23341,-0.01144,0.12357,0.07780,0.14645,-0.13501,43.151,-0.04805,0.388,13.037,0.11670,0,0.11213,-0.00229,0.15103,-0.10297,0.08467,0.01373,0.11213,-0.06636,0.09611,-4.219,0.11670,44.771
1,1,0,0.94333,-1.318,0.48263,0.64534,0.21572,42.899,-0.55941,-28.572,-0.73675,0.42048,-0.76051,0,-24.446,-0.31079,-0.38391,-0.62157,40.648,-0.69287,0.49909,-41.485,0.71481,-0.37660,0.73857,-0.05484,0.60098,0.30384,0.45521,0.60512,-3.793,0.54479,15.762,0.50457
0,1,22.079,0.01975,0.00705,0.04090,-0.00846,29.511,1.149,0.01128,0.04372,0.00282,38.396,0.01975,-0.03103,-0.01975,0.06065,-0.04090,0.02680,-0.02398,-0.00423,0.04372,-7.928,0.01834,0,0,-0.01269,32.61,21.103,0.00564,-0.01551,-0.01693,-0.02398,0.00705,-40.417
1,46.12,0,0.85736,-36.965,0.81927,-0.05676,-8.51,-0.04182,0.84317,0.09037,0.86258,0.11949,0.88051,4.822,0.78342,0.03510,-48.07,-0.06796,0.83570,-0.14190,0.88125,0.01195,21.392,0.02240,-15.207,-0.01942,-28.183,-0.03678,0.88125,-0.06423,0.73936,-0.01942,0.79089,-0.09186
0,1,0,1,-1,1,1,-1,1,1,-1,-45.003,-40.163,-15.782,-1,-1,1,17.422,1,10.358,1,-1,1,1,-1,1,-1,17.425,-17.507,1,-46.555,-1,1,-1,1
1,1,0,0.85209,11.58,-15.122,0.76432,0.678,0.98903,-0.42625,0.88744,-0.76229,0.49980,-0.93092,0.10768,-38.284,-0.31044,-0.66030,-0.55262,-0.19260,15.488,0.28444,-0.80496,0.64649,20.644,8.028,-0.23324,0.71698,0.21343,0.37830,0.58310,0.19667,0.66315,13.85,0.64933
0,1,20.611,-25.702,1,1,0.51250,-1.357,30.764,1,1,0.02500,0.03125,-15.459,-34.1,0,0,1,-1,1,1,1,1,-39.936,1,1,1,1,1,16.68,1,-0.94375,1,0,0
1,1,0,1,39.512,0.62745,1,0.01961,1,-0.49020,0.92157,-40.247,0.58824,-1,0.11765,3.751,-0.33333,21.369,-0.68627,-0.23529,-28.137,0.35294,-21.339,0.74510,-41.415,0.92157,-0.21569,0.92874,-28.337,0.72549,0.56863,0.23529,0.90196,-0.11765,0.90196
0,1,12.137,0,0,-1,-1,-42.014,17.844,0,0,-1,1,1,-3.544,1,-1,0,-7.692,0,3.107,-1,-1,47.846,1,14.514,0.43750,1,-1,0,0,-1,-1,-1,1
1,1,0,0.44444,0.44444,0.53695,0.90763,15.847,1,-0.33333,9.665,-1,0.33333,5.548,-0.11111,-1,-0.22222,-0.66667,-0.77778,-23.255,-1,-0.22222,-0.77778,0.77778,-0.22222,0.33333,-27.052,11.894,0.45019,37.895,0.84353,-39.765,1,-0.55556,1
0,0,0,0,0,0,0,0,-16.556,-12.399,2.694,-13.353,30.141,0,0,0,0,0,0,28.205,0,-26.19,0,0,0,0,0,1,0,0,0,0,0,8.346,0
1,1,0,1,0,1,0,0.5,0.50000,-30.767,0,-35.52,0.12094,0.89067,-9.997,0.86922,-41.893,0.75000,-8.175,0.75000,0.5,0.75000,0,1,-0.25000,0.5,0.50000,0.73944,-18.497,0.75000,36.217,0.69635,1.846,0.67493,0.30293
0,0,0,-47.246,1,1,1,0,-4.432,1,-0.656,1,-1,1,-1,-1,-3.544,11.183,0,-1,21.213,0,0,0,0,-1,-1,1,47.755,1,1,18.364,-1,0,0
1,1,0,16.767,-17.91,1,0,0.66667,0.11111,1,-0.11111,-36.868,-0.11111,1,-0.22222,10.012,0,0.77778,0,1,28.854,0.77778,-0.11111,0.66667,-40.369,0.66667,0,0.90347,-30.833,1,0.11111,-18.1,-0.11111,1,0
0,0,0,0,0,0,0,0,0,0,0,32.122,0,-1,22.944,-7.898,0,1,0.75000,13.976,0,0,0,44.944,1,0,0,48.975,-1,-1,-1,1,1,23.69,25.28
1,1,0,-39.29,0.45455,1,36.138,1,0.09091,1,-0.09091,1,0,1,12.051,1,-0.18182,1,0.09091,1,0,1,-30.268,1,0.09091,-13.671,43.612,1,-0.04914,1,0.45455,1,-0.27273,-37.947,5.475
0,1,0,0.62121,-0.63636,23.1,0,0,4.874,50.34,0.28788,0.42803,0.39394,-0.07576,-41.733,0.36364,0.31439,-0.53788,-24.457,0.12121,-33.533,0.01894,-0.53409,-0.57576,0.17803,0.29167,-0.27273,0.25758,-0.57576,0.43182,0.24242,-47.356,-10.379,0.17045,-0.41667
1,1,0,1,-0.756,1,28.76,1,0.41176,1,0.05882,1,0.23529,1,0.11765,-33.089,20.716,1.764,-0.05882,1,29.829,1,0.35294,1,0.41176,1,-0.11765,30.652,0.20225,1,-18.878,1,0.35294,1,0.23529
0,1,0,17.036,0,-1,-21.574,1,-0.838,16.434,-26.329,-1,24.593,0.12766,-0.59043,1,-1,0,0,43.04,-0.07979,-0.25000,1,0.17021,34.928,0,0,-0.19149,-0.46809,-0.22340,-0.48936,0.74468,0.90426,-0.67553,0.45745
1,-10.735,-0.267,0.91667,0.29167,36.729,-0.16667,0.70833,0.25000,0.87500,-46.762,0.91667,0.04167,30.904,0.12500,-19.699,0,18.574,0.04167,1,0.08333,0.66667,-0.08333,0.75000,0.16667,-28.157,-0.12500,0.83796,0.05503,1,0.20833,0.70833,0,0.70833,0.04167
0,1,0,0.18590,-0.16667,29.963,0,-3.935,0,0,0,0,26.22,0.11538,-0.19071,0,0,-27.523,0,0,-29.6,0,-26.741,-0.05128,-33.987,0.07853,0.08974,0.17308,-0.10897,0.12500,0.09615,0.02564,-2.843,0.16827,0.19551
1,-48.191,0,1,-26.506,1,-0.11326,0.99246,-0.29802,1,-14.38,40.873,-44.516,0.85788,29.156,0.91904,-0.48170,0.73084,-0.65224,0.68131,-0.63544,0.82450,-0.78316,0.58829,-0.74785,-8.104,-0.96296,0.48757,-0.85669,0.37941,-0.83893,0.24117,-0.88846,34.353,-0.89621
0,1,0,-33.946,-5.022,1.015,1,-1,-0.82456,0.34649,0.21053,0.46053,0.07018,0.22807,6.796,3.199,9.311,0.72807,28.673,0.22807,0.53070,0,0,-0.29825,-0.16228,1,-12.987,1,-1,1,-0.24561,0.35088,0.20175,0.82895,0.07895
1,1,0,1,0.24077,0.99815,0.00369,0.80244,-0.30133,0.89919,-0.23486,0.70643,-4.717,0.73855,-0.30539,-13.643,-44.16,-46.142,-6.679,0.40473,-0.55059,47.168,-0.39328,0.53176,40.948,0.23966,-0.52142,0.29208,-40.456,0.12777,-0.39143,0.15657,-0.51329,0.18353,-0.46603
0,0,-2.035,-1,1,1,-1,0,0,-4.084,0,1,-1,-25.958,1,0,0,1,-1,0,-46.092,0,0,1,1,-37.289,3.242,1,-9.393,-15.737,1,-1,-1,0,0
1,-14.604,-7.168,14.454,-0.19448,0.96419,-0.17674,0.87024,-0.22602,0.81702,-0.27070,0.79271,-19.56,0.70302,-0.49639,0.63338,24.491,0.37254,-0.70729,42.467,-0.72109,0.40506,14.746,0.33509,-0.59691,0.14750,-0.63601,0.09312,-0.59589,-0.07162,-14.037,-0.01840,-0.54074,-0.07457,-0.47898
0,1,-23.222,-1,-1,-0.50694,7.084,1,28.355,1,0.53819,0,0,0.23958,-1,1,1,0,0,1,1,-23.87,1,0,-46.983,-0.71528,4.384,0.33333,-1,29.405,-1,0.69792,-1,-4.92,1
1,14.789,0,0.84177,0.43460,0.5,0.76160,0.09916,0.93460,-0.37764,0.88186,-49.241,0.61181,-0.93882,0.19409,-0.86709,-0.25527,-0.62869,-0.65612,-0.25105,-0.85654,6.346,-0.86498,0.51477,-0.66878,0.74895,-0.28903,0.77937,-42.394,-30.285,21.256,0.31435,-34.642,2.317,0.69409
0,1,0,1,24.163,0,0,1,-1,-25.06,-1,1,1,1,-1,0,0,1,19.831,1,1,36.43,3.246,29.024,-1,-1,-1,1,1,-1,48.784,-1,1,49.659,0
1,1,0,1,0.63548,1,1,0.77123,1,-0.33333,1,-1,1,0,1,-1,8.695,-1,0,0.158,4.137,-46.633,-0.92536,-1,-0.33333,-0.33333,45.062,0.19235,-25.89,1,-1,0,-31.115,-18.9,-0.66667
0,0,42.581,-1,-19.759,-1,-1,-40.91,0,-1,1,1,-1,-8.518,-1,-1,1,26.804,-11.277,-1,-1,-1,1,0,0,1,-1,1,1,1,-1,1,-30.052,-47.932,0
1,1,-33.104,-47.576,0.06843,1,0.14211,1,0.22108,1,-0.12500,-47.169,0.39495,-32.082,0.48981,1,0.58986,-0.37500,1,1,0,1,0.92001,-25.868,1,1,1,1,1,1,0.25000,36.315,40.616,16.629,1
0,0,0,-1,-1,0,0,0,30.468,0,0,0,0,-26.915,0,23.964,-1,0,0,-1,15.695,0,-7.608,1,5.972,-39.519,-1,1,-1,0,0,0,0,21.692,0
1,1,0,0.64947,43.478,0.58264,-0.14380,-0.13129,-48.879,0.29796,0.829,-48.918,-23.557,-19.599,-0.31997,0.03459,16.392,0.20269,-0.29441,0.15196,-0.29052,0.09513,-0.31525,0.06556,-0.26795,0.03004,-0.25124,-0.00046,-0.23210,28.438,-0.21129,-0.04717,-0.18950,0.01336,-0.27201
0,1,0,0,0,0,0,0,0,0,0,-12.99,-0.33333,42.059,0.26042,0,0,-11.8,48.162,39.626,0,-0.19792,-0.21875,-0.16667,6.87,-1,-35.79,0.04167,0.75000,-0.22917,-1,-0.12500,-29.782,-0.19792,-0.93750
1,1,-0.172,1,11.241,0.99363,0.10123,-10.205,0.14756,0.95513,-0.26496,0.66026,0.54701,0.80426,0.25283,-47.394,26.105,0.66775,0.28714,-26.036,0.29304,0.52494,0.29200,-1.853,0.28476,0.39023,0.27226,31.298,0.25553,0.27381,0.23568,0.22427,0.21378,0.18086,0.19083
0,1,0,1,-0.09524,-25.929,-1,-1,-1,25.777,0.31746,0.81349,-6.441,-1,-1,-7.892,1,0.47364,1,1,1,0.68839,-1,-1,-18.477,-13.196,0.36508,1,1,1,0.50794,-36.722,-0.32540,-1,39.462
1,1,0,0.93669,-0.00190,0.60761,0.43204,0.92314,-0.40129,0.93123,0.16828,0.96197,0.09061,32.489,0.08172,0.91586,0.05097,0.84628,-0.25324,36.787,-0.14482,0.84871,0.26133,41.511,15.16,0.84547,-10.332,0.87293,45.587,4.793,0.09385,0.78317,-0.10194,0.85841,30.87
0,1,0,1,-1,1,1,1,1,33.675,-0.5,1,1,1,1,1,1,0,0,1,1,1,1,2.758,-1,-1.587,49.143,1,34.506,1,-0.75000,-31.98,21.216,1,3.324
1,1,0,1,0.23058,1,-0.78509,1,-0.10401,1,0.15414,1,-30.625,0.98120,-0.06861,1,0.06610,-14.532,-0.18954,0.83584,-0.15633,0.97400,-49.107,0.99624,-5.501,1,-0.01253,-12.587,-32.868,-36.442,0.03885,1,-0.13722,0.96523,24.503
0,1,0,-27.534,-1,-1,-29.793,-20.642,7.643,1,0.95041,0.74597,-0.38710,-1,-0.79313,-0.09677,-29.183,0.48684,0.46502,0.31755,-0.27461,-0.14343,-0.20188,-0.11976,49.641,0.03021,0.06639,0.03443,-0.01186,-0.00403,-0.01672,13.789,0.00108,0.00015,4.069
1,1,0,0.79847,0.38265,0.80804,-0.16964,1,-0.07653,0.98151,30.166,0.70217,0.20663,0.99745,0.02105,0.98214,0.02487,1,-0.13074,0.95663,7.597,1,0.00191,-35.659,14.19,7.871,-0.14541,1,-0.00394,4.507,-8.163,-41.523,-0.18750,1,-0.05740
0,0,0,-49.192,0,-7.393,0,0,0,-7.109,48.731,0,-24.55,1,1,1,1,1,-1,-6.572,45.24,1,1,-47.991,-1,1,1,1,0,1,1,1,-1,0,0
1,-33.198,4.922,1,-0.28428,1,-0.25346,0.94623,-0.35094,1,-0.30566,-15.406,-0.49057,0.90818,32.595,0.75723,-0.58899,0.69748,-0.58019,0.59623,-0.57579,-45.644,-0.70975,0.54465,-0.87327,0.49214,-0.73333,-26.233,-31.154,0.26352,-0.78239,22.144,-0.73145,0.13994,-0.70000
0,1,0,-39.12,0,0,0,0,0,12.534,-1,0,0,1,-1,0,0.415,-1,-1,-1,-1,1,-1,-0.60000,-1,-9.099,1,-1,-32.202,20.416,-1,0,-26.601,14.655,0
1,1,0,-43.569,-25.315,0.95455,-0.09091,0.77273,0,-27.727,0,0.95455,0,1,0.04545,-3.843,-0.04545,1,25.302,1,0,0.86364,37.36,0.77273,0.09091,49.257,0.04545,0.91541,0.02897,0.95455,0.09091,-10.641,-0.09091,0.86364,0.04545
0,0,0,0,0,-1,1,1,1,-1,-1,0,0,-1,-1,-1,9.179,1.035,-1,-22.896,-1,27.422,-1,45.837,0,1,-6.665,-1,-1,-8.769,0,1,-1,3.496,0
1,-33.596,0,0.91176,-16.943,0.97059,0.17647,1.592,0.08824,0.91176,-0.02941,0.97059,-0.17647,0.97059,0.14706,0.94118,0.02941,1,0,-9.799,0,0.76471,-31.341,0.88235,21.858,-27.91,0.02941,0.92663,0.02600,0.94118,-0.11765,0.97059,0.05882,10.132,0.05882
0,1,0,-1,1,-1,0.15244,0.28354,1,-16.934,40.031,-1,-1,1,1,-1,-0.23476,0.28301,31.959,1,-2.272,-0.31402,31.387,-1,-1,-47.708,-1,-1,2.124,1,-1,-1,-45.613,0.14939,1
1,1,3.938,-34.589,-0.10526,7.16,0.01756,0.83155,0.02615,4.314,-0.05263,0.68421,0,-15.953,0.05028,0.78315,0.05756,0.84211,0.47368,38.581,0.05263,0.72550,0.07631,0.70301,-45.407,0.42105,0.21053,0.65419,-3.576,0.52632,-0.21053,0.60150,0.09534,0.57418,0.09719
0,1,0,-0.00641,-0.5,0,0,-41.966,1,0,-14.427,0,0,0,0,0,-20.223,0,0,0.31410,0.92949,-10.19,50.572,-0.34615,-0.80769,29.793,0,-0.61538,-0.51282,0,0,0,-22.147,5.435,0
1,1,0,1,0.45455,1,5.322,0.81818,0.63636,1,-0.09091,32.833,0,0.81818,-0.45455,0.63636,0.27273,1,-42.689,1,-8.867,-23.661,1.666,-32.906,0.07750,1,10.933,1,0.08867,1,0.36364,1,0.63636,0.72727,0.27273
0,0,0,-1,-1,1,-1,0.425,1,0,4.639,1,-1,1,-1,0,24.341,0,0,-42.815,-14.562,-11.846,1,1,-1,-1,1,-10.024,1,0,-12.689,1,0.5,0,0
1,1,-29.402,0.45455,0.09091,0.63636,0.09091,0.27273,0.18182,0.63636,46.223,0.36364,-0.09091,0.45455,33.636,31.126,-0.01343,48.002,-0.18182,0.45455,0,0.36364,42.309,0.27273,0.18182,0.36364,-0.09091,0.34442,-0.01768,0.27273,0,0.36364,-0.482,0.28985,41.479
0,1,0,1.085,-0.59677,0,43.489,-1,0.64516,-0.87097,1,0,0,0,0,0,0,0,10.333,2.999,4.658,-1,-1,0,0,13.084,0.23387,-37.063,0.51613,0,0,0,0,-23.897,0
1,1,0,1,-47.599,1,0.71429,6.502,0.71429,-12.73,10.615,0.85714,-0.14286,1,-18.547,1,0,0.42857,-0.14286,1,0.03617,1,-0.28571,1,-32.172,0.28571,-0.28571,1,-20.432,1,0.05182,1,0.57143,-40.598,0
0,0,0,1,1,1,-1,1,1,-16.727,1,45.815,1,1,-1,11.031,1,1,-1,1,-45.935,-26.973,1,1,1,1,23.841,1,1,1,1,1,9.759,15.666,1
1,1,-28.43,-37.226,0.46972,0.53945,0.82161,0.10380,0.95275,10.709,0.87916,-0.73939,0.58226,-0.92099,-6.783,10.578,-0.24942,-3.128,-31.702,-0.24012,-0.82881,0.18823,-0.78699,0.51557,-0.57430,0.69274,2.08,0.69097,0.10484,0.52798,0.39762,0.25974,0.56573,-0.06739,0.57552
0,0,0,1,-1,42.355,-37.446,0.97,-1,1,1,1,-1,1,-13.544,1,-1,10.289,1,15.101,1,1,1,1,-1,1,1,1,1,1,24.359,1,1,1,12.551
1,1,0,-31.962,0.04174,0.89266,0.15766,0.86098,-31.264,-33.295,0.36526,0.80619,0.40198,-41.338,0.40552,32.795,40.621,0.60101,0.51752,0.53392,0.52180,0.48435,0.54212,6.743,0.55684,0.33340,0.55274,0.26978,30.856,0.22307,0.53448,0.14312,0.49124,0.11573,0.46571
0,0,0,1,1,1,-1,1,-1,1,1,0,0,1,-1,0,0,20.811,-29.656,-45.725,0,-23.575,1,1,1,-31.863,0,38.003,0.91,0,0,44.512,-1,0,0
1,1,18.758,0.93537,0.13645,0.93716,0.25359,25.548,0.38779,34.558,0.47127,-4.652,0.59942,0.65260,0.75000,0.50830,0.73586,0.41629,31.652,0.25539,0.85952,0.13712,0.85615,0.00494,0.88869,-15.618,0.79780,-0.20995,46.642,-0.33169,0.71454,-41.745,0.64363,-0.47419,0.55835
0,0,0,1,-36.388,-1,1,-1,-11.28,-17.903,1,1,1,-1,-1,-1,9.632,1,1,-47.237,-1,-1,2.939,-1,27.232,1,0,1,-1,1,-1,-1,1,34.904,1
1,-14.65,0,0.80627,0.13069,26.596,0.24323,0.64615,0.19038,0.36923,0.45577,0.44793,0.46439,0.25000,0.57308,0.25192,0.37115,0.15215,-14.019,-38.436,0.57500,-0.03462,49.389,-0.08856,0.44424,-0.14943,0.40006,-0.19940,2.68,-0.23832,3.511,34.309,0.23896,-0.23846,0.31154
0,0,0,1,-20.332,1,1,1,-1,1,1,46.612,-8.638,1,13.255,1,-1,1,-1,1,18.549,1,-5.456,1,-17.283,1,-1,1,-48.177,1,1,1,-1,1,1
1,1,0,0.97467,0.13082,0.94120,6.955,0.88783,0.32248,0.89009,0.32711,0.85550,-46.362,0.72298,32.149,0.69946,0.58820,-42.558,44.912,0.48869,-0.4,0.44245,0.68159,0.35289,-13.204,0.26832,0.76210,0.16813,0.78541,0.07497,0.80439,2.483,0.77702,-0.10289,0.74242
0,0,9.941,0,-6.427,1,1,-15.339,0,1,1,0,0,1,-1,0,0,0,0,0,0,0,0,0,0,0,0,1,20.394,0,32.701,12.396,1,1.413,27.924
1,1,0,0.92308,0.15451,0.86399,0.29757,0.72582,-2.169,0.70588,-22.146,0.57449,0.62719,0.43270,13.057,0.31705,45.409,0.19128,0.76818,0.04686,0.76171,4.135,0.76969,-0.18479,0.308,-4.124,0.65708,-0.38798,0.58553,30.037,0.50131,-0.53146,0.40732,-0.56231,0.35095
0,0,0,0,0,1,1,28.471,5.697,0,0,0,0,-37.289,-1,0,17.483,-1,-1,0,-42.366,0,0,1,1,-13.563,-42.531,-2.599,1,0,0,-1,1,0,0
1,1,-24.551,2.943,-24.204,0.65926,0.69431,0.29148,0.87892,39.439,0.90135,-0.39597,0.80441,-0.64574,0.56502,-30.67,0.26906,-6.791,-11.43,20.341,-0.30942,-0.46637,-0.55605,-0.16449,-0.64338,0.09562,-0.61055,0.30406,-0.48392,0.43227,-0.29838,0.47029,-0.09461,0.42152,0.12556
0,0,0,1,-1,-2.436,1,1,1,1,1,1,-26.605,1,-6.817,1,1,1,1,1,-30.35,-16.023,18.068,1,-1,4.8,-16.097,1,1,1,-1,1,1,1,1
1,1,-19.676,-9.926,-4.892,0.80151,0.10278,0.78826,0.15266,0.55580,0.05252,7.277,0.21225,0.71947,0.28954,0.68798,0.32925,-15.832,0.17287,-17.637,36.046,0.57399,0.42528,0.53120,0.44872,0.94530,0.57549,-28.386,0.48200,0.12473,1,0.35070,0.49721,0.30588,0.49831
0,0,-17.668,0,0,0,0,0,0,-13.851,0,0,0,0,0,-48.659,0,0,0,0,0,0,0,0,0,0,0,11.785,-39.492,0,-4.914,0,6.574,4.879,0
1,1,0,0.94649,0.00892,12.849,-0.00260,0.98922,0.00372,0.95801,0.01598,0.94054,0.03530,0.97213,41.766,0.98625,0.01858,0.94277,0.07135,0.98551,-0.00706,-41.024,0.04980,0.96358,0.07098,-10.743,-47.706,0.95243,0.04356,0.97473,0.00818,33.638,-8.093,30.19,-0.00260
0,0,31.652,1,7.232,-1,-1,-43.455,-1,0,0,0,0,-1,-37.048,0,36.34,0,0,0,0,-1,1,-25.137,1,0,0,1,-1,0,0,-1,-44.479,36.866,-1
1,1,0,0.50466,-0.16900,0.71442,0.01513,0.71063,0.02258,17.568,0.01282,0.34615,0.05594,0.69050,-12.393,0.68101,27.262,-37.721,0.05692,0.63403,-0.04662,0.64503,0.06856,0.63077,40.64,0.84033,0.18065,47.915,0.08304,-12.458,36.376,0.56466,0.09046,0.54632,0.09346
0,-16.648,-26.705,0.68729,1,0.91973,-27.15,0.81773,0.04348,0.76087,-21.449,0.86789,0.73746,0.70067,0.18227,0.75920,0.13712,0.93478,38.565,0.70736,0.18729,0.64883,0.24582,0.60201,0.77425,1,-0.53846,0.89262,36.639,-30.736,0.53846,1,-0.06522,5.598,0.23913
1,1,0,0.76296,-0.07778,1,19.644,1,-11.082,-29.628,0.06111,0.45556,-0.42778,1,-0.12581,1,-0.83519,0.49259,0.01852,0.82222,41.241,8.925,-0.19938,1,0.22037,0.69630,-0.26481,-9.751,-0.24549,0.78889,0.02037,0.87492,-2.016,1,-12.775
0,1,42.861,0.38521,0.15564,0.41245,0.272,0.26459,0.24125,13.197,0.13230,0.19455,-27.23,0.24514,0.36965,0.08949,0.22957,44.801,-19.175,0.05058,0.24903,0.24903,0.09728,0.07782,0.29961,-21.327,0.28482,-0.06024,0.26256,-0.14786,0.14786,-0.09339,-3.834,-0.19066,0.28794
1,1,0,0.57540,-0.03175,0.75198,-0.05357,0.61508,-0.01190,0.53968,-3.787,0.61706,0.09921,0.59127,15.954,0.62698,0.01190,0.70833,0.02579,0.60317,0.01587,0.47817,-0.02778,41.368,0.03770,42.624,0.03968,0.61291,-29.233,-1.087,-0.13492,-40.16,-0.01389,-23.194,-0.03175
0,1,0,0.06404,-0.15271,-0.04433,0.05911,0.08374,-0.02463,-0.01478,0.18719,0.06404,0,-7.779,-0.09852,21.173,32.592,1.157,-0.02956,-0.12808,-0.20690,0.06897,0.01478,22.147,0.02956,29.569,0.16256,0.28079,-0.04926,38.336,-0.09360,-40.373,0.05419,0.07389,-0.10837
1,-47.907,0,0.61857,20.596,0.70694,4.814,0.70358,45.137,0.74273,0.00224,0.71029,0.15772,-15.288,-0.00224,0.79754,-9.219,-36.129,-0.16555,0.68680,-0.09060,0.62528,-0.01342,0.60962,0.11745,-28.295,-0.09508,0.69845,-0.01673,0.63311,0.04810,0.78859,-0.05145,0.65213,-0.04698
0,17.425,0,0.25316,0.35949,-18.507,0,9.062,-1,-46.003,0,0.07595,-0.07342,16.422,0,0,0,-47.555,0,-14.782,0,0.00759,-38.482,-0.20000,0.33671,-0.10380,0.35696,0.05570,-1,0,0,0.06329,-1,0,0
1,1,0,0.88103,-0.00857,0.89818,-0.02465,-14.569,-0.01822,0.89175,-0.12755,0.82208,-0.10932,0.88853,0.01179,0.90782,7.113,17.22,20.936,0.90782,11.164,-36.545,0.444,0.82851,-0.12433,0.90139,-0.19507,14.845,-0.14903,0.84352,-0.12862,0.88424,-0.18542,0.91747,-0.16827
0,1,-35.1,-1.555,-0.5,0,0,0,20.611,0.46458,0.51042,32.354,0.02083,0,0,0,0,0.16458,-0.45417,0.59167,-0.18333,0,0,-40.249,0,-15.472,-0.40833,-1,-1,15.401,-0.75625,-26.702,0,0,0
1,1,0,22.904,-40.673,0.92007,-28.542,0.92442,0.01359,0.89179,-0.10223,0.90103,-0.08428,-38.493,-0.01033,0.93094,-0.08918,-19.479,-0.05057,0.89451,-0.04024,0.88418,38.841,0.88907,4.593,0.82980,-0.14138,0.86453,-0.11808,0.85536,-0.13051,0.83524,-0.12452,0.86786,-27.397
0,1,0,0,0,13.137,0.12889,0.88444,-0.02000,0,0,1,-0.42444,1,13.71,1,3.053,1,-0.81556,48.846,-4.544,1,-0.04000,1,16.657,0,0,-40.014,-1,0,0,-6.692,0.11778,0.90667,-0.09556
1,1,0,0.81143,0.03714,-22.959,-0.00143,0.79000,0.00714,-26.256,-0.04286,0.87571,10.973,16.925,-0.06714,0.86429,0.00286,0.82857,-0.05429,0.81000,-0.11857,0.76857,-40.072,0.84286,-0.05000,0.77000,-0.06857,38.136,8.689,0.82571,-0.10429,7.363,-0.05000,0.82143,-0.15143
0,1,0,0,0,2.694,0,0,8.346,0,-16.556,0,0,27.205,-11.399,1,0.55172,0,0,-13.353,0,0,0,0,-26.19,0,30.141,1,1,0,0,0,0,0,0
1,1,0,2.054,0.01818,0.43117,-0.09610,0.50649,-0.04156,0.50130,0.09610,0.44675,0.05974,-9.58,-0.11948,0.51688,-8.461,-30.99,-0.05974,0.55325,-0.01039,-18.275,-36.466,0.49091,-0.01039,0.59221,0,-41.523,-0.03280,36.398,0.03377,0.54545,-0.05455,0.58961,-0.08571
0,19.364,11.183,0,0,0,0,0,0,0.344,0,0,0,0,0,0,0,0,0,-2.544,-4.432,0,0,48.755,0,22.213,0,1,-1,0,0,0,0,0,-46.246
1,1,0,10.234,0.5,1,0.25000,0.25000,29.965,-40.09,0.91180,-0.13336,16.571,-31.12,0.60793,-0.43820,0.37856,-0.43663,0.16709,-0.36676,-18.982,-0.26477,-0.09025,-0.16178,-37.886,-0.07782,-0.12744,-17.931,-0.10242,0.01033,-0.07036,0.02224,-0.04142,0.02249,-0.02017
0,1,25.28,13.976,0,0,0,1,1,22.69,-1,0,0,1,-0.11111,45.944,0,0,0,-1,1,1,24.944,1,-8.898,0,0,1,-1,32.122,0,47.975,0,1,1
1,1,-40.29,0.87048,0.38027,0.64099,0.69212,12.638,-13.805,-0.03933,0.90740,-0.42173,0.79346,-0.70561,0.51560,-0.81049,-29.677,-39.759,-0.12539,-0.67474,-0.38102,-0.38334,43.074,-0.13013,35.885,0.15552,-0.66421,0.38544,-0.51568,0.52573,5.358,0.56239,-0.05938,0.51460,0.16645
0,1,0,0,0,0,0,0,0,-34.386,1,0,-24.787,-9.356,-47.164,-0.12000,-0.12000,0,0,-1,-1,0,0,1,48.995,23.1,0,1,0.22667,-42.252,4.874,0,0,0,0
1,1,0,30.828,0.43491,0.59573,29.301,20.442,1.709,-34.33,0.92544,-0.62526,-18.224,-0.86443,0.33652,-0.92384,-0.05338,-0.77356,-0.44707,-0.46950,-0.73285,29.55,-0.82217,0.26384,-1.649,0.55984,-0.55910,0.72147,-0.24433,0.72478,0.09599,0.58137,0.38915,0.34749,0.57656
1,1,0,0.32834,0.02520,17.189,0.21278,0.14919,-20.206,-0.25706,0.92324,-0.10312,0.19380,-0.61352,0.25786,15.414,-0.05409,-0.13117,-0.14329,-0.30315,-26.541,-0.11409,-0.85597,0.02668,-0.22786,25.234,-1.412,42.548,-0.11876,0.27657,-0.11409,0.15078,35.768,0.12197,0.20468
1,1,-28.99,0.83427,0.39121,0.54040,0.78579,0.12326,0.89402,-47.011,0.83578,-0.70086,0.59564,29.205,0.21909,-1.111,-20.649,-0.59714,-0.61894,-11.928,-0.87787,0.12439,-0.89064,18.21,35.171,0.79143,-0.27734,0.83008,0.08718,0.66592,0.49079,0.37542,0.70011,-0.03983,0.79444
1,1,0,30.586,-0.03490,-29.01,0.00481,0.60409,-0.07461,0.63177,-2.785,0.62455,-0.07461,0.67028,0.07220,0.62936,-0.08424,26.895,0.09146,0.67148,-3.935,-26.934,0.10108,0.50060,0.03129,0.65945,0.14079,0.60463,-26.721,-33.407,0.04452,0.61733,-0.00963,0.61372,-0.09146
1,-48.191,29.628,0.74449,-0.02390,0.70772,39.939,0.72243,-13.88,0.79228,0.07721,0.81434,0.43934,0.63787,0.00551,0.70772,0.21691,35.061,0.06066,0.61029,0.05147,-8.099,0.04228,0.52022,-0.25000,0.72978,-0.15809,0.61727,-44.102,0.30882,0.08640,-25.865,0.07458,0.60294,0.21691
1,3.015,6.739,0.61538,0.18923,0.78157,0.01780,0.77486,0.02647,0.65077,-0.10308,0.77538,-5.942,0.73961,0.05060,0.72322,0.05776,0.68615,-12.41,0.61692,0.16308,0.66233,28.788,3.487,9.045,-34.345,-0.07231,0.58803,0.08767,0.55077,0.25692,0.53389,0.09207,0.50609,0.09322
1,1,0,0.68317,0.05375,0.84803,-46.612,0.84341,0.00301,0.84300,0.09901,0.75813,0.04102,0.81892,0.00585,42.083,-4.47,47.364,-0.12447,0.77935,-0.03536,0.76365,0.00909,-43.053,-6.057,0.79632,-0.04243,0.70824,0.01096,0.62235,-14.242,-39.306,0.01190,0.64407,0.01227
1,1,0,0.5,0,0.38696,0.10435,0.49130,0.06522,0.46957,-0.03913,0.35652,-0.12609,0.45652,-26.911,0.50435,0.02609,0.35652,-3.888,0.42174,0.14783,0.42174,-0.02609,0.32174,-0.11304,0.47391,-0.00870,2.66,0.06908,-14.35,-8.354,-35.936,-1.887,0.44783,-45.918
1,1,0,0.79830,0.09417,14.312,0.20656,0.71628,0.28068,42.889,0.41252,0.65917,25.492,0.57898,0.60814,0.49210,15.872,0.33354,0.67861,0.29587,0.63548,-15.508,0.68104,0.02066,0.72236,-0.08748,0.63183,-0.11925,0.60696,-0.18226,-6.608,-19.526,-12.971,-0.27339,0.42467
1,1,0,-22.222,-46.885,1,0.25101,0.98390,0.33044,0.80365,0.53020,4.134,0.60297,6.654,0.71942,0.55311,0.74079,0.29452,30.177,0.21137,29.203,0.09709,0.82162,-5.413,0.79870,-0.15144,-24.114,-0.22839,0.69187,-0.31713,0.60948,-0.40291,0.54522,-0.42815,0.44534
1,1,0,0.89410,0.13425,-34.396,-30.611,0.78896,0.43388,21.461,-47.917,0.54003,0.71016,0.39699,-41.712,0.24266,14.585,0.09134,0.79598,-0.09159,0.76261,-0.20201,0.66926,-0.30263,0.62610,5.778,0.50489,1.859,0.40753,-0.50314,0.27252,-0.52823,0.19172,-0.48808,0.05972
1,1,0,0.94631,0.17498,0.90946,0.33143,0.85096,3.746,-23.324,21.469,0.59215,0.73838,28.511,0.83614,36.734,0.90665,0.17959,0.93429,-0.00701,0.93109,-0.18880,0.89383,-0.33023,0.82492,-0.46534,23.928,47.199,50.322,-0.67929,0.52564,-0.75321,0.42488,-0.81210,0.26092
1,47.062,0,0.91767,0.18198,-44.772,0.35543,0.72873,-29.658,0.60425,0.69865,0.50376,0.74922,0.36100,1.976,0.15664,0.83558,0.00396,-19.048,4.64,0.77853,-0.35996,0.76193,-0.43087,-24.236,-0.53140,0.53886,-0.60328,0.40972,-0.64511,0.27338,-0.65710,0.13667,-0.64056,7.749
1,1,-31.052,0.76627,-20.548,0.63935,27.185,0.48409,0.52500,-40.76,0.22273,0.13753,0.59565,-0.07727,0.44545,0,0.48636,-0.27491,0.42014,-0.56136,0.36818,-0.36591,-7.329,-0.40533,0.07588,-0.38483,-0.03229,-48.272,-0.12486,42.306,-11.475,-0.19962,-0.24648,-0.11894,-0.27218
1,1,0,0.58940,34.705,-26.014,0.55298,0.81126,-33.009,0.56623,0.16225,0.32781,0.24172,0.50331,0.12252,-47.53,0.19868,0.71854,0.42715,0.54305,0.13907,0.65232,15.907,0.68874,39.689,0.51872,0.26653,0.49013,-48.299,0.46216,-32.818,0.43484,0.29324,0.40821,0.29942
1,1,4.972,1,0.11385,17.395,-0.12144,0.81594,0.09677,0.71157,0.01139,0.56167,-0.07780,-6.918,0.12524,-26.329,0.03985,0.53131,-0.03416,-39.824,0.16888,0.72676,0.07211,0.32068,0.05882,0.53321,0.37381,0.49090,21.871,0.15180,0.32448,23.405,0.18897,31.029,0.15180
1,1,0,0.84843,0.06794,0.80562,-48.688,0.77031,28.431,0.66725,-0.06620,0.59582,-0.07666,-19.216,-23.351,-48.656,-0.06438,0.39199,0.04530,0.71254,0.01394,0.55970,-0.08039,0.53430,0.701,0.47038,-0.22822,17.068,43.466,0.52613,-0.08537,0.44277,-0.09621,0.42223,-0.09808
1,1,0,6.964,0.08013,0.96775,-0.00482,0.96683,-0.00722,40.506,-0.03923,1,0.01419,42.854,-0.01436,0.95947,-0.01671,0.98497,0.01002,-35.379,-14.079,0.95016,-0.02364,0.94636,-0.02591,0.98164,0.02003,0.93772,-0.03034,-10.8,-29.57,0.92774,48.127,0.92226,-0.03673
1,1,0,0.47938,-0.12371,0.42784,-0.12371,0.529,-0.39175,0.73196,0.07216,0.26289,-0.21649,-10.671,0.15979,-1.855,-0.11856,0.42268,25.893,0.5,-0.27320,0.54639,0.18557,0.42268,11.271,0.70619,-26.436,-47.598,-0.12447,31.123,-0.26289,0.47423,0.04124,0.45361,-0.51546
1,1,0,0.63510,-0.04388,0.76530,-35.693,0.61432,0.36028,0.65358,-0.00462,0.64203,-6.808,0.79446,-0.43418,0.72517,25.326,39.329,-24.79,0.63510,0.21940,-13.393,-0.25404,0.70951,-7.049,-16.83,0.23095,0.68775,0.17704,0.61663,0.07621,0.66316,0.19841,0.69053,0.36721
1,1,0,36.414,-0.03596,0.61124,0.01348,0.58876,0.01573,31.606,0.02472,0.66742,-0.00449,46.327,-0.04719,0.66517,31.501,0.57303,-10.282,0.64719,-0.07416,0.56854,0.14157,0.57528,40.724,0.46517,15.245,4.373,0.00824,0.47640,-0.03596,0.54607,0.10562,0.60674,-0.08090
1,-30.23,0,0.71521,-0.00647,0.66667,-0.04207,20.847,-0.05178,0.77994,-2.506,0.67314,0.09709,0.64725,0.15858,0.60194,-0.01942,0.54369,-0.04531,0.46926,-0.10032,2.406,0.14887,0.39159,34.098,0.52427,-0.05502,0.45105,0.00040,2.637,-0.06796,0.49191,48.036,0.30421,32.623
1,-31.822,0,0.68148,0.10370,0.77037,-30.868,0.65185,0.08148,0.60988,-0.00494,0.79012,0.11852,0.59753,-15.441,-36.729,0.09630,0.78272,-0.17531,-12.811,-0.10864,25.106,0.00988,0.60988,0.08148,0.66667,-0.12840,0.63773,-49.169,0.76543,-5.571,0.61235,-0.07160,0.51358,-0.04691
1,1,13.796,0.60678,-0.02712,0.67119,0.04068,-29.654,-0.04407,-27.398,0.03729,0.70508,-0.07797,0.57966,-0.02034,0.53220,0.07797,0.64068,0.11864,0.56949,-0.02373,0.53220,0.00678,0.71525,-20.599,-28.264,-0.03390,0.57262,0.00750,0.58644,4.062,0.58983,6.616,0.50169,49.64
1,1,30.24,0.49515,0.09709,0.29612,0.05825,4.1,0,0.57282,-0.02427,14.464,-8.218,0.33495,0.04854,0.52427,0.00485,0.47087,7.413,7.303,0.00485,0.34951,0.05825,-36.372,0.25728,0.31068,-0.15049,0.36547,0.03815,0.39320,0.17476,0.26214,0,-42.149,-0.01942
1,1,-48.991,49.719,0.02187,-48.261,0.34100,0.83904,0.35222,0.74706,0.48906,-23.814,0.51879,0.55076,0.60179,0.43130,0.66237,0.31800,0.70443,-6.825,0.68873,0.07515,0.73696,0.06338,0.71284,-0.16489,0.69714,-0.16556,45.845,-7.555,0.55805,-0.34717,0.44195,-6.907,0.37465
1,1,-26.588,0.97905,0.15810,33.937,0.35237,-33.378,0.48561,0.71760,0.64888,-15.745,5.659,0.40349,0.83156,0.25140,22.826,0.04700,0.85475,-0.12193,0.79749,-0.26180,0.80754,-0.37835,0.71676,-0.51034,0.58324,-30.97,0.46040,-46.948,0.30796,-0.65754,0.18345,-0.64134,0.02968
1,1,0,0.99701,19.633,0.91966,0.47030,0.76902,0.62415,0.53312,0.78120,-31.635,0.88291,0.10107,0.83312,-0.06827,0.89274,-27.884,0.72073,-0.43707,-38.503,-0.55769,0.48120,14.005,0.35534,12.738,0.15908,-0.66651,0.02277,-10.748,-0.13462,-0.54615,-0.22949,-0.057,-0.35032
1,1,0,0.94331,-4.552,0.96132,-44.161,38.074,0.56569,0.56687,0.70830,48.767,0.83230,0.14939,-10.609,0.05167,-27.791,-0.24742,26.141,-0.42811,0.75554,-0.50251,0.62563,-0.65515,0.50428,-26.094,0.30912,-0.77097,0.15619,-0.75406,-0.04399,-0.75199,-0.17921,-0.66932,-0.34367
1,1,-5.665,0.93972,0.28082,0.80486,0.52821,-23.314,10.223,26.771,0.80511,0.10797,-7.865,-0.20015,0.89335,1.638,0.82163,-0.58835,4.125,-0.76305,0.40368,-0.81262,0.18888,-0.81317,-0.04284,-0.75273,-0.26883,45.205,-0.46438,-0.46422,-0.61446,-0.26389,-0.70835,-0.08937,-0.71273
1,1,0.769,0.89835,-34.245,0.67333,0.62233,0.43898,0.94353,-0.03643,0.80510,8.992,0.75334,-0.25137,22.317,-0.57377,0.28415,-0.66750,-10.693,-0.47359,-0.06193,-17.665,-28.823,-0.33197,-0.47592,-31.588,-0.53620,0.07158,-0.51925,0.24321,-0.43478,0.36586,-0.30057,0.42805,0.13297
1,1,0,0.29073,0.10025,-48.475,0.17293,32.425,0.34336,0.12030,2.423,39.094,-15.721,-0.04725,0.12767,-3.336,0.07907,-0.06328,0.04097,-0.05431,-45.276,-0.04166,-0.00280,-0.02876,-0.01176,32.941,-0.01505,-0.00886,-0.01475,-0.00280,-0.01250,0.00096,-0.00948,0.00290,-0.00647
1,-34.063,0,0.58459,-0.35526,7.322,0.35338,0.75376,-0.00564,-15.927,0.19361,0.50188,-0.27632,0.65977,0.06391,4.327,-3.519,0.72368,-0.42669,0.76128,3.984,0.66917,0.20489,0.84774,-0.40977,38.23,-0.04699,0.56836,-0.10571,0.52820,-45.622,0.15602,-0.12218,0.44767,-0.10309
1,1,0,0.83609,0.13215,0.72171,-22.087,0.65829,0.08315,0.23888,-20.093,0.43837,0.20330,50.322,0.12686,5.883,0.13507,0.29352,0.02922,30.274,0.15756,-14.098,-9.692,-41.652,0.14638,0.26436,0.14530,0.23641,0.14314,0.26429,0.16137,0.18767,0.13632,0.16655,0.13198
1,1,0,32.774,2.24,0.85738,0.01038,0.85124,-33.89,0.76966,-24.573,-7.749,0.10916,0.83289,0.03027,0.82680,0.03506,0.74838,0.01943,5.577,0.02405,0.80862,11.073,0.80259,0.05352,-41.28,0.02220,0.79058,0.06235,0.85939,0.09251,0.77863,0.07090,0.77269,0.07508
1,1,0,0.87111,4.682,0.79946,24.524,2.415,0.29292,0.89455,-12.772,0.88598,-0.02028,0.90446,-0.26724,0.89410,-42.615,0.88644,-0.04642,0.84452,-0.00991,0.97882,-0.34024,0.78954,-0.25101,0.86661,-0.09193,0.85967,-11.053,-10.058,-0.04101,0.75935,0.21812,-13.68,0.09193
1,1,0,0.74916,0.02549,0.98994,0.09792,0.75855,0.12877,43.143,47.273,0.95842,0.02482,0.97921,-0.00469,0.96110,0.10195,0.91482,0.03756,0.71026,-0.455,34.54,-0.08048,42.498,0,0.71764,30.628,-28.579,46.248,0.72435,-0.01073,0.90409,0.11066,0.72837,0.02750
1,-37.063,-23.897,2.558,10.528,0.06213,-0.18343,3.623,0.01006,0.45562,-0.04438,0.56509,0.01775,0.44675,0.27515,0.71598,-0.03846,0.55621,0.12426,43.904,0.11538,0.52767,0.02842,13.298,-0.10651,0.47929,-0.02367,0.46514,0.03259,5.193,0.25148,0.31953,-0.14497,0.34615,-0.00296
1,1,0,0.59887,0.14689,0.69868,-47.881,0.85122,-0.13936,0.80979,-32.147,0.50471,0.02825,0.67420,-0.04520,0.80791,-0.13748,0.51412,-0.24482,0.81544,-0.14313,-40.896,-20.484,0.33333,0.06215,6.063,-0.33145,0.61444,-0.16837,0.52731,10.737,0.53861,-18.885,0.67420,-13.951
1,-26.973,0,-16.88,44.781,0.86412,-0.08493,0.81953,0,0.73673,-0.07643,0.71975,-0.13588,0.74947,-0.11677,0.77495,-0.18684,10.812,-0.21231,15.286,-0.10191,0.79193,-45.092,0.89384,-0.03397,0.84926,24.58,0.74115,-0.23312,0.66242,-0.22293,0.72611,-0.37792,0.65817,8.511
1,1,0,11.967,-0.08152,-30.234,0.07337,-1.687,0.04076,0.77174,-6.972,0.77174,-0.05707,0.82337,-38.202,-27.751,-0.00543,0.88043,-0.20924,0.83424,0.03261,0.86413,-0.05978,0.97283,-0.27989,3.179,-0.18750,0.83705,11.3,0.85870,-0.03261,0.78533,-0.10870,0.79076,-0.00543
1,1,0,42.102,-12.676,0.53755,0.16996,0.72727,0.09486,9.985,-0.11067,0.66798,-0.23518,0.87945,-0.19170,0.73715,0.04150,0.63043,14.097,0.63636,-38.564,0.79249,-0.25296,24.023,-0.28656,0.67194,-0.10474,0.61847,-0.12041,0.60079,-0.20949,13.926,0.039,0.61067,-0.01383
1,1,0,0.46785,0.11308,32.719,0.00665,0.55432,0.06874,30.793,-0.13969,0.52993,0.01330,0.63858,-0.16186,40.816,-0.03326,0.54545,-0.13525,-33.601,-0.04656,0.47894,-0.19512,0.50776,-0.13525,0.41463,-0.20177,0.53930,-33.003,0.59867,-31.49,-41.564,6.2,0.56319,-0.04435
1,1,0,0.88116,0.27475,0.72125,0.42881,0.61559,46.149,0.38825,21.716,-45.626,0.96128,-0.20097,0.89200,-0.35737,-31.088,36.352,0.62210,-0.78768,0.45535,-0.81856,0.19095,-30.495,-0.08079,-0.78334,-0.26356,-0.67557,-0.45511,-0.54732,-0.60858,-0.396,-0.66700,-22.769,-0.75597
1,1,0,0.93147,24.984,-40.56,0.55756,0.59952,0.71596,0.26203,0.92651,30.871,0.96748,-0.23237,0.95130,-0.55926,0.81018,-0.73329,0.62385,-0.90995,34.129,-0.92254,0.06040,-0.93618,-15.742,-6.208,-0.46906,-0.65165,-0.69556,18.346,-0.85725,-0.13590,-0.93953,45.962,-0.94823
1,1,0,0.88241,0.30634,0.73232,0.57816,-11.939,0.58527,0.05717,-17.903,3.847,0.92118,-0.62403,0.71996,-0.69767,28.558,-0.81422,0.41195,-49.237,-0.00775,-0.78973,-0.41085,-0.76901,35.449,-0.57242,-36.064,-0.31610,-0.81876,-0.02979,-0.86841,0.25392,-0.82127,10.633,-0.81686
1,-14.65,0,49.795,0.28993,0.69256,0.47702,0.49234,0.68381,-38.118,0.86761,2.249,-13.688,-0.35558,26.643,-0.52735,0.58425,-0.70350,0.31291,2.458,0.03939,-0.71225,-0.15317,-0.58315,-0.39168,-0.37199,-0.52954,-0.16950,-0.60863,0.08425,-0.61488,34.827,-0.48468,0.40591,-0.35339
1,1,-7.638,0.92870,0.33164,13.017,-5.833,18.042,0.84266,0.21592,0.95193,-0.13956,0.96167,-0.47202,-18.496,-0.70747,46.266,-17.158,0.36750,-48.095,0.05595,-0.89824,-0.26173,-0.73969,-0.54069,-0.50757,-0.74735,-0.22323,-0.86122,0.07810,-0.87159,0.36021,-0.78057,0.59407,-0.60270
1,1,0,0.83367,0.31456,0.65541,7.331,0.34962,-13.254,0.17293,0.78947,-0.18976,0.79886,-47.231,0.66541,-0.68421,0.47744,-0.74725,0.19492,30.905,44.194,-0.62030,2.23,-0.49165,-0.53463,-0.26577,-0.66014,-0.01530,-0.69706,0.22708,-43.787,-0.673,-0.51206,0.64662,-0.30075
1,1,27.924,22.378,1.385,0.98058,-0.04104,1,-0.07635,0.98720,0.01456,33.654,-0.02604,0.98500,-0.07458,0.99382,9.869,0.97396,-0.09532,-14.366,-0.12224,0.99294,-0.05252,0.95278,-0.08914,0.97352,-6.511,0.96653,-0.12912,0.93469,13.247,0.97132,-0.15755,0.96778,-0.18800
1,1,0,0.94052,-0.01531,0.94170,12.32,0.94994,-0.01472,5.214,-0.01060,0.94641,-0.03710,31.476,-0.01767,-2.861,-0.03887,0.95465,-0.04064,0.95230,-0.453,45.675,-0.02179,0.92815,-0.04417,-1.616,-0.04476,0.92695,-0.05827,0.90342,-0.07479,0.91991,-0.07244,-21.794,-0.07420
1,1,0,0.97032,-0.14384,0.91324,-42.368,5.662,-13.734,0.98630,27.654,0.91781,0.00228,0.93607,-0.08447,18.396,-0.00228,0.86758,-0.08676,0.97032,-0.21233,-41.531,0.10274,0.92009,-0.05251,0.92466,-3.531,-35.348,-0.09252,0.97032,-0.20091,0.85388,-0.08676,0.96575,-0.21918
1,1,0,0.52542,-0.03390,0.94915,0.08475,0.52542,-0.16949,0.30508,-6.018,0.50847,1.92,0.64407,-24.263,-29.01,-0.35593,-24.043,0.01695,0.55932,0.03390,0.59322,-11.043,0.86441,0.05085,0.40678,0.15254,21.641,-0.00266,40.168,-0.03390,0.83051,-0.15254,0.76271,-0.10169
1,1,0,-27.272,-0.25000,0.44444,0.22222,0.38889,0.16667,0.41667,-3.297,19.568,-29.461,0.54911,-0.08443,0.58333,-14.764,0.55556,-16.995,4.05,-0.19444,0.47222,-0.05556,0.52778,-0.02778,0.38889,0.08333,-5.402,-0.14256,0.19444,-0.13889,0.36924,-0.14809,0.08333,-0.5
1,1,0,0.51207,1,-17.28,-3.971,0.71178,0.80833,0.45622,36.539,0.33081,1,0.21249,1,6.103,1,-0.33081,0.98722,-11.275,1,-29.354,0.71699,-0.88500,-19.197,-1,0.35175,-1,-16.233,-1,-0.16713,-1,-0.42226,-0.91903,-0.65557
1,1,0,0.75564,0.49638,0.83550,0.54301,-13.302,-47.938,0.35225,0.70792,-17.533,0.94749,-0.09818,-39.554,-0.37604,7.396,-0.52742,0.71161,4.195,0.67989,-0.70163,0.24956,-0.79147,0.02995,-0.98988,-0.29099,10.082,-0.32792,-0.63312,-0.19185,-0.34131,-0.60454,-0.19609,-5.544
1,1,0,0.83789,0.42904,-10.954,0.58385,33.115,0.78115,0.16470,0.82732,-0.13012,-7.294,41.257,0.78497,-0.59435,0.52070,-48.572,0.26529,-0.84014,0.03928,-0.62041,-0.31351,-0.47412,-0.48905,-0.37298,-42.68,-0.05054,-0.62691,0.14690,11.417,0.37093,28.798,0.48319,-0.24313
1,1,0,0.93658,6.583,0.75254,-42.823,0.45571,-41.57,0.15323,0.95776,-0.21775,32.615,-0.56535,0.83397,-26.925,0.58045,-0.93104,-35.788,-0.93641,-0.06418,-0.87028,-0.40949,-0.65079,-0.67464,-0.36799,-0.84951,-0.04578,-0.91221,0.27330,35.482,0.54827,-0.69613,38.614,-0.44173
1,-11.437,0,41.49,0.36924,48.036,17.571,0.29303,0.94078,-0.11108,0.76527,-0.31605,0.92453,26.545,0.78766,-13.762,0.42314,-0.94315,0.09585,-1,36.341,-0.66431,-0.66278,-0.46010,-0.78174,-0.13486,-0.88082,0.19765,-0.85137,0.48904,-39.094,0.69886,-0.46048,0.76066,-0.13194
1,1,36.417,1,0.16195,1,4.977,1,0.01373,1,-0.12352,1,-0.01511,1,-0.01731,-30.447,-26.453,1,-0.07157,1,0.05900,1,-21.657,1,38.789,1,-0.22978,1,-0.06823,-16.648,0.08299,1,-26.847,1,-0.07439
1,1,0,0.95559,-0.00155,0.86421,-10.805,0.94982,-0.00461,0.82809,-0.51171,0.92441,0.10368,-9.224,-12.347,42.293,-0.02542,0.95853,-0.15518,-0.905,8.56,-29.428,-0.16321,0.87492,-0.08495,0.85741,-0.01664,0.84132,-0.01769,0.82427,-0.01867,20.747,-0.01957,0.78761,-0.02039
1,1,0,-18.751,0.29492,0.64064,0.52312,0.41319,0.68158,0.14177,0.83548,-0.16831,0.78772,44.411,-20.579,-0.57165,0.41471,-0.75436,0.16755,-4.846,12.865,-0.57695,-0.23503,-0.40637,-0.185,-27.657,-0.52540,0.01523,-0.48707,43.051,-0.38059,0.31008,-0.23199,0.34572,-0.08036
1,1,-1.704,0.88085,0.35232,0.68389,0.65128,-28.872,0.79784,0.05832,16.886,-0.29784,0.86490,-0.62635,0.69590,-41.62,0.39309,-0.85803,-3.736,-0.81641,-0.24017,-24.465,-0.50022,-0.39766,-0.68337,-0.11147,40.021,0.17041,-0.71504,0.40675,-0.57649,0.56626,41.757,0.62765,-0.13305
1,22.114,0,0.89589,0.39286,0.66129,0.71804,0.29521,-6.994,-0.04787,0.94415,-0.45725,0.84605,-0.77660,0.58511,-0.92819,0.25133,-0.92282,-0.15315,0.377,-0.48404,37.886,-0.76197,-0.14895,-0.88591,-40.201,21.221,30.022,-0.68593,0.74846,-0.40656,33.423,-0.07029,0.76862,0.27926
1,1,0,1,-0.24051,1,-0.20253,0.87342,-0.10127,0.88608,45.133,5.883,0.11392,0.92405,-36.903,0.84810,-0.03797,0.63291,-0.36709,0.87342,-48.92,0.93671,0.06329,-8.285,0.25316,0.62025,-0.37975,0.84637,-29.063,1,-0.06329,0.53165,-15.979,21.323,-0.02532
1,1,9.358,0.74790,0.00840,0.83312,0.01659,0.82638,0.02469,17.29,0.01681,0.60504,0.05882,0.79093,0.04731,-14.007,0.05407,-38.516,0.19328,0.84034,0.04202,0.71285,0.07122,0.68895,0.07577,0.66387,0.08403,-45.365,-47.472,0.61345,0.01681,0.58187,16.51,0.55330,-18.418
1,1,0,0.85013,-15.492,0.92211,0.01456,0.92046,0.02180,0.92765,0.08010,0.87597,0.11370,14.874,0.04320,-36.517,16.398,0.87339,0.02842,0.95866,7.25,0.89097,0.07047,0.88430,0.07697,1.427,0.10853,0.86923,0.08950,0.87597,0.08786,21.849,0.10134,12.03,0.10698
1,1,0,1,-0.01179,-25.702,-0.00343,1,-0.01565,-39.249,-0.01565,1,-0.02809,1,-0.02187,0.99828,-0.03087,-34.104,-0.03238,32.757,-16.494,-0.982,-0.03881,1,-0.05039,1,-0.04931,0.99842,-0.05527,0.99400,20.548,16.671,-0.06497,0.98971,-0.06668
1,1,22.016,0.89505,-0.03168,0.87525,0.05545,0.89505,0.01386,0.92871,0.02772,0.91287,-27.284,0.94059,-0.01584,0.91881,-39.39,0.93663,0,0.94257,0.01386,0.90495,0.00792,0.88713,38.945,0.89307,0.02376,0.89002,4.728,-39.808,0.00198,-19.466,0.04158,-27.688,0.02376
1,1,0,0.90071,0.01773,1,-0.01773,0.90071,0.00709,17.692,0.05674,1,0.03546,4.085,-7.682,-3.569,-40.979,1,-0.03191,0.89716,-0.03191,14.376,0.07801,1,12.229,49.746,0.04610,0.94305,0.03247,0.94681,0.02482,1,0.01064,0.93617,0.02128
1,1,0,0.39394,-0.24242,11.6,6.561,0.45455,0.09091,-23.174,0.09091,0.21212,-0.21212,0.57576,8.928,16.463,0,-26.49,0.04561,0.51515,37.351,0.78788,0.18182,0.30303,-0.15152,0.48526,0.05929,0.46362,0.06142,0.33333,-0.03030,0.41856,-39.923,0.39394,0.24242
1,1,0,3.561,0.35950,0.72014,28.872,-12.027,0.83049,0.08646,-25.331,-0.24118,9.207,29.624,-15.88,-0.68714,0.41524,-0.77019,0.09898,-0.69397,-0.13652,-0.49488,-0.42207,-0.32537,-0.57679,-0.02844,-0.59954,0.15360,-0.53127,0.32309,-0.37088,0.46189,-0.19681,0.40956,-13.335
1,-30.517,-18.76,0.89563,-9.76,0.67311,0.69438,-36.073,0.88696,-0.04193,-41.122,-0.38875,0.84414,-0.67274,0.62078,-0.82680,-8.121,-0.86150,-0.05365,-0.73564,-0.34275,-0.51778,-0.62443,-0.23428,-0.73855,0.06911,-0.73856,1.891,-0.62296,0.52414,-0.42086,0.61217,-0.17343,0.60073,36.053
1,1,48.755,0.90547,0.41113,0.65354,0.74761,0.29921,0.95905,0.211,0.97820,-0.52236,0.83263,10.386,0.55086,-0.96631,19.516,-0.93001,-0.25554,21.495,-0.59379,-4.848,-0.85205,-0.02250,-0.93788,-2.181,-0.85368,0.67538,-0.61959,0.85977,-0.28123,0.88654,0.09800,-45.491,0.46301
1,1,-37.757,1,1,0.36700,0.06158,0.12993,0.92713,-0.27586,0.93596,-0.31527,0.37685,-0.87192,0.36946,-0.92857,-0.08867,-0.38916,-0.34236,15.301,-0.82512,28.911,-0.93596,0.25616,-30.983,0.73792,-0.45950,0.85471,9.166,1,-39.258,0.38670,-17.908,0.17758,-18.191
1,1,0,1,-7.383,0.45455,0.33333,0.06061,0.36364,-0.32104,0.73062,-0.45455,0.48485,31.546,0,45.368,-0.12121,13.642,-0.48485,-0.09091,-0.84848,0.48485,47.399,0.57576,23.52,1,-0.39394,0.72961,0.12331,0.96970,0.57576,23.932,0.36364,25.371,0.33333
1,1,0,0.88110,0,0.94817,-0.02744,6.593,-38.959,-29.002,0.01829,0.90244,0.01829,0.93902,0.00915,44.66,0.00305,1,0.02744,0.94207,-0.01220,13.233,0.02439,0.91463,0.05488,0.99695,0.04878,0.89666,36.614,0.90854,0.00915,1,-14.617,-39.315,-0.01220
1,1,0,0.82624,50.077,0.79078,-0.08156,0.90426,-0.01773,0.92908,0.01064,0.80142,0.08865,0.94681,-42.259,0.94326,0,-46.605,-10.154,5.824,-0.00709,0.91489,0.00709,0.80496,0.07092,0.91135,-33.226,23.995,0.08165,0.77660,0.06738,0.92553,-24.606,0.92553,0
1,1,0,29.269,0.10638,0.88706,0.00982,0.88542,-18.922,0.87234,-0.01418,0.73050,0.10638,0.87657,0.02912,0.87235,0.03382,30.61,0.07801,0.95035,0.04255,0.85597,29.994,0.84931,-34.038,1.636,0.11348,0.83429,20.305,0.74468,-0.03546,0.81710,0.06800,-0.066,0.07173
1,1,0,0.87578,0.03727,0.89951,0.00343,0.89210,0.00510,0.86335,0,-19.996,0.07453,0.87021,0.00994,0.86303,0.01151,17.193,-0.06211,-25.237,0.02484,25.797,35.651,0.83486,0.01749,0.79503,-1.392,43.032,0.02033,0.81988,0.08696,0.80757,0.02308,0.80088,17.061
1,31.071,0,-45.704,0.00710,0.98579,0.01954,1,-11.715,18.692,0.01599,0.95737,0.02309,0.97158,0.03552,1,0.03730,0.97869,0.02131,0.98579,0.05684,0.97158,-20.36,-28.045,0.05506,0.98401,35.931,0.97540,0.06477,0.94849,0.08171,0.724,0.06217,0.98934,0.09947
1,1,0,1,-27.512,1,0.01105,1,0.02320,-25.747,-0.01436,0.99448,-0.00221,-2.951,0.02320,1,26.229,0.97569,0.00773,0.97901,-33.905,0.98011,0.00663,0.98122,0.02099,0.97127,-0.00663,-28.62,0.01600,30.942,0.01547,-1.809,0.02099,0.98674,0.02762
1,1,34.061,1,-0.01342,1,39.922,1,-0.00224,1,0.06264,0.97763,-49.146,0.95973,0.02908,1,0.06488,0.98881,0.03356,1,-14.014,0.99776,0.09396,-25.466,0.07383,-7.774,0.10067,0.99989,0.08763,30.619,0.08501,1,-44.073,1,0.10067
1,1,0,2.899,0.36724,0.67123,0.67382,9.361,0.86399,0.02424,29.644,-0.35148,3.685,-0.60316,-11.732,-0.78658,0.38778,-6.855,-0.00642,-0.69318,-0.32963,-0.52504,-0.53924,6.465,-0.68126,0.00806,-35.644,0.26028,-0.60678,0.44569,-0.43383,0.54209,-0.21542,0.56286,0.02823
1,1,0,0.90147,0.41786,0.64131,-13.6,0.30440,0.95148,-0.20449,0.96534,-0.55483,0.81191,-0.81857,0.50949,-0.96986,0.10345,-6.981,-0.31412,-0.70163,-0.65461,-0.32354,-40.862,-46.556,-0.94172,0.44483,40.454,-43.059,-0.55231,0.89415,-0.18725,-3.598,0.20359,47.263,0.54852
1,1,0,-14.409,0.11042,-8.234,0.29308,0.14020,2.987,-0.25131,0.91993,-0.16503,0.26664,-0.63714,0.24865,-47.069,-0.00337,-27.191,-36.488,-0.30522,-0.48886,-0.14426,-0.89991,0.09345,-0.28916,-1.752,-0.18560,0.39599,-0.11498,0.31005,0.05614,0.21443,0.20540,-3.95,0.26422
1,1,42.196,15.946,0.43617,-13.041,0.74804,0.05319,0.85106,-0.32027,0.82139,-7.85,-15.08,-0.84211,0.07111,-20.099,-0.28723,-0.47032,-0.71725,13.484,-0.86002,0.23292,-0.76316,0.56663,-0.52128,25.734,-0.18645,0.74758,0.23713,0.45185,0.59071,0.20549,0.76764,-0.18533,0.74356
1,1,0,0.19466,-46.926,6.126,-24.618,-5.501,0.48866,-0.18321,-0.18321,28.936,0.06107,-0.45420,0.09160,-0.16412,3.079,-0.10305,-0.39695,0.18702,-0.17557,0.34012,-0.11953,0.28626,28.245,0.21645,-22.975,0.03913,0.31092,-0.03817,0.26336,-0.16794,0.16794,-0.30153,-0.33588
1,1,0,0.98002,0.00075,3.321,0,-29.936,-0.00075,0.94721,0.02394,0.97700,0.02130,0.97888,-35.235,-41.482,6.207,0.93929,0.05713,0.93552,0.05279,21.805,0.05524,1,0.06241,0.94155,-48.436,0.96709,0.07255,0.95701,0.08088,0.98190,0.08126,14.762,0.08616
1,48.784,3.246,0.82254,-24.136,0.80462,36.432,0.87514,-0.01214,24.031,-0.07514,0.72832,-0.11734,0.84624,0.05029,0.83121,-0.07399,0.74798,0.06705,28.807,0.06358,0.86763,-0.02370,0.78844,-0.06012,0.74451,-0.02370,0.76717,49.631,0.74046,-0.07630,21.531,-0.04220,0.78439,0.01214
1,47.062,0,0.35346,-0.13768,0.69387,-0.02423,0.68195,-0.03574,0.55717,-0.06119,5.422,-0.10467,0.62099,-0.06527,0.59361,-0.07289,1.581,7.431,-24.308,0.04992,0.49736,-0.08771,0.46241,-0.08989,0.45008,-0.00564,0.39146,-19.991,-29.759,-45.736,0.32232,-0.08637,0.28943,-0.08300
1,1,-47.932,0.76046,0.01092,0.86335,0.00258,0.85821,0.00384,0.79988,0.02304,0.81504,0.12068,0.83096,-20.752,27.622,0.00854,43.409,-0.06974,-30.287,-7.479,-10.508,0.01148,0.75071,0.01232,0.77138,-0.00303,-40.201,0.01375,0.66161,0.00849,0.66298,0.01484,0.63887,0.01525
1,40.616,0,-47.502,15.616,-32.108,0.06831,0.49590,0.50137,0.75683,-0.00273,0.65164,-0.14071,0.40164,-0.48907,-26.476,35.902,0.76776,-32.785,0.78552,0.11339,0.47541,-0.44945,1,0.00683,0.60656,0.06967,0.68656,0.17088,0.87568,0.07787,0.55328,-48.33,0.13934,0.48087
1,1,0,0.83508,0.08298,0.73739,21.545,0.84349,-0.05567,0.90441,-0.04622,0.89391,5.104,0.81197,30.535,0.79307,-0.08929,1,16.674,0.96639,23.03,0.87605,-26.904,0.77521,0.06618,0.95378,-0.04202,-6.774,0.00123,1,0.12815,0.86660,-40.626,0.90546,-0.04307
1,1,0,44.508,0.789,0.95183,-49.326,0.93438,-0.01920,0.94590,0.01606,0.96510,0.03281,0.94171,0.07330,0.94625,-0.01326,0.97173,0.00140,0.94834,0.06038,0.92670,-48.581,0.93124,-23.192,-18.943,0.01361,29.399,0.04925,0.93159,0.08168,0.94066,16.582,0.91483,0.04712
1,1,-13.99,0.94701,48.162,40.558,-11.832,0.95177,-0.03431,0.95584,0.02446,6.905,0.01766,0.92595,0.04688,0.93954,-0.01461,-28.563,41.912,0.93784,0.01393,-35.376,0.07677,0.89470,0.06148,0.93988,0.03193,0.92489,0.02542,0.92120,0.02242,0.92459,0.00442,0.92697,-0.00577
1,1,0,0.90608,11.172,0.98122,25.811,0.95691,-0.03646,0.85746,-0.171,0.89724,-0.03315,0.89061,-0.01436,0.90608,-0.04530,31.882,-0.00884,-10.359,-0.12928,0.88729,0.01215,0.92155,-0.02320,0.91050,-26.653,0.89147,-0.07760,0.82983,-2.481,0.96022,-48.169,0.87403,-0.16243
1,1,0,0.84710,24.912,-6.467,-0.06151,0.87873,0.08260,-34.833,-0.09139,39.521,0.06678,0.80668,-0.00351,0.79262,-0.01054,0.85764,-14.071,0.87170,-6.927,0.81722,-0.09490,-16.766,0.04394,0.86467,-0.15114,0.81147,-0.04822,0.78207,-0.00703,0.75747,-24.995,0.85764,-0.06151
