1,1,42.786,-28.623,-36.131,0.85243,-11.288,44.981,24.938,29.133,-27.462,-20.79,-0.17755,0.59755,1.918,0.60536,-0.38223,1.85,-0.38542,-46.087,24.204,33.773,1.218,0.36946,-0.47357,0.56811,-9.067,-40.063,-0.46168,40.883,23.413,0.42267,-0.54487,21.872,-0.45300
0,1,-32.768,-24.995,-0.18829,19.156,-0.36156,-16.633,-0.93597,-5.018,-22.755,0.50874,-0.67743,0.34432,-12.074,-31.374,-0.97515,-28.4,-39.996,-14.884,-1,-45.839,-41.924,-0.18056,-18.787,-6.125,10.805,-0.20468,-16.945,34.155,-0.11593,8.092,-24.823,-0.13738,-0.02447
1,33.133,-42.196,-35.508,13.607,1,0.00485,1,18.107,-35.065,23.771,35.054,-30.653,18.118,0.00827,-14.92,29.362,1.505,-2.262,1.135,-0.08540,0.70887,-35.584,0.43385,-0.12062,0.57528,8.545,-33.654,38.996,0.43100,-0.17365,0.60436,-0.24180,-22.969,-0.38238
0,1,-15.407,1,23.884,1,2.999,16.961,-9.417,-9.159,-36.943,13.067,0,0,-34.492,-50.327,17.106,-14.399,-0.39330,-1,13.303,48.044,1,0,21.159,1,9.814,-10.419,1,1,-0.20099,0.25682,20.588,31.462,41.396
1,21.897,-24.674,-13.119,-0.02401,28.166,0.06531,0.92106,39.234,0.77152,-2.05,0.52798,3.819,0.56409,-0.00712,6.328,2.543,-25.091,-0.21780,21.651,-0.17813,40.872,-15.081,-15.668,-0.52879,29.618,-0.65158,30.178,-6.517,49.373,-0.62197,47.849,-0.59573,41.925,-0.65697
0,1,0,4.954,-0.00592,-0.09924,13.679,-22.969,-9.228,-32.856,-40.919,28.051,-20.772,0,42.152,-34.919,-0.15540,-23.3,-30.318,24.113,-0.05414,8.232,-38.338,-1.196,0.00888,-8.284,-0.01535,7.069,0.09223,-0.07859,0.00732,21.499,-30.715,-0.00039,0.12011
1,1,38.746,37.64,13.293,0.94601,-0.20800,0.92806,-0.28350,31.99,-14.135,0.79766,-0.47929,41.126,-0.50764,-30.516,46.142,-0.344,25.256,-31.794,-0.73641,0.36324,25.53,-14.026,-22.669,-37.244,-18.148,-35.816,-0.82510,0.04606,-50.308,12.733,-0.81318,41.798,-0.80975
0,23.075,0,0,0.581,-44.54,-45.998,1,11.055,-26.338,0,-1,-1,0,15.674,-46.925,0,-43.004,-0.053,24.081,-1,0,-4.708,33.87,-2.898,1,36.488,7.688,15.568,0,44.438,36.183,1,0,-13.038
1,1,0,9.437,-32.885,-3.217,-22.53,-20.739,-0.21313,27.665,-38.814,10.153,-0.43569,3.55,-0.40668,0.90392,35.276,0.98305,-39.909,-27.672,-0.66020,26.432,-48.767,21.182,-34.125,0.85106,1.794,0.57577,20.755,36.955,-0.63919,0.45114,-0.72779,9.715,-0.73420
0,1,0,-0.01864,-37.565,0,0,14.584,-33.849,24.601,-19.358,31.151,-0.38172,-10.981,-44.48,-0.33656,21.816,-0.37133,0.15018,0.63728,-13.967,9.765,-8.662,18.074,0,37.776,-0.01326,-44.558,23.846,0,7.94,8.557,-37.336,-42.148,0.38065
1,1,-20.909,-24.172,-19.301,1,-12.657,1,-0.27320,23.8,11.675,-4.36,-37.813,0.96232,14.88,-29.016,-0.59017,0.89230,-16.041,0.69876,-0.70997,0.70645,-0.76320,0.63081,38.794,13.375,-0.89128,-31.245,44.941,32.555,-0.83675,-15.037,4.549,21.414,-22.34
0,1,36.438,1,-10.037,-9.033,-47.538,-11.951,-1,-46.014,43.358,31.43,47.703,36.685,-19.829,1,-1,1,44.837,1,-0.93599,-38.581,13.518,1,-19.928,-13.708,33.419,1,20.041,17.871,-1,1,-1,-23.681,-1
1,-21.813,0.723,-47.549,17.888,1,-18.163,23.025,7.032,19.147,-37.21,-23.751,11.351,0.95735,-0.29785,11.162,43.186,36.196,-0.28106,0.90137,-0.43383,-16.336,39.467,0.82987,-0.51220,0.84080,-26.04,0.76224,35.827,-8.724,-0.68794,-37.343,-0.64537,0.64727,-0.67226
0,1,21.76,1,-0.86701,-13.855,0.22280,-6.281,-47.87,12.004,-0.12090,-27.665,24.315,1,19.351,1,-0.14767,1,38.686,7.95,-1,-41.452,-37.044,16.716,7.356,26.275,-0.17012,41.798,0.35924,2.331,-46.383,1,15.218,46.84,-0.18826
1,1,0,-6.165,20.175,1,18.008,1,-17.557,1,43.698,46.905,-29.19,1,-9.081,44.945,-16.935,1,41.103,-24.27,1.652,1,21.415,-40.756,36.459,1,22.813,-9.345,0.36743,0.95603,0.48641,35.248,0.32492,-3.796,0.46712
0,48.604,48.429,-15.611,-0.93996,1,0.26708,-29.446,-21.63,1,-5.063,0.43685,-41.108,0,-18.829,-27.763,28.574,-20.281,-5.13,1,-47.201,0,0,0,-26.107,-43.804,-46.68,20.846,0.26501,0,0,-25.681,-4.037,0,-44.634
1,1,4.81,-46.195,0.06468,-24.251,-0.01236,0.97811,0.02498,0.96112,0.02312,-18.199,0.07808,-22.894,29.602,-13.396,0.05269,-46.248,-24.957,27.879,-30.465,-21.966,45.771,10.347,-27.437,11.981,0.13412,-23.301,-49.804,0.79110,0.15379,42.835,0.15930,-42.287,0.12015
0,-39.27,-7.14,-1.324,27.996,-1,-14.561,18.715,-37.234,-49.312,-16.094,-1,1,1,-1,8.735,1,40.777,-1,-22.753,1,32.936,22.459,-32.265,-13.76,48.054,22.108,1,-1,-1,1,-1,23.09,23.946,-1
1,43.8,0,48.457,0.02528,0.66626,-19.833,24.387,36.054,48.312,0.34081,0.63621,0.12131,37.056,0.14285,34.359,16.084,-39.38,-33.93,32.437,-39.621,-33.971,12.183,-31.421,28.429,-7.606,-35.891,0.46167,0.24618,0.43433,0.25306,0.40663,0.25792,-39.047,0.33036
0,0,0,1,-1,10.229,31.054,0,2.681,1,-17.295,-12.135,-12.978,-45.549,1,0,-33.988,7.638,1,-45.748,21.393,16.065,1,1,-14.752,-1,45.397,24.505,-46.323,16.147,-12.756,-44.779,1,-28.295,1
1,1,40.922,28.079,-0.00612,-39.047,-0.09834,1,-0.07649,23.415,-0.10605,33.674,-0.11073,44.279,39.007,1,-0.15616,-27.352,-22.041,0.86473,-28.368,0.91693,-27.921,22.033,-0.46866,9.467,-0.40372,35.059,-28.443,5.666,35.047,10.606,-10.129,0.74354,-38.293
0,32.933,-31.488,-17.953,11.217,0,0,20.658,-18.024,-1,-1,0,-40.986,-10.969,-38.209,-1,15.595,-1,-1,-26.486,1,-14.976,-44.452,0,39.339,23.059,10.404,2.057,-1,-1,-2.104,-27.517,-23.104,-1,1
1,1,11.0,-41.158,-21.512,-23.978,0.04296,44.8,0.09313,25.98,-0.05144,45.46,21.707,0.83250,-29.07,0.87534,4.162,0.76544,40.95,-25.372,-0.05295,0.65961,-0.07905,28.327,-38.327,0.55677,29.026,-6.839,30.231,-0.71,26.215,0.51310,48.179,0.52099,-0.00182
0,0,22.973,-7.887,-30.983,0,0,0,-41.459,-18.592,35.022,10.22,1,-14.642,0,-19.559,17.844,29.857,-19.604,-1,1,1,1,8.67,0,-27.558,-46.332,1,-1,37.725,-25.576,40.654,1,-36.762,-30.601
1,1,0,1,13.889,-48.877,0.02942,-38.154,24.287,27.607,-0.01707,1,-16.141,45.999,-44.919,47.43,-0.06598,27.439,-21.23,0.65731,-0.20367,7.154,-33.362,0.80852,-45.91,32.688,43.056,45.387,-0.29174,-8.134,-0.38576,-23.756,-15.141,0.64207,-0.39487
0,1,-11.923,12.183,0.57820,-16.501,-37.72,-37.087,-1,40.264,-1,1,7.736,1,-1,36.636,-1,1.912,-1,-7.746,-31.926,7.702,-15.496,1,22.169,1,-1,-45.378,38.399,1,-1,-25.539,-48.187,-15.943,22.952
1,-18.389,18.017,40.661,-42.126,-27.44,-0.17263,-9.318,-22.471,19.348,0.61053,0.95473,-0.41382,0.88486,-0.31736,0.87937,11.027,0.81051,33.914,-42.328,-29.674,0.90284,-32.018,-2.786,-18.342,-32.386,-0.82868,-19.92,7.511,0.40650,9.723,0.32984,-0.92128,27.218,-1
0,0,-3.098,-1,-15.825,0,1.627,14.709,21.595,2.174,-0.37500,49.488,12.207,0,0,29.653,27.905,-1.209,-1,31.102,-6.533,4.476,-1,0,0,-2.879,30.237,-1,1,-1,42.814,0,-7.164,-46.788,41.173
1,-21.872,31.596,37.414,1.389,15.022,0.17387,-18.589,-40.334,0.98172,0.64520,-17.029,0.47904,1,-32.092,1,0.70758,46.21,0.82777,-28.716,15.691,21.136,1,-36.809,1,1.811,1,0.83899,1,47.918,-40.864,-15.715,-23.173,-36.006,1
0,-42.98,0,-22.572,3.535,32.084,1,-9.724,-31.583,-1,1,1,1.928,-1,-1,34.018,30.914,1,-4.519,-6.113,-15.194,39.683,-1,-46.528,-1,-21.532,1,1,15.337,-17.897,-14.421,-47.951,1,-9.923,-1
1,1,46.986,-41.899,-0.14236,4.609,5.305,37.322,-0.23656,-43.593,34.908,1,-15.907,-45.1,30.585,1,-49.429,1,3.989,36.416,4.946,1,-47.981,1,42.654,1,-16.921,-7.29,-0.49687,-33.465,-40.382,1,-0.75761,1,-0.84437
0,22.685,-8.555,1,-1,3.368,1,2.006,32.813,29.133,-1,-28.618,0.515,-26.5,23.735,1,-1,34.204,1,45.147,-6.294,1,1,-40.359,-22.642,0,0,26.315,1,43.786,-36.864,1,-10.311,43.33,1
1,1,-24.76,-5.136,-0.14639,0.93408,-0.11057,19.147,-22.874,-44.824,-6.092,-15.876,-41.789,11.923,-0.31463,0.82116,24.166,41.477,-40.81,-27.703,-0.47022,-14.51,-16.996,0.66150,-0.50085,-38.761,-47.15,34.913,-0.54629,0.50179,-0.59854,0.47075,-0.57377,-30.435,-11.958
0,1,0,17.976,-0.02595,-32.355,-2.357,0.98019,-18.525,-24.997,18.125,1,-15.576,-34.719,14.64,0.83726,-1,0.82270,-34.423,32.94,-42.479,-0.25914,0.92730,0.51933,-30.652,1.035,8.744,-35.577,38.805,0.63811,-0.21901,-22.668,7.385,-36.187,-1
1,1,0,-8.159,-0.15899,0.72314,0.27686,21.994,8.324,-7.417,12.785,1,-15.438,1.467,-37.068,-33.724,40.542,1,34.717,-9.936,24.602,0.96354,16.23,30.285,22.846,20.588,0.14803,14.847,31.67,1,-0.11129,1,17.494,1,-0.57758
0,1,0,0.66161,-25.674,2.999,3.818,1,48.07,-13.916,3.617,1,20.2,1,41.077,40.466,27.958,-13.943,30.295,1,0.78036,1,0.85268,-0.886,-1,21.897,0.85357,1,-25.706,41.772,-49.69,50.349,-14.754,-14.691,0.34732
1,43.152,0,-37.374,-30.212,-33.874,47.894,1,13.769,-21.962,4.861,0.97839,-1.274,-4.985,-0.06544,-22.324,-0.07917,0.92561,-0.13665,0.94184,-0.14327,0.99589,-0.14248,0.94815,5.849,25.124,-9.319,-29.824,-33.182,-19.852,27.827,30.883,-0.20101,-7.48,-0.20766
0,0,0,-16.332,-48.484,1,-32.262,-32.173,-35.952,-21.872,46.757,6.102,35.664,-14.345,0,25.937,0,40.937,1,39.746,1,39.343,1,20.499,-39.986,32.13,-1,9.213,1,-14.862,1,13.776,1,0,0
1,1,0,-45.086,-26.295,1.523,0.02280,0.94705,0.05345,26.017,0.01321,23.994,-0.86,-3.781,26.416,45.358,-0.991,14.288,0.12722,-43.167,0.14439,-2.088,0.11849,0.77041,15.816,12.813,0.11299,-36.737,34.003,7.351,-46.772,35.892,0.10754,0.65258,0.11447
0,21.485,0,37.701,-33.458,36.736,8.522,0.97545,2.676,36.106,-40.557,27.575,0.11147,-20.854,21.988,0.82077,0.14137,0.76929,0.15189,-43.54,0.41003,-47.502,0.16371,9.927,0.16516,9.772,25.843,2.938,0.16019,15.003,-22.232,0.38352,-12.892,1,1
1,1,-28.517,-41.066,0.06538,-18.09,0.20746,-31.813,-10.718,0.93051,-33.527,0.86773,8.33,0.75474,-36.98,0.79555,0.52321,25.146,0.60756,0.57619,0.62999,-3.739,-44.093,24.274,9.079,14.928,-37.732,0.27712,-7.939,18.266,0.70682,0.11372,22.157,9.835,38.638
0,1,12.106,-32.717,-1,22.184,-43.48,1,12.673,31.607,-37.577,-26.172,1,16.399,1,-19.189,-1,-1,4.44,32.24,-30.923,40.599,-6.36,-16.376,-11.473,-1,-21.909,-13.188,-1,-1,-1,1,-36.4,0,0
1,1,22.8,17.781,-12.863,0.86528,-15.178,-19.829,-9.329,13.07,0.68154,46.508,-46.17,33.991,43.424,-9.457,0.46086,0.51067,36.934,-46.698,0.12967,-14.329,30.975,0.31274,0.55826,-24.433,0.56527,20.855,0.56605,0.12635,0.56101,0.06927,-20.897,35.806,0.67739
0,44.531,48.114,-0.64286,-40.581,1,0.82857,-21.813,-1,1,-0.23393,-23.691,8.145,1,21.648,1,10.703,-19.928,0.13839,1,-10.381,19.051,-48.583,17.304,11.225,-36.48,45.987,-37.031,1.723,1,-19.061,37.411,-1,1,-1
1,1,-47.471,16.706,-0.05785,0.99793,-0.13009,40.672,-0.19430,0.99374,-0.25843,-13.927,6.649,0.92651,-0.37965,41.696,-0.43796,22.609,-7.656,15.208,-17.767,0.79016,-0.59839,-44.971,18.627,-24.886,-0.68479,-36.549,10.273,7.343,-0.75353,40.488,34.448,1.823,24.442
0,-25.27,-9.284,0,23.964,0,20.967,-4.796,-7.165,35.248,-28.387,1,46.905,17.974,-42.07,-28.665,0,-0.37500,-18.502,-1,-42.756,0,45.84,0,-10.345,-1,19.101,0.381,42.61,-1,1,44.945,0,0,0
1,1,47.604,41.997,-16.158,1,-26.181,0.99601,-0.11039,21.447,-4.162,-3.28,-20.043,0.96674,22.396,0.95288,-0.25099,-25.851,-17.407,0.90581,-0.32152,0.89991,-20.977,0.87874,28.541,36.904,-27.111,0.83172,-0.43122,-18.015,48.003,-28.632,-48.082,0.75115,-44.143
0,-18.192,0,-43.688,9.484,-1,11.43,-0.36393,-27.225,42.757,26.383,1,-0.03353,-0.29020,-47.142,-0.54852,0.15452,0.91921,-0.46270,-13.338,-24.6,-0.29735,-40.422,-0.73864,-49.566,0.83872,-47.659,-30.029,-46.783,46.653,-5.78,-23.883,-24.864,29.437,0.41913
1,1,-25.251,-21.801,0.00874,-20.772,-7.178,-13.784,31.879,0.95947,-0.06971,0.99004,24.045,0.94713,-0.11102,-38.336,4.682,22.051,22.83,42.574,-1.516,0.88274,-0.17387,0.86257,-43.184,24.343,-0.19689,-37.416,-13.772,-47.526,-0.23864,8.504,-0.23095,0.74323,17.476
0,1,0,-31.265,0,1,0.51724,0,-31.935,32.403,35.435,42.8,-40.033,23.815,33.572,26.996,27.979,-17.651,-0.83297,0.76940,16.606,0,49.054,48.32,0.35668,-0.90302,-35.68,-7.095,-1,-1,-33.296,35.867,0,-39.964,-34.51
1,1,0,-39.206,-0.18362,10.665,0.02919,-44.845,-15.317,49.104,-47.185,0.81121,2.663,0.88559,0.54991,-11.06,-0.57486,0.75000,8.343,45.264,-18.496,1,-45.748,-12.669,-44.993,-33.088,-19.911,-28.362,-0.01158,0.61582,11.647,0.84463,-0.25706,16.08,31.04
0,23.505,17.065,35.232,-10.756,1,26.079,-40.047,0,-28.273,0,10.801,21.393,-26.48,1,-38.843,-29.021,41.922,-1,-1,40.402,35.429,0,1,-1,1,-1,1,1,-1,21.415,-21.722,21.073,-9.724,32.674
1,1,23.059,44.279,21.658,-30.488,1,0.91010,1,-0.26970,1,-18.856,5.908,-1,-25.517,15.595,11.129,-1,-0.57779,-41.986,-14.396,-1,-29.023,-3.633,-11.969,0.90014,0.057,9.648,-25.104,-44.452,-1,33.933,-0.34686,-17.953,0.34845
0,1,0,-0.67935,-1,-26.486,-37.268,1,28.319,43.835,-43.118,43.568,3.063,1,30.103,27.114,-1,-1,49.179,25.917,11.217,-0.207,-1,-39.209,-1,-0.18856,40.339,-20.583,-1,-27.124,39.947,-30.009,12.0,1,0.33611
1,1,0,0.95659,0.08143,0.97487,8.613,10.191,22.888,31.214,41.589,-35.815,0.01279,-24.023,-0.16795,-44.386,-41.654,29.853,-7.742,22.585,-19.918,18.759,-32.256,-25.657,33.724,0.99899,-17.999,-13.77,-0.34586,0.92059,-0.30619,0.83951,-30.992,0.82166,-0.41173
0,-44.594,0,-18.52,43.197,-1,1,-45.867,-5.887,32.557,45.626,-0.82143,44.035,-1,-1,35.725,1,-39.181,0.59152,13.53,-9.286,26.002,5.205,-1,-27.044,-1,-14.64,-20.156,-1,-1,-50.266,-1,-34.046,-1,47.111
1,40.264,0,-46.187,23.146,-25.539,-0.04494,1,-0.06682,36.636,-0.08799,1.912,0.56173,-10.923,-16.151,1,8.591,27.607,-36.396,1,-0.17639,0.99484,23.762,-23.344,-31.127,1,-9.668,25.211,-46.596,0.82920,-17.167,-14.083,-0.22765,0.73992,10.953
0,0,0,17.017,1,1,5.702,-21.402,40.399,-28.674,0,35.536,-20.653,-1,-32.316,1,19.399,-39.087,-1,1,10.261,-33.94,7.377,1,-16.556,-41.451,38.661,28.351,1,-16.501,1,-10.184,0,-43.039,-1
1,1,0,-2.098,0.05812,0.94525,0.07418,0.99952,15.841,1,-0.01911,33.051,20.666,-6.207,28.051,11.568,0.11224,-4.624,-3.677,32.204,3.639,2.171,1.77,13.114,-3.246,50.404,-19.165,0.88423,0.23571,0.88568,-45.562,44.597,0.29576,0.83574,-28.128
0,1,0,0.17188,-1,-1,1,0.895,0,-16.358,0,-15.825,21.136,29.653,-29.716,46.557,-0.67708,14.828,-19.227,-41.344,-22.728,0,40.173,-37.531,14.469,-18.877,37.376,2.305,1,-38.789,-1.532,0,-40.201,0,0
1,1,0,32.084,-18.799,1,-22.41,-12.421,0.22574,0.98602,0.09237,0.94930,-4.921,-13.264,4.778,-10.031,-23.89,0.85529,38.95,46.046,0.33129,-29.75,-10.407,-4.771,0.39597,-31.922,-46.604,3.613,-21.144,34.646,0.46031,32.164,0.47033,0.54252,0.50903
0,-46.626,0,0.01667,42.894,-47.528,5.468,-42.899,35.416,30.914,-34.465,0,30.846,-44.593,0,0.12292,15.787,0.22813,4.437,-45.1,-16.08,36.322,0,0.08333,-43.98,4.269,-0.16667,-15.445,-0.76667,-1,5.597,0,0,-48.21,-0.27292
1,-35.072,2.368,1,0.16801,-4.445,47.149,-7.332,0.33347,1.924,0.22610,-10.397,-39.252,24.596,-40.89,0.81011,25.807,35.767,0.48311,0.65091,0.56977,-7.99,0.58071,0.55586,0.64720,-21.159,28.685,0.43317,0.69129,42.687,33.965,0.33921,43.455,34.034,22.472
0,-23.76,-27.5,2.153,1,-15.007,-17.761,45.147,1,11.948,0.30921,-0.66886,1,-0.05921,-45.12,-5.904,40.72,-0.51535,-1,-16.381,-6.051,0.32675,-0.43860,-47.669,-40.471,-38.565,-23.71,1,24.464,1,-28.618,-30.651,-1,-39.474,1
1,1,-35.309,1.38,-2.541,33.133,0.76131,19.098,0.18593,1,-30.806,-27.517,18.706,-10.722,-0.16080,-24.995,0.00879,35.321,-24.03,0.80025,-0.24497,0.88065,-0.19095,1,-34.367,-35.019,-42.09,9.187,-18.502,1,16.99,0.43970,39.416,-32.254,-0.05402
0,-14.466,-9.159,22.007,0.10598,1,-10.544,35.323,-1,14.31,-36.424,14.067,14.118,1,29.965,9.948,0.35507,17.961,0.02672,24.92,-0.43025,1,24.394,0.89130,-8.151,0.91033,-0.33333,-35.943,-34.333,32.163,-0.01947,1.667,16.473,1,0.37409
1,1,-24.674,1,21.48,1,8.932,1,0.07764,2.999,48.787,0.98762,-14.607,1,0.05489,-48.327,0.04384,0.95750,-0.24598,0.84371,-1.973,5.021,27.266,0.99933,29.859,20.588,-0.39056,-13.761,-15.712,-13.252,-25.387,41.758,40.176,21.7,-15.48
0,0,-30.216,-0.211,46.906,25.229,-10.11,43.152,29.045,-29.715,27.013,40.466,42.971,-33.874,1,1,-1,1,-32.003,1,1,1,1,50.349,-9.319,-4.985,-1,5.931,-1,1,6.641,-38.374,2.818,1,-1
1,1,-20.709,47.757,-35.274,0.81309,0.82021,0.43019,-30.262,-13.656,42.742,7.775,37.664,-0.79135,-21.101,-1,14.201,12.385,-0.58634,-0.97907,-0.42822,-24.028,-0.76339,6.725,-0.97491,0.41366,-50.484,-40.568,-0.93296,26.195,-18.332,0.93570,-14.697,-21.974,21.533
0,27.295,12.055,1,7.688,1,-38.472,1,-1,-0.053,-45.925,41.343,24.075,1,-3.708,32.13,-1,14.399,1,39.746,1,-1.898,1,1,36.183,1,-43.004,0.077,-45.498,0,44.438,1,-33.173,1,32.87
1,1,20.485,-12.038,0.03529,1,9.41,3.449,0.26968,1,0.25068,9.473,-39.269,1,9.712,1,-26.022,1.581,-32.826,1,0.53846,27.665,22.065,1,0.59457,0.89593,0.68326,25.976,36.453,-21.53,3.276,-43.796,16.53,36.203,15.326
0,0,-19.09,1,-1,1,1,-33.813,-45.764,10.765,-1,18.074,-37.481,-42.066,21.43,-22.739,25.486,1,-34.849,15.584,-1,-39.203,-27.517,37.701,-5.217,1,6.94,1,-1,-11.981,-49.161,25.679,0,1,-1
1,1,39.599,38.885,-37.314,-4.392,-31.525,9.351,0.27451,32.588,-15.025,0.92867,5.903,0.86265,0.52517,-13.36,0.58794,13.549,-11.782,-7.972,0.73140,0.54473,0.68820,-24.688,32.914,0.40615,24.616,0.33401,-20.071,0.24944,-43.62,0.13756,16.267,-37.487,0.86285
0,31.43,45.806,0.69444,0.38889,0,-24.681,-21.777,21.883,33.828,0,12.106,-46.538,0,0,43.203,-0.24206,0.21032,-20.635,0.46429,0.78175,-15.347,-47.014,35.685,36.438,-18.634,20.942,23.562,13.153,0,0,0,0,-29.923,-10.033
1,8.184,36.411,1,0.05070,1,43.639,1,0.19498,-36.017,-9.097,-38.581,-12.602,-8.495,1.106,18.997,48.543,46.022,0.50391,-23.932,-14.12,0.80644,0.59962,0.79578,10.853,0.66643,-17.422,-20.334,0.69435,0.49538,0.72684,17.342,12.42,-48.215,0.75243
0,0,0,7.732,-21.813,0,40.798,36.251,-1,1,-39.031,7.95,-16.196,-24.568,1,1,-48.471,1,15.334,22.76,1,-6.136,-38.202,-1,-1,1,38.686,19.147,-15.855,23.025,16.716,39.94,0,2.331,-1
1,1,20.967,1,-4.755,1,45.96,35.248,-7.003,1,0.27921,24.951,44.254,0.92745,0.37639,0.91118,0.39749,-40.937,0.46059,-41.284,25.745,0.79400,0.56282,-24.566,0.58129,18.644,-28.789,11.593,-8.674,44.149,-45.109,19.726,-28.028,20.505,0.62658
0,0,40.997,1,-25.763,-25.107,-1,-15.121,1,-16.063,1,23.613,48.604,1,1,2.381,1,-25.681,-1,27.917,-42.641,-18.502,1,-1,-18.905,-46.602,-1,-3.063,1,44.905,37.042,-11.345,47.429,-30.411,1
1,1,0,-26.581,-24.827,43.064,-49.454,-29.551,27.747,-17.829,-45.201,10.511,1,-39.108,21.449,-22.787,0.77128,30.498,-43.634,-3.269,1,-4.421,1,0.89647,-46.136,0.64628,1,46.036,1,-20.522,-18.192,-0.17370,1,-0.81383,1
0,24.09,-13.561,1,1,-24.251,-1,42.777,1,-8.14,1,22.946,0,1,-23.096,31.936,0,-47.191,-38.234,-1,1,-15.338,-13.76,-41.997,-21.782,-20.753,6.735,5.81,1,1,22.108,1,-1,10.168,-38.27
1,1,-31.265,1,-0.06604,1,18.344,28.996,23.554,1,-1.121,-47.312,-18.094,24.815,-0.40559,1,32.134,-33.51,28.252,-30.935,48.438,1,-40.299,16.974,41.8,-35.128,-0.58042,1,-0.81372,-7.095,-1,1,35.081,48.786,-0.48252
0,0,-34.112,49.225,35.435,32.054,1,1,9.638,1,1,-46.323,1,-32.988,32.572,1,-1,-17.295,1,16.147,-1,-10.978,-38.964,1,-39.047,1,-30.295,-18.883,1,-14.314,-46.779,12.97,3.681,1,-45.83
1,1,0,-26.557,-28.195,35.159,20.555,0.89702,35.675,0.84111,-11.404,11.017,-12.713,0.70716,27.549,-9.016,-39.482,0.60459,0.64200,0.51247,45.046,23.904,-27.351,0.34232,21.756,-21.485,0.76146,32.862,0.73885,-37.746,0.71038,-46.721,0.77072,-0.04023,17.76
0,1,43.279,-18.271,9.628,0.82332,1.276,41.388,0.32862,0.25795,21.241,11.404,22.263,0.01060,0.44523,4.919,0.38869,0.18681,0.41168,-31.382,-13.612,0.04325,0.30745,8.647,33.183,39.373,-26.323,-28.066,-17.879,23.012,0.10349,16.55,-10.898,-0.04013,0.04586
1,1,0,-0.458,-0.02811,41.604,-42.17,0.80621,39.367,-28.149,-38.184,-24.851,0.08728,0.71598,0.07840,44.531,-24.052,-40.201,47.901,11.659,-0.01479,0.78698,44.637,26.574,-26.31,-37.614,0.02811,0.61009,-0.06637,10.752,28.891,-2.514,-0.14053,-44.888,0.02959
0,1,-7.419,0.39179,8.607,22.656,0.04328,1,1,-17.234,30.406,23.518,4.194,34.638,17.024,29.435,0.67910,0.66791,-0.10448,-24.511,-14.758,0.65574,0.14792,-35.93,0.45522,9.69,0.16418,28.179,25.225,-30.277,-19.585,-21.191,0.13521,0.34411,-26.43
1,-17.604,-6.887,27.423,-39.108,-20.386,36.619,-31.209,0.03774,0.66038,-41.504,-44.687,41.666,0.66792,-45.733,6.925,-0.02264,44.174,0.08679,14.57,-26.656,-32.288,-0.23774,0.73962,-0.14717,0.84906,46.345,0.73886,-0.05801,-8.197,0.02264,0.86415,-44.83,45.394,0.00755
0,1,-24.3,0.72727,-0.05000,0.89241,23.204,-35.72,0.72727,0.66364,-0.05909,-46.706,-15.047,40.083,24.434,-25.971,1,45.659,0.21818,24.62,0.10000,1.912,-0.30000,27.594,-15.868,-49.304,0.32727,9.306,-30.779,0.42273,31.92,36.125,-15.877,1,-45.378
1,9.377,-8.746,-9.608,6.687,40.065,34.536,-17.172,-11.794,-16.543,-0.05882,0.56471,0.14118,-28.207,0.08235,0.52549,17.962,0.58039,0.01569,-41.949,-32.129,-21.195,39.465,-41.459,0.08235,0.49804,-38.083,0.48601,11.284,0.46275,18.482,0.45098,0.23529,0.43137,-17.329
0,-19.402,-32.94,0.41932,11.386,-45.438,0.12500,1.405,-5.254,27.868,0.44318,49.533,32.464,3.286,20.932,1.494,0.27322,0.02727,0.40455,27.004,10.747,-0.20028,0.05078,-4.065,-6.8,-0.14003,-0.04802,-28.54,-0.07114,14.709,-1,-0.02916,-3.484,-19.394,-0.06314
1,1,14.74,0.88305,-3.318,37.414,31.6,-39.377,-17.837,41.023,0.05901,-35.625,29.611,13.059,-14.575,47.949,-41.61,44.506,1.474,14.733,-19.198,2.037,0.27575,1,0.34871,0.56760,0.52039,0.69811,0.53235,0.80901,-1.624,0.43026,-37.08,0.52361,0.54185
0,46.21,-21.572,32.442,2.842,-16.676,-0.80553,-0.08961,-31.148,0.80648,0.04576,39.578,-10.732,-32.869,20.775,-23.072,33.338,-10.066,-0.11344,-18.117,-0.15729,-0.06959,0.50810,-0.34128,0.80934,-23.384,4.498,0.70882,30.831,-12.642,-0.14109,-0.21354,-30.498,-5.704,-0.59867
1,1,-15.657,-4.405,-0.24783,-13.551,-34.421,-46.499,43.633,-48.557,-44.41,0.5,35.686,31.492,-0.23043,0.50435,0.37826,-42.593,3.183,5.828,-46.361,0.26957,-42.781,-46.995,-0.03845,36.635,-0.12174,0.49930,-0.04264,0.48348,-0.04448,-21.889,-0.25217,-15.94,16.485
0,6.408,0,-41.901,-39.475,-8.616,-4.705,0.52012,-0.13932,0.31889,33.745,33.411,23.602,35.456,-47.536,1.57,-0.15480,0.16409,22.137,31.184,47.02,42.835,0.07121,-0.63777,-0.61610,1,0.65635,0.41348,1.967,27.981,0.11146,-21.619,-10.753,4.901,-0.08978
1,-40.471,-46.669,0.29202,0.13582,43.24,-5.85,41.188,-0.00509,-24.233,-35.864,0.52462,-39.54,0.47368,-29.666,0.55518,-22.671,-30.04,-0.22411,0.42445,-0.04244,24.875,-40.407,-8.273,-0.20883,25.832,-0.03176,0.50369,44.114,0.34635,11.169,-5.214,-27.518,1.91,-0.03226
0,1,0,-10.585,-34.076,-2.126,0,0.56541,0.06874,18.622,1,17.647,-15.528,-35.333,-35.423,-28.218,0.12860,-42.223,19.177,7.748,-31.919,-45.809,34.733,-0.42572,-16.524,-0.91574,-17.623,-0.34146,1.262,-16.215,0.69401,-26.995,0.12860,0,0
1,1,-23.529,-10.034,-36.342,13.86,1.041,35.053,0.50515,24.934,0.72997,0.44303,0.81152,17.205,0.87493,-30.642,0.85038,-0.12611,0.87396,-0.28739,21.955,13.381,24.418,-37.514,39.756,28.677,14.04,-0.71844,32.391,-0.72369,9.06,-16.181,-0.05525,-9.094,-0.19904
1,1,0,0.97714,0.19049,0.82683,40.858,-14.689,0.58732,21.376,-14.097,21.514,0.92643,29.688,20.527,-2.019,2.842,-0.32020,0.91624,48.222,-13.93,-35.175,-25.125,-0.77408,32.121,-25.527,-49.149,8.074,-0.01358,26.401,16.055,-0.67289,-9.496,-0.59943,-0.49700
0,1,0,-1,46.906,-34.874,-15.691,-5.477,23.444,41.418,0.32899,48.349,-0.41368,0,0,-14.119,4.931,1,-0.26710,-38.009,2.183,40.437,-1,41.152,-1,42.971,-0.59609,-34.003,3.021,-1,-31.216,31.045,4.984,0,28.013
1,-22.297,0,0.74084,-8.269,0.79074,-22.936,0.78575,0.03793,47.419,12.875,-35.274,-0.9,0.75934,0.07348,-13.115,7.186,0.70681,-0.07853,26.573,0,-40.286,42.05,-30.033,-49.362,22.169,0.15445,-8.469,0.13608,-21.215,13.973,-20.111,8.36,0.57455,0.15114
0,13.055,6.688,-45.925,-32.262,0,0,0.77941,-2.046,0.80882,-0.372,12.98,-0.94853,44.438,0,0,0,37.384,-18.104,-31.437,-38.075,0,0,38.93,-1,-1,-1,-45.004,-3.898,27.295,-15.345,36.183,-1,31.13,40.343
1,1,0,1,0.01709,15.53,-0.03142,24.075,-0.03436,9.473,-0.05071,0.99026,2.378,-25.347,-39.647,10.326,-0.15727,34.87,-0.14257,10.21,-0.11813,1,0.396,-43.54,-0.19272,21.475,-46.219,26.046,26.462,0.94599,15.502,-12.074,-4.934,-32.613,35.255
0,0,-44.764,0,-33.849,0,0,-48.161,-22.386,-28.517,0,18.074,9.765,36.701,14.584,0,-38.453,0,25.679,35.74,0,0,7.94,21.452,0,21.43,-4.217,-9.981,-1,-32.813,2.605,0,0,-21.739,0
1,1,5.44,0.95704,-12.594,0.63318,-21.035,0.96365,-0.18242,-24.201,31.692,0.92003,39.588,0.83543,-42.313,-36.4,-37.891,-13.196,-0.21216,25.473,-0.21018,1,-0.27165,0.93126,-19.485,-14.376,-0.19233,9.279,37.608,0.81428,23.632,-7.772,-37.799,-43.785,12.401
0,1,-21.448,0.28409,33.51,15.399,-15.347,23.482,-21.829,0.30682,0.95833,46.45,35.749,-19.019,-0.84848,42.996,0,12.697,-0.35985,0.45076,-32.524,0,-47.014,12.518,36.438,30.673,32.33,22.184,-30.162,0.06061,-0.48485,0.16288,-0.70076,-5.36,0
1,-36.017,0,0.94490,-15.201,-8.495,-9.418,19.04,-0.87052,-20.028,-24.012,8.184,-0.10104,1,-0.12493,-38.581,-0.15017,-47.549,36.234,49.114,-0.20491,-11.951,-0.23452,1,-0.26571,-9.033,-0.29852,1.723,9.892,46.13,16.502,1,20.261,1,-46.985
0,1,0,0,0,43.531,0,11.703,-24.691,-25.568,0,0.62195,-16.196,40.798,0,-37.202,22.025,-17.695,-0.71951,0.56098,-39.031,0,-14.855,0,35.251,-22.813,14.334,-6.136,0.10976,18.147,39.94,15.716,0,6.95,1.331
1,1,0,21.962,0.00526,20.942,-0.11313,46.723,-47.635,0.99061,-9.347,-27.7,-45.793,-3.944,0.02966,26.146,39.477,0.93881,23.834,0.98298,43.856,18.872,11.005,0.87836,-41.815,22.694,-0.19872,7.608,-42.248,0.94294,-0.16581,0.80253,43.352,20.039,-0.27794
0,-24.27,0,41.098,-7.057,1.381,0,0,-10.345,-16.955,-25.857,-47.292,1,-43.641,-26.763,48.429,28.917,-25.736,-18.063,0.33108,-1,0,0,0,0,35.616,-1,1,21.613,-19.351,45.669,-29.387,0,0,34.248
1,1,-44.634,1,-19.402,-4.175,-0.73371,21.344,-48.111,-48.94,-0.35818,46.653,-25.301,0.62890,-4.927,-19.63,8.935,1,-0.79603,42.832,-40.997,0.96601,-28.581,0.70120,-0.74896,0.61946,-5.038,-15.583,46.824,-45.391,-1,1,-31.551,-29.107,-0.76112
0,1,29.498,0.65909,-47.82,-14.338,0,0,0,0.77273,-18.192,28.018,-24.376,-14.76,22.946,-6.45,0,-22.161,-39.497,8.779,-1,1,-43.997,-23.787,0,0,0,5.81,-11.712,-0.12879,-24.886,-25.251,11.168,0,21.108
1,1,10.709,19.433,0.19310,10.325,0.41149,-10.616,37.325,0.54559,49.593,0.36705,0.81533,0.19617,-10.76,-0.04061,-34.364,-0.17241,34.085,-0.34100,11.137,-0.48199,-33.252,25.486,-17.653,-0.59234,-24.523,-0.63038,-12.786,37.457,-35.691,35.479,-32.562,23.568,-0.31954
0,1,0,-8.036,-36.169,6.266,0,1,32.295,17.853,-12.675,14.837,13.657,0,-19.11,49.988,16.658,0.67000,6.3,0.84000,-18.904,43.555,0,34.522,0,44.677,48.02,30.759,0.22000,-24.849,0,0,0,42.51,0
1,1,13.818,1,-46.067,0.91404,0.52013,0.78020,-11.783,24.393,0.84222,0.27639,0.91730,32.726,-27.989,-0.21980,-47.477,5.181,35.703,41.625,-22.255,16.776,-49.539,-0.74102,-9.925,-17.419,0.03591,23.448,3.497,-0.64962,-39.56,-45.423,-0.44505,-8.623,-0.53319
0,1,-29.957,0.91353,36.119,-0.72973,-11.032,-0.39466,-37.416,49.961,-2.084,3.231,-0.10241,-40.023,39.673,0.01401,-10.286,0.01108,30.396,-7.865,0.00097,0.00048,40.593,-0.00003,49.189,23.045,0.00002,-44.936,21.328,0,-32.34,-15.488,0,-29.672,0
1,1,0,-3.427,-6.895,0.33333,10.424,-15.326,-28.578,5.934,3.234,-2.364,45.308,16.884,-5.835,-29.835,-0.04762,49.083,18.615,0.33333,0.04762,0.30952,0,0.21429,-48.941,0.35714,-0.04762,0.067,-17.868,46.604,34.256,0.16997,-0.02034,-2.851,-0.01877
0,1,-30.772,1,-0.14754,1,10.793,-26.806,-0.01639,0.65574,0.01639,-24.756,-0.03279,0.72131,-43.545,0.68852,22.39,-46.857,-17.014,36.518,-10.186,37.663,0.03279,1,-44.039,0.31148,6.454,-20.057,44.971,33.041,45.619,0.27869,43.6,25.18,45.425
1,1,-37.368,0.98182,0,0.88627,0.03131,-24.442,0.04572,49.815,22.085,0.69091,38.117,-18.512,29.999,0.77118,-35.455,-21.646,4.386,-33.419,0.12727,-39.738,0.12608,37.2,0.13493,0.74545,-49.004,47.279,-1.178,35.767,20.244,-15.286,0.16465,22.88,0.17077
0,-43.466,-24.296,-41.392,-48.587,4.636,0.11342,-0.16628,-47.082,0.66667,-29.937,24.499,6.256,-0.67230,0.30729,-0.34797,6.931,-13.897,0.15476,0.54762,-48.333,-34.718,-31.162,-0.47651,-33.665,0.32143,0.70238,12.917,-30.032,23.667,0.39286,7.059,21.197,0.25441,-0.55837
1,1,34.75,-40.737,-0.07111,20.435,-0.02494,-47.873,-47.908,2.489,0.386,-47.602,-49.96,1,-0.07287,-20.437,24.249,40.074,3.464,0.88000,-3.661,1,45.287,-2.191,0.989,0.84444,-43.146,1,-0.14162,0.426,-0.278,1,-0.15609,1,-0.44222
0,1,21.333,0.43636,-0.12727,0.58182,-0.14545,46.542,2.796,0.34545,7.792,-5.208,-28.193,0.29091,0.29091,0.36364,-31.71,14.811,-0.01818,-12.368,-24.746,1.138,-3.38,-8.236,-13.649,0.32727,0.16364,0.41098,16.619,49.874,-36.559,0.12727,36.313,20.863,-16.539
1,3.201,0,1,-17.441,1,10.608,-19.397,-0.05660,0.62264,0,1,-0.00054,-26.408,-13.406,-0.7,-44.608,0.98878,39.838,11.803,-39.644,0.52830,5.257,-38.423,-0.00112,25.928,-49.096,6.056,38.996,-44.003,-1,1,-30.709,-44.601,-0.11321
0,1,-24.217,31.327,44.873,-0.76190,-0.23810,0.33333,-0.14286,-19.504,-22.436,24.832,6.816,0.33333,0,0.28571,-0.07143,-0.38214,6.535,0.23810,0.02381,-30.591,17.979,-12.282,-46.322,-36.355,36.212,-24.597,-21.648,30.239,7.547,-0.66667,-16.95,7.223,0.02381
1,1,20.6,-29.799,0.04167,-1.679,32.536,0.39583,-16.358,48.041,-0.06250,24.356,-48.619,30.799,0.10417,-33.734,0.02083,0.43750,22.105,0.35417,-0.22917,0.33333,36.782,46.999,-7.796,32.247,-28.158,0.44012,-42.568,-12.988,-0.08333,28.682,-14.298,0.33333,-0.06250
0,1,-47.665,25.248,-8.745,5.296,27.451,0,4.568,-2.553,0,0.47744,-40.93,14.832,0.45489,-0.95489,-24.308,0.64662,-43.485,0,0,29.501,-18.02,0.62030,0.20301,-38.975,-1,13.873,10.67,-24.27,-27.912,-26.589,0,-3.188,0
1,1,0,1.606,3.04,15.125,49.697,50.397,-20.659,0.84881,-32.056,13.226,39.81,0.77937,-13.595,4.426,0.37988,-33.255,-46.54,0.95472,0.59862,-41.915,0.44088,-35.577,0.44511,0.40440,0.44199,0.34374,-46.835,-18.832,1,0.23405,42.309,1.143,-3.497
0,1,-45.578,0.59840,2.639,-25.438,0.80521,14.612,0.70709,-43.173,-0.10984,0.97311,11.495,41.116,-0.85727,31.061,-16.452,-44.447,38.175,18.606,45.251,5.275,-0.69594,0.86670,-30.941,0.28604,-0.30063,1,-21.33,2.01,-0.119,0.87757,-39.516,-35.807,0.68822
1,37.446,23.765,42.032,0.10129,-34.173,-0.01918,40.067,0.02555,-42.871,-0.09316,0.98955,3.221,24.988,-2.752,-20.726,-19.078,1,-34.417,0.93840,-34.709,-39.594,-39.868,0.97889,-0.05318,0.91567,27.04,0.95677,-15.988,31.9,20.4,23.169,-0.10797,0.93144,-0.06888
0,1,0,29.745,-7.008,-3.696,0.85388,35.324,13.5,-11.79,-1,-24.962,0.31385,-0.26048,-0.59212,4.936,17.637,48.922,0.16391,0,30.786,47.476,3.839,-0.18043,-1,48.552,-28.011,1,0.414,0,-39.389,-33.286,4.311,-26.08,0
1,-5.622,8.456,-30.971,-28.551,-42.234,39.617,0.98658,-14.013,43.949,24.842,0.99820,-39.379,1,-0.01271,1,-0.02581,1,-18.301,41.803,0.00025,1,-7.341,-21.471,-0.04744,36.772,-2.428,0.99188,-9.614,-5.487,-0.02478,-27.829,-0.03855,-23.952,-0.04112
0,-21.355,-43.183,-37.665,-11.131,0.98919,-0.22703,0.18919,21.37,0,0,0.93243,30.124,3.882,-6.275,49.812,0.07027,-19.938,-21.247,33.173,0,-32.756,47.224,1,-24.313,0,-12.691,1,-1.528,-8.642,0,1,-39.281,-33.898,-0.15676
1,1,0,0.64122,-7.731,38.881,-28.757,0.52751,16.096,0.19512,-17.125,-22.828,-3.431,-2.711,27.359,28.259,-16.95,31.127,-37.768,0.31707,48.343,33.618,0.12195,37.977,0.05813,0.21951,12.401,0.19304,0.05641,-44.847,-3.08,13.956,0,0.17073,0.07317
0,1,-17.252,1,9.854,-44.68,-1,0,45.968,0,-6.221,1,1,1,3.585,35.528,1,21.878,-49.23,-29.056,45.136,0,0,-2.495,36.522,-11.603,47.242,9.806,-30.489,1,4.843,-31.048,34.965,0,0
1,1,10.893,0.34694,-32.629,0.46939,-41.699,9.176,-16.978,0.46939,3.578,-12.285,0.59184,15.132,45.456,2.785,0.51020,-0.06122,0.55102,-25.309,26.966,-0.28571,-2.699,-0.28571,50.289,-0.61224,-18.985,39.241,39.68,-0.59184,21.35,-30.124,0,-11.587,-0.24490
0,1,-29.202,0,-31.71,18.176,-49.96,0,40.345,0,0,15.432,1,16.883,-0.25342,1,-39.491,16.321,-1,0,43.552,43.484,-5.908,-34.055,-38.914,6.983,-26.455,1,-1,0,9.694,1,-32.619,35.178,1.744
1,1,-3.389,0.89706,-34.514,18.834,21.697,0.74265,0.67647,0.45588,-13.823,0.19118,-43.843,-0.02206,-3.538,-0.20588,-3.147,-19.409,0.67647,-6.381,41.415,47.609,48.604,-50.518,-3.706,14.016,-0.12500,34.037,0.698,-0.55147,-0.42647,-0.44118,10.729,-11.678,-0.56618
0,3.446,35.786,-1,13.051,0.22222,0.15033,14.05,-0.70984,-33.007,0.71242,-1,-16.337,17.684,5.966,20.283,-0.02614,-0.98039,-42.47,6.247,-0.54248,-16.753,-15.283,-40.187,-46.146,29.377,-0.43137,0.74385,0.09176,29.372,0.05229,-5.595,47.723,-0.40201,-31.841
1,1,47.465,14.115,-0.10000,0.53333,-45.331,-39.495,-0.13333,29.869,0.11667,6.045,-41.992,0.71667,-12.891,35.049,-19.004,26.298,10.884,0.41667,-0.01667,0.31667,48.019,-29.772,0,0.25000,0.13333,26.955,-7.598,41.31,0.03333,-36.785,1.878,11.586,-0.05000
0,-34.923,0,-0.26667,0.40000,15.168,-8.279,-0.17778,41.362,0.06192,-0.06879,-10.809,24.333,-0.00885,-44.98,-0.01586,-0.00166,36.78,18.015,38.383,-0.00153,-24.118,-37.829,33.756,42.05,-0.00069,-13.635,10.128,17.613,0.00026,-43.759,31.613,0.00015,-0.00008,30.371
1,1,-41.965,1,-8.425,30.158,41.48,0.64865,-34.251,0.86486,0.18919,-42.721,-39.753,0.51351,16.951,21.826,5.547,-46.714,-0.21622,7.354,-9.701,0.62162,-21.9,0.75676,0.13514,-37.507,3.937,0.61031,-0.22163,26.311,-20.841,0.72973,-0.59459,-11.193,-29.505
0,1,0,0.65,-8.975,43.112,-3.483,20.14,34.934,0.97266,0.01172,41.999,-0.01953,29.096,0.16406,0.384,-15.72,0.95313,-26.876,0.92188,-0.02734,-47.263,-36.858,35.793,-31.756,5.575,22.875,0.82041,-4.081,0.90234,5.252,-1,-0.245,-1,-0.34375
1,-47.701,19.497,0.95202,11.758,47.166,-0.01272,2.731,0.01214,28.448,-0.01734,0.96936,-20.819,-30.465,-40.122,-35.945,16.33,0.99480,-0.02659,1.801,16.897,0.93584,-0.04971,-4.319,-0.02370,-45.191,46.957,-12.738,-41.832,0.97399,0.01908,0.95434,-36.614,32.015,0.00809
0,1,-12.874,1,-0.05529,34.327,-1,-35.113,-35.338,0.36111,-0.22222,1,-0.25712,24.164,-6.561,1,-0.34660,37.767,-12.006,1,25.66,38.029,-25.031,1,10.206,37.027,7.66,1,-24.525,-31.362,10.202,-9.773,-0.63156,-32.813,8.857
1,-23.849,-18.063,-17.594,-0.10345,6.832,18.467,42.717,-35.627,44.541,34.468,13.054,43.518,0.01707,-0.02383,0.00741,16.643,49.991,-0.00893,-13.674,-0.00523,14.407,-0.00299,-0.00028,-0.00166,-11.288,-0.00090,-0.00025,29.759,-0.00018,48.894,-0.00012,-0.00012,6.266,47.34
0,1,-28.871,0.62745,-8.535,17.679,0,-44.303,-0.07843,-47.763,3.498,0.68627,-19.227,0.66667,-50.122,0.64706,-0.09804,-11.956,24.047,35.497,-0.21569,0.58824,33.098,-7.582,-16.946,24.367,-0.25490,-9.692,-23.147,0.56863,-39.591,-45.87,-0.21569,42.609,-0.27451
1,1,32.631,40.842,-10.085,40.229,35.57,0.19036,-44.696,21.406,-11.833,0.01070,0.14922,13.794,17.524,-15.525,0.06317,-2.418,0.03458,-7.901,-37.958,-40.016,0.00357,49.172,-32.343,-0.01097,5.517,-0.00621,-0.00586,-0.00294,-0.00520,49.906,23.041,0.00025,-0.00291
0,1,-17.845,-3.425,-29.988,3.201,0,-3.642,-29.894,0.62500,0.06250,0.18750,30.401,48.766,0.09375,-29.61,0,0.15625,10.197,0.43750,3.042,0,34.162,0,46.413,18.766,-0.622,-2.966,-6.799,4.977,0.03125,-0.03125,45.284,-48.822,0.09375
1,-4.787,0,1,6.787,1,-0.02703,17.574,35.798,0.95135,-0.01622,0.98919,-0.03243,0.98919,-20.494,46.652,-15.582,11.696,-27.288,-15.888,-10.02,1,0.06486,-29.772,37.034,0.97838,-28.676,25.674,0.01251,23.554,44.01,-42.744,45.518,1,-25.679
0,1,4.132,0.85271,-22.219,23.085,45.255,1,1,0.91473,-25.312,-46.217,0.03876,1,0.27153,1,1,21.031,-37.321,38.979,36.63,36.094,0.50670,-18.305,-36.55,30.721,0.03876,23.291,-15.177,49.86,0.06977,1,33.586,-42.545,-39.445
1,1,0,0.90374,-0.01604,24.096,-1.249,-40.785,0.01604,6.354,-29.943,0.93583,-44.482,1,0,-23.296,0.06417,8.568,0.04813,-13.447,-46.276,-29.453,5.873,0.98930,23.661,22.459,0.05348,-33.131,7.652,0.87701,46.644,-48.11,-49.141,-32.21,0.06417
0,-47.873,-0.396,-34.405,-48.15,-48.162,-41.505,0.28250,0.31750,1.934,-49.546,-3.26,-0.34617,39.298,0.27500,-31.706,0.21000,-3.278,0.23500,-0.34187,0.31408,-0.48000,-0.08000,-47.54,19.766,-0.58000,-0.24000,0.32190,-0.28475,2.941,24.634,12.126,-21.749,35.154,-43.151
1,-2.871,0,-8.254,-36.471,0.63333,3.535,0.70000,0.06667,0.70000,45.402,0.63333,-31.292,1.976,-5.499,0.73333,0,0.70000,49.629,-27.472,0.10000,0.602,-24.834,0.76667,21.333,0.63333,7.961,47.019,-16.146,0.60000,36.81,1.61,0.551,-12.098,0.16667
0,-43.947,14.611,-1.264,16.681,-44.968,0.00838,-31.143,-49.9,0.00559,-0.03911,0.01676,-0.07542,-0.00559,0.05307,39.062,-0.03352,-19.887,-39.549,-13.877,20.647,-0.04749,-39.349,9.882,-16.522,-44.543,0.00559,0.10335,-0.00838,2.231,5.179,24.972,0,-26.814,-0.03352
1,1,0,0.94653,0.28713,31.315,-21.62,0.47564,5.959,0.01267,7.852,-0.24871,0.84475,-24.693,7.249,-0.75881,-12.031,-0.66455,39.911,-20.611,36.12,-0.52475,10.835,-0.30851,24.954,-0.04119,-21.785,29.4,-0.56420,-24.478,-31.462,44.5,-13.707,-45.556,-16.962
0,1,0,0.05460,-2.248,-42.493,-30.19,-13.39,0.04598,20.523,17.94,-16.341,46.683,-34.313,30.551,-0.08333,-0.04598,28.004,6.104,22.294,0.05172,0.02011,0.02299,-48.656,-27.982,31.882,-0.00862,-35.773,0.01724,7.573,0.01149,0.02586,32.651,47.662,-0.00575
1,1,-24.594,-9.02,23.866,-1.756,0.01084,28.251,36.701,6.086,-7.973,0.78424,4.559,0.83350,-3.155,0.85123,0.01675,0.80099,-47.673,-39.248,-28.942,-17.26,11.704,0.74778,-44.43,0.72611,-25.285,-13.205,12.879,16.088,-0.05025,0.82956,0.02956,0.79015,0.00788
0,1,29.501,-33.878,0.02568,0.00428,49.567,-13.918,0.937,0.02140,-42.498,-20.899,-0.01284,-47.253,-0.02282,39.197,-0.03281,-38.022,-3.898,-0.01712,-19.7,0.02140,-31.552,49.538,-0.02282,14.24,0.01854,0.03994,-26.573,0.674,24.255,-0.02568,41.894,12.312,0.01997
1,1,0,0.47090,0.22751,-36.204,-17.0,-46.692,-25.79,38.246,18.214,-0.02116,-29.544,29.8,0.31217,-0.41270,-45.076,44.554,-0.477,-0.5,4.174,-0.14815,-36.19,-0.14815,3.322,2.003,0.00265,3.01,39.841,11.574,-0.21693,1.629,13.608,0.26720,0.04233
0,1,-19.025,-40.239,39.091,36.585,27.156,24.113,40.991,-45.452,-35.235,31.223,-0.01144,0.12357,23.842,-15.772,-0.13501,0.29062,-0.04805,-39.585,0.07323,0.11670,-40.571,0.11213,-0.00229,0.15103,-43.944,-21.416,0.01373,0.11213,-0.06636,-43.917,22.096,3.365,-2.79
1,1,47.981,4.636,-25.694,5.721,21.033,0.21572,0.77514,-0.55941,48.125,-0.73675,-33.945,-7.768,0,29.118,-28.322,-0.38391,-0.62157,30.658,-0.69287,-21.227,-0.63620,0.71481,34.947,-25.194,-39.444,-32.73,0.30384,13.956,-34.119,0.02742,-11.934,-0.21572,17.486
0,1,-7.315,24.89,1.421,43.011,-0.00846,0.02116,0.01128,-28.549,3.882,-31.937,48.553,0.01975,-43.265,-0.01975,-2.322,-0.04090,-22.444,-28.853,-0.00423,-6.578,35.786,-24.918,8.456,-3.36,-0.01269,0.01834,-0.01128,0.00564,-0.01551,-0.01693,-14.03,39.616,-6.457
1,1,-39.344,3.74,30.051,0.81927,-0.05676,0.77521,-0.04182,-0.509,-20.847,0.86258,40.937,0.88051,-11.192,0.78342,33.208,-7.804,-22.423,0.83570,-18.431,0.88125,0.01195,0.90515,0.02240,-42.386,21.405,-8.755,-6.111,-33.306,-0.06423,48.175,-39.041,-36.875,-33.848
0,-2.479,-17.247,1,-24.897,1,34.35,-1,-6.745,1,-1,1,-1,12.761,-1,-29.733,1,1,28.966,-15.95,-22.261,36.74,31.761,13.303,47.27,1,47.812,-20.133,-36.768,1,-44.021,-13.691,1,-1,-2.135
1,1,-11.603,-5.368,-45.287,0.38887,9.57,0.08858,36.954,4.159,-2.608,-0.76229,-28.556,7.923,16.169,46.383,20.568,-0.66030,-0.55262,-0.19260,-0.86063,-31.764,37.734,27.956,-3.283,0.77814,44.903,37.517,0.21343,-47.851,0.58310,0.19667,46.631,-0.11215,0.64933
0,9.768,0,-31.833,40.707,1,-24.592,-29.152,38.531,1,3.785,21.191,0.03125,-16.252,-18.21,-17.182,3.843,35.528,-1,16.01,1,1,1,11.205,-10.322,1,45.905,1,-28.489,50.963,-11.591,-0.94375,1,0,0
1,1,26.415,1,15.87,0.62745,-38.914,1.763,1,6.493,-2.227,8.871,16.472,-6.908,0.11765,42.591,-0.33333,-42.591,-0.68627,-0.23529,34.315,-26.102,-49.96,41.09,13.706,0.92157,2.913,0.92874,0.21876,17.902,0.56863,-31.475,-30.717,-0.11765,0.90196
0,41.937,0,43.484,0,-35.896,-40.724,-4.971,1,0,-11.391,-15.603,1,-28.202,49.344,1,-45.733,21.322,0,17.922,-35.055,47.222,-1,-0.061,35.716,-48.658,0.43750,-2.389,-1,0,0,-1,13.759,-4.795,1
1,1,0,0.44444,0.44444,-41.103,-4.973,35.564,1,30.044,-40.239,-46.205,-14.119,-1,-0.11111,46.697,-0.22222,-19.7,-33.477,-30.803,5.848,-0.22222,11.992,6.403,18.278,0.33333,0,-3.477,-5.328,3.02,21.917,0.22222,1,10.681,1
0,-18.937,0,0,0,-30.472,0,0,13.849,1.844,30.372,0,-37.252,0,-45.331,40.91,0,-39.828,14.807,11.169,0,-17.337,0,0,47.465,34.349,47.819,30.502,-16.707,0,-42.009,0,-7.652,-12.975,0
1,25.307,42.049,19.024,0,1,0,10.628,0.50000,0.75000,38.378,6.39,-8.279,-44.117,0.14210,16.31,-37.669,0.75000,0.25000,-23.369,18.113,0.75000,0,-34.923,-0.25000,0.5,37.281,0.73944,10.948,32.363,26.743,-10.157,30.662,0.67493,26.067
0,0,-11.706,4.601,1,1,-7.046,0,0,-42.721,-1,-8.524,-1,-12.634,-44.759,-1,5.636,-37.859,-47.039,-40.483,-1,-29.261,29.509,16.951,0,-42.965,32.757,-20.954,-1,1,1,24.726,40.407,-34.008,0
1,1,0,1,41.065,1,0,-19.944,22.99,1,41.071,-36.086,-46.382,1,-0.22222,2.162,-8.94,37.504,0,31.096,4.123,21.982,-32.215,0.66667,44.001,0.66667,4.618,-3.315,21.087,6.318,0.11111,-14.828,-0.11111,35.95,0
0,0,46.229,-36.58,0,-5.258,-0.058,31.057,0,0,0,11.736,-13.7,-1,-1,-41.816,0,-2.151,47.751,0,0,-40.092,0,-1,1,27.481,-20.824,20.497,15.334,-1,-1.296,1.803,-47.701,16.879,-26.84
1,1,-32.362,-34.227,33.782,-30.422,-34.268,37.027,8.029,10.516,-0.09091,-45.162,1.796,1,36.494,1,-0.18182,-5.45,0.09091,-35.897,0,1,-25.144,11.479,-10.682,11.709,-0.09091,24.997,-24.003,1,0.45455,1,-0.27273,-10.617,-0.18182
0,1,0,15.028,-0.63636,0,34.522,43.555,49.988,6.61,0.28788,0.42803,-13.281,-0.07576,-12.355,-17.699,0.31439,16.12,0.32955,0.12121,-18.052,18.589,48.36,37.454,-11.11,13.309,-0.27273,-35.355,-0.57576,-24.417,26.331,0.18182,-0.02273,29.93,6.174
1,1,0,48.34,0.11765,43.138,17.188,1,-12.093,24.916,0.05882,1,-8.221,-34.559,0.11765,1,-28.4,1,-48.45,-43.911,-0.11765,1,0.35294,-18.11,44.878,43.51,-0.11765,4.616,0.20225,-48.985,35.007,-7.249,33.647,25.165,-9.981
0,1,0,-32.34,0,-16.488,-0.62766,1,0.51064,-39.912,-46.535,48.189,49.546,13.946,32.041,24.045,-11.252,0,0,0.82979,-0.07979,35.053,1,0.17021,-38.68,5.523,0,-16.902,20.86,-12.256,-23.39,-1.636,18.326,-39.953,0.45745
1,-6.868,0,0.91667,5.987,47.246,45.118,34.964,0.25000,0.87500,-29.755,11.27,-29.915,4.251,0.12500,0.70833,-2.998,0.87500,-6.758,1,30.484,-2.975,18.651,0.75000,-44.769,0.83333,-0.12500,-29.307,40.647,-1.769,39.971,0.70833,0,-17.137,0.04167
0,1,0,0.18590,6.631,0,-30.772,-5.787,0,-10.014,0,-15.517,-20.58,37.107,-17.057,-0.154,0,0,-48.822,24.688,0,0,0,48.746,22.489,10.823,-27.29,16.747,-0.10897,-28.643,3.235,-25.583,45.443,0.16827,0.19551
1,1,0,39.072,45.092,1,20.104,0.99246,36.216,1,-0.33075,-39.478,-0.34281,33.571,21.819,-34.631,-16.374,35.825,44.999,0.68131,-0.63544,4.956,-38.151,0.58829,-44.293,0.67033,-44.707,49.503,-0.85669,-18.926,35.024,0.24117,43.154,-46.762,-0.89621
0,1,-25.304,1,1,21.085,-48.11,-35.1,-25.121,0.34649,0.21053,0.46053,7.678,0.22807,0.05702,-0.978,0.34649,-29.693,23.638,46.862,-41.254,-22.273,-33.189,-49.53,-0.16228,-43.466,6.901,1,4.852,1,-30.194,30.265,-14.159,0.82895,0.07895
1,1,0,40.205,0.24077,-42.184,0.00369,-30.809,22.795,0.89919,-0.23486,-33.494,-0.24077,-45.58,-48.743,4.126,-3.984,0.47194,-0.61189,-49.491,-0.55059,0.61041,-0.39328,-47.86,24.123,0.23966,-48.36,-0.104,-49.357,5.552,12.006,19.591,-0.51329,21.68,-3.657
0,-28.138,34.75,45.36,1,1,0.01,45.402,0,0,0,-20.437,-1,2.611,1,0.384,0,0.869,-1,0,0,1.176,3.469,-2.871,-35.505,-42.605,-30.292,1,35.677,-6.499,-23.801,20.333,-1,7.828,0
1,-25.861,0,25.85,-14.007,15.575,-1.5,0.87024,-9.08,10.671,4.911,21.365,-39.664,0.70302,-0.49639,0.63338,-0.49967,17.062,-0.70729,0.27070,-45.272,-19.482,-0.54172,0.33509,-16.845,0.14750,-13.367,39.091,-0.59589,-0.07162,-17.065,-0.01840,-45.487,49.454,-40.123
0,1,0,-32.043,24.505,39.332,1,7.688,-22.137,-12.482,11.813,-12.448,-45.035,0.23958,4.134,-15.902,1,44.04,0,-48.888,7.961,30.239,-30.143,0,0,-25.561,1,30.923,-1,1,-47.06,2.898,-1,0.47569,1
1,1,0,0.84177,22.769,-27.471,-21.531,0.09916,-12.47,-0.37764,6.906,-0.72363,-41.856,-31.175,36.509,-0.86709,-0.25527,-0.62869,-20.613,20.349,-36.639,0.16245,-49.484,0.51477,6.879,32.6,-24.506,0.77937,-2.183,47.39,0.42827,18.246,0.62447,30.503,28.793
0,1,11.67,1,-39.039,0,0,13.873,-1,22.877,-48.665,-27.912,33.64,-43.485,3.568,0,0,1,-1,1,-24.27,0,47.708,1,-10.745,4.296,-1,-23.594,-15.358,-19.02,-33.276,35.699,1,-13.985,-7.984
1,1,-13.938,-46.267,-37.34,1,1,30.272,50.567,27.117,1.956,-1,-41.448,0,-2.869,-21.85,1,23.248,0,-1,-27.256,40.913,-0.92536,-32.557,-0.33333,0.321,-1,-2.36,14.347,15.189,11.326,0,-1,-2.188,-0.66667
0,0,-46.948,-1,50.487,-1,-27.266,0,0,-1,1,1,-37.627,-46.401,1.235,10.415,4.703,-36.045,0,-1,1.974,-1,-32.917,-19.735,0,2.38,39.158,1,-29.083,40.197,37.227,1,46.069,-0.546,17.719
1,-42.841,0,14.852,0.06843,1,-17.194,23.169,-39.554,-43.013,-35.298,31.99,3.643,-39.571,0.48981,1,-44.988,-40.701,28.197,1,0,1,40.004,1,-20.501,42.073,1,31.141,25.008,5.29,0.25000,1,24.765,1,1
0,0,0,-1,12.5,-7.008,29.745,-15.918,-21.726,0,-34.365,0,36.446,-12.478,0,-18.025,-1,-34.724,3.693,-1,-1,-39.389,20.387,1,-1.721,1,15.981,1,-27.08,-33.331,35.324,0,5.239,-25.933,0
1,1,-28.011,-5.807,24.791,0.58264,3.695,-0.13129,-32.154,-22.173,35.856,48.362,-0.26339,0.28931,-0.31997,-13.971,39.419,0.20269,-3.654,0.15196,-0.29052,-2.287,-0.31525,30.851,1.146,0.03004,47.224,-28.561,48.32,-0.02612,-25.147,-7.362,8.266,0.01336,-0.27201
0,1,47.435,0,21.424,-8.642,-43.234,0,0,0,33.173,-5.622,40.484,0.16667,-10.87,30.051,-20.938,0,-18.289,2.882,-39.344,42.772,-34.406,-0.16667,0.90625,-38.665,-28.329,-9.538,-0.602,-33.985,-1,-0.12500,-0.27083,-0.19792,-0.93750
1,49.812,-6.075,-2.479,-3.084,0.99363,13.862,-16.285,0.14756,0.95513,-45.286,-20.473,-28.186,0.80426,0.25283,-23.159,-16.676,-37.1,0.28714,0.59615,0.29304,0.52494,0.29200,-12.236,-22.071,-42.792,0.27226,0.32930,0.25553,0.27381,-38.786,-7.521,30.975,-23.08,48.46
0,1,27.966,46.968,37.644,-1,26.31,-7.221,-1,48.242,12.621,0.81349,0.76190,-1,-4.495,-3.93,1,-28.582,36.965,17.061,1,0.68839,7.806,-1,32.35,-44.85,-31.683,1,37.8,39.539,0.50794,3.585,-0.32540,-49.23,0.72831
1,-16.182,-19.21,0.93669,-0.00190,-11.983,9.286,0.92314,-0.40129,-10.672,8.936,0.96197,-17.161,46.133,34.61,0.91586,0.05097,-28.643,-0.25324,0.87379,14.865,4.692,0.26133,21.629,-0.03641,45.75,-11.348,0.87293,-0.02302,22.152,-29.683,50.746,-0.10194,11.751,39.56
0,-30.71,0,-40.944,14.321,1,1,27.415,1,1,-32.119,-25.455,16.883,3.785,1,40.531,1,-32.833,0,-24.105,1,4.129,7.983,41.345,34.178,44.552,18.176,1,0.62500,1,13.682,-0.75000,1,-47.96,-2.148
1,1,-3.389,2.744,-39.494,-43.733,-0.78509,-28.202,-0.10401,1,-34.742,1,0.27820,-4.927,43.415,1,17.988,-10.433,40.747,10.53,-0.15633,0.97400,21.359,49.34,14.851,1,-0.01253,1.902,48.176,-3.059,0.03885,-38.914,-35.192,0.96523,-0.11717
0,1,-5.778,0.36876,-4.795,-42.128,-1,-0.07661,48.697,-4.881,0.95041,-18.288,-4.786,-1,20.28,12.673,1,0.48684,6.091,-49.34,2.171,-32.843,-41.842,-14.722,6.917,0.03021,35.852,-14.418,-0.01186,-0.00403,-0.01672,-0.00761,34.717,11.237,0.00325
1,1,0,-16.539,0.38265,0.80804,-0.16964,1,-37.328,0.98151,40.836,0.70217,-18.73,48.817,0.02105,0.98214,11.194,30.502,-45.462,19.457,-39.751,48.465,14.808,0.90306,14.157,-6.652,-45.35,1,30.368,31.133,0.07908,2.844,-16.894,-30.359,-0.05740
0,-37.832,0,24.307,-35.923,-45.008,10.684,18.024,0,31.613,0,34.349,42.049,1,1,1,-23.119,-29.472,24.765,0,17.613,-9.853,1,16.441,-1,27.493,1,-11.975,0,-41.009,1,1,4.478,10.128,0
1,1,-43.759,1,-0.28428,-40.965,-0.25346,-7.454,-0.35094,1,-0.30566,0.92736,29.018,0.90818,36.339,-33.251,-0.58899,42.104,-0.58019,-7.45,-38.434,6.286,-0.70975,-11.161,-47.912,34.249,-10.257,0.35504,29.611,38.642,-14.417,-21.788,5.904,17.091,-0.70000
0,-3.219,0,0,41.065,-36.975,0,0,0,4.468,-30.261,-39.483,41.182,1,-1,0,-46.271,-21.611,-44.721,-9.94,3.234,22.205,0.384,25.126,-1,37.726,1,-1,34.75,22.14,3.618,0,1,22.879,0
1,1,19.497,0.942,-15.625,0.95455,-0.09091,-2.378,0,1,0,0.95455,-40.092,-12.7,0.04545,-19.915,16.833,1,-5.258,0.704,0,31.92,-36.489,30.868,0.09091,-47.792,-26.795,47.144,44.141,-31.149,0.09091,0.86364,16.243,47.865,0.04545
0,0,-41.816,-33.813,0,9.479,10.516,-5.45,-23.781,10.736,-1,0,1.796,-36.227,-1,-1,-0.31250,-1,-1,1,-11.773,11.709,26.481,36.027,0,1.803,6.938,-1,-1,-46.162,-36.897,-22.954,-32.422,0,36.767
1,-23.849,0,0.91176,-0.08824,-31.392,24.173,30.583,-12.786,0.91176,-0.02941,0.97059,-0.17647,0.97059,49.041,-10.347,-17.875,7.266,18.57,27.088,0,-10.852,-17.945,0.88235,38.059,0.85294,33.357,0.92663,50.014,0.94118,-0.11765,-34.642,13.076,-12.763,16.717
0,1,0,33.948,-34.559,-1,44.619,47.624,-43.911,41.51,1,-13.505,-1,1,1,-1,-0.23476,17.236,23.165,7.59,1,3.302,41.138,22.916,-1,34.295,-9.456,-20.11,14.371,1,-1,33.522,-0.32317,43.705,-27.871
1,1,0,49.663,-0.10526,0.83781,21.346,-9.421,23.071,0.68421,-22.953,6.207,-39.992,-47.592,0.05028,-11.249,0.05756,-45.459,14.292,-1.381,0.05263,0.72550,-15.411,0.70301,0.08141,0.42105,0.21053,-49.331,-8.159,-9.69,-39.488,18.023,-16.615,33.205,0.09719
0,1,0,-0.00641,-0.5,0,-7.868,-3.661,1,0,0,0,39.763,-6.799,0,-29.672,0,-32.34,49.907,0.31410,11.283,-45.289,-29.213,33.909,29.593,45.284,-2.769,39.977,-38.486,35.303,0,18.734,5.696,3.417,0
1,1,46.413,1,37.446,17.574,0.54545,11.562,0.63636,1,45.4,-14.517,-48.822,49.616,-0.608,0.63636,-28.495,1,-0.63636,1,-3.27,-15.958,2.684,1,0.07750,1,-30.236,-16.845,0.08867,-29.772,-5.424,-24.609,-26.743,25.416,0.27273
0,0,0,-1,-44.744,1,-1,37.072,1,0,0,46.652,35.514,1,-16.893,-37.368,35.863,-35.55,22.554,-43.545,-10.014,3.132,7.798,1,44.174,-48.054,45.043,-39.445,1,32.713,-20.58,1,0.5,20.217,0
1,1,-14.361,-18.851,30.005,0.63636,0.09091,0.27273,0.18182,0.63636,0,-30.057,48.924,22.746,-0.09091,-41.299,-0.01343,-48.595,-33.371,-0.874,-29.948,-21.91,-0.09091,46.906,0.18182,-48.747,-34.191,0.34442,-0.01768,-25.032,35.094,6.215,-44.466,0.28985,22.067
0,1,0,-35.2,18.838,0,0,-1,-30.966,-0.87097,8.608,24.449,0,21.496,3.411,0,-0.396,-49.896,23.096,0,5.424,22.677,-1,-46.318,-48.392,-48.575,-24.062,1,-2.675,7.568,0,-43.182,0,0,12.397
1,2.01,0.384,2.611,45.545,35.75,0.71429,-47.438,0.71429,1,-4.013,0.85714,39.063,1,-31.266,1,0,0.298,7.685,1,21.369,-46.839,-21.722,-40.605,0,0.28571,-3.909,1,0.04891,47.36,0.05182,-35.505,-24.23,2.176,0
0,3.469,-8.854,1,-38.374,37.677,-1,1,21.572,-12.813,-38.644,15.611,17.689,1,-45.947,1,-4.499,-0.323,4.181,-11.731,-1,50.529,1,1,1,10.854,-17.516,-15.248,1,-27.138,-43.551,1,1,1,1
1,-25.861,11.275,-20.267,40.309,0.53945,25.749,0.10380,26.458,-20.268,0.87916,-25.585,0.58226,-50.809,30.757,-0.82417,-17.152,43.446,4.501,-12.689,-0.82881,0.18823,-0.78699,2.716,-31.717,0.69274,-13.73,0.69097,0.10484,0.52798,0.39762,-44.775,39.563,6.893,0.57552
0,0,29.239,29.099,-1,-18.956,1,1,5.688,-45.06,1,31.508,-28.971,-30.043,-1,1,-1,47.749,1,1,-23.217,18.931,1,-21.293,30.851,-34.782,21.6,1,-29.236,7.024,37.315,1,8.547,-12.405,-1
1,-6.984,11.67,0.92657,-2.221,-33.383,47.866,-39.178,0.19791,-13.148,37.064,24.683,0.40198,0.76221,0.40552,-24.604,0.48360,0.60101,0.51752,0.53392,-41.946,33.124,-15.816,5.721,0.55684,-24.261,0.55274,-48.349,5.111,0.22307,0.53448,-44.342,22.825,0.11573,-28.447
0,0,15.347,1,1,28.451,48.567,-25.589,28.501,13.326,1,0.654,0,-41.448,-1,14.189,-2.553,-3.188,-18.02,0,0,-1,1.956,1,25.248,0,-37.975,-8.745,1,0,12.873,-32.557,-1,-47.665,-47.267
1,40.197,2.235,0.93537,42.049,-2.932,0.25359,2.237,-20.463,-35.837,-35.573,0.72352,0.59942,-19.083,-13.188,0.50830,-46.213,0.41629,-33.089,3.958,0.85952,0.13712,0.85615,-30.078,0.88869,11.341,0.79780,2.764,40.938,-0.33169,50.201,37.842,0.64363,-0.47419,18.278
0,3.248,4.29,-44.401,29.99,-1,1,-41.326,23.169,-43.013,1,-25.266,14.852,29.141,-46.578,40.073,38.084,1,1,1,-1,-1,-1,-1,-1,-20.501,-0.546,1,-40.775,-42.841,-1,-18.336,1,44.069,-39.571
1,30.745,0,28.003,0.13069,0.73061,-21.483,0.64615,-18.835,-34.355,-25.624,24.213,0.46439,0.25000,-34.6,-25.681,0.37115,13.653,-6.489,3.594,0.57500,-39.424,24.437,-0.08856,36.89,-33.48,0.40006,-16.118,-34.016,-0.23832,-2.426,-0.26634,0.23896,-0.23846,20.699
0,0,-22.471,1,-1,1,1,1,-1,25.87,48.981,1,-15.006,31.786,40.609,2.414,4.239,36.324,46.476,49.552,1,-23.936,4.839,-11.478,-1,1,-1,1,-3.382,1,36.812,-2.36,15.981,-30.94,-27.011
1,1,-28.829,-10.156,0.13082,-5.516,0.20036,9.344,0.32248,0.89009,-8.314,-6.459,0.45217,-27.837,0.52284,3.582,0.58820,41.403,-5.953,0.48869,-42.53,-33.313,43.652,-20.585,-0.596,-39.076,0.76210,0.16813,-17.504,21.499,-36.861,-0.02962,-8.802,-0.10289,0.74242
0,-21.133,0,0,0,1,1,-12.691,-16.95,1,-22.261,-6.075,0,1,32.173,47.435,-22.355,0,-39.021,-3.135,-34.187,30.051,-37.768,0,0,-23.897,0,49.27,-18.247,-7.745,30.761,-44.183,1,48.812,0
1,1,-28.733,0.92308,13.916,-44.816,-3.197,37.525,0.36790,0.70588,46.536,0.57449,0.62719,0.43270,13.05,0.31705,0.67697,-44.83,-28.287,0.04686,39.301,-3.051,-5.451,15.876,28.023,-0.29291,34.007,37.352,0.58553,-48.698,28.468,-0.53146,-3.071,4.023,0.35095
0,0,10.893,0,0,1,1,-16.182,46.136,15.01,-17.252,0,0,34.965,33.528,39.707,3.843,7.806,-1,0,0,0,-29.777,1,-10.603,49.963,0,-11.591,-18.21,-32.048,20.878,-30.489,9.854,47.242,0
1,1,40.345,-31.945,0.38138,0.65926,7.678,0.29148,0.87892,-0.06726,0.90135,2.733,27.219,38.885,9.333,-0.82960,0.26906,-49.749,-0.08205,13.804,-42.253,15.417,-0.55605,-3.313,2.142,0.09562,44.294,-11.018,34.694,-24.672,-0.29838,-31.24,21.072,15.742,0.12556
0,0,0,-38.914,-1,1,-38.724,1,44.484,41.937,1,1,1,1.939,-1,49.222,-2.389,-34.055,-4.908,2.744,8.694,44.552,-1,1,-30.202,-2.971,-27.455,-10.391,1,18.176,-35.896,-30.619,22.322,1,1
1,1,0,0.73523,-14.985,-40.838,6.951,0.78826,0.15266,18.478,11.289,1,-4.186,6.345,0.28954,-5.09,48.026,-3.298,-49.485,0.64333,48.316,-32.125,35.141,-13.921,0.44872,-4.935,-44.157,15.201,0.48200,2.571,1,0.35070,0.49721,-18.728,0.49831
0,-16.707,0,0,35.786,30.372,0,0,12.769,30.377,0,18.501,0,-7.652,29.502,-37.252,-18.937,0,21.073,-31.359,0,40.91,0,0,14.807,0,0,-44.205,1,47.819,0,-41.128,47.465,-45.331,-17.337
1,1,0,11.63,0.00892,0.97287,34.346,6.468,18.027,0.95801,0.01598,-41.068,0.03530,11.1,0.04719,26.751,0.01858,-38.885,-35.851,-23.133,26.486,12.147,-10.803,0.96358,13.92,0.93274,-37.751,2.797,0.04356,0.97473,17.621,16.419,-12.904,-29.472,-0.00260
0,0,33.757,42.407,-7.4,-1,-38.859,-1,-1,0,-8.046,42.049,0,30.613,-1,0,30.371,36.781,0,24.307,0,-14.634,-42.759,-33.008,6.601,16.951,38.378,-8.524,-1,6.636,-45.008,-1,-12.706,-1,-1
1,-7.94,0,0.50466,41.013,0.71442,36.742,-46.328,-20.588,0.68065,29.522,0.34615,0.05594,0.69050,0.04393,0.68101,5.369,-38.813,0.05692,0.63403,-43.768,-21.309,0.06856,-36.344,21.278,-41.125,-4.038,23.478,-29.178,5.0,35.017,26.291,4.325,0.54632,0.09346
0,32.057,0,-31.417,-45.271,0.91973,-27.601,0.81773,0.04348,-4.497,19.604,0.86789,0.73746,0.70067,0.18227,44.871,1.521,-35.645,20.889,0.65,-39.904,-48.052,30.342,-2.549,0.77425,1,-0.53846,17.227,41.288,0.415,-15.178,1,46.163,0.56522,0.23913
1,-45.162,0,-12.937,-0.07778,12.736,-31.718,1,-0.85741,-20.024,-41.755,-23.498,-0.42778,-9.773,-35.353,10.516,-0.83519,0.49259,0.821,47.824,-0.05926,8.92,-0.19938,37.027,-36.677,2.492,27.216,0.92148,-6.696,0.78889,0.02037,0.87492,16.608,-23.781,-0.57037
0,37.767,0,-17.678,49.049,0.41245,0.07393,26.353,0.24125,0.23346,24.129,-35.418,0.25292,-11.372,-33.444,0.08949,0.22957,-32.401,0.36965,-12.824,38.278,16.907,0.09728,50.066,11.009,-0.02494,0.28482,-17.964,18.833,-11.436,-24.701,-0.09339,33.638,-0.19066,10.767
1,1,13.017,43.085,-19.141,0.75198,-0.05357,0.61508,-0.01190,17.493,33.328,0.61706,6.69,0.59127,44.443,35.575,0.01190,6.974,0.02579,0.60317,0.01587,24.394,-12.533,0.59127,0.03770,30.259,47.38,-34.946,42.126,44.172,-13.81,15.095,-0.01389,35.147,-8.488
0,50.189,0,0.06404,-0.15271,-0.04433,0.05911,-28.787,-0.02463,-22.915,-44.723,0.06404,0,-46.178,-8.347,13.877,0,-2.361,3.587,-48.519,-10.459,-10.147,0.01478,-49.916,24.195,32.71,-16.548,21.609,-0.04926,5.463,-0.09360,-39.233,0.05419,17.496,-0.10837
1,1,0,-11.414,-2.66,23.752,34.186,0.70358,0.01678,41.335,-29.955,0.71029,-7.711,-37.257,-0.00224,0.79754,0.06600,-14.651,-0.16555,11.04,-29.763,0.62528,39.749,0.60962,0.11745,-44.224,30.306,-6.101,35.287,-39.359,49.955,4.206,-0.05145,-31.688,-0.04698
0,1,0,45.538,0.35949,-48.822,0,-31.068,-1,46.413,0,0.07595,-0.07342,0,48.797,0,0,-30.145,3.139,16.574,-2.998,0.00759,-14.836,-28.968,-3.305,-25.712,19.091,0.05570,-17.867,-0.154,45.491,5.759,-6.787,-17.845,0
1,-9.014,0,-39.564,22.546,0.89818,-0.02465,-46.113,-0.01822,46.543,-27.507,-42.922,-0.10932,11.633,32.725,0.90782,45.037,0.87138,43.982,-42.637,-35.574,7.678,-0.14577,25.517,-0.12433,36.764,-0.19507,-15.01,-20.729,0.84352,-0.12862,21.101,-0.18542,37.909,-0.16827
0,1,4.132,35.521,36.014,-34.1,-25.304,49.015,0,-32.724,22.802,0.58958,38.093,29.915,-19.305,-14.361,-37.368,0.16458,-0.45417,-48.519,-0.18333,0,0,0,22.085,47.621,5.443,-1,-2.329,-49.511,-0.75625,-22.273,0,0,0
1,1,-3.191,13.286,-29.932,-45.398,0.01305,0.92442,0.01359,-40.893,5.322,8.509,-0.08428,24.026,-0.01033,-23.365,-48.481,-29.56,-43.233,8.462,-49.936,0.88418,-44.587,0.88907,-0.11909,-30.781,-0.537,-33.335,-0.11808,0.85536,-0.13051,22.331,-0.12452,24.545,-0.12235
0,-30.292,-24.801,0,0.384,4.411,0.12889,-2.738,45.382,0,0,-46.839,-0.42444,1,24.645,-20.437,-0.05333,0.869,-0.81556,7.828,34.75,1,-48.478,1,19.248,39.205,0,2.176,-1,-3.871,-41.605,1,-48.756,2.518,-0.09556
1,1,-16.248,0.81143,0.03714,-11.88,-16.518,-4.709,0.00714,-38.579,46.317,-12.937,0,1.866,-0.06714,21.436,0.00286,-43.723,-8.908,0.81000,3.35,22.102,14.526,0.84286,-0.05000,0.77000,-28.207,50.345,-0.08669,0.82571,36.573,17.503,-36.555,10.675,-0.15143
0,1,0,0,0,5.181,-21.137,0,0,2.201,11.275,0,-24.846,-32.143,-0.323,-44.035,40.391,24.928,0,-13.482,-26.861,30.589,38.998,0,6.961,0,-49.888,6.134,-18.887,0,-39.644,-44.947,0,0,0
1,18.931,44.04,-45.561,0.01818,-23.785,-0.09610,0.50649,28.057,31.009,0.09610,0.44675,0.05974,21.159,6.569,0.51688,-0.03636,0.52727,-22.352,6.577,-0.01039,25.991,29.206,-12.914,-0.01039,-19.364,-12.448,0.53215,7.515,0.43117,-35.748,-30.498,-0.05455,-16.313,36.229
0,0,-27.971,0,0,31.851,0,-48.619,-7.984,-2.262,0,-24.594,23.877,-34.276,0,0,46.749,-42.468,-44.485,0,0,22.334,4.568,-16.358,32.64,36.699,0,1,4.296,-30.236,0,0,-13.985,0,47.708
1,50.567,0.956,-27.912,-37.475,28.451,0.25000,15.597,1,-2.384,-41.536,-0.13336,-25.785,-3.529,-9.137,-0.43820,29.879,-0.43663,24.415,-0.36676,-25.263,-0.26477,-47.357,-0.16178,-40.169,-0.07782,11.543,-0.02089,-0.10242,-18.01,-47.735,12.895,-0.04142,0.02249,-0.02017
0,1,2.974,0,0,3.703,0,50.487,1,-20.735,-34.917,0.654,2.235,-2.869,41.802,11.415,0,-36.045,0,-14.938,-30.557,-45.948,1,1,-21.85,39.197,1.38,1,-1,0,0,12.326,-36.627,15.189,1
1,1,-43.841,0.87048,-21.121,38.868,40.85,-43.699,0.86625,30.102,0.90740,-0.968,0.79346,40.368,0.51560,-0.81049,0.22735,44.258,-39.9,-0.67474,-0.38102,13.468,17.091,-26.396,-46.285,-29.928,-0.66421,-39.941,-0.51568,-16.81,3.991,-44.839,-40.63,0.51460,0.16645
0,-14.918,-34.724,-21.726,0,-39.389,30.99,0,39.084,26.197,1,0,0,1,-34.8,13.38,23.645,20.387,0,28.745,-1,22.169,0,-33.365,2.248,-7.008,36.446,1,-18.798,0,0,-2.721,0,0,24.008
1,-25.08,0,-11.597,-32.896,4.434,-1.606,47.672,25.816,-28.252,0.92544,35.186,0.71257,0.55,-25.596,-0.92384,-0.05338,-0.77356,-0.44707,4.769,34.591,3.59,-0.82217,-31.676,-0.77570,-2.8,-0.55910,49.273,-0.24433,48.705,30.882,17.562,0.38915,0.34749,0.57656
1,43.97,0,-9.251,0.02520,-39.192,0.21278,0.14919,0.74003,-43.491,-5.533,8.353,-18.095,-9.255,-10.873,-0.94053,-24.99,-0.13117,-28.703,-0.30315,39.163,-7.429,-0.85597,-6.595,-14.233,0.27942,-22.534,0.33737,-28.948,-20.661,-0.11409,0.15078,40.951,21.546,0.20468
1,1,-1.352,0.83427,-38.63,0.54040,-36.88,-5.951,-36.874,-0.33221,-23.061,32.472,49.407,-0.86622,-22.136,-0.84442,-23.503,-0.59714,46.816,2.689,-0.87787,0.12439,-0.89064,0.51109,29.326,-16.455,-0.27734,-20.303,-33.669,-42.517,-33.696,0.37542,31.461,-12.731,0.79444
1,14.761,-29.056,5.208,-0.03490,0.59085,0.00481,-2.531,-0.07461,-2.847,38.549,0.62455,27.235,0.67028,28.039,0.62936,33.266,48.945,16.152,0.67148,0,-2.341,12.404,-44.52,37.771,-28.073,-6.08,0.60463,-7.725,-16.436,0.04452,0.61733,-0.00963,-47.616,-0.09146
1,1,3.843,50.707,39.683,0.70772,-19.177,-16.529,36.969,0.79228,0.07721,0.81434,-31.609,0.63787,0.00551,21.586,-45.463,-11.591,45.197,0.61029,0.05147,9.528,8.848,47.762,-3.745,0.72978,34.37,-28.872,36.037,0.30882,46.055,0.55916,0.07458,0.60294,-11.386
1,1,6.983,-41.329,-11.133,0.78157,0.01780,15.207,-48.933,45.556,-17.285,9.543,0.08000,15.749,0.05060,-30.987,0.05776,0.68615,-32.922,11.51,0.16308,0.66233,0.07573,27.053,-25.024,40.133,-29.849,3.373,0.08767,0.55077,0.25692,3.663,21.258,0.50609,-3.055
1,1,0,-5.225,15.375,10.542,0.00202,-39.07,0.00301,0.84300,1.843,0.75813,-39.683,1.758,17.182,44.359,-26.448,0.80622,-0.12447,0.77935,-0.03536,-34.291,15.892,35.924,-31.609,-28.406,-0.04243,41.053,0.01096,0.62235,41.053,44.15,-34.884,-3.326,0.01227
1,-4.778,-14.603,0.5,0,0.38696,11.341,0.49130,-41.575,-44.263,-0.03913,-3.032,34.59,-49.201,0.04783,15.263,0.02609,-4.042,0.19565,48.644,-18.886,-14.031,-0.02609,0.32174,-11.504,0.47391,21.313,18.34,0.06908,0.38696,-3.755,0.35217,-5.733,48.792,5.8
1,1,0,3.244,12.864,48.478,-44.998,0.71628,-17.056,31.065,0.41252,0.65917,15.308,19.08,48.428,0.49210,21.658,0.33354,31.055,-18.641,-40.493,35.882,0.68104,-31.338,0.72236,-0.08748,0.63183,-0.11925,7.455,-0.18226,-16.147,40.655,0.51701,-32.973,-44.906
1,1,-30.472,-36.252,10.782,1,0.25101,-6.668,29.832,18.417,11.699,-12.225,27.096,-41.44,-35.203,26.318,6.219,0.29452,-39.006,0.21137,0.79777,18.121,0.82162,-0.01734,2.643,-0.15144,48.221,15.213,0.69187,34.031,0.60948,-0.40291,14.394,-0.42815,0.44534
1,1,-11.706,25.201,-8.266,0.87001,0.31543,-44.219,0.43388,0.63388,-37.232,-13.094,0.71016,0.39699,-10.092,-23.876,0.79523,-43.668,42.845,-0.09159,31.134,-0.20201,39.047,9.825,0.62610,16.545,32.118,6.173,0.40753,36.277,34.03,-0.52823,41.599,-34.496,0.05972
1,-42.721,-8.94,6.547,-39.308,-36.949,-36.644,0.85096,0.49960,0.73678,-46.4,0.59215,-21.216,21.692,0.83614,-7.742,-28.355,0.17959,42.117,-0.00701,0.93109,-0.18880,0.89383,-0.33023,-8.699,25.261,0.76482,34.364,-19.947,-0.67929,0.52564,-42.719,29.934,3.806,4.495
1,1,-5.258,0.91767,0.18198,0.86090,44.467,20.225,0.45747,30.7,-35.881,0.50376,-2.402,0.303,-45.453,-31.947,2.22,-4.215,0.85210,-0.16390,17.113,-0.35996,0.76193,-0.43087,23.533,-27.372,0.53886,40.462,-15.307,36.081,5.592,-0.65710,0.13667,20.499,-0.242
1,47.229,-31.422,-23.188,0.21106,-45.523,-48.32,0.48409,-13.175,27.631,0.22273,0.13753,-41.22,30.979,-39.646,-10.773,8.425,16.604,0.42014,-0.56136,0.36818,46.635,0.992,-0.40533,0.07588,1.411,11.703,-6.79,-0.12486,-37.173,-0.19714,-0.19962,-21.071,-0.11894,-0.27218
1,1,0,-12.285,-0.60927,0.85430,-11.064,-34.416,-32.29,0.56623,0.16225,36.355,0.24172,0.50331,0.12252,37.406,24.196,0.71854,-17.636,0.54305,-35.474,49.546,0.27815,0.68874,18.643,38.548,-24.514,11.199,9.793,33.789,10.765,-10.853,-33.52,26.497,0.29942
1,1,14.407,1,0.11385,17.358,12.896,-17.088,43.652,0.71157,0.01139,0.56167,6.513,17.644,44.592,0.58634,42.55,-7.925,-0.03416,30.454,34.691,0.72676,47.412,50.309,0.05882,-18.576,33.668,0.49090,6.445,-24.697,-13.351,0.44141,-35.37,0.56167,0.15180
1,1,-16.711,-49.136,3.684,35.754,-0.02299,0.77031,-0.03299,0.66725,13.752,0.59582,-0.07666,24.589,-0.05771,6.165,-12.569,-7.857,32.676,-22.188,0.01394,0.55970,-0.08039,-28.337,-44.995,-38.807,23.937,17.908,-46.392,42.664,-0.08537,0.44277,-10.313,-47.969,-0.09808
1,1,-12.032,1,0.08013,40.73,-29.677,0.96683,21.321,0.87980,-0.03923,1,-2.367,24.007,3.403,0.95947,-44.953,-6.883,30.411,-14.576,-0.08848,0.95016,-0.02364,-39.045,-32.366,-28.975,0.02003,50.127,49.877,-36.973,-0.05843,-9.324,35.269,0.92226,40.555
1,1,-15.517,0.47938,-2.892,45.712,-0.12371,-2.941,-18.237,0.73196,-28.696,0.26289,2.922,0.49485,18.894,-48.369,-6.918,34.678,46.475,-29.645,-0.27320,0.54639,0.18557,0.42268,-0.071,0.70619,0.19588,0.53396,5.571,16.729,48.535,-5.313,0.04124,10.807,-3.513
1,1,0,-19.945,-0.04388,0.76530,0.02968,-30.157,7.158,-9.361,24.684,33.355,0.08314,0.79446,-0.43418,11.469,0.54965,45.77,44.181,0.63510,0.21940,-26.747,-0.25404,36.572,0.15359,46.298,0.23095,-43.057,37.168,-24.992,45.567,-16.204,-43.347,23.245,-46.687
1,1,-15.893,22.587,22.255,-34.939,0.01348,35.683,-49.216,0.58876,-40.42,-21.606,-1.333,0.71685,-0.04719,20.882,4.141,0.57303,36.539,0.64719,29.84,49.584,0.14157,0.57528,-34.136,0.46517,-25.255,-36.802,0.00824,38.548,-0.03596,0.54607,46.739,-18.699,-0.08090
1,1,-30.421,6.567,-0.00647,0.66667,-0.04207,-23.665,-34.252,0.77994,-33.108,-41.112,7.705,-30.964,0.15858,6.026,21.477,-48.567,7.523,-47.923,-44.566,0.64725,-46.17,-29.557,0.21683,23.62,-0.05502,0.45105,-14.361,0.31392,12.329,0.49191,-0.10680,0.30421,23.625
1,1,0,0.68148,34.854,-40.835,45.437,-2.539,0.08148,0.214,-0.00494,20.225,0.11852,2.209,-3.573,4.036,-43.086,0.78272,-0.17531,0.73827,-21.545,39.692,-48.428,0.60988,0.466,0.66667,-0.12840,0.63773,24.425,-49.131,-0.109,1.788,-48.945,-47.325,-0.04691
1,1,-16.248,21.179,-5.526,-13.142,0.04068,21.862,16.645,-36.0,0.03729,47.065,36.599,0.57966,-3.891,-30.759,0.07797,-12.091,-24.682,0.56949,3.445,0.53220,49.536,0.71525,-0.03390,0.52881,-0.03390,1.583,0.00750,8.414,-0.00339,-27.548,-8.881,15.112,0.06780
1,1,-1.323,0.49515,0.09709,-13.185,-44.493,-30.793,-16.516,0.57282,-0.02427,0.58252,-19.863,0.33495,39.888,-26.337,0.00485,-49.418,24.821,2.633,-39.64,5.531,9.912,5.323,11.532,-39.064,-0.15049,0.36547,39.036,0.39320,0.17476,0.26214,0,-44.573,-45.054
1,1,0,0.98822,6.71,0.93102,0.34100,6.863,0.35222,0.74706,-19.467,-35.046,31.108,-21.742,-23.615,-30.612,18.594,36.633,-16.198,-12.165,0.68873,29.315,0.73696,-24.782,44.753,-21.302,8.245,25.34,0.60510,-0.16209,0.55805,-46.407,7.403,-0.33483,0.37465
1,1,0,-29.257,0.15810,0.90112,-48.267,-7.163,21.086,48.426,0.64888,22.922,0.73743,30.911,37.531,-16.106,0.84804,-13.358,47.604,27.977,-33.478,-0.26180,0.80754,-0.37835,0.71676,23.367,33.223,-0.57587,32.311,-0.61899,-42.16,-28.628,-2.079,-0.64134,-13.955
1,1,11.67,-36.978,4.785,0.91966,0.47030,-43.716,0.62415,15.88,0.78120,0.36774,-8.862,0.10107,0.83312,-24.662,-24.377,-3.47,28.171,-40.476,0.61688,-3.11,-26.108,12.223,0.35534,23.601,-28.753,-48.332,0.02277,-0.64872,-18.154,28.955,-0.22949,-0.47201,4.945
1,1,-33.917,-18.792,3.903,50.448,-42.04,0.80514,0.56569,0.56687,-30.848,-46.848,-35.212,0.14939,0.89489,0.05167,13.263,-0.24742,40.036,-4.297,0.75554,-21.353,-46.323,41.258,50.071,-0.68851,14.498,-0.77097,-13.782,-0.75406,2.93,-0.75199,0.777,-0.66932,0.311
1,12.415,38.227,0.93972,40.439,0.80486,4.818,0.58167,0.186,0.34961,3.041,0.10797,0.90403,-40.526,-43.12,-0.39730,0.82163,-0.58835,-20.872,-46.341,0.40368,-0.81262,-45.212,-37.44,30.098,-0.75273,-17.605,44.437,17.255,13.387,0.765,-0.26389,-30.792,-26.355,-0.71273
1,28.197,0,-1.823,24.36,31.663,-34.102,3.687,0.94353,36.409,0.80510,38.855,0.75334,-0.25137,0.48816,-0.57377,-34.889,-41.238,0.10591,-19.499,-0.06193,-0.81056,20.327,-16.25,23.289,40.944,-40.311,-21.655,-0.51925,0.24321,-0.43478,-33.999,-44.141,22.597,0.13297
1,-24.933,0,0.29073,0.10025,-39.156,29.918,0.03759,0.34336,0.12030,3.956,5.302,13.713,-0.04725,-33.203,47.917,47.555,3.775,17.022,-12.533,0.01408,1.373,-0.00280,-28.04,30.774,-0.01755,48.537,-7.017,-0.01475,-0.00280,35.311,0.00096,-26.089,0.00290,-3.366
1,-30.94,-28.829,-1.798,8.1,-42.234,0.35338,0.75376,-7.32,0.82519,0.19361,-5.955,39.332,-38.685,43.034,-17.592,-28.413,25.594,-0.42669,0.76128,-9.534,-5.953,0.20489,0.84774,35.402,-13.357,-0.04699,0.56836,-0.10571,0.52820,-0.13346,40.974,-25.058,-22.023,-0.10309
1,1,48.812,-7.805,0.13215,30.772,-6.014,3.54,0.08315,0.23888,21.554,0.43837,-42.979,-38.527,0.12686,0.44747,-33.621,-10.837,0.02922,0.48158,-34.03,-20.609,-22.209,47.73,-20.987,0.26436,0.14530,0.23641,-1.209,-12.427,33.335,-23.709,0.13632,-37.499,0.13198
1,1,0,0.94080,-44.902,0.85738,0.01038,0.85124,27.325,0.76966,16.058,-2.086,12.413,31.594,-7.715,-16.123,0.03506,-37.019,48.289,0.80019,27.99,14.57,38.588,38.542,33.404,-22.488,-3.457,0.79058,0.06235,-2.276,0.09251,0.77863,-17.176,-27.96,0.07508
1,1,34.528,-28.184,0.04326,0.79946,0.18297,5.575,-45.387,36.86,-0.08337,-47.344,-0.02028,46.04,-11.87,-31.154,-3.295,-5.334,36.753,0.84452,20.869,0.97882,-29.83,0.78954,-17.503,0.86661,-0.09193,9.666,45.939,4.631,-0.04101,9.613,0.21812,0.88238,47.334
1,1,-12.591,-10.573,0.02549,22.156,-32.735,0.75855,0.12877,-24.361,-42.036,-18.251,0.02482,0.97921,-17.187,0.96110,39.633,-28.862,10.93,0.71026,2.812,0.81221,-0.08048,45.905,8.768,3.847,-0.01207,50.786,39.733,27.139,-0.01073,15.914,0.11066,0.72837,-3.121
1,-38.914,0,0.47337,-31.424,-48.897,9.511,0.62316,17.186,0.45562,43.508,-31.145,0.01775,0.44675,2.019,-39.008,-0.03846,7.54,40.469,16.298,0.11538,-25.927,0.02842,0.51183,-0.10651,-28.723,-0.02367,14.897,-5.875,44.02,-34.804,0.31953,35.033,15.667,-0.00296
1,-48.658,0.939,0.59887,-11.244,18.621,-0.13936,-3.547,48.083,0.80979,34.741,0.50471,-19.005,-5.206,-0.04520,0.80791,-35.034,-3.456,-14.847,-43.917,-0.14313,-3.092,14.755,0.33333,0.06215,11.798,-0.33145,21.936,-0.16837,0.52731,40.916,48.883,-3.701,0.67420,-0.22034
1,-15.707,14.807,-13.606,5.592,0.86412,-17.422,13.589,0,0.73673,-45.281,0.71975,-0.13588,-40.379,-0.11677,-31.924,6.661,0.78132,-5.99,3.066,-0.10191,0.79193,-0.15711,0.89384,35.752,0.84926,18.24,0.74115,30.138,-30.696,30.154,-40.914,20.696,0.65817,47.448
1,1,-12.975,12.047,47.738,-41.175,13.922,26.612,0.04076,0.77174,-18.959,-39.056,-0.05707,-29.648,-0.10598,0.67935,-0.00543,-6.772,40.701,6.313,26.526,0.86413,47.405,35.321,1.564,0.85054,-0.18750,30.339,-37.354,0.85870,-45.363,0.78533,-0.10870,0.79076,10.678
1,1,42.049,-23.372,31.48,0.53755,-43.589,42.134,30.466,0.69565,10.017,16.109,17.788,-35.043,-0.19170,0.73715,33.798,0.63043,17.609,0.63636,-0.11858,-44.215,24.054,-12.97,-0.28656,0.67194,-0.10474,0.61847,-37.952,-10.252,36.571,-8.025,0.06917,0.61067,38.364
1,1,0,0.46785,6.749,0.58980,-41.959,-33.453,41.251,0.47894,-39.623,-11.176,21.218,0.63858,-29.423,0.67849,-8.08,0.54545,4.099,30.039,-0.04656,6.08,25.531,0.50776,-0.13525,-37.444,-0.20177,-46.499,-0.11455,0.59867,-20.639,-43.184,-22.071,-8.961,16.906
1,12.244,0,0.88116,1.659,0.72125,0.42881,0.61559,37.363,29.219,22.045,35.048,0.96128,-0.20097,5.51,-4.576,-36.2,-33.798,0.62210,-0.78768,41.521,-0.81856,23.07,-0.83943,-0.08079,-9.723,-30.206,29.42,-0.45511,-0.54732,4.71,-46.576,-18.767,-15.91,-16.097
1,1,-22.702,10.086,0.29282,27.562,0.55756,0.569,0.71596,-0.559,-45.607,-45.564,-6.697,-30.715,0.95130,-0.55926,0.81018,-0.73329,-23.274,33.858,-33.056,24.769,-21.153,-0.93618,-0.19838,36.088,21.509,-0.65165,-0.69556,-12.989,40.822,-0.13590,36.645,0.10007,7.558
1,1,34.586,-4.428,0.30634,0.73232,22.016,0.34109,0.58527,-13.731,-7.86,-11.201,44.324,7.268,0.71996,-0.69767,-18.043,36.721,8.397,-1,46.402,-43.805,-27.471,-0.76901,14.743,-49.733,-0.67605,-3.411,-12.792,-0.02979,15.874,0.25392,7.351,0.00194,-0.81686
1,1,4.972,0.133,0.28993,23.13,0.47702,-6.45,3.075,42.429,16.009,-0.08096,0.85011,-39.471,28.881,-0.52735,-23.277,-0.70350,-18.223,-24.022,-5.461,-0.71225,-6.309,-0.58315,-0.39168,-0.37199,14.366,-22.254,12.942,46.792,-0.61488,-32.617,-47.808,0.40591,-0.35339
1,1,-23.04,0.92870,-48.93,-33.287,0.62349,35.584,34.406,-29.451,0.95193,-13.943,22.8,-0.47202,43.049,-0.70747,-22.388,-0.87474,0.36750,-31.467,-2.321,-0.89824,2.957,24.416,40.861,-0.50757,-5.712,45.687,-0.86122,21.136,-0.87159,23.83,-0.78057,-48.194,-0.60270
1,1,0,0.83367,31.387,5.142,22.534,-11.469,0.70677,17.485,0.78947,-22.22,-27.129,-0.41729,0.66541,-0.68421,36.759,-0.74725,0.19492,-35.676,16.726,44.657,-0.28195,-24.158,37.951,-45.171,-23.662,-0.01530,43.936,0.22708,30.304,26.744,-31.275,35.196,-0.30075
1,1,-20.723,0.98455,-3.315,0.98058,-0.04104,37.409,-27.86,0.98720,32.188,-21.262,34.078,0.98500,-0.07458,42.412,43.538,-34.651,-31.779,49.22,26.348,0.99294,19.747,11.282,-39.454,10.773,-0.08341,0.96653,11.102,0.93469,46.494,0.97132,-0.15755,-35.015,-0.18800
1,1,0,0.94052,39.845,-10.815,-37.19,0.94994,-0.01472,-25.947,-0.01060,-6.044,-0.03710,-39.375,48.727,-22.048,33.741,0.95465,-34.896,38.042,-0.04711,9.771,-0.02179,4.652,-0.04417,-27.764,28.179,-24.815,-0.05827,0.90342,17.18,-32.24,-0.07244,-38.706,-2.837
1,1,38.756,-32.426,-7.178,25.622,23.444,-38.034,-0.17123,-39.11,0.18265,0.91781,0.00228,0.93607,-0.08447,42.447,-25.041,-25.777,-0.08676,-38.106,-47.167,-35.567,49.845,0.92009,23.582,-46.818,20.62,0.94043,-8.195,0.97032,-0.20091,0.85388,-0.08676,-0.952,-36.46
1,1,46.98,-35.989,-0.03390,48.792,-12.95,0.52542,-0.16949,-20.343,24.093,0.50847,23.135,0.64407,0.28814,9.255,3.788,0.54237,-48.203,0.55932,-43.249,-9.683,-34.421,0.86441,-9.807,0.40678,-45.761,1.485,-0.00266,-45.824,-0.03390,29.148,-0.15254,-32.598,-23.376
1,29.42,-1.584,0.33333,-0.25000,41.384,23.589,0.38889,23.318,10.108,13.628,16.234,-15.511,-44.371,30.681,0.58333,-17.071,-33.11,0.02778,31.43,11.846,0.47222,-0.05556,46.79,-0.02778,13.497,0.08333,0.41543,-0.14256,33.13,26.709,22.074,-0.14809,0.08333,-0.5
1,-21.348,0,0.51207,48.206,48.832,0.53810,49.249,-27.37,0.45622,17.935,0.33081,1,-14.572,-24.531,-0.17416,-41.664,-0.33081,6.777,-14.043,-35.383,-11.797,0.71699,19.471,45.123,-26.102,-36.417,-1,-31.118,-19.965,-0.16713,-1,15.533,-0.91903,-0.65557
1,1,-47.78,0.75564,0.49638,23.427,-38.112,0.54916,-48.902,0.35225,-21.315,25.279,0.94749,9.388,17.03,-0.37604,47.911,-0.52742,0.71161,-0.68358,-12.785,-35.255,-45.996,-43.813,0.02995,32.359,-0.29099,-27.167,-33.126,-12.824,-28.007,38.057,25.09,-0.19609,-0.62956
1,1,28.502,0.83789,13.512,26.942,-32.379,0.45625,-33.563,0.16470,0.82732,-0.13012,12.579,-49.434,0.78497,-5.029,-21.637,11.536,25.165,-31.947,0.03928,-0.62041,34.37,-45.399,-22.496,-0.37298,-31.971,6.647,-0.62691,0.14690,40.934,12.439,14.603,0.48319,-0.24313
1,46.26,0,-31.565,0.786,0.75254,0.65640,22.436,15.537,0.15323,0.95776,-0.21775,-37.092,-10.294,1.086,-0.78751,-9.029,-6.834,0.26020,-5.299,-0.06418,-34.269,-0.40949,-0.65079,7.97,-0.36799,26.493,38.068,-0.91221,-3.157,-27.326,-27.912,-0.69613,-40.455,-37.024
1,39.45,0,0.92436,44.605,0.71976,0.68420,0.29303,-3.043,-0.11108,-25.032,-9.222,-16.975,-0.66616,42.258,-0.92145,0.42314,-0.94315,-12.465,-44.367,0.03191,-0.66431,-11.859,-33.361,16.025,-0.13486,-7.47,-45.215,21.347,39.033,41.449,20.181,-0.46048,-9.58,17.359
1,17.638,0,2.489,-20.109,-39.822,38.035,1,-30.692,29.701,-0.12352,-48.72,-40.323,-6.466,-0.01731,1,-10.409,1,10.313,-46.141,0.05900,1,-0.10108,1,-0.02685,1,20.033,5.835,-16.695,48.899,0.08299,1,-16.391,-15.589,-10.291
1,1,-40.668,0.95559,-35.749,5.215,-0.13244,0.94982,26.108,0.82809,0.976,0.92441,0.10368,23.234,-21.856,0.99264,-39.684,-47.201,14.703,-6.786,-0.049,1,-0.16321,-4.81,34.399,0.85741,38.797,0.84132,16.934,0.82427,-18.029,1.11,31.017,0.78761,-39.96
1,1,0,9.041,-15.922,-25.784,0.52312,-37.536,-4.459,-21.995,0.83548,-9.382,0.78772,46.4,2.928,0.02,0.41471,-0.75436,19.437,-0.69977,19.533,41.06,-0.23503,-0.40637,-0.38287,1.057,-0.52540,0.01523,-6.006,36.347,-11.549,0.31008,-38.581,15.338,9.247
1,1,0,-31.352,-0.723,-9.292,0.65128,0.34816,-22.137,-49.577,0.90842,-0.29784,0.86490,-0.62635,-3.056,-41.813,3.038,4.391,4.221,-0.81641,39.466,-4.027,39.033,45.636,-42.555,40.937,-0.75533,33.499,-0.71504,-31.859,17.244,-25.52,-0.36765,0.62765,-0.13305
1,1,-22.909,0.89589,0.39286,-0.785,22.378,-13.851,-28.094,-0.04787,6.591,12.591,-10.009,40.525,-15.546,-0.92819,0.25133,-0.92282,-0.15315,-0.76064,-3.283,-0.50931,-0.76197,-15.692,-38.269,0.21581,-0.85703,-0.937,20.669,32.435,7.54,25.382,-30.229,43.408,0.27926
1,1,-14.942,38.457,-30.725,0.257,-0.20253,39.069,31.686,0.88608,6.414,-24.247,-18.181,0.92405,40.85,31.281,-0.03797,7.448,-0.36709,-37.631,34.945,0.93671,-26.477,1,-4.588,0.62025,-0.37975,-19.992,-0.05540,35.058,-0.06329,30.604,0.02532,-40.817,-0.02532
1,1,-1.215,0.74790,16.633,44.995,0.01659,0.82638,24.096,-18.069,32.961,0.60504,-35.336,0.79093,-36.894,0.77441,35.575,16.978,-42.744,22.745,0.04202,0.71285,10.583,-16.393,35.429,0.66387,0.08403,-42.261,41.402,0.61345,28.949,0.58187,7.006,0.55330,35.741
1,1,0,0.85013,-44.027,0.92211,0.01456,-13.345,20.206,34.54,30.89,-6.769,-16.121,-10.358,0.04320,0.90738,2.181,0.87339,-25.398,31.282,0,-40.431,0.07047,-21.425,-38.972,14.98,-26.607,0.86923,0.08950,0.87597,2.807,-1.544,-47.218,0.84258,-46.389
1,-11.953,9.76,1,-0.01179,-2.66,-0.00343,-41.658,-0.01565,17.213,-49.63,-17.983,-11.096,-35.683,-0.02187,19.494,-7.055,0.99528,-25.664,0.99314,-7.762,1,-0.03881,-42.767,18.519,4.761,-0.04931,9.832,-0.05527,0.99400,10.233,-11.429,-0.06497,-18.977,-0.06668
1,1,-17.965,0.89505,-33.772,0.87525,-40.325,35.41,23.743,0.92871,-32.49,0.91287,39.453,-8.665,-0.01584,0.91881,-39.676,0.93663,38.896,-25.449,0.01386,-47.85,0.00792,-35.148,31.137,-41.229,-27.24,21.757,-28.611,0.88119,0.00198,0.87327,0.916,-28.616,0.02376
1,1,49.299,4.177,0.01773,44.312,-0.01773,0.29,24.083,-11.476,0.05674,-23.219,-13.011,-2.828,0.01064,0.97518,0.03546,46.894,-0.03191,0.89716,-45.355,-43.153,0.07801,1,-14.311,48.492,47.034,-8.536,-0.379,0.94681,0.02482,48.919,20.479,0.93617,40.615
1,-27.459,42.87,-49.56,-0.24242,0.62655,-9.349,4.791,-1.827,0.63636,0.09091,0.21212,-9.097,30.786,-36.813,-21.046,0,0.56156,-12.379,-5.531,45.665,0.78788,0.18182,0.30303,-0.15152,12.173,-18.312,0.46362,30.35,0.33333,-18.778,0.41856,-0.276,-37.39,-6.307
1,20.688,-27.371,17.34,-8.311,27.468,49.4,0.37201,14.323,14.517,0.85893,20.693,0.86121,-0.51763,0.67577,19.371,0.41524,-0.77019,0.09898,-42.414,-31.995,-0.49488,-48.204,6.992,-0.57679,-1.567,-0.59954,-39.292,-37.162,0.32309,-27.598,0.46189,48.73,0.40956,34.323
1,1,0,8.619,0.37917,9.16,43.239,0.789,0.88696,7.874,10.145,-0.38875,0.84414,-0.67274,-25.229,-39.165,43.33,-38.224,-0.05365,-0.73564,39.508,-0.51778,27.582,-12.068,-22.603,0.06911,46.981,-15.86,-20.352,0.52414,23.86,37.498,-16.547,0.60073,0.08660
1,1,-45.651,9.12,-15.224,0.65354,0.74761,-17.98,17.871,-40.945,0.97820,9.433,0.83263,-29.384,0.55086,35.188,49.618,-0.93001,-0.25554,-7.836,-43.239,20.936,-48.402,25.852,31.704,9.565,-0.85368,0.67538,-0.61959,0.85977,-47.711,0.88654,-37.43,25.386,0.46301
1,1,0,1,-30.191,16.223,32.11,-2.555,46.661,18.248,0.93596,-0.31527,-41.465,-0.87192,-48.206,22.714,-0.901,22.961,-18.443,-0.46552,-0.82512,4.239,36.916,-13.671,28.626,-42.416,-0.45950,-0.981,-37.88,1,-42.696,0.38670,0.00246,0.17758,0.79790
1,1,-21.214,1,-14.826,0.45455,-30.149,22.038,-32.784,-0.32104,11.974,37.13,0.48485,-0.57576,-45.611,-0.57576,-0.12121,-0.33333,36.435,26.672,24.843,0.455,-0.57576,-12.001,-0.42424,1,41.285,-29.212,8.63,0.149,0.57576,-46.291,-22.338,-33.327,0.33333
1,1,-43.016,0.88110,-11.974,38.483,-3.122,0.93598,34.755,9.075,16.76,0.90244,8.003,0.93902,-49.152,0.95732,-27.057,16.198,-11.081,-7.918,-0.01220,0.90854,0.02439,0.91463,0.05488,47.407,-7.616,10.051,-13.766,0.90854,0.00915,35.586,-23.843,8.868,-0.01220
1,-5.942,15.141,44.229,0.08156,0.79078,-0.783,0.90426,21.42,47.637,-32.858,-5.354,-5.222,29.051,-0.00709,0.94326,4.972,15.828,0.20213,14.501,-23.271,-17.454,-22.077,0.80496,0.07092,23.348,42.369,-38.22,0.08165,0.77660,0.06738,0.92553,-23.68,0.92553,0
1,1,-48.788,0.74468,-4.858,0.88706,-18.526,34.449,-13.788,-33.177,21.824,0.73050,0.10638,0.87657,-47.295,0.87235,2.425,0.95745,-5.422,-29.598,35.133,46.766,41.449,43.063,-2.325,-48.389,25.27,0.83429,-29.607,-22.298,-0.03546,0.81710,0.06800,0.80774,0.07173
1,1,3.219,-34.078,0.03727,0.89951,0.00343,31.841,21.963,0.86335,-27.928,0.95031,4.561,37.151,0.00994,-22.177,-22.019,27.151,45.215,-22.145,0.02484,0.84182,-11.803,24.305,16.792,45.429,38.442,0.82111,21.078,35.37,0.08696,0.80757,0.02308,-22.866,0.02441
1,1,-31.684,18.287,0.00710,0.98579,-35.964,-26.784,-35.605,0.99290,-44.889,0.95737,0.02309,20.771,43.645,-38.365,31.11,0.97869,-30.741,35.09,0.05684,27.442,0.04796,0.94494,32.229,0.98401,0.03552,42.394,11.296,-2.339,-20.642,0.99112,48.309,10.789,0.09947
1,34.78,-37.2,-39.347,37.1,1,-34.844,29.224,-33.137,0.99448,46.629,40.855,-0.00221,-38.643,-22.192,1,0.00884,0.97569,17.263,4.703,36.426,0.98011,0.00663,0.98122,0.02099,-22.048,-0.00663,-27.705,0.01600,-25.927,0.01547,-6.005,8.85,11.316,0.02762
1,1,-11.757,1,-0.01342,39.756,-47.727,-45.955,-0.00224,1,-33.333,-38.022,-8.057,-24.783,-7.005,1,-36.502,-1.774,0.03356,1,-36.205,49.742,0.09396,24.592,0.07383,1,23.547,42.534,-38.989,-0.927,20.637,-24.039,0.10067,1,0.10067
1,1,-40.096,-22.391,1.18,-9.186,0.67382,47.376,-45.05,28.342,25.64,-35.078,0.83713,-0.60316,0.58842,-34.148,-9.889,-0.83285,-0.00642,-0.69318,-0.32963,-0.52504,-37.054,-20.922,-0.68126,-43.275,-0.69774,24.37,-27.252,-46.039,-0.43383,8.967,-0.21542,48.405,49.771
1,1,26.847,-47.319,0.41786,4.785,-12.277,22.01,-0.633,-0.20449,33.901,30.211,41.752,-0.81857,0.50949,-18.374,9.795,30.266,15.42,-0.70163,-0.65461,-33.99,-0.88999,23.426,-0.94172,0.44483,45.441,24.012,-0.55231,0.89415,-15.587,0.87893,-44.717,14.194,0.54852
1,-10.27,15.955,-18.637,23.262,47.992,0.29308,-14.644,21.101,-0.25131,18.391,-0.16503,44.911,-0.63714,0.24865,-23.325,12.037,-0.23227,-0.19909,-25.408,-37.257,-25.675,-0.89991,47.3,-0.28916,0.28307,-13.615,0.39599,-42.779,48.848,28.476,13.322,0.20540,0.13376,0.26422
1,-48.622,25.694,0.65845,0.43617,0.44681,-11.443,16.146,6.641,-28.135,-37.834,-31.896,-34.029,-37.225,-13.393,8.658,-0.28723,-0.47032,-0.71725,-46.293,-0.86002,0.23292,-48.544,-32.232,24.623,47.832,-0.18645,0.74758,0.23713,33.801,-42.431,-27.973,0.76764,-0.18533,0.74356
1,12.709,0,6.892,24.957,26.263,-21.906,22.486,0.48866,-0.18321,-0.18321,14.575,12.382,-22.461,0.09160,-0.16412,-49.277,-0.10305,-0.39695,-34.157,-0.17557,0.34012,-22.142,12.354,-31.453,38.614,-32.716,-26.424,0.31092,28.464,0.26336,-0.16794,-4.267,-0.30153,-45.261
1,1,0,-31.522,13.083,1,-36.583,-4.913,-0.00075,46.207,-26.444,-8.633,0.02130,42.372,0.03073,0.99170,14.675,9.584,-9.671,1.187,0.488,39.091,-38.0,1,0.06241,-30.166,-33.318,0.96709,0.07255,22.937,0.08088,0.98190,34.764,28.315,0.08616
1,1,-32.901,42.974,-8.982,-44.608,-41.201,-9.466,-3.996,0.86821,-4.437,20.21,38.332,-11.714,16.857,0.83121,-0.07399,0.74798,-25.73,45.019,-6.526,0.86763,-0.02370,0.78844,-0.06012,0.74451,-0.02370,-27.693,-17.927,-10.456,-3.507,39.245,-0.04220,0.78439,0.01214
1,-19.271,-47.141,-43.013,-0.13768,0.69387,-7.491,0.68195,-49.756,0.55717,38.029,0.61836,28.597,-39.686,-0.06527,2.083,41.397,20.686,-0.26409,-15.667,-16.577,0.49736,16.55,0.46241,10.295,0.45008,-0.00564,-40.43,-0.09038,0.35588,22.095,0.32232,-10.303,17.78,47.816
1,0.334,0,-17.25,0.01092,-39.076,-7.623,0.85821,-35.743,15.658,26.135,0.81504,0.12068,-39.837,-10.338,-29.888,0.312,0.82777,-0.06974,5.601,0.03881,0.76979,31.048,0.75071,4.363,17.723,-0.00303,0.70886,-16.575,22.895,-48.151,35.147,0.01484,0.63887,-39.643
1,1.592,0,0.66667,36.143,9.221,0.06831,0.49590,1.989,-4.762,-0.00273,-25.773,-0.14071,-21.311,-0.48907,0.39208,9.915,-37.181,19.949,39.599,0.11339,0.47541,-9.664,1,-16.21,2.811,0.06967,19.956,15.163,42.512,0.07787,0.55328,-4.895,46.969,-5.204
1,1,0,0.83508,-49.552,0.73739,-1.223,6.093,-22.193,0.90441,-0.04622,18.715,4.269,40.345,-32.198,0.79307,1.142,-37.349,-0.02101,0.96639,-32.167,0.87605,-22.923,0.77521,-26.02,40.66,-0.04202,46.869,0.00123,-40.042,0.12815,-41.005,-11.276,-9.07,-3.795
1,1,0,32.637,41.053,-29.207,-0.02723,0.93438,24.531,-0.523,41.317,0.96510,0.03281,3.587,-37.309,0.94625,-22.922,-0.474,42.641,-28.054,-10.794,0.92670,8.031,-2.45,0.10087,34.273,21.673,-15.196,0.04925,13.979,-2.717,0.94066,-0.00035,0.91483,0.04712
1,1,0,7.349,-4.841,38.389,-0.03227,0.95177,-14.18,0.95584,34.083,31.374,-38.486,0.92595,0.04688,31.011,-41.667,0.94837,21.375,-25.603,0.01393,41.701,0.07677,-19.944,-30.423,-14.603,0.03193,0.92489,-0.718,39.117,-18.272,6.571,6.819,0.92697,-0.00577
1,1,-1.215,7.825,31.77,-35.961,-42.918,0.95691,-0.03646,0.85746,0.00110,22.802,35.488,-14.051,-0.01436,42.225,-0.04530,-42.024,35.344,17.139,28.803,33.831,44.175,0.92155,-0.02320,0.91050,-0.02099,11.403,-0.07760,17.454,-0.17238,-17.974,-25.284,0.87403,34.795
1,1,2.719,-15.388,0.13533,-45.76,-0.06151,-46.441,14.225,-16.193,23.98,0.78735,0.06678,0.80668,-0.00351,0.79262,-39.059,-43.187,35.607,0.87170,-14.301,31.628,-35.49,-6.935,-26.671,31.188,-0.15114,0.81147,33.564,-1.614,-0.00703,20.942,-0.06678,-40.464,-0.06151
