1,28.77,41.682,-37.508,-0.05889,-39.99,-46.669,-6.482,32.027,-1.919,14.371,33.793,-25.791,-43.302,-33.918,0.60536,37.368,34.926,47.595,-45.712,31.448,40.509,28.903,0.36946,8.353,22.164,18.582,-7.243,28.684,-22.234,34.529,45.494,18.426,39.454,-0.45300
0,4.833,-27.357,-23.882,-47.194,28.767,4.069,46.277,24.301,20.593,44.672,0.50874,-30.264,-7.386,43.474,-1.511,15.932,18.882,28.473,0.33109,32.508,47.124,9.054,-9.375,-0.35734,-12.282,-16.538,-44.847,-11.476,-0.19040,23.14,-30.322,34.195,12.31,-31.488
1,42.574,4.826,-40.618,22.841,33.077,0.00485,1,7.415,0.88965,9.621,-1.827,48.648,31.104,-14.206,-34.898,6.2,45.391,-19.102,-23.208,22.884,-46.749,-4.541,45.095,-31.181,30.837,36.414,2.462,-3.087,0.43100,-50.033,47.465,27.706,-33.54,-10.869
0,1,-19.896,-20.251,45.232,47.789,-4.69,-45.978,-50.412,40.862,-15.61,29.568,-15.767,45.175,40.366,-30.54,24.938,-35.713,-21.243,48.69,-2.178,44.236,10.331,-3.595,0,2.601,42.624,0.51613,-47.443,-11.734,-1.834,0.25682,-34.07,37.566,1.986
1,1,-16.701,-31.905,30.253,-40.354,-0.909,13.455,8.028,10.774,35.528,46.515,-0.20275,-27.898,17.644,-13.061,-22.263,0.52940,4.154,47.12,22.051,-5.142,-1.738,25.579,-7.005,-6.596,14.214,-13.628,37.285,-31.486,36.887,-5.755,38.904,37.082,-0.65697
0,-35.722,6.145,44.116,-23.214,-1.361,16.929,34.212,39.324,-21.309,0.06637,-31.197,-0.228,43.906,-38.558,-13.193,-12.373,25.192,14.672,-32.418,-44.135,-11.641,-33.92,0.01519,-44.841,40.089,0.008,24.524,29.597,-12.817,-18.6,0,-21.987,21.388,0.12011
1,39.006,0,0.503,16.583,-5.579,-43.006,-39.846,41.362,0.85996,-6.709,-34.668,12.16,13.311,26.285,-3.975,-0.61436,-32.274,-9.775,15.282,39.149,29.874,37.526,33.566,-39.328,30.949,-22.151,39.756,7.134,47.97,26.324,-0.04262,24.634,42.916,30.916
0,-42.676,5.405,-19.889,-9.439,-40.756,-21.369,46.196,-1,-44.991,32.727,17.82,-50.193,0,-38.238,-22.845,24.872,1,-27.567,18.16,-6.421,-45.956,10.29,-14.239,-8.334,-2.45,-33.204,39.256,-36.622,-10.837,-39.669,19.431,-15.89,49.434,0
1,-13.687,-1.989,39.773,22.31,18.69,39.999,-39.364,-15.477,-31.262,-35.801,-14.394,-25.379,-7.953,-12.571,-8.408,19.672,-36.532,44.282,19.092,-0.66020,-16.592,39.228,-25.84,-44.565,-45.059,-0.65440,34.254,27.977,-14.399,-0.63919,-24.259,-47.844,-23.353,-0.73420
0,24.079,31.024,-1.546,33.778,0,-0.636,6.767,23.172,39.251,-0.26810,11.132,-0.566,-2.352,0,-47.183,23.618,43.999,6.494,-8.24,-21.298,-1.576,28.441,-24.35,32.072,10.818,-8.256,-46.891,-14.088,-18.1,-5.569,-10.727,0.24086,0.607,16.099
1,1,-23.319,13.896,0.06655,-48.334,33.106,-6.388,24.924,-45.411,25.809,-14.728,-41.416,5.722,-3.697,-22.541,-46.888,21.768,-36.615,-5.852,-0.444,0.70645,17.632,-31.166,-0.80544,-0.72,-30.398,-49.279,-26.918,33.833,6.653,-14.452,-15.678,-9.324,37.965
0,9.033,0,18.043,-0.54210,1,21.176,-17.949,3.134,-47.539,13.149,12.651,-29.538,37.46,42.785,-38.1,-38.012,-39.11,-24.907,39.617,-0.93599,22.029,27.937,46.313,-30.756,32.509,-14.168,-16.976,-9.744,37.168,-28.02,42.231,14.865,12.572,-50.572
1,44.065,0,43.067,-24.29,3.919,37.938,26.207,45.819,45.024,9.329,26.987,32.995,-30.668,-9.646,42.482,33.248,-18.891,-8.907,4.913,-25.384,0.86043,47.336,29.365,36.589,35.447,9.507,25.111,4.707,26.961,-37.01,-7.283,-0.64537,38.009,-0.67226
0,-21.78,-38.921,-21.745,35.558,-28.337,0.22280,14.836,-7.75,13.614,-8.462,-37.583,43.389,21.052,-9.031,-9.624,-46.789,-40.786,-26.961,-43.664,-1,-42.18,36.557,-16.687,0.62349,-15.537,-0.031,-23.223,-4.436,27.824,31.436,-33.894,41.485,19.11,-0.18826
1,1,-44.695,19.091,0.07380,10.297,46.682,25.395,-9.956,19.578,-40.918,-1.669,-47.333,-12.402,-33.499,47.253,-14.698,36.086,49.947,-43.038,29.402,15.864,-39.304,49.318,-2.518,-42.94,3.717,34.855,0.36743,0.95603,0.511,5.471,-49.661,-24.415,-30.302
0,39.246,49.244,-41.065,-30.153,-35.254,-39.932,19.421,46.327,20.587,26.323,-5.017,34.401,38.555,14.197,45.021,-0.34265,-36.194,-10.046,28.984,-1,-7.444,8.751,-21.777,28.445,-39.122,24.653,0.39752,-33.92,36.547,-34.106,1.064,41.743,-46.681,0
1,32.049,0,-5.476,-11.379,-27.187,-4.309,5.324,15.725,0.96112,17.869,0.99274,42.029,-9.045,-45.609,47.455,46.179,-42.751,-27.166,-41.884,-31.499,-28.23,16.428,0.83668,-16.008,-2.654,47.204,6.71,10.511,21.31,-13.538,-10.404,-19.598,27.844,-49.541
0,-19.8,0,-27.971,-17.724,1.121,-13.126,32.371,-21.148,-39.524,15.393,30.164,39.058,-40.112,8.172,-15.913,5.746,-44.861,-11.074,10.252,8.553,1,-1,26.47,7.693,9.937,10.241,40.599,2.749,6.861,24.405,16.913,-8.593,37.684,-1
1,25.869,-7.375,-34.645,-28.382,-2.583,-28.03,-6.285,-1.099,11.824,-35.129,0.63621,0.12131,-22.004,-10.643,-33.357,11.825,-42.629,-28.911,46.519,44.298,-38.505,-17.355,0.51420,17.016,-6.05,0.23724,11.751,36.873,25.575,31.229,44.285,-34.078,-33.847,36.622
0,0,13.96,-1.306,36.632,-47.691,2.029,16.247,-6.39,39.596,-44.369,-8.137,-8.008,-22.936,2.517,0,16.552,18.237,-32.225,-8.333,-34.826,30.156,7.364,-14.387,-32.269,46.814,1.587,-6.383,8.996,31.656,36.285,-11.548,1,-27.909,1
1,1,-21.897,46.071,21.914,10.619,-40.941,9.827,32.155,31.046,15.592,40.847,-1.114,27.685,-0.39489,22.258,45.104,-4.096,4.161,3.409,-5.96,-45.377,10.68,0.96060,47.828,0.81874,-31.424,-22.621,-4.086,19.852,-6.592,-36.09,-26.638,43.557,28.749
0,0,32.941,-21.447,38.75,-25.613,0,29.146,18.97,31.404,-1,31.77,47.98,-2.919,-38.503,33.082,-47.692,-8.316,3.431,-1,40.268,15.908,-32.469,41.682,-7.653,25.237,39.939,28.77,20.596,22.256,15.333,-17.272,-42.899,26.837,35.869
1,30.096,18.827,0.96071,0.07088,-29.156,34.301,-46.006,44.647,45.073,-24.934,13.34,0.02580,4.665,33.446,-30.588,-14.116,45.426,-34.097,-26.604,-9.248,-43.983,46.307,2.514,27.889,-10.735,19.516,0.58051,9.485,-7.234,44.705,47.769,-12.079,-0.473,-29.588
0,30.262,-29.54,36.89,-3.266,-18.966,-2.558,-5.69,-35.443,40.717,49.594,1,1,-41.618,-10.487,7.536,-2.866,-48.859,45.861,29.25,5.826,10.609,45.936,22.969,36.816,21.875,31.077,41.862,-24.964,-30.06,1,-1,7.197,-47.457,41.574
1,0.026,-48.443,-34.07,-41.357,-20.989,-3.566,-0.634,-12.786,1,-36.271,-4.201,45.058,10.176,29.516,-20.317,-46.757,-0.942,-49.486,25.45,40.162,46.633,-15.926,47.478,39.184,0.84932,-0.34838,-19.171,-16.059,1.717,49.305,-20.306,46.526,2.243,-0.39487
0,-31.905,0,-22.208,0.57820,23.229,36.817,9.26,-17.701,-11.217,-32.51,18.651,-13.739,26.556,28.505,1,3.371,1,36.509,-27.462,11.534,15.866,29.649,-32.956,-14.405,46.987,-2.382,38.128,-7.628,36.692,-14.76,11.003,-7.476,-0.262,-6.698
1,8.959,21.388,44.906,-22.074,0.527,-0.149,-5.569,-13.965,17.997,44.703,0.95473,-44.494,-10.775,-0.31736,-37.678,39.208,-20.645,-37.343,0.12245,23.556,-34.563,6.255,-31.678,-41.559,0.55389,-45.678,15.255,-32.101,25.602,-1.062,40.383,33.299,-18.741,26.148
0,0,-10.837,-22.335,-1,18.82,-37.622,-43.798,17.689,39.006,-0.37500,-6.525,-9.094,26.793,-8.334,-4.721,0,-37.53,28.51,38.619,29.721,13.639,32.247,14.904,12.529,-31.854,37.291,30.726,48.924,40.645,38.885,25.447,-3.45,42.054,-15.89
1,-13.687,49.434,-38.669,45.28,33.727,18.605,-43.991,-0.13308,-41.694,0.64520,-33.204,-20.89,-37.238,-48.602,39.256,19.868,-4.421,-22.017,-14.264,6.356,-13.239,45.634,-8.459,-36.515,-23.794,1,11.129,1,-45.208,40.834,-40.112,-18.889,-28.042,25.872
0,28.441,0,-27.536,-33.262,29.674,-42.923,-11.164,-24.742,16.69,1,11.966,-19.1,-41.364,-9.898,-15.319,18.247,1,1.689,39.142,-1,21.136,-36.44,7.767,-46.91,39.809,-16.345,34.678,-15.654,23.382,-15.065,-2.989,-8.312,-46.117,-25.943
1,-9.893,-49.334,19.395,-0.779,24.079,33.268,-1.352,22.935,40.137,-0.07514,-0.576,-47.097,-0.527,20.614,-20.519,-9.098,0.815,33.477,16.718,22.771,45.37,5.989,33.072,-0.59661,-7.242,-6.046,0.98820,30.527,1,-25.108,-46.098,10.831,-28.506,-41.847
0,22.029,-7.388,34.289,-4.178,-45.411,-22.448,8.489,3.76,-30.796,30.509,-0.278,-15.762,-25.053,25.178,1,-19.949,27.937,1,-14.728,-0.85583,27.24,-8.554,-48.751,37.857,-23.319,-24.613,1.266,-13.787,13.896,-47.089,-5.55,-48.572,-34.95,1
1,34.592,-48.539,-26.138,36.314,-38.166,22.065,0.92100,36.003,39.5,41.615,-24.065,34.288,-39.258,-0.31463,-17.155,-14.119,42.352,-20.172,-28.374,11.102,13.492,-37.484,34.008,40.73,17.656,-9.598,45.881,7.486,-31.254,3.536,0.47075,11.078,16.287,-0.58086
0,-35.322,45.971,0.71253,43.998,-25.548,-44.894,-6.99,42.97,33.098,-8.729,1,25.098,37.691,43.067,6.128,1.919,-30.803,-0.17863,-16.88,47.527,37.781,43.965,26.824,4.066,10.176,-24.331,0.93124,28.122,-37.945,25.828,-8.487,9.105,37.13,23.349
1,1,-24.223,-21.78,-47.688,-6.628,27.101,20.886,-5.379,-12.402,-39.203,-41.798,13.482,-8.31,-22.87,-28.568,-41.64,-9.624,36.818,19.578,-16.271,-29.805,36.38,19.036,-35.807,1.025,12.762,1,-0.11582,-7.341,40.49,10.297,0.673,-45.641,-0.57758
0,37.547,18.091,15.525,-50.986,1,1,5.471,27.772,47.062,-10.305,-43.695,-42.574,1,-44.931,47.648,49.052,-14.65,-32.993,-42.94,-39.419,34.855,50.694,-9.083,34.086,-1.935,-1.815,30.131,24.309,-40.046,3.154,-24.415,-39.099,1.064,0.34732
1,-10.444,-34.185,48.327,27.328,36.401,41.499,-20.777,-0.02960,-45.681,14.127,39.533,-0.06256,50.244,-5.519,-6.471,-45.791,39.172,8.615,16.642,-39.103,20.452,-35.959,0.94815,-29.349,-35.359,-6.681,46.911,-34.285,-42.783,23.545,28.822,19.386,-3.458,-0.20766
0,20.519,-49.661,-10.176,-8.938,-41.745,3.346,31.049,-27.277,0,-22.148,-29.187,-1,-29.046,46.126,46.513,-3.468,4.915,1,-15.152,-18.757,40.951,18.846,15.31,-16.724,-12.691,-32.585,15.393,28.135,6.553,-42.861,11.374,1,47.07,-10.074
1,-15.913,31.164,18.825,11.758,12.194,3.772,3.068,-7.54,31.912,27.484,0.91911,23.468,7.62,-12.006,-37.604,9.234,40.488,9.368,0.83744,31.516,0.80983,-28.974,8.631,36.826,38.815,11.05,5.481,-27.839,-6.193,-19.647,0.70925,-41.004,17.443,-43.098
0,25.869,-22.625,47.375,-3.225,26.138,-34.288,39.571,43.957,-16.951,-1,37.537,43.99,-27.523,48.351,38.452,36.433,-34.547,11.441,-6.375,8.406,-0.628,0.16371,0.60138,-6.373,-34.925,37.449,-34.358,-8.977,12.171,-10.631,-33.759,-38.897,-27.08,1
1,-6.008,-33.225,-46.691,45.326,-21.218,-6.183,1,-5.947,17.483,-12.226,2.385,-32.441,-14.632,-8.832,-25.437,19.761,-35.167,6.972,2.606,-6.753,31.134,-28.238,14.365,31.844,16.591,0.72082,0.27712,-1.582,26.878,-44.662,0.7,3.271,0.06990,16.413
0,-35.894,-46.294,41.814,46.98,-30.02,-39.842,1,-5.759,45.071,-3.663,-6.018,9.827,49.296,1,-21.718,38.847,8.619,13.333,34.957,-44.899,-6.653,29.046,31.231,-22.448,20.92,3.479,22.258,-2.004,10.12,18.094,1,30.2,0,-22.447
1,1,29.096,10.416,-24.794,0.86528,25.406,-1.919,-29.99,22.148,-46.01,39.97,38.117,4.594,46.813,28.346,42.143,-6.806,32.901,-15.956,0.12967,32.149,-37.958,28.15,-25.055,40.188,34.647,23.442,33.507,17.034,47.816,19.04,29.696,-33.348,0.67739
0,-40.618,-31.464,-3.201,17.827,-43.642,13.276,0.006,32.508,-28.586,-34.334,-6.731,-11.117,-30.06,44.341,47.861,2.833,2.872,-2.727,1,-12.292,45.661,-0.03393,27.105,1,34.795,45.411,20.593,45.172,-26.357,-48.006,-13.214,47.594,-8.195,-1
1,-47.443,-15.61,0.99025,6.139,33.075,22.839,42.561,7.342,0.99374,30.003,46.611,29.948,0.92651,-29.92,41.76,-47.129,-3.416,4.305,25.667,-36.014,23.665,-0.59839,45.683,0.955,-49.176,41.032,-46.805,37.159,-5.08,-24.717,10.156,-19.768,-9.995,35.983
0,-6.628,-41.295,-1.634,0,-49.412,-35.07,46.669,45.175,30.568,-4.201,0.026,40.5,-21.989,35.692,46.789,0,9.628,-13.734,-33.905,-21.85,0,0,49.69,-15.767,-32.51,39.366,36.817,-2.633,-4.595,1.986,10.331,-36.254,-19.896,-21.251
1,15.774,0,-32.956,-1.299,-22.208,6.071,-27.466,-5.809,-10.661,12.435,38.118,8.122,46.954,4.155,-11.264,-14.011,25.468,-44.425,18.557,29.184,0.89991,-0.34691,31.156,21.853,-11.876,25.126,38.341,-13.836,-0.568,-6.902,15.645,-17.181,-30.484,-0.50152
0,-39.774,39.443,45.039,-36.748,-0.977,-32.041,-21.82,39.975,34.912,-7.069,22.388,12.606,31.435,7.953,-5.27,-0.318,-21.067,-35.928,1,39.549,-13.445,-18.922,-0.904,0.37361,0.83872,-45.317,27.67,-39.139,18.049,24.582,42.958,44.111,-38.591,0.41913
1,42.645,33.247,-31.872,-8.325,-5.544,-38.277,-39.78,-0.05699,-2.491,-0.06971,-15.9,29.465,-41.851,-14.35,40.819,37.878,0.94217,-21.451,-36.825,-11.029,27.676,-23.019,31.583,-9.282,-20.484,47.728,50.252,12.317,26.233,38.053,19.589,14.673,0.74323,16.45
0,-25.536,-5.421,18.431,-19.889,45.634,0.51724,-14.687,0,-42.566,-38.515,5.405,32.727,-49.193,10.29,-1,-9.663,37.699,-35.037,-38.9,0.63147,45.196,-44.991,20.67,-14.907,-33.165,-28.119,-44.91,38.834,-36.44,19.976,-24.71,-1.989,24.872,-45.956
1,-23.943,-15.319,0.84134,6.583,-11.727,28.704,-4.635,-0.00267,24.051,28.579,-8.087,10.948,-7.357,-17.55,18.607,22.504,0.75000,-47.412,0.86676,22.181,1.689,-22.742,-39.898,-14.817,34.764,40.114,-16.412,23.221,39.425,33.355,-13.22,17.99,-42.99,-9.326
0,-8.878,6.344,19.395,-0.576,1,43.37,-41.003,4.76,-23.319,-46.411,-23.35,-48.751,1,16.718,-1,19.876,-5.55,-48.098,38.137,-28.506,-0.636,-10.893,1,24.197,-48.334,30.024,34.43,0.815,31.072,-22.519,-2.352,11.589,-1.527,-46.847
1,-6.388,-27.02,-0.278,-48.572,1,1.266,-35.04,34.289,-37.282,-8.554,6.658,-30.796,-14.759,32.509,-19.949,26.965,-1,-15.365,11.896,-46.718,37.857,-15.762,12.258,20.029,-22.548,-1,-28.127,25.937,46.313,-16.728,-2.178,-26.4,-23.613,0.34845
0,1,-24.127,-32.435,40.231,-1,-18.836,37.46,-24.317,24.384,-18.976,32.592,40.785,23.176,42.545,4.898,-40.1,14.865,37.168,4.973,12.651,-39.11,46.809,-49.539,7.033,-0.18856,35.606,39.04,16.043,-10.117,32.346,36.362,1,12.572,38.953
1,29.535,-16.537,-7.67,3.0,0.97487,-31.682,-37.611,25.962,44.985,-44.729,-33.947,-17.674,27.259,-9.516,46.918,31.906,6.287,-36.645,43.968,-0.35902,-7.056,24.934,10.88,17.812,43.066,12.206,10.394,-0.34586,-25.04,-0.30619,37.941,36.034,-41.977,42.626
0,1.139,-2.669,9.38,-15.033,-34.703,-7.341,-47.641,-21.78,-12.683,-4.323,-0.82143,-7.978,-0.975,-42.786,-1,27.824,-39.779,-22.154,-39.342,35.977,13.235,-3.935,-1,-31.237,17.578,-47.291,-28.337,-11.624,19.052,-9.498,-25.223,39.601,-45.038,0.61458
1,1,-25.415,-42.94,36.524,28.984,-0.04494,47.648,-0.06682,-48.986,-10.171,15.864,35.648,-40.574,24.267,-34.817,17.946,1.064,-9.576,9.751,-41.182,47.016,4.281,47.209,-40.4,34.855,28.208,50.714,3.298,29.274,-34.33,-43.911,-39.187,49.058,-0.22981
0,35.401,47.327,-5.297,-42.64,-45.681,13.197,-30.213,-48.661,-6.472,41.511,24.731,-2.468,-8.444,-45.9,-33.185,20.456,48.244,-37.254,1,-12.444,14.7,-17.152,5.346,-10.176,-20.777,18.587,1,39.246,-12.691,39.555,27.323,-5.454,-1,-1
1,1,27.135,8.553,10.432,-8.992,31.238,0.99952,-31.453,-21.148,-19.776,18.861,31.12,28.427,42.097,8.81,-28.075,-28.137,-9.873,48.037,-43.698,-41.748,46.269,-26.369,6.079,0.91667,18.071,15.277,46.748,11.823,20.744,7.476,-17.428,0.83574,16.621
0,32.371,4.746,-28.921,35.626,8.172,24.405,2.121,16.79,-43.213,-6.538,29.976,37.291,-38.524,-39.044,-12.74,11.038,-34.511,38.419,-19.28,3.893,-27.971,-41.112,8.241,11.465,-17.761,0.96250,1,40.599,10.252,0.67708,-7.593,0,36.684,-6.857
1,1,-10.785,25.869,-47.593,-27.08,44.008,1,38.822,0.98602,-35.734,8.945,-34.144,48.744,-9.09,44.771,-17.285,47.23,37.899,17.084,37.616,-6.541,-28.091,7.113,-22.229,25.903,-33.796,-34.162,-35.042,-0.659,17.012,-8.569,-2.779,11.832,0.50903
0,12.12,-15.387,4.496,-12.905,26.685,-26.233,15.698,-7.383,13.96,48.296,45.261,9.619,-22.218,0.587,0.12292,-33.381,19.466,-28.081,-22.448,2.122,-2.306,-6.21,-33.142,-1,-5.721,30.49,1,-7.157,-8.008,2.218,31.156,-45.369,2.517,-0.27292
1,48.98,30.046,40.847,21.426,-30.027,-36.731,-4.071,-7.32,-20.98,27.996,20.008,0.37107,43.656,35.338,29.956,9.319,33.016,-45.811,14.984,-2.349,0.56553,0.58071,-43.343,0.64720,39.751,-0.451,-22.014,40.631,22.277,-40.081,29.539,45.74,-3.442,-45.905
0,-6.731,-38.503,-15.634,-46.006,41.89,24.237,-23.882,33.404,34.959,28.146,20.927,20.593,46.327,10.095,-29.569,19.021,-30.671,-10.195,-33.326,32.908,4.758,-0.43860,-1,-10.292,17.717,36.75,-24.613,23.194,48.255,32.77,29.302,-8.316,1,1
1,37.816,-2.866,49.594,33.843,10.609,45.422,13.318,-33.914,31.25,-35.543,0.93844,-44.163,34.162,-12.239,2.872,44.726,-26.38,22.373,0.80025,18.582,-1.677,3.642,-40.618,44.048,45.49,-30.954,-13.285,-0.07249,-30.464,-1.268,0.43970,28.146,-9.973,46.807
0,2.601,0,-11.887,-23.858,31.262,42.108,45.936,-47.691,42.243,-15.526,-48.859,0.27038,41.366,23.575,-2.595,0.35507,38.89,-48.416,47.373,24.363,-4.69,-3.631,-46.566,32.342,0.91033,-1.967,8.536,4.985,46.061,6.178,-17.966,41.086,-28.54,1.36
1,-0.382,-35.07,40.5,-0.694,-5.628,-5.177,47.669,10.08,1,29.611,-31.917,36.025,-14.767,-36.199,-18.896,-49.368,0.95750,-22.235,10.174,-0.08668,-20.251,45.217,23.229,-13.487,-30.51,-21.24,-27.498,37.488,0.86747,49.924,-40.35,45.767,38.621,-1.707
0,37.128,-21.987,31.277,-17.701,13.534,13.866,-4.698,24.556,1,7.26,-17.607,-30.235,-11.217,-5.476,7.145,-12.659,26.196,-0.262,41.053,45.093,15.774,-43.081,25.556,-1,-32.956,-1,-35.722,28.505,-12.405,-22.552,17.651,4.371,-11.739,-1
1,13.639,-40.774,48.924,31.399,-34.652,-37.71,-44.419,1,25.653,44.711,42.615,1,20.597,32.497,-1.473,40.288,-6.826,-39.144,6.98,-0.405,-0.73083,-0.76339,32.871,-1.14,-12.734,16.049,40.037,33.287,27.405,38.443,-20.52,-5.074,-31.314,-6.49
0,-2.45,-8.334,-15.89,39.006,-8.439,-38.622,19.431,4.405,27.793,-48.193,39.291,-9.837,1,33.727,-4.421,13.904,-41.798,42.645,-31.854,1,-37.238,1,-21.845,13.529,19.82,-8.094,-20.369,17.189,-14.239,29.51,1,-41.756,50.434,-22.335
1,1,-19.889,-44.91,-8.862,25.872,45.379,-23.71,-14.994,-41.676,0.25068,1,-37.227,-27.567,-14.301,11.29,-33.888,-25.536,40.491,-0.989,-11.625,23.382,-31.649,-39.364,45.229,0.89593,-14.636,39.151,20.85,20.017,-34.768,-38.926,-45.1,-44.276,39.567
0,-14.654,-23.742,24.232,5.344,18.69,-13.065,-19.1,-0.311,7.767,27.441,39.137,-0.185,-43.923,-8.242,39.142,16.718,29.674,9.966,34.863,10.589,-10.062,-16.345,19.247,22.172,1,32.678,1,22.079,-6.569,-1,-24.943,0,-46.117,31.072
1,-13.787,-47.098,-40.042,0.08620,45.337,-2.985,-1.392,-0.362,-5.57,-8.527,0.92867,31.487,-48.888,-1.051,26.025,-28.918,-10.161,5.45,8.179,-48.602,-23.805,34.118,21.359,-20.757,26.646,-0.78,13.23,0.83796,-46.161,-0.418,-46.709,19.263,-23.228,0.86285
0,27.937,-35.95,46.007,0.38889,-39.1,11.572,-16.057,-14.064,12.786,-18.949,-13.759,-9.117,-31.796,-26.053,-49.366,-7.63,-24.403,33.484,-45.833,32.291,-9.554,17.043,-48.539,21.029,0.73413,22.45,-36.25,0.63492,-27.02,-29.127,-23.448,0.266,38.857,0
1,5.011,-17.976,1,46.022,-23.127,0.10827,37.46,-24.755,42.231,42.069,5.134,38.965,-39.11,34.989,16.811,8.461,29.426,24.853,-19.077,5.879,12.458,0.59962,48.605,10.606,36.834,34.231,-31.161,42.24,37.857,34.073,-8.878,-7.253,0.33381,38.792
0,9.522,25.207,45.024,-9.624,12.614,0,1,-39.583,-8.109,-45.664,-6.351,37.425,-7.626,-23.223,27.047,-5.795,-33.894,1,-15.537,38.101,43.067,25.304,-1,-23.745,-16.687,42.037,44.065,1.919,33.101,19.11,-42.798,-31.626,-35.322,-26.961
1,19.578,-47.529,-1.669,-39.711,34.855,-8.221,1,-33.541,-28.337,14.26,-12.415,0.333,5.398,20.428,10.208,-41.389,-21.961,36.859,-40.219,27.294,0.79400,-46.078,41.304,-43.456,-38.25,-30.172,-14.237,0.60990,0.53952,0.749,-2.482,47.284,3.921,-43.313
0,0,19.587,-40.574,39.246,1,47.318,-37.96,47.253,-43.695,1.064,-24.415,1,-34.817,15.864,20.456,50.841,-39.199,-37.254,34.086,37.547,-35.106,30.131,27.445,-8.901,9.751,17.091,47.021,-9.083,-1,28.984,-8.444,-50.986,23.395,50.244
1,1,-4.297,-4.454,14.439,39.555,35.887,-5.472,-2.738,-33.185,-10.444,28.323,-20.777,16.7,-15.152,47.513,0.77128,-48.661,42.511,48.07,-12.691,-44.968,-42.64,6.811,-28.046,0.64628,5.346,-26.894,-18.757,-11.067,48.327,-29.387,24.731,-47.495,1
0,0,10.374,21.519,11.937,42.951,-32.585,-27.187,8.861,6.553,1,17.846,-27.971,47.126,-41.745,-43.861,-17.724,-10.074,14.393,26.47,-8.938,-1,-37.524,24.405,18.913,37.684,-1,28.135,-15.913,32.164,32.049,-40.112,15.31,-23.148,7.693
1,1,-35.316,17.79,11.186,3.121,-27.451,-42.213,-12.031,44.878,31.574,-2.249,24.141,12.736,35.886,-18.8,-34.495,-5.857,4.795,1,30.361,10.172,-7.859,1,38.599,-38.044,-7.119,39.058,24.055,-28.093,35.626,12.715,2.963,1,8.758
0,-15.387,0,1,-35.143,1,1,44.886,39.596,38.285,-16.568,14.96,-34.826,-6.375,46.814,31.656,-34.225,-34.469,-46.691,-33.847,-23.625,-9.785,47.375,7.364,8.996,-27.408,-13.548,17.552,-8.137,-5.39,15.247,12.29,-8.333,38.632,-2.286
1,6.937,-43.8,16.38,-33.567,43.524,-28.747,0.89702,1.441,-14.577,0.35197,0.78801,-3.417,31.195,27.767,13.308,-28.792,-41.263,38.768,49.377,45.196,47.039,26.964,-12.974,-47.74,-40.138,-36.6,-28.722,0.73885,-25.822,-29.906,8.934,-38.097,-49.813,48.738
0,19.985,19.567,7.202,-25.367,6.029,-7.528,0.46643,-18.455,-24.294,24.157,-27.559,17.0,-23.305,31.159,-7.365,35.998,11.193,43.617,-16.246,0.36353,-12.333,-45.932,-28.751,-28.457,9.41,37.484,39.431,-42.812,-38.795,0.10349,17.257,-22.702,-21.236,0.04586
1,48.089,28.748,-22.725,-10.555,41.83,-0.05178,45.372,25.923,35.059,-8.064,38.939,-38.708,0.71598,-23.762,0.73077,-34.56,-6.045,35.007,19.696,-0.01479,33.9,48.199,28.418,-38.465,-34.466,-8.826,33.28,46.358,45.018,-5.783,16.914,28.017,25.552,-20.622
0,0.499,34.564,-45.41,-33.091,0.97464,-15.196,-19.572,41.712,-25.908,24.634,36.185,34.237,24.143,-46.271,-18.812,42.756,-9.442,-22.835,2.621,13.611,29.754,0.14792,-45.092,-36.416,-18.907,-7.749,12.212,-48.335,18.861,4.567,-18.666,-37.399,0.34411,0.12755
1,-16.416,26.165,0.67547,-1.934,-39.002,48.085,2.959,10.489,-38.688,-49.603,-46.356,-37.297,-38.643,-0.13962,-39.102,16.698,0.76981,-21.616,-38.988,26.489,-46.355,-0.23774,-15.972,-30.11,-8.586,-38.853,-0.537,26.823,26.908,4.182,44.33,13.709,39.535,-45.071
0,-19.311,-2.596,12.449,-44.493,0.89241,8.496,-43.549,-42.8,-36.902,29.952,49.788,3.712,18.591,-31.865,-29.578,-21.481,8.086,12.294,-40.599,-36.927,1,-16.257,41.008,-1,0.57273,17.738,0.083,-33.562,-38.915,-30.67,-27.523,-41.052,43.756,-35.687
1,-7.197,-13.432,-23.342,-37.425,5.998,17.965,-27.418,-26.75,-14.431,-40.046,-44.003,0.14118,-8.908,0.08235,2.734,-38.037,-19.047,13.804,-12.417,16.329,-22.675,0.06667,-23.155,-39.574,19.18,-41.877,-25.058,0.10039,34.929,39.432,-11.983,-45.248,15.824,40.685
0,0.854,13.75,0.41932,40.684,19.896,-44.61,18.56,-3.512,-0.03636,-29.755,5.886,1.826,11.427,22.47,31.953,-34.035,0.257,-9.344,-25.06,36.118,-41.094,-30.521,30.318,-45.331,-26.282,-0.04802,-45.738,18.581,4.153,20.647,-8.714,2.759,-6.72,-0.06314
1,-4.873,0,35.735,-26.893,46.18,-13.865,48.967,-14.876,-48.365,19.278,15.049,-40.95,12.954,-42.073,-4.504,-24.566,-46.471,7.419,2.649,-14.415,0.58,47.756,46.413,-35.143,13.641,-8.05,0.69811,0.53235,-2.214,-23.926,0.43026,-19.061,-1.589,-24.416
0,-14.08,15.471,41.952,9.79,-49.519,-42.486,34.747,-20.765,11.067,7.784,-43.813,10.731,48.029,3.024,-21.542,35.443,0.85701,-0.11344,-29.533,-41.421,-24.407,41.613,44.623,0.80934,47.119,48.417,15.054,-0.25288,9.499,12.134,10.542,-24.08,-43.897,-26.934
1,-37.784,-29.094,6.692,40.396,0.64348,-44.046,-0.051,0.38261,-6.149,12.054,-38.332,0.26957,-17.136,-46.269,-23.726,-27.583,-45.392,-0.42609,22.324,-16.449,-29.365,-12.693,46.174,-5.494,-1.646,-19.77,32.848,25.134,22.141,-23.681,30.928,47.701,28.256,32.081
0,-0.566,-29.143,-30.297,0.14861,43.178,23.213,-29.635,-9.082,2.127,12.674,-37.17,-0.15170,13.358,37.484,-14.043,-45.217,-8.418,-22.88,3.839,6.857,27.997,19.5,-0.63777,-12.402,-5.648,39.248,-8.295,6.809,-30.887,-25.783,-34.615,45.242,-13.267,-0.08978
1,1,24.46,-29.89,18.181,16.125,-4.289,-31.008,-10.874,-20.101,32.745,46.074,29.085,-44.678,15.272,33.24,-15.825,11.96,23.449,17.682,21.31,-9.666,-9.071,17.348,-0.20883,-19.366,-0.03176,-32.826,-35.045,0.131,18.57,5.708,-0.01868,5.281,1.751
0,-46.683,-16.319,-21.546,15.191,0,46.448,21.419,9.946,43.741,37.938,21.356,7.899,31.661,19.019,-13.968,5.317,-35.034,48.426,-39.676,-41.913,43.632,-16.928,-23.219,-30.704,1.694,0.80710,40.331,-26.002,-2.618,0.69401,19.952,27.99,0,23.38
1,-4.067,-32.064,-6.988,47.069,25.48,49.644,-7.653,5.088,46.622,-4.768,9.748,-43.07,0.24412,-19.144,3.225,30.433,-43.114,50.12,25.944,0.79617,37.485,-29.304,-6.82,-36.165,-0.68159,2.139,37.687,4.698,33.045,0.817,-0.71475,-40.535,-42.832,-35.725
1,1,-16.273,-15.614,-28.112,42.048,-43.308,10.402,24.786,47.564,-31.714,0.31409,0.92643,31.57,30.2,-3.969,-7.99,45.525,38.914,-11.949,11.908,7.169,-25.741,34.455,3.349,-10.322,17.087,43.166,16.144,-10.744,21.98,-28.213,-39.509,-0.59943,40.797
0,1,-3.766,-10.508,41.432,0,-35.437,11.681,-11.017,31.612,-44.433,-20.268,33.092,-4.795,0,-13.432,36.538,-5.841,-8.307,-21.824,-39.203,8.179,47.192,-47.479,35.57,35.315,31.849,-1,14.492,-40.145,38.055,33.536,-37.128,20.66,7.629
1,-27.695,33.032,-34.648,-20.095,-26.283,30.297,-6.482,39.748,-19.779,-11.656,0.67801,4.434,2.773,-30.136,-8.368,-47.612,-4.908,24.621,-37.011,10.237,-24.588,-28.587,0.68183,-36.786,3.764,7.325,-15.607,-9.362,15.692,5.414,44.426,15.997,0.57455,0.15114
0,-35.701,1.783,25.136,40.877,-35.911,28.049,-14.533,-10.348,-35.629,9.518,-1.261,-32.345,8.383,35.628,11.332,-11.407,-3.578,12.16,31.669,34.812,46.156,-19.722,43.224,-13.187,-16.686,-1,-1,-49.825,18.016,4.742,1,-1,33.124,-40.683
1,9.964,-26.113,-6.658,-48.959,0.96215,-0.03142,-21.721,24.921,-20.755,14.807,20.387,-1.767,38.93,12.073,5.869,-28.363,28.138,-0.14257,37.532,-19.028,-35.375,-8.03,10.595,18.966,-19.735,-27.717,44.717,-14.943,0.94599,-23.51,3.263,-16.653,28.321,-33.127
0,0,-10.783,-37.157,-12.808,0,42.597,30.567,-13.389,-19.848,-48.872,-12.189,44.409,43.504,-21.449,0.617,48.865,-48.423,8.611,-28.91,16.626,38.366,-27.172,-11.913,48.779,35.951,-46.731,-4.404,-44.575,11.667,-36.0,48.261,-29.357,0,0
1,1,-33.645,-6.419,30.367,45.18,-38.995,-2.875,-0.18242,28.267,0.08460,-12.396,15.446,47.475,-37.609,27.295,-40.689,-15.359,9.227,39.112,-15.629,1,47.771,-21.841,-31.011,-24.919,12.407,6.825,35.294,-41.054,-50.011,-42.909,0.876,9.602,39.058
0,24.574,-42.957,0.28409,36.972,0,-28.706,48.811,16.303,43.512,6.164,47.068,-10.462,-18.436,-47.088,-38.747,-28.559,7.111,24.629,0.45076,-22.002,28.072,0,44.566,30.714,-23.073,19.163,-23.552,16.913,-28.69,-12.861,11.169,-25.895,19.567,-7.747
1,1,-45.802,0.94490,37.812,-37.795,44.445,-7.1,34.414,-47.58,-9.44,-7.854,-20.753,-37.279,-35.245,-19.572,-23.991,-4.571,-0.17681,33.67,27.953,34.113,13.492,29.748,46.824,-22.474,16.025,20.036,-7.164,35.199,25.526,-33.612,-19.465,42.173,-0.44739
0,1,-37.308,34.564,29.098,40.712,18.536,26.881,-45.45,-15.239,2.155,2.808,27.165,0,34.106,-22.73,-26.266,-36.505,-0.71951,-45.363,42.466,-19.391,11.719,-47.114,35.64,-33.027,4.594,24.527,42.187,-0.501,-7.914,-37.534,-19.378,24.481,0
1,17.721,-39.311,-36.032,-39.818,-1.755,-39.461,-48.675,-0.16431,-16.425,-0.06257,0.96484,-47.076,30.863,-39.578,14.543,-44.652,-8.497,-38.832,-38.789,10.362,-15.813,-29.962,0.87836,-2.038,39.736,-22.679,27.444,11.898,5.102,-45.244,-0.474,-21.96,48.957,25.962
0,1,-28.012,-31.859,49.414,-44.549,-41.199,-15.957,-0.487,14.335,0.82432,-20.0,35.467,0,7.581,-39.338,-36.687,40.394,41.756,18.104,-24.735,-30.751,-12.919,-43.528,-41.267,11.296,2.88,9.461,-1,17.965,-33.945,-37.565,-25.544,-12.434,-30.147
1,19.682,-39.988,-25.879,4.581,0.99150,-40.39,16.288,38.375,-18.628,-23.492,12.618,-15.063,-37.353,-42.745,-43.568,5.019,-22.919,1.413,-44.716,-0.88952,-36.443,-28.802,-8.673,15.58,-12.812,-35.077,0.53777,39.733,22.944,-41.894,-7.197,16.965,36.295,-0.76112
0,1,-8.685,-3.132,-46.323,0,0,21.647,30.505,-18.998,13.102,20.546,5.56,-44.735,40.559,-5.873,-26.673,-45.017,-0.373,-23.872,17.652,-29.572,-1,-0.152,-26.142,-30.198,-9.748,19.328,-7.654,2.705,12.818,1.465,0.23,48.143,32.086
1,48.48,-24.819,11.602,-14.035,-24.149,12.686,35.524,-2.465,-34.946,0.69962,14.511,-41.508,-21.145,-14.211,45.372,13.937,19.047,7.597,-0.34100,45.837,1.457,0.56092,-20.803,-14.395,40.514,-1.855,-5.914,-49.128,-45.281,-24.59,-9.119,-41.107,-47.592,-0.31954
0,3.384,-12.81,0.42000,-15.69,34.837,41.105,-40.68,20.963,49.114,11.755,15.901,-40.624,-23.298,-24.338,48.454,-26.335,0.67000,-44.002,-48.362,-25.23,46.33,7.738,8.72,14.345,45.175,25.857,37.124,-30.093,-29.635,10.26,0,47.953,9.876,0
1,1,-38.784,-22.636,-5.222,32.848,0.52013,-27.181,-15.467,32.825,-1.117,-19.372,-28.177,21.752,6.866,-0.21980,-5.887,40.302,12.627,-15.12,39.237,6.178,-22.886,-46.52,45.933,-0.70838,30.321,-18.432,-0.623,-39.482,27.47,-44.602,-46.483,-31.109,44.15
0,1,-4.457,13.655,-8.127,-30.485,-33.639,-37.772,4.059,-11.732,-8.411,22.294,27.39,-30.187,-29.233,-8.568,-0.03403,1.819,19.424,-45.059,15.673,-25.894,0.00075,43.516,-6.648,-33.329,23.673,12.884,37.394,-30.182,15.32,-13.794,-1.566,0,7.21
1,-34.007,45.549,-34.797,-9.233,2.116,21.023,-31.336,40.863,0.023,32.78,0.40476,-9.992,-10.559,17.019,24.77,29.204,32.822,-20.746,17.591,11.191,5.195,-15.864,18.686,17.926,5.357,-19.931,5.41,-1.641,0.19048,-45.151,-17.146,-0.02034,0.14694,21.334
0,30.582,-32.064,37.938,43.586,-21.338,-30.892,-26.311,23.363,28.517,-39.149,10.729,3.128,-41.434,-42.988,0.68852,-0.16393,-22.597,-42.91,44.002,6.732,19.159,46.481,1,47.18,-13.894,-0.34426,-39.956,14.819,-15.991,20.82,2.889,-48.125,32.178,20.907
1,47.024,33.769,39.388,-6.249,0.88627,47.115,5.302,26.277,-7.583,49.246,41.985,-43.836,-29.17,0.789,-7.118,-36.608,22.801,-19.765,-4.386,0.12727,5.289,-5.372,25.373,9.439,47.648,1.967,-34.88,0.15088,-10.755,49.298,38.558,-32.392,16.746,0.17077
0,-12.432,0,-9.527,17.433,7.063,0.11342,-16.44,-28.304,35.895,24.211,32.289,-8.428,-4.508,41.528,-44.119,-26.872,0.46429,-10.077,38.546,29.32,2.496,-27.853,15.015,-39.648,-9.147,-15.889,10.204,48.581,34.077,39.448,43.45,-0.29915,46.1,10.554
1,-7.04,-9.508,35.184,-6.912,-45.479,43.804,1,-19.337,-8.237,-3.763,21.496,32.381,-38.145,-0.07287,8.171,-38.768,0.86889,11.226,0.88000,-30.247,32.006,7.093,3.013,-36.315,37.415,7.665,-21.189,32.394,-3.973,-35.583,-35.908,42.275,37.538,-45.204
0,-4.615,10.237,3.531,-0.12727,-28.119,-7.413,4.305,-4.971,-35.043,-20.478,-19.431,32.978,15.326,-15.958,16.214,-25.706,0.20000,39.692,-37.283,24.754,31.061,-30.905,0.61818,-28.531,0.32727,-11.592,-26.662,-48.895,-19.799,5.184,-47.569,-9.862,30.563,11.041
1,1,5.742,18.016,-15.665,-6.658,2.538,24.626,27.992,20.02,46.156,-14.312,-36.702,35.868,35.704,33.747,8.327,0.98878,-48.977,-21.226,-0.842,-8.827,41.953,-34.959,12.931,-35.438,0.79245,0.92192,-40.684,-11.243,7.967,-10.407,43.474,-15.252,-28.319
0,1,-16.427,28.188,0.83333,-0.76190,-0.23810,12.496,36.406,-7.392,26.995,14.185,2.427,12.0,-48.872,-1.41,-22.793,-26.495,44.264,-36.137,-20.701,-18.457,9.012,25.122,-27.758,16.053,37.836,-32.645,9.084,-26.172,4.869,-24.006,-43.622,19.42,-5.38
1,-36.157,-41.868,27.735,-35.959,-19.265,-12.912,-11.517,-15.419,0.33333,26.232,36.43,0.617,49.07,0.10417,-28.368,-10.763,44.847,-21.678,8.965,15.228,30.9,0.08333,-33.395,0.18750,-12.993,43.316,-11.749,48.764,43.013,-48.507,-46.148,38.054,48.594,-29.419
0,-11.376,35.609,-37.868,13.6,11.006,18.985,9.439,6.52,48.043,1.195,-22.295,-0.89098,-40.89,37.745,-0.95489,0.28571,-15.705,-2.839,-49.773,0,-13.316,44.547,-25.299,-30.414,-8.376,-29.559,31.488,38.474,39.126,-36.362,46.64,8.907,-43.8,5.937
1,1,-38.747,-9.575,0.06595,47.361,25.119,-42.047,0.19152,-45.391,-25.694,28.972,-18.171,-27.971,33.013,24.296,48.509,-28.045,0.40844,-6.792,16.922,-38.262,-34.679,45.033,-20.75,19.972,5.648,-24.209,17.735,29.061,-5.831,-23.081,17.548,30.9,43.577
0,1,41.173,19.635,47.493,24.355,39.11,-45.042,26.602,0.84010,-20.761,-22.867,-18.978,34.071,34.427,-37.359,-7.205,-33.658,40.66,-4.685,-15.058,-32.042,33.503,-47.614,27.891,14.012,-0.30063,-9.11,-20.401,45.112,-8.428,-7.036,-22.664,-36.715,0.68822
1,3.155,26.165,12.678,2.287,35.106,-39.626,0.98313,-19.365,0.469,-45.543,0.98955,4.566,0.97980,35.609,44.466,-37.362,-35.871,-19.429,27.819,-45.908,43.053,-16.805,25.46,-26.319,0.91567,18.379,-46.157,29.028,27.478,-22.717,-48.558,34.456,-38.892,-21.772
0,-8.435,-39.772,-2.596,-44.443,-45.415,-21.627,-36.687,26.24,-16.727,-40.311,30.982,-43.214,38.542,-0.59212,13.369,-36.371,0.94155,-39.174,17.411,-38.702,0,16.721,-47.182,-2.98,11.722,-39.348,-28.963,-2.276,48.191,10.451,-33.664,4.778,12.076,0
1,1,40.022,-19.341,-0.478,4.88,17.781,-22.932,-19.635,0.97868,-12.947,50.305,-31.995,9.461,-41.28,-29.147,-25.57,-36.565,-44.56,14.773,0.00025,35.467,7.555,-25.879,-0.04744,-11.474,-16.003,-27.02,-44.602,-22.765,-9.399,-29.751,-41.237,43.74,-40.029
0,-40.881,-40.894,2.209,0,40.339,-23.361,18.154,22.08,-45.483,15.393,-29.639,5.667,-36.409,-15.031,-8.748,0.07027,-23.713,-26.256,-13.432,40.513,3.834,18.472,-36.982,-0.41622,-27.802,-8.197,-38.656,35.815,18.328,11.618,17.329,4.894,-34.019,-0.15676
1,-25.673,-8.685,-5.232,0.01403,-29.857,-19.795,48.671,13.784,0.044,30.627,19.98,-14.181,18.872,-0.097,12.395,-45.638,0.36585,-44.735,6.157,14.217,-45.426,-3.669,21.884,45.471,1.684,0.327,-24.765,32.143,-24.645,0.05504,-49.021,40.559,-6.544,0.07317
0,-14.068,19.219,-2.023,49.214,11.739,-41.907,-24.512,6.839,-49.202,34.852,1,-34.492,48.48,-3.113,13.275,46.18,-13.805,-1,34.837,-47.163,48.454,-44.708,1,40.829,0,-20.201,-4.283,-43.323,11.755,14.074,-20.341,0.939,-8.571,9.876
1,1,47.953,45.988,41.309,-23.868,-29.39,0.40816,-30.109,-28.624,12.321,14.651,-41.088,10.383,2.935,25.177,-25.825,-46.099,45.516,8.516,-14.529,-0.28571,-40.815,15.186,-15.862,-13.422,-43.488,21.497,-24.081,-23.89,7.921,35.777,46.33,30.019,-0.24490
0,-29.735,-0.503,1.808,31.934,7.823,-1,-34.639,-5.456,38.592,-38.832,45.684,20.429,-22.636,-0.25342,-5.801,-27.729,41.644,-2.959,0,-29.143,-11.786,-23.332,-16.715,28.752,-14.607,-45.779,-37.784,-7.648,-44.09,32.349,22.658,4.983,-19.648,0
1,46.549,-25.894,-12.896,15.702,-44.15,16.047,0.74265,-29.479,24.129,13.664,37.585,13.631,-8.965,-32.469,7.004,28.316,43.141,0.67647,-30.255,-8.23,-5.192,-36.995,31.676,-30.094,-9.325,-1.691,-11.548,-9.379,21.928,-0.42647,18.031,2.995,-20.171,-0.56618
0,41.672,-20.627,-11.016,-31.245,2.005,5.339,30.929,-16.574,-35.314,-0.906,42.346,1,20.135,0.33987,10.352,4.859,-35.992,23.63,-0.817,4.458,17.999,-0.83007,18.199,16.125,31.685,20.921,-44.408,9.969,-23.338,29.304,-38.983,-17.29,-31.343,-0.48241
1,-41.155,-14.205,-22.527,20.753,-31.531,20.972,47.808,-27.018,0.36667,37.055,44.3,0.01667,7.62,-40.397,3.86,29.516,47.436,-42.562,38.368,-0.01667,26.548,-47.483,15.723,-42.988,-5.248,4.573,0.46214,-6.195,28.262,-16.286,3.077,46.481,18.904,23.33
0,-19.019,47.084,-0.26667,41.621,-44.154,22.295,-11.606,1.695,0.06192,41.225,-36.659,38.431,9.296,24.714,24.183,4.581,-9.47,16.149,46.029,7.85,-8.382,49.248,0.703,29.262,-0.00069,33.768,0.00019,49.27,31.468,-29.964,-5.067,-7.889,-35.526,-32.557
1,16.492,-9.92,1,-39.524,0.64865,38.295,48.841,-9.076,-25.371,44.188,-2.836,-45.032,46.359,-38.568,-15.652,-28.356,-7.716,-27.757,-43.052,35.052,0.62162,33.56,-3.009,-13.297,17.26,-0.29730,-15.981,9.463,39.639,-10.462,37.3,-39.767,11.626,2.771
0,-8.114,7.171,33.391,32.501,30.006,-35.769,-10.508,20.644,8.602,-9.486,35.249,-19.288,-1,36.702,-1,-11.759,-3.842,-6.876,43.353,30.244,-0.99219,2.13,-0.93359,-21.841,8.165,11.169,-6.447,-36.771,44.731,-20.211,-47.479,-36.316,14.85,-30.553
1,1,-25.288,0.95202,5.261,-34.973,-5.627,-27.766,4.135,-18.755,46.139,-47.855,-40.678,-34.432,-47.727,0.95260,-28.699,-14.318,-16.276,16.032,33.05,11.172,39.66,25.637,-37.67,-26.103,-31.441,-3.336,-0.01647,25.11,30.953,36.582,3.06,12.291,-20.433
0,13.932,36.549,9.383,27.395,-13.741,18.397,-8.855,-36.549,0.36111,-0.22222,1,5.485,43.207,8.856,-35.701,-49.323,15.858,18.77,10.595,41.448,-12.187,16.766,36.415,-11.91,-20.755,-28.483,29.049,8.394,-6.658,-1.119,2.783,32.493,-14.686,-0.65935
1,1,24.956,-25.802,8.507,-26.931,-32.997,38.145,30.498,-18.836,12.108,-48.835,-0.03689,-36.358,-10.807,-7.837,-5.419,43.507,38.358,0.00078,44.404,-43.575,27.135,43.752,4.867,-27.496,2.298,-20.725,-16.428,-0.00018,16.625,-22.721,-23.339,11.667,-1.696
0,-42.8,0,13.227,-12.886,-38.142,-33.645,43.205,-29.435,-12.761,26.177,-36.471,-48.541,-11.522,-46.868,-41.221,-3.937,-11.364,-0.11765,48.81,27.082,0.58824,-21.645,-14.752,35.716,44.998,-50.028,49.389,15.211,-19.28,-36.314,49.21,-0.21569,-28.439,0.342
1,-6.376,46.64,0.25000,38.292,-30.15,48.309,-28.368,-22.533,-7.669,6.137,-16.341,0.14922,10.982,9.541,18.949,39.537,8.869,43.24,35.577,30.729,5.181,37.294,-0.01726,-25.922,30.477,-0.00539,-12.383,-40.381,1.192,6.515,-37.363,-28.754,23.574,-13.319
0,-9.527,-18.784,-6.228,-25.038,32.732,38.305,-46.24,17.365,34.824,-35.057,0.18750,-28.706,-0.03125,-38.653,0.06250,-23.315,16.48,28.592,19.474,16.777,46.424,-38.889,-42.957,44.566,47.121,-7.299,-21.164,28.158,18.849,-24.521,24.957,28.072,48.129,0.09375
1,1,35.285,24.527,-0.01081,-19.652,-45.829,-32.027,-26.331,41.663,42.061,-36.545,-36.904,0.98919,-23.387,-7.089,-34.677,-47.53,-15.147,-22.862,-10.115,26.895,0.06486,-18.057,41.216,45.46,33.205,-7.869,-7.901,-37.279,34.074,-44.924,4.621,14.726,-20.642
0,12.719,-39.823,0.85271,26.219,11.451,26.962,-38.607,1,25.396,-1.284,3.023,0.03876,-46.114,-16.44,-18.378,-0.98,-38.534,-19.344,3.062,0.11628,44.466,-44.943,35.564,25.568,-21.924,-21.664,-36.308,36.356,0.344,29.168,19.536,27.113,-8.435,-48.558
1,-1.596,-36.687,14.575,-39.354,1,11.802,1,-17.4,39.733,16.726,30.947,-0.01604,-42.528,4.159,-37.702,-41.134,-29.147,0.04813,-38.396,-45.035,-43.476,-46.98,-38.783,-15.973,-21.518,-33.655,-28.993,8.506,49.068,12.087,-27.012,17.502,-36.048,42.82
0,1,17.773,-30.956,-39.7,49.536,-31.86,-19.345,-19.993,-44.245,0.35000,-26.516,-9.72,-23.826,5.869,-0.09500,7.791,13.7,-23.5,34.125,-40.953,40.033,15.313,4.179,-12.587,-13.014,-25.784,18.287,39.737,-0.957,-37.38,-39.927,-0.31228,19.087,-44.518
1,1,-37.409,-37.382,-9.715,-6.081,0.06667,36.691,-8.13,-29.498,-3.791,39.983,2.834,-41.081,-14.831,22.38,11.618,17.029,0.10000,-33.641,-45.383,-27.069,22.1,20.313,2.209,5.787,-26.009,-29.912,18.43,-12.832,0.13333,-22.534,-24.546,-40.261,6.007
0,1,-44.735,45.472,-35.5,0.06704,-8.677,48.143,-26.684,12.108,13.711,-5.267,1.864,-19.776,30.558,1.529,-45.728,45.18,0.325,-25.022,-47.087,-5.921,-0.121,-14.201,-0.157,14.152,-49.21,-45.535,-0.00838,40.59,18.65,32.131,-24.819,-2.065,-0.03352
1,1,-21.341,-14.133,-41.393,0.72554,48.153,-14.329,16.296,6.852,-43.817,12.026,9.565,-20.677,19.78,-43.082,-14.65,-0.66455,34.909,7.083,-49.397,-41.432,34.412,10.43,40.556,-30.354,9.228,48.615,10.191,-8.203,-24.931,48.675,-3.248,13.577,-0.05980
0,1,0,0.05460,-29.62,-23.662,2.43,-43.698,41.151,-6.879,5.992,10.278,30.219,-46.076,-17.672,-26.419,44.919,-0.09483,21.738,14.305,-44.038,-12.79,36.147,45.604,-41.275,-24.199,47.944,-24.329,-16.171,11.898,46.341,25.203,-23.286,21.917,-29.1
1,1,-23.332,-27.238,-30.746,0.79704,40.654,-38.032,-37.375,7.613,-11.775,-44.995,-6.658,0.33,19.462,33.2,44.7,-25.093,-34.647,-13.002,12.855,0.75961,-5.423,-7.96,-19.593,-7.856,-29.158,39.373,-1.953,32.674,-0.05025,2.638,-14.577,-37.994,27.76
0,24.673,4.886,-30.117,-19.858,-31.522,-10.868,12.762,45.529,-8.921,-0.04993,37.346,-0.01284,32.551,3.479,0,15.639,-0.04708,17.038,-4.474,43.551,27.514,18.476,-29.703,-45.085,-30.131,-9.119,-33.289,7.226,-1.546,-45.144,29.226,11.125,22.465,15.34
1,1,-26.884,0.47090,-20.399,-15.441,21.308,2.04,-21.862,43.364,-16.822,-30.962,18.584,47.133,-42.45,31.273,7.229,20.837,17.326,40.172,-1.734,-0.14815,-39.311,32.537,9.496,4.956,-35.004,5.036,-35.329,0.15873,-16.536,-9.767,-0.459,24.727,20.994
0,1,0,24.774,33.776,-40.341,26.19,18.592,-43.07,-47.557,20.791,-6.016,-5.079,-31.941,-22.716,38.097,3.025,15.313,43.686,-41.965,29.655,37.055,0.704,-35.414,46.901,-14.054,-0.10297,-5.413,2.624,23.492,4.373,-19.923,-0.07323,27.978,46.379
1,48.084,46.024,3.957,24.585,-7.901,22.819,-11.212,-25.46,28.701,10.333,-10.205,-29.543,37.645,41.294,16.282,-8.2,-37.087,3.961,49.118,30.775,0.49909,-44.407,8.566,-0.37660,-43.142,9.25,0.60098,0.30384,2.194,41.826,49.298,38.543,15.942,-32.053
0,37.538,42.432,-3.746,11.119,0.04090,-8.048,-9.899,45.856,-6.83,48.236,-16.271,-4.794,0.01975,-39.176,-10.252,-8.772,-27.581,-39.145,-3.86,32.532,35.272,43.974,39.073,-28.302,-16.592,-0.01269,36.589,-44.773,34.321,-0.01551,15.475,-13.456,-38.561,33.505
1,-35.908,30.272,-29.352,24.7,-19.325,-19.325,-15.474,43.787,21.503,0.09037,12.035,-5.495,0.88051,-11.816,-8.331,0.03510,8.045,7.562,-34.601,30.864,-6.386,10.249,-45.574,-36.106,-46.9,-22.208,7.995,-25.325,2.894,32.381,0.73936,15.831,-8.717,-9.59
0,1,-37.647,-3.298,16.016,-14.312,31.934,-13.187,-39.683,1,-21.441,-10.407,3.123,38.71,32.032,34.628,25.136,-34.389,9.967,16.035,12.332,42.04,6.238,-27.701,-1,4.094,-32.396,-47.825,-35.438,-27.695,-18.722,-28.073,47.156,-36.911,1
1,1,-7.845,0.85209,35.808,42.266,28.813,1.871,10.584,43.326,-35.487,-22.517,27.95,-19.841,33.232,-1.701,-0.31044,-15.401,-0.55262,-7.851,-29.066,-15.401,14.053,-32.248,19.045,6.521,-36.934,19.875,27.352,13.31,8.966,-48.78,-8.692,36.437,9.614
0,-11.189,-16.427,-45.731,45.409,17.626,2.811,31.192,-13.808,-20.449,1,12.188,-20.694,-21.721,1,0,43.504,39.366,-49.872,-9.783,-4.404,25.956,-18.848,11.979,1,-26.172,-22.339,-42.575,-0.696,-26.496,-25.113,36.995,5.869,8.611,-11.913
1,1,-49.773,-40.868,-12.767,49.406,28.297,-13.369,43.597,48.375,0.92157,11.776,38.714,14.457,-40.257,-0.96078,-48.757,47.614,8.221,-26.154,47.18,-3.486,-29.91,-38.123,-16.144,-35.079,-44.016,-28.428,-36.938,-32.92,45.115,26.53,36.853,0.499,0.90196
0,1,-25.194,30.714,1.195,5.52,-25.552,17.985,-27.706,17.303,5.206,45.64,-6.376,-27.75,36.609,1,4.937,-18.784,-7.747,23.574,30.488,-13.376,10.006,16.152,1,-36.362,-30.179,10.439,-1,-22.772,-16.352,38.474,42.205,36.29,-27.559
1,1,-34.612,33.114,44.926,0.53695,-34.212,38.082,20.567,-7.164,36.174,15.324,46.758,-24.315,-38.39,27.158,27.849,-46.906,43.788,-38.191,-22.195,-5.794,-39.573,0.77778,-23.696,26.228,47.089,19.957,34.65,29.323,-42.113,25.211,49.129,-0.55556,-9.527
0,-45.802,24.481,41.173,-45.45,33.113,4.594,0,-36.871,42.077,34.106,23.527,-26.266,-22.73,-37.534,-20.652,-10.11,11.719,-20.572,-15.239,-8.854,40.712,-19.057,34.564,-23.841,0,-48.481,-44.924,0,-7.914,13.726,-33.027,-8.089,-0.501,0
1,44.466,-1.276,-38.311,-9.435,-46.114,29.098,-21.203,2.686,27.631,-39.823,0.91201,-16.591,0.89067,-39.465,-16.547,-49.395,-1.23,26.49,36.39,17.221,-18.641,10.451,1,-37.558,19.036,26.665,39.542,-46.737,-18.628,-39.098,-39.076,26.859,2.83,0.30293
0,0,-45.078,-16.957,1,43.756,-1.596,-36.687,8.461,-37.702,-45.443,4.88,47.191,-36.027,-34.708,-23.481,6.581,-30.147,40.022,-1.487,29.011,-29.963,-43.528,13.671,-28.012,-38.565,3.159,1,10.722,1,-29.751,16.411,-42.199,12.076,-39.338
1,-22.735,17.965,-36.409,17.773,-43.549,0,-44.817,34.578,40.35,16.218,-18.739,49.195,-22.919,-44.79,-8.597,-20.311,-40.49,-31.96,1,-12.545,-38.878,-23.245,-39.321,-8.308,41.18,5.594,-25.975,-12.972,19.682,0.11111,-24.655,15.282,14.788,0
0,1.465,22.134,18.652,-37.982,-26.142,40.559,0,-30.198,-41.881,-44.735,-6.715,19.546,34.991,-15.831,-30.572,-9.748,3.209,-40.144,-27.802,5.84,30.505,-13.432,-25.713,19.328,0,2.834,-2.791,4.153,-1,20.647,14.75,-33.308,11.618,0
1,1,-3.023,-48.216,-8.23,-4.283,-42.778,-4.873,0.09091,-23.958,45.089,-7.571,32.086,-44.695,-45.911,49.143,13.962,1,-19.68,13.102,-14.228,-1.113,-41.271,0.854,-26.582,-46.163,-0.242,46.413,-24.868,2.939,-24.058,1.23,-35.764,20.219,-0.18182
0,1,-20.201,13.695,-30.949,-21.341,-26.335,41.106,10.739,-40.919,-48.914,47.908,-43.319,10.679,7.358,2.748,0.31439,47.676,-14.476,-14.959,-41.828,9.894,11.741,47.879,8.898,45.256,7.465,35.094,34.276,-14.636,15.714,0.18182,46.307,-44.538,-0.41667
1,42.105,-29.094,46.641,-0.386,15.345,25.412,-22.298,48.365,1,-19.59,-23.338,21.893,12.872,-5.338,1,22.434,11.26,-29.693,31.285,-0.11765,-23.23,-12.457,-45.038,-17.303,-15.188,5.866,-0.959,36.326,-43.09,-6.742,-26.962,0.35294,-22.636,-38.597
0,-7.582,43.516,-6.648,-1.566,-9.708,-23.96,-10.786,28.262,32.428,-26.128,39.644,-0.36170,-14.479,1.218,-33.639,30.934,0,-29.143,-36.548,-38.864,-0.25000,39.592,12.912,12.177,-30.735,-45.779,-30.347,18.961,-45.285,36.905,7.568,45.588,-14.469,0.45745
1,46.549,-10.868,16.237,0.29167,-8.109,4.719,-32.621,-4.207,-8.262,21.269,28.409,0.04167,-19.05,29.377,-34.303,18.045,4.377,17.108,2.783,11.227,-29.515,-45.235,-15.114,0.16667,24.506,22.355,33.374,18.527,16.672,-29.547,0.70833,24.46,7.918,-31.484
0,-15.319,31.686,5.375,46.281,32.685,40.672,43.346,15.023,17.258,-17.316,43.734,-20.627,-22.222,2.42,9.877,-26.884,0,20.972,47.475,-30.941,-39.166,0,20.9,-0.06571,-34.928,-0.126,21.026,-22.902,-9.891,5.096,-1.592,-42.81,0.16827,7.099
1,1,36.938,30.582,-40.562,-19.019,-5.181,5.432,9.006,24.38,-30.294,38.918,18.144,27.089,37.933,-31.145,-42.637,-35.973,33.117,25.368,46.268,50.095,-0.079,0.58829,-6.246,-5.579,26.899,-13.718,-0.85669,-35.146,48.407,-47.441,-43.876,0.29221,2.264
0,-7.833,-27.541,-25.236,47.024,28.261,17.158,-12.428,-33.382,17.255,47.295,0.46053,-16.203,8.079,-39.115,0.35088,38.345,-43.043,4.543,-43.653,-8.938,22.174,24.199,40.923,-0.16228,32.467,2.347,-7.383,-1,42.294,9.439,2.09,-7.687,11.941,45.924
1,1,-3.836,-27.302,35.469,49.19,39.058,34.308,-0.30133,-8.609,-36.363,-3.059,-8.281,37.309,-5.101,35.03,-35.798,-44.29,-10.532,15.897,-7.392,-15.981,42.038,31.538,20.333,-13.192,-39.667,44.291,-0.48390,-10.104,-0.39143,-38.411,36.024,32.72,7.163
0,11.173,43.829,-20.268,-19.144,-8.114,9.237,0,0,39.71,-30.209,-46.697,29.272,-15.249,-10.755,0,4.123,3.013,-26.288,-5.615,-27.073,3.094,15.85,-36.647,8.208,4.238,33.445,8.171,-8.268,-23.189,-8.498,-1,23.699,-46.479,-36.908
1,1,12.932,36.551,-11.601,31.898,35.238,-8.485,-28.921,17.833,-49.096,24.928,-28.99,33.828,-12.683,-3.665,-20.221,-14.94,-32.104,-40.412,-36.11,9.372,42.498,6.077,32.435,0.14750,-0.63601,-36.345,-16.282,-20.513,10.783,-35.929,45.615,14.96,-0.47898
0,9.964,-23.339,26.45,-29.205,7.876,2.783,1,36.938,1,-48.438,-0.842,-18.91,19.637,18.158,-20.755,1,-27.496,-7.658,10.595,28.138,-13.741,5.869,14.858,-26.113,1.584,1,-36.042,35.549,44.752,-37.701,-7.147,-33.894,28.525,42.877
1,49.779,-12.808,0.84177,-21.014,-22.221,-35.239,-48.773,13.097,24.578,-18.967,-44.298,-11.577,7.672,-10.589,-21.592,11.412,-12.541,-6.06,-0.25105,29.71,0.779,-28.037,-46.216,-14.057,49.01,-0.28903,17.405,-16.348,39.008,43.932,-36.843,0.62447,-1.7,45.103
0,1,5.937,47.64,49.043,-13.316,12.6,-29.617,-49.423,34.951,14.457,-48.773,-28.357,-32.645,-38.362,-38.868,26.295,-24.919,-4.839,1,43.597,44.547,8.907,-27.91,-41.375,-1,-42.868,31.488,-42.8,-16.419,28.297,37.126,49.865,1.195,0
1,-45.24,43.205,-15.352,19.621,-41.957,-27.559,0.77123,-17.784,-25.527,-6.376,16.303,7.52,23.574,31.714,-23.772,-22.315,-13.376,5.206,-25.552,-0.66667,38.474,-0.92536,18.567,-39.08,-29.04,-29.75,-21.003,16.152,10.439,-8.747,35.609,10.006,38.29,-0.66667
0,28.158,48.129,45.424,45.482,32.113,37.305,24.989,47.089,31.67,-37.279,-37.795,-36.12,-1,-6.571,-1,17.324,34.199,-10.527,-35.612,40.173,34.285,-5.831,28.072,-20.652,-22.841,-1,26.895,45.566,29.748,-9.854,1,-7.089,-23.474,19.036
1,-18.378,2.155,25.481,34.632,-44.802,-0.358,43.077,-37.313,14.726,40.587,-44.924,18.931,1,29.588,24.527,-19.982,33.731,-44.45,5.594,-33.027,-14.239,-47.561,-9.11,1,36.64,-25.266,-35.871,-18.057,-18.391,-7.664,-21.73,1,12.719,1
0,4.159,-47.001,-39.702,15.721,-9.435,13.671,38.803,-1.98,-21.703,-39.348,10.451,0,-39.823,0,27.568,25.881,48.191,0,-48.114,-40.311,0,43.466,-48.558,27.165,-36.308,-40.772,-15.712,-40.607,2.186,-45.078,-1.276,26.24,-17.416,-29.963
1,1,11.722,-40.549,-32.039,-29.564,-0.63,-44.575,-37.241,-30.454,7.625,8.842,-39.601,0.28931,-44.869,-33.674,-20.5,42.959,-16.252,0.15196,-2.887,17.868,-37.88,3.945,11.808,-22.451,-43.779,-28.013,17.179,49.28,-0.21129,29.964,-41.457,40.035,-36.959
0,1,34.467,0,-39.656,17.965,16.329,15.393,-41.881,-14.831,-12.434,19.682,-40.321,-26.712,-12.659,0,-27.802,-13.432,40.513,-23.735,-37.409,-9.572,5.375,-44.734,0.90625,1.209,-19.128,-8.155,-37.232,-23.363,12.788,39.225,-45.754,-25.742,-24.856
1,-2.791,1.465,1.23,0.05149,3.828,0.10123,-7.724,36.138,12.573,-0.26496,-6.055,-30.025,-25.338,18.581,20.284,40.833,-44.067,32.373,-29.602,5.446,-24.188,14.042,-9.292,0.28476,-45.304,30.777,6.17,-34.053,18.926,-40.658,21.871,-45.424,0.035,22.325
0,1,-0.152,46.413,19.124,47.143,-48.163,-3.113,-20.771,-13.805,-26.356,-5.06,45.942,-25.512,-25.958,13.144,-23.819,-41.85,7.839,-7.571,13.102,2.627,46.48,-50.216,-1,-13.399,0.36508,35.852,-39.907,-4.283,-2.515,-1,12.748,-16.068,-34.763
1,45.965,-15.08,-29.376,10.737,0.60761,-20.909,49.378,10.354,-48.271,48.382,0.96197,41.197,16.468,34.918,-40.348,8.771,-42.866,9.622,-40.807,10.115,0.84871,-19.939,36.875,12.239,-22.452,-44.734,8.611,-24.361,42.09,0.09385,-25.552,14.243,47.188,2.237
0,-37.784,0,-26.962,-13.81,32.934,0.497,-23.23,-22.636,-16.715,-0.5,26.177,41.644,-4.456,-18.648,6.983,28.752,-38.832,-1.959,22.658,-43.09,-45.038,-28.094,48.953,-1,31.285,12.872,-44.779,0.62500,-28.635,-16.938,-7.551,22.963,33.349,46.641
1,1,7.21,-29.155,0.23058,13.742,2.717,-10.786,-37.481,1,-34.485,-7.943,13.162,-28.774,-6.717,-44.062,-14.541,7.781,-1.755,-7.872,1.652,38.368,19.466,39.588,-23.24,1,-25.907,-29.773,27.446,-28.232,22.518,-12.794,44.546,44.481,-8.699
0,33.685,-20.627,11.512,23.46,-1,-11.868,-4.533,-29.182,19.472,46.5,16.418,-0.38710,-46.151,-1.009,17.161,18.066,-8.65,0.46502,18.362,32.262,-33.473,-10.218,-20.004,23.742,15.35,5.066,21.387,-31.538,4.882,29.235,-15.872,-35.01,1.783,0.00325
1,1,15.023,-13.407,23.762,44.542,27.692,-38.166,-1.695,47.429,36.864,3.312,31.892,44.343,9.898,41.654,-42.737,6.189,-31.072,-16.36,-22.716,19.487,-26.883,21.756,21.26,-21.338,-47.828,1,47.471,21.729,-34.928,1,6.716,1,-16.377
0,0,38.406,-36.703,1.739,0,-43.881,-42.155,-35.526,-42.988,-32.064,37.951,49.271,-4.067,-4.498,47.903,47.024,-5.249,-41.48,-8.383,0,4.16,1.704,-6.889,48.246,34.769,-19.019,-28.964,4.44,10.304,1,27.231,28.582,24.687,4.583
1,48.084,29.261,-8.469,-16.558,17.909,-39.426,-31.611,15.807,-2.836,34.923,-42.843,-0.49057,0.90818,-27.982,-8.076,9.095,8.549,23.619,0.59623,-17.167,11.797,-26.945,41.839,40.348,-10.936,37.265,22.529,30.707,46.109,2.231,44.165,-10.652,0.13994,-29.002
0,1,36.57,32.445,42.432,-6.841,34.315,31.006,48.192,-47.329,-40.145,-22.189,0,-9.232,31.536,-44.762,-3.766,14.492,10.173,32.505,-20.268,-37.568,-14.432,6.608,-5.795,-35.128,-8.508,38.055,-0.20000,21.66,-36.437,0,37.538,-8.04,7.629
1,1,-11.755,16.035,-7.177,-19.19,32.941,7.943,39.71,44.829,-5.615,5.077,0,-36.647,3.14,16.759,-30.255,3.013,10.237,-27.701,-20.441,-15.385,-25.197,0.77273,24.79,-26.164,5.284,-27.779,-35.36,-35.954,-9.024,31.135,-9.589,0.86364,-47.651
0,0,-9.355,-4.298,-15.312,-1.842,2.783,36.628,-18.722,42.04,-36.911,0,8.383,11.932,-32.396,34.415,45.844,10.332,4.742,-39.683,29.934,-11.187,-16.686,0,-48.825,18.016,23.136,27.049,32.124,41.877,-36.701,9.967,-12.407,0,-36.438
1,1,-20.725,0.91176,9.507,20.129,-1.519,38.762,-27.408,20.309,-28.235,-22.369,-26.289,-6.874,5.016,37.49,0.02941,-31.894,12.163,1,43.752,15.623,-36.257,28.333,-14.712,27.991,2.328,25.882,-18.884,-20.813,-16.545,-21.75,9.023,-48.065,-7.599
0,-23.725,-41.696,24.862,-30.661,-1,-37.243,28.87,37.546,-42.156,14.573,20.072,19.376,1,-30.131,-5.062,-0.23476,-17.855,35.409,30.983,50.981,45.941,28.535,-1,20.003,50.193,-20.635,40.531,3.32,-21.05,-26.099,41.931,21.977,46.85,-11.457
1,1,-8.455,29.788,-44.589,-47.482,-4.486,12.435,0.02615,-0.265,31.164,-21.9,27.789,39.17,7.899,31.049,12.884,-28.257,-42.801,49.666,-11.773,-8.831,-6.155,14.689,47.947,0.42105,34.814,0.65419,-40.109,-2.989,17.396,-33.532,7.674,19.254,49.996
0,41.016,26.338,-19.129,48.752,-8.747,44.656,-10.199,8.247,-6.594,7.086,14.934,-9.089,0,-10.254,-6.656,12.83,-43.717,-13.144,0.31410,22.109,20.03,0.74359,-4.94,47.179,-24.795,7.938,-49.963,-0.51282,-44.039,-39.228,-23.351,-17.741,-17.654,-5.536
1,-4.1,30.952,-23.221,-40.846,-42.727,-35.543,-43.598,-41.581,44.236,-4.722,11.292,-12.522,0.81818,-36.561,17.563,0.27273,-3.241,-33.089,1,45.805,36.487,-48.165,15.445,-6.193,11.598,34.847,15.531,0.08867,35.399,-6.424,-41.386,-37.81,28.562,-42.804
0,19.946,27.723,42.487,-32.751,9.085,-45.513,-22.467,35.787,-42.509,0,-24.683,19.125,-21.532,15.964,33.702,-15.587,0,-7.666,45.21,0,-50.508,-13.633,-14.709,44.264,-50.345,10.596,12.557,50.838,26.691,-5.772,-0.462,24.804,0,20.734
1,-44.896,9.578,-12.668,33.041,13.199,-14.882,-39.025,46.523,-27.297,-18.818,32.769,35.813,-19.018,34.356,13.978,-0.01343,5.704,12.744,0.45455,-40.463,48.249,-3.902,0.27273,-14.927,-13.792,18.919,16.868,-23.12,33.711,-2.66,-26.718,0,10.161,3.502
0,-4.095,-45.002,-46.9,39.67,46.12,2.353,-1.57,-39.359,7.38,1,45.169,-43.239,20.173,15.169,-14.287,7.926,-10.037,21.75,-33.621,0,-1,37.274,27.02,-42.515,-8.598,41.259,-26.605,10.833,16.343,-48.434,-28.4,46.171,37.938,0
1,19.232,38.559,-33.379,-38.016,-10.906,22.101,47.457,9.332,43.78,-0.14286,-18.712,41.115,1,-35.41,-31.176,2.87,-23.872,12.077,-26.319,-18.014,21.618,13.003,1,43.845,5.9,-44.786,6.124,6.788,1,30.584,-42.805,-12.66,-47.11,43.944
0,-14.856,-1.064,-47.589,-3.806,10.843,8.832,50.247,-43.466,-26.764,-7.29,50.932,37.767,1,8.67,26.997,-41.123,13.037,-37.036,-5.823,-43.872,1,1,1,27.671,50.076,-10.27,1.428,-42.495,43.31,25.453,27.212,-33.161,15.331,10.892
1,-41.691,0,40.23,-25.858,50.144,6.721,29.495,-14.766,-34.952,0.87916,25.423,43.373,-35.172,-26.917,30.479,-19.74,35.461,44.076,-5.611,22.058,-3.456,-20.481,46.754,9.625,29.937,-15.481,20.612,-44.516,0.52798,0.39762,-31.575,45.664,44.094,-47.116
0,26.894,26.979,15.013,-1,-17.911,-0.201,1.984,-29.456,47.216,-27.373,-10.566,-10.155,-43.407,-24.328,-46.418,8.534,48.406,-13.753,31.94,1,-0.71,-21.606,1,47.835,-23.081,6.701,-25.298,-10.689,-10.197,1,32.62,-16.368,46.242,-18.772
1,1,43.349,33.948,-33.777,-13.526,-20.361,-46.833,0.19791,-16.261,-48.068,28.447,14.436,-28.804,-36.757,4.721,25.427,33.954,-22.858,-13.996,48.067,-43.621,5.289,0.42546,-24.7,28.975,46.376,-48.302,0.54214,-15.394,33.605,40.18,17.116,-49.57,-7.311
0,-38.677,-24.908,21.784,1.257,-36.527,25.362,6.909,-1,46.313,29.093,-24.376,0,45.317,-25.953,16.613,49.321,32.283,-9.281,-19.359,0,-22.818,-0.647,-13.056,29.329,29.522,2.452,-36.126,24.699,-36.397,-2.473,-1,26.264,-27.048,-28.588
1,21.255,-0.568,43.169,0.13645,-42.212,27.339,50.501,-29.125,6.836,-48.365,-4.758,30.989,0.65260,37.269,-6.116,-24.487,-9.16,5.185,11.956,20.492,0.13712,0.85615,-43.393,-35.067,38.169,35.381,-43.67,4.931,31.866,26.917,34.714,-0.241,-12.576,-16.322
0,-43.786,-33.014,1,-22.129,21.097,-33.041,7.919,38.979,1,1,17.185,-37.054,-17.546,48.948,-44.964,9.72,30.996,-13.918,-10.176,-12.706,-1,42.325,9.613,-20.646,-36.768,-38.191,-10.755,-42.36,31.887,-1.839,-3.586,6.947,-9.666,-12.503
1,1,31.948,-38.649,-7.425,-9.492,1.446,42.803,23.683,9.874,28.627,19.622,-6.842,2.802,-36.347,0.25192,-49.617,6.594,24.412,43.554,0.57500,-0.353,-42.635,48.565,-3.537,-24.864,37.957,-28.908,-12.116,45.638,-35.237,25.565,0.23896,-47.819,-10.739
0,-44.542,-16.292,-23.406,-1,26.846,1,-45.677,-37.96,-31.401,-36.965,-48.638,-41.46,-41.725,-11.029,-5.547,-45.088,-11.786,29.726,-30.251,1,-27.204,-0.604,-18.434,-8.985,21.666,47.198,-20.284,12.444,-11.887,1.747,-24.104,-28.025,48.091,1
1,-7.349,-42.666,-48.782,-33.783,0.94120,-49.454,-13.86,-43.144,26.585,-13.664,-38.521,-35.451,17.917,42.668,24.2,3.626,-18.053,-40.92,-45.529,-38.958,-43.702,-1.819,-5.952,-3.967,0.26832,0.76210,36.372,0.585,38.104,0.80439,12.279,-29.009,21.677,13.584
0,-3.747,46.026,-32.189,-33.16,-10.487,1,27.876,26.408,1,-20.544,0,12.223,3.118,30.931,27.647,47.599,-1.127,-21.861,-21.585,-34.032,0,-6.053,8.321,25.413,-26.978,-22.52,1.239,-39.247,-29.647,5.996,-42.684,38.565,-17.095,31.875
1,-44.161,-37.531,2.401,6.588,4.276,-19.894,0.72582,0.36790,-25.123,-46.868,11.476,28.733,32.723,-33.857,-14.357,-27.476,-27.286,23.519,10.834,0.76171,-0.12064,-12.817,23.956,-44.057,49.538,-36.839,9.278,16.356,37.102,48.481,35.293,23.618,-2.308,-18.413
0,-25.099,-37.897,10.002,42.496,1,1,21.966,35.01,-9.468,-13.808,44.097,-24.003,12.179,1.901,42.931,-34.544,41.46,-1,9.104,1.077,14.142,36.546,7.089,1,8.711,-22.446,-4.401,-21.05,-6.183,21.581,20.072,-3.019,-47.267,46.701
1,-23.725,21.003,29.474,-39.817,-8.897,0.69431,0.29148,-40.277,20.309,30.885,49.585,-30.857,35.763,-19.07,2.526,11.873,12.784,-4.144,-18.766,41.222,25.396,-13.013,34.439,28.892,49.288,-45.095,-30.827,21.816,-41.264,-37.694,46.725,-0.09461,-4.082,0.12556
0,0,7.579,1,-9.455,30.315,1,28.789,13.826,-47.32,-5.231,13.83,18.607,1,-30.099,32.217,0.051,-5.594,-21.584,50.899,46.866,-16.741,29.266,49.666,12.986,45.656,-35.134,8.849,19.68,-2.515,-40.228,-10.826,39.372,-42.275,-16.654
1,-43.039,7.086,8.673,-48.094,21.981,-23.248,8.035,34.551,48.543,-6.603,-4.536,-9.968,40.736,26.628,15.622,-4.265,-24.299,-49.174,49.895,-13.173,-18.548,-42.652,-9.722,0.44872,-37.501,0.57549,-8.648,0.48200,-32.328,21.382,-8.396,0.49721,35.244,-43.219
0,0,10.598,0,-36.107,46.078,16.927,-24.221,43.236,-36.089,-6.271,10.292,-22.532,-4.241,-41.301,35.577,14.445,-6.787,34.787,0,-4.632,-5.1,-25.683,-42.386,27.835,-15.709,30.952,1,46.264,9.596,-44.416,-43.727,-12.522,-42.217,14.531
1,-18.473,-1.462,10.525,-31.742,12.53,20.123,27.681,8.089,-48.55,43.503,0.94054,-15.552,34.674,0.04719,-12.137,-44.495,-20.524,-5.7,-38.312,-0.00706,-13.655,24.354,21.698,-14.085,-48.412,49.919,46.162,19.989,0.97473,5.076,-6.687,27.793,17.964,-42.512
0,0,0,-22.102,20.01,32.439,-16.109,-4.811,33.447,13.491,38.274,-48.434,-18.818,31.95,14.169,12.926,10.316,16.524,-27.933,46.341,-27.081,46.886,10.871,-7.896,42.025,0,32.405,13.563,-15.973,-45.896,-2.66,2.521,34.904,-41.463,-1
1,-13.287,-40.004,-4.591,-43.408,45.884,-10.022,-44.291,40.29,-32.941,18.245,0.34615,27.076,-26.914,-42.471,-31.495,2.403,8.596,30.589,0.63403,-38.205,8.896,0.06856,16.974,-45.826,-27.56,38.74,0.59935,46.254,46.502,20.241,-0.005,-44.41,38.484,21.844
0,1,12.22,-43.118,6.615,14.208,9.131,22.204,46.501,-26.558,5.231,-11.038,7.477,37.468,42.963,0.75920,43.982,25.388,-24.551,-14.149,-17.863,9.267,0.24582,-12.629,-42.721,-33.379,40.719,0.89262,3.092,-18.859,44.483,21.618,-48.175,-34.871,-6.584
1,1,0.428,40.123,9.765,50.076,25.867,10.832,-43.73,0.80000,49.665,-7.834,-49.017,50.247,9.544,-0.064,-27.163,-35.544,46.257,43.132,25.938,13.019,26.013,-26.764,-4.585,-8.574,49.667,0.92148,22.641,-33.372,14.352,0.87492,26.4,-43.466,-42.693
0,-2.644,44.709,31.688,-44.465,-22.916,-47.618,-34.307,-19.25,-28.223,10.331,31.815,45.352,0.24514,29.614,-34.161,-15.489,36.016,-31.465,9.585,0.24903,46.465,-15.135,0.07782,0.29961,19.897,44.447,-5.431,-19.432,-42.839,-26.936,29.298,43.102,-24.272,6.187
1,1,-28.373,45.818,-17.804,-46.942,33.3,-16.753,0.972,-22.067,-44.373,6.318,-47.318,-14.161,26.87,0.62698,-11.554,-18.202,-11.171,-25.695,48.851,0.47817,47.378,-1.119,14.05,33.522,-9.115,0.61291,26.967,-0.584,-15.752,-48.997,30.926,-11.064,-29.598
0,1,0,-24.312,47.393,-44.15,-48.374,0.08374,-37.552,44.302,-16.91,-23.312,-48.571,40.161,3.956,-37.103,14.034,-14.399,27.611,16.497,43.142,28.711,-7.762,-24.839,-25.227,0.07882,25.106,-20.238,33.021,4.688,45.729,20.829,-14.476,-33.744,-25.062
1,-18.359,0,3.071,16.722,-1.766,-27.117,-36.423,-14.039,20.375,-25.221,12.411,34.741,0.973,45.311,0.79754,49.387,24.535,5.743,-8.594,-0.09060,28.719,49.63,38.853,-38.56,-35.685,-1.742,32.981,27.247,-21.185,29.57,0.78859,-28.639,28.981,26.315
0,-42.46,6.045,-16.627,27.445,35.1,-0.884,4.061,-1,-29.512,4.151,0.07595,36.445,-38.054,-41.36,-0.568,-9.576,-35.956,-21.129,-5.482,-43.398,-19.639,0.68101,-49.036,30.726,-0.10380,26.559,-33.985,19.255,-6.624,42.233,32.261,-44.149,-12.102,49.948
1,43.157,-33.014,0.88103,10.711,-14.02,-11.731,3.493,-2.605,44.217,29.868,0.82208,-11.285,38.445,-13.492,23.005,-37.905,-38.584,-0.06109,9.827,-35.556,-42.906,5.801,-43.136,-43.189,0.90139,-11.95,-37.308,16.036,38.823,30.758,11.497,-8.851,-15.629,-1.007
0,44.652,48.653,-10.624,0.703,31.948,0,6.442,-0.318,-28.244,26.341,-3.392,48.219,-7.556,23.893,28.172,-49.988,19.339,-10.677,47.683,23.309,-12.466,-31.251,-47.581,0,10.492,-0.40833,-17.292,-1,-24.993,-27.781,45.876,0.747,-36.92,-7.307
1,1,0,37.093,-18.622,-5.385,-1.591,-20.36,0.01359,22.672,-8.451,-24.203,-28.288,-37.034,-24.416,-39.529,-0.08918,14.304,-19.485,-45.783,20.626,-7.1,-37.082,-43.199,-44.661,26.676,23.359,-48.774,-12.148,-41.87,-12.916,-31.566,-13.011,-5.679,30.603
0,-13.748,-39.662,-42.666,-0.2,-12.992,6.125,-5.169,-0.02000,-49.756,25.695,13.309,16.77,-45.018,-4.528,-25.978,-29.839,13.841,-44.96,-41.588,42.145,-1.5,-49.694,39.029,-34.101,0,-11.487,-38.377,-44.466,3.038,-35.904,-40.684,0.11778,0.90667,0.143
1,1,10.787,-20.732,27.914,0.85143,-13.588,9.111,27.654,27.204,-38.29,-21.645,0,46.882,-32.256,2.983,25.416,32.704,-33.215,48.789,-3.866,24.91,-21.669,0.84286,-34.082,48.369,-21.93,-28.831,-17.182,13.049,37.461,4.226,31.881,-33.783,-1.278
0,1,15.77,35.824,28.106,37.57,-27.477,-1.745,-25.829,-37.496,9.666,22.751,0,-15.674,1,33.29,-27.601,-44.771,0,6.433,-45.161,10.002,23.211,-37.531,10.902,14.142,-37.897,2.478,-19.192,-47.437,8.711,-13.808,49.831,-18.764,2.901
1,2.077,0,-23.504,42.478,42.927,33.914,-21.543,-5.443,0.50130,-3.922,50.428,46.76,21.63,-18.258,22.098,-12.493,44.624,-25.159,-21.893,-47.277,21.452,-0.03377,-3.571,-6.193,37.138,-9.468,43.463,41.498,-34.113,9.137,0.54545,-31.186,6.679,13.093
0,29.983,28.586,34.603,-37.395,36.409,-4.504,-19.635,49.193,22.3,13.573,-44.484,-43.275,11.604,-11.826,7.849,0,-41.696,31.217,46.255,29.535,25.862,-41.156,20.376,21.003,-31.661,0,-23.725,-1,3.356,-40.198,-6.231,-9.556,18.68,0
1,1,29.315,-21.584,30.766,-48.347,-6.344,14.236,39.372,-17.572,-23.884,-23.484,-16.85,-48.661,50.507,47.428,13.205,-8.891,0.16709,7.212,-43.711,-0.26477,48.576,47.825,-34.263,44.578,49.124,-0.02089,12.727,-0.939,17.537,27.811,-3.556,-29.077,-39.248
0,35.399,-10.18,-36.107,0,7.938,43.236,1,1,-6.536,-5.594,26.338,-44.416,21.382,14.823,-38.446,35.577,-6.271,21.18,-1,-9.254,-7.747,-43.039,41.016,9.598,7.247,34.938,-46.711,6.086,-13.144,-9.089,-32.453,-19.122,-5.656,-42.077
1,1,-42.217,-40.43,31.332,-48.867,-6.095,46.391,-42.861,14.492,-35.181,27.301,-20.674,-0.70561,-41.871,-50.155,-23.994,-13.333,-0.12539,34.113,9.215,-22.916,44.635,-31.881,-5.808,14.6,9.628,-15.323,-4.757,28.36,-0.29897,50.401,-25.743,-4.117,17.093
0,-0.462,33.702,0,32.95,43.487,-14.973,19.01,26.691,-1,10.578,-27.081,5.068,25.304,20.498,7.965,-14.276,-5.772,-44.513,-19.818,15.964,45.21,11.557,-6.666,-40.298,-42.509,-14.633,34.439,-19.246,-15.587,-13.123,20.734,19.946,0,0
1,46.169,0,-39.581,3.955,-8.301,48.662,32.602,13.508,34.206,41.95,-0.62526,-3.099,7.062,-33.285,39.343,13.438,-23.876,37.827,-48.904,12.193,16.421,-0.82217,-45.636,45.565,-42.679,35.345,11.038,-46.14,10.596,-15.013,-2.079,-27.544,0.34749,15.746
1,-10.906,21.75,20.501,38.585,-32.024,-42.302,-44.351,43.52,11.962,-37.236,-40.107,27.214,7.637,0.25786,-6.036,-27.659,30.401,18.088,-14.59,45.725,2.239,37.082,0.02668,-0.798,-19.29,-10.1,16.68,5.005,46.396,-0.11409,-28.249,0.13296,-44.88,3.075
1,27.671,49.247,49.91,-6.432,-47.57,0.78579,6.862,6.509,8.286,-43.63,-36.137,-42.9,9.025,-24.081,-15.7,49.69,-13.828,-44.424,13.095,45.58,-42.748,20.496,24.964,-35.104,0.79143,40.98,44.774,0.08718,44.511,37.258,-26.944,21.318,-18.09,0.79444
1,43.31,39.36,10.293,44.674,10.79,-34.156,45.703,-0.07461,-19.063,0.438,-4.181,-36.111,0.67028,9.915,14.961,9.748,-8.595,46.33,-42.02,-8.29,26.587,26.264,-0.563,49.636,12.697,-26.187,-47.985,22.907,-3.13,0.04452,-41.506,-27.774,26.826,-0.09146
1,-10.197,0,30.136,-11.713,29.952,-34.218,-14.51,-23.159,-25.505,5.778,-18.677,-44.181,6.537,46.222,-46.984,-15.501,43.79,0.06066,14.623,36.106,-31.16,-5.328,32.14,-34.822,-23.351,30.782,-26.467,0.07124,44.471,20.008,0.55916,31.378,10.137,-28.239
1,34.022,-1.71,-13.803,33.543,-14.836,-17.35,27.754,0.02647,-0.55,-9.258,-47.796,27.721,0.73961,-47.367,-21.883,0.05776,1.67,-44.194,27.511,-47.531,49.497,47.482,45.881,-17.017,-28.965,-17.845,0.58803,-18.823,-11.015,-28.116,-43.873,47.637,-49.179,-14.659
1,50.321,0,14.717,44.37,-13.682,-9.279,-6.933,-24.95,21.627,33.169,-22.617,-33.777,25.763,-20.513,-36.355,28.648,-23.57,23.574,0.77935,-48.469,17.388,-37.518,40.784,-36.387,28.06,-0.04243,4.763,-25.246,-24.286,45.939,28.995,43.361,5.391,0.01227
1,-13.056,26.362,17.113,-48.836,-24.836,-9.472,0.49130,-28.523,29.991,38.204,-26.691,26.959,12.157,-2.425,4.655,-37.1,-42.793,34.779,0.42174,0.405,45.735,49.617,28.415,-21.931,26.676,-0.00870,32.701,5.978,0.38696,2.492,-19.006,-1.499,20.08,-38.503
1,-4.482,-34.041,31.188,38.073,32.979,-19.44,35.816,50.228,-37.361,22.509,-35.297,-42.959,42.812,0.60814,-0.392,-28.928,-0.234,-5.945,-20.833,20.89,-12.006,0.68104,16.206,6.669,5.958,-40.728,36.399,-16.273,-1.021,-42.838,-0.25516,4.875,-0.27339,43.75
1,-37.191,30.887,-9.222,30.094,-42.786,-11.455,44.636,-10.72,-10.952,0.53020,0.74977,32.551,0.56937,42.877,-32.461,9.66,-14.623,-36.946,-35.321,0.48,-39.359,-12.682,-2.604,-15.747,10.461,11.476,-37.148,-43.272,-11.493,38.166,-9.069,-42.519,2.124,0.44534
1,-45.677,20.666,-30.357,-7.422,-15.422,23.808,-0.815,-28.275,-11.832,24.493,1.743,7.152,49.05,47.853,-49.745,-6.512,-3.89,-11.233,9.413,48.961,45.674,-26.356,0.445,26.457,-0.40552,0.50489,-0.46215,-12.479,-25.217,19.447,27.643,0.19172,25.358,-47.521
1,1,30.726,-36.014,-6.372,14.353,-37.633,-43.237,-12.286,-7.248,-40.95,0.59215,-39.722,-49.151,-23.569,-20.98,-41.819,-8.17,-38.728,-13.999,-24.173,-32.59,26.589,35.874,-27.379,23.035,-43.777,-44.052,0.66335,21.101,-18.909,-19.391,-49.229,-7.117,0.26092
1,39.029,0,-28.868,-35.722,-1.639,-33.558,0.72873,12.766,-37.643,-33.333,-41.18,46.775,-43.784,13.041,-4.567,-41.83,2.122,-13.896,-0.16390,42.923,12.482,-5.291,27.446,-10.833,2.506,17.733,-0.804,-49.346,-0.64511,-39.103,5.339,0.375,-46.658,-26.924
1,1,-3.747,-12.82,0.21106,-36.891,32.312,25.897,-21.06,48.129,-32.938,32.013,-20.948,-37.573,3.857,26.408,-16.609,37.29,-14.254,-30.209,-31.82,-22.227,-22.332,47.194,0.07588,35.44,24.109,27.308,8.196,-1.402,-34.801,-27.677,10.541,-25.947,-0.27218
1,3.901,-9.468,0.58940,41.887,24.065,-46.714,2.289,14.215,-1.179,44.259,9.993,13.42,28.609,-28.03,0.63907,22.949,10.721,32.717,11.445,-37.757,0.65232,-47.159,-44.472,-20.119,16.289,21.848,50.321,-44.494,9.173,0.28574,-13.374,-18.471,6.841,37.87
1,1,6.089,-5.183,41.645,50.682,-4.14,0.81594,1.174,-3.351,-31.12,-21.488,-24.08,43.621,0.12524,43.046,20.416,46.786,-0.03416,21.661,-34.375,23.027,-19.563,47.021,9.162,37.079,21.377,-17.647,-22.267,-24.947,-5.077,-12.015,21.261,34.572,30.135
1,31.266,-11.826,-40.307,31.285,29.392,3.333,-23.955,-0.03299,-0.282,-37.461,-8.961,29.458,-42.602,7.791,-2.872,-44.548,0.39199,-6.186,26.575,11.618,-3.944,18.6,-31.127,34.519,36.879,48.438,-41.209,-0.09128,-39.672,-8.54,8.022,13.477,49.615,-0.09808
1,1,0,48.987,-17.66,-5.627,-49.352,14.953,-24.803,-28.219,-23.39,1,49.266,-9.218,12.812,48.825,-43.734,18.592,-19.112,-9.342,-22.672,45.606,27.765,-12.198,-0.02591,13.811,-34.114,-16.717,29.284,50.899,20.324,-38.301,-6.69,39.294,-48.357
1,-5.271,26.338,0.47938,-47.835,0.42784,-38.57,17.628,20.788,-35.375,40.088,-35.826,-44.256,34.893,-42.917,28.288,-9.208,46.5,10.66,-5.036,34.665,-41.84,7.432,0.42268,-32.37,36.284,7.282,-4.06,14.81,8.093,-24.484,-8.273,-44.375,43.689,-0.51546
1,50.838,-42.217,-43.878,-4.675,28.488,-15.679,-4.486,45.624,10.25,-41.305,0.64203,-12.439,-5.993,-26.117,-21.807,0.54965,-43.131,33.841,35.423,14.664,-31.118,-49.762,0.70951,-49.191,15.178,0.23095,20.634,-15.41,-3.624,10.368,31.615,-42.311,20.816,-21.1
1,1,-27.081,45.711,20.698,-45.285,13.505,8.674,-14.14,19.599,0.02472,-0.794,32.946,13.28,-3.859,44.152,26.7,34.012,-13.098,-18.826,-5.846,-38.729,11.699,0.57528,46.305,-18.352,-14.583,-22.536,-14.965,17.441,24.268,0.54607,-7.56,10.185,4.987
1,-47.434,0,10.586,10.31,0.66667,-0.04207,35.078,-2.712,-27.153,-8.815,-27.727,38.371,8.573,41.183,-39.402,-27.624,-14.565,46.074,16.812,16.423,40.914,-43.09,48.277,3.737,2.877,32.35,-45.449,-40.463,0.31392,12.858,15.661,-33.728,45.474,35.852
1,-13.287,46.457,-44.321,-44.396,46.942,-38.124,22.402,-35.354,44.554,5.119,-11.116,-43.687,0.59753,-0.52,-18.945,20.714,-41.733,38.384,0.73827,37.829,8.737,-32.167,20.783,-9.955,31.199,-0.12840,12.857,-0.02451,3.636,-5.073,27.632,18.16,21.9,42.733
1,44.845,36.767,-6.216,49.049,41.929,-4.765,13.818,49.888,14.836,-43.458,25.158,-27.397,-33.8,-0.02034,0.53220,0.07797,-47.949,6.858,27.24,-14.88,-43.934,0.435,-47.395,8.584,10.42,-24.334,-12.658,9.678,-42.286,-18.053,49.837,-9.298,0.50169,5.682
1,37.055,-15.233,-3.149,42.407,0.29612,0.05825,0.34951,9.843,-41.55,-34.185,10.782,-8.265,0.33495,-19.443,50.129,39.365,-27.293,-1.171,-25.896,46.244,26.512,-34.514,-35.847,10.089,12.348,22.736,45.075,45.137,-44.228,-19.52,26.475,25.997,-42.318,19.902
1,43.79,5.899,-10.209,-34.229,-30.903,-22.265,14.852,29.596,32.05,-4.882,-23.345,46.735,44.712,0.60179,-46.986,-0.538,-47.374,-25.593,-23.045,10.223,-18.836,-14.981,-11.626,-0.998,-27.249,30.088,-28.539,-27.851,-0.16209,0.55805,31.273,0.44195,5.366,31.314
1,-48.686,-9.155,-46.715,0.15810,-43.204,45.595,0.82039,27.465,-14.035,46.472,-10.978,-7.039,-16.694,34.185,49.086,0.84804,-29.519,-36.308,32.9,-24.459,-14.681,0.80754,26.516,-47.855,-44.917,-16.785,46.83,48.006,-18.391,-20.211,0.326,-15.434,26.999,24.973
1,-47.433,-19.359,15.031,-2.256,29.249,28.564,0.76902,27.888,43.882,45.098,40.405,-13.647,28.743,-26.215,-1.715,0.89274,-37.81,4.775,32.633,-24.336,-0.55769,5.228,23.049,-8.925,48.674,-24.749,-0.66651,20.807,-34.467,-37.261,16.078,-23.605,-24.848,-36.747
1,1,-0.884,20.575,-0.368,-8.615,0.665,-21.013,3.018,-4.915,27.07,-35.538,6.878,-28.438,6.804,29.573,0.93682,16.366,-37.838,-14.484,12.456,26.583,-48.211,-44.115,-42.645,31.594,0.30912,44.542,-25.067,3.397,38.199,33.831,26.023,-0.66932,49.3
1,-7.666,36.519,-11.162,4.638,-5.819,50.476,20.836,-37.322,16.535,-42.593,42.341,-14.014,8.719,-20.236,31.801,-40.539,21.509,-33.412,-0.76305,38.383,-44.777,30.578,42.512,5.904,-20.399,-1.108,-30.145,-0.46438,-0.46422,34.485,10.349,-17.589,-11.265,-0.71273
1,1,-0.318,0.89835,-9.871,30.669,-37.145,2.991,32.891,-12.503,42.962,-13.732,-27.956,-37.171,-2.098,-40.029,-35.248,-12.423,-32.908,45.403,-43.126,-0.81056,-16.606,23.161,37.081,43.523,-38.727,30.959,-44.305,-10.807,-4.416,11.086,-12.007,49.081,0.13297
1,1,47.091,6.733,1.303,-47.348,0.17293,-49.95,-20.941,-12.766,28.435,-1.541,20.879,-31.299,25.959,25.783,-26.946,-7.37,-16.251,-0.05431,48.212,0.706,30.723,-46.706,-24.417,13.426,-12.801,9.495,-7.571,-44.545,23.88,-12.028,19.165,-24.711,-0.00647
1,22.78,-39.377,0.58459,-0.35526,-27.204,-39.309,-1.746,-41.594,37.029,-24.91,-7.847,-6.823,-5.645,42.209,-37.267,-4.577,26.419,-50.081,-41.904,-44.043,-17.969,0.20489,-48.908,-14.401,-7.336,23.453,-31.832,-43.572,-39.932,-19.568,0.15602,-42.848,-36.513,-49.741
1,13.841,46.026,-2.911,-41.552,2.84,0.06059,0.65829,27.96,-5.814,17.324,12.662,-45.815,-26.483,-0.073,6.444,38.164,0.29352,0.268,-37.766,3.195,25.741,-33.768,-33.737,-43.998,-21.597,27.793,-29.55,-11.344,47.864,-14.587,12.496,-35.767,-32.994,0.13198
1,1,9.666,-28.706,-13.467,36.682,-45.15,38.416,28.121,2.248,-1.13,-27.308,31.985,-36.663,48.01,-13.847,26.443,0.74838,-27.458,-33.804,-17.071,-19.383,31.98,-20.782,-22.467,-25.055,8.343,4.202,-21.482,0.85939,10.88,-31.41,24.212,-36.758,0.07508
1,1,-44.771,3.772,-23.959,-46.468,11.084,16.76,-9.175,-0.851,-37.98,44.982,-0.02028,0.90446,32.023,-3.124,6.289,50.717,-18.811,14.987,8.701,0.97882,9.662,9.893,-47.688,23.617,21.489,-12.949,1.048,13.966,37.529,23.971,6.651,-5.301,42.588
1,1,-4.062,21.752,36.434,21.956,46.353,43.218,50.11,0.74313,-5.493,21.334,36.571,43.91,-31.136,47.662,41.633,-18.72,13.611,-21.736,30.01,21.884,-34.624,-17.138,0,-24.381,25.85,-11.634,22.326,30.259,33.999,-36.491,-21.939,0.72837,-31.634
1,-42.275,0,-7.981,11.799,18.742,7.665,14.609,28.596,0.45562,38.327,-24.16,47.884,30.713,-28.824,13.542,-41.734,31.773,-41.031,0.41420,-9.441,3.883,-44.456,49.178,34.497,-39.719,7.555,-0.484,-3.482,18.142,49.444,-11.506,-4.649,-5.885,-0.00296
1,1,-4.594,-24.197,40.163,28.488,29.175,8.789,-10.393,50.061,-17.63,-43.213,20.411,-33.459,-22.629,-12.336,47.85,0.51412,-0.24482,-5.779,-6.799,50.602,12.826,-8.756,-17.678,-47.759,-44.371,-38.614,-49.516,0.52731,-23.372,-9.641,26.026,45.33,-19.343
1,-41.217,46.078,22.027,-44.45,-35.243,35.492,15.351,34.938,11.029,43.159,31.671,-43.213,-35.339,-5.653,0.77495,14.747,-5.489,-8.959,0.61996,-0.10191,28.627,16.77,-31.559,-43.761,35.248,14.184,-23.48,-42.62,7.748,-47.934,-37.72,10.22,7.905,-0.24841
1,1,-4.241,-41.631,-25.765,20.959,-14.559,-43.665,-6.747,-5.0,45.242,0.77174,-49.565,-14.885,-41.407,50.518,34.782,34.583,-21.676,-3.797,45.242,44.351,-0.05978,-11.549,-49.624,-30.9,19.758,-21.695,27.62,-4.241,8.053,10.382,11.448,-14.796,-0.00543
1,1,12.563,-6.919,-39.43,17.502,33.12,-0.734,46.436,-3.116,-13.233,36.572,16.288,0.87945,4.876,0.73715,-45.854,19.64,26.687,21.371,-0.11858,-13.363,47.633,-18.154,9.291,-18.801,12.821,14.11,-27.202,-14.372,-2.869,33.814,24.373,-22.491,-15.123
1,-44.9,-8.896,34.915,-28.287,20.763,-27.598,32.96,16.411,-47.955,40.128,0.52993,27.033,8.565,-28.095,0.67849,8.217,-33.076,40.89,38.804,2.306,-42.76,-40.199,0.50776,15.034,45.584,-40.665,10.41,-5.21,4.119,-0.02882,46.708,21.633,10.88,46.075
1,1,-0.57,39.44,30.807,-43.084,18.661,44.46,12.856,13.677,21.523,2.969,47.419,-42.716,-13.395,-38.516,5.899,-48.761,-9.415,-14.019,-44.045,41.962,-19.378,37.099,-45.083,-0.78334,-0.26356,43.269,20.932,8.071,-0.60858,-32.482,-35.046,-12.099,-36.192
1,6.615,-27.319,-8.339,-44.173,50.731,0.55756,-27.165,41.973,10.094,12.964,26.043,-5.856,-0.23237,37.718,-42.682,10.702,13.598,49.871,8.76,0.36200,-9.212,-43.435,5.803,24.255,-49.421,26.202,-0.223,-43.568,-24.713,-18.907,-4.941,-15.796,0.10007,48.127
1,-35.036,22.887,-46.809,-33.854,-25.596,-44.043,-26.743,26.748,-19.637,45.709,-0.09238,-41.77,-32.458,-33.531,41.612,-3.318,44.284,20.333,35.055,5.892,38.57,-34.983,-1.833,49.15,9.627,45.563,-15.549,-0.81876,-15.748,-0.86841,-19.237,9.021,26.214,-0.81686
1,1,29.391,-4.536,44.452,-46.725,0.47702,-16.876,-10.882,-44.187,47.084,-17.853,14.863,5.345,-21.829,-0.52735,-27.789,-27.001,-18.598,-1.959,-24.042,30.228,-23.482,-2.293,-12.081,42.418,-11.727,29.075,30.695,26.978,-0.61488,9.786,-28.941,-14.347,31.267
1,-46.694,-25.257,46.171,1.315,-13.657,48.169,46.316,27.822,-48.217,-19.567,-29.706,49.796,27.169,44.185,-8.484,0.65490,13.159,33.389,-0.91814,4.803,46.508,-37.424,-0.73969,-50.226,39.53,-16.365,-9.378,-49.433,-17.019,-15.402,25.304,-44.886,33.947,-0.60270
1,1.257,-24.953,28.097,-36.812,-26.393,-8.704,0.34962,-22.669,44.49,0.78947,-19.548,-13.257,-2.89,-23.711,-2.331,0.47744,27.894,32.478,15.903,-0.04887,15.993,27.812,32.579,-36.932,-22.084,27.669,49.306,-38.224,-33.591,20.14,24.13,29.01,4.701,-25.209
1,-4.482,-25.223,0.98455,-35.983,6.889,-43.439,-8.576,-28.664,39.23,49.658,27.155,6.019,5.136,27.011,36.093,2.381,12.675,19.537,-37.705,-1.007,27.355,34.531,0.95278,-48.925,0.406,-0.08341,-42.493,45.184,0.93469,-43.298,33.169,4.2,-5.656,30.201
1,-33.041,0,31.828,16.17,-32.073,8.929,0.111,-11.191,-40.401,49.937,-37.107,20.217,-13.946,42.216,23.068,-0.03887,-18.692,36.478,0.95230,-43.833,6.889,-29.534,-20.201,-12.146,-10.835,-0.04476,-7.739,43.267,11.623,-16.955,38.899,-37.84,11.533,-44.038
1,1,-49.988,-27.739,-11.194,-11.553,42.155,-35.954,-0.17123,-2.995,0.18265,3.47,48.656,-23.778,-0.08447,0.595,-38.193,20.042,23.406,-34.562,-2.799,-42.064,-16.443,32.868,-10.275,-12.579,30.064,-38.515,43.559,-6.336,37.356,24.747,45.79,-10.741,27.953
1,1,9.504,26.356,-31.285,-27.255,47.176,-23.88,48.028,-1.299,-0.01695,-20.776,0.612,26.491,-12.498,-26.194,20.31,-11.487,-42.709,0.55932,0.03390,31.319,-15.987,2.067,-6.496,-7.149,-19.282,14.117,-46.68,-24.443,-47.615,-43.712,6.289,-12.124,-49.74
1,-42.466,-49.756,-8.016,-38.215,-45.573,-4.501,-40.071,-18.472,-38.96,-13.853,26.195,42.034,0.349,-2.585,22.364,0.33333,-49.098,0.02778,-36.71,-6.5,23.973,17.139,36.732,-0.02778,-7.596,-29.703,-41.173,12.166,-42.471,-44.227,0.36924,-39.811,-32.317,-34.414
1,1,27.876,2.63,27.408,-40.684,-37.709,3.749,48.408,-5.597,-32.696,-22.189,-13.748,0.21249,1,-22.035,-2.747,-32.519,39.016,-17.709,28.647,12.315,0.71699,24.528,12.702,-36.904,46.378,7.321,-11.392,-0.761,-27.145,-45.145,-34.454,31.012,5.341
1,38.57,0,2.234,50.327,-46.601,-13.043,-19.643,11.508,-44.808,-33.896,48.114,0.94749,15.672,-36.593,27.73,4.234,37.038,-28.936,-22.269,-26.797,-38.197,32.125,-22.335,-25.799,8.676,-45.062,23.438,-0.32792,-15.307,-0.19185,6.092,-1.731,-28.349,35.195
1,-3.019,-1.745,-5.345,11.331,34.731,22.165,-4.945,0.78115,13.343,10.83,0.947,9.58,8.642,0.78497,-23.041,-34.023,41.712,-13.543,-48.107,-9.429,-19.385,31.977,41.986,-0.48905,43.724,22.533,6.039,-24.629,22.898,20.507,3.271,13.75,-37.413,-0.24313
1,1,46.701,-18.699,30.334,-23.972,-17.482,-3.607,0.88576,26.015,50.151,29.317,21.966,35.981,14.407,-42.483,-30.551,-42.087,50.242,19.439,-37.459,-0.87028,21.891,-25.75,-22.724,-32.029,27.736,41.485,35.496,3.629,45.397,43.479,-0.69613,21.82,-12.899
1,30.315,-48.32,35.528,30.636,-2.795,0.68420,28.082,-10.885,-8.566,12.369,-0.31605,-42.35,13.32,-5.444,-5.425,-44.061,-0.94315,18.776,-1.949,7.881,-23.248,12.164,-29.559,16.825,7.444,-35.014,38.569,47.015,-9.067,-40.901,49.365,49.439,31.978,-0.13194
1,-22.351,-10.18,27.338,15.096,-9.254,-0.05558,-3.594,21.193,-38.228,39.893,45.656,12.815,1,-17.672,-18.122,-0.06374,50.252,7.175,8.086,-6.597,-12.144,-49.448,-42.717,-17.767,48.987,-8.977,-4.536,-9.158,-23.795,0.08299,-5.594,-44.181,8.938,20.308
1,1,34.938,-37.491,-24.223,-11.658,-5.232,-35.139,-0.00461,-5.959,13.933,36.502,-42.113,17.927,-32.595,11.59,-42.412,15.49,-0.15518,31.792,-40.683,1,34.235,-35.232,-44.501,11.149,-43.094,-3.4,-47.729,-5.446,46.059,28.641,-43.747,-3.844,43.215
1,-48.345,-1.462,-43.719,45.504,-15.068,0.52312,-14.22,50.52,26.833,20.781,34.619,-21.745,44.835,0.72328,-8.237,10.011,32.948,-31.583,7.386,-49.606,-6.349,24.069,-0.40637,11.174,-25.858,-0.52540,43.502,19.638,27.913,16.584,-21.157,20.502,-15.241,-42.589
1,10.871,5.068,-2.931,13.844,17.207,13.214,48.234,0.79784,-39.239,-27.025,-0.29784,0.86490,2.894,19.706,-15.744,9.971,-19.676,13.01,-0.81641,32.71,-15.755,35.403,-27.479,-14.839,-13.234,-23.857,-2.49,45.626,33.845,33.87,32.971,-40.831,-18.845,-46.029
1,1,-48.434,47.016,20.566,-13.625,-45.182,27.315,8.834,46.123,0.94415,-5.553,-42.393,-45.779,-39.419,37.346,16.594,1.43,45.016,-0.76064,-0.48404,-28.91,37.176,-42.664,-34.507,8.467,20.893,-0.037,-28.291,11.065,14.763,-9.205,40.955,41.036,-8.617
1,-37.159,0,6.615,-35.676,3.87,43.642,-43.627,-32.278,21.504,6.752,-26.319,-19.455,0.92405,8.681,-33.531,-0.03797,22.02,-44.172,-23.427,-13.244,31.469,42.844,44.944,0.25316,5.744,17.852,39.406,41.202,14.289,-18.113,-11.374,-48.085,13.055,46.432
1,26.997,-42.872,-27.016,-4.797,1.261,14.348,43.136,49.1,25.319,-14.839,-0.459,9.95,-8.479,-35.989,0.77441,0.05407,0.64706,-6.63,37.607,0.04202,-43.753,-34.089,27.36,9.908,10.334,-43.411,12.674,49.33,26.826,9.86,50.514,-42.035,-7.736,-48.5
1,-46.692,-19.491,-33.722,29.262,-26.162,-31.82,-33.33,0.02180,-25.4,46.319,11.075,36.168,32.215,5.943,23.794,49.655,43.664,44.19,-43.662,-19.694,20.812,0.07047,45.983,-3.567,45.546,39.469,-4.502,-15.629,0.87597,-15.145,27.015,29.492,-41.849,0.10698
1,1,-11.566,-16.772,5.689,-16.368,-14.756,49.835,26.879,32.62,-23.344,-27.456,-9.183,-0.201,13.991,31.938,-28.404,27.975,9.502,-23.088,-0.03452,-10.689,-44.446,47.216,-22.657,46.242,-0.04931,1.982,-11.252,48.4,-47.481,-0.72,-26.363,-17.921,-0.06668
1,29.642,0,-19.623,47.514,14.909,0.05545,-6.882,27.654,17.553,45.851,-16.185,-48.581,0.94059,-48.449,-13.5,33.387,34.007,-14.53,-32.876,0.01386,5.652,-47.686,-22.488,-49.703,33.915,-29.543,-24.367,40.053,-36.281,4.057,-43.232,24.985,-14.75,43.373
1,-37.677,23.699,21.685,16.631,28.264,-14.074,0.90071,0.00709,50.169,26.419,-35.397,44.352,-1.494,32.293,-36.552,-24.873,-36.126,-19.391,0.89716,5.877,-8.419,-26.97,-0.647,-28.496,29.23,2.499,0.94305,28.126,-23.43,0.282,-23.953,45.324,-20.882,29.543
1,-15.88,32.198,38.637,-0.24242,-28.886,-0.555,-43.005,0.09091,35.22,-6.533,-35.744,30.177,35.675,-0.733,20.649,4.151,-11.541,49.689,-9.061,36.549,-48.048,-42.967,-43.095,11.549,0.48526,6.105,20.096,26.264,42.567,4.327,-24.804,27.15,-5.088,0.24242
1,-42.786,0,-37.324,9.278,-12.783,-0.172,-33.669,-37.223,-2.5,31.746,-11.417,0.86121,15.668,-11.031,5.26,-16.131,42.555,-37.669,-12.449,-44.101,49.453,-0.42207,10.287,10.143,-19.675,37.38,22.251,-33.546,-14.595,29.625,-40.898,-21.326,-8.256,0.01820
1,1,23.893,-9.327,19.553,28.845,0.69438,-12.107,-38.569,25.789,32.881,2.164,-6.463,-0.991,-42.443,36.73,23.796,-11.912,-7.61,0.467,48.311,45.359,8.88,-24.949,42.913,-28.64,-37.658,-3.646,-0.62296,42.681,6.021,-34.92,-47.754,-49.387,0.08660
1,-11.887,-42.725,14.349,-27.793,-43.434,0.74761,-44.243,0.95905,-21.418,-30.273,-38.487,-11.953,47.401,-11.479,-33.367,-49.486,46.161,-24.661,-17.011,-27.619,-19.85,29.874,-46.7,-37.898,21.029,-0.106,-0.928,-7.166,26.706,-0.28123,-7.098,0.09800,-39.705,-24.641
1,46.521,46.931,-43.155,24.5,42.362,-43.405,-19.462,37.131,-2.776,-7.413,-41.94,22.157,-50.497,-39.293,-43.594,19.894,36.246,-6.648,-0.46552,41.32,5.074,-42.524,20.99,13.82,-48.916,-0.45950,-38.522,-14.06,1,-10.494,0.38670,-18.636,25.873,-4.859
1,25.785,-26.996,1,-45.095,-14.246,-32.348,-42.403,13.409,6.465,0.73062,20.369,32.022,-0.57576,35.854,19.735,9.197,-8.115,34.366,0.599,32.034,-22.39,19.607,4.24,-11.274,1,11.795,27.335,49.606,3.287,19.295,32.783,43.113,16.703,-7.475
1,-0.914,-36.218,-24.145,9.351,-48.742,-49.777,0.93598,-2.402,-18.766,-48.007,-18.492,33.199,-4.501,48.198,-15.55,36.274,-24.899,44.828,-11.647,-24.779,-19.47,-10.991,-38.778,-3.019,0.99695,-2.058,37.458,0.02226,-32.22,49.531,14.619,13.085,0.97561,-2.601
1,1,-42.804,-12.074,-6.386,3.249,-12.618,33.192,-18.828,0.92908,-1.937,10.065,30.368,-40.897,-27.684,-42.34,-3.771,0.93262,-18.952,26.746,-0.00709,8.578,-38.917,23.97,-18.916,37.717,-1.569,-29.836,-41.948,-9.314,-22.833,36.902,16.617,-21.724,8.397
1,22.26,3.155,28.034,-49.388,-29.723,-1.659,0.88542,0.01471,-40.155,32.559,48.49,47.425,0.87657,14.241,48.587,-33.488,-18.64,-29.291,-18.776,-15.477,-35.229,33.262,-15.215,-15.781,-34.199,-22.274,15.2,-41.101,-25.835,-31.43,13.733,-42.652,-9.944,0.07173
1,1,-13.813,-13.318,-49.422,-4.514,18.152,10.984,-0.793,42.658,15.122,-34.875,-22.42,40.094,-9.038,0.86303,39.223,-19.914,45.974,-27.542,-25.087,-49.115,-46.887,40.843,16.326,-21.702,-23.622,0.82111,-14.159,-30.778,0.08696,32.026,0.107,49.979,18.99
1,-42.324,46.272,-8.78,9.165,34.986,5.893,37.109,18.143,30.174,13.009,18.249,-24.747,-16.811,3.537,1,-6.164,0.97869,34.101,-2.78,-49.352,41.685,26.246,50.238,-18.16,-32.463,9.894,-45.957,44.156,11.186,10.208,-33.664,0.06217,0.98934,-42.479
1,19.432,-19.511,-46.582,-30.021,4.594,-7.8,38.291,-42.535,38.297,-45.468,-11.056,-35.308,0.98343,17.708,43.801,0.00884,-2.99,0.00773,-8.038,4.606,7.98,35.196,-40.307,16.803,22.326,-29.797,0.98033,-44.705,-22.96,-49.456,45.429,5.591,-16.478,-16.137
1,-27.45,-11.633,-48.88,-0.01342,32.114,-41.632,21.731,28.898,1,14.202,-37.74,16.58,-43.138,-10.852,-31.989,-34.065,-14.972,-34.677,1,27.668,-34.566,-19.251,13.506,-24.527,-39.586,-26.706,40.492,44.974,-45.922,-28.112,-11.784,-40.145,-1.346,0.10067
1,-21.045,-14.55,17.162,-23.127,0.67123,-39.189,11.928,27.604,6.887,-26.628,-2.786,2.518,38.038,45.926,-39.001,-6.099,-46.138,5.417,27.325,19.031,-43.638,-0.53924,-39.546,48.212,-41.584,-38.277,0.26028,-10.87,-21.912,-25.954,47.621,-42.345,46.133,0.02823
1,-11.958,8.762,-19.689,-25.872,0.64131,-6.544,-48.813,-19.887,30.692,42.55,-23.881,0.81191,0.277,-28.034,9.591,4.316,-0.904,-0.31412,6.005,25.333,33.848,-23.207,6.793,44.549,-43.684,-50.126,0.74105,26.264,-27.731,35.472,-34.082,37.979,47.154,-25.285
1,1,-6.062,13.728,2.734,35.058,-33.419,29.613,10.731,-32.506,-2.966,-23.018,-42.159,0.15,0.24865,-23.099,-25.73,30.088,-0.19909,-23.641,31.792,-15.019,27.17,45.307,-18.203,-34.514,-0.18560,6.278,-43.699,-29.37,22.939,-7.785,42.696,-13.287,-8.081
1,1,-46.425,-41.609,-1.866,0.44681,-22.447,-43.563,10.354,-34.707,34.513,-49.056,-49.355,-9.624,-8.841,26.339,8.029,-0.47032,-38.594,-34.781,-3.756,-47.46,-34.235,-5.463,6.949,-21.673,-12.959,29.868,-9.079,49.898,-45.656,45.804,-1.03,-34.874,0.74356
1,41.585,44.496,31.879,-42.225,-33.286,-45.737,16.266,13.773,-23.373,-40.552,-27.182,15.814,-11.101,-37.204,-43.833,-9.254,-17.176,23.073,18.742,-25.294,0.34012,39.686,0.28626,-13.151,0.21645,-3.375,-38.573,20.536,42.569,48.632,25.346,3.545,19.387,-0.33588
1,1,21.701,-6.064,18.485,25.128,6.911,-6.39,44.424,48.253,-39.608,36.252,-39.647,10.782,-31.703,7.31,15.25,50.321,-31.506,-20.332,-20.957,-43.859,40.699,35.915,-41.85,32.182,11.731,5.026,0.07255,44.288,0.08088,31.752,-45.019,25.117,0.08616
1,-21.387,-38.265,24.304,7.879,37.232,19.319,-4.112,-39.201,-40.745,-15.611,22.859,-11.992,5.329,-30.732,41.701,-48.385,8.364,-24.032,41.293,-35.917,0.86763,-23.682,39.691,39.465,-30.352,-15.677,0.76717,-46.758,3.76,39.275,0.70058,30.453,37.478,0.01214
1,1,-27.189,38.558,17.125,20.88,40.731,-24.149,-48.504,23.772,-8.998,-36.088,-31.793,-46.936,-12.852,45.288,49.836,-5.118,-8.46,0.58213,6.827,0.49736,-26.848,47.592,-12.306,37.587,6.713,19.301,-32.248,-10.251,-0.10306,-14.335,25.156,8.611,43.054
1,1,20.056,25.15,25.823,-14.317,-36.627,38.809,10.951,-28.784,49.077,-32.665,0.12068,-43.483,0.00744,-26.399,-12.854,-47.363,-12.332,-42.398,-13.597,-47.486,17.601,-8.547,-42.225,17.583,21.444,42.304,-45.323,-37.682,0.00849,-31.932,-23.052,35.611,-37.533
1,1,37.93,1.128,-32.032,11.676,40.022,19.62,31.783,42.373,-0.00273,39.794,13.438,4.922,11.383,22.133,-15.151,0.76776,-22.426,-31.222,35.352,-28.248,-0.44945,-46.714,-8.155,36.816,48.797,-14.331,-32.682,-41.134,-23.808,28.94,46.438,39.127,48.191
1,16.456,-45.056,-18.267,-2.306,-45.376,-12.278,-8.672,34.886,37.039,-25.537,33.839,-44.9,18.303,0.06723,-17.386,-31.895,1,36.19,39.024,-39.899,-41.581,-8.341,35.309,-0.754,-47.266,-31.475,24.834,-1.485,1,0.12815,39.313,10.977,9.818,14.845
1,-2.753,0,43.194,-40.53,2.447,-13.018,15.947,2.506,-30.621,37.431,47.533,-43.115,0.94171,0.932,5.442,18.723,-1.897,-49.365,2.649,-40.563,0.92670,32.68,-7.455,-31.322,40.284,33.874,0.706,11.344,21.211,34.743,-13.349,21.607,-41.073,0.04712
1,15.024,-22.875,17.559,-26.996,10.727,0.658,42.551,-41.659,19.988,5.153,20.924,6.804,21.66,0.04688,-43.215,-5.671,42.944,0.02004,37.573,-19.578,-32.615,0.07677,34.946,46.993,-10.554,-49.593,48.241,28.997,3.373,-20.452,0.92459,8.925,46.448,-45.616
1,21.182,13.045,33.789,49.466,-10.034,12.169,0.95691,9.282,49.047,2.319,-6.885,-10.883,0.89061,42.735,27.511,20.779,-6.895,3.655,25.593,35.725,35.738,0.01215,-35.296,31.514,-1.196,49.501,-23.875,-42.541,19.549,32.368,-13.74,20.273,0.87403,-32.844
1,1,-16.507,-21.802,-25.764,-2.337,-0.06151,3.337,13.702,-18.779,-33.219,-4.653,36.338,-19.572,-49.694,45.593,-48.036,-41.172,-43.329,-38.82,9.316,-48.933,-2.683,-24.316,9.308,0.86467,16.285,-1.578,33.132,37.343,-12.597,-1.156,-0.06678,13.888,-19.456
