1,-23.509,41.526,0.99539,-18.056,-14.251,-40.061,-27.104,39.821,1,-41.662,35.425,-45.909,-38.576,30.136,42.335,10.411,-30.852,-0.38542,-47.603,-39.014,-37.14,47.66,0.36946,-25.496,-13.632,-17.011,-2.639,-0.46168,-3.605,27.448,-29.28,18.11,-15.043,-0.45300
0,1,4.709,0.449,-14.514,-47.209,-46.999,-1.943,-0.93597,-34.851,47.832,38.719,9.366,-22.536,49.127,-0.51685,-25.181,29.899,-16.463,-14.677,-19.387,20.527,-0.45300,-13.456,-0.35734,-43.142,-7.488,-3.028,35.32,-26.777,-0.11593,33.508,-45.766,37.477,40.423
1,38.834,-37.702,-8.66,-0.03365,1.168,-39.845,36.129,2.534,-4.726,27.881,0.73082,-44.972,45.622,-21.752,-3.984,-25.547,0.83775,42.639,46.019,-33.295,-0.689,4.741,-33.048,15.49,3.238,-11.322,0.58984,24.55,-2.874,-13.761,3.795,-0.24180,26.006,-0.38238
0,1,0,-46.836,31.686,-20.311,8.605,19.34,-50.326,-17.944,0,-43.76,-36.299,-27.009,35.286,-1,-48.36,-39.607,-37.431,38.133,10.342,-25.754,-7.687,-48.99,-6.948,26.55,-17.216,-40.691,-28.808,-28.177,-0.20099,-47.75,48.958,-39.561,1
1,1,-18.205,20.941,-0.02401,-37.162,-32.558,0.92106,11.937,-15.236,-1.146,0.52798,-28.235,-13.657,-48.3,-11.196,-10.329,-17.273,-0.21780,19.434,17.11,24.275,12.735,-35.301,7.573,16.136,-37.196,-4.864,18.004,34.006,-36.2,1.822,30.089,49.402,-0.65697
0,1,0,-5.536,-11.1,-35.346,32.101,-0.00763,44.593,40.538,0.06637,-16.959,23.511,0,41.072,-34.851,-0.15540,31.951,39.104,2.56,23.454,40.992,47.905,14.087,-1.079,-7.831,-6.569,-3.239,-19.188,44.609,35.945,0.438,31.117,-31.03,-19.482
1,1,-22.692,0.97588,39.939,-18.386,14.377,29.258,1.679,-20.722,21.63,22.201,-2.287,50.331,-0.50764,-4.04,33.846,-36.12,-0.68086,31.218,15.853,48.068,37.13,12.979,-0.79753,-9.492,46.736,34.973,-0.82510,23.53,-25.407,-31.985,18.764,-27.721,-45.335
0,14.146,0,14.596,9.454,31.04,26.674,1,-18.948,-33.644,-43.645,22.815,-43.815,0,-27.851,0,-4.003,-44.034,1,-35.842,-23.427,-34.199,-10.005,-37.066,25.555,0.8,32.222,3.79,41.213,0,6.416,15.877,-32.289,-18.994,16.691
1,-18.719,25.647,0.96355,20.137,48.574,-30.69,46.318,-0.21313,4.784,28.23,-26.925,49.537,-23.06,-0.40668,28.456,7.653,21.18,22.17,23.704,4.441,0.75346,-30.441,-37.109,-8.124,-26.229,-25.018,-4.377,-8.432,0.25435,38.027,-13.98,30.45,1.415,-0.73420
0,1,43.477,7.605,48.63,48.828,-11.002,-26.466,-21.365,34.423,-0.26810,-1.805,-35.007,-21.904,0,-0.33656,45.592,-30.057,6.501,-33.044,-28.701,-15.649,0,18.861,-47.119,15.504,32.536,42.093,45.04,-33.338,45.087,-15.29,2.03,13.257,0.38065
1,1,-19.964,-25.28,0.06655,-19.31,36.9,44.616,3.871,-10.792,10.397,42.359,-46.384,20.214,45.222,0.90711,2.19,-28.911,19.103,39.871,35.82,33.497,9.837,-35.667,1.255,0.55867,-13.447,-25.7,-0.86500,-42.793,16.303,37.6,-28.208,30.178,-0.89158
0,3.885,25.403,44.692,-0.54210,-48.706,-43.921,1,-0.949,42.765,26.964,3.854,-0.41119,25.011,1,1,-1,-40.644,33.658,-26.347,15.175,-28.751,-36.232,-7.161,-1.855,-20.179,-3.32,17.258,-36.24,-18.277,-21.134,49.283,-37.791,-17.711,-12.126
1,-38.321,1.831,-8.07,-0.16316,-44.667,-8.635,44.438,-0.15197,42.658,36.273,0.94055,-0.35151,23.989,22.469,46.227,34.331,36.98,46.267,-47.723,-0.43383,-9.17,-19.775,28.631,12.414,13.849,23.109,46.695,23.63,21.137,36.107,0.68714,-38.999,49.281,-3.078
0,1,4.683,-18.617,20.533,-26.397,-46.44,-33.793,-5.821,1,-5.816,1,-26.263,1,-49.634,-4.199,-48.788,34.769,13.379,32.949,13.812,21.616,-8.925,-48.155,16.576,37.555,11.486,30.808,49.955,1,-20.941,-35.759,42.651,8.969,-0.18826
1,-48.565,-43.623,7.21,-32.354,50.199,-2.885,1,-10.451,41.017,21.603,25.578,-0.389,47.979,-9.119,26.041,-40.891,-0.156,-8.757,12.672,-1.009,45.83,7.221,1,0.41750,1,-36.918,14.603,31.362,-29.901,13.732,1,0.32492,-40.759,6.73
0,-26.032,13.777,49.631,34.293,1,26.686,-27.369,25.903,-42.518,-46.262,0.43685,-42.091,16.944,8.057,-11.763,-26.904,-41.929,1.036,-44.143,-1,0,18.185,-22.523,43.544,-37.548,36.267,-2.461,-49.079,0,-3.109,-21.891,0.23188,11.477,3.72
1,12.284,38.626,0.99645,47.826,-32.408,-0.01236,-41.103,-49.745,-1.511,6.13,22.855,42.511,40.326,0.10346,43.355,17.545,33.723,0.11120,-48.478,-3.642,0.81633,-17.154,-4.017,0.14442,-40.98,26.191,-1.492,22.657,14.915,32.498,13.289,-4.308,-11.054,-24.268
0,32.511,0,0,-1.888,41.626,-30.893,-34.404,28.137,20.578,48.71,28.362,-11.045,-3.816,23.354,1,-17.787,43.842,-7.635,26.33,-0.467,-11.573,-1,40.286,-25.487,-33.487,40.255,-46.918,-26.795,29.506,34.258,-1,-1,4.008,-45.664
1,23.964,0,16.272,-34.726,0.66626,-17.374,45.863,-12.043,-34.928,17.488,38.652,1.17,20.35,0.14285,5.393,-41.432,-16.908,-18.257,-27.067,0.41224,-32.479,-24.518,18.603,27.438,-4.333,-18.309,11.269,-20.706,33.887,38.365,14.327,0.25792,-41.885,0.33036
0,-30.908,0,41.038,19.719,40.036,0,-3.642,17.793,6.777,1,28.999,-48.024,-5.903,13.383,5.498,0,19.716,-21.892,-25.613,1,-11.158,29.627,-35.226,-13.645,18.759,29.74,17.753,-23.472,-11.153,-32.558,-38.938,45.541,1,36.568
1,1,47.252,-19.438,-0.00612,41.675,45.144,-28.359,7.76,1.479,21.399,49.497,-9.369,-36.942,-24.287,39.391,23.766,33.628,36.592,14.866,13.891,-19.781,17.204,0.96060,-15.334,-23.442,-0.40372,-3.276,-18.318,-39.264,3.727,0.80448,-2.606,0.74354,-47.304
0,-17.82,-0.471,-13.131,-27.607,36.317,0,49.146,27.292,-32.496,43.748,26.711,-44.573,0,-15.9,-26.397,10.669,-27.239,0.339,35.132,43.97,-1,16.979,0.608,0,1.546,49.881,31.169,1.644,-1,-3.162,-19.449,-34.636,-1,-8.025
1,1,-3.208,23.904,0.07088,-44.286,45.314,22.122,-19.015,7.68,49.755,35.284,44.249,3.405,-10.089,24.578,-34.886,17.266,-11.99,26.029,-34.747,-38.464,34.779,38.139,-0.05929,7.855,-1.831,40.639,-0.02205,-0.681,-0.01251,-28.483,-27.166,32.967,-0.00182
0,-16.819,-18.46,35.446,-20.459,-26.688,38.34,0,-49.91,-1,11.499,14.934,-8.332,0,24.927,2.548,2.959,39.649,27.685,14.675,-48.441,-43.67,-11.325,31.675,0,-47.552,-14.17,-45.128,-34.526,28.821,-36.748,-1,0.445,-9.031,0
1,-42.263,-46.713,16.366,24.371,1,38.085,4.197,25.955,49.345,45.159,1,-0.74,17.507,-0.05202,11.619,14.91,-47.31,-48.947,-48.093,-0.20367,0.94910,-35.566,17.362,-32.409,-24.549,25.696,44.766,43.382,-0.918,-28.27,0.54356,13.92,-5.538,-12.879
0,-17.957,-38.412,-36.751,-13.656,1,-9.214,1,-16.379,15.758,-26.962,38.386,14.27,-48.702,7.28,12.435,-1,1,-1,1,35.983,24.427,-18.052,18.108,-40.991,45.171,19.12,-8.87,8.923,38.416,-41.849,10.671,28.884,-44.419,-46.765
1,-14.501,32.936,28.068,11.529,-43.624,43.514,-12.236,-1.339,18.232,-25.717,0.95473,-5.907,0.88486,-0.386,0.87937,-22.962,-35.495,-43.274,-30.402,-1,-42.078,-45.87,42.194,8.636,15.972,46.131,-9.583,41.956,43.221,-12.635,43.705,-42.326,-0.13341,-1
0,-29.944,17.154,-31.143,-1,0,0,13.332,1,-40.204,-24.892,0,30.476,27.515,29.895,-40.626,29.358,-9.858,-9.861,19.854,-7.476,-15.326,45.924,-2.517,-48.583,36.849,41.739,39.996,36.897,-6.654,-46.223,5.028,-42.38,24.677,1
1,30.342,-25.032,16.197,12.746,-11.021,5.21,46.38,-0.13308,-18.855,7.745,-13.37,26.85,-26.382,18.765,1,24.916,-8.388,35.92,-34.598,0.95099,-22.802,-17.187,0.98042,-9.037,-30.8,-27.091,-5.069,49.548,0.74822,26.976,20.689,1,-4.01,47.345
0,0,-36.032,-1,-2.499,-28.43,45.436,7.68,-42.443,-1,-7.642,-31.71,-40.761,36.915,-1,-3.382,0,-25.088,-46.191,-24.724,-27.007,7.524,19.568,24.111,-19.945,-9.816,-8.45,1,-9.469,32.283,-22.771,-5.442,-24.652,10.117,-21.503
1,18.122,26.686,-17.809,-46.66,-41.765,-38.098,1,19.278,31.326,-0.07514,1,-17.364,1,8.766,-41.243,-20.72,7.521,-28.873,-3.747,-0.46162,-18.541,-28.036,-47.081,-31.339,1,-25.573,13.334,34.158,-43.697,-44.553,-9.166,-10.146,-0.498,24.295
0,-26.285,11.823,-34.664,-4.077,-4.717,3.612,1,-32.271,-10.065,-1,-5.628,-45.49,2.249,44.248,-33.191,-1.805,5.35,1,5.051,0.871,43.997,-20.99,1,47.723,-44.061,48.007,1,-22.936,-5.769,-35.415,40.114,-17.184,-40.457,1
1,40.101,8.973,0.88208,16.988,32.246,-0.11057,0.92100,-12.848,-21.344,28.72,42.255,-29.813,0.85269,-39.119,35.054,1.325,-31.955,33.074,-47.245,34.682,5.214,-0.47153,-30.857,-0.50085,-30.179,40.519,-4.559,32.107,-40.659,-1.242,30.734,-15.82,-32.855,-41.756
0,1,28.964,0.71253,-46.674,-35.817,-46.413,-22.06,-0.09473,31.944,-1.504,-43.1,17.77,-0.033,21.475,-36.422,-44.999,40.673,27.128,-18.499,-0.28257,46.659,-24.619,-26.97,-35.894,0.65493,-10.327,-34.543,-44.197,-1.087,-40.89,30.778,-4.626,-45.064,-1
1,-43.331,14.732,1,45.293,0.72314,-44.169,-18.662,-0.58388,-45.927,-0.28207,-27.754,-34.623,-43.197,-35.514,-45.333,-2.489,33.033,10.197,1,-19.785,10.817,-23.585,39.603,-20.921,-10.604,-24.233,39.352,-7.474,-44.063,48.345,9.04,-42.446,46.547,-0.57758
0,1,0,-42.801,28.364,25.136,39.172,36.106,-26.374,3.134,29.296,-33.681,28.093,1,28.559,-19.986,-29.558,0.17589,25.63,-40.45,-10.554,1,-31.227,50.076,25.237,-27.538,9.875,1,4.867,4.908,-39.434,16.866,-3.099,37.713,13.542
1,35.286,-1.057,-44.514,0.00433,-41.089,-0.01209,1,-27.857,1.421,5.94,0.97839,15.897,17.161,26.693,-29.632,-32.918,-33.608,-0.13665,35.431,-39.713,0.99589,6.758,-38.911,-34.46,-45.052,14.467,5.117,21.459,15.414,-11.36,-0.254,-18.537,41.603,25.594
0,0,36.696,6.48,-17.88,47.169,46.886,8.667,5.064,27.288,-23.019,-1,-1,-40.596,26.448,-13.477,-30.577,4.486,1,-13.625,38.543,-1,1,-40.943,26.115,14.377,-16.701,39.403,42.404,-43.59,14.962,-38.821,39.818,-33.319,22.263
1,-38.641,-3.795,-22.41,4.642,-42.821,-14.798,0.94705,-25.036,-28.533,20.084,12.868,-33.806,0.92766,-4.842,24.385,-36.649,-0.115,0.12722,44.911,-18.621,0.685,26.404,-19.725,-13.616,19.384,19.175,16.614,32.389,0.66387,-18.762,-41.436,0.10754,9.055,0.11447
0,-22.326,-22.016,43.587,-36.29,-46.212,29.53,48.908,36.885,0.61745,30.503,-32.597,5.244,0.88462,25.766,-27.579,0.14137,15.26,-40.73,1,-35.608,16.637,15.468,0.60138,-39.284,49.36,-10.405,25.463,0.16019,43.437,-49.742,-37.724,13.329,7.664,-19.033
1,48.768,-38.602,1.517,5.713,23.702,0.20746,1,0.26281,-40.187,-47.069,24.412,-45.705,-28.062,48.84,25.348,-30.827,0.65954,45.393,16.717,43.904,-35.936,-37.622,0.40553,0.766,29.457,7.133,-40.881,-9.134,-31.421,-12.726,-38.247,43.302,20.158,0.71444
0,29.74,-27.396,-42.147,-12.805,21.719,6.145,-33.963,-0.14375,40.036,19.752,-1,29.627,1,-5.442,21.587,-1,24.903,-1,-10.614,36.423,-26.472,-41.961,41.588,-48.61,38.342,-4.315,-34.19,7.867,36.783,-0.128,-46.033,-30.558,-28.266,0
1,-19.438,17.645,-8.349,0.08791,-25.747,21.674,-45.853,38.557,0.55187,45.924,-39.236,-37.574,-3.479,0.907,-1.624,18.254,0.51067,-23.396,-11.837,-24.131,12.761,-17.351,-39.709,-22.334,-20.449,6.063,0.18626,0.56605,40.802,14.562,-4.034,47.803,37.032,0.67739
0,1,2.644,0.903,-27.239,37.317,50.709,49.497,-10.025,1,48.912,33.707,-13.904,37.132,23.546,27.711,-45.573,5.109,-31.358,1,-15.131,1,-0.03393,6.994,43.97,0.067,-34.779,-24.397,-3.162,45.748,-1,15.236,-0.392,-28.359,14.979
1,-0.177,44.223,31.159,32.388,3.57,6.648,-2.221,34.664,-38.13,39.8,0.92738,-27.467,-33.768,-18.199,0.89812,11.231,0.84922,6.778,23.818,-16.47,-34.194,36.899,28.039,-29.253,0.68282,-0.68479,21.775,-10.759,0.61010,44.517,1.887,49.003,-28.505,-19.281
0,-33.526,-18.46,0,38.34,-11.993,23.703,34.392,-9.332,-18.108,37.446,0.445,-20.459,0,2.959,-9.031,10.499,-0.37500,-38.748,26.821,37.649,-12.325,-13.17,25.277,-46.128,15.501,12.934,-47.552,23.927,-1,1,1,-1.754,-49.91,-45.286
1,1,-25.398,27.045,-12.521,0.378,-1.723,16.362,16.551,-43.672,31.575,0.98941,-49.579,-25.721,24.216,29.638,-6.431,17.466,13.839,3.453,-17.141,-47.973,-0.34691,16.554,43.664,46.038,2.767,49.177,14.545,0.81433,43.248,0.77919,-35.731,0.75115,-49.252
0,30.884,-45.765,-39.045,-17.45,-1,26.268,-14.598,10.027,11.378,-0.63427,1,11.401,14.467,-15.384,9.374,-27.729,-48.783,43.708,38.386,-19.461,-43.561,-38.066,-41.588,-47.628,20.959,-26.429,38.578,-0.58130,-45.713,-0.61393,-32.189,15.475,23.366,0.41913
1,1,-42.652,0.98166,8.289,12.597,36.945,-14.526,-46.038,-29.565,-38.482,43.804,-8.259,-12.155,16.997,38.35,-5.621,44.629,-9.985,33.733,-26.52,0.814,-43.155,-43.761,-0.18739,0.88487,-0.718,27.886,-0.21136,-44.633,15.18,-21.958,17.053,10.164,-0.23902
0,1,-2.517,0,-41.204,1,-35.788,43.375,46.924,25.787,41.822,-24.517,14.332,17.154,35.849,-11.064,-41.629,-0.55711,-49.416,-10.969,47.592,30.476,29.358,-44.689,5.385,40.667,27.964,-5.476,-30.944,-1,-15.51,-8.861,42.739,-40.626,0
1,-4.654,-30.143,-22.96,-0.18362,5.472,29.924,0.93421,-31.719,13.542,29.48,-10.047,-14.388,-26.497,41.546,-24.115,-9.963,0.75000,48.253,36.764,46.144,21.854,-41.38,7.566,24.046,-5.008,-12.049,-9.103,45.369,18.79,-4.857,0.84463,-28.348,0.93323,-0.01425
0,0,0,10.117,-9.816,45.436,-19.187,0,0,35.092,20.568,7.68,27.371,-2.382,21.045,36.915,-9.642,-34.598,-20.836,-27.007,32.283,-29.43,-4.442,-0.499,-26.652,16.197,24.976,-22.724,24.111,-37.032,5.524,-20.503,-9.45,0,0
1,-26.68,0,1,1,-46.191,-43.697,31.237,27.686,19.245,-29.742,-9.3,-8.388,-1,-27.487,-2.498,-9.441,-5.747,-40.339,-1,-46.938,-43.765,8.028,-48.61,-44.795,-16.214,-19.945,26.139,-1,-20.771,-42.443,-18.541,-26.435,-31.71,35.003
0,1,0,-0.67935,-1,11.346,2.249,-43.061,39.747,-0.77,-7.769,-19.809,47.723,-41.243,-36.936,-19.613,41.997,47.007,-22.936,17.96,-33.191,5.051,-22.99,-32.271,0.727,-0.18856,-2.077,45.266,-26.097,5.521,-45.49,-28.285,-17.184,1,4.686
1,1,-34.624,18.091,-47.916,0.97487,-30.849,0.97165,39.016,41.961,8.908,5.456,-15.234,-4.173,28.722,-40.511,-0.19497,-34.667,-11.388,35.136,-0.35902,0.91428,41.098,-11.782,34.855,-4.718,2.205,31.136,11.477,32.232,-41.481,33.493,33.02,-31.94,-7.04
0,-34.949,-38.804,-43.916,46.711,-11.123,-18.307,0.684,31.947,0.71875,-35.758,19.654,-2.029,-34.276,-1,-1,-22.041,17.852,-30.927,-1.065,-2.147,-0.74628,-30.495,-1.623,-37.727,-23.227,-40.923,1,28.916,-36.475,-44.489,-1,-26.546,-47.648,-45.568
1,1,9.804,1,-27.512,-10.604,-44.491,39.677,-3.819,-39.671,-0.08799,29.964,-28.192,-23.381,-43.911,1,-34.27,-1.635,0.32407,9.04,-45.239,-6.363,14.542,40.806,-44.531,-41.98,-47.025,28.18,-45.05,10.683,45.228,-19.266,-19.724,39.092,-0.22981
0,29.364,2.325,28.093,27.237,16.866,44.547,-21.007,1,-39.071,-30.292,-27.538,1,-1,-44.184,-31.08,-45.927,31.033,-21.986,25.136,-1,-12.335,-1,5.952,49.457,-24.7,-1,-2.752,30.453,4.948,10.021,38.172,-35.389,-42.45,-24.566
1,1,-1.057,37.713,-11.116,-38.914,16.235,50.076,0.13231,-29.604,-0.01911,-41.14,40.834,1.378,-18.189,25.869,16.072,22.547,-34.48,0.96741,0.16265,-42.466,7.044,-33.416,34.653,36.023,14.9,-38.686,-0.856,-44.628,6.235,30.484,4.523,0.83574,13.507
0,1,25.115,5.236,7.667,-1,-17.88,38.403,13.377,14.558,-27.828,40.404,-41.59,0,-33.319,26.675,13.285,27.253,46.53,26.322,0.14375,-45.946,-34.533,21.263,34.015,4.632,-22.057,-12.477,-39.596,-15.625,27.436,0,37.543,-32.839,0
1,1,11.949,27.285,0.09771,-38.943,-39.699,-17.765,0.22574,19.613,0.09237,-24.14,-29.277,24.394,8.645,-12.866,-36.427,-14.846,-20.228,33.092,20.402,-18.081,39.135,-41.397,-30.181,-4.201,5.832,5.283,48.314,-39.014,0.46031,-14.253,0.47033,37.239,-0.495
0,-19.033,43.002,0.01667,6.308,-36.018,-33.869,5.132,-49.896,15.879,0,-23.326,0,42.587,-23.322,13.305,15.429,14.719,-37.28,-2.795,-41.304,44.073,24.974,-47.125,-11.569,36.707,-43.93,1,-0.76667,-1.125,19.251,0,25.23,32.503,-36.588
1,49.339,0.078,1.517,29.649,-37.3,-31.187,48.714,5.981,45.703,0.22610,-32.594,23.915,0.84250,15.773,29.923,49.308,0.78473,0.48311,-46.74,0.56977,-45.529,-21.435,-38.046,48.58,-31.131,-27.848,-40.685,-38.758,-36.057,23.464,43.613,16.809,-9.637,0.78685
0,21.089,42.575,-26.758,1,0.20833,36.423,1,40.342,26.78,0.30921,-41.827,9.867,42.528,-11.217,19.77,-6.392,-3.83,-28.472,5.287,-40.994,-46.707,-29.256,-0.128,-27.266,-12.623,-11.701,1,-35.252,7.412,22.408,24.759,-35.963,-37.361,1
1,21.719,-37.942,1,39.621,38.783,29.501,-19.827,-26.427,18.793,-4.202,-38.999,21.985,13.037,-31.718,29.627,40.684,-21.916,-0.50126,0.80025,-0.24497,-11.273,-47.044,-2.642,-41.27,0.93593,-24.154,-8.33,47.18,-19.438,-49.884,0.43970,5.697,0.993,17.591
0,1,32.707,36.98,38.497,-16.896,16.37,37.911,6.837,45.912,0.08424,50.881,-29.089,49.497,27.317,-30.496,-14.51,0.529,4.136,-8.441,-25.827,-1.2,24.557,15.127,0.26585,0.91033,-0.33333,1,-39.863,-3.785,13.981,-22.892,44.973,3.644,0.982
1,1,22.944,1,-38.843,1,7.323,43.97,1.623,33.446,49.189,0.98762,-9.695,28.292,1.394,-0.177,-14.087,-33.737,29.923,-43.729,-17.906,41.058,2.614,0.99933,-25.966,-17.449,-16.29,-27.643,37.476,-28.129,21.356,-34.69,36.096,12.473,-0.07329
0,-27.166,-19.108,-2.208,-34.526,35.858,-1,7.778,33.392,-0.754,-12.993,11.499,24.703,1,39.649,46.271,-1,26.277,-33.985,14.934,-44.286,39.34,1,50.806,-50.91,17.501,43.223,37.446,-10.031,3.959,-12.514,0,-21.459,-45.552,-1
1,1,0,17.662,29.363,44.487,-17.64,25.357,-36.748,48.551,0.25,-49.879,-11.484,-13.116,3.319,-1,-8.929,-27.078,-2.236,30.696,-0.42822,14.636,2.433,-0.999,15.579,16.089,26.821,24.851,-17.752,0.25773,25.045,0.93570,-46.48,-43.682,-35.216
0,1,-46.713,10.671,11.686,-26.884,-1,-24.962,19.12,15.758,-47.75,-47.001,1,15.976,-48.702,38.386,-1,-47.873,1,39.056,1,-5.18,-36.751,45.171,-31.093,-38.991,30.884,-24.398,26.507,44.041,-17.424,46.176,-44.263,15.183,8.923
1,1,-14.234,-8.87,0.03529,18.284,37.599,-7.214,43.084,37.983,-45.168,0.479,15.558,-12.102,-42.265,-25.328,-42.664,-21.727,17.765,12.435,23.966,1,-37.799,1,27.662,-14.483,0.614,0.89502,8.994,0.85611,12.288,-29.781,-18.101,-45.05,-40.091
0,-45.981,27.515,42.57,41.822,-10.738,-14.501,-6.494,-41.626,-35.305,-42.204,46.96,0,-41.405,43.375,42.687,-44.223,1,8.421,-1.517,16.154,-7.226,-43.624,16.418,-17.326,31.476,-1,-9.064,-1,-9.861,-1,25.677,14.332,1,31.936
1,1,-29.944,0.96087,-10.772,-11.053,30.088,43.699,-29.869,-41.399,7.45,-27.162,-5.446,0.86265,-9.512,30.186,46.933,41.729,24.899,0.69003,-4.923,-8.844,0.68820,-23.318,-23.755,18.58,-47.836,45.714,36.735,36.098,0.86061,5.166,21.723,47.015,-13.507
0,1,26.371,-23.03,-8.253,15.197,0,-29.759,0.69841,-4.534,29.342,20.045,-4.442,12.663,5.036,35.298,6.282,0.21032,-19.642,9.581,-10.034,20.568,-20.503,-25.032,25.976,-35.298,-35.324,-26.62,-17.552,31.283,-31.716,0,6.68,48.548,0
1,1,-25.652,-41.765,-39.71,-45.517,-8.361,24.111,34.85,-47.081,-9.165,-3.747,-3.034,45.436,-41.061,26.085,-25.579,-25.197,0.50391,27.445,-18.357,-0.691,-32.111,-0.704,0.62758,0.66643,0.63942,20.109,0.69435,-19.046,-21.044,-46.72,-9.449,38.248,-8.636
0,-44.061,-30.742,1,18.122,6.521,44.266,-2.077,-28.68,1,-45.697,-24.097,2.249,-17.809,-43.49,-42.795,8.028,-5.769,-22.936,-41.243,43.997,49.723,-18.114,-28.285,38.114,-36.936,-1,-19.5,-1,13.346,1,4.051,-28.487,31.326,-1
1,-40.457,41.0,-30.271,28.931,5.35,0.11982,-11.684,-30.631,-17.184,12.102,-10.078,32.962,-31.834,0.37639,42.282,0.39749,0.014,-6.168,3.398,2.197,-33.397,-47.435,0.70331,33.992,0.67077,-35.066,-21.401,35.763,-5.177,-34.015,39.554,17.771,48.411,0.62658
0,-41.161,0,1,-18.307,-32.276,-38.259,2.684,-40.175,35.233,1,-45.648,1,31.264,-24.546,-34.949,1,-21.227,-30.495,-24.041,21.475,-37.23,5.509,16.88,-30.518,9.973,-39.804,-14.246,-34.475,-44.999,0.356,30.312,-6.127,-45.1,1
1,1,-44.832,-1.635,-45.86,28.307,-9.637,-43.446,40.58,30.916,-44.063,-42.784,0.377,29.964,-23.381,-27.754,47.69,-0.401,1,-26.489,-19.051,-3.008,10.804,-18.6,31.947,0.64628,-45.182,45.835,39.677,0.10819,1,14.558,-39.671,-2.539,1
0,2.325,0,-34.389,-33.124,-10.604,28.453,-19.007,-19.986,-44.996,-29.292,38.352,0,1,-27.538,-23.566,32.033,-7.358,-46.927,-1,49.457,-1,-38.071,-10.335,10.854,9.04,44.547,1,-24.7,16.866,-41.98,27.237,-45.331,-4.752,10.021
1,16.96,4.952,1,24.854,4.948,30.33,39.172,0.09557,30.093,-30.402,-17.336,-33.08,-33.681,34.7,-38.859,-11.333,-41.089,40.813,1.421,-42.065,50.076,15.895,-0.057,23.136,7.901,-0.58042,30.364,-0.81372,14.195,-35.324,37.713,-0.78555,-42.463,-0.48252
0,26.448,-14.625,6.064,33.489,-38.57,-33.533,-26.828,47.169,-22.019,1,1,7.01,-0.092,-14.477,1,33.286,-32.319,-31.839,22.638,21.263,15.558,28.288,1,-44.946,-39.596,-1,27.759,-17.88,26.802,-46.514,5.227,15.675,1,12.377
1,1,-25.089,-38.898,-14.743,20.998,-36.548,0.89702,14.209,-39.102,0.35197,39.191,48.308,32.963,39.288,-41.882,0.56476,24.069,6.128,0.51247,-28.82,5.879,-4.293,9.01,-29.894,36.933,0.76146,41.591,-14.963,-20.398,38.253,-13.731,25.886,-18.955,-41.45
0,1,36.813,-22.64,-50.07,16.802,-19.814,16.345,0.32862,0.25795,-22.743,19.627,14.339,24.984,8.848,11.96,-43.374,25.417,0.287,-47.103,44.437,0.04325,-39.334,-3.796,19.312,4.57,-18.571,-1.047,5.277,-0.04779,31.607,-0.04585,-33.798,26.245,43.048
1,-27.4,16.141,-9.109,-0.02811,-21.359,-31.666,24.35,-47.363,43.446,0.02515,7.299,-31.263,23.418,0.07840,0.73077,-38.056,-37.816,47.49,-9.909,0.502,48.72,0.06953,-45.749,-38.48,30.135,-35.99,-40.271,-36.381,13.718,15.092,0.59024,-33.648,49.379,-39.42
0,22.408,42.575,20.48,-28.329,-37.386,0.04328,-12.433,-27.817,0.35821,0.15299,20.297,48.47,29.728,41.767,25.131,0.757,-46.365,-0.10448,-27.005,6.296,6.303,5.292,-34.358,-40.663,-2.845,1.036,-10.208,44.931,0.32463,8.841,43.665,0.13521,-40.814,-36.286
1,-45.853,21.505,29.415,25.948,6.268,-0.10566,-30.784,37.461,0.66038,17.748,21.364,28.638,-22.224,-6.582,0.72075,-12.176,-11.035,-3.555,0.61887,39.263,-3.344,-26.85,-40.221,12.236,-34.114,-49.761,-39.199,39.978,38.451,-27.374,48.116,0.03774,0.73208,-41.14
0,37.132,0,0.72727,45.193,-19.546,-14.831,15.236,37.638,-39.358,-9.318,-23.779,40.507,0.348,44.844,-1.632,1,0.50455,32.925,0.66818,-17.796,-28.359,7.537,0.98636,-24.892,-20.125,0.806,14.571,-37.795,18.068,24.004,-24.907,48.643,39.391,5.109
1,1,0,1.184,-10.043,1.743,49.881,-15.515,26.841,-0.777,-29.055,36.881,23.085,0.46667,0.08235,12.195,-0.05490,43.55,-28.591,-17.318,-9.025,-3.703,-18.382,-30.916,27.375,-25.741,0.00392,-13.645,-44.472,-35.173,30.251,49.597,16.214,3.075,1.718
0,1,0,7.197,32.571,34.742,0.12500,16.733,-34.415,49.77,44.666,0.04517,-12.808,-3.399,37.834,-39.257,10.772,-45.259,40.463,-12.341,-27.038,23.503,-8.98,-0.18636,-21.095,20.982,2.524,-35.084,7.227,-2.754,44.271,-19.137,25.203,34.853,-0.06314
1,1,0,39.223,38.429,-36.748,0.36373,-17.636,-12.292,37.297,-46.493,28.727,-0.598,14.786,31.925,0.77897,0.25322,-11.632,-48.861,-45.418,0.39056,3.279,-1.374,-48.91,-44.322,-26.12,-0.102,16.374,29.218,-16.01,-8.746,3.627,25.636,3.483,-32.984
0,-31.093,0,26.89,48.259,16.237,-0.80553,-27.973,-49.314,-47.195,44.087,16.262,-48.881,-0.18494,-24.759,-17.624,10.005,-34.394,-0.11344,20.9,14.819,45.106,10.179,16.321,10.732,38.845,24.396,0.70882,-46.966,26.786,-43.404,13.97,42.892,-6.365,-0.59867
1,1,-15.379,0.70870,-8.462,-44.775,-40.806,15.722,23.81,-39.338,-37.569,11.935,-49.432,37.994,17.053,-25.824,-42.273,-9.483,-38.838,17.469,42.553,0.26957,0.11739,37.919,-0.03845,-13.921,29.762,-18.458,8.237,0.48348,14.713,-25.318,-46.017,44.675,37.131
0,1,-42.981,-1.063,33.085,-41.541,0.73375,0.52012,11.477,-5.175,-11.806,41.777,-22.879,43.849,47.05,9.985,43.532,-12.938,0.45201,-15.988,-10.03,43.327,0.002,-0.63777,-16.118,-35.305,0.65635,-44.21,-46.382,15.267,27.179,27.539,-29.967,-40.878,-40.716
1,1,-8.861,30.187,-6.34,0.45331,14.5,-10.34,20.849,-23.99,42.947,-13.845,16.987,-48.109,-42.427,47.48,5.067,30.174,-5.878,0.42445,-45.266,-29.594,-2.451,-5.627,-30.352,30.994,-0.03176,45.884,25.644,0.34635,35.947,41.704,35.879,18.569,-0.03226
0,36.092,46.345,0.79157,-27.214,5.036,0,-3.969,24.277,-20.109,-9.037,-27.708,-17.192,-29.454,0.53215,20.283,6.809,48.521,26.927,-9.898,0.84922,9.015,-31.328,28.916,0.23725,-36.513,-22.994,-0.34146,16.08,11.663,-19.142,-13.021,7.228,26.371,-25.032
1,1,37.915,45.337,31.449,-2.589,-46.817,0.72990,-19.036,-8.852,0.72997,-3.999,-45.706,19.758,-22.849,0.06438,-25.157,-32.836,-0.625,-41.731,-7.846,22.645,0.65924,-5.319,-25.114,19.887,0.39951,-36.75,6.783,-19.668,-10.704,-9.184,-21.826,-40.438,-26.287
1,1,9.028,-43.513,44.456,7.348,39.576,-43.077,25.727,-18.329,35.497,-41.929,13.272,-44.594,-16.175,-0.13254,-8.545,-20.82,-5.853,16.6,-27.692,-48.764,-37.441,-10.94,-24.761,-0.85376,30.505,-43.598,26.672,-0.82366,-0.19321,-2.17,-31.079,-28.28,-0.49700
0,-34.664,4.051,-28.285,-1,-18.184,0,33.162,-34.976,1.855,-34.295,1.612,28.476,48.007,42.997,4.35,-6.628,-40.457,-31.538,41.736,11.188,0.165,0.727,-4.077,32.411,1,-44.657,-6.717,-1,-22.99,-1,-10.065,-24.936,48.723,0
1,0.356,-35.475,-30.052,0.04974,-4.337,-47.972,39.887,34.271,-40.513,0.09948,30.942,-38.493,-35.471,-32.688,5.256,41.084,-21.52,-41.24,0.63613,-29.495,-30.818,0.11355,0.68183,-33.155,17.805,31.466,-36.617,0.13608,35.81,20.651,9.571,-12.537,-14.672,1.835
0,1,-35.949,18.88,-45.1,28.964,29.916,-45.868,-0.99265,-39.862,10.355,-27.908,-47.05,-46.182,39.85,-1.401,27.307,-44.111,-29.526,-18.571,-44.387,-0.623,-43.999,-44.879,-1,-1,-4.752,-11.123,-26.546,31.947,-2.726,47.918,-1,-23.041,0
1,10.854,-39.071,1,38.694,-18.535,45.515,46.452,-35.423,-43.446,-24.432,-41.99,-11.405,39.343,-47.017,-42.996,-23.723,-43.331,-11.746,-6.375,-0.11813,15.732,31.848,-19.051,-20.2,27.227,-25.921,0.96490,7.838,-1.689,-0.17123,49.421,-0.22561,-33.254,-0.23296
0,-42.089,-32.08,15.96,2.325,0,-28.538,24.92,29.364,-30.292,0,0,29.453,4.952,15.866,0,24.136,0,38.172,-34.681,35.106,-43.463,-30.604,29.701,36.713,-41.45,-3.752,4.948,-1,29.093,-20.986,9.021,49.076,13.195,-18.336
1,-33.324,-39.859,-31.881,4.106,0.63318,27.161,17.124,-0.18242,0.97026,14.76,35.206,26.748,6.845,25.555,-38.57,21.324,47.161,-33.532,-0.07,14.348,1.421,-11.446,0.93126,21.868,-0.092,6.709,35.377,-45.829,41.578,-28.065,0.89095,-34.852,-45.251,-0.41573
0,6.48,38.818,38.687,26.129,8.667,-18.88,-39.139,-37.711,0.30682,-29.619,42.048,-40.532,-20.147,36.695,-14.625,13.377,0.59091,24.755,0.45076,13.156,5.486,-42.145,47.886,-13.477,-42.348,0.17803,-22.019,-29.708,0.06061,-40.428,5.227,-0.70076,36.696,-15.701
1,0.875,11.949,21.016,-0.49311,5.599,18.59,27.274,31.385,-42.862,-14.151,-24.089,-39.742,1,-3.92,24.464,-23.472,-17.765,31.326,20.062,-13.964,-22.326,4.898,1,8.137,-32.869,43.775,1,36.48,-17.915,15.51,-3.963,-0.40740,-0.004,-0.44739
0,1,15.979,6.664,47.933,-38.294,-33.508,13.182,-36.315,-28.4,-20.033,43.624,-9.569,-47.209,0,29.481,23.544,-40.516,-36.737,0.56098,14.304,24.974,42.587,25.23,48.816,-49.896,0.517,1,-38.492,-22.016,0,0,-38.108,14.491,-39.45
1,1,29.113,23.697,21.413,0.919,-0.11313,-9.819,42.423,-40.168,44.723,49.304,42.5,-37.509,-47.361,-35.542,-3.523,-30.675,-31.48,21.072,-0.08935,25.452,0.00075,0.87836,-46.154,6.581,43.075,-27.941,-0.17806,48.711,-13.598,-40.315,15.883,-9.092,6.134
0,41.036,-26.613,28.728,5.253,0,37.783,8.867,-31.558,-26.849,-40.137,-49.3,-40.147,28.74,0,0,0,-39.566,-35.963,37.754,-12.805,0.872,19.752,20.719,-35.19,25.477,-29.266,40.342,-1,12.937,-6.678,0,-3.642,-47.033,-27.472
1,1,-20.438,-19.698,-0.57224,39.382,-2.934,-3.208,13.262,1,-0.35818,-45.853,13.768,18.422,-13.017,8.837,46.677,-39.022,16.849,37.679,4.609,1.445,31.707,-23.191,-0.74896,0.61946,-25.03,22.043,-23.672,-17.085,39.675,-36.942,-10.258,45.547,3.348
0,2.546,-29.359,36.791,-4.79,49.146,-25.397,26.711,0,-34.863,0.529,1,-18.1,48.497,-26.239,36.317,-14.131,1.229,1.112,-14.024,29.169,1,1.644,42.97,15.979,-9.025,0,-17.449,-45.512,-31.625,48.949,23.922,0,44.748,0
1,1,11.669,8.161,-1.561,24.512,0.41149,33.118,23.501,27.838,0.69962,2.939,38.313,0.19617,-38.267,40.017,21.985,-35.157,-11.235,-35.035,45.928,-3.69,-26.605,-10.63,0.40996,6.186,-28.349,49.176,34.947,-29.569,44.145,-0.54866,-16.099,16.072,-1.497
0,-11.325,36.446,-33.106,2.349,-9.332,-9.031,-44.286,-1,-45.228,-12.17,25.707,32.315,24.927,38.34,0,-18.46,11.169,-0.29000,-36.908,26.821,-19.108,34.392,28.685,0,-49.7,14.614,3.548,-21.239,38.649,-46.552,-0.555,0,-44.67,0
1,4.197,0,17.554,14.417,17.576,-48.23,45.956,0.72144,-46.236,0.84222,-34.974,-47.084,-49.346,49.228,43.454,-5.266,-43.605,-11.729,-25.912,-1.004,-27.333,15.813,14.934,-48.582,-0.70838,26.081,23.716,-0.742,14.327,-28.166,-0.51251,-17.264,-0.37432,43.508
0,-44.765,20.12,18.021,-40.033,-39.142,1,-26.356,-44.861,-39.936,37.684,14.572,9.569,-0.03158,-32.182,38.07,23.393,11.446,-15.384,0.00342,26.008,-17.423,15.271,-18.957,44.171,36.983,0.00002,9.923,-37.751,29.884,-14.234,0,0,10.686,-49.702
1,10.421,-22.727,0.145,15.323,11.95,-42.909,0.19048,-45.79,-7.976,0.09524,0.40476,-13.078,33.246,-5.541,8.589,-0.04762,17.57,41.451,44.02,-42.604,27.377,-44.624,0.21429,-0.11905,-9.512,-15.549,43.035,-10.087,37.607,-26.328,47.13,-30.545,-0.374,-41.423
0,44.375,-8.861,6.028,-36.453,41.996,-2.468,28.089,-11.755,43.478,0.01639,0.85246,25.644,-40.482,-16.326,-39.938,-24.68,-29.946,35.701,-44.567,-0.17176,30.567,0.03279,-28.944,-0.29508,17.465,-48.927,0.52385,-6.679,47.252,29.325,14.611,-11.3,30.968,42.673
1,-3.534,0,-26.4,0,47.231,35.929,-24.169,18.219,-11.221,12.663,-13.679,29.387,7.893,-28.007,46.151,20.141,21.482,5.29,-17.505,-9.261,0.70674,-5.782,0.68604,35.227,49.293,-5.427,0.64581,24.359,-9.364,-42.352,-19.229,-31.552,-23.213,0.17077
0,1,-3.382,-9.057,-3.918,-11.604,-29.316,-0.16628,-9.406,7.347,23.123,38.736,-23.32,-26.324,0.30729,-0.34797,19.932,0.46429,-25.853,7.072,-35.538,-40.279,9.566,30.807,43.96,-35.71,27.073,15.717,-20.115,-18.373,-25.696,-41.992,-0.29915,26.23,-2.058
1,-31.71,34.655,26.008,-43.866,-8.388,-21.796,-0.498,-42.312,-7.591,-47.188,9.863,-42.829,-9.166,6.448,1,30.126,-47.212,0.05333,-45.637,-0.03778,1,19.399,-43.697,-18.995,-37.091,-4.712,-27.487,26.544,-18.719,-0.14667,1,-17.27,-29.742,-28.123
0,-5.769,0,0.43636,4.223,49.305,-20.645,48.188,11.15,39.459,-0.03636,-21.699,-27.34,-24.806,2.018,44.63,42.579,17.322,-18.202,-44.126,-0.751,0.12727,-5.226,12.964,4.214,-30.944,-43.898,-41.046,1.179,-10.719,-0.05455,0.12727,-24.3,-33.9,-3.368
1,1,17.135,-11.684,-48.922,-31.762,0.75472,34.723,1.627,3.235,-30.792,34.411,-0.00054,-14.794,-34.548,9.596,30.207,33.642,41.37,31.84,-29.495,41.528,-35.588,0.95190,35.152,0.356,-40.383,-5.706,-0.00128,40.044,-32.518,1,4.943,-4.693,28.777
0,-0.726,0,-40.423,-0.568,-0.76190,-23.279,-43.766,-22.37,-38.352,29.773,39.177,31.075,-0.29,-46.182,-46.362,-0.07143,20.093,-36.747,0.23810,-43.76,18.332,0.04762,27.473,-36.492,-33.849,-10.225,29.213,-19.817,47.918,0,-26.213,-35.997,-35.213,-43.975
1,-33.124,0,-34.951,-45.021,39.26,31.929,0.39583,-3.752,-7.024,45.39,-11.124,0,8.332,-44.728,-23.024,-24.361,-46.49,-20.28,-44.092,9.625,0.33333,0.08333,-28.504,-44.143,-42.584,14.544,-45.662,38.251,-19.08,-27.573,-40.087,-0.31250,10.137,-2.698
0,27.237,29.093,-29.292,1,2.325,29.364,38.172,-3.752,0,24.136,0.47744,-0.89098,-0.51504,48.912,-21.941,29.739,0.64662,16.866,3.948,-43.996,24.92,-32.08,35.726,-38.868,3.952,12.195,10.021,-26.7,-10.335,-42.463,45.547,-41.45,-20.007,-28.538
1,7.01,-45.514,37.665,-42.023,-33.745,34.417,-0.147,7.092,17.009,-18.835,0.90023,-29.991,-0.312,0.765,0.72254,0.37988,-33.872,34.897,-31.884,0.59862,49.609,30.141,22.106,-10.729,-33.92,-39.417,-39.226,0.43221,15.579,41.764,4.461,0.39620,16.146,-27.456
0,1,-42.59,-14.027,13.781,42.232,0.80521,-18.12,39.525,-39.756,46.059,14.936,8.747,6.438,21.406,-29.658,-32.435,27.402,5.012,-12.59,27.47,26.787,-0.69594,-22.152,-0.85755,0.28604,-46.247,26.115,37.714,-15.072,27.186,15.436,-39.133,39.223,0.68822
1,-3.963,36.696,12.908,-18.814,16.879,5.467,48.869,8.428,-38.672,-39.914,-2.805,-1.031,33.236,20.04,1,-33.922,19.627,-42.197,-24.151,0.01557,27.262,-14.914,-19.516,-43.816,5.514,-0.15675,0.95677,-0.06995,0.90978,-36.698,24.464,-29.577,-12.827,-18.834
0,1,-23.326,-47.209,36.813,4.796,-37.254,-49.896,0,0.68869,-1,0.97078,29.795,-36.278,30.911,-23.625,43.657,-19.091,42.751,-39.45,0,-36.315,15.979,-41.062,12.182,-33.508,6.664,26.23,23.974,19.062,14.491,44.118,-27.781,-0.125,-10.569
1,1,-31.614,-37.632,22.711,49.339,-31.342,-46.404,-0.00763,45.764,0.488,-37.295,-0.03510,-40.118,-9.87,-45.095,29.087,17.141,23.532,6.632,-13.432,1,47.907,-35.414,-0.04744,1.038,48.77,43.567,-38.395,48.738,43.249,-21.016,6.374,16.288,-0.04112
0,22.408,20.089,-35.19,0,-48.621,-0.22703,26.092,8.813,0,0,-40.215,37.856,-39.961,-47.233,-5.442,39.412,-40.158,-27.585,37.423,-28.266,-2.315,-35.173,20.752,-12.221,28.74,0,6.145,-10.877,0,42.588,25.553,0.613,-28.528,-27.553
1,1,0,45.884,-4.089,21.846,40.012,-17.368,-31.523,0.19512,-37.82,-39.505,17.693,0.21951,-24.212,-26.32,20.719,0.845,12.383,-22.575,36.984,0.26829,40.797,-46.616,17.851,-3.422,28.724,-20.505,-9.202,5.672,47.307,-20.243,0,-11.983,-39.949
0,43.97,-2.2,1,1,1,-30.359,26.711,15.979,0.608,4.109,37.132,-13.865,15.001,48.146,3.644,-3.162,39.391,6.837,-23.892,-31.496,0,14.236,33.707,-25.675,44.748,-0.471,50.881,47.497,-8.025,37.317,1,-36.636,23.922,0
1,1,-3.208,-25.893,7.503,30.638,-18.204,27.7,-13.927,7.248,-9.578,-38.818,-28.015,1.668,0.55102,11.669,0.51020,1.278,35.409,-44.777,0.55102,39.772,-17.371,32.16,21.449,36.886,2.797,-29.462,0.14895,-1.769,-34.511,43.876,-15.9,22.678,-0.24490
0,3.959,34.392,13.934,38.649,26.277,-47.552,16.501,-18.46,0,0,1,-32.526,-48.91,-35.238,-18.108,-8.798,1,-1,-21.459,0,-11.993,45.271,50.806,37.446,23.703,-1.754,11.499,-14.17,38.34,24.927,-44.286,-10.332,27.821,-27.166
1,-43.67,14.183,25.33,17.044,32.587,29.06,26.787,44.35,0.45588,3.327,-0.364,-24.509,-16.841,-0.789,-0.20588,0.82353,-27.063,-48.764,14.476,-0.144,2.462,-34.868,47.485,15.764,-13.227,-46.253,-0.67925,15.125,-38.3,-0.42647,-49.315,-12.832,16.267,-0.56618
0,1,0,-47.713,10.204,-45.543,-47.851,-0.75693,-6.89,11.128,-16.711,9.686,45.041,-16.195,15.097,29.093,-0.02614,8.691,-44.093,-50.303,44.634,37.341,-15.064,-25.02,19.179,-40.991,-0.43137,26.751,-48.658,43.171,-37.699,-27.701,38.082,-32.495,-0.48241
1,1,0,17.375,37.316,-42.118,0,0.264,17.151,37.349,-26.211,27.634,-18.941,-40.133,-8.131,-14.801,-38.479,-29.991,15.618,43.231,-45.435,0.31667,-5.294,-22.027,15.27,11.866,0.13333,-12.64,23.482,-9.47,8.313,-44.157,-0.488,0.41667,-43.031
0,10.421,27.515,-46.247,-9.664,-0.27303,43.809,-45.401,25.633,-41.343,-41.272,-40.582,-48.557,-2.526,0.02726,-36.321,-11.74,35.848,-0.00883,-8.857,14.33,5.03,0.00238,-0.00114,-6.475,46.959,17.153,-16.326,30.476,42.822,41.57,0,43.375,32.936,42.739
1,1,-10.037,25.208,28.979,41.645,30.192,36.546,29.099,-9.993,47.114,-29.143,6.83,49.061,0,46.002,-5.708,0.32432,-4.751,21.573,-23.978,-5.287,0.05405,13.419,-29.809,-42.028,-12.318,0.61031,-14.591,-8.804,17.943,-27.361,-25.111,0.51351,46.102
0,7.524,23.111,-35.086,-8.677,-4.382,-0.33203,14.197,20.03,-18.864,31.295,0.93359,-25.052,19.568,0.16406,-5.442,-20.507,38.868,-10.851,-28.508,-35.625,24.984,35.209,8.183,7.028,-22.767,-31.72,-17.367,-27.245,5.938,44.37,-1,26.183,-1,-0.34375
1,1,-1.499,-29.79,-47.168,-45.58,-48.094,-16.179,-21.759,-0.53,-25.669,-9.197,19.52,-18.585,26.655,-8.497,34.651,-41.77,-18.971,31.324,-26.071,26.075,-26.057,-31.772,-0.02370,-3.777,8.983,-38.799,-0.01647,0.97399,-41.424,-7.515,-9.422,0.95838,0.00809
0,5.051,0,-30.271,48.668,18.122,-26.097,-41.743,42.886,12.707,44.044,2.249,-27.543,-27.514,-0.11111,1,-7.116,-43.697,-0.38853,-43.061,-1.234,-20.5,1.477,-27.487,-44.993,-36.936,-44.073,1,47.436,40.114,-19.087,7.521,-3.708,-22.936,-0.65935
1,-4.127,31.312,29.2,8.87,-35.422,-0.10345,-5.51,34.164,-32.688,-12.738,0.03649,-0.03689,11.84,-30.816,39.108,-48.012,4.353,-18.193,33.412,-0.00523,41.0,-21.993,41.37,-41.459,17.134,-34.192,-11.065,32.653,-0.00018,2.612,-34.624,-6.628,35.153,-0.00006
0,1,0,30.891,-38.883,-34.749,-22.227,0.60784,-37.337,-30.891,-0.761,-32.59,-46.765,0.66667,46.781,5.156,1.586,30.465,-25.664,-35.4,-36.446,-0.813,20.279,-14.58,30.712,-22.59,-44.355,18.404,-0.24668,0.56863,-41.489,-43.568,-29.711,-40.69,-19.581
1,-45.102,0,40.1,-9.956,27.773,38.618,-2.445,-27.25,-34.047,0.19939,9.865,-24.232,-46.206,-1.624,-28.791,-44.383,-0.03766,8.075,-0.655,-43.768,14.707,0.00357,9.786,-0.00273,-3.763,-20.056,45.446,-44.838,-0.00294,28.958,-40.672,-45.067,38.677,-19.5
0,1,-43.996,-20.663,-11.178,0.06250,26.237,-35.389,-7.295,46.172,-20.924,-42.793,15.866,-23.597,-30.198,-11.541,38.172,-25.544,2.169,-3.314,-41.825,0,48.363,29.093,-44.331,29.484,31.564,0.03125,-39.071,8.303,-28.507,-46.958,0,29.364,0.09375
1,1,13.195,1,24.909,5.227,-39.597,-0.057,-0.06486,15.627,49.06,-33.692,-30.637,25.126,-11.088,5.952,-0.06486,-31.128,40.856,16.938,-39.865,1,-42.024,4.948,0.464,0.97838,16.253,30.686,36.726,-17.336,35.074,-42.463,-34.297,7.901,-1.162
0,14.377,-13.477,-31.986,25.856,35.489,-27.747,1,1,14.877,25.107,-33.696,26.486,-13.625,-18.609,15.558,9.667,0.81395,21.684,47.076,26.875,-44.946,-22.512,28.288,-1,38.349,22.302,7.01,-44.797,35.131,5.134,1,0.87317,-32.319,-39.596
1,1,0,0.90374,4.583,-38.641,38.483,-3.963,41.42,0.93048,-25.084,-35.775,38.802,1,-30.577,-38.821,47.95,-28.469,-14.773,0.91444,32.299,-41.622,23.486,-19.506,-39.959,21.034,5.539,-0.035,5.525,-12.882,-42.134,-17.915,-15.61,37.675,12.014
0,45.073,43.074,-23.531,0.28750,16.209,-49.796,18.909,5.45,0.32250,37.163,-22.959,-14.364,0.09250,19.337,-43.858,0.21000,26.198,43.237,-20.375,-3.481,24.75,17.419,31.802,14.823,-0.705,8.162,0.32190,-34.154,35.191,25.159,-5.735,-19.078,16.283,0.03050
1,1,-39.107,28.566,0.03333,42.851,31.701,-23.999,28.806,-38.818,41.474,32.152,21.404,36.151,29.361,15.861,-7.038,-34.013,-49.721,-43.17,0.10000,5.273,7.917,1.449,0,27.885,20.869,14.426,-45.113,41.046,0.13333,-29.255,-43.519,36.144,0.16667
0,-8.71,-22.57,17.349,-20.895,29.952,35.802,6.816,-0.01117,0.00559,19.066,10.93,47.8,-43.129,24.649,36.914,-22.951,27.673,-23.546,-15.299,0.07542,6.865,0.02514,45.434,24.172,0.00838,-2.894,21.7,-2.711,8.297,2.724,-30.41,-13.777,-23.332,-0.03352
1,-13.514,-12.838,0.94653,0.28713,10.131,16.31,36.054,20.544,-40.957,0.89109,46.118,-37.677,-9.544,-12.592,-25.353,-35.592,-24.565,-5.311,-29.508,-45.626,-8.771,46.086,15.971,-1.604,25.34,-0.64792,-29.822,28.883,-16.85,-0.41901,13.812,3.684,27.949,-0.05980
0,25.94,4.567,44.775,38.976,30.107,24.94,23.028,20.964,-43.139,20.137,22.473,30.994,0.354,0.04310,44.323,-18.232,-43.13,0.08046,-36.274,-8.883,0.02011,-47.606,48.945,49.365,-23.193,-44.501,21.173,44.173,0.02586,12.809,-49.44,0.01149,36.451,-0.00575
1,-35.796,-11.265,-38.819,8.635,-24.75,49.761,0.80000,-40.335,46.116,27.503,-17.039,-35.503,-19.079,-31.804,0.85123,0.01675,23.038,49.774,-2.046,-25.045,0.75961,32.735,41.606,-3.893,-44.684,-45.286,47.306,39.955,47.795,-25.008,0.82956,0.02956,11.122,22.37
0,31.704,-42.701,20.637,-35.931,0.00428,6.17,-28.415,8.604,6.967,-0.04993,15.646,44.482,48.048,0.571,0,36.524,-0.04708,48.456,-27.648,35.897,0.02140,15.256,16.376,3.487,-32.344,32.713,-22.91,0.01569,21.993,38.046,-5.991,8.936,-38.034,-37.651
1,22.981,-12.966,17.516,21.45,13.378,-11.497,-44.221,-14.613,-25.255,13.291,14.556,-22.666,-16.416,-19.264,-0.41270,-44.989,-45.986,-21.882,44.541,-8.672,-2.118,-46.047,33.46,-20.229,-16.581,0.00265,25.684,-0.31739,0.15873,4.489,38.661,-38.879,0.26720,0.04233
0,-26.116,-42.945,0.08696,30.617,0.13959,-0.04119,45.051,-14.979,-8.191,49.71,-8.249,-35.026,-7.122,21.785,-12.998,-0.13501,0.702,-14.615,37.644,-21.905,10.373,47.255,0.11213,3.189,31.233,-15.025,-18.487,0.01373,-42.425,27.381,-22.154,-25.845,30.029,-22.201
1,-45.012,-28.657,18.389,49.529,0.48263,-32.691,22.722,0.77514,32.213,0.64899,-35.602,33.575,43.367,-18.543,39.593,-9.02,-36.387,35.021,3.049,33.082,0.49909,-9.008,44.577,-33.295,28.456,-23.137,42.037,39.525,41.129,39.212,34.151,0.54479,30.196,0.50457
0,1,-48.288,-38.859,39.759,10.492,33.007,-13.242,0.01128,-31.895,-41.117,8.82,-26.336,3.088,-40.558,-0.01975,-3.497,18.482,9.765,12.75,-49.886,23.058,-16.922,0.01834,0,38.345,32.705,23.546,-14.626,-49.601,30.956,35.058,6.361,18.693,0
1,-8.34,13.837,36.613,44.014,-25.749,-16.872,-15.038,-37.509,36.989,0.09037,-39.887,27.852,21.698,38.058,-32.405,25.212,-36.226,-0.06796,44.461,-14.16,3.072,-23.614,44.148,-3.197,29.877,-0.01942,0.82383,-21.702,2.471,-15.942,-35.728,38.962,0.79089,-0.09186
0,1,0,1,31.985,23.259,-29.864,29.099,-31.444,28.618,-25.711,-11.993,-17.341,-33.095,-28.092,-9.73,-17.333,-16.402,-3.518,-44.533,1,33.055,-13.073,-15.437,2.583,1,28.571,-9.467,-10.691,-9.898,-34.546,22.435,1,37.644,-29.243
1,1,-18.239,-23.477,0.39252,20.466,-18.184,45.282,42.417,-25.348,-11.959,-10.97,-8.307,-37.173,0.10768,-36.084,37.986,-0.66030,-46.708,-15.136,13.951,-49.206,6.467,0.64649,-0.35230,46.321,-28.905,-1.503,10.072,-0.763,-2.866,13.993,0.632,-27.471,9.636
0,-38.466,4.337,35.222,-11.895,8.985,0.51250,0.62500,-24.047,1,-25.082,-36.604,42.38,-28.095,-44.713,-5.69,15.733,0.98,33.055,-25.162,10.836,1,-34.893,0.31250,-34.134,13.761,-12.908,4.058,1,7.279,25.956,-48.771,18.656,47.695,13.648
1,-28.98,-30.871,-38.769,-8.235,-18.79,-18.713,5.536,1,13.034,43.892,-16.314,-31.797,-12.515,-49.147,-23.25,-0.33333,-0.64706,32.478,-3.465,37.833,2.58,24.578,22.023,36.506,-4.904,39.296,0.92874,20.66,0.72549,43.123,-42.066,-8.709,-0.11765,-14.57
0,45.94,38.906,44.489,0,38.052,-25.417,-35.743,1,-4.39,-12.533,-1,27.877,-13.132,-1.57,37.564,16.255,-46.91,0,-21.234,-3.291,-38.709,-11.946,25.648,7.631,20.583,-34.068,-10.952,-11.761,36.239,20.487,2.908,-1,-1,-24.145
1,-7.927,20.472,18.523,0.44444,-23.247,48.74,36.063,4.608,-0.33333,-17.91,13.361,-40.991,-38.122,-0.11111,47.165,7.383,-0.66667,-0.77778,19.963,-22.939,-39.875,28.934,6.213,-47.158,39.325,18.503,-27.913,10.317,-23.329,-35.581,-28.191,14.079,-43.227,1
0,0,-2.037,18.985,13.808,0.33,-8.111,0,3.726,0,47.425,-11.018,-0.172,-20.66,7.841,-18.226,-26.528,44.375,-39.462,0,-47.889,17.1,47.299,-33.062,-5.227,8.834,-12.583,-24.782,0,0.903,28.876,21.789,-14.77,-21.928,0
1,1,0,2.912,0,10.2,-24.677,-14.432,-16.915,3.495,48.228,13.323,33.503,24.883,12.477,-47.98,-10.72,-24.515,-31.093,-0.258,0.5,9.149,-3.477,-25.192,3.998,-4.954,-46.85,-12.134,21.936,-25.985,0.25000,-4.122,-33.235,-38.519,0.30293
0,39.776,-15.365,-7.308,7.174,-26.292,42.772,-8.609,39.711,32.497,34.021,-19.581,-48.004,16.197,-5.072,-39.229,-1,34.371,0,-1,0.78,-41.733,48.209,2.764,-32.225,-23.438,43.033,-13.995,43.524,3.505,15.423,-1,-1,37.086,0
1,12.025,-12.591,24.15,-29.328,17.874,-43.745,-37.263,-12.007,8.807,10.945,-7.769,37.827,-39.805,-23.671,-28.465,-39.334,33.622,-31.647,43.866,-0.11111,0.77778,-0.11111,-25.318,-0.547,0.66667,42.458,0.90347,-18.99,-39.625,0.11111,-2.927,-31.933,-13.387,-7.709
0,-35.396,-0.41,19.701,-45.815,0,34.219,29.517,-37.141,42.691,34.225,14.587,0,-1,34.25,-35.048,16.402,1,0.75000,-12.981,11.399,31.098,-34.85,-15.797,24.982,-36.691,-29.862,-0.387,-46.445,-1,-43.413,-15.999,36.287,-13.753,11.591
1,1,35.661,29.739,-49.367,44.074,-7.493,21.828,0.09091,-42.6,9.882,42.474,-39.107,1,-30.128,32.519,-43.868,22.404,15.218,28.252,0,1,34.987,41.446,-39.427,32.635,-45.305,1,17.45,30.361,-13.563,21.736,35.238,-4.464,42.036
0,1,4.539,8.888,16.654,-2.702,0,-24.699,-30.454,1.027,27.961,37.278,48.269,-2.975,19.624,45.77,8.265,27.428,30.215,35.914,6.765,13.785,23.644,-10.286,0.17803,-23.35,-22.843,-34.456,-44.412,0.43182,7.058,24.777,-0.02273,21.767,-0.41667
1,-14.235,16.28,-4.383,0.11765,20.719,35.814,-0.053,-22.505,4.91,0.05882,1,-8.832,-28.983,-17.1,-11.838,0.47059,14.352,-23.959,-39.97,-13.894,28.446,0.35294,47.367,9.817,-23.594,10.795,-42.124,0.20225,-22.38,15.696,26.382,-20.534,3.727,-8.011
0,-17.186,0,20.129,44.406,21.455,45.899,-35.009,37.008,23.093,20.684,-14.153,-0.36170,44.848,20.574,1,30.06,24.94,-14.514,-48.637,38.882,29.197,-42.062,-38.351,24.187,0,-28.854,-45.622,-23.693,-0.22340,-0.48936,50.121,13.702,-48.304,0.849
1,-10.265,0,9.562,30.425,0.83333,-25.124,-17.115,-44.242,-44.536,49.667,-35.317,-24.974,47.888,0.12500,-8.226,0,45.031,49.824,28.492,-35.41,45.992,48.899,-38.793,22.404,-19.079,-43.16,11.17,-36.741,47.525,4.775,0.70833,40.859,-2.129,0.04167
0,1,-45.271,0.18590,-32.562,6.17,32.701,-31.837,8.955,0,8.624,15.251,-3.949,-27.515,21.782,0,36.557,3.509,0,-37.671,-25.547,0,48.485,0.543,35.796,22.441,-35.867,15.867,32.586,44.62,20.695,38.065,39.901,7.114,-40.141
1,46.041,-15.089,-21.95,-0.08183,-44.901,-8.669,-37.027,-0.29802,-18.848,-16.405,-4.998,-0.34281,17.183,47.561,-27.516,-13.448,-15.617,-0.65224,-21.269,21.346,17.87,-0.78316,31.293,-46.062,21.893,-43.664,5.193,-12.689,-44.098,24.809,0.24117,-2.858,14.869,-46.366
0,13.954,30.61,-13.897,32.082,-22.978,45.946,-26.772,-0.82456,3.537,37.665,0.872,-13.074,0.22807,0.05702,33.959,-19.229,39.14,-42.984,21.935,-21.719,0,-38.636,-22.431,-25.436,-17.572,-8.984,13.797,48.771,48.255,-0.24561,27.798,-23.004,0.82895,-42.458
1,1,40.674,34.775,33.395,-32.338,17.45,44.93,-0.30133,-7.81,10.021,-7.776,-0.24077,-7.633,-0.30539,-14.208,-27.477,30.883,-7.857,-22.678,-15.118,34.734,-46.405,39.139,29.585,0.23966,-0.52142,41.728,-29.141,-32.791,-35.256,39.377,-35.528,-18.359,32.307
0,0,-3.558,-1,-30.906,23.506,-1,9.738,10.451,12.774,0,4.177,42.862,19.523,39.345,35.643,33.015,-15.897,-50.607,-14.615,30.971,-13.263,0,-35.003,50.143,7.817,4.068,36.075,5.385,-1,-39.527,26.717,-42.161,-49.882,40.22
1,1,-9.34,19.608,-3.414,44.589,-0.17674,21.688,-0.22602,44.83,23.257,-32.395,-0.28909,-15.11,-17.311,-40.117,-27.068,1.962,-27.045,32.988,-37.785,40.157,-0.54172,23.349,27.136,-23.479,-38.104,-38.786,-37.063,2.119,35.597,-0.01840,37.578,35.681,-48.767
0,1,0,29.099,-1,-13.5,-9.467,-29.864,-12.691,30.081,33.523,-16.341,0,-21.425,-11.898,23.259,24.435,-14.073,-27.092,30.571,14.837,39.982,26.177,0,-16.437,-46.248,-17.333,-13.685,-25.711,1,-18.402,-3.82,-16.878,43.718,4.583
1,1,0,-7.965,39.079,-35.046,28.379,-28.572,-31.16,41.051,0.88186,-18.963,-34.614,37.357,-32.25,19.21,14.556,33.426,9.202,8.735,-0.85654,-27.196,-19.814,-35.727,-0.66878,-2.7,-10.497,-45.376,-8.651,-48.849,-29.815,0.31435,0.593,-2.224,-0.447
0,1,17.656,14.797,1,-0.02,45.194,-22.047,-1,-27.162,-15.943,1,4.058,-23.922,6.272,34.055,-26.082,-12.908,33.222,-44.713,-46.827,-29.095,-35.893,1,6.985,23.956,-13.846,-4.69,1,3.337,10.836,-25.329,46.543,47.695,42.348
1,22.277,-15.472,7.279,14.284,-38.769,1,-34.363,16.733,-6.159,-21.29,32.164,-2.229,5.516,-18.713,-43.301,-35.629,-1,13.524,36.232,24.911,-40.466,-13.821,11.761,-11.848,-0.33333,-50.265,-30.679,-10.611,-7.784,1.227,0,-1,1,41.888
0,0,0,-1,37.564,-20.417,19.441,-4.39,-10.946,-3.57,45.489,37.239,-22.234,-35.743,38.052,-1,39.696,26.648,-15.49,-30.98,-15.132,5.631,-45.91,-32.385,-34.505,43.971,-4.291,1,4.908,-36.709,37.906,21.487,1,-10.761,39.511
1,1,0,20.583,45.009,-10.952,-24.275,-41.671,0.22108,-20.939,36.16,15.361,20.867,49.165,-35.935,-27.413,48.423,17.703,1,27.877,5.435,-38.653,-22.983,-11.533,20.408,-40.325,-27.834,1,4.608,-24.145,17.505,10.866,39.991,19.503,1
0,13.808,0,-47.936,46.299,0.903,7.841,7.605,-2.037,0,-8.111,17.1,0,-37.122,0,-22.784,20.789,-8.927,-25.782,7.834,2.726,-12.583,29.712,0.828,-46.889,-25.528,43.375,-32.062,-19.799,28.876,-11.018,13.079,0,-14.77,0
1,1,48.228,-4.169,-31.422,4.831,-5.598,9.068,-17.629,-21.63,0.04403,-20.279,47.162,-0.718,-0.31997,-12.839,-47.54,-24.474,33.088,2.064,18.695,-25.17,12.019,0.06556,-5.495,-26.162,-0.25124,-10.882,-39.694,2.719,23.781,12.364,-0.18950,0.343,-18.498
0,1,-39.194,34.371,0,21.672,0,-38.229,1.78,0,-47.004,1,-49.183,2.672,-26.474,-32.225,37.086,-14.995,-14.932,41.772,8.399,-27.49,-3.696,-33.693,-14.459,-21.581,48.709,-8.567,0.75000,43.804,-42.733,44.399,-4.342,39.579,38.774
1,-36.93,-29.243,-5.308,0.05149,-7.664,-12.017,-30.686,15.344,0.95513,-7.974,0.225,-28.781,-25.181,0.25283,43.603,35.295,11.693,-40.337,-38.738,3.057,-22.924,31.789,-40.349,11.341,-43.355,-22.166,23.479,-3.561,6.448,0.23568,-12.367,14.637,0.18086,0.19083
0,38.938,0,36.287,-0.09524,-32.821,-17.999,13.587,6.807,-11.981,-42.095,-12.939,34.987,-19.936,-35.85,-46.815,1,35.724,-28.862,43.458,17.874,24.671,-36.048,-2.387,31.844,35.049,16.767,-13.387,1,32.098,-44.937,-1,-15.122,-1.41,0.72831
1,1,11.399,36.597,31.633,43.299,-36.709,-13.094,21.003,-34.464,0.16828,42.436,17.59,0.99676,-43.518,10.889,0.05097,-48.975,-5.717,-38.645,-0.14482,28.101,19.962,-42.935,31.482,21.673,35.485,30.389,-29.878,44.06,40.54,12.375,-36.793,0.85841,20.589
0,43.218,0,18.29,18.105,48.875,28.673,1.683,29.739,1,-3.4,1,25.178,22.597,1,14.766,36.351,-34.713,15.127,-38.107,25.596,-44.214,-22.641,-42.836,-1,30.885,-6.038,8.95,28.591,-23.699,44.656,-0.75000,-29.454,5.539,30.361
1,1,0,11.913,-22.34,-12.777,-23.702,-11.838,36.746,26.382,6.97,-42.124,-8.789,7.893,-2.771,47.367,-15.169,-8.752,-0.18954,3.563,3.753,-23.62,-23.342,36.789,0.09242,17.28,35.566,-0.091,27.4,9.178,15.676,1,9.268,-19.921,-0.11717
0,1,-28.854,-29.614,37.962,-19.186,35.497,22.937,-12.153,-22.9,-37.571,21.91,-0.38710,11.798,-46.224,19.623,14.352,31.547,0.46502,-5.066,-17.492,-0.14343,44.204,20.009,-23.156,-40.94,0.06639,-8.211,-0.01186,24.936,46.509,29.44,-49.465,-14.514,-36.006
1,-7.935,-43.035,-46.83,22.838,50.558,49.612,1,49.3,-35.815,-43.136,44.858,0.20663,31.13,-45.39,9.628,-36.209,48.054,-25.147,-18.956,20.995,1.391,0.00191,11.235,45.028,1,40.713,1,-44.496,46.082,49.062,25.894,4.379,-34.494,-0.05740
0,-39.543,-25.547,-2.837,39.949,-40.337,15.694,32.695,27.492,36.557,0,32.701,21.973,-44.271,7.17,23.362,16.251,7.946,-1,0,46.525,-30.837,9.955,49.485,-4.949,-10.265,23.237,-23.958,-17.823,45.495,1,1,-0.406,20.599,0
1,1,-32.396,-26.63,-37.955,5.706,8.371,-44.524,-43.052,-20.951,44.736,0.92736,-6.456,26.556,-28.876,-15.591,-46.49,0.69748,20.643,4.106,30.129,-35.272,-0.70975,-15.53,15.452,36.354,-0.73333,-37.665,13.817,38.303,-12.615,-1.803,-0.73145,48.173,-23.65
0,1,0,30.61,-42.537,0,0.412,-14.897,12.797,37.562,-13.966,33.608,0,50.771,-9.555,12.954,21.981,-24.206,-1,-23.132,-16.089,32.082,-1,26.848,-39.636,-43.477,-24.273,-20.848,-8.517,18.045,-43.945,-19.576,-44.314,44.946,-25.772
1,35.123,-35.015,-20.978,10.347,-17.588,-23.173,31.184,-22.25,1,-32.919,22.661,-8.372,45.128,-14.877,-45.103,-7.291,-17.572,-27.116,1,0,-7.619,37.545,-13.794,38.698,33.682,47.3,0.91541,0.02897,0.95455,3.282,-12.281,33.684,-27.793,29.957
0,0,3.068,-49.882,22.506,-35.865,50.143,1,9.817,40.436,37.345,30.971,-13.263,34.075,11.774,-1,-33.649,32.155,2.177,-35.003,-1,-7.709,16.446,-49.607,-40.527,28.717,38.221,39.674,39.22,35.643,10.451,44.862,-1,-41.161,0
1,1,0,-30.994,22.926,7.356,9.914,-25.514,-36.975,-15.985,-0.02941,-47.317,39.575,37.117,32.864,-13.674,20.847,1,-33.188,36.756,-38.879,-2.793,33.133,-15.933,18.552,-39.897,2.22,19.613,0.02600,28.674,23.41,0.97059,-36.408,44.925,38.178
0,1,29.571,42.625,44.243,-22.665,-24.558,-9.057,1,-12.691,26.177,-27.568,12.837,1,-22.626,-11.898,-16.048,0.28301,-38.468,24.435,-16.402,-14.332,-4.22,0.59,-15.073,30.081,-1,29.099,-27.128,-9.467,-1,-19.333,-16.201,39.131,-29.864
1,1,0,-49.016,19.971,0.83781,14.829,-34.394,-16.411,-15.657,-35.599,-45.471,0,39.443,-30.193,33.768,-36.184,-12.151,-0.667,-3.518,-3.396,-31.718,27.694,42.131,-8.725,-45.112,34.265,4.237,-18.15,0.52632,-8.94,-31.494,38.391,0.57418,22.356
0,4.058,13.797,24.95,-13.346,0,9.858,-0.01923,-23.922,-24.329,-0.032,-26.082,45.543,-18.949,0,-2.22,-29.095,-27.359,-0.02,-9.894,35.151,41.996,34.798,-15.289,8.179,7.272,9.836,-0.61538,-0.51282,45.194,-26.162,-28.671,0,17.656,-23.047
1,34.164,25.578,-12.908,-12.441,43.554,14.193,38.05,6.153,-34.134,-0.09091,-46.827,0,3.045,-39.921,4.973,0.27273,7.279,15.097,-48.265,7.713,-35.719,-11.969,1,0.07750,1,47.604,13.761,-35.805,-44.713,-39.406,14.524,-5.189,-30.144,-5.417
0,-42.301,-32.385,38.511,-4.291,1,-9.784,37.906,-8.611,44.489,0,-20.234,-11.946,21.441,-1,-19.417,6.631,26.648,-15.49,3.908,20.487,-4.229,43.971,39.696,-23.29,-30.98,1,-36.709,37.239,-15.472,-19.713,37.564,21.777,0,0
1,45.94,-28.834,-39.198,0.09091,39.628,-24.326,0.27273,0.18182,21.108,-34.743,-42.307,-28.504,39.507,-14.223,-3.904,36.272,48.801,17.896,20.038,-34.505,-2.206,-10.852,-21.666,3.79,14.725,-12.624,-11.607,26.859,0.27273,-46.91,17.619,0,-24.855,-0.01832
0,1,-36.425,43.375,-2.633,29.712,-33.062,7.834,0.64516,-24.655,-17.799,9.866,0,-12.583,5.435,-23.903,7.841,-26.528,47.833,-47.889,-8.927,16.1,-0.097,13.079,-37.122,19.706,0.23387,29.876,19.019,7.605,0,0,-41.325,-46.936,3.726
1,1,47.425,-17.226,-5.312,-20.928,0.71429,-19.66,-7.397,-4.227,-4.962,49.085,47.156,-38.462,0.02534,-11.874,0,-25.763,-17.558,34.382,1.948,19.985,-0.457,5.248,-11.018,0.28571,0.044,22.789,-0.959,-13.77,0.05182,14.808,-25.21,-30.343,12.335
0,-41.733,0,-26.292,24.992,9.399,-49.85,1,-32.526,45.524,2.78,22.672,10.2,3.745,36.086,-37.229,-2.477,-25.735,-1,1,43.033,-46.35,1,40.776,-13.932,35.371,-15.995,1,13.411,-23.677,-14.365,-24.265,-9.882,-46.004,-38.194
1,-38.334,39.711,43.736,11.495,-12.052,-7.787,0.10380,3.458,-9.038,0.87916,-32.964,35.603,-24.37,-22.271,5.35,-20.83,-29.922,-0.63342,31.257,-44.574,-6.119,-0.78699,42.288,-4.646,0.69274,-0.24843,48.9,-25.88,3.292,-0.038,11.316,-3.25,14.356,15.772
0,-0.41,0,-33.85,31.844,17.874,-13.797,-30.647,-1,1,35.219,-39.625,34.25,43.458,-41.805,-13.387,34.287,24.15,-34.048,1,-28.862,-44.445,1,-44.815,-8.709,-36.93,-28.243,-15.999,38.938,-30.821,-0.387,8.807,1,-17.936,-13.118
1,15.587,0,-42.674,31.14,43.967,-12.823,-35.83,34.423,-42.849,-13.388,-38.712,21.23,0.76221,43.097,12.065,12.075,18.1,0.51752,16.936,-4.942,-34.911,21.946,41.9,-13.461,29.85,0.55274,19.97,24.524,0.22307,0.53448,-36.998,10.464,-42.297,36.126
0,27.252,35.511,-33.713,1,20.105,3.539,1,27.739,1.683,43.218,-39.107,-29.855,1,26.966,0,-43.836,27.673,31.635,29.361,-30.454,14.127,-1.9,1,32.519,13.766,-7.038,-44.214,41.446,-49.821,20.736,-1,-25.699,7.95,35.351
1,1,35.793,0.93537,0.13645,-1.765,17.544,3.584,7.204,24.968,16.751,-22.918,11.512,0.65260,48.625,0.50830,0.73586,-13.36,22.424,-14.979,9.126,24.733,-20.03,45.411,30.774,-22.991,4.707,-43.334,36.358,-9.399,-8.995,36.464,-21.927,6.438,-22.821
0,-13.153,-14.514,30.447,-1,-37.009,16.637,12.352,-16.218,10.406,-11.838,-37.522,28.446,45.526,18.719,-24.225,-1,-22.9,-0.053,26.382,45.367,-30.983,35.497,-1,-25.594,-4.383,0,-44.431,-41.97,-7.246,-1,-1,21.129,-29.854,45.406
1,39.962,23.013,0.80627,-8.804,45.451,0.24323,0.64615,0.19038,25.264,-44.955,5.015,0.855,0.25000,0.57308,-17.934,49.748,30.285,-35.715,-25.114,31.635,24.906,10.761,-49.555,50.195,-47.778,21.318,12.598,-44.143,43.918,21.46,-43.302,22.694,48.744,-42.75
0,0,45.325,50.782,-32.837,23.362,1.594,-2.949,-3.837,23.237,41.859,-18.912,38.949,-24.547,-10.265,28.492,31.695,47.525,31.701,45.495,-39.337,-23.958,9.645,1,-18.823,-44.271,-1,-34.494,46.054,1,-35.796,22.973,-1,1,-38.543
1,-10.833,6.946,-26.656,-5.834,-36.729,38.24,-15.46,-28.112,15.467,8.951,0.85550,15.704,-22.227,0.52284,9.654,-37.432,16.28,0.66893,37.045,-31.692,6.612,4.191,31.057,-35.2,-21.682,48.795,20.767,-41.915,35.937,0.80439,-0.02962,49.262,-0.10289,17.067
0,-15.089,0,4.706,-42.537,-37.636,1,-25.273,0,-18.576,46.041,-1.969,12.954,18.045,-46.47,-16.074,21.223,21.981,0.412,-44.477,-23.206,0,-45.314,-45.901,12.797,25.648,-25.772,-7.317,-9.555,33.608,38.412,-13.966,1,0,-19.848
1,22.707,49.771,-21.055,-12.99,11.12,-42.647,-34.289,0.36790,0.70588,-22.514,47.829,-14.27,-26.683,-13.82,31.399,0.67697,-14.731,31.378,0.04686,-6.483,44.825,39.377,-0.18479,44.841,-8.775,-17.915,27.06,-21.665,36.987,30.413,2.659,-21.725,-46.574,0.35095
0,0,0,0,-8.709,11.451,31.411,34.155,39.345,40.22,-36.003,32.773,35.643,7.817,21.506,-41.161,33.775,33.123,-33.919,-8.372,0,27.717,41.436,1,4.177,39.221,-33.337,44.862,18.446,-18.543,40.674,-29.657,50.143,-34.865,0
1,1,-40.75,-37.991,40.133,3.727,35.769,13.065,0.87892,36.079,0.90135,-3.954,24.332,-32.552,-47.723,-0.82960,44.282,30.182,-49.689,-41.155,9.429,-15.081,32.459,18.521,-17.54,23.11,32.107,0.30406,-13.747,18.955,-33.487,-25.867,-0.09461,6.807,-49.756
0,-26.568,-17.402,-2.22,-1,-23.711,30.571,1,36.756,-13.018,44.625,28.733,14.837,39.119,1.191,-15.815,1,-35.467,-22.626,-10.691,-38.063,1,-10.34,39.982,-38.468,26.177,-16.878,30.081,44.243,21.817,-16.813,1,1,2.59,-20.665
1,-34.546,30.099,-29.508,-0.38293,33.787,-16.238,-0.353,0.15266,-9.911,-8.677,-17.239,-26.88,-10.178,-30.575,0.68798,34.384,-8.31,-31.922,-31.801,-13.022,39.218,-13.647,-17.802,-4.069,-44.588,0.57549,0.44174,22.741,23.56,28.618,0.35070,4.08,-16.131,15.31
0,0,-10.208,38.296,-49.49,41.428,-14.943,7.272,0,0,0,-46.156,-12.846,-0.02,-0.032,13.797,-28.671,0,20.077,-24.922,9.858,-27.359,-3.449,3.058,42.348,-24.329,-36.242,9.986,35.055,-35.225,45.194,-2.22,-18.949,0,45.543
1,1,-47.827,-4.743,-13.899,16.706,-45.715,0.98922,47.699,0.95801,-35.877,18.597,-23.012,0.97213,-12.848,-38.48,-26.064,0.94277,-29.024,-29.886,-35.141,8.963,0.04980,13.725,5.587,14.581,25.037,-25.21,9.879,-35.654,34.23,7.257,42.625,-38.769,4.334
0,-10.946,13.524,-7.784,-31.385,2.908,-1,-30.98,41.971,25.578,-22.29,-9.611,-42.301,38.511,-12.515,0,-3.291,20.441,38.696,-15.49,33.164,-50.265,38.232,-2.229,-18.713,21.277,0,1,-6.826,2.227,-19.417,-1,-16.472,19.487,-1
1,1,3.608,-23.912,-0.16900,-24.431,-28.398,-3.68,6.653,0.68065,26.66,-13.786,-21.178,-1.879,17.299,15.042,-11.901,0.67023,39.109,45.123,36.193,-11.888,-42.602,-10.13,0.07381,-33.903,39.087,-37.11,19.666,-34.123,-46.842,0.56466,26.967,37.11,45.034
0,1,18.503,48.852,-22.784,30.631,47.072,-36.304,0.947,13.84,5.542,-8.059,-38.915,0.70067,0.18227,37.045,10.004,21.407,-19.05,18.786,19.595,0.64883,0.24582,-47.287,-21.164,45.375,38.453,-27.942,-23.681,8.552,-35.886,8.605,-0.06522,-40.76,-46.697
1,-32.062,-8.111,-30.58,-0.07778,0.828,-26.824,-38.462,-0.85741,9.634,-26.13,17.555,-22.356,-19.66,-0.12581,48.299,46.59,-4.735,21.807,0.82222,18.926,14.79,-0.19938,49.228,3.947,-14.074,-11.283,-1.115,-0.24549,-24.993,28.897,1.205,-18.497,-16.415,-13.153
0,-2.477,-14.932,9.585,2.901,-48.437,-39.12,33.647,-24.435,0.23346,1.912,0.19455,-0.755,-5.209,8.769,-12.784,-14.765,-26.774,0.36965,12.385,-33.277,-4.57,21.769,4.326,37.385,1.887,0.28482,12.351,-25.003,23.844,-47.202,-15.459,-10.571,-0.19066,0.28794
1,49.209,34.371,-8.082,-22.47,-26.54,-38.282,35.636,2.493,-3.532,-46.97,45.141,-41.633,-28.737,14.4,-5.681,0.01190,-7.901,-23.423,3.367,0.01587,40.255,31.469,44.624,0.03770,6.674,0.03968,-3.203,39.699,-19.964,41.637,-31.536,-0.01389,15.822,-0.03175
0,43.866,11.056,-31.583,22.997,32.8,-34.79,-18.853,-43.769,-0.01478,-39.147,11.089,-31.821,0.12315,-0.09852,-40.746,-25.985,-29.842,42.429,-12.247,-7.916,-0.367,0.01478,-37.861,16.903,0.07882,-14.225,-40.344,-12.641,37.879,-0.09360,7.852,-0.356,-14.723,-29.351
1,-13.018,14.587,12.21,-35.287,34.926,16.333,-36.437,0.01678,0.74273,42.693,0.71029,-13.595,-16.283,-0.00224,10.77,-36.625,20.537,-35.214,-0.7,-45.905,0.62528,-45.459,35.86,29.634,0.71253,31.003,34.924,35.27,-42.967,-42.365,12.188,20.776,-12.329,23.935
0,1,42.218,-6.785,27.612,17.499,29.361,35.214,27.739,0.683,21.404,-34.637,35.587,-5.464,4.539,15.127,20.736,35.351,0,-45.214,0,-43.829,0.68101,-39.307,-43.349,31.531,-29.498,-49.766,-40.518,0,31.519,43.138,39.446,41.474,0
1,11.913,24.178,19.986,45.397,0.89818,36.825,30.826,6.798,0.89175,-23.045,-22.819,-0.10932,-1.814,-30.443,28.581,7.813,36.665,-9.771,9.174,-0.02358,14.646,-22.716,28.795,24.471,7.814,-21.082,-2.017,47.726,18.134,-23.508,22.481,-0.18542,-23.781,-0.16827
0,-39.97,-8.246,-35.582,28.947,16.28,0,0,27.446,-14.77,0.51042,-44.841,46.388,-29.983,0,25.382,35.578,-42.959,2.273,9.997,-0.18333,-9.067,19.719,15.637,3.91,0.98750,12.944,-2.053,-6.383,-14.056,-13.595,-17.218,-23.9,-24.594,-38.522
1,45.406,-13.153,47.415,12.814,0.92007,31.073,0.92442,-43.022,-27.962,24.838,1.292,-43.146,0.93040,23.003,39.893,-47.718,37.357,-23.275,45.615,22.415,-48.582,-9.056,21.018,-36.353,-13.685,-0.14138,45.02,49.259,22.019,-0.13051,-17.35,24.77,21.785,-0.12235
0,46.325,-45.411,27.492,0,1,-35.365,-35.912,22.217,40.859,49.782,48.054,-0.42444,47.525,-24.82,-23.958,48.929,-39.337,48.935,0,0,-44.271,-11.305,-43.492,-18.01,-2.837,8.645,31.133,-1,4.567,-19.912,-38.543,40.067,-30.93,10.236
1,4.509,0,-36.859,15.289,-31.544,-27.632,7.736,8.631,-24.751,32.652,33.577,38.039,45.35,47.966,17.189,0.597,22.802,48.43,23.172,20.48,-35.188,-0.08429,37.4,8.905,-41.931,-4.017,36.678,6.083,0.82571,-0.10429,0.81429,-0.05000,16.516,-28.586
0,-18.848,-11.833,-45.901,30.704,12.954,-22.95,-16.348,-1.969,21.223,0,-21.951,-8.555,16.045,-14.089,-43.477,15.129,0,45.041,0,0,25.648,21.981,-38.02,-5.965,-16.074,-45.47,-11.966,1,-45.314,33.608,-38.636,38.412,4.706,0
1,4.191,49.771,-14.068,-8.299,0.843,12.701,-24.767,-42.987,0.50130,0.09610,45.393,0.05974,-21.574,-22.097,31.127,-19.612,-34.488,37.395,-25.218,-0.01039,-18.086,-42.571,-14.406,-23.216,31.674,0,-6.713,-14.955,22.138,-13.111,47.8,-22.305,28.037,-0.08571
0,39.221,41.436,-23.083,3.177,-27.116,32.773,0,-18.543,38.607,33.155,44.128,0,0,35.643,0,27.717,34.123,0,22.506,-33.337,-32.919,-8.372,30.411,-34.865,40.674,10.256,-7.709,-47.012,-8.482,17.446,33.775,0,-28.657,29.912
1,19.523,49.143,13.774,31.471,1,35.325,6.635,-15.897,32.886,9.729,-3.691,-40.356,39.411,-35.395,-26.776,0.37856,-0.43663,10.618,-40.894,-13.257,32.751,23.437,38.183,40.09,-49.685,-0.12744,9.717,-32.008,-49.871,43.792,3.09,-14.656,0.02249,-0.02017
0,1,-38.879,27.733,1.59,-16.815,-26.568,-14.813,-47.288,-41.75,19.817,-37.063,-37.468,45.013,-0.11111,-23.626,43.243,13.837,0,-1,36.756,1,-20.665,-2.22,-16.878,43.625,23.014,37.146,37.119,-33.188,18.686,-36.467,0,3.191,-8.34
1,30.081,-12.993,0.87048,-10.087,0.64099,-17.641,33.299,-34.68,-16.476,4.49,29.149,-26.298,-11.603,0.51560,-5.329,25.404,-0.81136,-0.12539,-31.539,-17.783,-9.113,21.63,29.969,-46.241,-13.862,22.771,-11.305,-30.759,-15.815,27.319,-13.51,38.922,-24.196,0.16645
0,-31.444,-2.22,0,8.986,0,-8.807,-3.449,-10.208,-33.095,42.428,45.543,-1.141,35.055,10.232,-0.12000,-28.791,0,7.272,-1,-47.156,14.811,38.644,-17.239,-19.949,-27.359,-36.242,-48.49,20.303,38.296,13.797,-24.922,-0.032,-35.225,0
1,-46.827,3.058,43.23,8.42,13.357,-13.131,0.19672,35.167,-0.261,-28.17,-23.673,-25.45,-37.493,-14.606,-46.637,-0.05338,-0.77356,24.509,-6.159,44.461,4.234,-26.904,0.26384,-25.105,-12.335,-40.025,-35.172,33.81,10.56,-12.75,0.58137,18.045,48.043,0.57656
1,1,0,-39.441,5.542,15.885,-49.052,-42.152,0.74003,-30.237,0.92324,-22.393,33.358,-10.225,20.699,5.338,-0.05409,13.393,-11.658,-0.30315,-31.317,42.857,12.792,-8.757,-19.941,42.834,37.169,2.565,21.159,-34.858,-3.343,-5.675,25.71,-15.35,38.9
1,39.906,-4.39,-11.699,0.39121,45.029,-9.975,0.12326,-18.523,-14.464,27.483,-3.992,-1.974,-35.372,0.21909,16.411,3.666,38.914,-0.61894,-34.937,35.362,0.12439,-22.125,-46.399,-33.11,20.375,-11.223,39.883,20.574,7.297,-14.999,36.939,-37.009,-0.03983,-23.623
1,19.503,0,21.095,-42.706,-28.243,38.996,20.012,-41.399,18.71,-25.135,-36.497,14.287,-27.743,47.905,-18.17,-0.08424,6.11,-8.835,4.279,0,27.467,0.10108,-11.451,-36.393,-38.993,-23.762,45.545,9.887,36.799,-21.894,13.696,48.155,0.61372,-0.09146
1,48.425,-2.037,22.533,7.818,9.542,-23.751,0.72243,-10.849,1.695,0.07721,-24.967,-39.022,8.243,28.882,-7.403,-47.672,45.375,0.06066,0.61029,-46.884,-11.908,17.142,4.247,-0.25000,-19.93,-33.22,47.916,-26.456,-4.918,29.798,14.367,-0.097,-14.167,0.21691
1,1,-17.415,-24.65,0.18923,-23.895,4.266,-30.568,33.409,0.65077,18.882,0.77538,8.479,3.485,1.963,-10.159,-3.42,-12.187,-4.908,-25.575,-47.187,9.862,0.07573,12.974,0.41,24.594,-18.298,0.58803,48.316,-4.904,-0.751,12.945,-39.102,-21.422,-26.642
1,1,0,-32.843,48.263,-40.885,-22.436,42.616,44.036,-26.449,-8.51,-14.174,39.817,2.599,-15.359,0.80738,34.378,-31.419,-48.974,22.451,31.462,40.475,2.514,-37.483,44.534,0.79632,6.132,0.70824,-20.57,0.62235,-14.879,37.752,-4.06,-46.36,14.436
1,-30.821,-25.985,23.65,-23.449,-8.271,-39.23,-11.627,-12.526,0.46957,-0.03913,0.35652,-0.12609,38.394,-6.26,-18.432,0.02609,-3.46,11.221,43.287,-31.5,-28.821,-14.413,0.32174,-7.822,11.53,-37.939,-0.018,-40.555,-28.941,-40.766,3.116,15.345,35.469,-43.571
1,1,35.25,31.896,24.076,12.18,0.20656,12.308,14.868,33.538,-14.385,0.65917,-0.886,20.28,-12.373,16.894,0.58445,-45.112,-13.074,-42.117,34.855,16.97,0.271,-35.028,43.181,35.199,-29.23,34.106,-16.392,-0.18226,-45.254,7.552,-34.333,-37.414,0.42467
1,16.127,41.474,22.404,0.09802,-13.018,17.75,-38.123,42.548,-4.66,-43.07,30.111,41.049,-43.117,0.71942,36.064,32.375,43.369,-34.574,-49.61,0.79777,42.788,-35.87,20.719,-29.056,20.676,0.75596,35.432,0.69187,26.935,10.582,-39.921,30.062,31.09,0.44534
1,1,24.178,-22.747,24.73,7.686,-9.394,29.528,1.117,17.924,0.59975,0.54003,0.71016,7.309,-2.138,48.118,36.146,45.497,-43.04,4.448,22.36,-7.24,-44.545,-0.30263,28.592,-30.86,-34.208,18.643,-24.291,13.263,27.946,7.422,8.458,29.397,0.05972
1,-8.067,0,-22.433,-5.208,47.276,-14.903,4.761,-20.387,-42.387,0.63842,0.59215,-23.856,9.893,36.415,36.098,0.90665,0.17959,26.316,36.843,17.211,-13.965,14.246,-23.247,-1.877,-1.519,-12.074,-23.156,-40.306,14.958,-16.692,1.974,0.42488,26.633,11.174
1,39.962,21.164,25.858,12.98,0.86090,-12.797,1.12,46.984,-44.826,-37.823,-7.742,0.74922,44.767,-48.648,44.877,-13.679,24.898,-29.131,30.896,0.77853,29.087,-22.463,-29.285,20.373,-36.541,37.036,-0.60328,23.423,-43.707,0.27338,-24.557,-18.049,19.488,0.05394
1,-7.935,-47.629,-24.192,49.993,0.63935,-19.531,47.538,0.52500,45.475,0.22273,-45.273,-34.898,-43.113,49.428,-25.016,44.642,8.371,-44.072,21.894,-35.866,40.493,21.106,49.345,0.07588,-11.65,-0.03229,4.227,49.252,-0.27540,27.295,10.132,29.886,46.406,-37.068
1,1,20.599,-17.233,21.628,22.827,-38.99,0.81126,9.028,40.515,0.756,48.812,-2.596,-3.445,0.12252,-31.198,-37.472,-24.829,16.122,33.238,6.309,37.209,15.53,33.39,7.018,0.51872,36.128,38.529,22.639,0.46216,0.28574,3.944,-40.044,-44.863,44.794
1,22.223,-19.848,-34.956,25.762,-15.648,4.584,-22.134,30.801,17.036,8.635,0.56167,-8.633,-21.26,0.12524,-1.383,-16.035,-5.434,-38.054,-26.936,-45.145,-11.106,0.07211,-28.114,0.05882,45.574,0.37381,48.524,-32.216,14.729,-45.577,17.487,-45.281,-42.139,0.15180
1,32.082,-38.636,13.803,-15.021,-18.77,-0.02299,3.961,-12.999,-24.606,30.543,-25.176,33.531,-21.46,-0.05771,38.097,0.347,22.373,12.842,-42.232,38.426,0.55970,-23.286,22.241,27.363,0.47038,49.543,45.432,-42.628,0.52613,-14.982,47.697,-44.574,-7.895,-0.09808
1,1,-13.144,30.912,10.336,33.74,-18.577,-27.69,-27.123,31.291,-14.606,-20.978,-7.231,-7.747,17.432,-32.377,-0.01671,-7.387,-32.909,-7.571,-0.08848,45.078,-46.035,40.167,34.098,0.98164,-18.523,-21.312,33.744,-34.015,-23.141,39.535,-0.03464,-14.0,-0.03673
1,-35.003,35.643,41.915,-0.12371,28.145,-17.02,-12.562,-3.95,33.887,43.934,-49.619,34.859,38.84,3.228,0.45361,-49.726,22.929,-40.466,40.72,8.544,0.54639,31.157,49.566,-34.782,-40.454,-14.419,0.53396,40.55,10.605,12.511,0.47423,9.779,3.63,-0.51546
1,19.523,-9.34,19.321,-26.381,7.151,-31.876,36.76,-40.39,33.669,-0.00462,0.64203,-23.543,0.79446,-17.249,-38.154,24.077,33.313,23.153,-36.428,35.975,44.646,-33.442,0.70951,20.971,-15.166,-36.236,38.807,2.368,-47.671,27.809,-36.804,39.95,0.69053,0.36721
1,1,-10.898,-15.376,-3.256,-12.382,25.19,0.58876,-24.695,30.688,39.006,-9.8,23.431,-13.356,-26.615,29.746,-17.393,-17.76,-16.316,2.237,43.551,-21.096,-26.95,-13.443,13.801,0.46517,43.292,30.137,0.00824,0.47640,-4.554,22.805,-11.585,0.60674,-30.945
1,-1.22,3.583,15.527,-18.955,0.66667,-32.486,42.059,-36.293,-7.95,-16.356,0.67314,-1.044,-34.578,38.455,34.657,-0.01942,0.54369,-3.494,-29.774,8.886,0.64725,0.14887,-17.848,-8.59,-31.571,20.022,-45.082,-46.155,27.932,-49.558,10.35,32.878,38.949,-35.598
1,10.836,-12.846,0.68148,-24.226,0.77037,7.307,-28.02,34.136,-25.472,-14.948,43.139,0.11852,18.254,0.018,-24.297,45.29,-25.379,24.781,48.433,-5.798,0.48642,0.00988,-35.283,-10.127,-28.429,45.414,3.696,34.197,0.76543,0.002,-47.215,13.725,-22.534,-27.406
1,1,0,-34.527,-22.317,0.67119,13.689,-10.986,7.941,33.669,-39.429,5.042,-49.343,-5.246,25.557,-30.339,37.309,13.402,13.643,-19.143,42.531,2.76,5.523,-44.998,15.699,-36.1,-13.942,0.57262,-39.762,0.58644,6.275,0.58983,-42.329,-8.282,-12.827
1,-18.417,39.511,-2.734,-37.612,-2.995,0.05825,-15.141,-14.132,-29.408,-0.02427,-31.803,-4.366,39.031,0.04854,45.013,20.492,-20.763,36.133,39.338,-15.467,0.34951,3.966,20.631,-9.354,0.31068,-0.15049,6.996,21.316,-2.176,39.227,36.826,26.648,43.344,-10.965
1,1,-34.505,0.98822,-10.739,-45.979,0.34100,20.247,-42.319,-23.67,36.775,-38.917,0.51879,48.384,6.037,18.51,4.27,-21.621,-11.829,-11.668,-28.146,48.24,45.677,39.055,-27.7,26.712,0.69714,19.418,14.966,-25.307,10.424,-35.09,17.697,-0.33483,20.847
1,-11.583,-47.889,48.278,44.533,0.90112,-46.584,-36.301,0.48561,0.71760,-18.15,8.43,8.343,30.115,0.66,3.978,-25.679,-33.015,29.731,-14.892,0.79749,12.817,1.711,18.124,-40.608,-2.547,-23.201,-9.503,0.46040,8.215,17.408,-0.65754,21.972,-37.066,-23.874
1,1,-20.66,24.989,-17.198,-21.008,-30.872,34.151,4.872,-10.485,9.981,48.596,0.88291,-8.01,-12.04,-5.296,-17.333,13.525,19.706,-11.319,2.529,46.868,-0.527,-5.469,-5.099,-26.428,12.494,-0.66651,-39.439,-0.64872,-26.326,-0.54615,-0.22949,11.939,-0.021
1,-25.735,2.745,-13.989,-3.278,-32.565,-14.957,0.80514,-41.167,22.239,9.107,0.41836,40.544,34.52,-26.397,2.557,0.93682,-15.242,-24.426,-38.657,-46.595,-25.179,37.711,39.121,-46.5,43.344,0.30912,-32.996,44.68,-0.75406,-48.894,-0.75199,41.593,-39.863,1.437
1,12.025,-8.657,3.704,-7.428,-40.0,-3.543,0.58167,-19.85,0.34961,15.229,-0.328,0.90403,48.009,-11.698,-41.022,-42.923,-29.917,43.494,-40.097,6.578,-0.81262,-25.796,14.384,31.454,-7.06,-23.718,-0.63237,-9.073,34.557,10.442,-22.702,22.441,-3.905,-0.71273
1,1,-1.387,-33.951,24.334,0.67333,17.496,-28.804,36.193,14.551,-30.842,-19.165,-13.634,-45.697,-31.333,30.524,34.504,-0.66750,7.913,32.371,35.225,-0.81056,-17.059,-0.742,41.982,-0.12897,37.402,-29.79,-38.449,-34.805,-46.249,-14.431,-0.30057,-11.69,16.535
1,1,-13.753,34.516,19.801,0.23308,0.17293,-35.358,-43.343,31.755,-42.15,-29.792,17.712,-0.04725,11.719,-37.204,20.907,-0.06328,11.44,-43.654,41.488,-39.56,43.071,-5.492,-14.029,21.386,9.958,20.727,35.646,-0.00280,-12.993,-36.69,35.501,29.519,42.685
1,1,15.346,37.699,0.327,-33.713,15.481,-23.945,36.422,29.565,-38.913,28.175,-44.113,-44.555,-2.836,0.69737,40.593,42.941,34.924,32.28,28.011,14.436,29.566,5.387,38.053,0.64850,-49.868,27.82,4.249,19.633,-0.13346,0.15602,7.828,-6.591,-0.10309
1,-24.757,0.413,-37.34,-19.027,0.72171,-47.643,-31.641,35.616,17.373,-12.524,48.791,-37.463,0.49418,-15.666,-19.475,0.13507,0.29352,0.02922,-39.962,-42.902,14.622,34.72,-25.715,0.14638,-26.849,-40.186,-22.918,14.017,8.659,-6.731,-36.853,45.675,5.469,-41.43
1,33.386,-15.356,11.377,18.761,33.14,-11.562,-4.521,-20.405,24.78,37.336,0.84459,-25.012,46.98,-6.193,0.82680,-5.125,19.796,-27.451,0.80019,-23.687,-40.039,0.04901,23.432,0.05352,-24.457,8.258,-46.204,23.332,-13.321,-2.218,0.217,0.07090,-18.106,7.403
1,1,-2.011,-6.994,13.262,1.424,-16.761,-12.36,0.219,14.176,23.357,0.88598,-0.02028,0.90446,-13.685,-6.778,-32.378,43.807,-0.04642,-32.159,-11.273,32.809,-17.475,-48.746,1.43,-6.906,34.95,-5.938,-2.273,-49.028,-17.826,27.23,-26.329,6.257,0.09193
1,-17.321,-1.772,47.068,33.168,0.98994,-49.416,-30.306,22.748,-3.965,-47.353,-41.486,-49.693,-41.406,9.265,0.96110,40.52,-36.293,-9.332,43.323,48.42,-7.888,-0.08048,22.783,17.08,12.556,-0.01207,49.171,0.02552,0.659,27.568,-3.411,-34.337,-15.171,0.02750
1,28.997,-26.252,0.47337,14.76,-8.503,-47.123,-14.119,11.845,19.886,-22.283,16.068,0.01775,-39.909,-5.194,-11.689,-46.853,0.55621,-2.078,-26.069,5.43,-46.526,10.996,22.943,-0.10651,49.507,16.398,-15.093,-46.2,-43.532,0.25148,-24.964,19.24,0.34615,-20.081
1,-5.814,-1.568,-40.092,45.394,0.69868,23.249,-10.105,25.234,0.80979,0.02448,-47.22,11.728,36.182,8.883,1.025,-45.856,-21.853,-48.088,12.725,-24.487,0.70245,-21.993,9.985,29.834,-38.661,-5.305,0.61444,39.66,-41.422,-0.02072,-12.007,45.967,-2.71,-3.323
1,1,-41.982,40.881,-9.094,21.623,-35.842,-10.967,0,25.616,22.092,13.67,-0.13588,47.228,45.855,11.408,14.587,40.822,46.558,0.61996,-27.489,0.79193,32.098,20.737,-12.626,25.72,41.281,33.129,12.743,33.742,-27.38,-14.946,20.317,-18.437,-0.24841
1,16.673,48.859,-43.946,-46.36,0.83424,26.04,0.84783,-22.289,10.571,-22.896,-34.601,37.996,0.82337,-30.598,24.88,-15.09,-29.479,15.417,45.288,4.449,14.507,-0.05978,-47.823,-31.045,0.172,-8.512,-17.615,-0.10211,39.021,-0.03261,43.434,22.63,-34.801,3.282
1,-13.694,0,-36.546,-0.13241,49.455,0.16996,27.653,35.613,-30.079,-29.236,30.727,15.565,-44.726,-28.252,27.787,-7.653,18.163,5.092,0.63636,-0.11858,33.884,-10.827,-7.155,47.0,1.375,-43.843,0.61847,-41.666,47.93,26.535,-10.104,-43.045,31.518,10.9
1,1,2.012,4.111,9.512,15.349,2.105,16.461,-43.554,5.191,21.598,-22.623,-6.804,-47.309,13.213,26.84,-18.861,-21.179,-22.701,0.52993,-5.954,0.47894,-0.19512,-2.123,3.631,0.41463,-9.306,0.53930,-34.788,21.925,10.845,5.496,39.217,26.838,0.974
1,-29.549,-34.697,23.824,-18.716,0.72125,18.492,-40.369,-14.714,6.207,10.127,0.09831,0.96128,-20.385,-35.737,-4.93,45.587,11.706,18.814,12.763,43.1,-0.81856,-17.785,-5.05,29.82,10.089,-0.26356,-26.489,22.087,-17.264,-1.27,-27.452,-0.854,-6.732,-0.75597
1,38.678,0,-41.948,0.546,26.411,41.223,16.837,0.71596,36.064,15.739,23.557,-16.105,-20.657,-48.463,4.234,0.81018,-14.687,0.62385,-34.839,43.461,-24.37,0.06040,-39.251,-33.845,-17.357,48.566,28.428,-30.304,-41.905,-35.389,-0.13590,29.413,-5.417,45.396
1,1,30.179,-23.12,-47.478,41.769,26.251,47.442,3.374,32.111,1,-3.026,-15.345,29.506,23.748,-39.442,0.32558,13.166,0.41195,3.943,47.591,44.012,-43.758,33.821,-39.212,35.794,-29.664,37.795,-37.034,1.635,-0.86841,-1.856,-0.82127,-26.085,6.121
1,1,39.407,20.611,-5.211,20.244,-9.256,-30.8,25.003,-12.493,46.799,35.256,0.85011,-42.833,-21.793,1.24,49.487,-0.70350,-19.77,-11.516,25.896,16.824,-49.197,-0.58315,-37.091,18.544,-0.52954,34.553,-21.527,32.866,-43.537,41.934,-0.48468,-49.48,26.843
1,1,-13.599,-5.73,-27.403,7.078,0.62349,21.444,-24.992,40.887,0.95193,-48.774,41.825,14.925,-4.85,24.684,-23.168,21.686,0.36750,-0.91814,27.572,-45.877,-31.669,32.659,12.905,-47.189,-10.065,-15.113,11.405,9.411,46.848,0.36021,4.583,11.643,-48.021
1,20.227,42.925,3.826,-12.037,-4.699,-38.799,-48.059,0.70677,-29.187,-17.376,0.203,-27.329,-0.41729,0.66541,-42.378,-19.135,-0.74725,-43.459,-1.686,40.208,5.134,-20.513,29.094,-33.716,44.767,-37.436,42.944,-19.996,0.22708,-23.941,-17.724,21.697,-46.373,-0.30075
1,32.622,-30.886,-0.932,-7.774,-6.084,-0.04104,-48.547,-32.373,20.325,3.529,33.515,39.879,0.98500,8.985,-43.074,16.098,-14.467,-21.741,-7.821,48.356,-46.105,-0.05252,0.95278,8.441,-38.944,46.864,32.743,-0.12912,31.942,-49.049,27.482,-0.15755,11.311,30.96
1,1,-18.049,40.004,-5.272,-36.214,41.728,0.94994,-7.193,11.099,-20.411,38.292,-0.03710,0.97173,20.527,0.082,12.128,-7.232,12.393,32.909,-32.545,-32.029,20.285,-9.18,21.127,-9.171,-0.04476,-46.694,-0.595,-36.806,21.183,41.061,41.328,0.92049,25.34
1,1,0,27.379,-47.652,-18.635,41.109,-37.965,46.881,-31.823,48.266,0.91781,34.092,-38.312,-11.62,0.427,-14.67,46.56,38.904,13.94,29.481,-3.17,-32.254,0.92009,-21.524,45.915,12.571,17.755,-23.997,9.163,42.659,6.063,29.757,0.96575,-0.21918
1,-44.898,0,35.773,5.103,-8.328,31.451,0.52542,-13.869,-11.848,-0.01695,27.843,0.52,-45.239,-6.585,50.75,-36.142,17.236,42.54,36.725,-46.864,-5.783,8.978,6.739,-35.454,-7.024,-10.322,-14.011,35.353,-1.324,-12.597,0.83051,-0.15254,36.803,-0.10169
1,46.098,-46.837,-47.324,-0.25000,-45.867,11.937,3.303,34.297,-9.563,8.663,34.263,-0.11111,0.54911,-1.885,-48.566,38.469,-41.962,-30.542,3.886,-0.19444,-34.529,28.776,-22.31,37.664,-19.403,-35.338,-9.169,-0.14256,45.938,29.652,48.703,-18.237,0.08333,-40.855
1,-7.341,-25.936,7.387,-27.368,-8.314,-39.41,0.71178,37.656,0.45622,24.01,-17.0,1,-42.299,-45.808,-42.636,1,7.947,-38.908,20.941,-36.838,-8.439,-22.456,-28.174,5.653,11.195,-12.6,-46.147,0.09569,-26.124,32.35,9.316,47.336,-23.022,-0.65557
1,1,-37.041,-42.304,-6.396,-22.319,15.889,4.904,15.015,-40.091,14.582,-40.196,49.3,-12.752,33.03,0.037,0.82223,48.134,-47.559,-0.68358,-31.62,-38.368,0.24956,33.782,-25.98,36.125,-41.853,35.724,-0.32792,-0.63312,5.111,45.197,-48.308,35.337,37.833
1,47.147,0,-18.321,-37.748,-26.75,0.58385,-26.657,19.829,0.16470,-4.333,22.499,8.197,-41.31,-15.008,-0.59435,0.52070,-24.496,10.701,-3.151,0.03928,16.514,-19.192,7.92,31.897,7.863,-6.901,-11.622,-14.807,-19.775,-5.832,37.709,22.878,-25.273,23.767
1,1,13.281,6.311,-32.227,-25.794,-12.694,-24.666,0.88576,1.834,0.95776,-33.222,19.605,31.717,-14.522,-8.459,13.799,30.899,-0.302,-26.167,0.56,-50.406,-0.40949,42.27,-50.491,-20.788,-12.113,26.425,-0.91221,-17.512,-8.63,-46.446,22.744,-16.387,-0.44173
1,1,-4.316,-16.019,-13.048,-3.989,-8.016,-1.479,-41.444,22.509,-1.479,27.263,49.272,-0.74,47.107,-2.932,-49.091,34.099,-37.112,-1,0.03191,-35.112,-16.562,-8.325,-19.103,-49.852,-43.325,17.278,-0.85137,0.48904,-47.964,-6.099,8.81,49.154,-0.13194
1,20.385,0,-8.369,-22.077,0.935,-0.05558,-43.067,10.981,43.613,21.66,12.838,-0.01511,-11.405,-5.487,41.418,-31.129,1,-26.323,20.43,-40.297,23.431,-14.843,6.314,-0.02685,34.143,-0.22978,-14.558,-46.883,-24.283,-19.995,-45.94,-47.195,-1.202,16.347
1,-2.384,-6.814,0.95559,46.279,30.636,14.432,36.458,-0.00461,-44.891,-48.354,-38.298,9.032,-20.989,11.693,-7.572,-26.508,-4.015,-0.15518,49.868,16.12,46.247,11.746,0.87492,11.614,-39.834,-12.562,-46.884,-46.25,-0.744,-0.01867,0.80634,0.198,28.785,25.353
1,47.478,10.633,40.827,41.838,0.64064,0.52312,-15.259,15.455,9.794,0.83548,-22.536,40.828,-11.385,24.112,24.308,0.41471,-9.814,0.16755,31.555,-24.443,20.182,45.737,-27.564,32.005,-3.277,-12.312,46.786,39.342,-41.759,-27.768,22.478,12.744,-18.749,-0.08036
1,1,-30.765,-41.101,21.047,49.543,43.3,0.34816,0.79784,13.008,0.90842,-30.658,25.065,19.217,-45.582,-13.364,-35.364,-45.682,-35.289,-0.81641,-35.832,22.093,-18.952,15.228,43.77,-22.986,32.324,-48.626,-9.039,14.05,25.39,38.728,24.503,16.301,-0.13305
1,1,-37.293,0.89589,38.446,-27.399,27.643,35.814,-9.666,3.239,-40.602,-0.45725,16.646,-8.471,0.58511,46.401,4.668,-31.414,0.55,9.039,29.575,-10.989,-43.876,-43.887,-15.971,0.21581,25.888,18.065,30.222,-21.581,-1.086,0.83142,-29.196,-13.926,5.375
1,28.049,10.914,5.712,-19.069,-8.104,-43.825,-47.075,14.658,-22.267,-7.806,4.766,33.205,2.936,1.081,49.766,-0.03797,14.007,38.967,0.87342,2.086,-29.837,21.389,1,11.127,-5.287,-35.053,4.49,-0.05540,48.286,-0.06329,-45.073,-2.605,0.83544,21.712
1,1,12.357,0.74790,9.407,-33.864,15.923,0.82638,5.843,-18.125,26.178,26.88,-0.602,-21.775,-36.581,-20.95,13.605,11.519,-30.356,-14.51,-25.771,-19.471,0.07122,-6.128,0.07577,5.623,-4.489,43.282,44.895,-26.534,-0.17,-40.403,29.988,0.55330,23.031
1,17.238,49.035,0.85013,9.24,-32.725,0.01456,-33.611,0.02180,15.74,-6.459,-40.616,-42.765,-17.064,-33.886,-15.809,0.05018,24.384,46.372,41.624,-5.517,-19.534,22.612,36.686,-49.338,19.029,-16.417,26.481,18.152,-3.335,0.08786,43.951,0.10134,-28.766,-23.34
1,-1.11,34.591,-15.267,-43.359,31.13,23.025,5.793,-38.773,26.673,32.038,2.664,-0.02809,1,30.331,38.676,4.912,14.975,-13.986,0.99314,-17.107,-37.745,47.062,1,-38.365,3.789,-0.04931,0.99842,47.544,-1.94,30.115,-46.794,0.188,-35.226,29.013
1,-23.002,18.916,7.833,-22.602,18.412,0.05545,-9.863,-9.719,0.92871,41.711,-25.174,39.397,-35.759,36.351,33.701,19.81,0.93663,0,26.799,38.125,46.836,48.911,0.88713,27.178,41.93,34.746,-11.823,24.335,45.683,-20.917,-42.049,-28.947,0.86733,-42.454
1,-30.408,33.398,-48.143,40.689,-48.886,19.533,0.90071,-5.679,2.615,0.05674,-19.083,-6.624,-8.339,6.327,14.421,5.399,1,-31.324,-13.993,-25.867,-4.639,-27.656,23.56,11.141,21.851,-13.553,48.662,35.369,16.344,25.417,10.333,0.01064,0.93617,0.02128
1,46.033,42.925,-41.299,-0.24242,6.381,-47.406,-11.897,-46.59,-18.663,0.09091,-48.423,-5.567,0.57576,-27.976,0.39394,42.959,-22.736,0.438,-19.716,-19.583,41.651,-23.641,27.819,-43.805,40.742,-44.919,-32.718,0.06142,12.6,-18.196,-28.941,22.274,0.39394,-0.722
1,-31.297,0,-38.509,0.35950,49.199,3.659,-39.546,-47.578,39.991,-43.209,-15.682,-35.915,-7.582,4.19,8.373,-21.231,7.76,-7.648,-2.61,19.091,-0.49488,-0.42207,-0.32537,30.571,19.309,15.57,29.739,-47.629,32.885,-47.39,-8.332,26.313,0.40956,-18.137
1,0.111,-10.092,-48.651,21.55,0.67311,-37.015,-9.749,47.835,-0.04193,32.555,-0.38875,11.187,-0.67274,13.054,-9.013,0.30356,-31.747,37.292,-49.636,-33.315,31.258,-5.882,20.31,30.269,-17.98,11.428,-32.163,19.683,41.924,-20.821,39.676,-0.17343,-36.555,32.043
1,0.463,40.141,42.623,8.604,-20.818,0.262,0.29921,0.95905,25.281,-3.192,9.618,13.335,-0.79657,39.542,41.893,29.996,33.16,-0.25554,-33.528,-7.772,-32.772,-48.473,-0.02250,-12.473,-38.885,25.555,46.367,12.35,17.674,20.976,41.998,29.792,0.75495,-47.045
1,1,5.21,43.523,17.693,-12.196,-9.216,-45.768,36.967,-0.27586,6.072,-2.3,0.37685,-47.77,27.704,-39.859,-0.08867,34.858,-19.89,-15.133,-36.611,8.618,44.054,-7.175,-0.20443,47.79,49.46,48.938,-13.768,-9.475,-5.376,6.262,-35.502,-23.727,0.79790
1,-8.979,29.79,-46.657,-30.055,-17.634,38.469,-40.295,0.36364,-35.322,-8.854,-0.45455,-45.398,-15.26,11.715,-47.413,-42.639,31.033,-12.637,28.741,-0.84848,4.121,33.188,0.57576,44.674,38.692,33.737,0.72961,-22.715,37.135,1.231,35.598,-6.51,-1.709,0.33333
1,1,-35.421,49.215,36.847,-24.176,8.25,0.93598,-28.381,-44.244,-46.293,0.90244,-27.271,-21.164,32.526,-7.383,45.747,3.914,-9.287,-12.01,12.183,-16.423,-39.871,-6.998,-42.407,0.99695,8.572,7.772,-19.77,-45.899,-39.939,6.174,0.05488,-48.174,-0.01220
1,1,-25.936,-41.685,10.398,-47.48,-26.091,32.997,23.528,-39.514,5.313,1.215,21.643,-46.756,-37.674,49.605,0,39.395,36.629,48.708,-23.162,5.27,-32.292,0.80496,48.424,-36.13,15.505,-36.942,-23.091,0.77660,45.606,38.04,35.714,0.92553,0
1,1,-12.654,-42.315,0.10638,0.88706,13.883,-26.228,-19.144,33.258,14.28,-5.492,7.434,0.87657,19.077,24.142,-40.297,0.95745,-23.633,-14.842,-11.529,-6.036,37.386,9.244,34.625,-18.006,-5.259,-19.088,0.06014,-37.432,23.975,-40.745,46.215,17.942,-25.685
1,23.63,-15.356,-19.545,-2.273,-13.28,0.00343,0.33,8.241,-4.297,-46.995,32.781,0.07453,33.153,-25.112,11.299,23.452,43.759,-0.06211,-32.147,-27.446,-40.006,5.39,-12.515,18.66,0.79503,-7.816,0.82111,-7.651,2.501,0.08696,14.089,-32.555,-24.43,-49.511
1,36.042,0,0.901,-4.308,-1.258,22.639,1,17.099,-41.392,-13.402,10.227,-49.491,0.97158,0.66,-16.135,26.508,0.97869,48.414,-17.335,-26.49,0.97158,-37.16,-1.066,-8.645,0.98401,-11.228,-14.924,-16.879,-46.313,-49.734,-6.874,13.281,-5.808,-17.686
1,-3.708,-0.065,1,-20.067,20.385,0.01105,-25.252,16.445,22.778,-12.419,-41.45,42.611,20.414,10.991,-4.47,0.00884,-39.38,-25.276,-48.738,-1.756,0.98011,11.845,-33.467,48.369,41.389,46.313,28.559,-9.353,-46.074,0.01547,-30.079,33.164,-43.081,0.02762
1,-1.202,0,6.314,-47.739,-7.565,-15.542,1,-14.744,1,14.627,28.975,0.04474,-21.279,-39.193,12.699,29.836,-45.826,0.03356,-45.233,-46.904,-5.816,-12.451,26.331,-4.899,-20.989,15.603,36.508,22.519,47.271,0.08501,50.028,11.936,-25.483,-47.742
1,1,41.543,25.764,40.408,22.84,13.65,-45.322,0.86399,46.795,-2.452,-27.739,-2.265,8.325,0.58842,-19.882,40.216,-0.616,45.241,-23.061,-42.279,-0.52504,10.094,-0.27377,-16.354,-1.56,-12.484,23.649,-24.951,10.098,-11.39,12.451,-0.21542,47.041,-40.663
1,1,20.695,-34.855,40.451,13.591,0.75725,44.758,25.152,-9.264,-7.359,-0.55483,-44.012,-27.976,0.50949,-42.952,19.947,-0.91456,45.657,-31.061,14.119,-49.12,-0.88999,13.702,-36.315,21.204,31.566,-11.851,37.61,25.765,-35.779,-45.399,32.459,43.355,33.628
1,-6.695,22.739,0.32789,-22.219,9.959,27.038,-27.92,-9.83,-0.25131,0.91993,35.353,0.26664,37.416,-22.626,-0.97650,3.284,-0.23227,48.66,-18.757,15.184,-37.437,29.159,-43.645,-30.781,26.25,4.91,1.1,15.511,-0.369,-10.424,4.631,27.131,-30.631,-14.821
1,4.766,47.329,39.993,-43.186,-28.679,4.391,48.971,-6.968,32.771,-40.724,-3.313,2.536,-6.749,-30.703,-19.656,26.762,46.816,14.042,4.664,-0.86002,31.141,-43.878,0.56663,10.393,16.543,-34.86,-13.947,0.23713,0.45185,18.123,0.20549,-44.837,-9.29,0.74356
1,1,22.942,0.19466,-22.509,13.593,26.413,-30.655,-19.695,-23.336,-19.174,10.454,0.06107,4.505,0.09160,26.111,15.601,-6.92,21.341,-47.761,-34.873,-4.233,-0.781,-21.438,-27.307,-25.597,42.891,0.03913,9.71,-0.225,13.638,1.931,1.186,21.025,-0.33588
1,-4.517,0,-40.512,-34.531,-22.447,44.812,13.347,-36.629,24.458,-20.401,-5.562,29.922,10.201,0.03073,0.99170,0.02338,-32.707,18.249,-15.781,46.397,-16.998,-40.929,-15.525,5.881,23.483,18.144,-3.244,-33.857,44.056,0.08088,-14.369,10.954,36.774,0.08616
1,31.13,-38.315,31.001,48.959,17.042,29.082,31.228,2.776,-1.241,0.178,41.394,37.561,26.519,0.05029,0.83121,31.98,0.74798,0.06705,15.596,-29.545,5.661,1.641,0.78844,-49.475,5.687,-13.977,23.795,-17.1,-15.526,25.535,47.801,-42.921,0.78439,-43.335
1,-23.002,44.802,0.35346,47.461,-42.228,-47.808,-12.031,-2.969,-28.431,13.919,-21.952,-36.32,-38.124,34.657,41.63,19.703,0.42271,-11.022,46.513,17.587,-38.26,-36.787,39.869,-0.08989,-25.636,-0.00564,19.307,41.592,36.723,-0.10306,38.434,34.504,7.227,-0.08300
1,-12.599,0,20.312,25.867,33.645,5.366,-20.06,25.396,-30.492,0.02304,25.134,-5.38,11.88,-25.827,16.215,0.00854,21.778,35.267,49.668,27.235,2.537,47.731,-41.727,0.01232,-8.962,13.443,-19.374,-31.394,-48.382,-9.309,34.061,0.01484,0.63887,-49.871
1,-11.352,-44.978,-27.068,-28.142,0.97404,9.401,23.056,-22.796,-18.856,27.513,41.515,-5.827,0.40164,-19.788,-17.774,0.58743,0.76776,-14.571,-42.868,-46.568,0.47541,42.475,-47.635,40.264,-23.216,6.386,41.358,0.17088,13.142,-47.34,-6.106,-5.109,-29.22,-0.484
1,-47.409,42.959,27.345,48.561,0.73739,-2.063,0.84349,9.004,17.074,-39.964,-20.752,0.13130,-19.419,29.653,-46.226,-0.08929,1,19.316,-40.727,0.458,-35.9,-8.782,22.985,5.821,40.859,19.185,-6.23,-32.295,3.992,-39.248,-17.288,-0.10714,-32.276,44.99
1,-9.108,46.948,42.351,37.35,-17.097,-32.999,11.277,-37.175,-31.552,-44.052,-9.127,32.595,0.94171,31.221,0.94625,-8.2,-47.928,12.435,0.94834,8.59,-46.171,0.08412,4.445,-5.156,31.953,-30.872,-6.811,0.04925,32.553,-49.465,32.717,-0.00035,-14.526,-20.353
1,1,12.503,22.205,26.408,-31.425,-21.504,-6.226,31.923,0.95584,21.195,-36.768,29.711,35.016,-47.574,13.909,-0.903,43.808,-0.516,0.93784,10.154,13.081,0.07677,26.309,39.052,-10.595,0.03193,9.118,20.332,42.639,0.02242,41.065,29.848,39.99,20.539
1,-46.508,42.523,-34.598,-23.921,6.856,49.899,-13.71,-4.206,-18.69,47.053,0.89724,-0.519,28.225,-0.01436,-11.657,45.647,17.607,-0.00884,-32.001,-0.12928,-38.361,8.685,49.005,16.791,-38.02,-46.919,-12.808,-0.07760,45.82,5.037,-34.826,41.074,0.87403,-2.148
1,-11.153,0,-45.99,33.899,-17.353,0.594,0.87873,-7.348,0.88928,-45.974,-9.192,3.703,32.173,11.712,36.833,35.237,-41.66,-9.323,-5.504,-10.51,0.81722,-35.096,5.847,-14.64,0.86467,-46.049,-29.759,38.087,36.138,-6.88,29.589,36.099,-39.498,-0.06151
