1,43.955,49.415,-33.579,-27.391,41.724,-12.356,-19.638,-47.339,9.327,-4.071,2.142,47.434,0.527,-12.934,-7.47,-5.381,21.449,-29.905,-43.828,22.937,39.421,-10.308,44.055,4.698,-42.355,-23.424,11.083,32.047,7.264,11.52,-24.616,42.26,45.997,26.121
0,36.376,-44.209,-24.464,42.754,-42.123,-34.131,21.142,-15.183,-2.347,19.735,27.053,-50.576,20.993,24.183,-0.503,-45.235,-15.354,-35.527,-38.297,-8.082,7.559,13.297,36.861,-18.196,40.311,-24.021,-34.636,15.145,33.163,27.924,-11.442,33.617,-36.796,-0.693
1,-3.722,-11.573,23.397,23.274,10.9,45.694,-4.058,25.307,35.645,-28.38,23.939,16.894,25.72,-40.952,16.628,-14.359,-25.488,-31.234,-0.396,32.393,34.346,2.927,-9.39,-35.414,36.05,-13.588,-42.661,5.101,42.812,-21.823,-18.598,-48.757,-19.609,13.668
0,42.758,45.369,-8.541,14.484,-20.26,-15.287,-15.388,-12.647,48.186,9.836,-13.782,-34.39,-47.2,-8.499,8.954,-38.038,47.318,22.963,-34.864,-35.973,9.376,22.346,-13.758,-3.813,19.039,37.077,24.351,11.581,-32.791,21.476,-0.35,-30.694,43.32,12.271
1,-22.455,-9.065,-5.047,-44.314,45.529,48.84,-36.356,21.715,-30.172,11.437,-44.747,-19.974,-24.649,20.131,-47.704,-45.998,-29.715,20.978,42.89,42.068,25.588,-26.223,-30.564,-37.738,34.405,7.46,17.769,-29.636,45.881,-47.184,33.627,39.5,10.521,-0.182
0,-13.402,24.001,-35.641,2.364,-18.233,-47.161,-36.922,-15.24,34.134,43.823,-35.028,-14.992,-33.902,-11.345,-22.885,-12.981,11.773,16.084,10.265,15.534,-19.246,44.003,-46.669,24.97,13.829,4.308,21.926,33.26,-25.699,-47.154,21.869,-34.512,-27.256,-17.999
1,-27.379,48.658,-22.323,20.642,-18.65,10.503,-46.275,40.311,-28.315,5.218,-11.695,-34.411,-18.891,1.934,-24.156,-42.577,43.591,-30.972,-40.152,48.938,3.05,14.2,16.112,41.994,-4.177,-44.604,-32.458,11.485,46.42,-47.317,-12.436,32.795,-16.179,-50.002
0,-44.637,-48.159,17.777,-10.492,8.099,6.002,2.229,-6.624,48.059,-31.97,8.918,6.621,-49.265,-46.855,-14.651,-47.222,48.462,6.806,17.324,12.046,-21.984,3.26,31.05,-9.182,-43.227,25.436,30.531,-5.672,-49.683,29.146,38.106,32.548,17.191,-30.786
1,49.754,11.68,-18.807,-42.739,-36.41,-5.153,50.867,-5.415,5.391,-14.203,-13.722,-4.515,-37.833,-49.475,42.951,0.873,-24.554,-44.55,-48.375,28.445,-31.037,8.291,-38.816,11.575,-6.356,-27.158,-24.616,12.814,38.791,15.504,-6.381,-27.629,11.998,2.378
0,12.818,24.613,-45.326,24.403,-47.174,-48.624,32.536,22.479,40.392,12.367,-42.787,0.641,-31.975,-24.686,-17.618,-5.363,17.473,46.267,-48.378,-16.492,46.849,-3.471,-4.201,30.41,16.219,-3.022,-26.861,-26.212,-15.923,8.564,-3.559,-16.285,4.252,0.107
1,31.312,-16.264,-30.493,-10.712,-11.497,7.56,26.337,29.016,50.303,-49.348,48.761,-19.639,42.422,-29.901,7.787,34.37,18.735,19.54,47.285,17.633,40.229,34.62,-3.776,-15.241,-22.759,11.385,31.358,-19.975,1.716,-35.301,-36.374,14.669,40.886,-16.552
0,18.865,33.266,44.762,-15.86,-39.872,8.811,23.034,-13.586,-11.986,45.917,47.987,-3.761,-1.807,-45.24,20.796,20.656,28.425,-9.06,-44.475,-26.57,-40.389,-26.189,29.816,-45.394,34.713,31.378,18.137,-17.963,-48.466,-50.146,2.823,-42.1,3.37,-21.947
1,-47.854,-42.703,14.259,-37.693,22.404,25.515,47.013,-34.167,-21.132,-31.404,34.312,-2.911,33.618,-10.204,39.394,26.956,38.812,31.634,27.996,-5.91,-27.796,41.014,37.414,-20.79,-32.619,-49.145,28.714,2.913,26.822,18.0,-28.917,9.598,-29.059,24.02
0,-3.869,30.64,27.982,-25.212,0.469,9.634,27.301,-27.859,-42.931,26.967,-3.802,-14.793,48.973,16.477,-38.622,39.072,-16.674,-19.48,23.296,-23.351,38.156,11.851,15.203,2.808,-35.049,25.025,34.478,-4.742,-13.137,-44.15,32.288,-36.258,-35.453,-14.228
1,-12.163,-38.726,-1.988,36.81,-13.377,32.856,38.898,-24.77,-2.611,46.532,47.622,29.954,40.314,9.432,-27.467,32.399,36.576,46.997,8.939,42.521,39.687,6.03,5.32,10.94,49.533,-23.746,48.569,-13.562,26.632,-37.453,-48.129,9.234,29.626,4.811
0,5.249,-21.62,-11.042,16.022,22.887,44.107,-33.441,-50.499,40.039,-29.578,-29.907,-5.088,13.366,43.887,45.881,-35.133,24.668,-3.456,30.641,-50.626,-32.45,6.293,0.106,-31.66,41.993,23.9,35.277,-31.851,-21.67,46.853,-25.934,40.599,47.948,-37.821
1,-33.85,-5.534,-8.803,21.671,15.514,-18.591,-47.741,-41.916,-34.091,24.004,-29.7,8.024,-2.056,-27.45,-21.887,8.346,-34.12,13.045,47.095,-10.457,38.369,2.322,45.009,-0.233,-42.681,-0.983,3.896,35.341,0.107,1.696,9.289,23.465,37.647,16.8
0,18.521,-11.18,42.301,-49.634,18.387,-27.95,30.789,18.962,18.754,50.095,25.97,-12.945,-6.085,6.558,-41.764,16.003,32.88,-41.293,30.653,15.238,-23.544,28.226,46.221,32.995,10.918,5.634,24.414,-28.893,-34.133,29.163,-12.383,-13.454,-6.314,16.519
1,43.955,-4.998,10.888,40.896,39.517,-11.117,50.46,-42.736,1.377,31.499,-46.326,-24.917,43.426,0.072,12.648,44.692,-43.826,-36.631,-22.768,-12.073,24.627,43.899,43.324,-20.246,-36.91,49.196,-22.503,8.574,32.943,47.864,-29.113,-7.818,32.069,-9.681
0,26.544,0.014,-3.108,14.329,-15.409,-36.658,-27.332,45.81,-33.575,34.353,-11.379,25.574,-44.928,-48.898,7.69,-23.756,-35.431,50.415,21.648,34.679,41.942,24.259,21.605,-13.684,12.75,25.88,6.172,8.051,22.251,9.672,20.78,29.04,-42.053,-32.769
1,10.9,45.69,-6.082,-3.353,-18.202,-9.922,-37.628,-11.65,-42.251,-35.011,-43.26,-13.297,-27.392,-48.91,36.376,5.166,17.762,-21.969,-0.287,-1.014,-16.921,33.196,-10.315,-25.932,-34.475,24.462,4.028,40.092,37.799,-5.44,35.56,22.803,-19.426,41.93
0,18.039,-34.39,-13.362,24.835,14.05,45.369,23.356,11.271,-17.287,-41.96,-33.864,48.186,9.954,41.758,-32.098,-14.758,20.346,21.397,-48.2,33.479,13.935,-25.326,43.644,-9.541,-4.722,-31.694,26.428,22.308,34.475,22.677,15.082,47.778,-14.782,-7.499
1,-37.184,36.17,-47.087,20.209,10.836,-25.825,-36.277,42.339,49.677,17.585,-2.92,-25.187,-44.442,-9.126,11.457,22.046,-29.479,10.078,35.124,-16.153,-20.6,-6.126,-28.463,-33.851,-46.006,-35.505,-36.629,44.565,-11.15,21.183,-30.431,-0.607,-45.203,0.473
0,-35.066,11.601,-15.929,11.567,33.167,-12.825,10.38,40.096,15.186,-14.121,-46.041,-43.29,2.37,-23.455,-22.84,-35.665,43.439,-28.255,7.112,22.958,-18.264,46.857,-18.119,21.869,24.528,23.961,25.001,-26.62,34.987,-33.512,32.684,-17.134,-19.771,-30.588
1,-10.345,-46.685,49.658,-16.103,44.757,42.821,-27.379,14.914,6.492,2.425,-18.673,2.569,50.519,-4.457,-32.998,-24.968,-46.469,4.249,-18.939,10.507,-32.953,43.651,-11.585,11.46,47.224,15.24,-29.565,13.502,41.325,-12.878,12.854,-14.664,-36.272,-40.925
0,32.05,33.608,-5.672,-22.72,-45.855,2.26,21.748,-31.786,-48.683,-15.651,-46.222,17.324,-40.963,-30.175,30.531,-49.159,30.146,0.229,-48.192,-50.265,-46.203,9.29,-20.984,42.012,8.621,14.793,9.099,-47.493,-42.788,-45.227,-30.97,-33.594,38.106,47.059
1,-4.624,17.777,-4.202,5.719,-25.902,12.874,-13.782,8.08,42.995,-38.901,25.39,49.454,32.433,-42.984,-24.658,-37.644,-8.371,5.38,-44.514,-11.492,-24.289,17.301,-4.386,3.606,48.016,-7.661,12.162,47.888,38.943,-45.095,-3.749,-20.692,28.972,-39.778
0,1.023,12.217,-50.016,15.367,-13.841,-7.207,0.337,41.278,-2.471,24.112,-5.749,-27.067,24.613,-45.307,30.41,13.511,-15.526,-32.975,15.143,-4.009,18.844,-49.624,-4.201,11.609,-25.504,-32.79,2.112,-25.189,-50.068,-50.221,46.116,-3.725,31.536,9.564
1,8.744,-47.174,19.343,-0.19,40.523,25.511,-22.318,-36.817,-15.732,41.301,2.313,16.039,-30.493,29.88,13.635,-23.979,35.96,23.307,-41.33,47.8,-16.282,42.46,-15.284,21.205,-18.194,12.818,-33.626,-14.923,50.052,31.312,-11.853,31.886,4.858,-13.436
0,-20.947,-15.318,5.88,45.987,-47.917,34.713,-26.189,27.816,-5.407,13.277,44.762,-18.336,-16.66,-50.146,-10.778,-8.766,-1.807,-28.382,45.586,-47.394,3.37,-20.225,46.555,-46.475,-48.466,18.843,-11.586,46.761,22.656,34.383,-4.35,-40.389,2.823,16.137
1,28.3,-41.1,-39.872,38.315,-45.24,24.53,-8.906,45.777,-21.132,21.328,-24.634,-29.957,-27.656,9.549,32.787,-37.749,-32.46,-49.24,14.259,26.963,-1.559,37.512,19.688,-13.583,34.372,9.767,18.853,19.3,23.034,40.729,-47.673,-21.035,34.266,35.74
0,26.196,31.288,12.693,46.973,27.447,4.497,-41.703,-32.211,34.478,30.915,0.469,26.951,-16.674,-18.499,3.185,-44.931,10.411,-33.015,17.4,25.309,-38.622,-13.04,-35.049,36.538,14.203,-29.605,-3.869,26.617,-13.137,26.303,31.64,-4.476,33.661,-21.351
1,-2.611,-14.377,-3.92,47.423,40.248,-49.239,30.678,22.131,10.112,-5.272,37.621,46.573,-23.094,48.219,-12.342,-38.299,-23.538,46.286,-36.39,8.439,-38.02,7.468,33.484,38.718,-42.872,26.607,-24.146,38.141,-35.951,-28.058,4.791,26.408,-14.723,45.864
0,44.887,4.344,-26.222,16.936,23.39,-32.68,48.928,42.061,-27.581,-3.595,-48.499,21.777,36.166,-12.929,-31.279,-35.79,-27.645,-0.073,-32.599,37.615,41.991,11.45,29.145,29.695,32.926,24.841,47.812,5.169,4.888,-21.839,-2.127,24.803,40.135,-38.821
1,38.553,-27.553,-30.66,34.72,0.346,39.316,44.675,-31.277,-21.829,-11.833,9.518,-6.033,-3.289,-49.752,8.714,13.08,2.542,24.374,9.293,2.47,47.817,-48.738,22.532,13.6,14.366,-21.522,-29.344,44.057,0.316,6.182,24.306,-42.961,-9.543,-10.377
0,18.962,26.97,-17.917,34.205,8.558,-34.052,47.234,16.007,-48.825,-35.254,-6.314,-12.18,37.937,31.102,-40.941,-39.559,-12.278,-42.055,-32.133,30.57,-25.95,-6.232,-0.117,14.003,-12.945,18.373,29.163,-24.63,5.593,-3.312,-34.008,3.754,19.521,34.227
1,-19.472,8.327,50.888,-10.007,24.414,19.742,11.217,-11.412,12.918,40.801,-26.915,-23.027,43.301,47.155,-35.839,-12.564,39.776,31.516,33.45,44.439,30.222,23.946,20.335,31.022,-10.273,42.601,15.129,48.78,49.952,42.62,44.524,30.868,-36.56,-8.283
0,13.75,-4.998,-41.923,48.611,2.289,10.861,-34.575,5.172,42.955,-27.332,-0.986,-1.071,-49.898,-25.039,24.88,10.672,-30.519,-45.962,21.605,-42.053,25.574,21.648,-45.41,50.415,34.679,44.81,8.051,-21.912,-5.108,-14.409,24.259,-11.379,7.69,33.353
1,-37.628,-17.838,16.241,-14.203,27.486,-21.627,-35.711,9.954,20.716,-11.263,36.295,-13.123,43.87,-0.548,-22.835,-33.707,-43.371,-34.777,6.16,-48.371,46.499,-44.091,-19.399,3.344,41.272,-25.351,37.777,28.173,-2.683,21.404,-9.115,-6.974,-33.779,-1.037
0,17.841,-19.202,-10.573,24.89,43.377,34.804,-12.783,11.342,44.262,21.397,26.338,33.748,22.231,-13.826,33.299,14.192,-27.623,-4.906,-30.098,-34.884,-7.84,23.372,24.436,16.247,-25.782,-40.796,23.797,21.837,45.803,35.629,-13.398,-4.575,-42.251,-15.287
1,43.246,36.17,-46.2,-34.325,-10.647,-33.657,47.778,-9.278,-24.282,-37.862,10.943,-33.401,20.893,10.454,-30.898,45.11,-8.405,-44.667,-36.633,18.669,23.834,-47.376,15.341,10.525,-30.6,-25.147,-35.151,-20.536,10.774,42.464,48.299,0.12,-16.03,-3.098
0,-18.771,33.167,-47.562,23.001,3.37,22.948,-17.134,-30.731,16.186,42.439,-38.277,-29.244,34.684,9.112,10.746,20.196,24.528,16.636,-45.636,39.096,12.601,-0.526,-7.047,-24.62,-30.104,-23.84,-11.825,-45.29,20.958,9.38,35.372,49.775,45.857,-23.455
1,41.594,13.794,3.596,11.865,-36.049,22.038,-45.685,-35.499,-10.793,-46.48,-34.364,12.678,-19.434,34.415,16.164,-46.58,44.268,44.462,-33.615,-17.989,4.701,25.505,-14.616,-26.697,46.623,-24.337,-14.935,3.008,-14.275,43.352,-34.443,-33.351,-19.143,-3.728
0,-48.683,49.674,4.849,42.012,34.608,8.928,-15.041,-29.379,-29.291,10.477,-48.265,-46.261,-22.299,-44.165,-18.673,-48.203,-48.192,29.67,-45.493,-41.531,49.658,-12.428,-13.335,-5.672,-32.057,15.823,-40.963,8.621,19.324,19.748,-28.175,14.793,10.918,2.26
1,9.897,-44.198,-47.169,12.989,-13.65,-30.917,-5.845,-37.604,-20.99,30.792,-25.974,31.246,6.928,36.727,18.089,-9.62,6.655,-47.376,25.31,46.891,29.936,-15.25,-43.479,-11.138,12.363,-45.322,-19.118,-4.811,48.67,-32.724,-5.076,0.426,18.269,3.559
0,-27.067,12.217,-5.009,-3.471,29.105,46.116,11.609,17.844,-12.841,-24.537,50.867,-24.192,-26.504,24.487,38.537,-49.221,2.737,-43.667,-32.79,-50.016,16.143,40.278,-5.202,-39.512,47.754,15.367,41.047,-39.778,12.511,-15.526,-6.207,-49.068,-3.009,1.337
1,33.536,49.303,-44.307,-32.013,31.41,41.386,35.956,-42.441,41.654,-16.022,-33.475,-24.824,-16.315,0.806,40.476,4.083,-11.585,-0.618,-35.778,22.158,9.464,-17.061,-4.87,11.441,19.205,-49.054,-25.357,-47.606,47.663,12.209,-3.422,0.834,25.364,-4.226
0,-28.382,46.987,31.832,-19.137,-5.407,8.005,6.516,46.942,-22.625,-49.78,46.555,-19.259,-3.64,-2.813,-16.813,-45.321,16.479,28.826,26.337,19.7,-14.733,-15.974,28.077,-12.212,31.151,34.915,-30.971,47.18,18.843,-15.932,12.18,-10.574,-48.978,22.075
1,39.457,46.013,19.67,2.379,-40.119,-25.672,34.241,1.766,-28.747,-46.463,18.855,33.667,20.744,-48.965,-1.626,-41.0,-48.524,17.022,22.831,-21.139,-40.507,-37.703,44.625,31.599,10.696,-27.386,-16.518,-8.978,-12.201,36.345,-21.363,-46.471,28.168,-33.699
0,31.64,-14.04,13.259,14.203,-47.673,42.004,37.538,37.867,27.41,-43.703,-17.674,-28.656,25.617,3.497,26.951,25.941,26.538,-30.437,34.141,33.292,-9.906,-34.015,26.981,21.76,9.341,2.633,-19.277,-6.476,32.478,32.731,-22.351,-31.211,-0.531,24.692
1,27.982,-4.802,10.07,47.386,-35.612,39.248,23.23,7.937,47.502,-4.731,-38.811,-23.964,26.081,-14.595,17.317,-37.028,48.723,-24.64,40.181,8.708,-26.46,12.693,9.877,-18.643,27.988,31.26,-4.168,-43.943,-42.869,-14.46,33.667,-24.971,-36.21,-37.954
0,-21.62,4.344,-1.988,47.881,-48.129,3.249,32.271,-32.116,4.32,37.898,37.736,30.757,6.582,47.444,-39.726,-29.467,29.626,-27.934,-15.377,36.576,-49.499,25.045,39.687,-14.163,-33.79,9.522,49.533,-32.406,41.25,-4.611,16.962,-13.929,46.891,25.676
1,44.887,-37.821,7.293,24.981,22.606,-47.719,8.856,-2.493,29.371,43.155,-50.458,-29.344,-12.551,23.978,46.948,39.765,-29.578,34.301,7.293,12.513,12.366,20.887,39.839,45.853,0.523,-22.67,-31.45,-32.66,38.553,42.84,2.542,-0.241,-3.088,14.862
0,47.234,-10.543,-33.812,25.97,43.173,9.518,-21.829,-17.946,-12.418,-1.684,-27.95,3.634,-6.314,-1.95,36.092,-44.495,-35.85,-40.941,-34.169,-0.117,-34.052,-6.534,-10.799,22.306,7.37,37.937,4.101,1.204,16.519,-31.693,-28.553,-48.634,-41.764,17.016
1,-39.293,42.301,50.052,33.961,-12.97,14.181,30.197,18.436,-23.583,31.003,20.334,-11.37,-10.225,-28.061,32.104,31.458,11.214,14.68,-6.181,29.43,49.873,27.89,-10.266,19.456,24.413,17.554,45.454,-37.158,-36.478,49.582,48.06,11.527,32.817,23.677
0,11.672,-4.108,43.769,-5.205,-47.962,33.509,10.861,27.574,-42.205,41.343,44.989,42.178,-23.912,-45.41,22.259,0.929,47.584,-7.484,42.534,6.63,-35.321,19.605,41.809,-10.48,-13.485,-12.141,-24.039,48.415,7.327,-20.861,0.289,-30.519,-23.965,39.465
1,36.376,-27.332,6.172,33.657,27.544,-38.673,34.353,40.447,1.014,-43.141,21.648,-2.785,-32.769,-15.537,-43.26,13.605,-22.756,25.204,-6.082,7.514,16.324,42.753,-43.253,21.05,-35.658,27.117,0.204,-50.116,-13.418,-34.655,20.565,36.814,-10.536,-18.068
0,23.308,42.381,13.05,-0.151,-24.464,2.202,-15.362,-25.326,-43.251,-19.202,24.209,-4.058,-36.294,-21.837,6.322,17.841,-14.186,31.479,35.755,8.9,-35.905,-41.96,-27.392,23.397,-10.573,-32.098,-8.824,-47.515,34.637,25.865,-20.169,45.69,15.082,24.428
1,37.17,48.186,10.954,-47.142,-7.554,-3.739,44.644,23.967,-3.722,-31.713,0.341,45.439,-10.689,-33.645,15.884,21.789,-12.873,10.037,-34.461,23.519,-32.867,41.9,-8.633,-21.096,-12.842,10.806,-15.403,11.507,-33.505,35.7,47.561,21.642,18.875,10.387
0,-29.588,0.474,11.773,41.246,-26.213,-36.209,42.439,17.636,21.948,-44.29,-31.244,35.372,10.567,-6.047,-31.557,48.098,-37.378,34.045,-47.528,-45.58,20.138,-19.771,24.528,-16.371,43.739,-36.314,-24.868,-45.562,-10.065,-28.427,-45.275,21.196,8.112,45.857
1,-24.62,-12.825,-22.455,-34.414,25.961,13.916,22.958,24.227,22.855,4.415,-13.979,-19.072,12.707,-33.659,-46.269,10.664,-45.829,40.363,16.425,-22.508,34.821,-26.939,44.714,44.153,-34.903,-14.775,-17.434,-46.614,16.814,-34.606,2.938,-17.664,33.71,-10.836
0,-42.788,-28.379,40.611,2.33,-40.531,42.791,-12.493,5.492,43.012,-33.932,-32.594,-12.394,-19.596,-24.902,-49.069,-20.223,-4.177,49.487,15.966,15.37,-46.493,49.674,33.691,-24.299,46.268,-30.457,13.311,-15.168,9.711,-47.015,-41.963,-16.041,3.442,-37.187
1,38.106,18.324,-47.159,-9.014,2.222,29.694,-45.909,29.479,31.968,31.774,21.662,-10.121,18.033,-46.753,-13.841,-21.491,-48.48,-49.2,6.652,8.669,-6.106,13.627,18.333,8.269,24.919,48.612,-5.19,-43.535,-31.613,-43.875,3.599,-28.506,-30.565,10.705
0,-24.192,-14.648,39.175,-48.068,-42.459,48.867,-12.841,48.462,-37.901,-4.7,-7.876,12.68,12.158,3.699,-37.392,1.387,-49.736,-40.512,16.286,-44.231,6.133,-25.976,3.391,-18.771,9.707,28.105,49.754,-31.852,43.047,-4.202,-6.626,-5.079,-25.902,-25.504
1,25.487,22.479,-15.526,11.403,2.023,-47.863,-2.138,24.799,47.116,-47.274,-25.25,13.991,0.381,-16.874,17.367,30.419,-26.091,-4.226,33.337,11.364,18.725,-17.473,-14.923,46.726,-2.535,40.384,9.493,-49.088,-4.749,12.361,-24.247,-4.003,-31.461,-45.361
0,-9.778,34.96,2.161,-16.158,41.656,18.734,-28.382,14.56,40.192,-4.323,31.886,-18.955,50.303,7.486,30.289,41.815,-13.436,35.409,-48.333,-19.54,-30.493,-11.862,-33.573,4.6,47.496,-37.017,26.337,-42.171,48.138,-23.337,31.312,-15.435,21.205,8.118
1,-40.389,-40.872,-11.586,45.836,28.425,9.836,-24.634,-41.023,18.137,-12.943,-19.96,29.149,18.843,17.92,47.987,2.414,-1.85,-15.564,13.12,33.179,-48.146,-8.725,22.656,-3.076,-26.189,21.643,-48.502,-46.415,44.63,32.02,-44.53,33.492,-16.532,1.749
0,26.165,-46.24,-32.46,-3.559,-36.529,-10.906,19.688,-29.656,22.404,45.013,-28.707,-47.854,11.244,-19.277,26.617,40.487,39.457,33.661,37.584,25.692,-28.605,38.867,28.3,30.915,-30.211,-49.673,34.372,12.259,-21.132,4.153,19.796,-5.476,28.951,-43.703
1,-14.145,-0.531,40.219,14.881,10.224,-13.317,2.615,17.4,-17.467,-35.647,-5.54,26.196,29.848,27.866,-19.48,-4.4,26.056,-44.071,10.714,37.11,-44.662,-23.115,-14.417,-5.844,27.395,30.288,-39.205,-38.076,22.553,26.087,48.909,-34.367,-35.061,33.513
0,-48.129,48.533,5.344,30.757,39.687,38.314,47.444,3.32,29.626,-22.946,37.736,11.522,-2.611,-23.345,10.229,-14.929,36.576,-13.377,43.25,-26.46,-37.726,-23.714,-12.163,-27.467,33.822,47.622,6.582,9.409,47.569,-2.988,47.891,-38.939,8.939,24.676
1,-29.344,13.366,35.879,-37.786,-48.499,-11.368,48.948,38.167,33.271,-21.419,30.641,44.175,17.962,-3.702,-25.934,4.566,-20.62,-27.921,1.106,6.832,23.978,42.768,47.881,-34.196,39.935,-32.723,-31.555,25.758,44.696,-31.445,22.631,-30.804,41.082,-2.734
0,1.542,3.101,-21.829,-3.95,-47.719,-8.799,35.937,20.606,-48.626,6.946,44.173,-0.684,-10.543,-41.941,-44.495,3.204,13.934,34.205,15.514,-31.693,-1.128,9.518,-26.553,-2.117,24.981,-19.579,-4.534,45.234,36.553,-35.85,-35.052,46.853,24.306,7.293
1,20.387,-11.383,15.964,-49.548,50.063,-12.261,32.613,29.5,-39.312,-13.595,30.718,18.424,-26.088,5.159,17.508,32.583,-6.582,12.608,28.853,43.032,-6.54,34.568,47.704,27.732,-10.774,8.305,-24.21,-34.17,-42.515,20.614,-32.995,15.106,18.611,18.382
0,-43.41,11.861,44.38,8.716,31.158,48.959,47.282,10.916,44.582,42.809,40.871,-22.912,-10.012,-36.812,-7.869,-37.641,-46.752,32.703,-10.703,43.736,31.069,42.805,-4.998,-22.965,-42.189,-24.765,39.613,24.049,-0.071,-12.485,-20.472,-27.893,24.089,49.888
1,-43.209,-43.053,21.605,-14.196,2.289,-49.79,-28.519,25.075,46.81,23.543,-26.332,-33.421,8.051,8.073,-11.433,27.003,0.905,28.544,50.174,11.26,22.057,20.38,-35.862,27.172,-3.442,14.39,21.242,34.374,-14.914,5.898,43.413,-33.858,-34.098,34.106
0,-38.628,-44.26,10.9,34.637,-48.515,-9.824,-42.251,33.755,6.322,34.376,16.329,-10.276,-2.347,-18.202,24.209,-21.169,25.865,0.332,-22.756,-20.65,-33.905,-29.392,36.041,-26.464,-0.151,41.381,46.69,-18.838,-4.058,-34.294,3.202,-7.082,41.514,-14.186
1,-15.287,-34.39,-30.098,23.875,-8.541,10.073,-7.499,-47.038,15.935,21.625,36.462,-11.264,14.978,48.562,-25.415,-13.384,24.127,-13.298,42.544,17.311,-40.166,22.24,-30.991,16.663,46.039,-13.765,26.017,44.254,33.018,11.88,23.809,-33.228,-4.318,23.024
0,21.948,42.246,10.836,-37.184,-5.047,-26.213,-28.104,-15.1,-36.277,-34.428,0.393,-45.562,18.636,45.587,-8.065,49.775,-32.791,17.039,45.778,37.17,20.196,-29.944,19.138,-36.209,-29.244,-26.868,11.075,-10.647,-49.048,35.372,-22.26,9.581,-4.813,-44.275
1,25.001,-27.255,34.684,40.337,17.186,-14.443,-11.825,-44.994,-24.62,-22.455,34.167,12.601,-18.264,26.528,-34.066,34.759,-43.29,-17.134,46.857,-17.119,1.219,3.37,-34.768,-18.771,43.085,11.567,10.763,9.112,-22.732,-29.588,-34.686,-14.121,24.147,22.958
0,-28.379,-47.161,6.492,15.966,41.594,1.442,12.777,-45.685,-25.902,22.869,-33.902,43.966,-3.405,-32.932,46.374,-14.402,-12.493,15.588,41.791,3.686,-12.345,-29.291,-15.041,-35.914,14.794,-13.394,-46.041,49.658,5.323,44.757,-18.596,48.674,11.311,11.711
1,2.229,-47.222,38.106,-19.739,-29.786,-46.574,-31.594,-46.397,-20.984,-14.448,44.012,-42.963,-42.788,7.694,-43.227,7.463,-47.159,-40.482,30.531,9.303,16.793,-23.564,-5.672,-50.683,-48.265,20.168,30.146,2.446,-28.175,-50.192,34.608,-32.756,19.324,-47.337
0,-5.009,48.059,-5.832,-38.41,6.806,-4.202,48.462,5.391,-8.182,-9.492,-43.198,-43.637,-3.079,30.548,18.777,48.867,-4.624,12.68,-25.902,47.754,32.05,18.191,-13.648,25.436,-38.512,41.047,9.897,7.002,14.046,-26.537,-24.192,30.105,-18.771,37.537
1,25.487,32.536,-26.145,3.19,-2.798,-48.462,-31.078,-42.421,2.178,13.863,-25.716,30.832,25.32,-48.751,46.824,-15.961,12.213,-44.665,-25.676,-38.129,40.677,-2.801,-48.726,-31.107,-48.779,-3.44,-2.821,-6.468,-13.744,-5.039,16.394,18.615,16.103,12.912
0,16.56,-12.497,-46.492,-17.455,35.783,-18.891,47.315,29.618,-15.665,-16.131,2.313,4.182,41.47,39.968,11.829,-24.298,-34.278,25.748,8.669,-15.901,-36.641,12.943,1.022,30.562,-0.303,20.399,40.613,18.488,30.838,-14.332,49.258,-23.247,22.439,-42.285
1,-19.947,-31.493,7.629,-2.835,46.212,-46.445,-40.583,-49.118,-3.548,-10.753,36.017,28.903,47.703,17.921,-14.587,12.328,-44.69,-3.628,48.421,7.729,-11.799,-48.848,2.169,-17.522,-15.006,21.684,44.372,-49.533,-18.69,-8.978,-26.599,46.445,34.276,-29.353
0,-27.656,-33.46,18.257,-37.593,46.988,-9.863,34.372,-1.559,21.762,18.841,-25.089,-29.576,28.041,23.871,32.365,3.049,27.968,21.929,-21.666,37.751,20.452,-40.953,-47.841,10.699,38.927,-46.076,17.631,-12.84,33.59,36.558,-40.481,-48.719,10.155,41.614
1,38.538,-17.674,-38.947,25.662,48.743,11.587,-4.702,3.535,26.825,31.243,-30.566,-43.92,-33.347,26.307,-41.982,14.181,-28.835,27.182,13.877,32.581,-21.593,33.241,-4.13,-0.678,28.8,-14.191,10.15,2.127,31.308,-20.255,32.779,25.233,-13.405,-18.473
0,-36.143,29.757,-23.219,-5.152,-37.833,-15.11,-35.453,-23.617,-4.139,22.237,39.701,-43.653,8.758,9.324,-26.892,5.32,33.327,-14.159,27.65,16.5,-12.163,47.269,47.431,38.314,-24.142,46.95,37.306,-35.902,9.332,46.973,49.022,-37.793,-48.129,28.087
1,-36.821,-32.116,44.464,25.029,35.98,46.881,32.656,29.77,-49.099,-13.988,-27.903,42.391,26.143,-21.538,-3.086,42.1,-31.869,-33.39,4.846,10.522,48.407,21.954,39.267,23.06,-26.436,40.371,6.068,0.206,38.36,-2.906,29.077,17.198,4.681,-34.618
0,-8.799,43.84,-27.134,35.004,-31.31,-28.453,-10.312,8.225,-43.531,-0.241,12.979,6.655,38.848,-21.334,-22.962,24.254,-0.35,13.771,-30.691,37.68,-4.289,8.344,14.327,8.882,-48.859,46.805,2.104,21.535,-6.534,-50.626,-11.58,-3.567,1.536,-30.756
1,47.234,-7.314,45.056,23.086,-25.95,-39.929,-13.121,-34.86,36.056,-7.026,-2.044,36.894,18.371,27.22,5.412,-42.511,32.687,-34.428,18.672,-49.243,17.412,-0.841,-32.133,15.352,-34.282,28.683,3.799,-18.047,8.367,-23.959,-10.75,-41.232,-11.93,19.063
0,48.221,-22.965,41.717,44.496,8.01,-12.188,30.979,-28.458,30.596,42.347,-10.272,19.746,-12.67,34.519,23.213,-38.079,12.775,29.112,50.668,-10.169,31.583,10.725,19.046,49.904,15.027,24.051,-19.763,48.706,43.584,-36.953,32.295,42.028,30.973,-8.674
1,0.929,0.765,43.663,-19.18,0.163,15.608,-25.024,-11.301,44.495,39.033,11.172,30.498,17.089,48.018,-42.481,47.99,12.248,-23.338,17.288,1.028,-24.925,-31.188,42.539,-47.001,43.999,-46.983,-29.02,-24.778,-8.173,-42.968,-24.395,-44.662,-4.494,42.352
0,-43.149,-2.714,-27.26,-12.481,-38.018,31.395,-3.041,-25.75,-37.551,43.907,-5.125,-8.536,23.56,-26.414,28.678,36.454,-7.59,-16.25,12.58,32.585,-35.842,-44.062,21.337,35.487,-23.921,18.787,-24.835,36.859,35.993,40.067,-22.524,-18.314,48.707,-24.107
1,-13.741,44.826,-14.259,-29.317,2.327,-36.151,0.835,19.593,13.598,-49.641,-17.805,16.809,20.846,-44.979,-2.715,-36.43,48.576,32.693,-33.341,21.686,-32.841,-20.402,32.34,27.78,-42.811,7.111,-2.304,-24.898,-21.592,24.598,-39.22,-26.758,-29.228,-49.385
0,-16.922,-10.52,-45.588,-32.037,31.619,-47.471,-13.369,7.88,-15.223,2.543,47.951,-41.977,16.392,-30.973,-39.863,45.121,30.684,50.192,44.809,26.329,40.357,45.417,4.282,-9.537,31.749,-15.344,32.352,-20.064,-41.745,-37.588,-24.419,-49.642,13.532,47.188
1,-43.14,-35.48,48.298,9.806,35.677,-39.596,-40.886,-5.569,-34.397,48.544,38.086,35.936,4.528,1.015,7.87,-18.554,-46.492,32.99,-21.964,2.319,32.745,-19.383,-50.249,-35.452,-45.981,5.209,-50.01,-40.542,40.282,11.116,-34.379,-23.576,9.061,-4.957
1,32.947,6.341,-30.66,-17.906,17.904,4.599,-6.055,0.528,-49.337,-15.987,21.961,48.251,40.131,12.072,-0.625,24.899,34.162,4.272,42.236,36.636,-31.795,28.525,-44.904,-13.552,-32.804,0.192,14.228,-7.165,-38.43,-2.254,40.512,49.393,12.738,-24.225
0,30.584,-6.869,32.127,11.825,-19.011,-40.906,7.79,36.012,-11.342,28.335,23.587,3.026,-9.789,42.626,44.717,22.415,5.626,-3.586,35.405,-47.193,-28.052,3.966,15.822,-19.81,17.947,28.548,-33.114,30.963,12.125,6.109,2.042,-9.399,19.14,42.084
1,-18.685,-12.19,32.396,-45.197,41.472,-34.77,48.633,-45.024,-40.716,30.761,19.51,16.645,-26.645,20.416,26.964,-1.386,-25.813,-7.557,43.728,-47.212,-21.722,37.997,26.436,-19.236,25.14,-30.792,31.954,11.846,-48.523,36.243,41.612,-5.262,7.05,-24.833
0,48.231,-41.788,-34.542,11.004,-8.889,-10.011,-10.409,37.749,-47.514,-20.928,-4.936,-30.697,33.196,9.751,-41.28,2.6,39.23,-31.248,28.701,19.198,11.021,49.164,20.461,-2.775,9.929,13.023,-27.903,2.664,-38.076,-9.137,-27.377,23.715,30.935,-13.544
1,25.774,-23.371,14.608,19.314,-41.333,40.716,-22.538,18.834,-17.465,7.898,46.851,-21.147,-9.862,-12.265,-10.505,16.533,-18.084,29.076,-26.022,-16.834,9.794,-48.061,10.599,-27.019,10.452,-22.203,-9.107,19.783,-2.407,-38.647,-34.288,-11.609,20.757,-17.347
0,38.058,-48.208,-35.81,-29.2,42.93,13.444,-18.7,13.872,-6.822,41.568,43.528,-36.572,-23.763,16.464,-14.502,13.733,39.746,-31.184,-32.49,-44.52,26.18,27.976,-10.081,24.79,-30.617,-11.374,38.613,2.575,47.202,22.49,1.723,24.053,-49.919,36.353
1,-42.406,42.051,36.586,44.465,-35.3,-27.866,-40.891,-42.494,-36.966,6.472,-2.515,-42.573,-29.167,27.377,3.367,-25.48,50.721,42.814,2.54,39.673,14.031,8.741,-6.768,25.009,14.189,-12.853,32.846,-50.192,26.03,-50.204,-37.871,-12.653,-23.414,44.477
0,48.538,-18.754,-2.538,-39.263,6.564,-48.206,-26.93,24.665,9.063,-15.857,35.423,18.63,-36.85,-3.602,1.243,26.218,28.783,36.424,48.132,31.983,38.966,5.112,28.182,4.927,1.966,-30.527,26.44,-8.902,28.735,-45.98,-9.596,-23.906,30.312,0.763
1,-26.501,26.704,-12.22,16.928,-21.185,37.425,-30.679,-1.28,-15.6,-46.708,-37.432,-17.537,-13.568,-11.525,49.092,-3.146,-4.048,29.969,10.646,-31.329,14.132,32.179,48.812,-46.473,43.713,-20.101,42.393,-27.5,11.59,26.731,-37.805,-21.849,24.319,16.532
0,31.07,23.444,15.485,7.177,-8.668,42.145,9.596,44.518,-16.817,-0.008,-25.753,-27.601,-1.528,8.49,-41.614,7.265,41.462,-2.43,-14.904,-31.848,14.845,-0.263,-37.395,-26.383,-49.335,38.745,-42.306,-10.232,-33.956,-39.772,-24.544,-46.005,36.467,-17.551
1,-48.438,32.926,-33.892,-9.392,16.272,4.503,-4.488,-43.084,30.903,-37.594,0.66,-12.162,-46.636,1.164,-6.204,40.457,-13.007,-10.654,-47.328,6.787,-39.189,12.157,42.559,13.231,-37.14,21.473,-42.972,-21.014,34.797,46.036,-44.067,-33.41,-12.003,34.92
0,-43.384,29.662,25.718,47.632,-22.718,-35.236,2.305,24.1,-9.135,-4.36,35.389,0.628,45.758,-13.878,5.823,36.51,5.354,32.255,-4.646,12.565,-36.811,34.679,-13.223,22.855,29.365,30.214,-17.912,-45.951,30.739,26.873,-4.762,-35.37,-8.388,-36.533
1,12.435,-7.648,-26.442,-3.882,-48.405,-48.381,3.109,36.207,34.55,-39.12,44.337,-18.296,-29.233,-36.818,7.082,-49.076,41.781,-30.697,39.565,-16.358,-10.237,-26.821,-5.632,-4.904,-28.274,47.467,38.623,48.375,-48.95,2.105,42.996,15.812,-35.607,20.568
0,27.159,48.37,-5.94,-16.662,13.458,48.249,-47.799,36.613,-38.589,17.927,-11.512,-20.872,-26.822,31.448,-46.293,30.843,-24.115,-35.29,-42.145,12.63,38.29,0.009,-31.306,43.843,-32.405,-1.16,-46.873,-9.596,23.086,12.467,-1.465,26.286,-11.366,-1.01
1,29.115,37.26,-24.748,-24.728,31.038,1.176,16.237,-4.774,23.632,-11.93,12.609,-46.046,-0.284,33.407,-25.289,-18.01,35.972,-15.944,-12.024,42.862,35.621,-18.371,36.006,-24.785,-36.939,40.213,-8.385,-8.296,15.939,43.897,41.458,-25.676,-3.143,-44.468
0,48.759,1.874,-26.32,-21.079,-43.329,27.989,-21.548,-22.939,-43.234,-28.453,-37.44,-48.712,-33.191,30.661,-14.741,16.975,-26.048,-26.794,-32.926,-0.683,48.18,24.499,-3.561,44.826,-37.47,-17.65,22.975,-49.63,18.131,-24.018,19.598,13.072,-14.551,-2.807
1,33.058,-46.379,-14.617,40.692,48.102,7.663,-39.148,33.386,-35.842,-37.44,-15.875,-20.029,33.012,-31.323,-25.085,5.622,-43.314,-35.714,-3.784,21.018,21.084,-44.485,0.802,-9.482,-30.332,-23.383,-50.488,16.297,-11.169,-40.382,-41.258,25.034,47.193,7.278
0,-39.8,47.397,38.556,-22.705,-36.719,-32.664,-6.469,32.177,30.765,-19.745,-35.181,49.138,-35.512,44.94,-47.457,33.178,-19.393,32.688,45.323,44.993,47.815,41.007,-31.505,-49.677,4.284,-45.299,-46.365,-17.922,9.738,11.004,13.532,-13.934,34.884,-49.292
1,-43.14,-6.772,-39.755,-4.853,32.449,40.099,-41.426,-30.922,-43.892,35.22,4.541,24.08,50.039,17.029,6.651,-0.54,-21.391,34.363,15.395,7.853,-13.578,0.14,36.055,3.237,-16.472,-31.997,-37.385,-0.083,1.713,9.639,21.817,4.789,-23.582,11.114
0,-45.557,19.14,36.04,-19.158,14.125,16.871,-1.487,4.95,37.453,-8.383,-11.095,16.915,14.059,41.185,7.97,-31.801,44.914,-18.957,28.686,-41.078,-6.197,24.62,-17.096,42.462,47.636,-0.331,32.471,-7.355,22.743,-3.351,4.904,-50.259,13.316,7.043
1,43.626,18.832,-6.497,-45.062,32.849,-5.378,-31.252,37.93,32.113,16.334,33.817,-30.901,48.64,36.152,26.989,-9.693,29.772,26.009,-40.696,20.47,31.368,24.596,41.368,-19.223,28.751,-27.177,-25.874,-49.029,30.257,3.467,42.691,1.207,-28.435,-19.514
0,34.196,20.277,2.993,-44.723,-31.264,-29.635,11.544,10.165,-46.545,-48.311,-40.967,-1.37,5.803,12.311,-1.818,31.018,41.478,-22.268,-9.463,43.151,-12.708,-34.346,10.544,3.188,-21.158,20.503,25.234,10.14,39.313,-4.125,-25.533,-28.676,-10.934,-9.448
1,39.509,-26.826,17.56,-18.537,-20.982,-39.101,-34.542,-11.452,10.34,-11.502,31.771,-3.417,-9.072,45.788,15.023,-48.076,-22.669,-26.849,-40.4,13.57,-11.175,49.049,-26.006,19.701,-18.24,47.266,20.986,40.606,-12.721,-8.284,28.965,-21.233,9.794,-38.918
0,-13.502,-18.7,14.169,39.619,-47.626,37.468,-16.534,-24.043,25.119,13.836,9.889,43.473,-23.472,-32.199,29.582,-31.035,-35.61,-35.27,-41.932,1.778,24.18,19.788,-10.235,13.607,43.258,22.654,-49.508,-36.643,8.294,18.814,-9.954,24.427,-16.823,-11.665
1,-36.936,-30.002,28.976,5.463,2.554,43.781,-30.693,-50.023,-27.117,44.586,37.353,-38.762,-23.656,47.278,-7.077,41.511,-11.345,-29.201,25.744,-6.822,-35.405,-25.09,-11.708,26.178,26.404,-42.613,14.111,-3.437,17.408,-45.52,4.575,32.392,42.485,37.945
0,29.182,18.566,29.412,-41.022,-50.638,35.39,5.26,6.421,40.336,2.224,47.008,-23.077,27.957,47.538,-45.209,49.657,25.835,26.177,-2.516,8.78,1.216,9.06,-48.039,-17.077,-43.134,-2.924,-42.063,-19.265,6.112,13.031,0.577,-27.659,45.155,36.808
1,10.646,-27.167,17.859,47.854,23.902,13.028,41.789,-21.441,-45.874,10.527,33.269,-31.124,-36.907,34.883,-38.403,-31.647,37.899,-47.607,32.768,30.083,-38.472,-17.353,-9.509,25.627,39.362,-0.597,-30.265,1.623,-19.386,-16.584,-8.08,27.88,-21.852,-13.228
0,8.177,27.1,0.737,37.467,38.745,41.096,-26.375,-1.71,-26.383,30.07,23.921,-40.663,41.629,-15.01,-38.35,-49.049,-10.753,-42.306,-2.996,26.704,-27.501,9.596,-37.812,-8.465,-34.956,41.713,15.845,-6.048,17.979,31.145,48.092,-28.601,-14.568,7.265
1,45.518,8.49,-11.135,46.267,-41.984,-39.957,30.823,-24.352,-9.493,-13.268,-45.104,-47.697,-9.745,7.219,-32.43,-20.456,-46.827,-1.119,-15.862,12.755,16.017,-4.93,0.46,-41.169,-37.669,41.107,-9.054,-34.454,2.038,-6.076,-49.204,-17.154,-30.662,-43.476
0,-43.384,-13.878,13.888,-37.128,14.393,-13.141,-12.463,33.963,36.038,-0.482,5.59,22.935,-43.992,33.822,35.997,33.81,-4.23,33.802,37.397,41.862,-34.386,20.976,48.39,-1.163,-44.583,26.809,6.823,-36.363,24.73,-34.81,30.539,3.115,16.251,-4.288
1,44.337,-22.718,38.14,48.337,-5.333,-4.174,-8.7,-49.371,-2.34,4.89,-27.904,41.969,-34.932,31.183,-7.388,11.381,-14.468,45.706,-48.821,49.17,-24.845,-29.994,3.193,-36.864,31.1,29.634,22.286,40.711,4.015,-18.899,-26.442,25.509,-3.83,16.743
0,-34.063,37.29,33.55,1.009,-11.703,-46.793,13.399,-7.648,-10.515,37.086,24.186,-0.846,-27.082,30.856,-1.313,-47.845,39.739,6.246,13.458,-39.362,-20.592,-18.063,-36.135,-30.862,-16.033,-47.799,-46.873,12.63,-32.405,36.613,-38.717,-5.98,48.37,-46.293
1,43.204,32.551,37.578,-25.468,-23.736,-8.375,17.913,-18.939,44.954,26.258,-0.466,-25.646,-4.332,30.83,43.007,-2.74,24.087,-24.933,-30.321,30.229,16.565,26.133,49.249,-46.909,0.48,-8.702,-17.881,-12.547,17.481,43.818,-10.683,-25.234,-42.001,0.724
0,31.661,1.874,-44.134,16.975,-43.159,21.748,-18.141,37.206,-37.87,18.131,-35.414,-26.667,-32.191,-7.954,-25.718,48.25,-48.352,-22.662,-37.68,36.145,-23.018,-16.912,28.989,-13.045,12.242,39.955,-32.766,0.142,36.103,28.115,20.598,-25.508,-3.272,-26.661
1,-15.151,32.664,25.141,-40.731,16.758,32.033,-2.743,47.794,-36.274,-44.81,20.806,21.776,13.291,-29.575,47.481,-39.928,-23.053,-14.551,-29.136,-46.306,-49.582,-14.619,-2.57,-24.807,-36.099,-38.185,-20.754,-21.882,45.0,-43.274,7.338,32.917,-39.929,-20.396
0,32.619,7.811,45.992,48.397,46.319,-11.52,-47.471,25.48,-33.664,-6.074,-14.617,33.694,-48.77,39.459,-22.521,-12.934,35.884,3.708,-34.995,-42.972,37.643,49.24,48.567,-32.484,-49.677,1.543,-44.299,-18.922,-8.774,10.738,14.532,-32.505,30.711,45.029
1,-34.99,1.523,32.463,33.416,11.602,-43.885,50.138,5.013,-43.67,10.088,-41.31,-48.7,47.937,-16.279,-46.365,-19.532,-35.542,11.555,3.152,17.628,-21.963,-39.521,-19.69,-4.431,-31.725,41.23,-41.266,40.177,3.692,21.83,34.778,34.482,-0.126,7.561
0,13.825,24.056,-11.947,-0.492,43.758,34.841,-49.817,-0.06,19.14,41.185,1.014,48.324,-17.096,13.084,-18.011,-6.636,16.061,-8.151,-37.606,22.415,31.947,24.587,-39.906,17.947,-13.887,35.04,-30.95,-24.728,-2.061,28.03,5.137,-7.772,-31.637,6.341
1,34.127,28.006,48.744,-46.175,14.037,37.172,30.326,29.821,-26.064,-26.625,38.075,7.999,-49.202,17.194,42.42,32.786,0.667,-18.133,6.782,-7.921,43.982,-2.936,30.452,42.172,-32.857,4.841,16.143,3.199,-29.575,-7.905,-19.799,4.118,35.781,-10.355
0,44.091,41.014,24.754,31.936,-9.789,-41.228,39.925,10.311,-35.103,10.464,-22.479,-44.247,2.847,-19.345,-2.566,18.806,19.362,-23.253,11.109,-45.604,33.151,-25.814,27.159,23.773,-13.19,-1.902,20.545,-47.12,5.475,-5.357,30.844,24.496,-31.349,-9.372
1,39.509,-19.084,-28.11,-41.38,-3.984,20.277,28.299,10.795,-47.956,-26.71,39.309,-11.488,-7.42,12.087,-41.088,-11.255,31.468,40.947,47.648,-12.191,-23.221,-13.344,-26.203,-29.749,-30.226,2.733,49.626,-39.021,20.386,-35.508,-2.886,9.496,20.304,13.973
0,14.444,16.691,43.261,-20.677,39.473,-16.992,-18.643,-47.921,-16.654,-42.364,37.658,13.634,7.94,-49.891,1.707,-38.477,-21.983,19.288,13.877,45.86,29.22,18.871,-35.253,-23.37,24.79,-10.072,9.599,8.794,24.774,-30.617,-27.006,-11.383,-14.502,-10.853
1,37.353,13.733,39.058,-7.2,-9.432,-18.403,-43.871,-36.053,-29.137,-36.383,-10.374,23.783,-23.25,-29.2,26.801,-37.99,-30.859,25.187,-47.49,16.288,4.197,25.27,47.959,32.093,-43.054,-50.264,23.1,41.346,-31.905,-27.97,-23.379,42.336,28.489,-3.679
0,48.538,49.728,13.977,5.076,-43.312,39.551,-43.562,-2.837,-11.688,-25.154,14.123,-41.875,-50.876,-38.598,34.628,25.662,-11.381,-45.53,43.948,28.647,7.764,27.741,5.454,26.565,45.543,42.047,-6.879,-27.474,3.269,0.697,0.554,44.705,-36.933,8.669
1,10.646,47.812,-20.489,25.462,7.502,-9.772,-18.867,-16.803,29.149,-47.395,2.213,34.784,-37.988,10.559,-17.801,4.923,-1.759,-48.232,-22.207,1.742,48.617,32.74,37.722,28.169,0.561,17.377,19.528,-37.215,-30.15,-8.644,39.921,30.278,-29.747,-16.492
0,-26.501,-2.996,17.979,-26.43,31.145,22.319,43.213,-27.278,9.957,-37.617,15.845,26.843,48.259,-15.576,-37.432,41.798,-32.956,26.315,31.07,12.704,-46.207,-28.851,-30.668,31.91,-37.805,-17.714,-12.165,-22.756,-10.4,37.184,0.737,-5.68,42.393,-15.228
1,-11.087,-40.088,-41.304,-30.952,-1.469,-49.542,-20.629,-1.597,-10.268,8.435,-26.347,29.876,-9.38,41.073,38.752,15.47,-17.548,-38.082,-24.543,44.512,-43.306,12.153,23.444,7.263,6.876,-16.818,7.177,36.467,-39.773,-8.668,-46.005,-49.335,-0.008,-12.769
0,-43.384,41.68,-46.861,-35.449,-36.806,13.565,30.27,-7.154,-34.609,23.982,-4.29,15.313,-42.253,-43.985,-32.506,34.581,0.244,-10.642,1.684,-5.586,22.26,-48.507,34.521,-35.122,-44.5,-14.201,-44.345,45.955,37.079,40.352,35.629,13.074,5.087,32.651
1,4.105,40.781,27.359,45.925,5.449,-0.105,-13.687,2.453,-3.232,33.455,49.165,-49.247,47.5,-18.81,-4.799,-29.838,31.176,2.339,30.152,48.251,-22.742,-5.181,41.979,25.614,-36.544,-36.816,5.817,22.849,35.075,-9.688,-49.761,29.787,-13.222,-8.391
0,-34.954,-38.762,38.141,-47.491,-1.097,-15.468,-11.203,33.613,-7.023,23.278,6.27,-28.893,37.259,13.724,1.072,-48.5,-17.907,37.929,11.872,-30.237,21.329,-20.686,-35.912,-32.405,16.843,36.712,31.479,-4.155,42.618,-6.568,-46.324,-25.821,-27.442,-6.239
1,31.843,48.249,-45.861,26.276,-15.033,16.484,-24.476,-39.427,-34.112,-1.481,-46.809,-12.545,1.754,-0.394,44.843,36.548,49.322,17.019,14.377,13.453,43.007,-31.241,-25.822,26.202,43.183,-47.781,-24.209,-11.354,-23.736,15.533,31.229,-0.983,-41.985,-8.727
0,-36.68,-37.87,36.997,-22.494,31.661,-2.633,33.551,-17.873,44.89,-7.762,37.446,-18.893,-23.921,-5.061,-11.629,29.115,-7.57,40.002,-43.242,12.359,49.18,-16.195,-10.683,20.975,-35.541,-25.572,-24.248,-23.301,38.105,36.173,-25.504,23.96,19.131,-25.718
1,-35.47,-3.561,-39.025,27.973,-2.27,-33.11,-48.85,-18.314,-35.388,13.077,-43.198,-26.756,-32.766,0.317,-28.453,7.207,25.499,-49.304,-42.414,17.018,20.566,-14.53,48.748,-20.485,-23.902,32.971,-20.969,21.773,21.249,44.837,-13.741,1.965,33.036,-2.743
0,14.532,-42.972,-9.979,-31.918,16.647,-46.279,-40.463,47.505,8.134,45.669,-49.407,-15.964,-16.059,-13.659,31.524,-29.413,47.479,-10.285,4.366,1.857,32.214,30.631,-23.12,-39.768,32.084,-21.187,40.78,-45.216,-18.392,-31.32,-38.553,44.68,49.645,25.51
1,-19.042,-4.758,-22.921,-44.107,-40.983,-35.923,-34.295,-46.299,10.438,34.884,-33.031,-40.8,-18.604,-45.299,45.763,-47.471,0.84,4.384,-48.625,-5.974,35.858,47.363,5.576,37.643,-49.044,41.139,48.474,7.907,-21.077,1.656,10.239,-35.314,11.637,33.378
0,48.324,-0.06,42.816,0.005,-18.029,24.064,-2.061,4.125,41.191,3.317,-6.756,-23.804,-31.118,-49.764,-16.765,21.613,32.116,-7.056,49.666,35.916,-0.539,11.158,17.105,-13.893,-39.961,28.036,-44.026,6.333,31.978,40.025,-37.561,34.482,-31.902,15.028
1,5.626,-40.906,32.909,-11.66,43.352,-18.137,1.518,28.83,-32.102,17.838,13.089,-6.024,-10.265,-2.758,4.208,13.542,32.462,7.181,16.168,36.602,6.757,-32.077,12.516,44.166,-46.599,23.939,29.745,-29.587,35.408,18.721,-7.939,-19.236,22.919,3.38
0,12.71,37.884,16.388,36.082,42.058,41.06,31.327,-34.75,24.392,-19.349,47.864,-45.313,29.107,-26.477,30.578,43.045,-19.78,26.298,18.792,-49.128,-27.384,-45.039,-22.46,-24.996,40.713,-47.221,6.484,-30.929,-12.164,-41.367,-7.453,-5.398,25.708,20.337
1,32.655,49.164,39.466,11.01,-26.105,-30.465,4.464,-35.54,48.021,30.946,-10.404,-10.021,20.635,33.229,25.566,-29.732,-8.088,-41.796,3.391,-39.105,14.783,-4.484,10.499,-28.321,11.655,20.262,-20.699,-8.131,-0.73,11.954,-47.493,-1.746,39.3,-41.273
0,-16.114,19.297,45.9,-12.149,24.778,19.986,-10.052,16.671,40.769,8.744,-35.301,27.953,7.963,13.585,-21.077,-27.038,19.84,-13.572,-22.0,-19.049,-10.832,-23.534,-38.424,18.845,-42.244,-47.858,-18.425,-11.368,-23.351,-3.346,-11.53,-26.845,9.448,29.239
1,10.599,-31.184,14.343,13.96,2.146,41.904,37.87,40.222,38.077,47.697,16.443,23.03,25.838,-44.207,-17.129,-35.485,12.928,3.644,-15.002,24.674,-6.97,42.785,-10.229,43.147,23.82,-18.698,-32.454,-50.236,-30.458,-48.425,-28.951,-36.816,-11.106,-23.721
0,45.893,31.958,-7.612,-25.159,-35.794,12.99,1.659,-27.822,-23.983,-12.722,-3.202,6.376,-12.211,39.961,27.771,-38.897,25.694,-41.903,35.818,-37.863,36.47,9.012,-43.294,2.365,-42.411,42.923,28.06,13.203,42.163,-30.069,44.682,-50.04,25.333,-42.38
1,31.312,4.927,-15.872,-9.373,-2.339,28.827,37.0,33.565,-50.436,5.76,27.456,39.387,-3.514,-48.206,-19.381,47.227,28.29,25.596,1.115,49.035,-22.706,0.127,-29.99,25.289,19.304,6.509,48.282,9.06,-27.157,-38.339,-37.171,-44.95,25.224,2.228
0,49.092,-0.41,-8.644,-5.041,-31.627,37.453,42.734,-21.43,9.657,-27.124,-47.375,10.591,-13.146,-19.833,34.759,-17.375,-22.226,-11.373,-38.829,16.975,27.144,23.293,13.151,-27.501,32.413,17.409,-16.482,-46.218,26.709,47.797,41.376,30.121,-38.425,-31.124
1,39.745,-15.465,-13.711,-26.374,-7.848,-24.601,16.26,36.426,8.02,-1.437,-15.955,30.19,0.617,-3.057,-33.172,-39.737,-45.167,-30.916,-0.875,42.003,41.978,-49.323,24.349,-41.592,10.392,14.826,-36.571,-28.638,-42.424,-26.448,8.004,-10.361,-16.76,44.426
0,-48.438,-48.311,-12.946,0.135,9.49,13.156,-41.088,22.672,-46.488,-35.886,-32.153,39.665,31.926,-39.074,3.616,34.854,-19.836,47.202,-9.524,0.695,-13.087,42.68,-6.076,12.29,0.992,-44.848,-11.768,-8.397,-41.92,36.197,28.913,-4.371,5.876,16.431
1,5.983,29.791,-35.959,31.607,26.006,-36.767,47.612,25.089,-0.798,3.192,-13.985,-44.369,-36.301,29.769,33.82,29.874,-5.422,26.557,-45.143,21.994,-13.593,34.273,-18.266,-8.74,-35.755,-44.617,-4.467,33.469,-4.598,6.406,13.762,-34.573,36.398,-22.068
0,-24.821,-35.954,42.996,-28.862,-17.063,46.271,-3.53,10.435,3.214,-26.442,-6.308,37.212,-34.912,41.781,-38.762,-7.648,-2.31,-50.76,17.812,-27.893,-28.901,39.086,48.549,-14.468,44.337,-46.647,50.154,-48.396,-8.683,34.55,-49.444,7.082,3.105,21.329
1,-7.657,-47.799,-15.033,26.835,-45.666,38.29,-11.347,-0.01,47.758,27.081,-21.416,23.803,-40.362,-34.945,-2.12,-25.069,35.966,38.111,-12.748,-33.268,13.983,30.448,-0.719,12.732,-25.9,48.155,-10.275,-47.654,-5.874,13.967,-31.071,1.911,30.725,17.829
0,-24.476,-8.384,28.115,-0.481,-3.714,22.087,-19.932,43.007,-24.921,-5.332,42.975,-11.629,-10.683,37.608,-45.861,42.843,-7.754,16.511,36.145,-42.985,11.242,14.565,-19.873,33.551,31.229,-35.909,43.204,-17.702,-25.611,0.765,-26.195,35.103,-26.248,40.955
1,-28.453,16.975,48.625,45.27,-19.932,-13.834,37.038,-23.018,-0.016,-21.05,-4.561,30.994,-38.68,-37.981,26.989,-22.77,18.931,-27.496,-32.635,20.975,-14.774,17.353,2.652,-44.356,-42.995,-33.766,-43.227,-49.4,-17.755,13.915,24.722,-25.74,-27.06,-48.352
0,-2.807,4.708,20.372,47.759,-42.972,-44.932,-10.52,7.143,-40.745,-46.379,-15.617,32.664,-38.282,32.917,-36.319,-40.1,21.729,25.48,-32.206,-29.623,32.058,-39.928,-24.865,40.459,47.188,-23.419,-15.151,-9.774,-36.47,16.417,-3.27,-20.947,47.567,7.811
1,10.738,11.004,48.397,45.319,-34.99,34.884,-49.177,-31.005,-17.172,33.212,-13.022,32.815,-19.152,49.382,14.401,-5.912,-34.245,45.279,-44.549,2.043,-49.02,-40.8,-18.404,31.369,38.143,-23.021,31.45,45.256,-32.914,48.064,-46.774,-46.075,4.959,-35.178
0,35.841,-39.97,16.077,50.73,-20.677,8.806,-31.113,35.125,-36.606,5.341,-22.728,31.116,10.639,-1.492,-32.95,40.006,11.133,3.356,-45.14,-50.292,1.523,4.809,24.056,34.482,-45.13,3.137,0.94,39.028,-40.616,22.647,-5.758,-17.83,0.14,15.061
1,-17.81,42.758,8.109,19.14,-2.318,28.03,-18.344,12.936,23.415,7.171,25.476,-7.262,-30.637,47.102,-11.17,4.966,35.818,13.337,1.014,-13.998,-17.318,-2.172,45.384,-6.98,17.614,-40.906,14.028,31.894,-48.817,-8.288,-5.884,41.074,17.822,-46.557
0,-19.358,36.067,4.626,20.343,33.127,16.334,-26.52,18.832,37.884,-30.947,-32.114,42.626,-50.18,28.584,-9.789,-45.062,27.217,25.22,-41.378,30.661,40.682,31.963,28.144,-28.023,42.084,31.313,29.006,35.797,0.042,2.44,-26.404,48.847,-7.478,-5.409
1,10.751,24.715,-44.247,39.196,-47.322,-20.139,32.655,2.691,-23.984,-10.102,12.71,12.004,12.021,42.819,11.929,-29.931,-0.47,-47.121,7.475,-41.788,-20.479,-2.139,34.196,3.754,-21.423,-8.98,26.754,19.752,-11.19,-34.341,21.277,40.741,-10.188,-30.658
0,14.608,49.164,39.131,19.349,8.794,-26.903,-11.384,-23.538,-26.482,-13.256,-18.656,-4.123,-22.058,-7.618,46.225,-38.161,-41.818,-20.747,-28.255,-35.689,27.984,30.401,-27.581,40.925,-9.78,-39.348,14.281,19.312,-11.743,-3.111,-11.323,9.44,47.401,-48.293
1,-17.7,-30.617,-13.502,-35.135,8.948,14.108,-17.465,2.135,-41.295,24.833,-15.716,-49.683,23.49,43.645,-47.208,24.524,-9.853,37.555,30.219,-23.881,40.746,-23.018,-34.81,19.708,14.733,18.751,25.79,-16.912,14.444,16.749,10.599,-32.137,-9.081,-11.138
0,26.404,26.18,-35.933,-7.699,26.976,-30.63,42.568,-2.925,43.01,42.792,2.575,41.689,-12.533,35.763,-37.762,-32.184,-6.822,-49.967,14.019,-12.414,-25.416,32.958,-23.939,-28.447,47.202,-44.52,25.025,15.996,37.835,-43.895,-35.828,-37.032,5.712,-28.742
1,-1.822,-48.206,-1.837,18.857,3.2,-42.478,48.389,44.836,28.499,47.455,1.68,4.969,-49.043,9.137,-44.787,49.728,37.659,8.798,-26.612,1.327,13.698,28.591,5.862,6.731,40.717,28.057,2.392,25.72,-41.562,45.101,36.337,26.218,-22.497,-41.813
0,-36.199,30.312,39.152,28.026,13.132,37.462,10.59,-27.167,-13.165,-16.5,9.646,-21.441,1.839,-30.896,32.79,-47.378,41.393,25.44,-46.207,34.779,-38.945,-9.759,-0.461,23.253,17.5,-31.578,47.986,-19.911,-17.311,-22.089,-18.728,-16.864,-30.955,-8.468
1,8.265,-11.4,-37.805,29.988,27.704,30.032,37.46,41.846,-25.383,38.414,-25.408,14.502,10.453,-9.14,-33.037,-5.53,24.175,42.061,33.095,-2.346,-2.171,-1.046,-28.013,-44.053,-14.794,47.129,17.466,40.24,-37.016,-28.34,-38.191,26.212,-14.276,-40.669
0,-0.528,-0.008,-39.088,-11.768,-39.074,-29.848,-44.848,-50.159,-49.092,12.367,7.337,8.56,46.43,29.97,-9.046,44.864,-23.816,40.626,-5.143,-11.557,-46.005,-16.817,0.837,-10.504,-16.551,-35.553,-9.524,-48.488,-40.614,15.239,7.528,-32.951,-20.007,-6.997
1,-12.878,-35.236,-12.946,27.35,16.429,-42.916,-4.382,36.209,24.999,47.289,13.996,32.685,-44.131,21.367,-4.262,-48.671,14.037,-35.982,34.259,4.066,-43.774,34.804,-12.691,5.496,41.92,22.333,34.971,-37.017,35.206,-45.342,33.412,29.148,-0.122,-37.998
0,-29.901,30.185,-4.31,-21.718,-27.893,47.236,21.329,-15.468,29.791,40.781,32.214,-19.912,17.812,38.181,-36.811,2.305,-3.155,48.154,45.758,-8.388,4.983,43.337,-26.442,3.214,24.617,-8.683,-5.333,40.996,-1.372,-3.762,-26.821,-50.76,3.105,-49.396
1,-38.362,-35.063,-47.578,37.096,1.973,13.222,14.5,-16.259,-29.045,-1.43,-6.855,-36.244,23.918,-11.863,-47.014,-36.411,31.821,-33.112,-47.528,-21.313,11.84,37.544,-45.958,-39.359,-26.674,-11.839,33.643,5.486,-47.945,-7.148,-18.082,36.072,38.723,12.979
0,17.511,-25.476,-47.861,-9.384,15.058,-24.611,-23.921,-9.657,-41.985,-24.657,43.843,-1.465,48.61,-32.306,27.286,49.249,30.229,26.159,-0.01,-17.873,-17.932,-11.512,-0.481,42.204,22.371,-10.683,-24.403,41.007,1.765,15.927,31.541,35.608,-4.857,44.975
1,38.26,-33.191,-37.028,-16.267,-48.852,31.423,36.244,-1.78,-8.132,19.013,11.519,0.929,47.241,-43.955,-34.633,-26.973,-44.762,-13.285,-26.755,-19.186,-25.086,-27.605,33.065,-38.349,2.623,16.686,-23.238,40.034,-2.92,36.532,-22.234,28.739,-36.351,22.669
0,-38.928,19.598,-13.551,-35.47,-46.379,-21.939,48.759,20.729,-37.319,-30.453,-28.623,-22.419,-13.741,-21.947,-3.27,24.499,45.826,-21.469,-39.1,-1.807,-40.745,13.072,21.372,-45.932,-25.865,26.989,-48.85,33.058,-17.151,48.188,31.917,-42.329,32.664,7.143
1,-46.471,-6.074,14.532,-49.135,46.029,33.694,-34.224,17.417,34.551,26.48,46.567,32.619,1.543,46.319,-33.206,50.24,-11.52,44.992,8.738,-10.44,-34.664,-16.543,-43.972,7.478,-31.838,29.711,4.9,-18.922,-48.677,39.459,47.397,-14.934,-37.282,36.976
0,3.356,11.133,3.284,36.125,-5.758,-50.292,-20.042,-23.521,6.806,35.482,-38.97,48.73,40.006,31.116,-36.48,34.212,11.004,47.814,3.809,16.077,-42.616,-20.677,-40.8,-45.299,-18.404,-17.83,-43.14,-34.99,2.523,20.647,1.14,-45.365,9.639,-44.13
1,-5.869,40.028,-6.151,17.016,-17.096,-6.63,0.94,-31.729,-12.887,19.015,36.841,32.342,-30.637,-0.002,-39.906,-37.016,-24.103,5.137,48.324,12.825,-18.011,43.678,-30.113,29.03,25.056,1.014,16.061,-1.061,7.341,-49.567,36.04,42.185,14.337,23.415
0,31.313,-27.404,43.717,36.884,42.626,4.626,-32.114,42.084,31.963,24.587,-3.318,1.042,16.822,3.44,14.125,6.109,-29.023,-11.947,-8.478,-19.81,16.334,4.966,30.584,37.797,30.144,-47.557,-8.789,32.127,-49.18,7.282,47.847,28.006,-8.399,36.067
1,25.47,11.021,-9.361,-12.269,-24.402,11.566,-45.193,42.878,-5.111,-45.203,-21.098,-35.059,6.764,-47.532,18.867,-19.874,-8.687,-26.814,-41.226,24.424,19.896,40.699,25.82,-2.043,40.712,31.404,26.217,-31.179,-19.384,20.131,-1.518,-22.612,30.675,32.924
0,-29.476,3.664,-4.517,38.509,-48.322,-3.353,-28.377,47.231,-29.749,-12.175,-38.076,10.595,-41.114,20.537,-11.505,49.164,9.751,-19.084,-23.538,-41.788,30.737,-8.356,-27.069,28.872,37.742,-13.044,2.642,-26.076,11.775,18.887,19.861,13.753,-11.386,-36.479
1,-13.502,16.691,-10.384,-17.062,14.437,-30.516,38.575,-49.771,-15.761,45.596,14.268,-21.435,10.403,29.471,-41.558,19.142,25.458,-47.589,9.39,41.04,-26.481,14.164,40.202,19.581,9.852,25.046,-10.524,-34.997,-38.202,8.184,-20.852,-18.252,-9.891,-23.18
0,4.575,-43.406,-47.208,-3.531,26.976,35.353,-32.184,0.723,42.568,-36.255,-6.008,23.252,42.528,46.202,41.93,-31.49,-49.493,17.464,-17.7,-36.936,26.868,37.058,-28.74,-30.2,-9.252,25.581,14.733,-43.52,-22.763,-35.302,-12.374,23.728,-25.109,26.132
1,40.883,-12.334,-11.724,25.664,42.658,45.325,29.597,42.625,14.12,2.535,-40.893,-25.075,36.625,27.706,45.501,49.779,-44.649,6.134,-6.825,31.813,-37.913,-29.741,9.763,-42.598,-26.766,-49.902,13.904,1.531,-34.948,26.311,-2.039,0.661,-41.453,4.964
0,48.681,-8.664,-46.378,-3.754,-37.945,48.538,33.79,-17.754,18.422,1.224,-15.815,7.564,-18.802,29.192,5.927,48.812,8.757,-48.206,-20.441,39.966,37.784,29.182,-8.759,-32.124,-29.705,19.566,-15.5,1.868,-22.205,34.029,9.84,-36.199,26.44,31.312
1,31.145,23.319,49.092,-14.338,-1.996,-12.185,0.737,-13.269,-21.185,27.255,10.646,13.411,-14.483,-38.874,-27.601,32.48,-32.998,-27.357,43.549,-38.588,-45.233,-27.463,-4.052,41.485,-30.668,-0.422,27.666,37.416,-16.524,9.634,-36.395,16.842,43.11,29.953
0,-25.375,-41.614,-9.973,-31.848,-44.306,-13.087,15.408,45.518,9.49,-48.384,-7.922,-2.098,-47.005,-40.566,29.816,8.177,-25.897,-20.371,-24.226,36.193,23.3,-38.275,-49.558,-1.459,-9.367,38.811,41.131,14.833,-17.555,-16.834,12.148,-0.007,7.265,-40.084
1,2.135,29.662,42.479,13.673,-4.563,-45.039,-3.977,-43.925,-12.965,24.026,-42.218,-0.099,33.923,33.875,41.648,36.535,7.876,-48.441,-33.93,35.275,-11.768,21.674,-44.048,-6.768,-9.524,13.42,35.679,-37.536,-46.732,-33.074,47.202,15.243,5.616,-35.294
0,27.109,-29.901,45.758,2.305,29.791,-13.878,5.823,40.781,-3.31,-44.384,-18.912,-49.76,0.628,-48.396,-8.683,23.855,36.078,29.185,31.214,41.996,-21.718,-35.811,50.154,47.236,-4.184,26.617,34.255,-35.37,5.983,-3.762,48.524,-37.533,-8.388,-13.223
1,-26.442,-35.912,-34.954,-47.931,38.181,13.376,-27.947,-6.684,-3.155,-39.067,39.725,1.723,4.013,-8.089,-25.064,0.42,-29.165,42.757,38.682,30.872,-0.475,-16.178,-31.86,-21.465,34.042,-18.797,17.167,-11.964,-48.237,-47.075,21.495,10.703,-6.459,5.382
0,-15.033,42.204,-46.861,-35.063,-25.195,26.159,-24.736,42.007,-26.326,-9.657,-31.306,48.249,-46.873,-12.366,13.458,-1.01,-48.799,-43.985,12.399,-40.362,-25.822,-2.465,16.327,35.613,24.215,1.765,25.286,48.17,38.29,29.843,43.843,31.229,-12.512,15.565
1,-21.548,32.551,-1.714,37.351,-17.977,-18.963,37.381,-24.921,44.975,36.145,-7.429,18.131,-43.149,31.461,29.024,36.058,0.519,-25.611,-24.961,21.975,17.375,23.178,6.745,12.333,-10.774,-5.287,-11.714,29.04,-6.8,-36.256,40.819,-16.792,24.784,-25.203
0,28.487,22.327,-46.654,23.626,7.933,22.864,43.122,-34.147,33.101,-6.098,34.474,27.95,-26.037,23.758,-18.279,-42.475,35.995,-18.431,45.085,17.336,-22.822,36.12,39.735,32.737,12.831,2.511,-42.855,16.901,-40.199,-11.534,-29.277,35.809,-37.96,14.474
1,44.363,2.792,48.443,9.251,34.082,-13.252,31.872,-49.828,-15.559,3.145,-2.939,-14.852,-27.243,30.431,30.058,-17.548,-45.922,29.907,21.35,12.773,-3.805,-25.861,-41.751,-13.476,-39.983,15.892,-16.434,18.875,17.303,34.089,-22.22,14.11,-4.54,18.915
0,-33.059,-26.503,-5.189,-19.026,-44.128,17.087,-40.11,27.079,41.136,28.234,33.151,-19.073,49.842,-6.633,-28.616,39.858,-32.539,-44.779,22.786,41.768,44.844,-34.383,9.206,1.643,1.46,-3.124,-18.968,-11.49,-39.575,-33.649,-9.314,-49.703,43.359,-18.899
1,6.564,-20.794,-35.674,42.393,-31.511,18.644,-23.295,-26.217,-39.812,-14.56,-14.451,27.266,-40.485,13.959,50.682,-48.843,-41.768,49.011,-13.991,-22.479,-15.348,-42.957,-15.625,42.289,-2.288,46.374,19.606,-36.593,40.856,-28.505,-45.243,49.045,-27.641,-25.258
0,-17.086,23.497,43.839,-26.585,-31.918,24.817,8.128,-17.197,-38.338,30.396,38.741,-23.186,-12.089,13.916,-16.26,-35.09,-33.861,-33.093,17.293,-45.116,-28.656,-32.833,-3.64,-7.648,-29.707,-30.058,-28.243,46.772,-8.634,32.686,-9.299,43.814,-34.319,39.817
1,16.541,-31.022,-12.401,5.783,-29.723,43.534,10.549,2.475,-19.066,12.295,-7.894,-19.538,-14.812,7.68,-2.433,-16.62,-37.655,-12.568,7.497,-34.665,-39.478,-5.255,25.462,-16.677,-33.009,42.392,11.9,17.621,-33.378,-4.755,-29.147,-45.195,9.637,34.666
0,6.666,44.88,8.126,31.186,-28.618,5.907,-20.584,-22.453,10.016,-17.52,38.81,-40.783,4.906,-0.864,-11.831,26.747,12.295,-14.215,-39.723,-40.397,46.02,-48.403,-2.298,16.284,35.018,-46.252,47.097,-36.307,-48.196,6.284,50.711,-31.867,-6.166,35.336
1,43.046,24.871,-37.992,-38.263,-26.293,-18.97,-0.401,-40.342,-13.063,16.062,2.374,10.867,-31.759,-5.894,-4.463,-26.008,-16.478,47.673,-25.978,-24.678,-47.084,17.45,-13.823,-43.635,-1.553,-9.152,-18.782,-6.787,-5.043,-3.17,28.973,30.758,-22.783,-22.724
0,3.721,-17.47,6.506,-46.783,0.01,-36.671,-26.955,17.026,-46.062,-39.358,-15.558,13.372,13.722,48.688,48.148,-18.168,-0.84,-44.649,2.63,-4.586,-26.945,-12.539,-49.115,-24.988,-12.683,40.014,-22.677,-16.425,-11.97,4.277,-32.11,48.863,-4.053,47.648
1,30.862,22.753,-28.376,-4.78,-42.542,5.32,14.994,26.107,-14.886,3.08,-31.997,-4.421,18.494,0.429,-23.293,-21.634,-24.646,-11.451,17.283,-28.093,37.802,-42.424,42.386,-23.535,45.175,-33.852,8.818,-17.463,8.811,1.931,28.638,4.424,-2.176,38.865
0,-15.447,-15.899,11.559,-35.126,28.085,34.363,19.207,-2.722,1.531,-40.097,9.782,8.76,7.717,34.654,38.896,-35.656,-36.717,21.335,-25.145,-49.856,-26.244,-37.532,32.506,-18.077,46.443,-3.757,-35.141,-36.131,26.87,-44.086,-20.672,4.436,17.754,-19.794
1,-2.451,-38.679,-37.078,-38.692,26.563,30.816,-45.823,13.077,-3.122,35.124,-28.018,4.775,10.491,-45.288,-3.089,19.128,10.399,23.036,-34.289,-37.971,32.131,37.754,35.838,5.509,7.003,-47.578,44.431,-6.958,-16.276,-19.457,-41.337,12.365,22.168,-10.041
0,14.854,11.833,-34.18,-24.373,12.093,14.955,7.805,-3.763,-34.065,-31.216,-25.259,-7.784,0.039,-37.755,24.839,-49.115,-46.314,6.293,-14.287,-41.316,-27.904,45.838,34.543,-5.556,10.253,-22.933,0.111,39.972,-14.656,-20.151,6.639,-12.564,10.917,0.963
1,-25.158,25.226,7.985,34.547,-37.508,44.808,37.502,6.213,32.467,22.422,-19.858,33.746,-45.49,10.425,34.281,17.4,48.626,49.749,-44.318,-18.198,-33.023,16.5,43.257,-43.312,31.496,24.994,-3.556,42.902,-24.739,46.77,34.191,-2.938,-38.11,-39.616
0,27.595,18.434,-23.262,13.141,36.317,-49.879,-9.126,42.37,40.378,45.365,-36.629,-30.607,3.252,35.288,25.757,44.392,29.393,-40.772,4.566,-39.632,33.248,-6.465,24.793,46.594,10.981,-22.342,42.277,-28.867,22.868,45.209,-44.674,25.333,-39.617,-35.336
1,-1.099,9.704,-16.111,-22.906,5.724,-11.788,23.972,43.76,-46.737,-37.636,-33.361,-32.69,32.732,-3.296,21.809,-9.86,44.169,8.455,-12.443,3.495,-46.667,-19.536,35.499,11.088,-43.879,-5.479,8.031,-24.773,-47.778,44.229,-19.539,-3.083,29.39,-22.597
0,8.703,-7.862,-44.831,28.608,31.196,15.176,-39.531,-7.592,6.063,26.66,6.759,29.13,-40.842,-25.238,-31.528,17.581,-46.405,18.888,17.361,-3.068,42.245,3.767,-2.493,8.073,47.837,34.856,43.618,45.38,32.256,-32.685,46.86,1.387,-9.302,3.682
1,0.025,1.133,-15.514,40.135,-25.198,-12.046,4.042,33.882,49.531,-5.273,-5.332,40.721,-30.75,17.076,19.787,40.097,-2.862,-40.994,-6.84,30.496,15.092,-31.75,-7.365,-33.956,-43.026,42.548,7.839,40.452,-38.846,-11.798,6.765,-2.712,46.438,14.263
0,29.011,31.416,6.973,22.92,-29.277,35.474,10.185,21.501,15.474,-10.534,29.724,-36.147,-22.822,18.901,-24.961,43.593,-24.037,35.995,40.735,43.122,29.487,33.737,4.511,17.336,35.101,-41.091,28.95,18.368,45.085,24.626,-40.855,10.831,-45.654,41.241
1,21.35,9.339,37.784,-23.06,-12.564,-17.377,13.661,9.255,-37.07,-4.242,-13.82,22.316,3.897,-16.908,-41.463,-4.51,-49.331,37.789,-27.725,23.031,-5.009,31.73,25.111,-41.877,30.552,19.619,16.03,-46.136,43.438,30.711,-40.229,19.626,-26.081,-16.537
0,-20.026,2.792,-8.314,-4.189,28.234,35.206,-49.38,-17.361,-2.91,-42.128,47.531,-18.073,-12.429,-27.503,-40.393,33.111,0.46,14.052,29.117,-43.779,21.786,-40.575,-11.454,40.093,-33.383,26.079,-15.471,-18.968,16.934,45.158,-41.836,17.362,42.136,-2.124
1,-35.682,-32.822,-31.726,-2.555,-14.127,46.461,-27.569,-48.533,-13.801,27.835,34.725,43.836,-15.895,49.697,41.085,-26.939,5.755,-23.358,-25.309,-35.386,-40.617,19.722,-16.259,-19.186,-34.352,-45.188,9.818,14.494,-8.101,49.344,-43.564,-14.728,2.081,-42.259
0,-6.84,32.686,47.285,24.817,43.207,14.916,-7.634,-19.794,49.898,43.845,-31.918,-34.319,37.741,-39.338,8.147,-32.349,-30.707,39.33,-16.26,23.497,-41.284,-3.294,31.396,-21.532,-26.085,-28.215,19.626,43.498,-26.243,-18.197,-34.093,-8.299,48.537,-28.303
1,-33.392,-35.09,-18.65,-15.249,-11.43,16.235,-30.432,-4.24,9.663,6.23,-46.442,13.19,-35.024,-4.235,-12.761,-38.386,43.025,-34.091,16.351,-18.395,6.03,-31.578,-23.35,-30.702,-33.481,39.206,-27.324,-40.871,-29.714,1.54,-33.391,-16.987,-2.648,42.608
0,47.02,-19.584,-5.166,-30.618,-15.754,-7.894,-38.783,-19.066,18.532,-10.831,-16.52,-48.403,27.747,-40.723,33.186,-44.832,-12.401,9.135,18.284,-24.453,25.462,33.393,4.906,35.018,11.9,11.295,9.91,-13.215,7.666,-48.252,7.284,47.097,1.136,43.989
1,18.541,44.88,0.061,-40.78,-26.128,-5.213,-22.285,28.762,16.618,-3.118,-23.678,-4.736,-31.494,-40.234,11.646,-6.44,-37.95,-8.888,-13.056,9.987,-43.243,-16.689,-46.917,-2.849,-47.251,-18.486,50.152,9.608,-32.242,38.81,35.687,-36.81,25.176,7.405
0,39.78,-22.706,-24.988,42.046,-45.191,-11.97,-25.945,-1.916,48.863,-4.053,-25.995,-14.096,-23.677,-25.955,2.01,0.01,48.148,-4.586,-16.942,-46.186,-17.47,30.758,-18.168,-38.354,-15.558,47.855,-4.803,-10.539,-32.11,-19.126,-49.115,-26.432,-12.982,4.277
1,39.865,-40.358,-22.589,13.381,23.726,-44.651,18.483,3.856,3.679,-21.618,-14.945,2.665,-35.698,4.653,-32.58,13.74,48.591,16.354,49.673,13.987,0.137,29.912,8.775,-3.105,-16.579,-29.295,8.459,16.424,28.613,-25.067,-27.15,0.474,-3.923,-4.281
0,-24.293,31.506,9.782,-31.854,-37.141,-27.145,-46.086,-16.899,-19.077,37.896,35.654,41.386,43.889,-12.308,7.818,-37.717,25.87,-42.138,36.802,18.207,-16.447,8.76,4.223,26.393,-3.722,-41.097,-42.542,-21.794,45.443,35.363,0.879,-22.672,26.085,-37.656
1,24.669,16.754,-41.092,11.955,-26.565,-2.25,-37.821,-2.734,39.221,-45.443,6.657,10.615,1.221,-7.019,-9.936,-19.804,7.387,-48.799,22.969,-38.725,-36.497,43.808,12.043,-27.17,-15.964,3.616,-45.328,34.328,6.465,-36.058,32.507,-37.041,11.539,-39.069
0,10.253,22.236,15.541,-46.33,-14.736,-21.912,-34.248,-4.513,4.954,-2.635,-22.505,30.732,-37.248,-6.602,26.782,-13.427,-34.245,-42.567,-33.341,12.02,39.621,45.084,35.924,-47.341,-2.451,6.266,24.732,-15.065,-25.548,19.916,0.111,-1.026,12.365,-2.524
1,11.019,9.917,-35.992,15.88,12.093,-24.229,-2.826,43.793,-37.601,31.691,48.48,33.116,-25.158,-29.029,-37.226,13.119,34.998,25.244,-2.607,-32.276,-32.526,1.764,-17.72,-24.741,43.056,-47.579,43.753,5.048,37.43,16.937,47.11,5.368,-19.664,-40.652
0,-43.852,26.333,-45.867,24.597,46.006,-24.188,-43.41,-30.365,34.281,35.45,49.426,2.505,-9.881,43.74,22.957,-43.639,44.353,6.385,34.299,22.306,7.308,33.442,-48.801,4.866,-40.797,-7.18,-29.927,45.472,-22.49,25.905,31.069,33.926,18.244,11.269
1,9.241,-39.617,-22.467,23.761,-43.053,-47.581,-37.492,9.692,-32.749,12.175,-11.425,27.694,-36.037,-19.177,40.005,2.647,-38.923,-46.779,10.802,29.409,32.557,-4.073,-33.493,41.315,44.253,36.328,5.4,-25.566,-12.081,-35.471,-5.589,44.351,30.489,7.596
0,-6.862,-47.405,-16.983,-47.599,5.019,25.719,-39.758,43.49,42.603,-31.498,-8.528,2.682,14.299,-38.629,43.304,43.373,18.601,0.357,46.709,16.154,35.563,17.903,-23.086,23.144,21.379,-10.433,35.137,-2.148,32.137,5.666,-3.683,-20.338,9.147,-8.41
1,50.162,4.767,28.748,-34.292,48.567,33.622,42.852,15.143,41.0,46.382,7.742,31.414,1.849,-45.833,8.836,29.674,4.233,-16.486,40.413,-42.967,-11.468,-32.193,-0.884,-30.411,-6.564,-24.333,17.201,-5.746,-25.296,-2.02,-37.819,-12.341,-6.09,8.656
0,47.677,36.995,-39.838,33.097,-41.855,-2.951,34.178,21.501,-41.512,34.101,6.048,-3.088,13.952,23.92,40.004,29.921,-31.0,9.185,-5.78,28.724,18.343,20.216,31.216,44.93,19.264,42.479,14.529,2.511,39.735,29.011,-0.912,39.241,40.102,-25.961
1,30.907,-14.675,4.055,27.942,-16.533,-5.476,-34.206,24.74,-49.025,11.703,-22.369,8.823,44.973,31.061,-16.372,-5.235,-45.782,-38.021,-22.914,-40.223,-46.042,15.716,29.315,21.739,-29.375,-25.233,38.003,22.178,-10.69,-42.292,24.51,36.624,18.818,30.116
0,-39.575,-49.38,26.506,-41.336,16.934,-17.361,-42.634,-18.073,-13.04,-17.067,-15.881,12.794,-28.213,-25.978,18.849,-26.503,29.281,18.402,-3.318,47.348,-4.189,9.339,2.792,14.052,35.194,42.955,-9.314,19.35,16.083,-5.326,33.111,-13.429,-11.454,42.136
1,-42.033,46.163,49.838,43.226,28.154,-32.809,-1.2,40.782,11.098,-27.718,-42.227,-16.412,41.024,48.832,-33.128,-32.738,-14.275,-7.684,-19.005,-40.537,-32.498,-36.269,3.532,-20.145,-39.564,0.319,22.651,-49.019,35.006,5.433,45.993,-18.093,-42.911,-45.967
0,43.207,18.626,38.741,30.396,-19.794,27.395,-40.399,-2.729,-38.338,-36.682,14.909,46.86,19.952,-42.415,-28.707,-28.356,-13.991,-29.11,40.33,23.497,-25.243,49.858,-13.507,42.312,-25.356,-3.294,-15.074,31.686,-32.349,13.916,-23.126,48.655,-21.625,-28.31
1,-15.893,-12.089,-33.05,42.52,-30.17,-16.262,-14.84,-31.911,6.124,-30.101,-29.271,-35.09,-4.263,-9.366,-5.976,43.817,10.559,-4.855,-33.199,-18.316,44.614,8.063,17.822,-26.135,-32.807,24.748,40.632,-8.721,-26.802,-33.197,-22.372,-34.369,-45.224,-18.237
0,-39.387,6.284,17.532,-20.066,-17.52,-34.378,-6.166,15.541,8.135,-16.754,17.284,-49.403,46.02,-44.832,-12.401,-46.701,8.91,42.989,-34.392,10.9,-30.723,-3.069,-38.655,-11.831,6.497,1.839,13.386,-18.538,24.462,-8.894,-14.215,-11.931,32.186,34.393
1,11.016,26.747,-39.285,36.036,-22.642,17.445,7.413,-3.339,9.628,-43.721,45.327,6.726,-39.838,0.017,-26.412,35.3,-36.78,-19.644,4.459,-38.457,11.444,-48.23,12.786,-47.458,-0.082,46.097,-18.529,37.778,-29.187,49.744,-39.178,28.555,-31.778,-23.539
0,-40.523,-32.11,-4.949,-3.17,-19.126,-15.558,-13.699,-14.096,-12.982,-11.97,-1.916,-17.114,24.871,-22.706,-18.168,-25.995,-9.061,-6.769,-26.432,30.758,39.78,-24.678,2.01,-5.803,16.062,42.046,48.855,-33.214,0.01,-24.988,-11.539,-38.354,-5.316,-4.586
1,-45.186,7.506,14.372,28.138,-22.677,-2.926,14.244,17.381,0.572,3.541,-45.324,-35.866,-4.394,-16.862,47.709,-4.545,47.211,-16.774,17.127,48.695,-40.623,-0.931,-28.29,-49.245,4.199,-26.082,7.79,-26.048,48.873,-44.719,-33.544,2.679,13.744,29.842
0,36.363,41.386,37.896,-4.279,1.879,-45.086,-14.886,-24.075,-43.138,-12.308,-29.376,4.605,-25.145,35.543,8.782,-43.542,-21.634,18.207,24.87,-23.293,-16.512,4.223,-31.854,6.818,22.753,-3.722,4.852,-16.447,44.889,36.802,38.865,16.283,-22.535,26.393
1,39.541,10.559,-26.408,-21.292,-37.891,-2.065,-6.75,-35.26,3.396,-26.337,6.295,17.547,43.034,-35.625,-16.709,-19.627,30.695,0.405,-39.354,7.379,21.952,44.814,-37.847,-49.563,-36.976,-37.807,-18.692,10.477,-36.13,26.786,-40.534,6.251,-20.279,12.291
0,24.839,-3.451,-37.949,-10.617,35.322,-15.656,38.972,-2.763,-36.065,-41.316,-45.927,-41.597,7.083,-46.957,34.125,19.257,4.193,-45.456,-49.115,-3.742,23.669,-0.961,-1.265,25.023,-16.804,11.799,-33.049,11.638,11.833,-39.162,31.942,29.994,22.236,-4.556
1,-35.755,1.963,-0.007,-22.938,10.513,-20.375,-38.029,34.489,-29.145,45.763,8.628,15.567,13.09,-13.228,-36.104,-26.212,16.143,10.646,34.036,15.225,5.191,-7.606,48.289,-19.496,6.199,44.092,-46.593,-15.531,-23.208,-3.73,-25.678,7.194,-31.869,-37.825
1,46.209,36.641,-24.633,33.369,-43.717,2.465,49.381,-44.112,9.762,-45.329,-43.778,6.209,42.757,25.483,23.501,-33.562,44.261,22.724,45.932,-49.325,-29.981,30.774,31.189,21.829,-3.15,33.985,43.169,-20.783,-39.805,42.246,7.209,33.748,-40.65,-22.137
1,-23.262,44.365,-22.208,-39.24,36.829,-34.55,12.264,5.46,43.42,24.629,40.577,28.19,-40.484,39.597,1.791,29.623,-8.062,-4.665,25.563,-20.032,34.373,-34.975,-11.531,28.669,-29.815,45.317,-9.296,11.069,35.983,26.824,18.81,5.487,-36.668,-46.01
1,43.618,7.627,23.738,9.039,-16.456,43.519,16.965,0.312,-46.896,-38.521,26.284,-38.182,-24.883,43.445,-22.526,-6.361,19.256,-2.007,-46.775,-33.289,36.084,9.805,8.742,-12.667,-3.068,21.441,-46.8,10.219,14.69,32.124,-9.978,-39.851,-19.778,-43.897
1,41.257,34.856,-1.324,-7.886,-29.821,-24.205,34.414,-38.439,49.954,8.78,-7.778,43.684,28.768,1.139,-45.123,48.077,-31.179,2.743,6.37,-8.25,-0.819,-25.887,32.717,-31.935,47.567,4.905,18.505,16.574,-11.98,29.695,5.326,31.331,46.982,7.249
1,41.241,42.148,8.654,14.141,-5.961,-16.303,30.696,5.999,-42.226,-40.194,-0.2,9.265,4.136,28.775,-40.789,46.735,40.412,19.446,40.621,15.29,-2.352,31.491,40.741,-7.196,-5.128,-12.166,-5.192,-30.912,23.051,-34.143,19.902,24.012,-2.444,44.686
1,33.737,23.626,-10.851,39.789,12.679,44.087,35.317,-30.274,18.744,34.2,42.88,-24.996,9.752,24.764,-41.356,37.127,15.28,36.87,22.643,-23.857,23.091,-41.846,-25.215,-5.088,-39.403,3.468,29.719,18.347,-46.031,-17.164,-34.48,28.499,28.594,36.822
1,34.111,-17.431,30.407,14.052,3.179,30.388,20.841,-13.44,-25.509,-49.956,3.531,-5.577,-22.734,-4.522,-40.331,47.557,19.213,-46.726,34.628,16.51,29.539,-42.66,-13.107,-28.326,-14.201,15.854,9.757,43.432,-37.573,12.812,-17.225,-3.762,31.497,19.023
1,-39.393,-2.124,41.567,26.173,1.241,-27.409,-43.063,-17.08,22.479,-7.22,-19.367,42.637,34.73,45.766,-17.581,43.794,-3.855,-42.45,-19.603,-32.186,10.302,-7.633,-17.948,40.815,-11.542,-39.943,16.815,-15.864,27.052,-25.943,-49.635,-32.866,-32.922,-33.634
1,49.537,42.207,28.266,-16.23,49.95,-42.782,-14.151,-32.018,41.133,-15.544,-40.534,50.501,-13.938,6.283,49.395,3.384,-25.949,14.73,-42.399,-48.103,-20.697,-14.169,-2.727,-39.698,18.475,-24.6,-46.073,-23.434,-28.532,19.562,-37.085,-35.602,-28.723,46.608
1,31.396,-18.086,-37.444,-29.924,-8.429,-8.319,17.768,-32.659,-21.898,47.885,-6.3,14.626,-11.692,-28.945,-31.676,-2.499,39.908,-22.39,-16.352,-27.54,38.539,-17.528,-34.164,33.312,23.091,-33.814,-34.039,8.555,43.311,25.089,-26.613,42.69,-46.534,43.905
1,9.135,-16.754,-30.075,9.905,18.442,12.717,-44.981,-33.893,6.065,-11.293,2.431,-18.8,-12.914,9.746,6.801,-2.163,-34.91,-37.72,-34.016,-15.962,-15.819,-3.907,-5.449,-29.898,-28.093,-29.382,-9.48,-19.402,23.782,-33.852,-41.14,15.966,42.177,42.744
1,-22.453,-39.783,1.054,-11.649,46.958,-17.165,-31.638,12.753,-39.792,36.716,17.787,9.876,32.547,-5.348,11.056,-36.471,-48.192,-46.4,6.502,7.685,34.033,47.782,-14.646,-18.93,-30.15,27.286,37.207,-2.888,5.639,-49.13,-40.38,10.152,3.265,49.765
1,-22.073,17.541,-37.588,-26.718,31.397,42.427,-4.832,-25.47,-16.964,-22.483,-3.033,35.932,28.532,-24.233,24.871,48.341,44.606,-43.397,10.397,16.43,-40.889,-4.76,-2.322,-18.985,-1.059,-32.246,-26.772,-19.251,-13.974,-9.258,-14.296,-7.016,-38.566,-47.72
1,5.277,16.381,-23.087,-5.196,-31.256,-0.287,-24.177,-5.73,-16.904,2.883,-44.321,48.389,-15.055,48.81,-3.414,-40.159,49.582,-17.741,48.191,-48.976,14.024,-25.667,-11.281,-46.113,2.529,-44.925,3.12,-11.262,-12.52,-25.669,40.215,0.304,-16.533,-36.371
1,26.393,-33.567,30.862,-3.062,37.502,-29.498,1.219,14.091,-4.212,22.764,2.441,27.561,-16.821,45.015,-24.489,7.546,-23.004,38.831,-41.443,-27.96,5.332,41.458,-21.314,7.877,16.816,-10.934,8.302,-4.099,13.874,17.819,3.664,4.041,-15.324,-24.141
1,4.436,-36.126,-19.946,-43.474,17.559,8.759,8.53,45.41,-26.577,18.14,7.313,27.009,-36.459,-19.135,-21.03,-32.919,-15.507,22.38,-3.01,37.91,-35.581,-15.527,-25.61,35.278,36.125,31.278,-36.169,-37.809,-2.231,-45.171,26.312,0.435,-40.674,-48.954
1,-37.532,-41.597,27.023,19.458,35.213,6.306,-44.96,29.987,36.202,-39.201,39.541,11.814,11.955,4.178,-15.845,10.543,-44.471,31.952,12.323,43.651,-2.5,-10.64,13.071,-2.767,-36.161,6.103,-1.327,-38.709,-33.049,-7.122,23.163,23.635,-26.357,-19.891
1,24.839,-23.373,15.333,-47.438,12.261,-32.34,9.954,-3.155,-3.824,-28.832,-34.917,-15.503,-20.657,-6.625,33.997,10.975,-15.233,-35.004,-47.615,-1.234,-36.209,39.157,7.227,-37.866,-12.858,-23.737,-25.725,-1.014,10.072,-42.579,-46.856,13.996,45.292,1.448
1,16.958,42.36,22.692,-38.27,34.38,-46.223,48.639,10.38,-24.308,33.34,5.935,24.524,-2.635,42.397,-19.939,-39.532,32.226,-26.02,17.552,6.234,6.272,-44.123,35.215,31.316,-32.861,46.466,49.92,44.828,-37.784,25.302,37.304,-18.522,-44.161,-3.459
1,-28.867,-10.126,26.834,-39.653,30.005,36.302,-36.04,45.225,44.981,35.342,-43.007,7.054,34.965,25.71,-29.942,39.387,-6.892,18.459,23.515,-22.416,11.55,-35.194,24.369,-48.915,5.031,12.191,-40.206,45.602,43.847,34.012,44.911,2.358,-23.655,27.514
1,24.115,41.277,-43.09,29.858,8.294,4.745,32.71,-23.207,-19.612,9.784,-11.369,-25.456,-32.642,43.911,-39.03,21.281,36.038,-47.492,-18.684,8.141,44.162,-33.935,-46.413,-47.311,-22.518,-17.102,-12.247,-38.107,-5.963,2.567,-10.103,-4.152,10.503,43.321
1,33.196,-45.831,-23.557,-47.301,-0.723,-7.827,30.26,4.848,-31.075,0.382,44.035,5.181,14.774,31.306,47.004,-2.002,3.465,-8.477,47.575,16.252,26.146,5.769,19.191,47.941,18.555,-8.721,43.256,-38.555,-29.763,34.878,9.686,-3.799,-39.328,28.083
1,17.503,46.677,-0.368,-2.978,40.397,1.174,7.561,-12.138,20.04,42.186,4.101,-12.367,-30.42,49.141,8.571,8.781,14.592,33.81,40.672,-42.9,30.453,-16.314,-5.014,15.093,40.786,-7.31,-2.442,-34.393,-1.482,-32.183,-38.018,39.977,-25.427,-6.674
1,-39.091,11.831,29.219,39.832,37.291,3.569,28.836,14.474,28.523,-23.846,24.208,19.392,22.836,40.289,44.609,23.925,29.482,5.866,18.768,-41.85,42.471,31.474,44.782,-46.396,34.785,32.587,-41.147,9.224,34.495,-34.972,-25.699,-5.78,18.275,-30.296
1,-45.922,31.049,-24.049,-40.177,25.689,20.691,30.746,43.715,37.557,-17.089,-41.898,-14.156,-12.954,37.722,16.294,-16.617,3.492,-10.829,-5.168,-37.271,18.924,9.67,-23.128,30.997,21.699,23.025,-17.596,-25.373,12.611,-4.54,8.992,-41.721,-50.251,-4.195
1,-39.575,18.857,-17.094,-33.224,-12.528,40.445,29.937,-48.895,-43.061,34.855,-7.726,48.269,-3.785,-19.195,16.613,46.006,0.507,-10.599,25.957,22.584,2.53,-16.553,-18.347,-40.119,41.625,-27.63,32.535,-1.664,-17.09,14.36,16.277,-42.945,-27.144,-3.88
1,-23.126,-28.295,-26.619,-14.918,-24.436,19.422,34.92,49.574,-32.116,-1.928,-14.139,-19.016,46.264,-42.2,-42.678,6.456,-16.61,27.987,42.772,-48.284,-15.548,10.688,-46.495,-35.792,-34.706,40.927,48.176,13.931,-8.282,27.1,-33.368,2.414,-40.968,-40.744
1,-17.197,-22.532,-28.763,-28.103,19.588,39.149,-27.41,40.895,-8.732,49.245,-20.376,-25.411,-32.943,43.393,30.448,24.433,-16.508,-37.499,-32.346,8.903,49.396,47.91,13.261,-31.844,-26.774,-34.01,-42.055,42.363,-9.389,-16.118,31.934,-3.474,-37.352,43.501
1,-2.069,43.814,10.67,-19.257,-32.772,-29.53,-16.311,-33.129,-15.28,2.644,-33.901,6.232,-34.578,13.279,-12.487,-3.979,39.228,-4.49,-28.391,15.944,16.167,-11.743,24.004,-46.088,-23.939,42.214,-30.779,6.032,-7.304,-35.704,-18.35,-39.363,-34.482,-31.734
1,18.532,24.462,47.918,12.647,-16.081,17.906,-39.284,7.228,-20.102,-16.715,10.671,-13.462,-46.083,9.398,-13.975,46.381,-0.532,-23.348,26.274,6.604,-9.705,34.333,-40.719,-12.307,35.889,31.649,-30.652,-6.685,-47.009,7.7,43.354,-40.084,-48.975,4.039
1,-4.316,16.062,-31.923,35.437,-40.164,-22.9,44.918,10.359,-24.558,-18.798,-29.556,9.339,-48.243,-47.32,-26.993,6.986,49.647,-19.543,-37.361,-0.66,-4.99,-38.449,-13.728,-17.126,-9.079,-43.832,-6.778,-3.185,10.955,37.798,28.61,-3.307,-32.364,17.535
1,-17.168,-25.995,-4.002,24.515,-37.354,42.4,-16.716,-12.987,-4.978,-13.902,-3.551,-22.982,-18.467,-1.852,-10.841,-46.039,-14.835,47.428,-11.208,0.056,-31.441,39.985,-25.107,-17.351,-25.784,30.711,-44.623,1.904,-39.995,-25.121,-25.789,48.025,-23.229,48.76
1,-27.129,-36.671,-0.004,7.638,-43.927,-3.116,16.941,16.464,-33.328,27.768,5.044,22.956,49.182,-23.409,13.819,7.946,-21.341,2.659,-39.876,-17.354,0.732,-29.23,-3.984,4.424,17.758,3.998,13.958,47.791,-15.621,-48.954,30.05,-4.787,2.887,14.126
1,-31.854,18.207,45.83,25.989,8.617,1.889,-41.287,-26.129,-35.886,-19.08,38.741,-36.032,-20.84,38.896,-23.466,25.428,9.531,-15.88,-10.507,35.678,42.194,-37.668,46.246,35.416,-44.312,-15.425,-40.306,-43.479,4.082,31.599,37.58,-3.651,8.591,-25.0
1,35.245,6.083,4.307,0.574,-37.732,-16.621,-44.937,-41.304,-26.384,-7.147,27.971,-38.699,44.644,-37.398,-26.35,22.535,-47.969,6.264,39.385,16.744,-19.815,11.072,7.506,-2.516,-9.75,-37.234,24.529,10.53,-1.969,31.901,11.752,12.343,-35.244,-19.762
1,0.039,-48.115,-34.431,-47.305,-3.566,-21.053,-0.131,14.983,-22.63,-39.254,26.982,30.019,36.302,9.248,23.197,-45.354,-14.372,-3.413,7.515,19.404,-41.504,-2.844,5.193,-2.742,24.557,-15.668,-33.226,11.825,39.696,11.822,-37.045,-34.955,45.566,-13.537
1,-23.962,-32.216,16.431,-26.064,9.979,46.052,37.264,25.236,17.372,31.585,45.216,-18.703,48.472,-6.509,14.671,1.925,11.65,5.763,-23.518,34.621,-39.554,-36.727,-25.646,-3.536,-37.747,-3.85,43.297,-38.369,-32.972,33.795,-46.995,5.148,-28.558,42.357
1,-29.607,35.317,26.932,33.491,34.947,33.476,10.87,4.427,46.019,7.083,46.099,-7.437,49.906,44.347,-9.318,-22.479,-20.15,-30.112,25.257,33.905,-45.55,22.864,31.496,-44.79,-40.211,5.684,-23.647,-44.037,-48.352,2.232,-43.136,21.744,44.045,18.214
1,-24.553,9.704,37.135,-4.08,8.492,-35.421,-38.812,-36.629,45.101,-34.161,40.098,-38.243,5.536,2.519,28.369,43.566,12.923,-12.91,30.484,-43.907,-46.012,25.6,-38.724,10.165,-46.678,-19.415,-22.301,-12.275,30.056,41.054,24.519,7.863,11.64,31.831
1,6.063,-10.595,-16.169,-31.766,-32.455,23.188,1.235,2.723,-5.505,-47.468,26.431,18.524,33.02,16.255,21.98,34.851,44.125,35.285,-19.558,5.792,44.379,-38.59,-1.126,42.338,-7.451,-40.029,15.013,17.786,9.932,-23.188,44.158,-3.836,-46.614,-8.598
1,43.148,15.126,-0.746,-6.875,28.667,7.202,-11.366,46.474,9.399,-30.639,49.83,-12.524,41.136,-2.26,48.597,4.808,17.133,-34.404,-7.226,39.607,-4.937,31.003,-25.265,-46.118,-37.936,-7.381,47.455,-24.359,30.209,33.482,1.509,8.107,4.007,-32.193
1,4.511,-2.951,-25.493,9.298,14.541,40.247,30.475,-0.906,-15.842,14.334,34.631,-40.078,-5.141,34.312,47.355,40.069,6.518,19.4,-40.982,42.075,40.214,-31.195,-2.507,28.589,40.419,22.299,33.277,-42.991,19.966,44.564,-41.318,28.893,24.483,31.371
1,37.995,-17.279,23.209,-24.763,-41.442,-34.718,-39.583,-16.794,-22.803,-37.055,-30.178,29.448,-5.299,31.941,8.575,19.111,36.158,-46.032,29.496,44.54,17.082,23.817,-6.291,3.093,21.08,-11.797,29.231,24.303,11.284,27.342,-24.127,-15.342,36.927,-47.678
1,-41.634,-17.578,-12.574,16.155,19.648,-10.897,-3.589,33.827,13.035,-15.544,-40.529,-48.413,2.559,19.808,-41.395,48.341,19.617,17.558,-4.82,34.568,-27.425,29.177,-26.914,-28.412,25.247,42.894,-14.08,15.666,13.639,8.482,-8.45,-50.856,-4.469,-18.309
1,49.95,-34.059,-1.242,-33.076,42.868,-32.071,-45.504,-48.315,5.621,46.158,40.001,-18.978,40.144,-17.353,45.465,0.786,-41.208,-42.621,20.786,2.635,26.445,-28.026,-20.795,-44.234,48.27,42.533,9.89,-18.787,-7.663,33.282,-40.242,-43.949,-36.146,-33.639
1,-24.356,-2.709,-31.514,39.031,-23.434,30.873,19.119,-27.531,-15.854,-25.376,-16.409,-35.832,13.561,48.062,32.159,-42.026,39.626,14.221,-42.042,23.536,-23.244,-3.447,-15.574,-28.695,-15.507,-21.324,42.329,-28.903,19.036,41.592,-14.256,48.053,27.672,49.545
1,6.328,-15.63,-22.257,-29.727,-15.499,-37.715,40.31,-32.25,-33.361,-45.094,8.008,44.776,-26.557,17.815,-30.414,-26.973,-34.883,-34.722,-7.758,24.873,-12.987,-34.123,43.105,-18.738,9.223,-30.894,-9.522,-31.883,-31.84,-5.99,42.843,-9.415,-33.725,-18.689
1,18.284,-14.215,-44.998,2.153,-33.737,12.963,6.634,-8.188,15.714,-29.934,-4.99,-16.094,10.482,-46.587,8.226,-2.592,-14.149,-16.559,16.81,-6.215,-18.141,-38.937,33.901,31.651,-19.804,-41.047,-34.393,7.438,43.216,-20.71,47.451,-12.444,7.143,24.161
1,-18.061,6.907,-10.846,46.07,-38.742,35.295,11.016,35.941,11.945,-29.604,-25.976,0.11,27.732,-39.858,-42.823,49.639,38.784,-19.679,-48.431,-47.57,-39.404,-0.726,-2.345,3.817,7.64,28.526,-37.48,12.166,10.061,-48.345,-31.396,-37.465,-22.486,44.692
1,-3.949,-32.11,-5.829,-40.539,-24.046,16.072,0.96,-13.714,-25.473,24.86,-8.115,-38.391,18.513,-12.999,-4.345,-22.745,31.712,-32.254,-0.964,47.808,-17.226,-19.148,-14.63,-11.583,-13.175,1.965,-4.876,-26.053,42.95,-3.245,-23.758,-23.145,-16.194,-4.661
1,8.811,-46.186,-35.7,-33.71,14.285,0.401,-39.392,-17.113,-24.969,-2.994,-44.273,47.65,18.43,39.695,3.543,-11.972,0.027,-49.202,49.118,48.475,3.721,-23.574,5.197,16.328,-25.021,7.575,-43.708,13.902,-16.5,13.521,-3.199,48.776,-3.957,-28.348
1,-31.854,41.386,9.308,-11.342,38.845,3.937,26.395,7.649,-15.581,-42.155,-21.126,-26.28,16.927,18.495,39.696,44.533,3.765,-29.359,-44.526,-23.501,37.395,2.184,23.617,-4.228,28.045,30.015,26.066,-24.295,-42.881,-17.546,36.193,4.453,36.417,-25.177
1,-37.679,-21.672,0.864,16.504,-37.273,-6.841,45.832,-27.078,-15.482,-48.717,-36.642,7.649,-14.898,43.655,-19.271,27.419,-2.201,-3.694,-38.282,3.241,-40.624,-36.712,7.245,-20.822,10.948,11.076,-35.726,22.192,-18.883,-37.27,31.876,6.163,-27.196,-36.626
1,-38.162,11.412,-0.449,24.839,12.799,34.783,-37.237,-33.24,-45.471,24.134,-47.784,20.377,38.753,5.193,-47.504,-2.451,-15.987,-9.63,29.381,-41.316,34.796,32.659,-5.441,12.603,21.236,6.435,-3.742,-2.169,-42.597,-35.233,25.023,-17.226,-46.375,38.316
1,12.093,1.963,16.714,6.135,12.668,45.381,34.093,15.575,-18.368,-22.665,-32.082,6.241,-2.862,35.443,-21.527,48.847,-1.417,-3.115,-47.998,-28.224,13.253,-15.037,9.126,44.681,-39.391,-26.55,-7.488,6.477,-14.197,-26.35,-24.274,8.649,-35.376,-37.385
1,23.057,-48.879,32.0,45.638,-40.051,-20.08,17.373,34.125,25.39,7.886,-33.638,50.101,23.979,-24.177,-46.847,10.54,-23.127,-29.601,-40.922,-43.83,33.427,36.328,-38.7,5.526,31.257,1.575,-44.902,22.241,42.978,45.776,-3.058,41.968,-43.191,33.372
1,5.566,41.277,-18.217,2.987,37.041,26.413,28.05,-29.721,29.547,-6.507,-24.479,-9.163,45.029,19.268,25.546,-22.462,33.317,12.401,38.442,-39.682,43.522,34.908,-34.735,10.307,-36.997,-12.891,-35.381,28.952,-39.358,42.513,5.335,-4.742,45.113,23.352
1,-16.047,-12.698,22.225,10.569,-24.834,-19.708,14.469,26.6,0.276,32.844,-38.423,24.039,-2.765,8.415,8.782,-46.381,7.298,-38.435,34.494,-43.773,-6.942,42.852,-4.187,-48.309,8.939,-40.723,-47.207,-34.14,44.242,-11.298,17.059,-47.907,-22.394,43.241
1,-7.592,-25.929,48.86,-32.017,-29.528,-1.549,-1.068,31.27,2.133,40.133,-23.238,34.841,6.759,-31.702,29.13,18.517,9.703,32.125,5.767,49.221,-44.831,-8.403,18.888,-38.635,30.608,42.388,47.38,-7.93,47.837,43.328,34.691,16.361,3.682,4.988
1,-39.091,-42.877,14.907,15.125,40.868,5.84,-40.563,44.589,-30.172,-34.912,20.459,7.135,-11.094,22.358,43.141,39.7,-0.017,19.213,8.878,4.014,-5.742,-3.178,-4.905,46.592,-6.419,-2.967,40.944,9.168,-11.465,-16.339,30.727,40.221,-4.941,28.704
1,35.101,28.487,29.805,18.631,44.725,12.354,-41.442,18.582,-35.005,40.571,-11.702,35.262,24.329,37.718,21.292,-25.546,8.178,3.678,-5.798,-40.298,32.16,36.885,27.544,-30.66,-25.212,-47.179,23.641,-24.309,31.606,21.947,42.432,36.577,14.82,23.84
1,-48.789,-43.631,-38.083,-16.927,-35.903,-16.159,-2.021,21.518,16.701,25.471,8.318,21.547,14.281,9.847,-47.619,3.076,-32.652,22.272,16.499,-1.954,-32.929,-13.962,-42.561,-49.169,11.362,1.91,39.77,-32.052,50.328,-44.004,29.182,36.456,-16.803,-6.447
1,-6.28,-23.231,25.884,13.878,45.539,-20.639,-14.738,-16.992,22.984,-35.686,-28.032,29.898,28.22,-16.632,-5.7,-39.768,-8.805,45.389,-18.348,31.688,-29.337,-0.325,14.993,-9.302,-8.787,-26.288,-37.18,15.157,-18.643,49.309,9.469,-2.812,23.178,-41.179
1,-34.705,-17.901,44.875,-34.735,34.588,32.67,3.163,-2.39,22.052,19.267,20.728,-27.307,3.883,-43.587,-37.541,-1.669,-11.473,-30.299,-42.281,10.806,46.192,13.367,12.822,41.842,9.848,23.227,25.561,-33.835,27.006,-34.258,22.805,13.174,12.025,36.03
1,22.863,19.302,11.515,-44.475,-21.094,-39.308,4.573,-12.432,-10.165,-26.046,-0.485,-28.995,5.629,-45.891,-11.508,23.443,-37.585,-39.749,37.018,28.659,-40.783,16.932,48.687,11.469,-26.939,-48.285,-28.874,19.956,-47.343,-12.41,31.304,20.959,17.016,0.824
1,42.06,-17.242,8.116,-4.736,-25.03,7.608,15.729,-20.678,-13.889,9.854,7.814,-16.071,21.261,-39.71,50.212,16.915,-11.876,49.445,3.47,10.315,25.564,17.752,22.202,3.275,18.82,-33.012,49.598,15.189,-39.026,-4.819,14.124,-25.054,-35.859,-27.603
1,44.527,-31.337,-3.628,-15.837,4.955,-33.122,16.696,-38.917,-10.351,-42.761,32.42,13.822,43.324,15.85,-40.324,6.576,-6.452,-18.076,-18.274,29.371,-30.683,-20.482,-10.819,-27.474,1.941,-26.726,25.392,25.314,1.174,-34.805,-0.539,26.709,-12.396,35.905
1,-19.471,5.238,-34.494,-30.969,45.535,8.391,11.232,-24.435,37.199,44.139,39.131,-39.423,-32.409,-20.786,34.069,-34.211,40.205,-1.207,18.871,49.138,-44.386,40.949,-27.693,-11.674,-32.561,16.18,29.336,-45.003,11.392,-28.859,-19.941,1.903,13.12,40.534
1,4.228,-36.787,44.87,-39.458,19.063,-22.155,14.062,-43.931,43.733,-8.343,14.694,-39.92,-0.994,34.241,-38.811,38.121,25.891,11.714,6.554,-5.61,46.937,40.988,-36.096,-20.682,29.709,-5.625,-45.237,10.835,19.923,-24.875,-9.594,45.992,0.02,-35.623
1,8.968,24.136,-28.618,48.638,42.758,-39.809,-43.241,28.716,-5.623,7.212,-4.689,39.991,-30.326,41.516,31.196,42.22,22.699,12.894,-19.195,-29.005,37.529,19.498,48.476,-31.788,43.237,-45.88,-21.557,6.448,8.394,8.243,-24.15,-25.719,-1.981,37.223
1,15.418,-22.672,-35.08,22.456,-8.064,-5.494,22.515,0.349,25.487,-46.216,18.285,24.444,27.109,12.666,-15.846,-29.36,47.77,-41.291,-34.348,-39.365,-5.558,-20.746,49.199,-10.465,44.869,-0.389,-4.47,-11.304,28.605,30.835,-4.727,-5.231,29.572,37.897
1,-13.288,-8.494,4.273,-12.443,-7.043,28.138,7.054,-47.671,-31.448,-7.254,-48.073,10.293,-47.543,21.886,15.758,-4.531,33.65,26.869,-42.418,-20.437,9.302,4.886,-35.953,36.952,25.828,21.939,34.914,33.72,15.835,5.852,-20.595,-18.322,-4.613,-23.474
1,22.106,31.494,-22.365,-3.331,17.648,32.478,-9.992,-12.867,-18.445,13.87,42.834,9.627,36.806,15.931,-21.037,12.184,-36.454,40.602,-3.051,-31.054,-34.623,-0.745,21.343,-22.691,-5.327,-16.974,-34.68,-0.871,-16.707,-1.438,-5.164,7.47,-15.936,15.939
1,26.561,42.534,-30.145,30.961,16.734,-32.633,29.637,44.965,9.392,50.885,-26.809,-7.792,-26.549,-41.844,-38.973,33.941,16.61,18.052,48.974,-7.893,2.622,32.415,-11.182,27.687,11.662,11.555,-22.949,2.015,37.786,-13.102,37.171,30.57,10.953,-40.662
1,-31.814,48.851,46.805,-17.236,24.729,39.747,33.289,-9.448,-13.18,-23.893,-5.896,6.846,-28.367,-22.204,20.958,17.661,4.654,-29.303,25.154,41.463,36.13,29.131,32.046,38.84,48.152,44.851,48.01,-13.991,-48.375,31.92,-38.175,13.628,20.325,6.622
1,22.621,32.331,-27.497,34.619,-6.31,2.172,23.11,31.319,45.525,-18.959,-3.359,3.191,-25.957,3.023,-19.765,31.055,-20.978,-0.633,-42.998,-17.543,-41.499,3.838,-48.207,1.624,48.037,-37.947,-44.249,-15.295,17.42,34.298,-6.526,-48.05,45.201,30.096
1,-5.475,-34.71,28.459,19.328,-34.605,-12.186,-0.593,26.502,-38.43,-17.754,-34.536,-24.169,10.224,9.752,1.243,13.08,14.285,-49.508,6.626,-7.577,-18.263,-45.159,28.366,-20.708,29.158,-40.178,40.517,-0.068,30.189,39.546,-0.523,1.652,29.295,-24.291
1,-29.993,-2.037,-41.328,-43.352,17.224,3.106,-45.114,-6.887,3.768,38.784,-6.119,-46.568,-14.399,-39.81,-29.531,16.658,-38.201,26.263,18.401,9.711,18.682,30.899,-14.994,-5.758,14.58,-9.393,49.617,-40.761,12.27,27.536,50.684,-14.212,33.264,-45.821
1,-40.989,8.37,14.726,9.131,-31.073,-9.214,15.483,-40.559,3.78,35.336,18.311,-10.635,-27.838,24.923,-28.511,-17.592,39.751,-18.175,-26.363,28.498,-1.748,27.786,32.348,22.257,-44.372,-1.391,32.213,-6.178,32.298,38.907,40.776,-19.314,-8.496,-39.193
1,37.823,-46.848,18.29,-11.255,-31.842,29.46,-42.631,16.069,-15.817,40.337,-48.832,49.944,29.524,-43.392,-31.283,23.192,-2.577,20.704,23.174,-1.813,-46.986,48.736,-47.541,-31.282,-1.385,23.242,21.696,2.747,-30.846,6.221,9.607,16.705,-16.688,19.364
1,45.878,24.563,23.41,29.063,12.474,-27.564,24.032,-17.877,3.66,-21.371,46.536,14.906,-37.98,-1.69,1.437,-7.874,-1.766,24.996,33.151,-6.297,16.823,9.157,-22.25,-41.437,-12.491,28.609,-16.607,-36.571,-18.413,29.013,-6.295,-28.806,-14.046,39.627
1,14.149,-36.63,-26.421,45.242,24.606,-17.202,34.588,8.635,-16.901,-43.588,-42.177,15.187,-37.43,21.195,-33.494,-4.707,14.292,-37.678,14.485,-8.967,20.253,26.1,12.78,-39.946,-24.431,-8.315,44.875,49.803,10.219,-34.11,-1.289,32.973,-0.631,-12.005
1,-38.324,-47.956,-0.206,4.114,42.26,22.948,-29.536,3.823,-11.006,29.549,-22.279,-11.445,-13.06,-47.78,19.086,36.566,9.935,20.865,18.609,10.489,1.765,24.175,35.782,15.781,11.198,-38.93,23.649,-36.311,-44.038,16.427,-33.237,19.513,-25.5,-45.91
1,8.266,-4.754,-26.702,-39.524,-39.261,-25.195,-4.602,31.673,9.569,-11.784,-37.257,3.323,47.911,-40.987,3.868,24.776,20.403,7.279,-16.887,-17.896,16.542,9.425,11.452,-26.097,48.442,12.45,50.158,-30.064,1.629,-29.241,22.742,-12.223,-32.415,-39.205
1,16.872,-20.443,-20.372,36.082,-38.742,15.101,-41.183,16.441,-4.879,7.858,-27.875,1.207,-28.06,15.348,40.084,42.32,3.723,-16.024,17.678,-15.306,20.205,-32.583,26.868,31.131,14.133,17.496,-7.051,-13.5,49.614,-26.621,-19.053,-42.54,3.331,-1.266
1,-44.019,5.238,-28.203,-24.013,43.974,33.898,-20.761,-44.44,8.015,-30.516,27.764,2.386,15.315,-20.4,-34.282,48.837,10.041,-33.836,-28.627,28.545,-34.509,-31.7,-10.784,-18.565,7.35,24.207,11.084,36.507,-33.792,39.859,-11.613,26.137,-0.005,-32.606
1,25.891,-24.9,44.164,-43.881,3.269,46.233,-5.684,-21.649,40.758,40.327,-21.194,-39.725,-1.661,-0.825,11.581,17.757,-39.516,-37.493,13.348,-11.832,46.416,-5.791,-35.103,-10.754,41.126,18.175,44.151,38.529,5.619,19.24,-20.938,12.421,-40.257,44.324
1,49.88,-25.783,29.788,-43.695,49.173,40.204,20.306,-29.012,-5.312,-29.012,43.197,-1.952,39.065,-21.99,-44.947,10.825,-38.536,34.287,-30.701,-36.734,-3.924,36.797,-1.375,28.688,31.744,6.468,-29.935,-8.327,14.651,42.966,13.83,42.213,-34.672,-46.094
1,-9.773,-24.569,37.804,28.207,22.942,8.063,15.293,44.885,-4.166,29.088,-39.093,24.018,-21.826,-9.838,-46.243,-0.555,42.112,18.593,43.535,-19.647,9.141,-5.086,22.931,-5.249,8.713,7.097,-35.18,-15.186,0.951,23.506,50.225,-8.826,12.774,25.413
1,-34.719,-8.494,-4.482,16.447,-13.594,-31.43,-46.189,-23.597,10.006,-48.619,-33.036,9.715,-47.063,5.445,-17.555,-12.895,-4.201,6.009,-19.742,34.629,-40.892,31.118,7.157,21.175,-5.711,48.535,-7.324,27.536,22.452,-39.331,38.201,-29.862,15.6,-8.271
1,41.858,-18.311,38.363,-13.815,16.339,-41.68,-5.192,22.681,8.172,-3.719,-4.398,-2.212,35.342,-5.683,38.509,27.452,-34.527,-1.226,-16.802,-20.032,-19.324,34.355,-9.54,43.369,12.803,-21.21,27.631,31.508,16.041,12.901,4.04,-23.256,26.397,31.745
1,-25.494,-38.044,-40.793,36.771,-13.128,10.992,-6.572,-33.706,30.718,34.027,-21.102,-11.578,-23.402,20.617,0.499,-7.582,0.516,-16.372,10.453,10.888,37.261,-16.57,50.44,-30.454,44.644,-31.075,34.037,17.166,9.67,-35.446,-41.661,16.613,21.505,43.015
1,32.345,39.265,5.823,45.888,-27.054,-5.588,49.694,29.651,34.133,-12.906,18.676,29.638,12.826,-22.137,-24.884,20.145,-31.694,27.87,36.612,17.065,31.444,42.323,-16.976,50.016,-31.86,25.519,19.23,6.362,-48.345,31.598,3.543,21.427,2.989,45.202
1,2.569,39.413,35.24,-42.403,-6.306,-15.345,-23.69,32.312,-48.176,3.829,-27.413,-43.907,0.281,47.225,4.119,-38.43,25.246,31.053,-21.03,47.341,-37.069,25.329,-27.887,3.115,7.234,34.632,-19.787,16.561,-25.964,-9.73,-18.037,47.039,14.179,-14.067
1,1.299,30.108,-23.344,-48.105,-39.406,-1.481,3.151,5.641,-33.755,39.646,22.563,26.537,-44.22,19.294,32.27,-35.352,23.122,-39.339,10.697,28.261,-0.584,-7.493,40.373,-19.116,28.501,-4.23,45.151,44.648,-16.61,27.655,-6.602,-49.706,-19.852,-24.264
1,18.826,16.337,-5.995,29.396,-4.829,28.349,-14.319,-39.195,13.938,-15.842,-16.867,-6.508,10.168,-14.294,-42.553,-0.195,-44.979,-46.683,3.704,13.223,-30.106,-30.391,-38.918,17.427,-11.193,1.451,-34.505,32.379,-44.337,2.924,-8.546,48.745,31.725,11.362
1,50.867,39.968,-39.717,28.608,10.405,13.789,3.796,-29.292,-5.96,26.094,-41.285,27.836,-17.307,14.587,-8.504,8.359,-44.31,38.774,36.208,-9.252,-1.773,-2.132,39.508,27.615,32.256,-27.371,-31.161,-19.385,-16.821,13.701,17.382,-40.888,-45.142,-10.771
