1,1,0,-47.63,-0.05889,0.85243,0.02306,-42.365,-0.37708,42.794,0.03760,0.85243,-0.17755,0.59755,-0.44945,0.60536,-0.38223,0.84356,-0.38542,0.58212,-0.32192,0.56971,-0.29674,0.36946,-1.561,-27.145,-0.51171,0.41078,-0.46168,-42.339,-0.34090,0.42267,-0.54487,0.18641,-0.45300
0,1,0,47.153,-0.18829,0.93035,-0.36156,-0.10868,-0.93597,6.384,-0.04549,0.50874,-0.67743,0.34432,2.086,-0.51685,-0.97515,0.05499,-0.62237,0.33109,16.82,-0.13151,-0.45300,-0.18056,-0.35734,-0.20332,-0.26569,-0.20468,-0.18401,-0.19040,21.762,-0.16626,-0.06288,32.348,-0.02447
1,1,0,1,16.183,-39.619,0.00485,1,-0.12062,0.88965,0.01198,0.73082,0.05346,0.85443,0.00827,-48.398,0.00299,39.466,-0.13644,0.75535,-0.08540,0.70887,-0.27502,0.43385,-0.12062,0.57528,-0.40220,-45.329,-0.22145,0.43100,-0.17365,0.60436,-0.24180,0.56045,-41.941
0,1,0,1,-21.427,1,1,0.71216,-1,0,0,0,0,0,0,-1,0.14516,0.54094,-0.39330,-10.079,-0.54467,-0.69975,1,4.421,21.124,1,0.90695,33.801,1,1,-3.476,0.25682,1,-0.32382,1
1,1,0,2.656,-0.02401,0.94140,-33.617,0.92106,-0.23255,-20.018,-0.16399,0.52798,-0.20275,29.407,-0.00712,0.34395,-44.095,16.389,-0.21780,0.45107,-0.17813,0.05982,-0.35575,0.02309,-0.52879,0.03286,-0.65158,0.13290,-0.53206,0.02431,-0.62197,-0.05707,-0.59573,-0.04608,-0.65697
0,1,0,0.02337,-0.00592,-0.09924,9.373,-45.007,-0.11824,14.021,0.06637,0.03786,-44.079,0,0,-0.04572,-0.15540,-0.00343,-0.10196,-0.11575,-0.05414,0.01838,0.03669,0.01519,0.00888,-14.868,38.505,-0.03240,0.09223,-0.07859,0.00732,0,0,-0.00039,0.12011
1,1,0,0.97588,-0.10602,0.94601,-0.20800,0.92806,-0.28350,-8.575,-0.27342,0.79766,-0.47929,10.707,-0.50764,0.74628,-0.61436,0.57945,-0.68086,0.37852,-0.73641,0.36324,43.937,11.697,-35.102,0.22792,-0.81634,0.13659,-0.82510,0.04606,-0.82395,-0.04262,45.088,-0.13832,-0.80975
0,0,40.373,0,0,0,0,1,-1,0,0,-42.954,-1,0,0,0,45.313,30.936,1,-1,-1,0,0,0,0,1,1,1,-7.016,48.807,0,1,1,0,0
1,1,0,30.467,-0.07198,1,-0.14333,1,-0.21313,1,-0.36174,0.92570,-0.43569,17.415,-0.40668,0.90392,-0.46381,-12.715,-0.35257,-7.903,-0.66020,0.75346,-0.60589,0.69637,-0.64225,0.85106,-0.65440,2.528,-0.69712,0.25435,-0.63919,34.753,-0.72779,0.38895,-0.73420
0,-3.908,0,-0.01864,-0.08459,35.666,0,19.154,0,0.11470,-0.26810,-2.499,-0.38172,0,0,-0.33656,0.38602,-0.37133,0.15018,0.63728,0.22115,0,0,0,0,-0.14803,-0.01326,-15.912,-0.02294,0,0,0.16595,0.24086,41.227,0.38065
1,1,19.363,1,0.06655,1,-0.18388,-15.874,-0.27320,2.218,-0.43107,1,-0.41349,0.96232,-0.51874,0.90711,-0.59017,0.89230,-0.66474,0.69876,28.49,0.70645,-0.76320,0.63081,-0.80544,0.55867,-0.89128,-25.843,-0.86500,-21.149,-0.83675,0.30996,-0.89093,0.22995,-0.89158
0,1,0,1,-8.997,-33.402,-1,6.93,-1,-31.467,0.36217,1,-7.65,1,5.166,1,-1,1,-0.29354,1,-0.93599,1,1,1,1,1,-0.40888,1,-0.62745,1,-1,1,-1,1,-1
1,1,0,-28.699,-0.16316,1,-0.10169,0.99999,-41.755,-35.117,-0.19277,0.94055,-0.35151,0.95735,-0.29785,0.93719,-0.34412,-42.886,-0.28106,0.90137,-0.43383,0.86043,-0.47308,0.82987,-14.807,0.84080,-0.47137,0.76224,-0.58370,0.65723,-0.68794,36.103,-0.64537,0.64727,-0.67226
0,1,0,45.161,46.608,1,0.22280,0.85492,-0.39896,1,-0.12090,1,0.35147,1,0.07772,1,-0.14767,1,-46.025,1,-9.022,0.61831,0.15803,1,0.62349,1,-0.17012,1,22.406,1,-30.769,1,0.88428,1,-0.18826
1,1,3.904,1,0.07380,29.492,0.03420,18.275,-0.05563,1,0.08764,1,0.19651,1,0.20328,1,0.12785,1,0.10561,1,19.91,1,-5.952,1,0.41750,1,0.20033,1,0.36743,0.95603,0.48641,1,0.32492,17.913,0.46712
0,1,0,0.50932,-0.93996,-32.147,0.26708,-0.03520,-1,1,-41.072,-4.006,-1,0,0,27.429,-0.34265,-0.37681,0.03623,1,-1,0,5.078,0,0,-0.16253,0.92236,0.39752,0.26501,0,0,1,-3.016,0,0
1,1,0,0.99645,0.06468,1,-0.01236,0.97811,0.02498,0.96112,0.02312,-35.167,0.07808,0.89323,0.10346,0.94212,21.773,0.88809,0.11120,0.86104,0.08631,0.81633,0.11830,-21.096,-17.376,0.81329,0.13412,0.79476,0.13638,26.183,0.15379,0.77122,0.15930,0.70941,46.087
0,-36.559,0,0,0,-1,-1,1,43.726,-1,1,40.414,1,1,-1,1,1,-1,-1,-16.361,41.414,1,-1,-1,1,-1,1,1,-1,-1,3.072,-1,-1,1,-1
1,1,0,0.67065,0.02528,0.66626,0.05031,0.57197,0.18761,0.08776,0.34081,0.63621,0.12131,0.62099,0.14285,24.09,-1.357,0.58373,0.18151,0.14395,45.451,0.53888,4.975,0.51420,0.22625,0.48838,0.23724,0.46167,0.24618,29.485,-13.376,0.40663,0.25792,1,0.33036
0,0,0,1,-1,0,-18.407,0,0,1,1,1,-1,-0.71875,1,0,1.737,-1,1,-25.511,1,5.457,1,1,0.56250,-1,1,1,-20.077,1,-1,1,1,1,26.494
1,1,0,1,46.746,1,-0.09834,1,-0.07649,-47.661,-0.10605,1,-0.11073,1,-0.39489,1,-0.15616,24.115,37.087,0.86473,30.385,0.91693,-0.44072,0.96060,-0.46866,0.81874,-0.40372,0.82681,-0.42231,0.75784,-0.38231,-28.274,-0.40575,0.74354,-0.45039
0,0,0,1,1,0,0,0,0,-1,-1,48.789,-16.327,0,0,-1,-1,-2.478,-1,-1,42.254,-1,1,0,0,0,20.475,1,-19.311,-1,1,-1,1,-1,1
1,1,0,0.96071,0.07088,1,0.04296,1,0.09313,-37.656,-0.05144,0.89263,0.02580,0.83250,-0.06142,0.87534,0.09831,0.76544,0.00280,45.404,-0.05295,0.65961,-0.07905,0.64158,-0.05929,0.55677,-0.07705,0.58051,-0.02205,0.49664,-2.432,0.51310,-8.25,-3.821,-34.746
0,0,0,-26.809,1,0,0,33.093,0,-18.625,1,1,1,0,0,0,0,14.735,6.287,-1,1,1,1,0,0,-1,-1,1,-1,1,8.687,-1,1,0,0
1,1,0,1,-0.06182,1,0.02942,36.102,-0.05131,1,-0.434,1,-0.11726,-45.977,-10.023,0.93392,-0.06598,0.69170,-0.07379,0.65731,-0.20367,-9.601,-0.31558,0.80852,-0.31654,0.84932,-0.34838,0.72529,-0.29174,0.73094,-0.38576,0.54356,29.202,0.64207,-0.39487
0,1,0,1,0.57820,-39.537,-1,1,-1,13.781,-1,-19.985,-1,1,-1,1,13.025,1,-1,1,14.204,1,21.203,1,-1,1,-1,1,-1,1,-1,1,-1,1,-1
1,1,0,8.765,-0.08714,-43.738,-0.17263,1.775,3.618,0.94817,0.61053,0.95473,-0.41382,0.88486,-0.31736,0.87937,-0.23433,0.81051,-0.62180,0.12245,-1,-3.557,-35.51,0.62357,-0.78547,0.55389,-0.82868,0.48136,-0.86583,0.40650,-0.89674,0.32984,-0.92128,-0.13341,-1
0,0,0,-1,-1,0,49.884,-1,1,1,19.794,0,-12.349,0,0,0,0,1,11.852,-1,-1,1,25.07,0,0,1,-1,-1,50.417,-1,-1,0,0,-1,1
1,-34.857,0,1,0.08380,1,-36.67,1,47.178,0.98172,0.64520,1,0.47904,1,0.59113,1,31.148,-42.212,0.82777,1,0.95099,1,1,0.98042,1,0.91624,1,0.83899,1,0.74822,1,0.64358,1,-8.92,1
0,0,0,25.183,-1,-25.17,1,1,-1,-1,1,1,-1,-1,-1,0,0,-0.065,1,2.36,-1,1,-1,1,-1,1,1,-0.333,-1,1,-1,-1,1,1,1.606
1,-43.23,0,1,-0.14236,1,-0.16256,1,-0.23656,29.737,-0.07514,1,-0.25010,-3.462,-0.26161,1,-0.21975,1,-15.415,1,-0.46162,1,-0.35519,1,-0.59661,1,-0.47643,0.98820,-13.021,22.455,-0.75820,1,-0.75761,1,-0.84437
0,1,0,12.643,-1,20.106,1,1,-19.407,1,-1,1,-1,1,-0.01840,49.291,-1,1,1,1,-0.85583,1,1,1,-1,17.848,0,1,1,1,-5.622,1,1,1,1
1,1,0,0.88208,-0.14639,0.93408,-0.11057,0.92100,-0.16450,-28.793,-11.511,-17.491,-0.31809,0.85269,-0.31463,0.82116,-0.35924,0.80681,-10.925,0.75243,-25.936,0.70555,-0.47153,0.66150,-0.50085,47.949,-0.48086,0.56804,-0.54629,0.50179,-0.59854,0.47075,-0.57377,0.42189,-0.58086
0,1,0,0.71253,-0.02595,8.497,-0.23067,0.98019,-0.09473,-29.595,-0.10236,-47.643,-0.10951,0.58965,1,0.83726,-1,0.82270,29.808,0.80760,-0.28257,-0.25914,-15.062,-18.776,0.05456,0.65493,-0.20392,0.93124,-0.41307,0.63811,-0.21901,0.86136,-0.87354,-0.23186,-1
1,1,0,1,-0.15899,0.72314,0.27686,0.83443,-0.58388,1,-2.829,1,-0.49863,0.79962,28.123,0.76837,0.14638,1,0.39337,1,0.26590,0.96354,-0.01891,0.92599,-0.91338,1,-39.737,1,33.83,32.525,-0.11129,-21.958,0.53372,1,-0.57758
0,1,44.188,0.66161,-1,1,1,-28.716,-0.67321,0.80893,-43.913,1,-1,1,-15.76,1,0.73393,0.17589,0.70982,1,0.78036,47.183,0.85268,1,-1,18.191,0.85357,1,-0.08571,0.95982,-0.36250,1,0.65268,1,0.34732
1,1,0,1,0.00433,1,-0.01209,-11.592,-0.02960,1,-0.07014,0.97839,-0.06256,1,-0.06544,0.97261,-0.07917,0.92561,-0.13665,0.94184,-0.14327,50.709,4.911,0.94815,26.737,0.89469,-0.20851,0.89067,-0.17909,0.85644,27.578,0.83777,47.849,0.83867,-0.20766
0,0,-32.723,1,1,1,-1,-46.459,0,0,0,29.348,-1,0,0,0,0,-1,1,1,10.28,-24.501,1,-1,28.979,1,-1,1,1,-1,1,1,1,0,0
1,1,-8.765,0.91241,0.04347,0.94191,0.02280,0.94705,0.05345,0.93582,0.01321,-30.224,0.06348,41.831,-36.632,0.92048,0.06211,0.88899,-48.16,0.83744,0.14439,0.80983,0.11849,0.77041,0.14222,0.75755,0.11299,0.73550,0.13282,-41.375,0.15300,0.70925,0.10754,0.65258,0.11447
0,1,0,1,0.02461,0.99672,0.04861,-45.339,0.07143,0.775,-1,0.91036,0.11147,41.035,0.53640,0.82077,0.14137,0.76929,0.15189,1,0.41003,39.419,0.16371,21.65,0.16516,0.54446,-23.188,0.48867,0.16019,0.43481,0.15436,0.38352,0.14677,1,1
1,49.496,0,39.84,0.06538,1,0.20746,32.7,0.26281,0.93051,0.32213,0.86773,0.39039,0.75474,0.50082,0.79555,29.552,0.65954,39.477,0.57619,0.62999,0.47807,0.67135,0.40553,0.68840,0.34384,0.72082,0.27712,0.72386,0.19296,0.70682,0.11372,18.008,0.06990,0.71444
0,1,0,-18.748,-48.911,1,1,1,-11.249,0,31.743,-1,1,1,1,0.17917,-29.875,-1,-47.881,0.08750,-1,1,-1,-1,1,-1,-1,1,-1,-1,-1,1,1,0,0
1,1,5.006,0.90932,4.635,0.86528,0.16888,1,0.16598,0.55187,0.68154,0.70207,-3.73,0.16286,0.42739,0.57620,0.46086,0.51067,0.49618,46.029,0.12967,0.37824,-42.007,0.31274,0.55826,-27.411,0.56527,0.18626,0.56605,0.12635,0.56101,0.06927,0.55061,0.12137,0.67739
0,1,0,-0.64286,-1,9.26,0.82857,1,-36.73,1,-0.23393,1,0.96161,1,-32.57,1,-10.249,1,16.723,1,-20.313,1,-0.03393,-0.84286,1,0.53750,0.85714,1,1,1,-1,1,-1,1,-1
1,1,0,0.99025,-0.05785,0.99793,-0.13009,0.98663,-0.19430,0.99374,-0.25843,0.92738,-0.30130,0.92651,-0.37965,0.89812,-24.969,0.84922,0.209,0.87433,-35.409,28.268,-0.59839,0.74725,-0.64615,0.68282,-0.68479,0.65247,-28.603,0.61010,-0.75353,-17.632,-0.80278,0.49195,-0.83245
0,0,0,0,0,0,-8.044,23.552,0,1,13.856,-43.866,1,0,0,0,0,-10.792,-1,-1,-1,0,0,0,0,-1,-1,-1,-1,-31.792,1,1,0,0,0
1,1,0,1,-0.03730,-35.402,-0.07383,0.99601,-0.11039,0.99838,-0.09931,-9.758,-0.13814,0.96674,-0.21695,0.95288,-0.25099,0.91236,-0.34400,0.90581,-0.32152,0.89991,-20.422,0.87874,-0.37643,-14.445,-11.854,0.83172,-0.43122,0.81433,-0.42593,17.229,-0.47977,0.75115,-0.50152
0,-24.87,0,0.94598,-0.02685,-1,0.26131,-0.36393,0.35639,0.69258,-0.63427,1,-0.03353,-0.29020,-43.55,-0.54852,0.15452,0.91921,-0.46270,1,-0.50424,-0.29735,-0.31454,-0.73864,0.37361,-34.991,-0.46734,-40.052,-0.58130,1,46.451,-0.09634,0.20477,-0.103,0.41913
1,1,0,0.98166,0.00874,0.98103,-0.03818,0.97565,-25.166,-6.724,-0.06971,0.99004,-0.04507,0.94713,-31.351,0.93369,26.782,-24.381,-0.11583,0.79682,-0.19200,0.88274,-0.17387,0.86257,-0.18739,0.88487,-0.19689,0.81813,-8.108,0.78546,-0.23864,0.76911,-0.23095,0.74323,-0.23902
0,1,40.346,0,0,1,0.51724,0,0,0.10991,-1,0,0,0,0,10.921,-0.22414,21.193,-0.83297,0.76940,0.63147,0,0,0.53448,0.35668,-39.644,-21.644,1,-1,-1,-22.533,0,0,0,0
1,45.596,0,0.84134,-0.18362,0.43644,0.02919,0.93421,38.715,0.87947,32.355,0.81121,-0.967,0.88559,0.54991,0.91714,-0.57486,0.75000,-0.29520,0.86676,-0.20104,47.609,8.196,0.46610,-0.16290,0.90066,-0.02778,0.93358,-0.01158,0.61582,-0.32298,0.84463,-0.25706,0.93323,-0.01425
0,0,0,1,1,1,-1,0,0,0,0,1,1,1,1,-39.377,-1,1,-30.184,-1,1,0,0,1,-1,-48.062,-1,1,1,24.494,-1,30.675,0,-8.473,0
1,1,0,1,-40.095,1,1,0.91010,1,8.121,14.998,-0.83152,1,-1,1,-1,0.72526,13.281,-0.57779,-1,28.277,-1,-1,-0.52838,-1,0.90014,-1,-2.27,-1,1,-1,1,-0.34686,1,0.34845
0,1,0,35.539,-1,-1,1,-44.452,-34.817,0.03515,-1,-1,-1,1,1,0.88683,-1,-1,1,0.83840,1,1,-1,-41.696,-1,-0.18856,1,1,-43.107,-1,-1,-1,-39.821,1,0.33611
1,1,0,0.95659,0.08143,-43.552,-0.05667,0.97165,-0.08484,0.96097,-0.06561,0.94717,-13.252,0.95436,-0.16795,0.94612,42.535,0.99630,-0.32268,0.90343,-0.35902,0.91428,-11.097,0.90140,-0.29807,0.99899,-0.40747,0.87244,41.688,0.92059,-0.30619,0.83951,-0.39061,31.695,-0.41173
0,1,0,0.08333,-0.20685,-1,1,-1,1,13.382,-0.824,-0.82143,0.462,-1,-1,35.106,1,-0.02753,-8.306,-38.113,-0.42113,-0.74628,-1,-1,-0.46801,-1,0.23810,1,-1,-1,-0.38914,-1,-1,-1,0.61458
1,1,0,1,-0.02259,1,-0.04494,1,-0.06682,1,-0.08799,1,0.56173,8.906,-0.12738,1,-0.422,1,0.32407,1,-0.17639,0.99484,-0.18949,14.374,-17.85,45.576,-0.92284,0.87280,-0.21793,0.82920,-21.012,0.78479,-0.22765,0.73992,-0.22981
0,-34.766,0,-1,1,1,-1,-1,1,26.494,39.497,1,1,-1,-0.18750,1,1,-1,-1,1,-21.822,-1,-1,1,1,1,-1,1,46.35,1,1,0,0,-32.243,-1
1,1,0,-9.543,0.05812,0.94525,48.103,0.99952,0.13231,1,-42.527,0.94846,0.07033,31.496,0.14644,0.94862,0.11224,0.90896,0.20119,0.96741,0.16265,0.99695,0.14258,33.063,0.16410,0.91667,0.22431,0.88423,0.23571,0.88568,0.22511,0.78324,0.29576,0.83574,-42.72
0,1,0,-10.639,-1,-1,1,0,19.972,0,0,-1,1,-12.927,0,-0.61354,-0.67708,0.80521,0.36146,0.51979,0.14375,0,0,-1,-0.27083,27.294,32.47,1,1,-1,0.67708,-13.068,0,0,0
1,1,0,1,0.09771,1,0.12197,-21.824,0.22574,0.98602,28.807,0.94930,0.19211,0.92992,0.24288,-21.72,0.28343,9.788,0.26721,0.83656,0.33129,0.83393,0.31698,16.454,0.39597,0.76193,36.761,0.68452,0.42746,0.62764,0.46031,0.56791,0.47033,0.54252,0.50903
0,1,0,-35.893,-0.35625,0,0,0,34.85,0,0,0,0,0,0,0.12292,-0.55000,42.615,0.82813,-25.355,-0.42292,0,0,-1.91,41.961,-0.10625,-0.16667,1,-0.76667,-1,0.18854,0,0,1,-0.27292
1,32.529,0,1,0.16801,0.99352,0.16334,39.714,0.33347,0.91759,0.22610,0.91408,0.37107,0.84250,0.46899,0.81011,0.49225,0.78473,0.48311,0.65091,0.56977,0.56553,-12.701,0.55586,0.64720,0.48311,50.19,0.43317,0.69129,-31.888,0.76147,0.33921,-38.082,0.22101,0.78685
0,1,0,0.63816,-11.644,0.20833,-1,1,1.189,0.87719,0.30921,-0.66886,1,-0.05921,0.58772,0.01754,0.05044,40.026,-1,0.14254,-0.03289,0.32675,42.24,-1,36.942,0.80921,-1,1,-0.06140,1,1,27.634,-1,1,1
1,1,0,1,-0.41457,-7.593,14.17,0.87060,0.18593,1,-0.09925,0.93844,0.47990,0.65452,23.009,1,0.00879,0.97613,-0.50126,1.062,-0.24497,0.88065,-0.19095,1,-0.12312,49.091,0.10678,0.92890,-0.07249,1,-0.27387,0.43970,0.19849,5.422,-0.05402
0,1,32.002,0.84783,0.10598,1,0.39130,1,-1,0.864,-0.453,1,0.27038,1,-44.261,1,0.35507,1,0.02672,0.58424,-0.43025,1,0.63496,0.89130,0.26585,0.91033,-47.238,1,0.15942,0.37681,-0.01947,-27.619,0.22464,1,0.37409
1,1,0,1,-5.165,1,0.02477,1,0.07764,1,0.04317,0.98762,0.33266,1,0.05489,1,0.04384,0.95750,-17.809,0.84371,-0.08668,1,0.04150,0.99933,0.27376,1,-0.39056,-44.897,-0.02174,0.86747,0.23360,-32.141,-0.22021,46.637,33.181
0,0,0,-9.77,-12.713,1,-1,1,-1,1,14.166,1,1,1,1,1,-1,1,1,1,1,1,23.282,1,-1,1,-1,1,33.426,1,0.65625,0,-48.265,1,-1
1,1,15.052,1,0.67784,-9.736,0.82021,0.84,1,0.20619,49.543,-0.43872,1,-0.79135,-21.16,-1,0.40268,-0.39046,-0.58634,-0.97907,-0.42822,-0.73083,-0.76339,-0.37671,-0.97491,0.41366,-1,0.41778,23.374,0.25773,-1,0.93570,-0.35222,0.98816,0.03446
0,1,0,1,1,1,-1,-47.695,-1,1,1,1,1,-2.389,1,1,-1,1,1,1,-32.722,-3.62,1,40.917,1,1,1,1,0.5,0,0,1,-1,1,-24.015
1,1,0,-6.504,0.03529,-4.625,0.18281,1,0.26968,1,0.25068,1,0.28778,1,0.38643,36.861,0.31674,23.614,-22.819,1,0.53846,1,0.61267,1,0.59457,0.89593,0.68326,0.89502,0.71374,0.85611,0.67149,0.74389,9.847,0.71493,0.75837
0,0,0,1,-1,1,1,7.141,30.912,-21.199,-1,0,0,0,0,-1,1,1,-1,1,-1,19.476,1,-31.799,-19.762,1,-1,1,-1,-1,-1,0,0,1,-1
1,1,0,0.96087,0.08620,0.96760,0.19279,0.96026,14.559,-47.649,0.35052,0.92867,0.46281,0.86265,43.098,0.82820,0.58794,-16.549,0.69065,0.69003,0.73140,0.54473,-47.603,0.48339,0.76197,0.40615,0.74689,0.33401,32.277,0.24944,0.86061,0.13756,0.86835,0.09048,0.86285
0,1,0,0.69444,0.38889,0,0,-0.32937,0.69841,45.609,44.616,0,0,0,1.239,0.20635,-0.24206,0.21032,0.19444,0.46429,0.78175,0,0,0,0,0.73413,0.27381,0.76190,0.63492,49.42,0,-35.61,0,-21.609,0
1,1,0,1,-26.403,1,0.10827,1,-11.156,1,0.28453,1,0.34826,1,18.625,0.94575,26.238,0.89126,0.50391,0.75906,0.58801,0.80644,0.59962,0.79578,0.62758,0.66643,-1.858,0.59417,0.69435,-22.62,0.72684,0.47027,0.71689,0.33381,0.75243
0,0,0,1,1,-43.014,0,-43.099,8.675,1,-1,1,11.899,1,1,1,-1,1,1,-0.772,1,1,-1,-1,-1,1,-42.271,1,-1,1,1,0,0,1,-1
1,1,-37.403,1,0.04078,1,0.11982,2.441,0.16159,1,0.27921,0.98703,0.30889,0.92745,0.37639,0.91118,0.39749,0.81939,0.46059,0.78619,0.46994,31.065,0.56282,0.70331,0.58129,0.67077,26.535,0.58903,-21.366,0.53952,0.60932,0.45312,0.63636,0.40442,15.807
0,0,0,-39.771,-42.187,1,-1,1,1,1,1,1,1,1,1,4.118,1,1,-1,-1,21.088,-1,1,-1,4.465,-25.636,-1,1,1,-1,1,-1,-1,-1,1
1,1,0,1,0.24168,22.227,0.48590,1,0.72973,-16.688,1,1,1,1,1,1,0.77128,1,-19.823,1,1,0.74468,5.802,0.89647,1,-35.954,1,0.38255,1,0.10819,1,-0.17370,1,10.317,1
0,0,0,0.359,1,1,-3.366,1,1,-45.356,-13.007,0,0,1,1,0,0,0,0,-1,1,-1,1,1,1,1,-46.955,27.338,1,1,1,1,-1,-1,1
1,1,0,1,-31.327,1,0.62937,1,-25.85,1,-11.397,1,-1,1,-0.40559,1,-0.15851,1,-29.142,1,-0.61538,34.101,-0.26573,1,-1,1,-0.58042,1,-0.81372,1,46.747,1,-0.78555,1,-0.48252
0,0,0,1,-1,1,1,1,1,49.64,-34.803,46.16,1,1,28.837,1,-1,1,1,1,-1,1,1,1,-23.005,1,-1,1,-10.183,1,-1,1,1,1,-1
1,1,0,0.92277,0.07804,35.249,0.16251,0.89702,0.24618,0.84111,0.35197,0.78801,0.42196,0.70716,23.882,0.70796,0.56476,0.60459,31.33,8.746,0.64924,0.39903,0.66975,0.34232,26.023,0.23693,0.76146,0.18765,37.913,0.09694,0.71038,0.02735,0.77072,-0.04023,0.69509
0,1,0,22.389,-0.17314,41.69,0.21908,0.46643,0.32862,0.25795,0.58304,1,-32.822,0.01060,0.44523,0.01060,0.38869,0.18681,0.41168,0.10567,0.36353,0.04325,-16.53,-0.00083,-44.222,-0.02862,0.19405,-0.04314,0.14481,-0.04779,0.10349,-0.04585,0.07064,16.729,0.04586
1,1,0,-18.839,-0.02811,0.65680,25.634,0.80621,0.02811,0.85947,0.02515,0.63462,0.08728,0.71598,0.07840,0.73077,0.05178,0.78550,-0.27811,0.65976,-40.806,-42.38,-30.194,0.34615,-0.18639,0.65385,0.02811,-47.662,-0.06637,0.53550,-0.21154,0.59024,-0.14053,0.56361,0.02959
0,1,0,-28.796,-0.06343,20.923,0.04328,1,-3.756,0.35821,-41.102,0.54478,0.13060,0.61567,-0.82090,0.57836,0.67910,0.66791,-15.576,0.46642,-0.11567,-18.257,0.14792,0.83209,0.45522,0.47015,0.16418,0.49309,0.14630,0.32463,-0.02612,0.39118,0.13521,0.34411,0.12755
1,1,0,-11.11,0.04528,0.76981,-0.10566,0.77358,0.03774,0.66038,-0.04528,0.64528,23.393,0.66792,-0.13962,0.72075,-33.136,0.76981,0.08679,0.61887,-0.07925,0.109,-0.23774,0.73962,-0.14717,27.079,-0.15094,27.46,-0.05801,0.66792,0.02264,0.86415,0.03774,0.73208,0.00755
0,1,0,0.72727,-0.05000,0.89241,0.03462,35.693,0.72727,0.66364,-34.598,0.48182,-0.16818,0.81809,0.09559,0.56818,-15.923,0.50455,31.569,0.66818,0.10000,-17.994,-0.30000,0.98636,-1,0.57273,0.32727,20.732,0.14673,0.42273,0.08182,0.48927,0.14643,1,1
1,1,0,0.57647,-0.01569,0.40392,0,-7.927,0.12941,0.40000,-0.05882,0.56471,17.337,0.46667,0.08235,0.52549,-0.05490,0.58039,21.869,0.50196,0,0.45882,47.866,0.58039,47.842,0.49804,0.00392,0.48601,0.10039,0.46275,0.08235,-47.063,0.23529,0.43137,0.17255
0,1,0,0.41932,0.12482,0.35000,0.12500,27.152,0.27955,-0.03636,-26.569,0.04517,0.36194,-0.19091,0.33636,-0.13350,0.27322,0.02727,0.40455,-0.34773,0.12727,-0.20028,37.515,-0.18636,0.36364,5.409,-0.04802,-0.09971,26.088,-1,-1,-0.02916,-0.07464,20.714,-0.06314
1,1,0,0.88305,-0.21996,1,0.36373,0.82403,0.19206,0.85086,0.05901,0.90558,-0.04292,0.85193,0.25000,0.77897,-43.873,0.69206,0.57940,0.71030,0.39056,18.382,0.27575,1,-16.603,20.152,0.52039,0.69811,0.53235,9.248,0.58584,0.43026,0.70923,-28.938,0.54185
0,1,0,0.84557,-0.08580,-0.31745,-0.80553,-0.08961,20.565,12.963,0.04576,0.89514,-0.00763,-0.18494,0.63966,-0.20019,27.005,0.85701,-0.11344,0.77979,-0.15729,-37.77,0.50810,-0.34128,0.80934,0.78932,-0.03718,32.693,-0.25288,0.77884,24.967,-0.21354,-0.78170,-0.18494,-0.59867
1,1,34.574,0.70870,-0.24783,0.64348,0.04348,0.45217,0.38261,0.65217,0.18261,14.459,0.26957,0.57826,-0.23043,0.50435,0.37826,0.38696,-0.42609,0.36087,-0.26087,0.26957,0.11739,11.134,-0.03845,0.31304,-0.12174,50.232,-36.933,0.48348,-0.04448,19.091,-0.25217,0.50435,0.14783
0,1,0,-0.54180,6.591,-9.957,0.73375,0.52012,-31.114,0.31889,-0.06811,0.20743,-0.15170,0.47368,0.08978,0.56347,-0.15480,0.16409,0.45201,0.33746,0.03406,-23.514,0.07121,-0.63777,-0.61610,1,0.65635,0.41348,-0.40116,41.946,0.11146,0.02399,0.55820,1.472,-0.08978
1,46.452,0,7.053,0.13582,0.45331,0.16808,-11.715,-0.00509,0.52632,0.20883,0.52462,-0.16638,0.47368,-0.04754,0.55518,2.017,0.81664,-0.22411,0.42445,-0.04244,0.34975,-48.083,0.28183,-0.20883,0.51731,-0.03176,0.50369,-0.03351,0.34635,-24.283,0.70798,-0.01868,0.39559,-0.03226
0,1,0,0.79157,0.16851,0,0,40.908,0.06874,18.702,-17.128,0.38359,0.99557,-0.02439,0.53215,0.23725,45.531,-42.79,0.95122,-0.50998,43.544,-0.10200,0.38803,-0.42572,0.23725,-0.91574,0.80710,-0.34146,0.88248,-1,0.69401,-1,0.12860,0,0
1,1,0,0.90116,0.16607,0.79299,0.37379,0.72990,0.50515,0.59784,0.72997,0.44303,0.81152,0.24412,0.87493,0.06438,-38.454,-0.12611,0.87396,15.12,0.79617,-0.46635,0.65924,-0.57135,17.547,-0.68159,38.408,-0.71844,0.25835,49.039,0.11218,-0.71475,5.134,-0.67699,-0.19904
1,10.336,0,0.97714,0.19049,0.82683,0.46259,0.71771,-37.567,0.47968,-18.407,0.31409,0.92643,0.10289,0.93945,-0.13254,0.84290,-0.32020,0.91624,-0.52145,-38.885,15.607,40.226,-0.77408,0.33537,-0.85376,0.17849,-0.83314,-0.01358,-0.82366,-0.19321,-0.67289,-0.33662,-0.59943,-0.49700
0,1,0,-1,-1,0,0,0.50814,-0.78502,0.60586,-34.387,-1,-0.41368,0,0,0,0,1,-0.26710,-4.178,-38.735,0.97068,-32.382,-1,-1,1,-0.59609,-1,-1,-1,-1,-45.907,45.469,0,0
1,17.389,0,0.74084,0.04974,0.79074,0.02543,0.78575,44.582,0.66230,0.09948,0.67801,0.31152,0.75934,0.07348,30.982,0.08442,0.70681,-0.07853,0.63613,19.732,0.70021,0.11355,0.68183,0.12185,0.67016,0.15445,0.64158,0.13608,0.65707,0.17539,0.59759,-19.108,3.756,0.15114
0,1,0,-43.964,-1,-23.331,0,0.77941,15.433,0.80882,0.55147,-0.41912,-0.94853,0,20.178,0,0,0.72059,-0.77206,0.73529,-0.60294,-25.582,0,0.18382,46.99,-1,-1,-1,-1,1,-1,1,-1,0,0
1,1,0,1,0.01709,41.283,-0.03142,1,39.816,1,-0.05071,0.99026,-0.07092,0.99173,-0.09002,1,-0.15727,1,-0.14257,0.98310,-0.11813,1,-0.18519,1,-46.424,-34.832,-0.22083,17.108,-0.20243,-3.824,-0.17123,0.96436,-0.22561,0.87011,-0.23296
0,0,0,-24.445,0,21.076,0,0,0,0,0,0,-5.244,0,0,0,0,0,0,0,46.249,0,0,0,-11.499,0,0,1,-1,0,5.157,0,0,0,0
1,10.001,0,0.95704,-0.12095,0.63318,-0.12690,0.96365,-0.18242,0.97026,0.08460,0.92003,-0.01124,0.83543,-0.24719,1,-0.31395,0.99273,-0.21216,0.98678,-0.21018,-27.769,-0.27165,0.93126,25.857,-27.545,-0.19233,0.88793,-0.31565,0.81428,-0.23728,48.102,-0.31857,0.69531,8.34
0,1,0,0.28409,-0.31818,0,0,0.68182,-1,0.30682,0.95833,42.438,0.06439,0.34848,-0.84848,-48.625,0,0.59091,-1.447,-42.748,-0.80682,0,0,0,0,0.24242,0.17803,1,-27.952,0.06061,-0.48485,-42.388,-0.70076,0,0
1,1,0,0.94490,-0.49311,1,-0.03692,0.98898,45.282,0.90083,0.66942,1,-0.10104,3.783,-0.12493,1,-0.15017,1,-0.17681,22.878,-0.20491,1,-0.23452,1,5.119,1,-0.29852,1,-0.33304,1,17.451,33.485,-0.40740,1,-0.44739
0,1,-40.619,0,0,0,0,0,0,0,0,0.62195,1,0,-41.558,0,0,0.36585,-0.71951,0.56098,-49.944,0,0,0,0,0,0,39.629,0.10976,0,0,0,0,-45.919,16.217
1,1,0,0.99449,0.00526,0.84082,-0.11313,0.88237,4.256,0.99061,-0.06257,0.96484,-0.07496,0.85221,0.02966,0.87161,20.916,0.93881,-0.12977,0.98298,-0.08935,0.89876,0.00075,0.87836,-3.334,-8.145,-0.19872,-20.099,33.107,0.94294,-0.16581,0.80253,-0.25741,0.76586,-0.27794
0,1,0,0.10135,0.10811,-43.82,0,0,0,0.54730,0.82432,0.31081,1,0,0,0,15.86,2.027,-1,0.33108,-1,0,0,0,-33.682,-0.42568,-21.789,1,-1,0.55405,-0.23649,28.843,0,0,0
1,1,0,1,8.92,0.99150,-0.73371,0.89518,-0.97450,1,-0.35818,1,-44.248,0.62890,-0.86402,1,-0.57535,1,-0.79603,-44.231,-0.88952,0.96601,12.874,0.70120,-0.74896,0.61946,37.751,0.53777,-0.77986,0.81020,-1,1,-1,-14.599,-0.76112
0,1,0,0.65909,-0.62879,0,0,0,0,46.674,12.378,1,-0.28030,0,0,0,0,10.546,44.476,0.84091,-1,-33.304,-1,0,0,0,0,1,-0.93939,-0.12879,-0.93182,0,0,-9.435,0
1,1,0,-7.153,0.19310,0.80920,0.41149,0.67203,0.55785,0.54559,0.69962,0.36705,0.81533,0.19617,0.85671,-0.04061,0.86284,-0.17241,-41.196,44.972,0.65747,-0.48199,0.56092,-0.60230,49.217,39.781,0.25747,-0.63038,0.08818,-0.57241,-0.07816,29.388,-0.19923,-0.42912,-0.31954
0,1,0,0.42000,-0.61000,0,0,1,-1,0.90000,1,29.934,0.64000,0,0,0,0,0.67000,34.012,0.84000,-1,0,-13.698,0,0,2.163,0.68000,17.47,0.22000,0,0,-8.749,0,0,0
1,1,41.309,-3.908,35.9,0.91404,0.52013,0.78020,0.72144,0.47660,0.84222,19.43,0.91730,0.09467,0.88248,-0.21980,0.91404,-0.34168,0.75517,-0.51360,0.64527,-0.64527,0.44614,-0.74102,0.29162,-0.70838,0.03591,-0.71731,-0.11943,-0.64962,-16.4,-0.51251,-0.44505,-0.37432,-2.575
0,1,0,0.91353,-20.736,-0.72973,20.363,-0.39466,0.55735,0.05405,-26.018,-0.18599,-0.10241,-0.03158,-0.08970,29.214,-0.03403,0.01108,-0.00537,0.00342,0.00097,-16.874,0.00075,-0.00003,0.00019,-0.00003,0.00002,-0.00001,0,0,1.218,0,0,0,0
1,1,0,4.381,-34.498,0.33333,0.07143,-7.049,0.19048,0.23810,0.09524,0.40476,0.02381,0.30952,-0.04762,-32.158,-0.04762,-8.169,-0.11905,0.33333,0.04762,0.30952,5.93,0.21429,-0.11905,0.35714,-0.04762,0.22109,-0.02290,0.19048,0,0.16997,-0.02034,0.14694,-0.01877
0,1,0,1,35.268,1,0.04918,0.57377,-14.311,-29.043,0.01639,0.85246,-0.03279,-35.396,0,0.68852,-0.16393,0.19672,-0.14754,0.65558,-0.17176,0.67213,-43.798,1,-0.29508,0.31148,-0.34426,0.52385,-0.20325,0.32787,-41.636,0.27869,-0.44262,0.49180,-0.06557
1,1,0,0.98182,-8.022,0.88627,0.03131,0.86249,0.04572,0.80000,0,0.69091,0.04545,0.79343,44.246,0.77118,0.09579,0.62727,0.25455,0.68182,0.12727,0.70674,0.12608,0.68604,-29.97,0.74545,-44.798,48.12,0.15088,0.67273,0.02727,0.60715,22.211,0.58840,0.17077
0,1,0,-6.007,0.52381,-0.78824,0.11342,17.109,-0.76378,17.58,0.01190,0.82143,0.40476,-0.67230,0.30729,-0.34797,-0.63668,0.46429,0.15476,20.186,0.05952,-0.51830,0.44961,-0.47651,-0.47594,0.32143,0.70238,0.51971,4.292,29.063,0.39286,-0.54891,-0.29915,0.25441,-0.55837
1,1,0,0.86889,-0.07111,6.078,-0.02494,-3.442,-0.06889,0.87778,0.00222,0.83556,28.364,1,-33.22,1,-0.20000,0.86889,0.05333,0.88000,-40.11,1,-0.11526,1,-0.18667,0.84444,0.03556,1,-0.14162,0.82222,-0.14667,-2.248,-0.15609,1,-0.44222
0,1,0,0.43636,-0.12727,0.58182,-0.14545,0.18182,24.719,46.312,-0.03636,0.29091,-0.05455,-35.869,-21.642,0.36364,-0.41818,0.20000,21.702,0.36364,0.05455,0.12727,0.49091,0.61818,0.16364,0.32727,0.16364,0.41098,-0.07027,0.34545,-17.575,0.12727,-0.36364,0.29091,-0.29091
1,1,0,1,-37.484,1,0.75472,-14.87,-0.05660,0.62264,0,1,-0.00054,41.867,0.07547,0.62264,-0.05660,0.98878,2.071,0.52830,0,0.52830,0.07547,0.95190,-0.00112,1,0.79245,43.648,-0.00128,0.94340,39.414,1,0.43396,0.43396,-0.11321
0,-0.467,0,0.73810,0.83333,4.0,-0.23810,23.637,-0.14286,0.45238,-0.14286,-0.67285,0.12808,0.33333,-13.629,0.28571,-0.07143,-0.38214,0.51163,0.23810,0.02381,0.45238,29.099,0.16667,-0.26190,-0.57255,-0.10234,0.24889,-0.51079,1,45.039,-0.66667,-0.04762,0.26190,0.02381
1,1,0,6.894,-26.469,0.58333,-0.10417,0.39583,0,0.33333,-0.06250,0.47917,0,-18.116,0.10417,0.54167,0.02083,0.43750,-0.22917,-20.723,-0.22917,25.827,0.08333,1.987,0.18750,0.39583,-0.18750,0.44012,-0.10064,0.41667,-0.08333,0.58333,-0.31250,0.33333,-0.06250
0,47.752,0,1,1,0,0,30.731,0,37.406,-48.661,0.47744,-0.89098,-0.51504,0.45489,-0.95489,0.28571,0.64662,1,0,0,0,0,0.62030,0.20301,-1,-1,1,-30.078,1,1,0,0,23.194,0
1,1,0,0.95217,0.06595,0.93614,0.13030,0.90996,0.19152,42.103,-1.977,0.90023,0.61320,0.77937,0.34328,-17.588,0.37988,0.66145,0.40844,0.95472,0.59862,0.53258,0.44088,20.943,0.44511,0.40440,0.44199,0.34374,0.43221,49.693,1,-16.093,0.39620,0.18632,0.37191
0,1,-38.558,0.59840,0.40332,0.82809,0.80521,0.76001,0.70709,0.84010,-0.10984,0.97311,0.07981,45.61,-0.85727,-33.824,0.88444,0.95452,-0.05206,0.88673,0.18135,0.98484,-0.69594,-3.475,-0.85755,0.28604,-0.30063,-1.419,0.17076,0.62958,0.42677,0.87757,-7.44,0.81979,0.68822
1,1,0,0.95882,0.10129,1,33.074,0.98313,0.02555,0.96974,-0.09316,0.98955,-0.02716,8.266,-0.03096,1,-0.05343,1,-0.05179,0.93840,7.702,0.97620,-0.09284,-16.646,-25.862,0.91567,-0.15675,0.95677,-0.06995,0.90978,0.01307,1,-0.10797,0.93144,13.666
0,1,0,-10.55,-46.822,-0.33672,30.319,0,-0.417,0.68869,-1,0.97078,0.31385,-0.26048,-0.59212,-0.30241,0.65565,0.94155,0.16391,0,0,0,35.102,-0.18043,-1,0,0,1,-1,0,0,0.04447,0.61881,-9.971,0
1,1,0,0.96933,0.00876,1,0.00843,16.19,-0.00763,0.97868,-0.02844,0.99820,-0.03510,1,-0.01271,1,-0.02581,1,-0.01175,0.98485,14.025,1,21.805,1,12.734,0.96019,-0.04527,0.99188,-0.03473,-39.567,-0.02478,1,-21.024,0.98420,-0.04112
0,1,0,0,0,0.98919,-0.22703,0.18919,-0.05405,7.765,0,0.93243,0.07297,-34.62,-0.20000,1,0.07027,-3.46,-0.11351,0,0,1,-0.21081,1,0.493,0,0,1,-0.17568,-44.738,0,5.436,-0.25946,0.28919,-0.15676
1,1,0,0.64122,0.01403,0.34146,-0.02439,0.52751,0.03466,0.19512,0.12195,13.285,0.04755,-12.13,0.04878,0.29268,0,20.534,0,0.31707,49.49,0.26829,0.12195,26.307,0.05813,0.21951,0.09756,0.19304,0.05641,0.17410,0.05504,0.19512,49.884,0.17073,0.07317
0,-42.212,0,1,1,-8.444,-36.857,0,0,0,-36.844,1,31.44,1,-1,1,1,1,-1,0,0,0,0,48.311,-0.27778,0,0,1,-1,1,1,1,-1,0,0
1,4.36,0,0.34694,0.20408,0.46939,0.24490,0.40816,0.20408,26.652,0.44898,0.30612,0.59184,-1.211,0.55102,0,0.51020,-0.06122,0.55102,-0.20408,0.55102,-0.28571,0.44898,-1.35,0.32653,-0.61224,0.22449,-0.46579,2.755,-0.59184,0.18367,-26.517,0,-0.26531,-0.24490
0,1,0,0,0,-11.524,-1,0,0,0,0,1,1,1,-44.484,22.455,-4.229,1,-1,0,28.737,0,-15.028,1,1,0,0,1,-1,0,0,1,-1,0,0
1,1,0,0.89706,0.38235,0.91176,0.37500,0.74265,18.525,12.099,0.77941,0.19118,0.88971,48.269,0.86029,-0.20588,0.82353,18.731,0.67647,-0.5,0.47794,-0.73529,0.38235,-0.86029,0.08824,-0.74265,-4.955,-0.67925,-0.24131,-0.55147,-18.834,-0.44118,-0.50735,-0.28676,-0.56618
0,1,0,-1,0.28105,47.559,0.15033,-0.75693,-11.299,-0.30719,0.71242,-1,-17.375,-0.81699,-29.337,-0.79085,-0.02614,-0.98039,-0.83007,-0.60131,-0.54248,-11.387,-0.83007,0.94118,-0.94118,-1,-0.43137,0.74385,0.09176,-1,-25.414,0.18301,0.02614,-0.40201,-0.48241
1,1,-30.592,0.26667,29.887,0.53333,0,0.33333,-0.13333,0.36667,0.11667,0.56667,0.01667,0.71667,0.08333,0.70000,-0.06667,-15.456,0.20000,0.41667,-0.01667,-48.327,0.20000,0.70000,0,0.25000,-19.162,0.46214,0.05439,0.40000,0.03333,0.46667,8.117,0.41667,-0.05000
0,1,0,-0.26667,0.40000,-0.27303,0.12159,28.07,31.48,0.06192,-2.616,0.04461,0.02575,-0.00885,0.02726,-0.01586,-0.00166,-0.00093,-39.893,0.00470,-0.00153,0.00138,0.00238,-22.959,0.00102,-0.00069,-0.00050,0.00019,-0.00043,0.00026,0.00005,33.946,0.00015,-0.00008,0.00002
1,1,0,1,-0.37838,0.64865,17.489,0.64865,-0.24324,0.86486,0.18919,1,-43.779,44.702,46.183,0.62162,-0.05405,0.32432,-0.21622,-28.998,-0.17666,0.62162,0.05405,0.75676,0.13514,0.35135,-0.29730,0.61031,-15.088,0.58478,-0.23027,0.72973,-0.59459,0.51351,-0.24324
0,1,0,0.94531,5.018,-1,-0.33203,-1,-0.01563,0.97266,0.01172,0.93359,-12.611,-1,0.16406,-1,48.046,0.95313,-0.03516,50.635,-0.02734,-0.99219,0.11719,-0.93359,0.34766,0.95703,-0.00391,0.82041,27.901,0.90234,-0.06641,25.872,-0.18750,-1,-0.34375
1,1,-32.723,0.95202,28.002,0.93757,-0.01272,0.93526,-23.488,0.96705,-0.01734,0.96936,0.00520,0.95665,9.249,0.95260,-0.00405,0.99480,-0.02659,0.99769,0.01792,0.93584,-0.04971,0.93815,-0.02370,0.97052,-0.04451,0.96215,-0.01647,0.97399,0.01908,31.303,-0.03410,-45.5,0.00809
0,1,-42.039,1,-0.05529,1,-1,0.5,-0.11111,0.36111,-0.22222,41.904,-0.25712,0.16667,-0.11111,1,-48.634,1,-0.38853,1,-0.42862,0,-0.25000,-30.143,-9.268,1,-37.03,1,-0.57092,1,-0.27778,1,-0.63156,1,-0.65935
1,1,0,0.31034,-0.10345,0.24138,-0.10345,0.20690,-0.06897,0.07405,-0.05431,-46.278,-0.03689,38.778,0.134,0.00741,-0.01482,0.00281,-0.00893,0.00078,-0.00523,-0.00003,40.148,-0.00028,-0.00166,-0.00031,-0.00090,-0.00025,-0.00048,-0.00018,-0.00024,21.048,-0.00012,-23.352,-0.00006
0,1,0,0.62745,-0.07843,0.72549,0,0.60784,28.95,0.62745,-0.11765,0.68627,-0.11765,0.66667,-0.13725,0.64706,-0.09804,0.54902,-0.11765,39.389,-0.21569,0.58824,-0.19608,0.66667,48.261,39.32,-0.25490,17.806,-0.24668,0.56863,-0.31373,32.131,-0.21569,0.47059,-0.27451
1,1,0,-17.498,0.16667,0.46667,-28.608,0.19036,0.23966,0.07766,31.942,0.01070,0.14922,-0.02367,-11.004,-47.948,0.06317,-0.03766,0.03458,-0.03230,0.01532,-0.02474,0.00357,-0.01726,-0.00273,-46.892,-0.00539,-0.00621,-0.00586,-0.00294,-0.00520,-0.00089,-0.00408,0.00025,-0.00291
0,1,45.713,-0.65625,5.163,0.06250,0,0,0.06250,0.62500,4.609,0.18750,0,-0.03125,0.09375,0.06250,0,0.15625,-0.15625,0.43750,-0.37500,0,-0.09375,0,-4.097,0.03125,-0.46875,0.03125,0,-0.71875,-27.628,-0.03125,0,-42.552,0.09375
1,1,0,-34.73,-19.324,1,-0.02703,-8.249,-0.06486,0.95135,-0.01622,0.98919,-0.03243,0.98919,8.346,1,-0.06486,0.95135,0.09189,0.97838,-0.00541,1,0.06486,1,0.04324,17.563,0.09189,-31.208,0.01251,1,-0.03243,1,0.02703,1,-0.07027
0,1,0,0.85271,0.784,1,0.08069,1,1,0.91473,-0.00775,0.83721,-34.799,1,0.27153,-26.871,1,0.81395,-18.133,0.90698,0.11628,1,0.50670,1,-1,0.80620,27.516,1,0.71613,0.84496,-24.462,1,0.87317,1,1
1,1,-8.044,0.90374,-0.01604,1,0.08021,-29.792,0.01604,0.93048,0.00535,0.93583,-0.01604,-9.417,0,24.552,0.06417,1,0.04813,0.91444,0.04278,0.96791,0.02139,0.98930,-0.01604,13.819,-44.813,0.96974,0.04452,0.87701,0.01070,1,0.09091,0.97861,0.06417
0,1,0,-0.20500,0.28750,0.23000,-15.208,0.28250,0.31750,0.32250,0.35000,-36.039,-0.34617,0.09250,0.27500,-0.09500,-11.214,-10.835,0.23500,16.108,0.31408,-0.48000,-0.08000,0.29908,0.33176,-0.58000,-0.24000,0.32190,-0.28475,-0.47000,-19.89,-0.27104,-0.31228,0.40445,0.03050
1,-39.574,0,-25.27,0.03333,0.63333,47.132,0.70000,0.06667,0.70000,0,0.63333,0,0.80000,0,0.73333,0,0.70000,0.10000,0.66667,0.10000,0.73333,-0.03333,0.76667,0,0.63333,0.13333,0.65932,-43.443,0.60000,0.13333,0.558,0.16667,-35.196,0.16667
0,1,0,-25.265,-0.00838,0.06704,0.00838,0,-0.01117,0.00559,-0.03911,-7.666,-7.972,-0.00559,0.05307,0.06425,26.877,0,0.09497,-0.06425,0.07542,-0.04749,-25.084,-31.213,-0.00559,0.00838,0.00559,0.10335,-0.00838,0.03073,-0.00279,0.04469,0,0.04749,-0.03352
1,1,0,0.94653,40.633,0.72554,0.67248,0.47564,0.82455,-23.336,12.812,-0.24871,0.84475,-0.47644,0.56079,-0.75881,0.41743,-0.66455,0.07208,-39.395,-0.19525,21.225,-0.44000,-0.30851,-0.55089,-0.04119,-0.64792,0.16085,-0.56420,-21.725,-0.41901,0.46059,-0.22535,0.50376,-0.05980
0,1,0,0.05460,0.01437,-0.02586,0.04598,7.21,0.04598,46.531,0.00862,0.01724,-0.06609,-0.03736,0.04310,32.134,-0.04598,-0.09483,0.08046,-0.04023,0.05172,0.02011,44.619,-0.03736,-0.01149,0.03161,-0.00862,-0.941,0.01724,38.744,0.01149,0.02586,0.01149,-0.04598,-0.00575
1,1,0,0.72414,-49.073,0.79704,0.01084,0.80000,0.00197,0.79015,-8.463,-37.593,-0.00985,0.83350,0.03251,0.85123,0.01675,0.80099,-29.192,0.79113,-0.02956,0.75961,0.03350,31.422,0.05517,0.72611,-0.01478,0.78041,0.00612,26.235,-0.05025,0.82956,0.02956,0.79015,0.00788
0,1,13.998,0.03852,0.02568,0.00428,0,0.01997,-0.01997,0.02140,-0.04993,-0.04850,-0.01284,14.295,-0.02282,0,-0.03281,-0.04708,-0.02853,-41.112,8.426,0.02140,0.00428,0.05136,-0.02282,0.05136,0.01854,0.03994,0.01569,0.01997,0.00713,-0.02568,-3.289,28.683,0.01997
1,1,0,0.47090,0.22751,0.42328,0.33598,0.25661,0.47619,0.01852,0.49471,-0.02116,0.53968,-42.448,-40.509,-0.41270,0.32540,-41.212,0.06878,-0.5,-35.567,-0.14815,-0.14550,-45.601,-0.38095,-0.23280,36.221,0.03574,-0.31739,0.15873,-0.21693,0.24868,-0.24339,0.26720,0.04233
0,1,0,0.08696,0.00686,0.13959,-0.04119,0.10526,-0.08238,-13.139,-0.06178,0.23341,-0.01144,0.12357,0.07780,0.14645,-44.662,0.29062,-0.04805,0.18993,0.07323,0.11670,0,0.11213,42.032,-10.673,-0.10297,0.08467,0.01373,0.11213,42.664,30.969,-0.07323,0.11670,-0.06865
1,1,0,0.94333,0.38574,-8.415,-37.047,0.21572,0.77514,35.546,0.64899,-0.73675,0.42048,-0.76051,0,-0.62706,-0.31079,-0.38391,-0.62157,-0.12797,0.397,0.49909,-1.932,0.71481,-0.37660,0.73857,-0.05484,0.60098,0.30384,0.45521,0.60512,12.691,0.54479,-0.21572,0.50457
0,14.418,0,0.01975,0.00705,0.04090,-0.00846,0.02116,0.01128,0.01128,0.04372,0.00282,0.00141,-0.257,-0.03103,-0.01975,0.06065,-0.04090,0.02680,44.552,7.902,0.04372,-0.02539,0.01834,0,0,-0.01269,0.01834,-0.01128,-20.783,-0.01551,-17.666,-0.02398,0.00705,0
1,1,0,0.85736,0.00075,0.81927,-31.3,0.77521,-0.04182,0.84317,0.09037,0.86258,0.11949,0.88051,-0.06124,40.28,0.03510,27.331,-0.06796,0.83570,-0.14190,-19.941,0.01195,0.90515,0.02240,-33.969,-0.01942,0.82383,-0.03678,0.88125,-0.06423,0.73936,-0.01942,46.141,-0.09186
0,1,30.539,1,-1,1,33.155,-1,1,1,-1,1,-1,-1,-1,-43.508,-9.543,1,1,1,49.029,-1,1,1,-1,1,-1,1,1,-42.031,1,-1,1,-1,1
1,1,0,-12.075,0.39252,0.38887,0.76432,0.08858,0.98903,-0.42625,0.88744,-0.76229,0.49980,-0.93092,-12.961,-0.85900,31.197,-0.66030,-0.55262,-0.19260,-0.86063,28.426,-0.80496,0.64649,-0.35230,0.77814,-0.23324,0.71698,0.21343,20.351,0.58310,0.19667,-10.147,-0.11215,0.64933
0,29.714,0,-21.824,1,1,0.51250,0.62500,-1,1,1,-22.587,0.03125,1,1,0,0,1,-1,1,1,1,1,36.727,16.706,1,1,1,9.932,1,1,-0.94375,1,0,0
1,1,42.387,1,43.51,0.62745,-34.91,0.01961,1,-0.49020,0.92157,-0.82353,0.58824,-1,0.11765,-2.954,-0.33333,-0.64706,-0.68627,-0.23529,-0.86275,0.35294,-1,0.74510,-0.72549,0.92157,-0.21569,0.92874,0.21876,35.576,-25.786,0.23529,0.90196,-0.11765,0.90196
0,1,-13.281,0,38.768,-1,-1,-1,1,0,0,-1,1,1,1,1,-1,0,0,0,0,-1,-1,-1,1,1,-38.312,50.637,-1,0,0,30.529,-1,-33.245,1
1,1,0,0.44444,0.44444,0.53695,41.449,-0.033,1,-0.33333,0.88889,-13.644,0.33333,-1,-0.11111,-1,-0.22222,35.276,-0.77778,0.55556,-1,-0.22222,26.65,0.77778,-0.22222,0.33333,0,0.92120,0.45019,0.57454,0.84353,42.901,1,-0.55556,1
0,0,0,0,0,0,0.262,13.409,0,0,0,0,0,0,0,0,0,0,0,0,0,0,0,0,0,4.908,0,1,0,48.156,0,0,23.17,-8.593,0
1,33.002,0,1,0,1,0,-46.405,0.50000,0.75000,0,0.91201,0.12094,0.89067,0.14210,0.86922,0.16228,0.75000,0.25000,0.75000,0.5,0.75000,0,-43.867,-28.869,0.5,0.50000,0.73944,0.26388,0.945,0.25000,0.69635,0.29074,0.138,0.30293
0,0,0,-1,1,1,1,0,-33.087,1,-46.861,1,44.834,1,-1,-1,-1,-17.563,0,-1,-1,0,0,0,0,-1,-6.446,1,32.254,1,1,-1,-1,0,0
1,1,0,1,0,1,34.426,-10.104,-48.154,1,-0.11111,-10.824,-0.11111,1,-0.22222,0.77778,0,0.77778,0,1,-0.11111,0.77778,-0.11111,22.948,-0.11111,0.66667,15.166,0.90347,-0.05352,1,0.11111,0.88889,-0.11111,1,0
0,48.738,0,0,0,15.052,0,0,0,24.307,0,0,0,-22.931,-1,0,0,1,0.75000,0,0,0,0,-1,-9.549,0,0,1,-1,-1,-1,1,1.41,0,0
1,1,-48.695,1,0.45455,1,-0.45455,1,-33.631,1,-0.09091,1,0,-2.389,-0.27273,1,-0.18182,1,0.09091,1,0,1,-0.36364,1,0.09091,40.917,-0.09091,1,-0.04914,1,0.45455,-3.62,-0.27273,-22.015,-0.18182
0,1,0,0.62121,-0.63636,22.614,0,0,0,0.34470,0.28788,0.42803,0.39394,-0.07576,0.51894,0.36364,0.31439,-0.53788,9.321,0.12121,-0.14773,-7.485,-0.53409,-6.201,0.17803,0.29167,35.588,0.25758,-0.57576,0.43182,0.24242,0.18182,-0.02273,0.17045,-23.893
1,1,8.141,1,0.11765,1,0.23529,1,0.41176,1,0.05882,1,0.23529,-31.799,0.11765,1,0.47059,1,-0.05882,1,-18.88,-21.199,0.35294,32.912,0.41176,1,-0.11765,21.226,0.20225,1,0.05882,1,0.35294,1,0.23529
0,1,31.439,0,0,41.573,-0.62766,1,-47.78,0.07979,-0.23404,-1,13.923,-48.501,-0.59043,1,-1,0,0,-16.452,-0.07979,-0.25000,1,0.17021,-0.70745,0,0,-0.19149,-0.46809,-0.22340,-0.48936,0.74468,0.90426,-0.67553,0.45745
1,1,0,0.91667,1.531,0.83333,-0.16667,-34.902,0.25000,0.87500,-0.08333,0.91667,0.04167,0.83333,0.12500,0.70833,49.42,45.491,0.04167,1,0.08333,-20.942,45.525,0.75000,0.16667,0.83333,-0.12500,0.83796,0.05503,1,0.20833,0.70833,0,0.70833,0.04167
0,1,-23.116,0.18590,25.643,0,-2.497,0,0,-26.454,0,0,0,0.11538,-0.19071,0,18.243,0,0,0,0,0,0,-0.05128,-0.06571,0.07853,0.08974,0.17308,-0.10897,0.12500,0.09615,0.02564,-0.04808,-11.183,0.19551
1,1,0,1,-0.08183,1,-0.11326,-43.106,-0.29802,1,-0.33075,-0.806,-0.34281,0.85788,-0.47265,0.91904,-0.48170,-42.283,-0.65224,0.68131,-0.63544,11.723,-0.78316,10.263,-0.74785,0.67033,-0.96296,0.48757,-0.85669,0.37941,-0.83893,0.24117,-0.88846,-40.979,-0.89621
0,1,0,1,1,-1,31.271,-1,25.113,0.34649,0.21053,0.46053,-21.906,1.669,0.05702,0.35088,0.34649,0.72807,-0.03947,0.22807,0.53070,0,0,-0.29825,15.018,1,-0.66667,1,-1,1,-37.648,0.35088,0.20175,0.82895,0.07895
1,1,0,1,-40.53,0.99815,0.00369,-42.384,-0.30133,20.987,-0.23486,0.70643,2.877,0.73855,-0.30539,0.71492,-0.36078,0.47194,-0.61189,0.40473,2.914,0.61041,-0.39328,0.53176,-0.32681,0.23966,-27.157,0.29208,-0.48390,0.12777,-0.39143,0.15657,-0.51329,0.18353,-0.46603
0,0,0,-1,1,1,-1,4.802,0,0,0,1,-1,1,22.227,0,0,1,-1,0,0,-36.6,0,1,1,-1,1,1,-1,-18.688,-19.823,-1,-1,0,11.131
1,1,0,0.92247,-0.19448,-1.401,-0.17674,-45.085,-0.22602,0.81702,-0.27070,0.79271,-0.28909,0.70302,-1.137,0.63338,-0.49967,0.37254,25.631,0.27070,-0.72109,0.40506,-0.54172,0.33509,-0.59691,-13.859,-0.63601,0.09312,-0.59589,-44.428,-0.54928,-0.01840,-0.54074,-0.07457,-0.47898
0,1,0,-1,-1,-0.50694,34.101,1,-12.6,1,0.53819,0,0,-31.021,-1,1,1,0,0,1,1,-28.191,1,0,47.747,-0.71528,1,0.33333,-1,1,-26.946,0.69792,-1,0.47569,1
1,1,0,0.84177,0.43460,45.66,0.76160,0.09916,0.93460,-0.37764,-10.301,-0.72363,0.61181,47.702,0.19409,-0.86709,-24.26,-0.62869,-0.65612,-0.25105,-0.85654,29.999,-36.668,0.51477,-0.66878,0.74895,-0.28903,0.77937,0.07933,0.64135,0.42827,0.31435,0.62447,-0.00422,0.69409
0,1,37.174,1,1,0,0,1,-1,-1,33.322,1,1,31.688,-1,8.234,0,1,-1,1,1,0,0,1,-1,-1,-1,1,1,-1,1,-1,1,23.412,25.339
1,1,0,17.77,0.63548,1,1,0.77123,1,-0.33333,-31.67,-1,1,0,22.707,-45.471,-15.838,-1,0,-1,-0.66667,-1,39.941,-1,-0.33333,-0.33333,-1,0.19235,-1,1,-1,0,-1,1,-0.66667
0,25.686,0,-1,1,-1,-1,0,-40.791,-1,1,1,-1,-1,-1,-1,1,0,-19.588,-1,-1,-1,1,0,-30.264,1,-1,1,-47.272,-42.167,-1,1,1,0,0
1,1,0,-28.188,0.06843,1,0.14211,1,20.169,-17.913,-0.12500,1,0.39495,1,-40.765,1,0.58986,-0.37500,1,1,0,1,0.92001,-3.756,1,1,1,1,-14.471,1,0.25000,1,1,1,1
0,0,0,-1,-1,-0.649,0,0,0,0,-11.785,0,0,0,0,1,-1,0,0,-1,-1,23.381,0,1,1,1,-1,1,25.23,26.722,0,0,0,0,-33.114
1,1,0,0.64947,-0.07896,0.58264,-0.14380,-0.13129,-0.21384,0.29796,0.04403,0.38096,-19.257,0.28931,-34.859,0.03459,-0.18947,0.20269,-0.29441,0.15196,-0.29052,0.09513,-0.31525,34.759,31.082,0.03004,-0.25124,-0.00046,-0.23210,20.136,-17.134,-0.04717,-0.18950,0.01336,-0.27201
0,1,0,0,-47.514,0,47.8,0,0,0,0,1,-0.33333,0.16667,0.26042,0,0,0,0,0,0,-0.19792,-0.21875,-0.16667,-7.405,-1,0.5,0.04167,48.51,-0.22917,16.196,-0.12500,-0.27083,21.655,-0.93750
1,27.92,-27.012,1,0.05149,27.153,37.566,0.96142,0.14756,0.95513,5.284,0.66026,0.54701,0.80426,0.25283,0.73781,0.27380,0.66775,0.28714,0.59615,0.29304,0.52494,0.29200,0.45582,0.28476,0.39023,0.27226,0.32930,0.25553,0.27381,0.23568,0.22427,0.21378,20.9,0.19083
0,1,0,1,-0.09524,-1,-1,-1,-1,1,0.31746,0.81349,0.76190,-1,-45.127,-1,1,-16.478,18.65,1,1,0.68839,-1,18.584,-1,9.268,-29.097,1,1,1,0.50794,-1,-0.32540,-1,0.72831
1,1,0,0.93669,-0.00190,0.60761,0.43204,0.92314,-0.40129,0.93123,0.16828,0.96197,0.09061,0.99676,0.08172,0.91586,0.05097,0.84628,-37.954,0.87379,27.541,0.84871,21.391,0.75081,-0.03641,32.83,-0.02589,13.029,25.085,0.98544,0.09385,0.78317,-0.10194,0.85841,-0.14725
0,1,0,1,48.733,1,11.601,1,1,1,-0.5,1,35.574,1,1,1,19.447,0,0,1,1,1,1,1,-1,1,14.959,1,0.62500,-35.89,-0.75000,-0.75000,1,1,1
1,1,0,1,0.23058,1,-0.78509,1,-0.10401,1,0.15414,1,0.27820,-29.994,-0.06861,1,0.06610,0.95802,-0.18954,0.83584,6.286,0.97400,0.03728,0.99624,0.09242,1,-0.01253,0.96238,-0.04597,0.91165,0.985,-8.62,-24.156,43.063,-0.11717
0,1,-24.381,0.36876,-1,-1,-1,-0.07661,1,1,0.95041,-47.404,-0.38710,-1,-0.79313,1.881,1,0.48684,0.46502,0.31755,45.177,-0.14343,-0.20188,-0.11976,6.83,0.03021,-12.166,0.03443,-0.01186,-0.00403,-0.01672,-0.00761,0.00108,0.00015,0.00325
1,1,0,-41.965,0.38265,0.80804,-0.16964,1,-0.07653,0.98151,-0.07398,46.105,0.20663,0.99745,0.02105,0.98214,0.02487,1,-0.13074,0.95663,40.419,1,0.00191,0.90306,0.30804,1,-0.14541,1,-18.132,19.064,42.774,1,-0.18750,1,-0.05740
0,0,0,0,0,0,0,0,0,-39.305,0,0,0,1,18.009,1,16.407,1,-1,5.19,0,1,1,1,48.763,1,1,1,0,39.009,1,1,-1,0,0
1,-37.155,0,1,16.005,1,39.478,0.94623,-0.35094,1,-0.30566,0.92736,-0.49057,0.90818,-0.44119,0.75723,-0.58899,0.69748,-19.83,0.59623,-0.57579,-38.995,-0.70975,0.54465,-0.87327,9.828,-0.73333,0.35504,-0.76054,0.26352,-0.78239,0.16604,-0.73145,0.13994,-0.70000
0,1,46.469,0,0,0,0,0,0,-0.85000,-47.907,0,0,1,-1,0,0,-1,-1,-1,-1,1,-1,-5.143,-32.382,-33.716,1,-1,-0.20000,-37.1,-1,0,1,0,0
1,1,0,1,0.09091,0.95455,-0.09091,0.77273,0,1,0,0.95455,0,1,30.281,0.90909,-0.04545,17.389,0,1,0,0.86364,0.09091,0.77273,19.823,-18.345,0.04545,0.91541,0.02897,0.95455,0.09091,45.407,-0.09091,4.045,0.04545
0,0,0,0,0,-1,1,1,21.178,-1,-26.582,0,0,15.426,-1,-1,-0.31250,-45.964,-24.331,1,-1,1,-1,0,0,1,-1,-1,-1,0,0,1,-1,47.99,0
1,1,0,0.91176,-0.08824,0.97059,0.17647,0.82353,0.08824,0.91176,-0.02941,0.97059,-0.17647,0.97059,0.14706,-45.29,0.02941,1,0,-34.822,0,0.76471,0.11765,0.88235,16.173,41.174,0.02941,0.92663,0.02600,0.94118,-0.11765,-3.8,0.05882,40.762,0.05882
0,1,0,-1,-4.244,-1,0.15244,-11.215,1,-1,1,-1,-1,1,-23.445,-1,-0.23476,0.28301,-1,47.249,1,-0.31402,-1,-1,-1,1,-1,-1,-0.03578,1,-1,-1,20.752,5.306,1
1,1,0,0.47368,-0.10526,0.83781,-28.528,0.83155,0.02615,9.44,-0.05263,0.68421,0,0.79856,0.05028,0.78315,0.05756,0.84211,0.47368,1,9.054,47.937,0.07631,0.70301,0.08141,0.42105,0.21053,0.65419,0.08968,0.52632,-28.98,26.854,0.09534,0.57418,0.09719
0,1,0,-42.558,-0.5,0,0,-0.01923,-26.713,-48.625,0,0,0,0,0,-43.199,-1.088,0,0,0.31410,0.92949,-0.35256,0.74359,-0.34615,-0.80769,0,0,-0.61538,-0.51282,0,0,41.794,0,0,0
1,1,0,18.82,0.45455,1,46.698,0.81818,0.63636,1,-0.09091,1,0,3.601,-0.45455,22.514,0.27273,1,-0.63636,33.485,-0.27273,0.90909,-0.45455,1,0.07750,1,-0.09091,1,0.08867,1,0.36364,1,0.63636,6.112,0.27273
0,0,0,-1,-1,1,-1,-42.558,1,0,38.629,1,-1,1,-1,0,0,0,0,0,0,-1,1,1,-46.919,-1,1,-47.944,-39.619,16.217,0,1,0.5,0,0
1,1,0,0.45455,0.09091,0.63636,33.376,0.27273,0.18182,0.63636,0,4.784,21.033,0.45455,-21.066,-2.789,-0.01343,0.63636,-0.18182,0.45455,0,0.36364,-0.09091,0.27273,0.18182,0.36364,-0.09091,0.34442,-0.01768,0.27273,0,-8.715,0,0.28985,-0.01832
0,1,0,-1,-0.59677,0,0,-1,-43.175,0.785,1,0,0,0,0,0,-20.789,0,0,0,0,-1,14.86,-33.682,0,0.29839,0.23387,1,29.359,0,0,0,0,0,0
1,1,0,1,0.14286,-43.016,-44.285,14.874,0.71429,1,-0.14286,0.85714,-0.14286,1,0.02534,10.492,0,38.949,-0.14286,1,0.03617,1,-0.28571,1,0,0.28571,-0.28571,1,0.04891,1,0.05182,-13.904,0.57143,1,0
0,0,0,1,1,10.925,-35.304,1,1,1,1,1,1,1,-1,46.901,1,1,-1,1,-1,1,1,1,1,45.703,-1,12.378,1,1,-8.435,1,1,1,1
1,-40.954,0,0.87032,30.406,0.53945,0.82161,0.10380,0.95275,-0.38033,0.87916,-0.73939,0.58226,-0.92099,45.481,-0.82417,-0.24942,48.213,39.74,-0.24012,-0.82881,0.18823,-0.78699,0.51557,-8.59,0.69274,-0.24843,0.69097,0.10484,0.52798,0.39762,0.25974,0.56573,-0.06739,0.57552
0,0,0,1,-1,1,1,2.953,-1,17.47,1,1,-1,1,-1,1,-1,1,35.302,-7.749,1,1,1,1,-1,1,1,1,1,1,1,1,-12.698,30.504,-1
1,1,0,0.92657,35.708,0.89266,0.15766,20.015,0.19791,0.83675,41.674,0.80619,0.40198,0.76221,0.40552,0.66586,0.48360,0.60101,0.51752,0.53392,-1.52,0.48435,-15.576,0.42546,0.55684,0.33340,0.55274,0.26978,0.54214,-4.684,0.53448,0.14312,0.49124,0.11573,0.46571
0,0,-21.552,1,1,1,-1,1,-27.315,20.363,1,0,29.2,1,-1,0,0,0,0,0,0,-1,1,-15.874,1,0,0,1,1,0,0,-1,-1,0,1.218
1,1,0,0.93537,0.13645,0.93716,4.42,0.85705,-34.015,0.79039,0.47127,0.72352,0.59942,0.65260,0.75000,0.50830,0.73586,-32.051,0.82742,0.25539,0.85952,0.13712,0.85615,0.00494,0.88869,-8.528,6.727,-7.449,0.78004,-0.33169,0.71454,-0.38532,0.64363,-0.47419,0.55835
0,0,0,1,-1,-30.699,1,-1,-13.294,-35.117,1,1,1,-1,-1,-1,-1,1,1,1,-1,-1,-1,-1,-1,1,0,-42.831,-1,1,-1,34.416,1,-1,-40.603
1,1,0,-7.216,0.13069,-44.294,0.24323,0.64615,0.19038,0.36923,0.45577,44.609,0.46439,0.25000,0.57308,0.25192,47.846,-29.952,22.565,-0.09808,0.57500,-0.03462,0.42885,-0.08856,0.44424,-0.14943,0.40006,-0.19940,0.34976,-0.23832,0.29541,-0.26634,0.23896,-0.23846,0.31154
0,0,0,1,-1,29.492,1,1,-1,1,1,1,-1,1,1,1,18.639,1,-1,4.904,1,1,1,1,-1,18.275,-1,1,15.913,1,-5.4,1,-1,1,1
1,1,0,0.97467,0.13082,0.94120,0.20036,0.88783,-2.925,0.89009,0.32711,0.85550,0.45217,-3.719,0.52284,0.69946,0.58820,0.58548,0.66893,0.48869,-39.368,0.44245,-32.465,0.35289,0.75622,0.26832,0.76210,28.597,0.78541,0.07497,0.80439,5.048,0.77702,-0.10289,0.74242
0,0,0,0,0,-16.521,1,0,0,26.392,1,-21.933,0,1,-1,0,-36.16,0,0,0,0,0,0,0,0,0,0,1,44.967,21.72,0,-1,1,0,0
1,1,0,0.92308,0.15451,0.86399,0.29757,0.72582,0.36790,0.70588,0.56830,0.57449,0.62719,0.43270,0.74676,0.31705,43.403,0.19128,0.76818,2.119,0.76171,41.294,0.76969,-0.18479,0.71327,-0.29291,0.65708,40.026,-14.775,-0.46799,0.50131,-0.53146,-36.152,-0.56231,0.35095
0,0,0,0,0,-0.467,1,1,1,29.051,45.039,0,0,-1,-1,0,0,-1,-1,4.762,0,0,23.303,1,1,0,0,1,1,0,0,-14.629,1,0,0
1,1,-18.407,0.88804,0.38138,0.65926,0.69431,0.29148,0.87892,-0.06726,0.90135,-0.39597,0.80441,-21.723,0.56502,-0.82960,0.26906,-0.78940,-0.08205,-0.62780,-0.30942,-0.46637,-0.55605,-0.16449,-0.64338,0.09562,-27.121,25.798,1.253,6.889,-0.29838,0.47029,-0.09461,0.42152,0.12556
0,0,0,1,-1,47.752,1,1,1,-47.661,1,1,1,1,-1,24.194,1,1,1,1,-1,1,29.731,1,-30.078,1,-1,1,1,38.406,-1,1,1,1,1
1,1,0,0.73523,-0.38293,42.055,-18.208,0.78826,48.942,21.031,0.05252,1,0.21225,0.71947,0.28954,0.68798,0.32925,0.49672,-16.154,0.64333,-0.02845,-0.904,0.42528,0.53120,0.44872,0.94530,0.57549,0.44174,0.48200,0.12473,1,0.35070,0.49721,0.30588,0.49831
0,0,0,0,0,-2.419,0,0,0,0,0,0,0,0,0,44.652,0,0,0,0,0,0,0,0,0,-38.558,0,1,1,0,-34.744,0,-4.342,0,-8.25
1,1,0,0.94649,7.696,0.97287,-25.812,14.724,0.00372,0.95801,-17.609,0.94054,0.03530,0.97213,0.04719,0.98625,0.01858,34.036,0.07135,0.98551,-0.00706,8.264,0.04980,0.96358,0.07098,0.93274,0.08101,0.95243,0.04356,0.97473,0.00818,0.97845,0.07061,1,-0.00260
0,0,0,1,1,-47.822,-1,-1,-1.417,0,0,0,0,-1,34.102,-10.55,0,0,0,-9.971,0,-1,1,1,1,0,0,30.465,-1,0,0,-1,-1,-1,-1
1,1,0,0.50466,-0.16900,0.71442,12.796,0.71063,0.02258,22.512,14.038,0.34615,0.05594,15.894,0.04393,-39.856,0.05058,0.67023,0.05692,0.63403,-0.04662,0.64503,0.06856,0.63077,0.07381,0.84033,0.18065,0.59935,0.08304,0.38228,0.06760,0.56466,-20.895,0.54632,0.09346
0,1,0,0.68729,1,-3.541,-0.76087,-34.803,0.04348,0.76087,0.10702,0.86789,0.73746,5.137,0.18227,0.75920,0.13712,0.93478,0.658,0.70736,0.18729,0.64883,0.24582,0.60201,0.77425,1,-0.53846,-43.846,0.22216,0.71070,8.303,1,-0.06522,0.56522,0.23913
1,1,0,0.76296,-12.427,1,-0.29630,1,25.213,0.80000,0.06111,0.45556,48.989,1,-0.12581,1,-0.83519,0.49259,0.01852,0.82222,-0.05926,50.867,-0.19938,13.852,0.22037,0.69630,-0.26481,0.92148,19.923,0.78889,0.02037,0.87492,-0.27105,1,-0.57037
0,1,0,0.38521,0.15564,-35.445,0.07393,47.575,0.24125,0.23346,0.13230,-43.017,-9.192,0.24514,0.36965,0.08949,0.22957,-0.03891,0.36965,-36.793,0.24903,0.24903,0.09728,0.07782,0.29961,-0.02494,0.28482,-0.06024,0.26256,-0.14786,0.14786,30.347,0.31128,-0.19066,0.28794
1,1,0,0.57540,-0.03175,0.75198,-0.05357,0.61508,-0.01190,3.146,0.03373,3.977,0.09921,0.59127,-0.02381,0.62698,0.01190,-0.356,-1.308,0.60317,0.01587,0.47817,-0.02778,-25.579,0.03770,0.5,0.03968,0.61291,-0.01237,0.61706,-0.13492,26.871,-0.01389,0.62500,-0.03175
0,1,0,0.06404,-0.15271,-0.04433,0.05911,21.539,-0.02463,-0.01478,28.924,0.06404,0,0.12315,-0.09852,-12.465,0,0.01970,-0.02956,-4.59,-0.20690,0.06897,0.01478,0.06897,0.02956,0.07882,0.16256,-14.748,-44.28,-0.05911,-0.09360,0.04433,0.05419,0.07389,-0.10837
1,1,-4.83,0.61857,0.10850,0.70694,-0.06935,0.70358,0.01678,0.74273,0.00224,18.558,0.15772,0.71588,-18.409,12.441,19.172,49.127,-0.16555,0.68680,-0.09060,0.62528,-0.01342,0.60962,0.11745,0.71253,-0.09508,0.69845,-0.01673,0.63311,0.04810,0.78859,-0.05145,0.65213,-0.04698
0,-10.341,-25.466,0.25316,0.35949,0,0,-0.29620,-1,-29.677,0,0.07595,-0.07342,47.336,0,0,0,0,0,0,0,0.00759,0.68101,-10.789,0.33671,-0.10380,0.35696,0.05570,-1,0,0,0.06329,-1,-18.375,0
1,1,0,0.88103,-0.00857,0.89818,-0.02465,0.94105,-48.661,0.89175,-0.12755,0.82208,-0.10932,0.88853,0.01179,-29.685,-19.433,0.87138,-0.06109,0.90782,-0.02358,0.87996,-16.135,0.82851,-0.12433,0.90139,-0.19507,30.869,-0.14903,0.84352,7.955,0.88424,-0.18542,0.91747,-0.16827
0,1,28.248,0.42708,-0.5,0,0,0,0,0.46458,-39.374,0.58958,0.02083,0,0,0,0,0.16458,-0.45417,32.116,-0.18333,-22.958,33.946,0,0,0.98750,-0.40833,-1,-1,-0.27917,-3.304,0,0,0,0
1,1,0,0.88853,0.01631,0.92007,0.01305,0.92442,0.01359,0.89179,46.081,0.90103,-0.08428,45.119,-0.01033,0.93094,-43.598,0.86025,-0.05057,18.086,-0.04024,0.88418,-29.837,-13.978,-0.11909,0.82980,-0.14138,0.86453,-0.11808,0.85536,-0.13051,0.83524,-0.12452,0.86786,-0.12235
0,1,0,0,0,1,0.12889,0.88444,-0.02000,0,0,1,-0.42444,1,0.19556,28.764,5.0,1,-0.81556,0,0,1,-0.04000,27.872,-0.18667,0,0,-11.592,-1,0,48.05,1,49.831,0.90667,-0.09556
1,1,0,31.16,0.03714,0.85143,-0.00143,0.79000,0.00714,0.79571,-23.543,0.87571,27.979,0.85571,-0.06714,0.86429,0.00286,0.82857,-0.05429,0.81000,-46.577,10.048,-0.08429,0.84286,-0.05000,-31.953,-0.06857,0.81598,-0.08669,0.82571,-0.10429,0.81429,-0.05000,0.82143,-0.15143
0,1,0,0,0,40.904,0,0,0,0,0,0,0,-1,-41.039,-7.765,-36.201,0,-48.287,0,0,0,0,0,0,0,0,1,1,-31.143,0,0,0,0,0
1,1,0,0.49870,0.01818,0.43117,-0.09610,0.50649,-0.04156,0.50130,0.09610,0.44675,0.05974,0.55844,38.641,0.51688,-0.03636,0.52727,-0.05974,0.55325,-0.01039,0.48571,40.117,0.49091,0.147,-22.76,0,0.53215,-0.03280,0.43117,0.03377,0.54545,-46.369,21.638,-0.08571
0,0,0,0,0,0,29.029,0,0,0,0,38.84,0,0,0,17.282,0,38.869,0,0,0,31.7,0,0,48.496,0,0,1,-1,0,0,0,0,0,0
1,1,0,-27.875,0.5,1,0.25000,0.25000,-45.881,0.16851,0.91180,31.609,0.80454,-0.34107,0.60793,-0.43820,0.37856,-0.43663,0.16709,-0.36676,0.00678,-48.176,-0.09025,-0.16178,-0.12964,-0.07782,-0.12744,-0.02089,-0.10242,0.01033,-0.07036,0.02224,-0.04142,-11.083,-17.768
0,1,0,0,0,0,0,-3.097,6.006,-43.552,-1,0,0,1,-0.11111,0,0,0,0,-1,1,5.547,1,1,-1,0,0,-26.659,-1,0,0,0,0,46.713,1
1,1,0,0.87048,0.38027,0.64099,-31.501,0.31347,9.126,-0.03933,0.90740,-0.42173,0.79346,-0.70561,0.51560,-0.81049,0.22735,-0.81136,-0.12539,-0.67474,-0.38102,-9.633,-0.62861,-0.13013,-0.70762,0.15552,-0.66421,-35.345,16.069,0.52573,-0.29897,0.56239,-19.373,0.51460,0.16645
0,-33.838,0,0,0.729,-18.18,0,-24.531,0,-28.871,1,0,0,1,0.37333,-0.12000,-0.12000,0,0,-1,-1,0,0,1,-1,0,0,1,0.22667,0,0,27.477,0,0,0
1,1,-10.417,0.88179,0.43491,0.59573,0.77655,0.19672,-7.099,-0.24103,0.92544,-0.62526,-44.153,-0.86443,-30.456,-0.92384,-0.05338,-0.77356,-0.44707,-0.46950,-0.73285,-0.10237,-0.82217,0.26384,22.776,13.416,-0.55910,0.72147,-0.24433,0.72478,0.09599,0.58137,0.38915,0.34749,0.57656
1,1,0,0.32834,0.02520,-15.155,0.21278,0.14919,0.74003,-36.659,-19.151,-0.10312,16.643,-0.61352,0.25786,-0.94053,-0.05409,-0.13117,-0.14329,-0.30315,-0.44615,-0.11409,-11.603,0.02668,-0.22786,0.27942,-0.06295,0.33737,-0.11876,0.27657,-11.538,0.15078,0.13296,0.12197,0.20468
1,1,0,0.83427,0.39121,-43.004,0.78579,0.12326,0.89402,-0.33221,0.83578,-36.53,0.59564,-0.86622,0.21909,-0.84442,-0.24164,-0.59714,46.446,-0.19354,-0.87787,0.12439,-0.89064,0.51109,-0.72454,0.79143,-0.27734,0.83008,0.08718,-25.204,0.49079,-40.199,0.70011,-0.082,0.79444
1,1,0,-24.485,-0.03490,0.59085,0.00481,0.60409,-0.07461,-24.692,0.00963,0.62455,-0.07461,0.67028,0.07220,0.62936,-0.08424,0.67509,0.09146,-30.569,0,0.58965,0.10108,0.50060,0.03129,-7.237,0.14079,0.60463,0.02019,27.424,-7.638,0.61733,-0.00963,0.61372,-0.09146
1,1,0,0.74449,-0.02390,0.70772,0.03309,-22.626,0.16912,0.79228,-22.016,-37.927,40.786,0.63787,0.00551,0.70772,0.21691,12.921,0.06066,0.61029,0.05147,0.67463,0.04228,0.52022,-0.25000,22.48,-0.15809,0.61727,0.07124,0.30882,0.08640,0.55916,0.07458,0.60294,0.21691
1,1,0,0.61538,0.18923,0.78157,0.01780,0.77486,0.02647,0.65077,-0.10308,0.77538,-0.87,0.73961,0.05060,0.72322,0.05776,47.295,-0.08923,0.61692,0.16308,45.258,0.07573,0.63878,0.08041,0.60154,7.123,32.805,0.08767,0.55077,38.975,0.53389,0.09207,0.50609,0.09322
1,1,0,0.68317,0.05375,0.84803,0.00202,26.338,-38.374,-28.341,0.09901,-48.304,0.04102,0.81892,30.681,0.80738,0.00673,0.80622,-0.12447,0.77935,-0.03536,0.76365,0.00909,0.74635,0.00978,0.79632,-0.04243,0.70824,0.01096,0.62235,0.11598,-7.807,0.01190,0.64407,0.01227
1,1,28.697,0.5,-41.095,0.38696,0.10435,0.49130,0.06522,0.46957,-0.03913,-2.914,-0.12609,0.45652,0.04783,0.50435,0.02609,0.35652,0.19565,0.42174,0.14783,0.42174,13.972,0.32174,8.277,0.47391,-0.00870,0.41789,0.06908,0.38696,0.03913,14.633,0.14783,0.44783,0.17391
1,1,0,0.79830,-40.727,0.78129,0.20656,0.71628,-41.826,0.69320,0.41252,0.65917,0.50122,0.57898,0.60814,0.49210,0.58445,0.33354,0.67861,0.29587,0.63548,0.09599,-40.015,-45.432,-34.728,-0.08748,0.63183,-0.11925,0.60696,-0.18226,0.56015,-0.25516,0.51701,35.945,0.42467
1,-43.527,-10.824,1,0.09802,-12.265,0.25101,0.98390,0.33044,0.80365,0.53020,0.74977,0.60297,0.56937,0.71942,0.55311,0.74079,0.29452,0.82193,0.21137,0.79777,0.09709,0.82162,-0.01734,0.79870,-0.15144,0.75596,-0.22839,0.69187,-0.31713,42.643,42.328,0.54522,30.445,0.44534
1,1,36.106,0.89410,0.13425,0.87001,0.31543,13.453,0.43388,0.63388,0.59975,0.54003,-0.586,0.39699,0.76161,0.24266,0.79523,0.09134,0.79598,-0.09159,0.76261,-0.20201,0.66926,-0.30263,0.62610,0.684,-8.393,-0.46215,0.40753,-0.50314,0.27252,-38.22,0.19172,-0.48808,0.05972
1,1,44.576,0.94631,0.17498,14.327,0.055,0.85096,0.49960,0.73678,0.63842,-20.197,0.73838,8.393,0.83614,0.30459,0.90665,0.17959,0.93429,-0.00701,0.93109,-0.18880,0.89383,-17.979,0.82492,-0.46534,0.76482,-0.58563,0.66335,-0.67929,0.52564,-0.75321,0.42488,-0.81210,0.26092
1,1,-34.766,0.91767,26.676,0.86090,0.35543,46.079,0.45747,0.60425,0.69865,0.50376,0.74922,0.36100,0.81795,0.15664,-19.987,0.00396,0.85210,-0.16390,0.77853,-0.35996,0.76193,-0.43087,0.65385,-0.53140,0.53886,-0.60328,-30.834,-0.64511,39.77,-0.65710,0.13667,-0.64056,0.05394
1,1,-42.508,0.76627,0.21106,0.63935,32.536,0.48409,0.52500,0.15000,-10.32,0.13753,0.59565,-0.07727,0.44545,0,0.48636,-0.27491,0.42014,-0.56136,-42.663,47.663,0.18864,-0.40533,0.07588,-0.38483,-0.03229,-0.33942,-0.12486,-0.27540,-0.19714,-0.19962,-0.24648,30.42,-0.27218
1,-12.068,0,0.58940,-0.60927,0.85430,0.55298,0.81126,31.58,0.56623,0.16225,0.32781,28.383,0.50331,0.12252,-12.288,0.19868,0.71854,0.42715,0.54305,0.13907,0.65232,-10.532,0.68874,20.045,0.51872,0.26653,0.49013,0.27687,0.46216,0.28574,0.43484,0.29324,0.40821,0.29942
1,1,36.414,1,-22.711,16.406,28.593,0.81594,0.09677,0.71157,0.01139,0.56167,-0.07780,0.69070,0.12524,0.58634,0.03985,0.53131,-0.03416,0.69450,0.16888,0.72676,0.07211,0.32068,0.05882,0.53321,0.37381,-22.121,0.17951,0.15180,0.32448,9.374,0.18897,0.56167,0.15180
1,1,0,0.84843,42.454,0.80562,-0.02299,0.77031,34.817,0.66725,-0.06620,0.59582,42.884,0.67260,-0.05771,0.64260,-0.06438,0.39199,0.04530,0.71254,0.01394,0.55970,-2.073,0.53430,-0.08453,0.47038,-36.138,0.48659,-0.09128,0.52613,-0.08537,-25.912,-0.09621,0.42223,-0.09808
1,1,0,1,0.08013,0.96775,-0.00482,0.96683,-0.00722,0.87980,-0.03923,1,0.01419,39.73,-0.01436,0.95947,-0.01671,0.98497,0.01002,0.91152,-0.08848,0.95016,-38.774,0.94636,-0.02591,0.98164,0.02003,-12.344,31.498,-31.245,-0.05843,0.92774,-0.03464,0.92226,49.601
1,1,0,27.907,-0.12371,0.42784,-0.12371,0.70103,42.287,0.73196,0.07216,0.26289,-0.21649,0.49485,0.15979,0.45361,-0.11856,0.42268,-12.582,41.041,-0.27320,0.54639,0.18557,0.42268,0.08247,0.70619,0.385,0.53396,-0.12447,0.15464,35.679,0.47423,0.04124,0.45361,-0.51546
1,1,0,48.791,-0.04388,0.76530,-8.563,0.61432,0.36028,0.65358,-0.00462,0.64203,0.08314,14.203,-0.43418,0.72517,0.54965,0.59584,0.13857,0.63510,0.21940,5.541,-0.25404,0.70951,0.15359,0.64665,0.23095,0.68775,0.17704,0.61663,0.07621,0.925,0.19841,23.86,0.36721
1,1,0,0.50112,-0.03596,0.61124,0.01348,0.58876,-28.603,0.58876,-46.88,0.66742,-0.00449,0.179,0.148,0.66517,32.011,0.57303,0.02472,0.64719,-44.941,0.56854,0.14157,0.57528,-0.03596,0.46517,0.04944,0.56588,0.00824,0.47640,-0.03596,0.54607,0.10562,0.60674,-0.08090
1,1,0,0.71521,-0.00647,0.66667,-0.04207,0.63107,-0.05178,0.77994,0.08091,33.927,-5.349,-45.213,0.15858,0.60194,-0.01942,0.54369,-17.608,0.46926,-0.10032,0.64725,0.14887,0.39159,0.21683,0.52427,-0.05502,0.45105,0.00040,0.31392,-0.06796,-32.595,45.727,0.30421,-0.05178
1,1,0,0.68148,0.10370,0.77037,0.03457,0.65185,0.08148,0.60988,-0.00494,0.79012,0.11852,0.59753,0.04938,0.62469,0.09630,-10.93,-0.17531,0.73827,-0.10864,0.48642,-10.761,0.60988,0.08148,15.833,-0.12840,-47.627,22.257,0.76543,0.02222,0.61235,-0.07160,0.51358,34.379
1,1,0,0.60678,-0.02712,0.67119,15.093,0.52881,0.366,0.50508,0.03729,0.70508,-0.07797,49.317,-0.02034,0.53220,0.07797,0.64068,0.11864,0.56949,-0.02373,0.53220,-21.924,0.71525,24.273,0.52881,-0.03390,0.57262,0.00750,0.58644,-0.00339,0.58983,-10.576,0.50169,0.06780
1,1,-3.389,0.49515,-33.625,0.29612,0.05825,0.34951,0,-4.048,-0.02427,0.58252,-48.671,-22.68,0.04854,0.52427,39.922,0.47087,-0.10680,0.43204,0.00485,0.34951,0.05825,0.18932,0.25728,0.31068,-0.15049,0.36547,0.03815,0.39320,0.17476,0.26214,0,0.37379,-0.01942
1,1,0,0.98822,0.02187,-4.694,0.34100,0.83904,36.213,-22.729,0.48906,0.73584,0.51879,0.55076,0.60179,0.43130,0.66237,0.31800,0.70443,0.28379,0.68873,0.07515,0.73696,9.054,0.71284,-0.16489,0.69714,-0.16556,0.60510,-0.16209,0.55805,22.267,-7.062,-0.33483,0.37465
1,1,0,0.97905,0.15810,9.042,0.35237,-31.978,-18.277,0.71760,32.561,0.58827,0.73743,0.40349,0.83156,0.25140,-21.351,0.04700,0.85475,-0.12193,0.79749,-0.26180,0.80754,-0.37835,0.71676,-0.51034,0.58324,-0.57587,0.46040,-0.61899,0.30796,-0.65754,0.18345,19.585,0.02968
1,1,0,0.99701,0.21677,-16.362,14.755,0.76902,0.62415,0.53312,0.78120,0.36774,0.88291,0.10107,0.83312,-48.697,0.89274,-0.28269,0.72073,-0.43707,0.61688,-0.55769,0.48120,-0.65000,42.929,-0.64658,0.15908,30.772,0.02277,-48.94,-0.13462,-0.54615,-0.22949,-0.47201,-0.35032
1,2.239,0,0.94331,0.19959,45.577,-21.201,0.80514,0.56569,0.56687,46.317,0.41836,0.83230,0.14939,0.89489,49.471,-34.673,-0.24742,0.83939,-0.42811,0.75554,-0.50251,0.62563,-0.65515,0.50428,-0.68851,0.30912,-0.77097,0.15619,-0.75406,-0.04399,-0.75199,-0.17921,-0.66932,-0.34367
1,1,-26.454,0.93972,0.28082,0.80486,0.52821,0.58167,0.73151,-2.147,0.80511,0.10797,0.90403,-0.20015,26.703,17.845,0.82163,-0.58835,0.62867,-0.76305,0.40368,-0.81262,0.18888,-0.81317,-0.04284,-0.75273,-0.26883,-0.63237,-0.46438,-0.46422,-0.61446,-11.615,-23.824,-0.08937,-0.71273
1,1,0,0.89835,0.35157,0.67333,0.62233,0.43898,0.94353,-0.03643,0.80510,-0.22838,0.75334,-0.25137,0.48816,-44.672,0.28415,9.007,0.10591,-0.47359,-0.06193,-0.81056,10.839,-0.33197,-41.747,-0.12897,-0.53620,0.07158,-0.51925,-42.771,-0.43478,0.36586,-0.30057,-1.344,0.13297
1,1,0,0.29073,0.10025,0.23308,0.17293,0.03759,0.34336,1.561,15.443,0.06266,0.21303,-0.04725,0.12767,-0.06333,-21.897,-0.06328,0.04097,-0.05431,0.01408,-0.04166,-0.00280,-0.02876,25.926,-0.01755,-37.418,-0.00886,-0.01475,-0.00280,-0.01250,0.00096,30.262,0.00290,-0.00647
1,1,0,0.58459,-0.35526,1,0.35338,0.75376,-43.192,3.943,0.19361,0.50188,-0.27632,0.65977,0.06391,0.69737,0.14662,20.811,3.038,0.76128,0.04511,0.66917,0.20489,0.84774,-0.40977,0.64850,-0.04699,0.56836,-26.741,0.52820,-0.13346,0.15602,-0.12218,-40.323,-0.10309
1,1,-20.823,0.83609,0.13215,0.72171,0.06059,0.65829,0.08315,0.23888,0.12961,0.43837,0.20330,0.49418,11.257,0.44747,0.13507,0.29352,0.02922,0.48158,0.15756,5.13,0.14616,-17.393,0.14638,0.26436,0.14530,-36.364,21.37,0.26429,0.16137,0.18767,0.13632,0.16655,0.13198
1,1,0,0.94080,0.11933,0.217,0.01038,0.85124,0.01546,-1.596,-0.00278,0.84459,0.10916,-43.523,0.03027,0.82680,0.03506,0.74838,0.01943,0.80019,-13.983,0.80862,0.04901,0.80259,0.05352,0.77336,0.02220,0.79058,0.06235,0.85939,-45.862,27.117,0.07090,0.77269,0.07508
1,1,0,0.87111,-11.557,0.79946,0.18297,0.99009,0.29292,0.89455,-0.08337,0.88598,-0.02028,0.90446,-0.26724,0.89410,-31.061,0.88644,-0.04642,0.84452,-0.00991,0.97882,32.761,0.78954,-0.25101,0.86661,-0.09193,0.85967,-0.02908,0.78774,47.706,-25.187,0.21812,-28.308,0.09193
1,1,0,0.74916,0.02549,0.98994,-35.705,0.75855,0.12877,0.74313,-0.09188,0.95842,0.02482,0.97921,-0.00469,0.96110,0.10195,0.91482,-11.145,-23.295,45.187,0.81221,29.756,1,0,0.71764,-0.01207,0.82271,0.02552,0.72435,-0.01073,0.90409,0.11066,49.369,0.02750
1,1,0,0.47337,0.19527,0.06213,-0.18343,0.62316,0.01006,0.45562,-0.04438,0.56509,0.01775,0.44675,0.27515,0.71598,-0.03846,37.731,0.12426,23.826,0.11538,0.52767,0.02842,25.851,-0.10651,8.713,-0.02367,0.46514,0.03259,31.223,0.25148,34.642,-0.14497,0.34615,-0.00296
1,1,0,0.59887,0.14689,41.565,-0.13936,0.85122,-0.13936,0.80979,0.02448,22.212,0.02825,0.67420,-0.04520,17.577,-16.975,-43.957,-0.24482,0.81544,-0.14313,0.70245,-0.00377,0.33333,-32.608,0.56121,-0.33145,0.61444,-0.16837,0.52731,-0.02072,0.53861,-0.31262,0.67420,-0.22034
1,1,-48.272,-29.416,-0.03397,0.86412,-0.08493,0.81953,0,0.73673,-0.07643,0.71975,-0.13588,26.435,-0.11677,-42.392,-0.18684,-18.807,-0.21231,0.61996,-0.10191,0.79193,-0.15711,0.89384,-0.03397,0.84926,-0.26115,0.74115,-41.025,0.66242,-0.22293,0.72611,-0.37792,0.65817,-0.24841
1,1,0,0.87772,-0.08152,0.83424,0.07337,0.84783,0.04076,20.72,-41.277,0.77174,-0.05707,-14.648,-4.862,0.67935,-0.00543,0.88043,-0.20924,0.83424,-18.881,0.86413,-0.05978,0.97283,-0.27989,0.85054,-0.18750,0.83705,-0.10211,0.85870,-0.03261,0.78533,-0.10870,-28.397,-0.00543
1,1,0,0.74704,-0.13241,0.53755,-11.615,0.72727,0.09486,0.69565,26.611,0.66798,-0.23518,0.87945,-0.19170,0.73715,0.04150,0.63043,26.226,0.63636,-0.11858,0.79249,-0.25296,0.015,-0.28656,24.053,-0.10474,0.61847,-0.12041,0.60079,-0.20949,0.37549,-33.045,0.61067,-0.01383
1,1,0,0.46785,0.11308,0.58980,0.00665,0.55432,0.06874,0.47894,-0.13969,0.52993,0.01330,0.63858,-19.156,0.67849,-0.03326,0.54545,20.027,0.52993,31.304,0.47894,-34.734,0.50776,-0.13525,0.41463,-0.20177,0.53930,-0.11455,0.59867,-0.02882,0.53659,-0.11752,35.256,-16.967
1,1,0,18.077,0.27475,0.72125,0.42881,0.61559,0.63662,0.38825,0.90502,0.09831,0.96128,21.652,0.89200,-0.35737,0.77500,-0.65114,0.62210,-0.78768,0.45535,46.981,0.19095,-0.83943,-0.08079,-0.78334,-8.575,-0.67557,-0.45511,-48.061,-0.60858,-0.30512,-0.66700,47.567,-0.75597
1,1,0,0.93147,5.842,0.79917,0.55756,21.319,0.71596,0.26203,0.92651,0.04636,38.432,-0.23237,0.95130,-0.55926,0.81018,-0.73329,0.62385,-0.90995,0.36200,-0.92254,26.98,-0.93618,-0.19838,-0.83192,-0.46906,-0.65165,-0.69556,-0.41223,25.302,-0.13590,-27.951,0.10007,-0.94823
1,1,0,0.88241,0.30634,0.73232,0.57816,0.34109,0.58527,0.05717,1,-0.09238,-16.03,-0.62403,0.71996,-30.16,0.32558,-0.81422,18.062,-1,8.431,-0.78973,-0.41085,18.815,-0.45478,-0.57242,-0.67605,-44.443,-0.81876,-0.02979,-0.86841,0.25392,-0.82127,0.00194,-0.81686
1,1,0,0.83479,0.28993,12.849,0.47702,25.6,0.68381,27.906,0.86761,-37.782,0.85011,-0.35558,0.77681,-0.52735,0.58425,-0.70350,0.31291,-0.75821,0.03939,-0.71225,-0.15317,-0.58315,-0.39168,20.757,-0.52954,-0.16950,-0.60863,0.08425,-0.61488,32.236,-0.48468,0.40591,-0.35339
1,1,0,0.92870,0.33164,0.76168,0.62349,50.226,0.84266,0.21592,0.95193,-0.13956,0.96167,-0.47202,0.83590,17.74,11.256,-0.87474,0.36750,-0.91814,0.05595,-0.89824,-0.26173,-0.73969,-0.54069,-0.50757,-0.74735,-0.22323,-0.86122,0.07810,33.703,0.36021,-37.671,0.59407,13.356
1,1,0,0.83367,0.31456,0.65541,0.57671,1.296,8.719,0.17293,0.78947,-0.18976,0.79886,-0.41729,0.66541,-10.304,0.47744,-0.74725,0.19492,-0.72180,-0.04887,-31.595,-0.28195,-0.49165,-0.53463,-0.26577,-0.66014,-0.01530,-0.69706,0.22708,-0.64428,6.873,-0.51206,42.744,-0.30075
1,1,0,0.98455,-0.02736,0.98058,42.537,21.28,-0.07635,0.98720,0.01456,0.95278,-0.02604,0.98500,-0.07458,0.99382,-0.07149,0.97396,40.624,0.97264,-0.12224,42.704,14.705,0.95278,-0.08914,0.97352,-0.08341,0.96653,-0.12912,0.93469,-0.14916,16.801,-0.15755,0.96778,-0.18800
1,1,0,0.949,21.258,0.94170,0.01001,0.94994,-0.01472,0.95878,-0.01060,0.94641,-0.03710,0.97173,-37.676,0.97055,-0.03887,0.95465,-0.04064,0.95230,-0.04711,0.94229,-0.02179,0.92815,-0.04417,0.92049,-0.04476,0.92695,-0.05827,-17.242,4.116,0.91991,-43.081,0.92049,-0.07420
1,1,0,0.97032,-0.14384,0.91324,-0.00228,0.96575,-11.796,0.98630,0.18265,32.577,0.00228,0.93607,3.056,0.91324,12.098,0.86758,-0.08676,0.97032,-0.21233,1,0.10274,-36.342,-0.05251,0.92466,0.06849,0.94043,-0.09252,0.97032,-0.20091,33.134,-0.08676,0.96575,-0.21918
1,1,0,15.059,1.128,0.94915,0.08475,0.52542,-0.16949,0.30508,-0.01695,0.50847,-0.13559,0.64407,0.28814,0.83051,-0.35593,0.54237,0.01695,49.872,34.204,0.59322,0.30508,0.86441,0.05085,-17.227,0.15254,0.67287,-44.766,0.66102,-0.03390,0.83051,-0.15254,0.76271,-0.10169
1,1,0,0.33333,-0.25000,6.243,0.22222,0.38889,0.16667,0.41667,0.13889,0.5,-34.481,0.54911,-0.08443,0.58333,0.33333,0.55556,0.02778,0.25000,-0.19444,0.47222,-0.05556,-36.371,-15.324,0.38889,0.08333,0.41543,-49.403,0.19444,-0.13889,0.36924,-0.14809,0.08333,5.993
1,1,0,0.51207,1,1,0.53810,0.71178,0.80833,45.116,26.88,0.33081,1,-38.054,1,-0.17416,1,-0.33081,0.98722,-12.261,1,-0.52674,-15.797,-0.88500,0.47894,-1,0.35175,-1,0.09569,-18.534,-0.16713,-1,-0.42226,-0.91903,-0.65557
1,1,37.996,0.75564,0.49638,0.83550,0.54301,0.54916,0.72063,0.35225,0.70792,0.13469,-38.786,-0.09818,0.93778,26.808,0.82223,-0.52742,0.71161,4.874,0.67989,-0.70163,0.24956,-0.79147,0.708,-0.98988,-0.29099,-0.70352,-28.714,-0.63312,-0.19185,-0.34131,-0.60454,-0.19609,-0.62956
1,1,0,34.172,0.42904,0.72113,0.58385,0.45625,0.78115,0.16470,0.82732,-0.13012,0.86947,-0.46177,0.78497,-0.59435,-23.234,-0.78470,0.26529,-0.84014,0.03928,-0.62041,-0.31351,-3.277,-0.48905,44.698,-45.771,30.078,-0.62691,0.14690,-0.45911,0.37093,-0.39167,0.48319,-0.24313
1,1,-2.006,0.93658,0.35107,0.75254,33.531,0.45571,0.88576,0.15323,0.95776,-0.21775,0.96301,-0.56535,0.83397,-14.854,-19.655,-0.93104,0.26020,-2.95,-0.06418,-0.87028,-32.172,-0.65079,-0.67464,-0.36799,-0.84951,-0.04578,-0.91221,0.27330,-0.85762,0.54827,-0.69613,0.74828,-0.44173
1,38.347,-7.797,0.92436,0.36924,0.71976,0.68420,0.29303,0.94078,-0.11108,0.76527,-0.31605,0.92453,-0.66616,0.78766,-0.92145,0.42314,-0.94315,0.09585,11.311,0.03191,-0.66431,-0.66278,-0.46010,-0.78174,-21.519,-0.88082,0.19765,-0.85137,0.48904,-0.70247,0.69886,-0.46048,-37.904,48.526
1,1,0,1,0.16195,1,-0.05558,1,0.01373,1,-0.12352,-3.597,-0.01511,1,-48.997,1,-0.06374,1,-0.07157,1,-12.411,1,-0.10108,1,-46.428,1,-5.643,1,-0.06823,1,-46.919,1,-0.14194,1,-0.07439
1,1,0,-2.125,-0.00155,0.86421,-44.983,0.94982,-0.00461,0.82809,-0.51171,0.92441,0.10368,1,-0.14247,0.99264,-0.02542,0.95853,-0.15518,0.84013,0.61739,1,-0.16321,0.87492,-6.578,0.85741,-0.01664,0.84132,-0.01769,0.82427,-34.194,50.111,-40.85,0.78761,-0.02039
1,1,0,0.79378,0.29492,0.64064,0.52312,0.41319,0.68158,-21.617,0.83548,-15.633,0.78772,-0.42911,0.72328,-0.57165,0.41471,19.646,-16.758,-0.69977,-0.09856,-0.57695,-0.23503,-0.40637,-0.38287,-0.17437,-41.234,0.01523,-0.48707,0.19030,-0.38059,0.31008,-0.23199,44.0,-0.08036
1,1,0,0.88085,-19.527,0.68389,0.65128,0.34816,0.79784,0.05832,0.90842,-0.29784,0.86490,-0.62635,0.69590,31.589,0.39309,-0.85803,24.875,40.216,-0.24017,-33.044,-0.50022,-25.006,-0.68337,-0.11147,-0.75533,0.17041,-0.71504,0.40675,-0.57649,0.56626,-0.36765,0.62765,-0.13305
1,1,0,0.89589,0.39286,0.66129,0.71804,-17.421,0.90824,-0.04787,-14.649,-0.45725,0.84605,-0.77660,0.58511,-0.92819,0.25133,-0.92282,-0.15315,-0.76064,41.516,-0.50931,-0.76197,-0.14895,-0.88591,0.21581,-22.647,0.53229,-0.68593,0.74846,-0.40656,0.83142,45.593,-41.253,0.27926
1,1,0,1,-0.24051,1,-25.783,0.87342,-0.10127,0.88608,0.01266,1,-44.572,0.92405,0.06329,0.84810,-17.433,0.63291,-0.36709,0.87342,-0.01266,-10.073,0.06329,1,0.25316,48.1,-0.37975,0.84637,-0.05540,1,18.723,0.53165,0.02532,0.83544,-0.02532
1,1,0,0.74790,0.00840,0.83312,5.817,0.82638,0.02469,0.86555,-34.151,0.60504,0.05882,0.79093,0.04731,0.77441,-23.113,0.64706,0.19328,28.792,0.04202,0.71285,0.07122,0.68895,0.07577,-8.448,0.08403,0.63728,0.08296,0.61345,0.01681,0.58187,-4.396,0.55330,0.08891
1,1,0,37.223,0.01809,-21.236,-17.148,0.92046,0.02180,0.92765,0.08010,0.87597,-31.223,0.91161,29.45,0.90738,0.05018,0.87339,0.02842,0.95866,0,0.89097,0.07047,0.88430,0.07697,0.83721,0.10853,0.86923,0.08950,0.87597,0.08786,0.85198,0.10134,49.201,0.10698
1,1,15.692,1,-0.01179,1,20.832,1,-0.01565,1,-0.01565,1,-0.02809,1,-0.02187,0.99828,-0.03087,0.99528,-0.03238,0.99314,-0.03452,1,26.745,8.602,-0.05039,-24.334,-25.367,0.99842,-0.05527,0.99400,-0.06304,0.99057,-0.06497,0.98971,-0.06668
1,1,-12.775,0.89505,-0.03168,0.87525,0.05545,0.89505,49.305,0.92871,0.02772,0.91287,-0.00990,0.94059,-0.01584,0.91881,8.79,0.93663,0,15.315,0.01386,26.951,0.00792,0.88713,-0.01782,0.89307,0.02376,-1.763,0.01611,0.88119,0.00198,0.87327,0.04158,0.86733,0.02376
1,1,0,0.90071,0.01773,1,34.807,0.90071,9.975,0.84752,-44.595,1,0.03546,0.97872,0.01064,0.97518,0.03546,1,-0.03191,0.89716,-0.03191,0.86170,0.07801,36.562,0.09220,0.90071,0.04610,0.94305,0.03247,0.94681,-26.662,1,0.01064,0.93617,-12.224
1,1,0,0.39394,-0.24242,0.62655,0.01270,0.45455,42.926,0.63636,0.09091,0.21212,-0.21212,0.57576,0.15152,0.39394,0,0.56156,-47.556,-8.345,0.03030,0.78788,47.217,0.30303,-0.15152,0.48526,0.05929,0.46362,0.06142,-40.514,-0.03030,0.41856,23.545,0.39394,0.24242
1,1,2.84,0.86689,0.35950,0.72014,37.249,0.37201,0.83049,0.08646,0.85893,-0.24118,0.86121,-0.51763,0.67577,31.54,0.41524,26.733,0.09898,-0.69397,-0.13652,-0.49488,-0.42207,-0.32537,-0.57679,-0.02844,-0.59954,0.15360,31.205,0.32309,-0.37088,0.46189,-0.19681,-17.718,0.01820
1,1,0,0.89563,0.37917,0.67311,7.55,0.35916,0.88696,-0.04193,0.93345,-0.38875,0.84414,-0.67274,0.62078,-0.82680,0.30356,-0.86150,-0.05365,0.366,10.163,-0.51778,-0.62443,-0.23428,-0.73855,-19.272,-0.73856,0.33531,-47.455,0.52414,-0.42086,34.063,-0.17343,0.60073,0.08660
1,1,0,0.90547,0.41113,0.65354,0.74761,0.29921,0.95905,-0.13342,0.97820,-0.52236,-48.505,-0.79657,0.55086,-0.96631,23.515,39.384,-16.572,-0.71863,-0.59379,-0.41546,25.664,-0.02250,38.667,0.36318,-0.85368,0.67538,-0.61959,0.85977,-0.28123,0.88654,0.09800,0.75495,0.46301
1,1,0,1,1,50.267,0.06158,0.12993,0.92713,-42.073,0.93596,-0.31527,0.37685,-0.87192,0.36946,-0.92857,39.738,-0.38916,-0.34236,-0.46552,-0.82512,-0.05419,-0.93596,0.25616,-0.20443,0.73792,-0.45950,31.985,-0.06831,1,-0.609,0.38670,0.00246,0.17758,-17.891
1,1,0,23.243,-33.806,0.45455,-40.085,0.06061,27.553,-0.32104,0.73062,-0.45455,0.48485,-0.57576,0,-0.57576,-0.12121,-0.33333,-0.48485,-28.932,-0.84848,0.48485,-0.57576,0.57576,-0.42424,1,-0.39394,0.72961,0.12331,0.96970,0.57576,0.24242,0.36364,-22.544,0.33333
1,1,4.464,0.88110,0,-15.5,-0.02744,15.188,-0.01220,38.22,0.01829,0.90244,0.01829,0.93902,0.00915,0.95732,0.00305,1,0.02744,0.94207,-0.01220,0.90854,0.02439,-28.644,46.992,0.99695,0.04878,0.89666,0.02226,0.90854,0.00915,1,0.05488,0.97561,-0.01220
1,1,-49.668,35.951,0.08156,0.79078,-0.08156,0.90426,3.262,0.92908,0.01064,-44.041,0.08865,0.94681,-0.00709,0.94326,-3.168,0.93262,0.20213,38.271,-0.00709,0.91489,0.00709,0.80496,0.07092,0.91135,0.15957,0.89527,0.08165,0.77660,0.06738,0.92553,0.18085,0.92553,0
1,32.069,0,0.74468,0.10638,0.88706,0.00982,0.88542,0.01471,0.87234,-0.01418,0.73050,0.10638,0.87657,0.02912,0.87235,0.03382,28.278,0.07801,0.95035,0.04255,-42.047,-48.356,0.84931,0.05178,0.87234,0.11348,0.83429,0.06014,-48.0,-0.03546,0.81710,-42.725,0.80774,0.07173
1,1,0,-25.33,0.03727,0.89951,0.00343,0.89210,0.00510,0.86335,0,0.95031,0.07453,0.87021,-9.424,-18.49,0.01151,0.83851,-0.06211,0.85714,0.02484,0.84182,0.01603,-0.988,0.01749,0.79503,-0.04348,0.82111,10.195,0.81988,0.08696,0.80757,0.02308,-44.942,0.02441
1,1,41.972,0.97513,0.00710,0.98579,0.01954,1,0.01954,0.99290,0.01599,0.95737,-23.751,1.831,0.03552,1,0.03730,0.97869,0.02131,46.458,0.05684,-4.253,0.04796,0.94494,0.05506,0.98401,0.03552,0.97540,0.06477,31.12,0.08171,0.99112,0.06217,0.98934,0.09947
1,1,0,-39.022,0.01105,1,0.01105,1,0.02320,0.99448,-0.01436,0.99448,-0.00221,26.115,2.945,-47.299,0.00884,0.97569,-13.212,0.97901,0.01657,0.98011,0.00663,0.98122,0.02099,0.97127,-0.00663,0.98033,0.01600,0.97901,0.01547,0.98564,-4.206,0.98674,0.02762
1,1,0,1,-0.01342,1,0.01566,1,-0.00224,1,0.06264,0.97763,0.04474,0.95973,0.02908,-33.358,0.06488,-12.076,0.03356,1,0.03579,6.492,0.09396,0.95749,0.07383,10.48,0.10067,-8.51,0.08763,0.99105,0.08501,1,0.10067,-34.021,0.10067
1,1,0,0.88420,25.383,0.67123,12.64,0.39613,-1.459,-47.784,0.93182,10.959,0.83713,-0.60316,0.58842,-0.78658,0.38778,-0.83285,-0.00642,-0.69318,-0.32963,-0.52504,-0.53924,-0.27377,-0.68126,0.00806,-0.69774,0.26028,-0.60678,-20.43,-0.43383,0.54209,-0.21542,0.56286,0.02823
1,1,0,0.90147,0.41786,0.64131,35.286,0.30440,0.95148,-0.20449,0.96534,-34.597,0.81191,-0.81857,-16.719,-0.96986,0.10345,-0.91456,-34.249,-0.70163,-0.65461,-0.32354,-0.88999,0.05865,-45.488,0.44483,-24.777,0.74105,-0.55231,0.89415,-0.18725,0.87893,0.20359,0.70555,0.54852
1,1,20.048,0.32789,0.11042,0.15970,0.29308,0.14020,0.74485,-0.25131,0.91993,-0.16503,0.26664,-19.719,0.24865,-33.092,-0.00337,-0.23227,-5.244,-0.30522,-0.48886,-0.14426,-0.89991,0.09345,-0.28916,-14.303,-0.18560,0.39599,-0.11498,26.188,0.05614,0.21443,0.20540,0.13376,0.26422
1,1,-19.032,0.65845,0.43617,0.44681,-46.826,-26.737,0.85106,5.152,0.82139,-0.68253,0.52408,-0.84211,0.07111,-10.76,-0.28723,-0.47032,-0.71725,-0.04759,-0.86002,0.23292,-0.76316,0.56663,-0.52128,0.74300,-0.18645,0.74758,21.756,0.45185,0.59071,0.20549,0.76764,-0.18533,0.74356
1,1,0,0.19466,0.05725,0.04198,0.25191,-0.10557,0.48866,-0.18321,-0.18321,-0.41985,-49.349,-0.45420,0.09160,-0.16412,-0.30534,-40.314,-36.665,-11.457,-0.17557,0.34012,-0.11953,0.28626,21.164,0.21645,0.24692,0.03913,0.31092,-0.03817,-38.2,-0.16794,0.16794,-0.30153,-0.33588
1,1,-43.665,0.98002,0.00075,1,0,0.98982,-0.00075,-28.44,0.02394,0.97700,0.02130,0.97888,0.03073,-45.791,0.02338,0.93929,0.05713,0.93552,0.05279,0.97738,0.05524,1,0.06241,0.94155,0.08107,0.96709,0.07255,-18.555,40.984,0.98190,7.052,0.97247,0.08616
1,1,7.986,0.82254,-0.07572,0.80462,-37.823,4.247,-0.01214,0.86821,40.55,0.72832,27.346,0.84624,0.05029,0.83121,-36.341,0.74798,0.06705,0.78324,0.06358,0.86763,-0.02370,0.78844,-0.06012,0.74451,-0.02370,0.76717,-0.02731,0.74046,-0.07630,0.70058,-0.04220,0.78439,0.01214
1,1,0,0.35346,-0.13768,46.745,32.546,0.68195,-0.03574,0.55717,-0.06119,0.61836,-42.166,0.62099,-0.06527,0.59361,-0.07289,17.461,-0.26409,0.58213,0.04992,0.49736,-0.08771,-12.185,-9.162,0.45008,-0.00564,0.39146,-0.09038,0.35588,-0.10306,0.32232,-0.08637,0.28943,-0.08300
1,1,0,0.76046,0.01092,0.86335,-15.72,0.85821,0.00384,0.79988,46.383,0.81504,0.12068,0.83096,0.00744,0.81815,0.00854,26.655,-0.06974,0.76531,0.03881,0.76979,0.01148,0.75071,-34.641,0.77138,-0.00303,0.70886,38.041,0.66161,0.00849,0.66298,0.01484,12.475,0.01525
1,1,0,0.66667,-0.01366,0.97404,-6.518,-44.234,40.248,-0.461,-0.00273,0.65164,-0.14071,0.40164,-0.48907,0.39208,0.58743,0.76776,0.31831,0.78552,0.11339,-30.968,-0.44945,1,0.00683,0.60656,42.927,0.68656,0.17088,0.87568,0.07787,0.55328,0.24590,0.13934,0.48087
1,1,0,1.068,0.08298,0.73739,-0.14706,0.84349,-0.05567,0.90441,-0.04622,0.89391,0.13130,0.81197,0.06723,23.049,-0.08929,1,-0.02101,-29.135,0.06618,0.87605,-40.523,0.77521,0.06618,0.95378,-0.04202,0.83479,0.00123,1,0.12815,-21.287,-33.847,0.90546,-0.04307
1,1,0,1.321,0.00419,0.95183,-0.02723,28.921,-0.01920,-40.195,0.01606,0.96510,0.03281,-5.246,0.07330,0.94625,-0.01326,0.97173,0.00140,0.94834,0.06038,0.92670,18.856,0.93124,0.10087,0.94520,0.01361,-4.706,0.04925,0.93159,0.08168,0.94066,-0.00035,0.91483,0.04712
1,1,0,0.94701,-31.563,0.93207,-0.03227,0.95177,-0.03431,0.95584,0.02446,0.351,0.01766,0.92595,0.04688,-23.768,-0.01461,0.94837,0.02004,0.93784,0.01393,-18.645,0.07677,44.228,0.06148,0.93988,0.03193,0.92489,0.02542,0.92120,-42.667,0.92459,0.00442,0.92697,-0.00577
1,-24.86,28.025,0.90608,-0.01657,-27.807,-0.01989,0.95691,-0.03646,-26.523,0.00110,0.89724,0.754,0.89061,-0.01436,0.90608,-0.04530,0.91381,-0.00884,0.80773,47.135,0.88729,0.01215,0.92155,-0.02320,0.91050,-0.02099,0.89147,-0.07760,0.82983,-0.17238,0.96022,-0.03757,0.87403,-0.16243
1,1,0,0.84710,0.13533,0.73638,43.768,0.87873,37.892,0.88928,-0.09139,32.928,0.06678,0.80668,-0.00351,0.79262,-0.01054,0.85764,-0.04569,0.87170,-0.03515,0.81722,-0.09490,0.71002,0.04394,11.999,-17.252,0.81147,-0.04822,0.78207,-0.00703,0.75747,-0.06678,0.85764,-23.027
