1,3.131,-22.31,-24.431,18.51,0.85243,0.02306,0.83398,-11.646,-11.953,16.25,-10.215,-20.144,-3.063,-8.177,10.365,-0.38223,0.84356,-0.38542,4.343,-19.305,10.866,-0.29674,-25.262,18.022,0.56811,-12.931,0.41078,-0.46168,0.21266,8.493,0.42267,-43.203,0.18641,-37.136
0,-35.035,-26.391,-31.518,-48.943,-48.684,-42.483,-0.10868,-44.703,-26.264,39.418,0.50874,-0.67743,-17.62,-0.69707,38.379,-34.715,0.929,-0.62237,0.33109,-1,-39.842,-29.08,-0.18056,-9.963,-0.20332,-0.26569,20.662,-0.18401,23.539,-0.11593,-0.16626,-7.087,-40.518,31.131
1,1,47.591,-11.324,-0.03365,-8.48,-0.606,50.299,-0.12062,0.88965,3.288,21.199,-45.27,35.369,-3.799,0.54591,0.00299,46.731,-24.356,44.067,-0.08540,-43.306,23.801,0.43385,-29.604,0.57528,46.586,48.509,-0.22145,0.43100,-0.17365,-13.799,-0.653,0.56045,-13.429
0,1,4.336,-17.747,-38.236,1,-11.424,41.306,-1,-18.372,-6.549,-1.918,-36.965,0,0,-1,30.434,-5.505,-21.833,-1,-0.54467,-0.69975,1,-0.341,-49.954,1,31.117,-8.368,-27.459,-8.362,45.434,43.127,1,11.364,1
1,1,20.934,-0.539,-0.02401,0.94140,19.753,-26.45,-41.952,35.076,-8.835,0.52798,7.114,-26.663,-0.00712,0.34395,-36.905,49.457,-0.21780,0.45107,28.029,14.491,-32.214,0.02309,-39.975,0.03286,19.407,16.606,12.961,0.02431,26.126,-47.839,-0.59573,-0.04608,48.077
0,48.719,-21.864,9.225,9.206,7.624,49.347,-0.00763,-38.456,-25.703,-19.662,-37.324,24.218,7.916,-16.373,-0.04572,-0.15540,0.427,-0.10196,39.735,-0.05414,42.563,36.922,43.042,0.00888,0.03513,-0.01535,-11.866,0.09223,-0.07859,8.494,-16.195,0,-0.00039,0.12011
1,-39.812,0,0.97588,-0.10602,-46.484,-43.362,0.92806,7.931,37.014,-18.553,17.71,-0.47929,33.424,-7.625,-27.841,-46.265,32.628,-0.68086,0.37852,-0.73641,26.238,-38.293,0.31898,-48.348,0.22792,9.139,0.13659,15.031,21.397,23.807,-15.677,-43.459,-0.13832,-0.80975
0,-18.1,0,-0.812,0,-15.341,-1.836,1,36.852,4.293,-33.147,-1,-1,-2.684,-31.191,11.244,23.642,1,-47.576,22.35,-14.927,-37.812,0,-43.696,0,1,1,-40.842,19.524,0,45.734,-28.942,1,28.831,0
1,1,0,0.96355,21.906,-29.483,-45.754,-45.533,-0.21313,37.92,25.33,-11.651,-1.257,0.94510,-21.62,8.796,37.121,42.662,-23.054,0.84537,8.494,-23.144,-8.27,0.69637,-0.64225,0.85106,-34.072,9.082,34.07,27.018,-0.669,0.45114,-0.72779,0.38895,-0.73420
0,-12.788,-43.016,-0.01864,8.088,0,-11.974,34.586,37.535,0.11470,-3.363,-22.541,16.36,0,0,-0.33656,-48.775,-0.37133,21.588,-17.731,0.22115,15.198,-11.108,43.403,-8.86,46.262,-27.074,0.20645,-0.02294,-5.31,-23.264,0.16595,8.226,-0.08208,0.38065
1,1,0,1,0.06655,-22.861,22.253,1,14.868,-31.869,-7.374,1,-18.949,0.96232,-0.51874,0.205,27.514,0.89230,1.726,35.789,-30.377,15.602,41.446,0.63081,4.167,0.55867,-6.391,0.47211,12.686,-46.921,-39.952,-5.846,-3.267,46.938,-0.89158
0,-12.803,42.214,22.057,35.739,-47.788,-1,-48.262,-1,-22.04,0.36217,-29.549,-24.078,22.838,-3.964,1,-1,-21.031,-0.29354,46.91,25.377,1,24.47,42.402,26.156,34.564,-0.40888,-22.043,-0.62745,4.219,-35.049,1,-1,1,-1
1,1,44.633,22.957,-0.16316,-22.002,-0.10169,-29.763,32.021,1,-31.877,0.94055,-35.305,32.03,-0.29785,-19.786,-12.163,39.43,4.206,18.214,-0.43383,-27.068,-0.47308,31.779,33.592,0.84080,-0.47137,-38.602,-0.58370,35.207,16.087,45.964,-0.64537,-44.258,-0.67226
0,1,0,-21.215,-0.86701,49.247,0.22280,11.184,19.4,-33.855,-27.027,42.418,17.607,27.47,0.07772,40.861,-0.14767,37.409,2.724,-26.784,-1,11.85,0.15803,1,0.62349,1,9.629,-34.625,0.35924,-34.983,-0.66494,47.643,-2.404,38.089,43.421
1,1,28.224,1,0.07380,1,-22.985,-27.685,33.724,39.756,-37.112,-10.757,-32.963,1,9.032,1,-25.614,-0.918,0.10561,49.745,0.27087,1,-7.655,-39.347,-6.573,1,-6.834,-38.0,-2.396,-35.285,0.48641,1,-39.301,-38.077,0.46712
0,1,0,48.352,-0.93996,-32.396,-26.378,-0.03520,-1,-35.567,-47.485,24.072,-26.039,0,20.552,-1,-0.34265,-10.234,-43.247,-9.277,48.742,-47.743,24.709,-46.955,23.446,-33.524,42.456,0.39752,0.26501,0,-40.096,9.425,0.23188,0,-23.275
1,47.262,28.318,0.99645,-44.855,1,40.928,0.97811,-36.489,-47.259,0.02312,5.137,-15.322,0.89323,0.10346,0.94212,23.324,0.88809,0.11120,1.674,-34.64,0.81633,15.852,-12.198,33.08,24.923,47.114,27.642,13.625,0.79110,0.15379,-0.813,-45.755,-19.939,0.12015
0,-33.666,13.108,0,23.152,30.18,16.471,1,-24.531,8.691,31.766,27.42,1,48.206,-12.27,-17.965,-35.769,-1,-18.404,-1,49.538,24.367,14.955,-1,1,-1,1,1,-43.664,-1,22.705,-1,-1,21.356,11.04
1,17.092,-13.464,0.67065,-22.323,0.66626,-34.503,0.57197,0.18761,0.08776,-42.681,33.985,47.953,45.265,0.14285,-13.998,0.10976,-32.215,-24.921,0.14395,26.107,0.53888,0.21326,-30.699,47.315,9.975,-38.418,-27.353,6.036,-12.995,0.25306,0.40663,-36.125,-27.178,0.33036
0,0,0,1,-5.434,26.221,6.698,-49.622,28.502,-21.158,1,1,-1,24.181,-47.972,0,-22.023,-32.293,1,23.591,-31.963,-1,26.144,1,38.96,-1,-11.191,-25.463,1,-21.007,-47.246,1,13.068,-46.78,12.709
1,14.083,-44.925,1,-38.061,1,-6.001,15.651,-0.07649,42.393,-31.213,1,-0.11073,46.26,11.926,1,-0.15616,0.92124,-36.901,0.86473,37.768,0.91693,26.901,22.941,-34.813,-25.65,-0.40372,0.82681,34.261,1.009,14.612,-8.924,0.029,-31.758,-0.45039
0,0,42.151,-3.362,20.482,0,0,0,0,-1,-4.43,-17.9,-33.399,-32.901,0,7.645,-13.561,-12.197,-1,-42.203,1,-1,-7.906,-25.797,-6.59,0,38.45,1,-4.983,-29.46,17.807,-1,-44.412,-11.341,-8.61
1,1,0,-15.666,0.07088,1,-7.423,-42.367,-40.728,0.90169,20.212,11.278,16.663,-9.384,-0.06142,0.87534,38.189,-19.505,0.00280,0.75206,41.417,29.361,38.465,2.131,-40.367,0.55677,-0.07705,0.58051,-49.742,44.732,47.887,-15.736,17.49,0.52099,22.196
0,14.858,-39.939,-1,-46.141,-0.666,0,0,0,-1,23.234,-47.16,1,31.037,-39.658,0.304,0,5.835,25.112,15.951,-15.589,-9.345,1,-40.668,-35.747,33.484,-8.626,-17.01,-1,-29.706,1,-1,1,4.351,0
1,1,19.269,10.327,-0.06182,39.813,36.186,-4.141,-0.05131,1,-37.966,42.637,-0.11726,20.476,-0.05202,-20.779,-5.751,-4.827,-26.498,0.65731,0.388,0.94910,-0.31558,0.80852,14.676,-8.365,-11.517,0.72529,-0.29174,2.936,-16.603,2.031,-0.26284,47.471,7.852
0,-40.872,-22.935,6.249,0.57820,1,16.821,-21.137,-33.265,1,-50.635,47.034,38.706,1,-4.752,1,38.533,1,-1,-8.976,0.231,-31.233,-0.62796,34.328,-4.381,1,-42.042,-0.076,3.137,1,-27.086,-37.349,-1,1,-1
1,1,-16.131,1,-0.08714,1,-0.17263,43.506,23.733,0.94817,-0.859,14.003,-14.56,-1.914,-0.31736,-22.03,-30.393,-10.044,40.427,41.424,-30.002,0.90284,31.797,21.978,-38.168,8.5,1.816,6.128,-2.312,0.40650,-0.89674,0.32984,20.738,-0.13341,-1
0,0,30.072,-27.54,-1.743,-4.841,0,-1,-17.295,38.457,6.44,-38.504,0,-20.838,40.786,0,0,35.958,37.196,-1,29.433,1,30.787,0,6.402,-40.652,33.058,-1,-24.247,-16.543,-31.485,-14.942,0,-1,1
1,1,0,-17.935,41.403,1,22.079,36.653,44.029,0.98172,35.998,29.932,30.802,-41.898,-42.346,1,-34.688,1,-36.114,1,17.575,36.521,1,0.98042,1,-16.166,1,17.17,11.512,0.74822,7.919,0.64358,-0.215,24.597,33.944
0,-22.31,0,1.719,-1,-6.645,21.185,1,-1,17.569,-45.496,-15.235,-3.396,-27.715,13.143,-14.266,0,1,-10.269,-1,29.81,3.131,-42.322,1,-40.049,-43.045,1,-24.427,-1,1,32.612,-48.32,11.296,1,-1
1,1,0,-2.66,8.692,-32.74,-0.16256,-6.024,-0.23656,1,-0.07514,1,-0.25010,-11.42,-11.329,19.495,9.54,21.867,15.827,-41.658,-44.229,-6.727,3.406,-24.632,-13.549,1,-20.443,0.98820,-0.49687,32.155,-37.441,-48.615,-0.75761,1,-19.827
0,-25.391,38.896,0.588,22.729,-47.755,-41.122,1,-1,-39.38,46.919,1,-1,-38.71,-0.01840,1,-33.518,-27.627,1,-28.483,45.038,-16.965,1,35.515,-1,0,-36.035,-8.605,1,40.463,0.083,1,1,-2.807,-26.264
1,1,49.299,-44.441,40.448,-11.39,-37.075,4.197,-6.211,0.543,-9.533,0.88462,-0.31809,44.164,-13.362,0.82116,-0.35924,21.275,-0.33632,48.344,-0.47022,0.70555,-0.47153,0.05,-24.72,0.61297,46.507,-8.912,-14.949,-43.513,-0.59854,-11.953,-0.57377,24.497,-0.58086
0,-5.549,0,0.71253,-0.02595,-36.218,42.639,31.19,-47.877,-48.957,19.956,1,-0.10951,0.58965,5.336,-26.389,-1,0.82270,11.509,-27.651,45.352,-0.25914,-7.957,49.447,0.05456,0.65493,-37.988,0.93124,-0.41307,30.927,-18.591,49.595,-22.313,-2.15,-19.747
1,21.934,0,1,9.053,0.72314,13.77,0.83443,-0.58388,-40.72,-0.28207,15.431,-0.49863,0.79962,19.562,0.76837,34.451,-38.446,-36.969,9.487,7.583,37.849,-8.69,-15.447,27.293,8.724,0.14803,-0.539,-0.11582,17.473,-31.97,27.748,0.53372,1,-27.949
0,1,42.544,-15.533,-1,1,-14.635,8.916,-22.537,-25.041,8.797,44.027,-1,26.874,-0.89375,1,0.73393,0.17589,50.176,-37.338,25.061,1,-36.675,-10.833,38.851,-18.729,-6.264,1,0.344,0.95982,47.357,1,-41.993,22.351,0.34732
1,16.856,0,1,-47.425,1,24.619,-12.927,-43.184,33.049,45.663,0.97839,9.892,1,-0.06544,-44.678,16.833,-46.625,-0.13665,0.94184,-48.719,9.211,36.012,0.94815,-40.947,-17.385,23.434,0.89067,32.463,-27.731,-0.18552,-36.974,-0.20101,0.026,-0.20766
0,0,11.244,-28.942,1,1,3.293,36.92,37.852,0,0,17.524,-1,23.35,-33.147,-1.836,-15.341,-1,22.978,-29.483,-42.696,-3.684,29.831,-1,1,-11.577,-32.191,1,26.692,-19.1,1,38.584,1,-41.842,0
1,1,-21.214,-12.876,-7.621,10.096,0.02280,0.94705,-33.364,16.133,26.776,9.426,7.956,-26.133,0.12067,47.33,0.06211,0.859,34.895,0.83744,37.679,-21.892,-46.415,42.449,0.14222,-42.258,0.11299,0.73550,-23.765,-44.947,0.15300,-0.112,0.10754,0.65258,0.11447
0,47.708,0,1,-8.836,0.99672,0.04861,0.97545,-23.193,0.61745,6.985,-22.95,-6.831,17.627,21.974,-2.274,0.14137,-21.315,-5.159,35.586,0.41003,8.831,-38.952,0.60138,0.16516,43.947,0.16390,15.384,-18.208,0.43481,-49.006,15.525,-11.827,-10.108,1
1,1,42.214,3.391,-47.258,29.104,0.20746,-28.667,0.26281,0.93051,-5.178,22.706,0.39039,-33.294,-0.201,0.79555,42.732,0.65954,0.60756,0.57619,0.62999,34.042,-5.484,0.40553,-1.688,-32.525,0.72082,0.27712,-48.538,41.595,35.797,-18.422,5.699,22.507,14.265
0,1,-22.031,-5.964,-1,-33.954,26.156,1,21.814,-23.043,36.281,-1,31.949,1,-22.04,21.237,-1,2.219,-49.788,-22.915,-1,1,-24.667,-1,1,-31.549,3.487,24.47,-1,44.91,-14.803,27.313,1,0,16.775
1,-19.723,9.8,0.90932,32.261,0.86528,11.4,1,0.16598,45.829,-34.943,35.252,0.36719,0.16286,26.898,39.061,0.46086,-2.777,34.6,0.31639,0.12967,-27.55,0.54462,20.112,0.55826,0.24856,17.878,31.259,-38.799,-31.558,45.194,-11.75,-44.354,0.12137,-30.085
0,1,-27.784,-0.64286,35.409,44.609,0.82857,38.089,-1,1,-40.581,-32.16,-33.894,-34.983,-0.37679,1,-1,47.643,-39.488,4.724,-1,42.418,-26.94,-0.84286,18.255,-21.678,11.186,1,1,49.247,38.861,-5.991,-1,-22.019,32.78
1,1,-11.757,0.99025,-0.05785,24.444,-36.697,29.211,38.562,49.738,-0.25843,-38.149,-26.044,0.92651,-37.579,-35.343,-29.123,-1.069,-0.52064,-38.126,-47.526,-6.244,-0.59839,0.74725,-0.64615,-7.419,-3.448,0.65247,-0.73174,24.245,8.075,-47.195,-25.842,0.49195,-0.83245
0,0,-26.645,49.742,-23.275,-33.361,-40.096,24.709,-33.396,1,1,1,42.534,-9.857,20.552,0,0,-0.37500,7.425,-1,-47.485,-10.277,-45.914,0,47.842,-1,-1,-0.187,-21.648,-1,29.318,25.11,0,46.98,-43.283
1,27.847,46.262,1,30.728,-32.666,23.197,-43.924,31.07,0.99838,-0.09931,0.98941,-48.358,-35.548,-15.617,0.95288,-0.25099,5.056,-13.378,0.90581,-1.906,0.89991,13.142,16.612,40.564,0.86213,32.506,10.523,-0.43122,24.181,-0.42593,-33.947,21.225,0.75115,-0.50152
0,1,0,0.94598,-25.558,-14.43,0.26131,-0.36393,-17.047,0.69258,-0.63427,49.538,44.61,-0.29020,-0.00550,47.284,0.15452,-35.849,-0.46270,14.108,46.702,11.743,-0.31454,-25.841,-42.29,29.259,-11.738,-18.443,22.57,-21.348,-15.398,20.26,17.675,15.894,0.41913
1,1,0,-45.264,-36.375,-31.817,-38.694,-27.203,9.429,0.95947,-13.534,0.99004,-47.826,-26.868,-34.664,0.93369,15.964,0.94217,33.233,25.941,-0.19200,0.88274,-31.387,47.951,-12.378,0.88487,5.593,26.512,-0.21136,0.78546,-43.26,-48.853,38.167,0.74323,-0.23902
0,1,0,-22.158,0,35.683,0.51724,-22.007,0,-48.862,-1,6.698,0,-4.434,0,11.068,-45.149,-33.52,-0.83297,-21.253,-33.713,28.502,24.9,0.53448,-26.107,-32.196,0.44828,12.709,-1,25.221,42.209,0,12.321,22.591,14.994
1,1,0,1.276,-0.18362,0.43644,0.02919,0.93421,-0.00267,13.962,-41.065,-2.619,14.634,0.88559,0.54991,0.91714,-10.185,0.75000,-0.044,-5.036,-32.703,9.645,39.113,-37.589,21.817,0.90066,45.232,-35.649,-9.74,-25.852,-0.32298,-30.263,27.085,-32.466,-4.376
0,0,0,-42.367,1,-16.9,-7.59,-32.901,0,44.235,0,-24.797,43.151,39.544,-7.906,21.198,-1,1,-11.341,-1,17.807,19.482,41.47,1,-4.983,18.491,-1,-11.561,39.45,-12.197,-46.412,0,-28.46,0,0
1,-6.466,1.489,-15.589,1,1,29.701,-19.36,21.263,-10.487,1,-31.538,1,-1,-48.72,-17.249,-40.096,15.638,-0.57779,-41.307,-8.046,37.091,-1,-10.873,-1,0.90014,-1,1,46.899,5.835,-1,11.385,-47.488,-15.627,0.34845
0,1,0,21.554,15.951,-22.713,1.304,35.484,31.67,0.03515,-41.668,13.858,37.813,27.112,1,-47.273,-38.949,-6.685,5.351,9.085,1,1,-40.658,-1,-36.747,1.299,1,-17.01,-40.939,-1,-1,-1,1,0.334,0.33611
1,-4.518,46.829,0.95659,0.08143,1.567,14.936,0.97165,-9.299,-37.388,9.262,37.104,19.644,-21.183,-0.16795,3.151,-0.19497,-4.145,18.946,0.90343,-0.35902,-22.021,-0.27316,0.90140,-0.29807,0.99899,-0.40747,-10.296,0.885,42.557,-16.523,-40.202,17.43,-25.603,-0.41173
0,1,39.533,0.08333,-0.20685,1.645,34.328,-23.909,1,41.768,0.47173,3.316,-3.426,45.034,-4.381,-33.265,1,-41.9,-0.484,-4.173,-50.056,-32.979,-1,4.249,-0.46801,-1,31.924,-8.976,-27.086,-2.446,-0.38914,-1,-1,38.706,0.61458
1,-14.543,0,1,5.624,35.058,21.31,-28.002,-0.06682,1,-0.08799,-29.158,0.56173,8.947,-37.51,-17.295,-0.14522,7.402,0.32407,31.433,24.374,0.99484,-14.335,22.616,12.847,-0.469,-11.778,43.512,-26.758,0.82920,41.078,0.78479,-16.359,0.73992,-0.22981
0,0,0,-1,-19.838,32.787,29.072,-1,11.512,-30.485,38.196,36.521,1,5.815,-15.129,17.624,1,-1,-1,7.919,-42.652,33.958,-26.247,1,0.257,42.319,-1,45.162,-37.504,38.457,-3.841,0,40.786,-1,-1
1,1,-42.898,-41.938,0.05812,0.94525,16.406,-34.396,0.13231,1,-0.01911,22.854,0.07033,21.142,35.799,33.892,24.184,-16.173,0.20119,-46.352,0.16265,-1.399,-1.073,29.84,-18.77,0.91667,35.577,-13.382,0.23571,31.209,-16.01,0.78324,-36.646,31.646,0.31166
0,1,0,-36.511,-1,-27.715,-38.049,2.131,0,-25.427,18.569,-13.42,1,14.143,-11.068,17.882,-0.67708,0.80521,-7.283,-10.749,0.14375,10.296,0,-1,-0.27083,-23.158,-40.359,1,34.612,1.719,10.437,-44.045,-25.632,-46.496,0
1,-48.615,23.729,1,-7.63,-16.965,0.12197,1,0.22574,9.82,31.248,-41.172,-12.761,-19.037,-33.497,40.356,0.28343,0.85529,0.26721,4.598,0.33129,0.83393,-9.288,-41.91,0.39597,21.629,0.34658,0.68452,16.64,0.62764,-18.523,-6.456,-3.19,-43.225,-39.201
0,1,0,0.01667,-27.62,-12.324,-0.412,0,0,-45.323,-13.047,0,-36.035,-28.627,-26.391,0.12292,-33.068,0.22813,-39.552,1.874,-4.23,-29.483,0,34.598,44.894,47.813,-0.778,1,-0.76667,37.896,24.264,-9.48,-48.755,1,-0.27292
1,1,-36.965,1,0.16801,0.99352,-0.177,41.54,47.925,44.229,0.22610,-5.132,-37.413,0.84250,0.46899,-13.593,-8.392,4.061,46.118,0.65091,-43.445,30.776,-11.843,0.55586,47.635,-23.736,0.55236,49.732,0.69129,20.825,0.76147,-9.023,-1.25,0.22101,-49.167
0,1,48.927,17.111,-26.227,0.20833,10.687,1,43.87,0.87719,-8.362,-7.218,1,-0.05921,20.646,30.306,0.05044,26.232,-1,4.479,-0.03289,-18.421,-32.297,-48.782,1,15.24,-1,-17.372,-28.52,-0.539,-20.44,0.20614,-37.631,1,49.733
1,1,0,-38.446,8.072,1,8.078,43.415,21.12,14.493,36.787,1.369,-26.892,28.861,-0.16080,-15.195,24.29,-37.362,-0.50126,-40.92,-0.24497,48.6,-37.553,8.724,-0.12312,10.148,0.10678,0.92890,19.615,1,-16.647,0.43970,0.19849,34.818,-0.05402
0,-14.635,7.916,-21.016,25.98,1,0.39130,1,-41.812,22.021,43.111,40.851,0.27038,-46.43,-19.123,25.631,17.267,-27.587,0.02672,50.051,-0.43025,1,0.63496,10.093,0.26585,0.91033,35.821,1,-6.958,-11.457,-0.01947,-24.85,-42.421,1,-37.153
1,16.856,-48.576,5.293,32.922,38.852,0.02477,24.642,0.07764,1,-18.236,0.98762,-0.48,1,10.01,1,0.04384,0.95750,-2.082,-44.807,-0.08668,-30.191,23.392,0.99933,0.27376,-46.55,31.658,-42.19,-13.949,-36.944,18.758,9.16,-0.22021,46.537,-0.07329
0,0,28.831,-11.577,35.92,27.763,-1,1,-1,1,36.584,-14.341,-21.702,-44.611,12.244,-1.684,-1.821,-32.147,-42.696,1,26.692,-17.1,22.978,1,-22.214,1,-1,1,-34.418,-28.942,0.65625,-41.842,0,1,-31.483
1,1,0,-45.533,9.184,0.81309,8.713,8.415,0.97,16.948,0.80541,37.096,1,7.381,0.77092,-50.161,0.40268,-8.055,-0.58634,-28.04,-0.42822,40.948,33.823,-0.37671,-0.97491,-13.375,-44.016,0.41778,-24.83,35.025,8.154,-11.038,14.845,47.398,0.03446
0,22.438,-6.942,1,-22.861,-4.31,21.437,1,-1,47.708,1,1,-21.084,-10.108,1,44.403,14.141,1,-38.116,14.551,1,-31.869,-5.156,29.104,43.209,-17.369,1,1,-2.595,-8.86,-23.264,15.895,-1,1,-1
1,-47.788,0,36.091,0.03529,1,-0.519,1,0.26968,1,0.25068,-46.324,-4.676,-12.803,0.38643,-1.376,-22.726,34.564,-33.392,1,-17.998,1,5.585,-28.667,25.751,42.298,-4.817,-29.653,3.105,-48.406,0.67149,0.74389,22.694,0.71493,42.972
0,0,-11.819,4.219,44.277,27.313,-22.04,-24.667,-1,5.487,-1,36.281,-22.031,0,0,-1,1,22.957,33.55,46.91,-1,22.72,1,-22.002,-1,17.775,29.949,1,43.633,-35.954,20.057,-27.928,38.485,1,-1
1,1,0,18.273,0.08620,0.96760,-27.591,-29.802,0.27451,0.98044,-44.554,0.92867,-20.261,12.094,34.629,20.628,32.761,44.342,-38.674,-35.293,0.73140,48.792,27.159,0.48339,10.562,-31.278,0.74689,41.752,47.481,0.24944,-2.427,31.21,0.86835,-35.534,0.86285
0,1,-2.763,-38.932,-36.811,37.089,3.724,-27.235,0.69841,17.255,0,0,33.78,8.829,0,-22.813,48.503,-32.95,-34.661,-28.221,0.78175,-40.347,0,-6.991,10.329,0.73413,0.27381,-21.453,37.044,28.224,0,0,0,0,39.861
1,42.534,0,-35.567,0.05070,-6.034,38.864,-38.077,-24.844,1,0.28453,24.635,-33.048,50.742,0.38261,0.94575,25.137,-35.35,0.50391,0.75906,0.58801,-24.936,0.59962,-1.122,-7.475,21.218,0.63942,0.59417,-38.306,-47.247,-46.228,-11.287,0.71689,23.78,-25.892
0,0,0,-22.275,1,0,46.98,1,-1,24.271,-10.857,1,-9.277,1,1.813,-42.283,-1,1,9.425,29.318,-19.648,48.842,-46.914,-49.22,23.11,-12.034,-1,5.144,-1,-39.096,-35.514,-34.726,0,-32.361,-47.485
1,24.152,13.108,1,32.976,24.367,0.11982,-0.584,21.867,1,0.27921,0.98703,0.30889,0.92745,-15.024,27.759,16.131,32.0,-33.205,29.206,46.732,0.79400,0.56282,14.192,0.58129,41.611,-16.807,10.28,0.60990,-44.381,0.60932,31.219,0.63636,-10.866,12.667
0,0,5.789,1,1,-41.664,-29.178,45.644,-13.784,-26.815,-33.553,-24.531,18.471,1,-12.43,48.206,-35.383,48.832,-23.348,-1,1,-1,1,19.356,1,-30.213,47.538,1,-17.965,-1,16.955,-1,-37.769,-1,-24.102
1,1,47.089,26.144,0.24168,-21.023,0.48590,-46.78,0.72973,1,26.694,27.221,1,-25.463,-21.007,-31.798,39.169,1,-12.464,-48.622,34.349,-42.277,23.591,10.383,-37.655,0.64628,29.502,16.475,1,0.10819,1,-0.17370,1,-47.06,-11.191
0,0,-32.963,-3.434,1,-43.925,11.068,1,39.113,-49.972,42.393,-32.502,0,15.994,13.321,-36.583,34.683,-34.344,0,-1,1,-1,25.9,-21.158,1,1,-32.293,-30.107,7.698,1,14.083,15.651,10.709,-1,1
1,-10.197,0,1,-0.06604,-8.728,0.62937,46.26,0.09557,1.252,0.20280,1,7.645,-27.46,-4.768,1.435,-41.362,-24.797,-33.35,1,-18.515,20.482,-9.875,1,-13.561,-25.468,-0.58042,28.342,-4.244,1,-1,-37.055,-6.688,1,21.498
0,-3.983,0,1,-7.59,-15.627,39.45,-7.906,1,1,1,23.198,39.544,-42.367,9.385,-9.341,-33.901,-48.72,-39.307,21.263,-1,45.235,1,1,42.47,-44.412,-21.271,1,1,18.491,-1,43.151,17.807,1,-1
1,1,16.638,-15.326,0.07804,0.92679,0.16251,0.89702,34.73,31.878,-40.316,0.78801,-47.738,0.70716,-30.236,-15.881,0.56476,0.60459,0.64200,29.214,48.548,-40.423,-6.797,-9.875,0.68343,0.23693,-6.864,-39.751,38.829,-10.248,-46.431,14.885,2.26,4.795,0.69509
0,1,0,-5.003,-0.17314,0.82332,8.466,-25.958,0.32862,0.25795,15.575,0.334,-18.162,4.362,0.44523,0.01060,1.877,0.18681,-39.246,-16.112,17.315,-5.475,0.30745,-0.00083,26.362,-35.776,0.19405,-21.756,-37.804,0.256,22.337,-0.04585,19.34,38.773,-5.095
1,1,-41.042,0.74852,-3.78,20.288,-10.027,2.037,0.02811,37.016,0.02515,0.63462,41.724,-37.633,17.899,-0.345,0.05178,0.78550,-0.27811,0.65976,39.692,-31.446,0.06953,2.551,9.141,-8.56,-32.237,-21.527,-0.06637,47.365,-11.38,0.59024,0.451,-22.371,0.02959
0,1,41.301,4.529,-0.06343,-21.934,-37.34,-9.855,-0.446,-49.277,0.15299,0.54478,2.776,0.61567,38.712,0.57836,-41.193,0.66791,-0.10448,13.514,-0.11567,-0.813,-3.233,41.881,32.141,46.504,0.16418,0.49309,-28.856,0.32463,-26.112,33.719,0.13521,5.593,-2.671
1,1,42.64,22.335,38.241,0.76981,-0.10566,-14.77,-18.257,0.66038,-0.04528,25.196,0.01132,31.101,-0.13962,7.122,-4.864,-37.734,5.733,0.61887,-0.07925,0.75849,-26.778,41.526,-0.14717,22.204,-20.989,0.73886,37.399,-29.49,34.081,-15.267,-14.108,0.73208,7.954
0,-35.942,-41.652,11.239,-0.05000,0.89241,0.03462,31.072,35.685,7.582,-0.05909,-42.416,-0.16818,0.81809,35.616,-14.374,1,-0.711,-42.719,0.66818,0.10000,1,-0.30000,0.98636,30.787,-0.17,44.49,7.385,16.478,-30.062,35.435,41.808,16.771,1,-24.247
1,1,-7.645,24.648,-0.01569,-15.831,-47.32,-35.011,30.453,-46.096,-0.05882,-38.484,22.046,0.46667,0.08235,-18.409,-14.321,34.192,30.826,0.50196,0,0.45882,-43.978,33.524,0.08235,0.49804,28.936,-1.91,0.10039,0.46275,2.802,-16.631,20.42,36.084,0.17255
0,19.495,0,-3.241,-11.144,0.35000,-36.558,0.23182,0.27955,-41.358,0.44318,3.806,10.122,18.378,-7.391,-22.443,0.27322,0.02727,-25.227,-0.34773,0.12727,-12.62,-25.376,-11.254,0.36364,-0.14003,-19.031,-0.09971,-0.07114,13.143,-20.967,-26.744,10.221,2.126,16.15
1,-32.74,-27.264,21.75,-0.21996,32.155,39.259,0.82403,-32.326,-38.859,39.522,9.739,-0.04292,-6.172,-17.715,0.77897,-26.138,-12.261,0.57940,-43.057,0.39056,0.73176,0.27575,1,-42.309,0.56760,0.52039,-41.424,-49.082,24.538,-9.019,0.43026,-48.046,1.398,0.54185
0,1,-44.015,48.437,-0.08580,-40.698,-4.612,-0.08961,-10.044,0.80648,43.358,0.484,-0.00763,-0.18494,0.63966,-0.20019,47.238,35.372,-14.516,0.77979,-12.481,-28.697,0.50810,-29.824,-12.238,50.088,-0.03718,0.098,23.823,-44.544,-36.176,-0.21354,45.112,46.803,-0.59867
1,0.659,0,-18.039,11.44,0.64348,0.04348,0.45217,0.38261,21.12,-12.242,-8.384,-1.649,3.854,45.404,0.50435,0.37826,-23.832,-50.38,0.36087,-18.633,-9.093,-5.929,0.53246,-21.478,-36.652,-0.12174,-27.959,-37.827,43.353,-0.04448,30.853,40.342,0.50435,0.14783
0,1,0,-0.54180,-31.71,14.093,49.661,0.52012,-47.921,0.31889,16.405,34.512,26.596,0.47368,-27.282,49.297,-0.15480,-27.063,30.741,0.33746,0.03406,-36.126,-8.6,12.855,6.701,1,20.344,-6.136,-0.40116,20.783,4.448,-1.515,0.55820,20.585,-0.08978
1,1,0,-39.154,43.163,0.45331,0.16808,8.242,-0.00509,24.807,-21.655,0.52462,0.264,40.324,-25.898,0.55518,36.925,-36.546,-41.944,0.42445,-11.876,-15.845,7.983,9.494,47.51,0.51731,-38.37,0.50369,-16.407,42.891,0.09847,0.70798,-0.01868,28.602,8.454
0,1,0,-46.759,9.37,0,-7.117,-19.163,-47.361,0.39468,1,-45.267,17.908,9.931,-28.055,0.23725,0.12860,49.44,0.95122,-43.156,33.491,36.052,25.019,-0.42572,-15.398,24.959,-40.005,-37.869,9.097,-1,0.69401,-19.279,21.48,0,0
1,1,0,-17.199,0.16607,29.624,38.226,0.72990,4.798,23.948,0.72997,-30.748,19.336,-42.91,-36.937,-15.277,0.85038,45.608,32.922,-0.28739,-0.016,15.39,0.65924,-44.267,-2.146,-0.68159,-1.436,-42.56,-13.669,-49.299,0.11218,-0.71475,-0.05525,22.965,-0.19904
1,1,0,42.656,-12.386,35.594,8.969,38.302,-20.626,0.47968,27.606,-0.507,0.92643,-33.044,0.93945,-33.55,37.762,25.371,-44.694,-30.463,0.79525,-0.68274,-7.169,-0.77408,11.579,-0.85376,-46.355,-0.863,-0.01358,-0.82366,21.784,-0.67289,-23.038,-31.082,-0.49700
0,1,16.742,-4.095,-1,0,0,0.50814,45.625,-10.503,9.483,-1,-0.41368,-18.369,34.586,-11.974,0,38.535,-27.328,-42.651,42.767,-12.817,6.985,-1,-9.86,16.198,-49.757,-1,-6.31,-1,7.172,8.892,-1,-23.898,0
1,5.972,15.141,42.95,2.441,28.895,-39.09,0.78575,22.475,-46.661,0.09948,0.67801,21.749,15.654,46.781,14.298,-23.18,0.70681,-0.07853,-21.448,-23.861,0.70021,-32.756,0.68183,0.12185,0.67016,0.15445,-4.858,0.13608,-17.879,0.17539,-5.558,-6.796,-0.127,0.15114
0,1,0,-1.376,-1,21.838,-48.788,0.77941,-0.99265,-28.858,41.953,45.491,-24.615,23.47,-23.043,33.564,-49.262,42.934,-34.821,35.826,2.616,-13.803,0,21.241,-5.964,-31.549,-1,-1,-1,1,-1,1,24.156,-23.04,0
1,1,16.775,1,-22.985,-43.943,-0.03142,-21.031,45.243,1,-27.979,39.475,-20.794,35.541,-0.09002,1,-35.111,-10.819,30.93,0.98310,30.831,1,-30.948,18.312,26.12,33.163,-0.22083,45.598,-0.20243,0.94599,-0.17123,22.922,4.261,37.151,-0.23296
0,48.247,0,0,-27.784,43.609,0,-22.215,-39.365,36.409,19.799,0,9.8,0,0,-34.855,-35.625,39.861,0,-3.288,11.231,46.643,34.104,41.418,0,-31.684,0,27.47,-1,0,-26.906,0,0,10.329,-35.983
1,9.829,0,-27.728,-23.14,0.63318,-0.12690,49.708,-0.18242,-10.787,0.08460,0.92003,-33.171,37.925,-0.24719,18.255,-7.305,-38.634,-2.13,0.98678,-2.973,1,-37.471,0.93126,-26.137,-39.347,38.564,29.112,-0.31565,0.81428,3.486,-7.211,-39.319,34.475,-0.41573
0,1,-36.241,-47.458,-0.31818,0,-26.645,0.68182,-40.077,-39.79,21.51,42.178,-46.891,-9.928,23.86,0,23.635,0.59091,-23.635,-24.588,48.936,0,0,23.446,-9.857,0.24242,-33.218,1,-0.23864,0.06061,47.358,-36.404,-7.735,-33.361,0
1,-35.514,0,27.792,3.651,1,-34.763,0.98898,-0.87052,25.011,41.609,-19.648,-46.586,1,-46.039,-12.034,-0.15017,1,46.803,24.271,-43.488,1.813,-0.23452,-47.22,-0.26571,14.489,28.019,47.262,-1.917,9.425,-0.36931,-43.92,-0.40740,1,-0.44739
0,1,-18.965,0,0,48.538,0,31.18,30.766,-11.27,9.691,0.62195,21.356,15.955,0,0,21.705,13.474,-0.71951,28.981,22.367,32.936,0,0,-17.404,0,23.152,1,0.10976,12.04,-42.664,-33.666,-15.4,-36.769,15.734
1,-42.022,44.644,0.99449,-31.208,-26.974,-0.11313,-12.547,-0.16431,48.079,5.727,-24.138,-36.458,0.85221,-34.524,-21.477,-25.739,26.633,-32.928,-37.672,-0.08935,0.89876,0.00075,0.87836,-0.05882,0.93368,-28.377,0.87579,47.028,10.429,47.666,-13.982,-0.25741,18.237,-0.27794
0,1,-32.963,-47.679,-4.326,22.591,0,12.068,-26.463,-45.698,-30.468,-11.88,-21.007,0,0,0,-13.464,33.721,-1,0.33108,-50.622,24.9,0,0,-22.023,28.076,15.092,26.144,37.398,-21.604,-0.23649,0,26.221,0,0
1,1,0,35.683,14.422,0.99150,-37.316,-5.007,-32.082,-31.502,-0.35818,42.393,12.85,12.95,5.834,1,37.538,-43.925,-0.79603,-25.701,-0.88952,46.226,-1,15.353,-10.477,0.61946,-38.824,12.247,21.2,-33.534,-1,1,-49.972,0.30445,-0.76112
0,-3.362,0,0.65909,-9.535,0,-28.46,16.807,-6.59,20.255,-11.561,-31.901,-0.28030,0,-11.197,0.252,0,-40.582,-26.025,0.84091,-1,1,-1,-3.43,0.435,8.645,27.342,1,-10.549,-33.528,-0.93182,0,-3.983,-17.9,42.151
1,-9.217,22.198,0.86284,-20.077,0.80920,10.796,17.31,0.55785,-49.174,-15.927,41.837,-15.434,0.19617,0.85671,-0.04061,48.762,-45.585,21.021,-0.34100,39.202,-0.48199,0.56092,-40.91,-42.957,-10.933,0.25747,-0.63038,38.179,43.663,17.412,-0.54866,-7.666,38.02,-0.31954
0,-39.822,-39.939,5.255,-0.61000,0,26.112,-39.668,27.701,0.90000,-47.16,1.919,4.991,-30.706,0,0,0,17.621,-0.29000,-38.818,-1.666,0,-47.141,0,34.484,0.21000,0.68000,32.037,-10.125,0.304,-16.589,-7.626,0,0,14.858
1,-25.424,-18.01,1,-8.98,-15.303,-37.429,-34.967,0.72144,0.47660,0.84222,0.27639,-20.796,15.087,-4.802,-0.21980,10.241,-5.86,9.002,0.974,42.282,18.986,19.715,-5.882,0.29162,38.105,0.03591,-0.71731,2.085,21.584,-0.28183,-0.51251,-0.44505,46.455,-0.53319
0,-2.752,0,-37.435,2.047,35.427,1,-41.436,-0.518,39.76,-21.84,-0.18599,-0.10241,-0.03158,-11.258,-22.921,4.103,0.01108,-9.981,-26.083,0.00097,-41.872,5.25,-0.00003,-32.233,-32.265,0.00002,-0.00001,0.592,17.821,-49.635,0,39.533,0,0
1,1,2.645,46.248,42.544,13.381,0.07143,41.492,-10.664,-1.208,0.09524,0.40476,-16.107,0.30952,24.503,41.358,21.612,-22.623,-3.5,0.33333,-28.955,0.30952,-1.469,8.161,-0.11905,0.35714,31.639,0.22109,-0.02290,-37.192,0,-29.988,-2.819,33.475,-0.01877
0,38.457,30.433,1,-0.14754,-14.543,0.04918,0.57377,-0.01639,-0.087,0.01639,0.85246,40.754,34.78,-38.504,38.885,-30.649,0.19672,5.499,30.728,-0.17176,0.67213,21.388,-19.838,-14.441,6.713,-0.34426,0.52385,-26.744,35.286,6.782,0.27869,-42.095,-4.349,-18.36
1,1,-42.938,36.503,32.944,-42.012,35.684,0.86249,-14.896,0.80000,6.919,0.69091,0.04545,29.726,10.596,0.77118,0.09579,32.414,0.25455,44.844,0.12727,0.70674,41.445,17.017,22.04,-0.47,0.22727,35.999,-35.244,-36.269,16.651,-24.64,0.16465,0.58840,-18.764
0,1,0,0.39286,0.52381,23.284,30.924,-0.16628,-26.19,-38.382,14.154,-25.894,0.40476,-41.994,-7.338,33.264,-0.63668,-46.855,20.339,0.54762,-43.986,-16.753,-13.816,-0.47651,-0.47594,-46.175,3.422,-10.749,0.38848,2.702,0.39286,29.774,-2.695,0.25441,-17.64
1,1,-22.759,34.065,5.888,13.041,-8.982,1,23.63,12.628,0.00222,-14.409,-0.06444,11.203,25.205,-32.442,-30.525,8.057,0.05333,42.899,-0.03778,40.909,-0.11526,1,9.392,-9.622,0.03556,8.626,-0.14162,4.077,27.016,1,-0.15609,1,-36.958
0,1,0,-20.721,48.715,5.469,-3.802,-34.742,-0.67273,-10.434,-22.613,-8.159,-39.428,0.29091,39.931,0.36364,-0.41818,31.864,23.206,-30.647,0.05455,0.12727,-28.29,0.61818,0.16364,0.32727,11.291,0.41098,36.542,47.754,-0.443,-24.785,-0.36364,-17.424,-7.426
1,1,-34.143,-42.605,-40.356,-15.867,-48.334,15.34,38.85,0.62264,-19.896,1,-19.395,0.45283,-14.571,-8.117,6.3,-16.579,-21.189,-22.775,0,0.52830,-17.307,0.95190,-0.00112,38.525,0.79245,0.92192,24.034,-20.709,-1,44.715,0.43396,34.572,-0.11321
0,1,0,8.265,44.187,-0.76190,-22.276,48.121,-9.552,10.666,-45.847,-0.67285,6.654,33.018,-37.938,0.28571,-38.817,45.25,2.411,0.23810,0.02381,-23.451,0.04762,-19.337,-19.152,-0.57255,-0.10234,-23.611,-0.51079,1,-31.15,31.433,-10.279,0.26190,47.12
1,14.509,49.616,0.43750,8.11,12.336,-11.987,37.053,0,38.323,-0.06250,0.47917,0.058,0.29167,37.626,-49.3,-33.256,0.43750,-4.506,31.68,-0.22917,36.568,0.08333,-17.06,0.18750,0.39583,-8.899,-6.044,-0.10064,0.41667,32.802,-13.504,-36.659,-22.53,-0.06250
0,1,-18.451,18.691,45.193,0,12.308,-41.42,0,-31.038,0,0.47744,-0.89098,-0.51504,-14.477,-5.908,28.94,-12.394,-0.644,26.741,0,0,-27.816,-24.719,-5.627,-1,-1,7.276,-1,-9.383,-46.256,49.576,12.934,48.104,0
1,-6.588,-14.227,-19.773,0.06595,-38.134,-0.297,5.205,0.19152,-46.587,-0.49962,44.326,-42.441,-29.821,34.598,-20.92,0.37988,0.66145,-23.974,8.511,0.59862,0.53258,6.96,0.46773,39.567,0.40440,17.112,0.34374,0.43221,29.456,-10.478,-9.569,16.9,0.18632,0.37191
0,5.203,-9.884,24.241,-45.794,50.387,-5.873,0.76001,0.70709,-30.779,-0.10984,-41.625,0.07981,24.154,-0.85727,0.91962,8.991,-8.47,23.383,28.889,0.18135,-44.692,-0.69594,0.86670,-38.436,15.679,-0.722,24.421,-10.497,-32.445,0.42677,0.87757,0.81007,-0.977,0.68822
1,-23.011,0,0.95882,-44.172,1,-11.618,0.98313,6.826,-16.126,-3.756,0.98955,6.305,15.917,-0.03096,4.324,38.421,-13.307,-0.05179,-0.476,33.853,0.97620,-0.09284,0.97889,-0.05318,-42.53,-48.031,23.189,4.37,0.90978,13.699,-1.699,-0.10797,35.472,-46.736
0,1,15.686,45.331,33.377,-3.056,-26.419,9.27,-0.049,41.427,-17.173,0.97078,14.969,1.797,-22.216,-0.30241,0.65565,50.223,0.16391,0,30.885,-39.12,0,-0.18043,31.063,0,11.039,1,-1,12.146,0,17.316,12.889,-14.615,0
1,34.922,37.577,-10.916,0.00876,41.086,-30.376,9.7,23.962,42.222,-0.02844,0.99820,-0.03510,2.191,-0.01271,43.902,9.538,1,-0.01175,31.81,-24.01,-9.978,40.801,-14.022,-0.04744,46.906,-0.04527,-36.989,-0.03473,0.97020,27.285,25.646,-0.03855,-34.94,-0.04112
0,-42.964,-16.998,-3.682,0,-0.104,-15.665,0.18919,-16.134,0,0,-19.042,3.392,-39.835,-0.20000,1,0.07027,1,-0.11351,-48.01,2.896,-37.094,31.446,32.474,12.998,0,0,35.013,-11.74,0,0,9.665,34.046,-49.121,29.915
1,16.647,0,-32.285,0.01403,37.169,-0.02439,-7.977,-41.253,0.19512,0.12195,-14.538,0.04755,18.895,0.04878,-31.074,0,0.36585,-12.115,33.437,-6.504,4.295,0.12195,0.23698,10.451,-24.332,30.687,-17.743,-6.809,12.121,0.05504,0.19512,-17.115,-31.275,-26.375
0,1,-11.208,9.953,1,-34.889,5.965,21.803,24.396,15.942,17.101,38.492,-15.314,16.364,34.929,50.238,1,-25.922,-1,-0.814,0,0,0,1,10.846,-9.773,0,1,-34.678,42.581,1,1,46.144,16.602,0
1,-27.68,0,45.054,45.634,35.437,0.24490,20.712,0.20408,-32.207,-16.517,23.163,0.59184,-32.096,-22.99,0,-36.99,-48.611,0.55102,-0.20408,0.55102,-0.28571,28.853,21.994,0.32653,-0.61224,0.22449,-36.864,-39.057,-18.044,12.895,-0.34694,23.417,-1.253,-41.822
0,1,-22.032,10.56,21.808,-37.648,43.403,6.437,0,-4.071,0,29.128,1,1,-28.6,1,0.23288,1,-1,-44.453,-41.166,-46.868,28.989,45.063,-33.624,0,44.571,-1.866,-1,5.455,-16.26,-10.802,-1,39.334,0
1,1,-36.384,7.68,0.38235,0.91176,0.37500,33.076,37.74,6.838,35.078,0.19118,0.88971,-9.44,38.16,-15.822,43.298,-0.37500,-13.57,-0.5,-41.638,-24.053,0.38235,-21.047,-10.273,9.897,6.187,-0.67925,26.999,1.194,-0.42647,26.021,-0.50735,-11.546,-0.56618
0,34.177,-19.271,-1,20.598,25.763,0.15033,-11.998,33.791,-37.682,16.454,25.24,-23.819,-0.81699,0.33987,-0.79085,-37.976,-31.411,-3.859,-5.056,-39.41,-0.04575,-5.187,0.94118,-17.917,-1,-0.43137,0.74385,0.09176,43.891,-45.372,0.18301,0.02614,-25.173,-26.973
1,1,0,45.576,-0.10000,-10.626,-42.0,13.947,-0.13333,0.36667,26.257,0.56667,45.077,13.835,0.532,0.70000,-41.619,0.53333,-33.67,21.12,-0.01667,-5.286,-38.721,0.70000,40.075,0.25000,0.13333,30.791,8.497,37.16,45.993,16.462,17.589,31.353,-0.05000
0,1,17.467,-35.211,-32.838,-17.413,-27.547,-0.17778,-0.04444,37.109,-0.06879,0.04461,0.02575,-0.00885,5.671,33.259,-5.474,-41.252,-1.457,0.00470,-32.421,-43.056,0.00238,-0.00114,35.581,14.573,-17.843,-43.997,-22.236,0.00026,0.00005,5.68,38.036,-37.156,0.00002
1,47.975,0,1,-0.37838,-28.656,48.061,44.903,8.36,2.212,-49.06,-38.009,-0.27027,4.58,0,0.62162,36.269,0.32432,47.915,20.44,-0.17666,-35.467,0.05405,-20.319,0.13514,-2.91,23.736,-31.266,11.075,-42.174,-0.23027,-41.522,-0.59459,-42.706,-0.24324
0,1,0,-25.98,44.461,-5.549,-0.33203,8.347,-22.296,4.997,0.01172,0.93359,-49.273,43.825,17.237,-1,-0.00391,4.57,-0.03516,0.92188,18.274,11.306,-34.895,11.433,32.953,11.47,-0.00391,0.82041,0.13758,-22.461,-0.06641,47.449,20.131,13.256,44.792
1,1,0,0.95202,0.734,0.93757,15.745,-3.983,27.71,27.892,41.9,49.891,32.056,-39.084,-15.032,0.95260,-0.00405,-47.372,11.933,0.99769,0.01792,-21.097,-6.105,0.93815,-16.167,-45.034,-24.257,0.96215,-5.364,27.039,0.01908,3.36,-0.03410,30.412,0.00809
0,1,0.715,1,-7.284,1,8.905,0.5,-10.082,0.36111,-37.204,1,28.567,0.16667,-0.11111,1,34.078,0.969,47.904,26.892,-3.616,0,-0.25000,45.539,34.334,-13.558,-28.932,1,-4.299,-16.585,26.547,-47.283,-46.287,31.137,-0.65935
1,1,0.664,-9.859,-0.10345,0.24138,-0.10345,11.257,-0.06897,47.005,-28.366,-9.732,-0.03689,0.01707,-0.02383,36.697,-35.807,8.344,-0.00893,0.00078,45.92,18.587,-0.00299,26.067,-0.00166,25.752,35.535,-46.38,-37.208,-16.281,3.263,-0.00012,49.719,12.039,-7.454
0,1,-22.72,0.62745,-0.07843,-0.011,0,-35.833,-0.07843,44.121,-20.387,0.68627,6.557,-47.752,42.182,-23.759,-25.594,35.538,-0.11765,42.231,-0.21569,0.58824,-39.326,0.66667,-0.23529,42.589,-31.681,18.449,-4.706,-12.454,-0.31373,37.008,-0.21569,13.961,-2.83
1,14.24,-7.768,38.92,8.757,10.485,0.26667,47.231,0.23966,40.244,0.19939,0.01070,38.706,-0.02367,37.583,-0.03685,0.06317,-14.544,1.794,-1.472,-28.336,-0.02474,32.756,-48.729,7.638,-17.364,-0.00539,49.264,31.964,-0.00294,-11.993,-47.757,-0.00408,0.00025,-0.00291
0,27.6,-48.38,26.202,16.322,-15.764,-35.309,15.17,45.859,0.62500,37.023,-48.42,0,-32.327,0.448,1.419,0,-13.629,-0.15625,0.43750,-0.37500,-33.074,-0.09375,9.377,-13.2,0.03125,-0.46875,-20.469,1.293,-0.71875,0.03125,15.646,0,-34.73,0.09375
1,1,0,18.355,-36.281,9.717,13.928,23.275,-0.06486,38.547,-47.439,0.98919,1.503,42.929,0.08649,1,-0.06486,0.95135,-42.298,14.935,-28.937,-38.414,9.1,1,-27.477,0.97838,0.09189,-48.406,7.104,32.8,-0.03243,-6.446,29.845,1,-45.831
0,41.23,44.229,-26.096,33.405,1,0.08069,-9.466,4.255,0.91473,-33.842,0.83721,0.03876,1,7.46,-32.442,-22.564,0.81395,0.04651,0.90698,-22.642,18.225,-21.367,-5.143,-13.527,0.80620,39.948,1,21.533,33.578,-12.893,0.83,-6.702,1,1
1,1,48.842,28.066,23.683,8.626,0.08021,1,0.01604,0.93048,-36.51,-14.309,-8.973,1,47.409,13.041,11.192,11.203,33.244,0.91444,25.321,0.96791,0.02139,32.653,42.003,0.96257,-7.082,12.72,9.624,0.87701,0.01070,-2.657,0.09091,-29.347,6.023
0,1,-28.781,-0.20500,23.511,0.23000,-0.288,0.28250,0.31750,0.32250,-20.807,40.003,-17.213,-24.82,0.27500,36.517,-30.8,-0.08750,-34.688,-0.34187,-10.466,-0.48000,-43.685,-22.278,-8.407,-23.884,4.647,-17.393,-8.735,-15.117,0.18500,-49.36,-0.31228,-38.969,0.03050
1,39.906,0,-18.29,0.03333,0.63333,-21.121,-16.683,0.06667,0.70000,0,38.159,-19.896,-21.238,-31.15,0.73333,32.1,15.55,43.815,-18.728,0.10000,-16.835,-0.03333,-38.665,7.527,24.669,34.271,0.65932,0.10168,-18.903,0.13333,6.957,-21.485,0.63333,-33.976
0,-35.347,45.632,0.05866,-23.911,-10.165,-23.852,0,-38.757,43.359,-0.03911,0.01676,-0.07542,-22.869,36.287,-37.874,47.754,10.214,-9.314,32.62,0.07542,1.852,0.02514,0.02793,-0.00559,0.00838,-4.271,36.76,-0.00838,6.557,-45.706,47.141,11.753,0.04749,-0.03352
1,1,-17.31,0.94653,0.28713,0.72554,0.67248,48.58,0.82455,37.535,14.4,-0.24871,0.84475,32.409,27.302,-0.701,-6.067,30.661,0.07208,-0.65426,-14.283,-0.52475,37.55,-0.30851,-31.589,-8.752,48.969,-11.722,-50.406,0.36752,-33.696,-5.37,28.428,8.572,-47.316
0,1,0,0.05460,0.01437,-47.461,0.04598,0.01437,-1.598,6.442,12.943,-4.936,17.625,-10.421,6.319,34.171,39.076,-14.322,-14.852,12.268,0.05172,-41.4,0.02299,44.155,-7.6,0.03161,-0.00862,-25.331,49.593,0.02586,0.01149,-13.015,-27.805,-18.497,-0.00575
1,-30.619,0,0.72414,-11.488,-32.278,0.01084,0.373,49.561,29.343,0.01084,17.288,-21.652,8.39,43.458,0.85123,-20.709,-44.876,-10.676,-29.809,-37.608,0.75961,-9.769,5.043,0.05517,17.396,-43.069,0.78041,0.00612,0.74089,-0.05025,-23.553,-39.041,0.79015,0.00788
0,0.579,0,0.03852,0.02568,0.00428,0,-9.864,23.622,0.02140,-0.04993,-42.647,34.528,0.01427,-0.02282,23.421,-0.03281,15.345,8.078,23.178,3.36,-6.657,4.207,13.737,-0.02282,-17.044,0.01854,-3.623,-47.859,23.455,-1.79,-46.223,-0.01854,-9.439,28.022
1,1,14.655,12.617,31.112,6.755,32.399,0.25661,0.47619,0.01852,-13.812,6.779,15.477,-3.04,4.752,-44.686,0.32540,-0.51587,-23.942,-0.5,-1.531,-11.747,-0.14550,-0.197,-43.827,-0.23280,33.84,0.03574,38.157,22.391,-46.884,0.24868,-0.24339,-2.452,0.04233
0,16.686,-16.173,33.464,0.00686,30.965,40.045,9.376,8.631,0.12586,1.996,0.23341,40.726,45.454,0.07780,-38.973,24.511,0.29062,-0.04805,0.18993,0.07323,49.398,12.27,-21.512,40.825,-27.122,-0.10297,0.08467,-14.602,11.151,17.205,0.09611,-0.07323,37.694,-0.06865
1,-14.022,23.97,2.135,0.38574,0.48263,0.64534,27.525,0.77514,-20.534,0.64899,33.185,0.42048,40.483,13.414,-12.513,8.354,-11.361,-24.632,-0.12797,-0.69287,0.49909,-0.63620,-29.67,42.525,-47.272,-0.05484,-10.964,-37.677,-35.469,0.60512,45.973,10.108,-3.898,0.50457
0,1,34.013,-8.485,0.00705,-40.794,-1.102,0.02116,-38.083,31.668,31.517,0.00282,0.00141,3.339,34.274,-6.885,-14.91,-0.04090,-16.053,-0.02398,-0.00423,0.04372,30.046,11.965,2.896,0,-31.458,-16.979,-43.976,-32.921,-0.01551,-0.01693,-15.462,-49.403,0
1,-40.288,0,-30.509,49.238,0.81927,-0.05676,16.422,-0.04182,47.987,-26.357,17.964,0.11949,-17.056,-16.375,0.78342,-17.08,4.864,-12.183,0.83570,18.534,0.88125,11.136,-5.672,0.02240,36.726,33.101,11.217,-0.03678,-23.671,36.763,0.73936,30.57,0.79089,-0.09186
0,1,0,1,-1.814,1,1,-1,38.492,16.364,-36.889,45.707,33.968,20.803,-24.541,-1,-32.678,-8.773,1,1,25.396,-1,1,-25.922,5.965,21.304,-18.453,9.953,-10.208,42.581,17.602,-37.398,1,14.942,1
1,24.417,0,28.98,-0.595,22.668,0.76432,-48.462,45.392,12.285,0.88744,-33.439,0.49980,-35.555,10.668,-17.825,-0.31044,-22.693,-38.053,-0.19260,44.569,0.28444,-0.80496,0.64649,-39.558,0.77814,-32.451,7.154,0.21343,-28.301,0.58310,23.053,29.067,-41.689,0.64933
0,1,-16.26,27.462,-9.362,-27.347,5.967,-43.828,-1,1,-40.166,1.771,44.602,45.063,29.989,39.334,0,-3.071,20.808,-37.648,1,1,28.241,32.646,1,1,1,1,1,-45.868,7.382,-12.746,1,0,-2.866
1,1,6.312,34.177,0.54902,-35.756,-19.187,0.01961,7.783,-0.49020,0.92157,33.475,-2.441,36.064,10.757,-16.577,-0.33333,19.67,-24.004,-39.102,-0.86275,-10.906,-1,38.045,-0.72549,27.161,42.259,16.671,-14.028,0.72549,0.56863,0.23529,-8.516,-0.11765,-41.214
0,-3.357,-5.603,15.995,0,-1,-25.819,-1,35.501,25.541,45.96,-1,1,1,1,1,-25.771,-4.455,0,13.613,-30.43,-27.491,-1,-20.271,-44.425,1,-36.937,-15.976,19.703,-33.87,44.891,-12.241,-38.949,-1,1
1,1,26.14,0.44444,36.025,37.297,-43.09,-11.382,14.119,-42.333,0.88889,-1,-38.588,-42.252,0.338,-1,-0.22222,-0.66667,-0.77778,18.111,-1,-0.22222,7.665,31.106,44.838,45.643,40.075,-40.631,0.45019,31.511,-21.392,-42.835,1,-2.004,1
0,0,5.68,0,-17.14,0,33.275,-5.472,17.467,0,5.643,-32.42,8.603,24.033,-34.944,38.035,-21.076,0,0,14.574,-17.842,37.047,0,0,1.347,0,-36.088,-32.238,0,-3.262,-27.668,-37.156,0,0,0
1,1,44.496,1,-42.758,11.513,-49.249,20.222,0.50000,0.75000,-42.252,0.91201,0.12094,4.507,0.14210,-42.351,0.16228,4.816,0.25000,12.047,0.5,21.069,0,45.255,-0.25000,36.823,0.50000,47.714,-31.612,48.513,48.381,-28.609,-38.718,13.041,18.604
0,0,0,-1,1,1,1,45.136,0,-21.281,10.959,1,-24.364,30.454,-1,3.025,-1,-35.012,9.347,47.449,-5.549,0,12.298,32.605,17.073,13.256,-1,49.921,-1,-3.918,45.825,-27.925,-23.033,-49.253,32.051
1,1,-17.585,29.824,0,-4.348,0,27.591,-5.944,1,-0.11111,28.586,-14.669,49.292,-46.227,0.77778,-15.001,42.695,-24.212,1,0.6,0.77778,-48.478,-9.304,-40.152,-27.988,0,3.309,26.012,1,0.11111,-15.254,-0.11111,1,15.757
0,0,9.905,0,-7.229,25.753,0,0,25.892,34.424,30.137,49.72,-36.981,-49.283,-1,26.825,36.689,0.969,47.681,-10.169,0,-9.768,0,33.837,45.539,0,0,1,-4.728,-4.187,-1,1,-44.655,0,0.715
1,1,-35.792,12.05,46.38,-30.426,-0.45455,1.664,0.09091,1,-16.372,13.039,34.989,1,-39.403,-12.022,-0.18182,1,-7.363,27.067,0,1,-4.823,36.536,0.09091,4.263,18.496,-24.496,8.292,1,-27.857,-36.208,-0.27273,-45.38,-0.18182
0,1,-17.353,7.296,-0.63636,0,31.97,-2.556,0,0.34470,10.306,-22.292,2.154,7.565,14.01,36.94,43.808,-0.53788,42.012,0.12121,42.171,-11.969,-36.975,-20.845,0.17803,0.29167,-0.27273,-24.149,-0.57576,0.43182,18.167,-48.237,-0.02273,42.308,-1.153
1,1,49.27,41.166,32.87,-13.506,-1.204,1,47.452,1.355,0.05882,-32.074,8.826,1,26.976,1,-12.729,1,-0.05882,39.67,13.122,-6.768,16.519,1,-48.3,39.557,-0.11765,-27.352,37.683,1,-47.697,1,0.35294,37.961,0.23529
0,46.797,0,26.6,-13.785,-1,-0.62766,14.957,-38.903,0.07979,-35.543,7.717,-35.091,15.805,-21.091,-47.607,-1,0,-15.826,2.186,-48.46,-0.25000,2.293,15.34,-50.1,9.377,0,-0.19149,-0.46809,-32.52,31.311,30.563,0.90426,-0.67553,0.45745
1,-27.932,7.091,0.91667,37.888,33.566,-0.16667,0.70833,1.786,-6.7,-23.648,9.951,0.04167,18.189,40.355,0.70833,0,0.87500,0.04167,1,-47.339,0.66667,-45.844,21.567,-7.279,23.108,-0.12500,-11.689,41.995,1,14.164,0.70833,-42.39,-26.812,-36.228
0,18.225,-22.759,-33.256,-0.16667,0,0,0,-6.143,-10.466,0,0,5.959,-21.758,39.718,0,27.162,-8.957,0,0,0,0,-26.948,-13.014,11.684,-33.756,0.08974,44.402,-0.279,0.12500,25.374,7.214,-15.293,33.519,3.45
1,1,47.409,24.699,-0.08183,11.203,-36.629,-9.787,-7.433,1,-0.33075,49.809,9.236,40.498,-0.47265,0.91904,-18.197,42.75,-0.65224,-28.1,4.252,0.82450,-0.78316,-29.737,10.38,0.67033,-0.96296,0.48757,-4.514,-30.631,11.202,7.867,30.775,33.488,-0.89621
0,1,0,1,1,35.612,-15.867,-18.568,38.082,0.34649,-14.436,-48.628,14.92,-8.511,23.281,-19.545,0.34649,0.72807,-23.343,0.22807,0.53070,-22.577,-24.913,-43.903,-21.319,-38.431,-9.117,1,-1,-33.923,-39.619,0.35088,0.20175,44.544,-0.309
1,-30.15,47.096,-18.395,0.24077,46.63,0.00369,0.80244,-0.30133,-16.483,-19.125,-33.436,-0.24077,-9.493,37.22,0.71492,-0.36078,0.47194,-46.316,33.089,33.587,0.61041,7.134,-21.12,-0.32681,0.23966,-20.025,0.29208,-21.672,6.484,42.962,-21.881,31.586,0.18353,23.569
0,0,-4.276,-1,1,32.326,46.787,1.899,10.214,0,-37.938,-21.863,-10.409,37.234,-13.087,-17.31,0,1,5.526,11.753,0,0,0,-35.347,-37.745,-24.903,-32.277,38.522,35.657,-1,-22.86,-1,-1,13.509,0
1,1,17.691,0.92247,12.739,0.96419,-0.17674,-30.168,-25.566,-49.025,-6.101,50.409,37.7,-0.941,47.608,33.518,-0.49967,-8.339,-0.70729,27.012,-47.977,-11.478,-0.54172,0.33509,-0.59691,28.801,-15.568,0.09312,-7.08,-0.013,-0.54928,8.05,-0.54074,-10.458,-0.47898
0,1,-9.803,-15.227,-1,-0.50694,-3.953,44.425,-1,45.193,0.53819,4.295,0,39.362,5.276,13.308,1,0,-27.816,1,1,0.573,-17.451,34.255,-43.055,-8.304,7.52,-47.102,15.503,50.576,-1,-12.343,-1,-40.945,1
1,-19.726,-37.578,0.84177,0.43460,-31.119,-32.313,15.492,-29.666,-42.976,24.316,-25.106,-10.866,-0.93882,0.19409,6.689,-0.676,22.792,-39.726,-10.135,-0.85654,0.16245,27.688,50.073,-0.66878,-44.928,-10.957,0.77937,0.07933,0.64135,-21.214,0.31435,0.62447,16.665,0.69409
0,1,3.324,9.107,1,0,-1.797,-10.599,-1,27.002,-45.273,1,1,1,12.685,0,0,24.642,37.474,-5.678,-8.424,0,-17.096,1,22.195,-1,-47.197,1,5.203,3.44,-23.011,33.54,-46.875,-3.663,14.937
1,15.655,-0.049,-13.307,32.698,1,1,23.004,31.885,-16.506,3.058,14.686,10.27,-46.667,1,5.332,1,-1,0,-1,33.171,-1,-0.92536,-1,11.812,16.938,-3.719,33.569,-1,7.8,-2.414,0,-3.699,-42.446,-0.66667
0,0,40.086,-38.98,50.281,-1,23.646,40.738,0,-1,-38.12,38.577,11.27,10.039,40.243,41.902,31.825,-15.022,-27.273,-1,-1,-22.624,28.31,0,-14.615,-29.384,-1,46.331,9.713,1,-1,41.827,1,0,0
1,1,0,9.665,13.483,-14.438,0.14211,1,0.22108,46.946,-0.12500,4.319,9.958,3.896,1.681,24.97,-35.334,-0.37500,34.922,-2.682,0,-10.886,0.92001,-9.978,-0.093,-10.565,-18.975,-23.011,-37.094,-39.835,0.25000,-47.01,1,1,1
0,0,18.675,-7.865,-1,0,0,-16.08,-8.505,31.474,-32.927,-49.41,0,0,0,-30.367,-17.998,0,0,29.072,3.026,-6.578,0,35.305,-42.964,-30.446,-15.971,-11.115,14.647,31.657,11.947,0,0,34.013,0
1,1,17.101,11.043,41.502,37.41,-0.14380,-0.13129,32.907,-17.638,-17.071,0.38096,-0.26339,-40.998,-0.31997,47.179,8.763,0.20269,-24.846,11.276,-26.738,24.491,-0.31525,0.06556,-16.582,-11.178,-0.25124,35.928,-0.23210,15.916,-0.21129,49.19,-0.18950,21.816,30.317
0,1,-41.577,23.417,0,22.279,0,0,-36.398,0,16.602,1,-0.33333,0.16667,0.26042,-33.678,-9.773,-26.922,-48.55,15.364,6.965,-32.416,20.085,34.801,-34.982,-1,0.5,-17.411,0.75000,44.478,36.492,-23.666,-39.477,-1.012,-0.93750
1,23.856,0,29.128,45.481,-27.353,44.504,-15.298,-37.353,-10.847,-0.26496,-21.372,-34.077,0.80426,0.25283,0.73781,0.27380,0.66775,-16.679,-28.084,28.697,0.52494,44.355,-32.221,-0.703,5.845,6.71,0.32930,10.816,29.263,0.23568,12.936,0.21378,0.18086,0.19083
0,-43.453,44.571,1,6.217,-37.384,20.808,-1,-1,-45.868,0.31746,-3.257,-37.886,5.382,-1,31.334,1,-10.785,2.746,-1.866,1,-40.477,-1,-1,38.334,27.292,-9.996,28.241,-22.318,35.299,7.291,-1,-0.32540,-1,0.72831
1,-29.43,0,-8.482,-42.117,0.60761,0.43204,-16.053,-4.758,-37.936,-15.448,0.96197,-14.156,0.99676,33.259,21.232,-24.72,43.321,-0.25324,-25.617,-0.14482,-19.338,0.26133,38.05,10.603,27.085,37.038,0.87293,-0.02302,-2.043,0.09385,-10.458,-0.10194,0.85841,15.595
0,14.119,26.14,1,44.96,21.703,14.613,-3.455,-4.603,1,-34.37,1,16.995,1,1,1.449,1,45.309,0,-36.949,-18.271,31.328,1,1,-1,37.76,-23.819,1,35.126,1,44.141,-0.75000,26.541,-44.425,-36.375
1,36.58,0,-21.236,31.167,-42.058,-0.78509,15.574,17.452,1,0.15414,1,-41.722,-37.94,-0.06861,1,8.509,0.95802,-41.742,0.83584,-0.15633,39.009,-33.201,-40.255,0.09242,-42.997,-11.172,41.037,-17.888,-16.228,-37.117,1,-1.586,0.96523,44.943
0,1,0,0.36876,-1,-35.944,18.722,-42.328,38.047,6.643,48.714,-2.516,-49.637,-28.668,-0.79313,-0.09677,-38.009,-35.602,0.46502,17.784,33.0,-0.14343,23.832,-21.195,0.06895,0.03021,-5.406,8.637,-0.01186,-29.309,-0.01672,1.339,5.681,-32.42,0.00325
1,21.319,0,0.79847,4.407,4.425,-43.39,5.066,-0.07653,47.956,-0.07398,48.833,11.504,-25.928,9.368,0.98214,44.521,1,12.235,13.255,-34.935,1,36.325,45.728,0.30804,11.513,-0.14541,1,-31.88,0.75638,0.07908,45.255,18.114,-41.758,-0.05740
0,0,0,0,0,0,2.406,-23.364,45.136,-49.253,15.757,0,11.959,1,49.449,1,1,30.454,-6.348,14.256,32.605,33.051,-21.281,18.073,-23.033,1,-45.005,-3.918,0.711,1,49.921,-3.549,-7.055,0,0
1,1,-48.366,-27.654,26.54,-6.229,27.444,-9.025,34.486,1,-0.30566,-44.728,25.575,0.90818,-18.026,-23.455,-0.58899,29.522,-0.58019,0.59623,26.349,48.977,-48.993,0.54465,-0.87327,-39.549,-15.291,42.273,29.376,0.26352,-16.926,0.16604,-0.73145,0.13994,-15.701
0,1,-16.281,9.905,0,25.753,0,25.892,0,-0.85000,33.424,0.664,0,-2.728,-10.768,26.067,44.539,-1,-0.285,-1.031,-1,37.689,-1,49.12,-47.38,-9.169,47.931,-1,-0.20000,-36.208,-4.187,0,-35.981,8.341,0
1,1,-7.454,1,0.09091,-30.471,42.228,0.77273,43.494,13.039,-24.407,-3.505,35.536,1,41.728,4.172,18.541,-34.792,0,46.926,0,35.853,-28.221,0.77273,0.09091,0.90909,0.04545,7.59,-12.993,-24.541,0.09091,11.914,-39.221,0.86364,-0.691
0,1.76,-17.353,-2.556,0,41.138,32.97,1,-47.419,9.019,-23.72,36.577,32.752,-1,-1,-1,-12.301,48.27,16.925,14.491,-1,38.481,-37.44,0,-20.27,39.557,-1,-1,-1,0,-7.768,8.641,-29.352,0,0
1,-34.309,1.293,-12.288,-1.528,0.97059,-14.329,40.99,0.08824,10.289,-0.02941,0.97059,36.784,0.97059,-47.609,0.94118,26.888,-19.501,47.041,17.166,0,-32.31,13.358,0.88235,-48.682,0.85294,8.62,0.92663,38.696,27.541,0.237,0.97059,45.856,0.91176,0.05882
0,1,17.355,14.17,-12.785,-1,-39.262,0.28354,-47.607,30.8,2.357,-1,-1,-44.76,9.717,-1,-16.061,0.28301,-1,-31.296,-33.73,29.504,21.275,0.536,36.596,-48.392,-1,-1,-0.03578,16.678,12.955,-1,13.634,-48.23,1
1,1,-12.962,40.704,-0.10526,0.83781,33.368,-6.744,0.02615,0.68421,-0.05263,7.775,-42.39,0.79856,-33.784,-6.662,0.05756,21.659,-35.796,-22.564,-47.37,0.72550,-28.855,-26.817,0.08141,33.154,0.21053,-5.489,44.319,-12.0,-0.38,42.541,9.13,0.57418,0.09719
0,1,23.699,-0.00641,2.755,0,0,-10.485,1,7.626,5.959,0,-21.873,-26.948,0,17.225,0,0,-22.759,12.064,28.092,-0.35256,-8.214,6.842,9.395,-15.245,12.041,-0.61538,-0.51282,0,42.019,25.278,-33.442,-30.325,39.909
1,1,-22.577,1,49.296,1,-17.17,-6.317,0.63636,-27.781,-0.09091,1,-24.913,0.81818,-0.45455,23.86,0.27273,10.579,-9.086,48.409,-0.27273,34.105,-0.45455,-35.516,0.07750,-9.78,-0.479,-30.01,11.216,32.664,-3.293,-38.373,40.277,5.615,0.27273
0,0,-17.383,5.357,-22.188,-22.304,-17.867,-1,1,-17.568,-49.089,39.906,42.715,1,-35.143,-19.395,-19.896,14.85,37.525,-43.605,-34.923,-1,1,1,-22.157,-40.431,1,-13.647,1,0,-8.739,1,0.5,36.612,0
1,1,10.214,0.45455,47.878,-18.867,-21.561,-30.878,24.217,0.63636,0,-38.382,7.436,-45.249,-0.09091,-21.551,-0.01343,32.736,1.717,33.139,0,0.36364,-0.09091,-18.617,47.278,0.36364,-0.09091,-37.594,-10.25,43.626,34.138,0.36364,-23.903,0.28985,45.613
0,1,0,-15.087,-0.59677,0,0,-12.883,0.64516,-0.813,1,0,32.885,0,37.522,-4.276,0,-22.863,31.326,36.657,-36.347,-18.31,-1,36.234,-9.409,0.29839,6.76,12.753,50.133,8.069,-23.86,-8.711,-33.277,0,13.509
1,-9.383,48.104,27.741,0.14286,-12.041,38.704,13.308,0.71429,-26.816,17.548,45.05,-0.14286,-4.83,12.959,1,-1.644,0.42857,-0.14286,50.576,0.03617,-24.34,-0.28571,1,-47.256,-49.556,-0.28571,1,-41.371,1,28.706,-5.484,-30.467,-13.932,0
0,0,-4.953,1,1,-8.803,-44.055,0.573,-10.478,7.52,-23.383,-13.227,1,-38.07,-1,17.503,35.255,1,-21.726,1,-48.435,1,1,44.425,-29.6,5.295,-19.451,1,1,40.122,7.276,1,-20.642,-6.588,1
1,1,0,-44.807,23.904,50.098,0.82161,0.10380,24.373,3.823,17.549,-0.73939,-32.493,-43.52,0.16731,-0.82417,-31.868,-0.59383,27.369,15.152,6.727,-6.49,-0.78699,29.068,-0.57430,-9.191,-0.669,0.69097,8.211,-8.896,-10.27,0.25974,-37.013,-1.864,0.57552
0,0,-24.011,-2.663,-12.599,1,1,35.54,-1,1,-1.699,1,5.8,1,-48.875,15.937,5.332,1,4.324,14.685,39.474,24.195,-45.667,-43.273,-47.197,23.232,1,1,5.44,-0.414,1,24.642,1,-16.096,-1
1,1,0,-13.38,-0.008,0.89266,0.15766,0.86098,15.884,13.107,49.646,0.80619,17.674,-15.411,9.676,0.66586,0.48360,45.932,34.355,32.597,2.579,12.63,0.54212,-2.294,15.212,0.33340,11.592,0.26978,31.427,-43.223,-14.081,33.52,0.49124,0.11573,-21.158
0,0,0,-29.384,1,-14.022,-11.978,10.563,-36.924,-38.12,1,-24.011,37.577,28.31,39.738,0,42.902,41.243,-27.273,40.086,0,-1,1,41.827,1,0,0,25.646,1,33.922,-37.98,44.946,7.713,30.825,0
1,1,34.013,-48.475,31.61,-14.5,8.919,0.85705,0.38779,0.79039,0.47127,-10.841,-19.375,0.65260,-11.136,34.814,30.808,-47.594,24.797,-43.709,-39.975,0.13712,0.85615,3.324,0.88869,13.341,3.694,0.981,0.78004,-1.425,0.71454,-4.067,0.64363,-38.569,0.55835
0,0,-26.448,37.828,-1,-33.927,-5.578,17.675,-13.971,-15.08,1,-5.865,-7.505,-1,-32.367,-13.115,-1,32.657,1,1,-42.288,-17.998,-1,3.026,14.647,-16.115,0,1,-1,34.12,-1,9.393,-30.446,-1,12.947
1,1,0,31.395,-24.421,0.73061,-16.071,-0.168,11.315,47.513,0.45577,42.029,15.828,0.25000,-35.315,22.055,9.324,0.15215,36.447,-18.034,0.57500,15.908,-26.493,17.013,0.44424,-9.923,24.796,-11.407,0.34976,-0.23832,0.29541,-0.26634,49.477,-33.916,0.31154
0,0,0,23.279,-1,-47.55,-40.577,-15.966,33.968,38.492,21.304,7.965,11.711,1,24.417,23.856,-29.68,-22.541,-1,1,0.012,1,17.602,1,-1,-35.398,-1,-38.206,-1,45.707,46.43,1,-18.453,-31.218,1
1,1,44.403,11.535,-16.129,0.94120,0.20036,-45.98,0.32248,-40.276,28.455,-31.821,0.45217,40.056,0.52284,44.763,6.043,28.99,-2.197,0.48869,-27.643,0.44245,7.119,0.35289,0.75622,44.839,-36.738,0.16813,29.775,0.07497,-10.998,-34.654,-43.676,-0.10289,-21.29
0,6.312,0,0,-11.259,-35.384,1,0,-4.071,1,-37.648,34.299,26.462,-9.362,-15.247,0,27.241,-9.418,37.299,6.382,0,0,-20.187,6.783,0,-23.318,1.746,1,-16.616,0,21.808,-1,11.639,32.334,0
1,1,20.317,0.92308,0.15451,0.86399,-4.059,-36.649,25.909,0.70588,-16.408,-44.85,-25.864,-24.339,26.987,-41.799,-38.19,-4.263,37.832,0.04686,0.76171,-24.94,0.76969,-38.134,-10.528,-0.29291,43.132,-30.818,33.763,15.274,0.50131,-3.56,0.40732,-0.56231,0.35095
0,0,8.443,0,34.501,14.119,45.891,-41.0,46.96,36.76,0,0,0,14.995,-1,17.556,30.328,-39.921,29.936,-33.87,0,45.309,26.14,1,-18.271,0,-5.603,1,1,0,0.449,19.703,-40.552,13.613,0
1,1,0,0.88804,-16.759,40.734,-40.557,45.351,36.459,14.507,34.176,-37.551,0.80441,-0.64574,0.56502,-23.065,-10.891,36.258,-43.14,-28.296,-33.547,-0.46637,-0.55605,-32.584,-0.64338,38.131,-0.61055,5.947,-0.48392,-17.41,-0.29838,-0.978,-44.092,6.101,0.12556
0,4.066,17.467,1,0.347,-42.22,-41.252,-35.088,-2.262,49.131,1,1,-4.472,1,-1,1,1,12.297,20.722,25.033,-1,-38.009,-22.076,47.975,-50.249,1,-1,9.603,37.323,1,46.763,1,-33.944,-28.305,1
1,1,32.605,44.99,-22.664,0.80151,12.469,19.089,-31.723,0.55580,0.05252,1,-26.713,49.169,4.314,21.007,0.32925,14.753,17.246,0.64333,45.108,0.57399,0.42528,45.027,10.962,10.292,-42.183,-34.571,0.48200,12.423,4.617,45.175,0.49721,0.30588,0.49831
0,0,26.925,-5.348,-40.041,-4.918,2.406,-6.055,15.757,0,27.698,29.454,0,32.051,-24.212,0,0,-4.549,0,48.921,11.959,0,0,0,0,0,26.065,1,-21.033,0,-49.253,41.917,-23.364,0.711,-46.005
1,29.824,0,-14.055,0.00892,-2.755,-45.658,-15.154,44.542,0.95801,48.308,0.94054,26.86,-47.394,34.885,0.98625,-14.539,-47.34,30.208,0.954,-0.00706,0.97770,0.04980,0.96358,25.962,-6.296,0.08101,-9.018,0.04356,-16.61,0.00818,-27.676,34.495,-35.981,-0.00260
0,3.263,0,50.72,-36.208,-11.169,35.689,-1,-1,9.905,8.341,0,0,34.536,25.067,0.664,0,-16.281,-7.454,-3.187,-46.38,45.931,1,26.753,19.587,0.715,0,1,-10.768,45.926,0,-1,-1,-29.312,-1
1,14.491,43.494,0.50466,11.87,-3.745,0.01513,-35.73,0.02258,11.731,0.01282,0.34615,6.731,-30.735,0.04393,35.67,-35.741,0.67023,0.05692,42.953,41.635,42.783,-12.954,0.63077,-48.345,-24.656,36.757,0.59935,-24.323,0.38228,-39.063,0.56466,18.015,-0.19,0.09346
0,-46.756,-17.353,8.328,-0.44,47.96,-0.76087,-11.171,0.04348,0.76087,37.588,10.886,0.73746,2.46,40.348,13.999,0.13712,0.93478,-0.25084,-7.06,-20.082,32.619,-14.26,0.60201,33.526,39.557,-0.53846,0.89262,-22.498,-1.845,0.53846,50.27,-28.417,0.56522,0.23913
1,2.357,-48.38,-33.967,8.513,1,-0.29630,27.6,-0.85741,0.80000,-35.247,-12.744,-49.14,10.377,36.835,1,-0.481,27.351,0.01852,39.492,-0.05926,0.98215,1.094,-32.074,-20.28,0.69630,-0.26481,46.718,-0.24549,-31.507,0.02037,0.87492,-16.097,16.17,15.596
0,-47.607,0,-39.029,8.873,-45.348,-13.711,37.861,14.197,14.19,31.932,0.19455,0.25292,0.24514,-49.022,0.08949,17.585,-0.03891,-35.9,0.05058,0.24903,0.24903,22.372,0.07782,-7.146,-0.02494,0.28482,-28.992,-47.16,41.792,29.966,1.442,7.402,-0.19066,15.966
1,1,0,0.57540,-27.552,9.787,-0.05357,0.61508,-12.539,-12.423,-23.531,-5.526,3.354,33.324,-26.972,-6.948,0.01190,0.70833,0.02579,-33.231,0.01587,33.829,7.161,-21.282,0.03770,0.5,40.27,44.842,-0.01237,-9.849,-0.305,-41.701,20.803,0.62500,17.193
0,34.196,31.664,10.267,5.806,-9.002,0.05911,0.08374,-0.02463,7.611,0.18719,48.906,42.019,-7.012,27.064,0.05911,0,11.77,-0.02956,-0.12808,-22.966,0.06897,-30.31,39.978,0.02956,0.07882,0.16256,23.98,9.53,25.219,-0.09360,-33.398,12.095,-36.442,-15.353
1,-7.45,0,0.61857,0.10850,-30.303,47.339,-34.22,0.01678,0.74273,11.13,-2.947,-23.146,-20.441,-43.607,-38.576,-10.714,40.477,23.058,0.68680,-22.667,0.62528,-0.01342,0.60962,-16.749,0.71253,-0.09508,0.69845,-0.01673,-24.28,-28.733,5.676,-17.767,37.264,-0.435
0,35.138,0,-20.935,0.35949,-14.647,0,38.61,-1,6.357,0,0.07595,-34.216,-49.089,-31.15,-19.503,-22.038,0,-17.383,14.85,43.715,0.00759,-18.714,-8.939,0.33671,-19.999,0.35696,0.05570,36.525,-39.431,0,-17.505,-1,-21.652,24.035
1,1,-45.704,48.668,-0.00857,0.89818,-0.02465,-8.468,7.509,47.988,-0.12755,-37.116,-0.10932,37.123,43.365,0.90782,-0.13719,-18.019,-0.06109,-22.995,-0.02358,32.98,45.486,7.355,36.533,0.90139,1.704,11.096,-38.895,33.528,-10.36,-22.976,-0.18542,-3.359,-0.16827
0,1,-47.256,-32.85,-50.342,0,-14.087,32.885,49.616,0.46458,14.02,8.658,38.01,-36.347,0,0,-6.484,0.223,11.299,29.246,26.558,0,31.326,-8.711,37.522,0.98750,-0.40833,-1,-1,-12.162,-23.62,-17.31,0,0,0
1,7.276,-25.34,0.88853,-14.916,-12.121,0.01305,0.92442,0.01359,0.89179,17.589,-17.55,-0.08428,-4.9,48.094,0.93094,-0.08918,13.794,-31.089,-4.059,-0.04024,0.88418,-41.542,13.197,-0.11909,-6.759,-47.577,-0.779,49.457,-9.528,44.062,-26.981,-0.12452,7.387,-0.12235
0,-36.578,0,-11.478,0,1,43.554,0.88444,-24.403,0,-39.07,-13.227,-0.42444,17.503,0.19556,-42.055,-0.05333,50.559,-0.81556,-21.642,0,8.556,16.63,-19.726,38.936,0,-30.6,1,-1.427,0,-45.677,-8.803,28.671,5.202,34.159
1,16.393,-31.619,0.81143,0.03714,-9.033,-10.669,4.993,0.00714,0.79571,-0.04286,24.31,0,24.276,-0.06714,0.86429,8.11,-2.834,27.948,-0.987,-6.797,-41.83,23.111,0.84286,-46.247,4.094,-9.493,0.395,-0.08669,0.82571,-0.10429,24.456,-17.146,-32.254,-0.15143
0,1,-2.699,-43.446,-46.667,4.44,33.838,0,0,0,38.474,0,0,-25.011,14.685,-13.307,-2.167,0,-47.875,-44.273,0,30.885,0,-1.414,6.8,0,34.54,1,-10.599,14.937,22.232,0,0,32.063,6.332
1,1,-0.049,0.49870,12.164,0.43117,30.729,45.837,-39.161,25.147,-21.528,9.16,0.05974,0.55844,12.151,0.51688,-0.03636,0.52727,9.211,0.55325,-0.01039,16.172,11.005,2.548,-16.183,-14.023,49.281,41.27,-0.03280,33.808,-27.239,15.201,-0.05455,17.861,-0.08571
0,0,0,0,1.191,-10.978,-30.384,0,27.31,0,0,-19.975,-15.022,0,40.827,37.577,0,0,41.243,-24.011,9.563,-11.886,0,23.97,0,33.922,-35.924,43.902,12.414,-37.98,45.946,0,40.086,0,-3.682
1,35.013,-48.01,-14.438,-43.464,-39.835,0.25000,0.25000,1,0.16851,-15.168,2.763,-6.061,29.731,-16.39,-33.365,0.37856,-49.847,0.16709,-0.36676,-14.964,31.392,31.383,3.157,8.535,34.228,-0.12744,-0.02089,-0.10242,-11.554,-38.165,-1.071,-0.04142,0.02249,-0.02017
0,-40.288,-6.578,0,15.647,35.929,0,-23.552,1,-1,-1,-31.367,0,-16.936,33.009,18.675,0,0,-26.448,-1,1,1,37.828,1,-9.505,0,11.947,-30.446,3.026,-12.115,10.393,11.124,30.589,-16.115,50.238
1,-25.922,16.602,0.87048,22.183,0.64099,-15.622,41.895,-32.811,-0.03933,0.90740,-36.31,0.79346,-0.70561,17.617,34.157,-9.546,8.142,20.179,-0.67474,-1.195,6.582,-24.17,37.362,-11.916,16.098,-0.66421,0.38544,14.848,47.67,-0.29897,0.56239,-0.05938,24.911,0.16645
0,1,-32.218,22.279,-41.577,45.43,-28.68,12.711,0,-38.5,1,0,-48.55,7.437,0.37333,-34.744,-0.12000,-17.453,0,22.417,9.56,0,28.404,45.707,-1,22.856,0,1,-0.761,0,-32.677,-16.966,-39.206,0,-36.398
1,-1.866,5.455,45.285,-40.731,0.59573,0.77655,0.19672,7.327,-0.24103,45.496,-22.658,28.84,-47.732,22.145,-0.92384,-0.05338,-0.77356,-0.44707,-0.46950,38.601,28.887,-45.276,-15.996,-0.77570,0.55984,-0.55910,-11.081,-28.591,27.965,1.842,0.58137,44.452,-3.723,-38.071
1,1,-36.384,-2.701,0.02520,-15.464,0.21278,0.14919,33.074,10.382,7.235,36.961,42.669,19.703,26.498,-0.94053,-10.416,-23.449,-0.14329,-0.30315,-0.44615,34.185,-0.85597,-14.22,-0.22786,26.742,-0.06295,37.637,6.664,-19.91,-42.23,0.15078,0.13296,-9.296,-11.054
1,-15.976,-4.357,21.537,0.39121,0.54040,35.287,-11.118,-37.055,-0.33221,0.83578,-31.131,-25.895,-25.638,0.21909,-25.664,-0.24164,-0.59714,-0.61894,-0.19354,-20.149,0.12439,-0.89064,16.506,44.166,-3.663,-45.702,-38.037,33.264,16.408,-36.884,-33.494,0.70011,-0.03983,26.335
1,1,0,1.073,36.725,-5.012,45.314,9.047,-0.07461,0.63177,26.15,18.18,-0.07461,13.789,0.07220,-40.622,-11.244,-41.325,0.09146,-38.249,0,36.17,0.10108,-41.052,-1.417,0.65945,46.101,45.665,13.633,31.45,40.119,0.61733,-0.00963,30.942,-0.09146
1,1,0,0.74449,-36.112,37.755,0.03309,-21.513,0.16912,-32.446,5.757,0.81434,17.906,38.673,0.00551,15.282,-32.203,-42.058,-5.412,-43.387,0.05147,-17.168,-37.113,33.795,-17.39,-26.938,5.485,0.61727,0.07124,0.30882,0.08640,1.906,-21.001,-34.341,0.21691
1,1,8.603,48.746,24.223,-41.47,0.01780,0.77486,0.02647,0.65077,11.194,4.842,-49.169,0.73961,36.374,0.72322,44.312,45.182,-0.08923,-31.259,0.16308,0.66233,0.07573,-2.623,-38.928,0.60154,46.902,20.907,0.08767,-28.754,-42.963,18.835,-42.666,20.228,47.857
1,1,0,30.137,10.567,15.104,48.451,0.84341,0.00301,45.979,0.09901,0.75813,-23.323,-26.106,-22.027,45.632,0.00673,-4.112,3.492,0.77935,-49.289,10.11,0.00909,13.113,32.615,17.87,-0.04243,0.70824,4.036,12.92,-22.165,-3.882,0.01190,-34.368,0.01227
1,27.065,-16.143,-14.501,-14.558,0.38696,15.862,-45.513,-24.147,0.46957,2.367,27.281,-0.12609,49.378,0.04783,32.555,0.02609,0.35652,0.19565,0.42174,0.859,0.42174,-48.393,-5.733,-28.767,28.171,11.95,42.335,-5.279,0.38696,0.03913,-39.689,-9.823,0.44783,0.17391
1,-2.187,25.892,-6.43,36.783,0.78129,0.20656,0.71628,48.573,0.69320,35.25,27.484,45.04,0.57898,0.60814,0.49210,0.58445,10.239,0.67861,-36.685,0.63548,-45.559,-3.047,30.158,-47.561,-0.08748,0.601,-0.11925,-9.562,-0.18226,1.275,-17.84,34.941,46.658,29.249
1,1,49.72,1,0.09802,1,-35.541,9.325,0.33044,-45.576,0.53020,-36.458,36.139,1.233,-3.74,11.604,19.328,-25.201,-30.604,26.278,0.79777,0.09709,0.82162,-7.471,46.724,11.887,0.75596,-16.509,-27.62,-0.31713,-9.159,-0.40291,26.298,2.835,0.44534
1,37.577,-48.419,0.89410,7.775,7.545,-19.954,-23.618,0.43388,0.63388,0.59975,42.678,-12.312,-22.323,0.76161,0.24266,0.79523,0.09134,42.478,13.399,0.76261,-0.938,35.659,-39.433,0.62610,-0.40552,0.50489,-3.018,18.332,-17.857,42.592,-0.52823,43.685,1.272,-36.381
1,1,0,38.427,0.17498,0.90946,0.33143,47.892,13.74,0.73678,-32.436,-27.759,1.093,-7.281,-13.67,0.30459,39.576,32.15,50.204,8.584,0.93109,39.977,39.451,-12.319,33.577,-13.665,10.783,-0.58563,0.66335,-0.67929,-47.231,-2.193,0.42488,-49.524,0.26092
1,-34.309,9.377,2.211,-20.319,16.539,0.35543,0.72873,0.45747,0.60425,-48.693,1.86,-31.547,27.219,27.418,15.326,0.83558,31.804,0.85210,-13.949,-33.951,-0.35996,0.76193,-0.43087,-47.954,29.287,16.705,36.357,0.40972,-0.64511,46.07,-16.483,-48.243,-0.64056,0.05394
1,1,-42.39,-28.165,0.21106,0.63935,7.472,42.424,-46.897,-39.264,1.758,8.855,0.59565,-0.07727,0.44545,17.355,-7.089,-0.27491,14.377,-0.56136,0.36818,39.864,0.18864,-0.40533,14.031,-36.655,-27.553,21.936,-45.885,-0.27540,-7.643,8.835,37.35,-0.11894,-23.837
1,1,17.225,0.58940,26.553,-26.094,0.383,-32.631,-12.454,-5.577,0.16225,40.237,25.52,0.50331,0.12252,7.828,-10.268,12.469,-12.535,33.894,3.394,0.65232,0.27815,44.918,0.07285,0.51872,33.0,0.49013,21.093,-22.296,0.28574,-21.438,0.29324,-33.426,0.29942
1,8.626,0,-9.78,23.813,0.70019,33.075,-6.319,0.09677,-35.804,0.01139,-28.22,31.586,6.649,0.12524,12.627,0.03985,0.53131,-0.03416,0.69450,39.809,0.72676,42.091,10.523,48.901,11.661,-8.584,0.49090,0.17951,9.731,-30.001,0.44141,47.598,-14.683,-3.505
1,5.887,-8.739,0.84843,-30.942,-16.061,-0.02299,0.77031,-0.03299,0.279,-49.155,-43.009,-17.792,0.67260,-22.635,23.866,-0.06438,-8.058,-39.328,-13.934,-24.899,44.275,-35.004,37.146,-23.388,-17.098,-0.22822,0.48659,14.759,0.52613,-21.243,0.44277,-0.09621,0.42223,-0.09808
1,35.138,-31.15,1,0.08013,-18.928,32.095,0.96683,-0.00722,0.87980,-19.543,-17.89,47.11,33.646,45.617,8.486,37.509,7.342,-39.421,-16.471,-0.08848,-20.702,-19.418,0.94636,38.88,0.98164,0.02003,0.93772,-0.03034,1,23.977,-33.215,-22.072,-20.266,-0.03673
1,1,-23.903,2.379,36.11,0.42784,31.202,-45.003,-23.255,37.389,-9.337,10.477,-36.563,48.282,0.15979,12.206,-38.864,43.776,0.06186,-37.438,-10.505,-3.73,6.712,-32.854,0.08247,0.70619,0.19588,0.53396,-0.12447,0.15464,-0.26289,-23.386,0.04124,-13.634,-0.51546
1,-0.644,0,33.52,-0.04388,50.382,-31.009,0.61432,38.35,8.722,-17.314,-9.741,-47.173,29.448,-0.43418,0.72517,-11.333,0.654,-5.692,0.63510,13.153,0.63279,-6.738,14.219,0.15359,-8.065,48.335,38.21,0.17704,0.61663,26.817,0.66316,0.19841,-49.151,0.36721
1,1,-25.34,7.021,-18.486,0.61124,16.517,0.58876,0.01573,50.164,0.02472,-13.56,-0.00449,0.71685,6.228,-40.755,-4.944,-9.23,-27.791,-12.394,-0.07416,0.56854,0.14157,-46.86,-7.624,0.46517,44.242,-14.366,12.316,0.47640,-43.091,39.668,17.796,34.861,-0.08090
1,-36.578,7.556,0.71521,-0.00647,0.66667,23.379,0.63107,49.507,44.205,0.08091,0.67314,-10.571,-23.735,-0.262,-21.04,-0.446,4.839,-30.645,-32.606,-0.10032,-30.972,0.14887,15.784,0.21683,29.077,-39.125,0.45105,0.00040,-11.164,-45.745,-20.234,16.563,0.30421,-0.05178
1,1,-42.599,0.68148,8.21,35.311,-9.39,-23.359,0.08148,-1.187,-0.00494,0.79012,28.121,0.59753,-46.148,0.62469,13.782,0.78272,-44.448,23.934,23.326,-16.609,-3.653,0.60988,0.08148,4.87,4.311,-47.237,-6.703,24.408,3.346,0.61235,-0.07160,0.51358,-9.931
1,-42.446,0,0.60678,22.205,-45.996,-2.658,15.466,-1.458,38.979,0.03729,7.037,-0.07797,0.57966,32.043,0.483,0.07797,17.913,0.11864,33.946,-0.02373,0.53220,0.00678,0.71525,-0.03390,-11.07,12.112,15.228,9.278,34.424,30.882,-13.717,-2.746,7.302,0.06780
1,1,0,0.49515,0.09709,15.982,-21.566,-37.631,0,9.286,30.801,0.58252,24.67,-14.281,40.135,0.52427,-15.017,38.048,-16.28,0.43204,45.335,49.631,40.796,0.18932,-38.862,41.554,-0.15049,12.636,2.096,0.39320,-27.098,0.26214,11.039,0.37379,40.807
1,1,2.896,0.98822,23.991,-37.163,-19.634,-10.726,9.916,-47.263,0.48906,1.927,-10.459,13.965,-29.783,-15.006,0.66237,0.31800,-23.306,-11.602,9.354,-3.607,0.73696,27.373,0.71284,33.757,43.599,-0.16556,46.551,-0.16209,0.55805,-0.34717,-35.482,-0.33483,0.37465
1,1,-31.367,0.97905,0.15810,19.577,0.35237,0.82039,0.48561,0.71760,32.122,-7.917,-6.128,32.06,0.83156,0.25140,35.153,0.04700,4.881,-16.202,-0.296,-0.26180,12.755,-33.305,34.73,-49.92,30.655,2.743,-14.51,-32.065,-16.69,-44.622,0.18345,-41.476,0.02968
1,1,-16.314,34.117,0.21677,-11.196,0.47030,50.007,-5.953,0.53312,-23.771,0.36774,48.027,36.03,-25.615,10.325,25.289,36.545,-17.215,-0.43707,31.206,-17.673,22.284,-41.938,16.002,10.478,0.15908,-0.66651,15.965,-0.64872,-0.13462,16.555,-0.22949,-0.47201,-0.35032
1,1,-0.814,23.223,-32.019,45.669,20.712,17.407,9.519,42.148,0.70830,-17.034,-38.374,0.14939,-10.313,0.05167,0.93682,-0.24742,7.805,-0.42811,-26.167,34.465,-33.052,-10.429,15.868,-0.68851,0.30912,-24.312,-36.242,-0.75406,37.448,-36.641,-0.17921,-0.66932,-0.34367
1,1,45.43,-16.027,0.28082,29.209,-21.504,-47.968,0.73151,-41.227,0.80511,12.819,45.307,-0.20015,-31.783,23.02,0.82163,-29.268,-11.174,-17.023,-34.22,-0.81262,0.18888,-1.801,-0.04284,28.237,-0.26883,-0.63237,-37.965,27.664,22.242,10.297,5.729,-0.08937,-0.71273
1,-40.166,0,0.89835,0.35157,0.67333,27.085,44.502,7.726,-0.03643,6.26,-44.682,-22.565,-3.118,45.059,-47.442,0.28415,-0.66750,-11.153,38.86,-0.06193,-39.458,32.274,21.476,-0.47592,27.112,-28.883,6.454,1.227,0.24321,-10.796,0.36586,-0.30057,0.42805,-3.938
1,1,0,0.29073,6.412,37.533,0.17293,-2.991,-36.04,0.12030,-15.353,20.379,42.688,-20.234,-9.291,-14.31,0.07907,-42.179,-26.45,34.245,15.756,-0.04166,37.061,33.148,-0.01176,-0.01755,10.624,-16.985,26.225,-0.00280,-38.88,0.00096,-11.251,0.00290,-0.00647
1,1,0,0.58459,-4.712,-23.771,0.35338,21.457,-0.00564,-23.994,-5.41,35.003,36.483,26.201,0.06391,0.69737,0.14662,0.72368,13.187,46.721,0.04511,-33.201,0.20489,-18.424,12.709,30.977,44.844,0.56836,-30.536,0.52820,15.862,-45.269,-4.577,-37.502,-37.478
1,36.58,0.449,0.83609,-17.008,0.72171,-41.492,9.101,0.08315,-41.761,0.12961,0.43837,0.20330,0.49418,-43.87,40.522,0.13507,-42.764,0.02922,-10.678,45.218,-1.12,38.182,0.29495,0.14638,26.405,0.14530,31.173,-37.012,17.82,45.471,0.18767,-22.099,-38.754,-41.12
1,1,19.722,18.407,0.11933,2.204,5.69,37.898,5.659,15.344,-5.475,-35.244,0.10916,0.83289,0.03027,-17.015,-49.214,-20.327,0.01943,24.834,-32.396,0.80862,0.04901,-2.459,0.05352,34.048,-33.216,0.79058,-27.606,0.85939,0.09251,9.381,47.834,0.77269,-34.869
1,5.025,46.975,37.194,3.66,-38.209,11.48,21.309,0.29292,0.89455,12.215,0.88598,44.476,0.90446,-0.26724,0.89410,12.566,0.88644,4.02,0.84452,-0.00991,-41.78,43.914,0.78954,-42.503,19.168,44.733,-31.016,-0.02908,-28.517,10.472,48.89,-43.002,0.88238,0.09193
1,1,32.605,49.198,-45.979,10.336,17.171,30.212,12.088,0.74313,-0.09188,-22.405,32.076,-4.369,-26.93,-34.051,-22.179,0.91482,0.03756,-48.543,48.948,0.81221,-22.113,1,0,0.71764,-4.561,-5.232,14.282,0.72435,-0.01073,0.90409,45.247,-4.19,0.02750
1,1,-17.585,-14.528,0.19527,0.06213,-45.839,30.76,0.01006,42.373,0.667,-9.406,-7.211,48.739,0.27515,3.122,-0.03846,29.38,15.882,0.41420,0.11538,28.225,0.02842,-39.529,-16.25,0.47929,-28.678,26.531,-24.179,0.53550,27.176,-14.238,-0.14497,-48.02,-0.00296
1,10.905,0,8.94,-9.621,0.667,-3.867,0.85122,-0.13936,-2.377,34.449,45.043,-36.953,50.394,-0.04520,37.497,26.687,0.51412,25.822,0.81544,46.788,26.455,34.834,-47.95,-10.107,0.56121,-0.33145,1.329,-0.16837,-36.681,-0.02072,26.43,-0.31262,0.67420,-0.22034
1,1,-31.426,-38.283,-13.056,0.86412,-0.08493,-34.972,0,7.411,-0.07643,0.71975,42.183,42.432,3.147,11.825,18.4,-24.715,-0.21231,0.61996,35.434,-6.662,-0.15711,35.883,-0.03397,46.775,-46.641,-15.54,-0.23312,0.66242,0.441,0.72611,11.661,-27.653,-4.708
1,43.138,0,0.87772,-36.522,0.83424,13.564,0.84783,36.618,-11.217,38.536,-23.635,-0.05707,-16.53,-0.10598,0.67935,31.965,44.374,1.55,0.098,-22.688,-19.406,-0.05978,-6.795,-48.698,0.85054,-0.18750,0.83705,17.823,-1.697,-0.03261,10.804,-0.10870,8.431,-28.357
1,1,13.24,39.417,36.828,-48.174,-32.905,47.768,16.261,0.69565,0.244,10.045,-13.435,46.676,39.974,0.73715,0.04150,49.901,26.854,33.388,-0.11858,38.273,-0.25296,0.66403,-0.28656,-47.084,8.486,0.61847,1.173,-13.905,-0.20949,0.37549,-1.37,0.61067,-0.01383
1,1,-20.501,27.068,0.11308,32.39,-13.778,0.55432,0.06874,38.075,17.216,-31.766,15.691,-48.753,-15.988,0.67849,-35.342,14.502,8.582,0.52993,-39.461,0.47894,14.975,22.783,-0.13525,30.233,1.155,-48.068,-48.494,-34.131,-0.02882,0.53659,-0.11752,0.56319,-0.04435
1,-17.13,-21.91,0.88116,-38.548,0.72125,14.384,-13.809,-41.05,0.38825,42.029,-48.992,-11.247,-48.381,0.89200,24.162,20.412,-0.65114,0.62210,0.15,-45.305,-29.768,0.19095,-12.116,1.455,-40.415,-0.26356,-0.67557,-0.45511,-34.776,38.299,-0.30512,35.474,-0.19312,-0.75597
1,1,9.509,18.991,-23.418,0.79917,-43.041,0.59952,0.71596,0.26203,6.995,-5.124,14.452,-22.488,26.914,34.639,0.81018,-0.73329,0.62385,13.754,-45.974,-25.126,-26.057,-1.88,-0.19838,-16.038,23.273,-31.157,-0.69556,-0.41223,48.407,23.197,-0.93953,-1.713,-0.94823
1,1,-49.283,-38.815,11.492,29.194,32.984,43.952,-7.874,0.05717,1,-41.967,-42.83,-0.62403,-24.909,-0.69767,42.645,31.812,0.41195,-1,-0.00775,17.05,-50.169,-0.76901,-26.322,-49.371,-0.67605,19.111,-0.81876,-0.02979,-45.033,-45.451,42.867,11.207,-0.81686
1,1,0,0.83479,0.28993,26.078,0.47702,0.49234,0.68381,43.799,37.194,22.175,0.85011,0.307,-38.721,-0.52735,12.322,-0.70350,-48.304,46.401,0.03939,-34.844,48.553,-0.58315,-0.39168,27.257,17.531,-25.362,-45.452,1.726,19.163,11.764,27.878,17.201,37.453
1,-16.219,0,-36.003,0.33164,0.76168,0.62349,30.84,-21.429,0.21592,-0.606,29.549,-24.933,-0.47202,-17.708,24.175,37.5,41.369,22.455,-0.91814,0.05595,-49.646,-0.26173,8.365,-12.179,2.781,25.64,34.286,13.997,-39.082,7.096,0.36021,-0.78057,0.59407,-0.60270
1,26.787,0,21.078,36.302,0.65541,0.57671,0.34962,0.70677,45.828,-32.846,-23.814,0.79886,-0.41729,49.882,14.841,-0.174,-0.74725,0.459,4.332,-0.04887,-7.27,-45.954,-0.49165,-0.53463,-0.26577,-40.814,48.883,22.855,25.318,46.844,-7.009,-0.51206,22.783,13.677
1,-31.768,-11.578,47.315,-25.885,-22.334,44.668,-9.5,-0.07635,33.526,6.811,39.56,45.655,0.98500,-0.07458,0.99382,-0.07149,-47.117,-49.345,-8.707,47.145,10.123,-14.338,4.784,-0.08914,0.97352,-0.08341,29.477,-0.12912,0.93469,-0.14916,0.97132,-35.443,0.96778,-1.414
1,1,4.223,43.013,10.641,-11.811,31.694,-13.497,-0.01472,0.95878,-0.01060,-47.261,-43.789,16.384,-0.01767,-26.759,25.545,0.95465,7.512,15.702,-0.04711,37.053,47.642,0.92815,-43.905,-43.815,4.158,0.92695,-17.836,25.067,-0.07479,25.754,-0.07244,0.92049,-0.07420
1,1,38.913,25.118,-0.14384,-8.837,-0.00228,31.524,32.661,-17.402,0.18265,-20.39,-7.984,0.93607,-24.326,0.91324,-0.00228,-2.769,-0.08676,20.399,36.913,11.71,40.776,40.467,-0.05251,-19.183,0.06849,-14.925,25.803,-21.616,25.004,0.85388,-0.08676,0.96575,41.012
1,-3.841,49.329,-6.543,-44.95,-4.468,0.08475,-46.853,-46.443,0.30508,49.552,16.397,1.841,0.64407,-12.514,0.83051,-43.485,-29.39,9.735,0.55932,0.03390,0.59322,29.214,22.561,-30.576,0.40678,0.15254,0.67287,-0.00266,0.66102,-15.034,6.398,-0.15254,30.366,23.35
1,1,0,0.33333,43.822,39.059,-34.128,5.969,0.16667,0.002,-11.801,40.784,-0.11111,32.027,-27.994,-47.258,0.33333,0.55556,0.02778,-24.296,29.014,0.47222,-27.693,-2.704,-0.02778,0.38889,0.997,0.41543,-0.14256,7.55,-44.506,-1.446,44.072,47.146,-12.647
1,1,0,23.481,-41.962,-46.717,-27.34,-8.146,0.80833,-44.82,26.694,34.94,41.314,0.21249,9.053,30.648,1,-21.073,-2.577,-0.61382,1,-0.52674,0.71699,-27.596,-32.192,-26.929,-20.523,5.099,-33.48,-1,35.52,-35.262,-0.42226,-0.91903,-0.65557
1,-28.797,0,-24.455,0.49638,-38.989,39.274,34.942,10.188,-26.361,-15.968,0.13469,0.94749,37.211,0.93778,-0.37604,0.82223,-0.52742,0.71161,-38.036,-25.729,47.12,44.78,44.649,0.02995,-8.562,-45.558,-0.70352,-46.772,-29.221,-0.19185,15.673,-12.14,-24.318,-0.62956
1,1,8.945,12.211,45.364,0.72113,6.387,0.45625,-0.124,0.16470,43.369,-0.13012,0.324,-21.917,33.399,-0.59435,4.049,11.181,46.362,-19.694,0.03928,-0.62041,48.923,-21.717,8.455,23.731,-0.67796,-0.05054,19.857,-49.204,-0.45911,-32.804,-0.39167,6.947,-0.24313
1,1,17.48,0.513,-19.863,0.75254,-49.297,0.45571,0.88576,0.15323,-35.951,5.681,0.96301,3.713,0.83397,-0.78751,8.688,42.26,-41.993,-0.93641,-0.06418,-0.87028,-0.40949,23.364,49.047,-13.971,-48.434,-3.547,-42.404,12.25,2.377,21.38,19.183,49.841,-0.44173
1,1,2.446,0.92436,-19.788,0.71976,0.68420,-21.837,-34.248,-48.55,7.913,-0.31605,0.92453,14.854,0.78766,-13.881,47.656,43.712,0.09585,-3.039,0.03191,22.32,41.879,-39.675,-0.78174,14.094,19.944,0.19765,47.875,-28.702,-27.094,-13.419,-0.46048,-36.625,-0.13194
1,36.765,12.224,1,0.16195,1,13.424,7.898,0.01373,-31.606,10.895,18.85,-0.01511,-11.177,-0.01731,1,13.583,-15.157,-0.07157,-3.802,-46.186,1,-21.804,27.445,12.349,44.191,-0.22978,-39.119,9.035,20.221,0.08299,-24.184,-0.14194,-47.277,-0.07439
1,1,-12.493,18.995,-6.371,0.86421,-0.13244,19.026,22.694,-37.065,-49.552,-10.478,-47.607,1,29.838,0.99264,-37.035,0.95853,13.423,17.342,0.61739,1,40.142,0.87492,19.157,0.85741,-0.01664,-10.98,16.464,29.978,-6.165,0.80634,-3.26,44.13,-0.02039
1,1,0,28.525,36.95,0.64064,5.74,0.41319,-3.788,-18.736,-48.04,-0.16831,16.901,-0.42911,0.72328,-0.048,36.818,37.554,-1.031,-0.69977,18.922,4.979,-0.23503,-36.57,44.707,-45.666,-0.52540,45.524,-42.269,-3.484,-0.38059,0.31008,-42.733,-17.218,-0.08036
1,1,-48.673,50.029,2.223,0.68389,0.65128,-48.44,0.79784,0.05832,28.325,-32.933,-14.884,29.734,0.69590,43.253,-22.719,-0.85803,-42.242,-39.979,-0.24017,2.772,-0.50022,33.378,-0.68337,-35.313,-0.75533,-47.176,-31.39,-43.337,-0.57649,0.56626,-7.589,8.346,-9.138
1,1,0,8.462,-47.608,22.835,0.71804,0.29521,0.90824,29.239,-19.495,-1.974,0.84605,40.906,0.58511,-0.92819,-35.856,-6.649,-10.922,-48.442,40.63,-14.365,-0.76197,21.257,-0.88591,10.531,-0.85703,12.037,14.099,25.119,18.551,-8.216,-0.07029,-14.264,0.27926
1,-14.714,0,-2.691,20.659,-3.45,-31.026,42.434,-0.10127,0.88608,-7.331,1,0.11392,-43.065,-12.409,44.708,-29.027,21.484,-43.833,0.87342,-32.434,-14.094,0.06329,1,0.25316,0.62025,-7.399,-26.559,-27.174,1,-0.06329,0.53165,-5.225,39.345,9.159
1,1,-40.709,0.74790,25.263,0.83312,44.592,-2.281,38.49,-19.858,-1.921,-26.854,23.166,-39.143,-32.052,5.616,-21.863,0.64706,-25.013,0.84034,22.069,0.71285,0.07122,-19.909,-16.048,19.899,-17.049,0.63728,0.08296,0.61345,-42.976,0.58187,0.08757,-35.776,0.08891
1,32.077,0,0.85013,-41.839,0.92211,-31.228,29.675,0.02180,-45.425,-4.585,-38.303,0.11370,-17.308,-36.117,0.90738,-41.105,45.728,-21.255,17.327,-22.691,0.89097,-24.033,5.13,0.07697,0.83721,13.147,31.664,0.08950,-42.369,0.08786,-46.637,0.10134,0.84258,5.169
1,30.613,0,3.345,-9.367,1,-4.298,1,-29.835,-37.769,-22.41,13.211,-0.02809,1,-0.02187,22.694,-0.03087,-15.295,-5.809,6.56,37.189,1,-0.03881,-6.755,-5.617,1,-5.141,37.574,-25.861,-0.621,-29.214,27.032,-0.06497,0.98971,-0.06668
1,1,-41.891,-32.994,-11.185,0.87525,0.05545,0.89505,-17.714,0.92871,-6.892,-19.01,41.171,25.051,-10.106,0.91881,-36.646,29.062,0,25.451,0.01386,39.558,0.00792,-3.41,-0.01782,-24.746,45.039,2.695,-18.568,-18.566,0.00198,0.87327,48.952,16.889,0.02376
1,40.529,-32.701,12.196,0.01773,5.257,-32.451,0.90071,-40.788,46.938,-44.566,-46.949,0.03546,8.875,-8.306,0.97518,-35.3,1,-0.03191,40.143,-32.859,0.86170,46.574,1,21.266,0.90071,46.09,-9.338,47.302,-42.53,0.02482,1,33.672,0.93617,0.02128
1,1,-5.983,-38.211,46.555,0.62655,0.01270,0.45455,0.09091,-37.688,0.09091,37.548,-34.151,0.57576,-40.279,-40.817,0,11.744,0.092,-40.467,-47.763,-0.217,5.427,36.53,13.691,39.826,18.752,-4.805,0.06142,0.33333,-0.03030,-40.071,-4.255,0.39394,0.24242
1,1,0,25.439,0.35950,-14.592,50.07,-32.901,21.485,0.08646,-0.58,-9.044,-5.716,35.127,-43.133,-0.68714,-26.243,-0.77019,0.09898,18.073,-38.022,-0.49488,-0.42207,-15.781,40.183,-0.02844,-39.096,-30.965,14.808,-26.182,-0.37088,0.46189,-0.19681,-14.342,-22.334
1,-27.949,0,0.89563,0.37917,0.67311,0.69438,37.271,-26.758,-0.04193,-3.746,36.813,0.84414,-0.67274,0.62078,18.383,-37.638,-12.481,-0.05365,-49.826,-0.34275,44.043,7.875,-39.237,-30.329,24.668,-33.717,0.33531,-0.62296,15.537,-12.313,-21.298,37.693,-46.26,-3.181
1,50.265,-34.228,39.813,-39.221,14.138,0.74761,-38.523,0.95905,-0.13342,0.97820,-12.731,-10.444,-0.79657,24.293,-0.96631,-43.446,35.211,-5.426,-47.054,-0.59379,19.222,-15.277,24.497,-42.625,41.487,-0.85368,-47.504,-18.75,0.85977,-0.28123,1.824,0.09800,0.75495,0.46301
1,-25.118,-23.711,1,10.509,-39.33,-45.643,18.19,-42.824,32.351,-21.32,25.647,6.445,-0.87192,0.36946,-25.132,-1.902,-0.38916,-0.34236,14.199,34.373,-0.05419,-0.93596,-14.95,-26.071,11.924,-30.965,24.188,-0.06831,0.056,1,0.38670,0.00246,0.17758,0.79790
1,1,43.688,44.611,0.51515,0.45455,0.33333,32.466,28.825,-45.164,18.571,11.058,11.69,41.743,0,17.485,-0.12121,-0.33333,-42.36,-0.09091,-0.84848,0.48485,18.852,-49.182,-49.223,1,0.268,-24.899,-8.335,0.96970,17.371,-49.04,-43.8,47.25,0.33333
1,1,11.737,25.763,48.706,-24.245,-0.02744,44.515,25.373,-24.992,36.345,0.90244,19.796,-38.221,-39.488,0.95732,-22.268,1,37.834,0.94207,-34.144,0.90854,9.129,0.91463,28.417,0.99695,0.04878,2.538,0.02226,0.90854,-11.629,1,22.311,28.604,-48.629
1,-0.558,0,0.175,14.94,0.79078,-0.08156,21.148,-36.95,30.618,47.499,0.80142,42.333,0.94681,-0.00709,0.94326,34.509,27.32,3.49,46.605,-48.755,-44.758,30.354,-16.414,0.07092,0.91135,0.15957,37.74,22.169,-39.377,-18.476,0.92553,0.18085,0.92553,7.968
1,1,0,39.352,0.10638,24.439,0.00982,1.15,44.724,0.87234,25.773,49.947,0.10638,48.143,22.166,0.87235,0.03382,46.639,25.169,33.49,0.04255,5.909,0.04743,-32.786,-7.388,0.87234,0.11348,-22.79,-6.589,49.643,-0.03546,36.804,14.045,16.333,-23.243
1,1,46.33,0.87578,36.148,0.89951,6.8,-10.686,0.00510,-31.905,-10.5,-13.497,0.07453,-42.882,3.841,0.86303,24.845,-13.447,9.068,0.85714,7.578,0.84182,0.01603,-48.414,-9.662,-0.431,-12.796,0.82111,-48.07,29.33,0.08696,0.80757,-35.263,-25.056,0.02441
1,1,0,-17.413,24.171,0.98579,47.683,1,-48.188,0.99290,0.01599,16.37,-43.838,0.97158,-7.951,-26.729,25.621,0.97869,4.244,0.98579,32.889,-16.806,4.251,-43.791,14.805,0.98401,0.03552,20.404,-9.685,43.021,31.766,0.99112,0.06217,11.645,10.81
1,1,-3.637,1,-15.854,1,-24.231,31.558,25.228,16.883,25.881,0.99448,37.123,-19.124,0.02320,39.913,0.00884,-43.94,0.00773,-20.329,-22.569,-42.149,0.00663,0.98122,39.568,42.202,-0.00663,50.55,29.62,25.127,-29.917,41.659,0.02099,0.98674,0.02762
1,1,-47.841,2.976,28.895,1,0.01566,-46.378,-27.64,1,0.06264,6.545,-4.797,0.95973,-12.773,1,-5.352,0.98881,9.752,1,-27.874,0.99776,5.674,50.287,-30.553,1,-3.131,-6.069,21.784,24.443,0.08501,1,38.715,-14.0,-46.173
1,1,-26.711,-33.378,29.576,0.67123,44.746,0.39613,8.22,0.02424,0.93182,-43.313,0.83713,-0.60316,-33.762,-2.602,31.865,-0.83285,-0.00642,-26.622,-0.744,-0.52504,-0.53924,43.946,-12.828,-8.85,39.586,0.26028,0.307,-11.494,-21.309,-43.825,-24.762,0.56286,47.091
1,1,8.053,0.90147,0.41786,36.328,-10.778,-20.438,0.95148,9.262,-2.599,-34.131,0.81191,-0.81857,39.24,33.639,-28.484,22.054,-45.591,47.12,-28.533,-0.32354,-0.88999,-7.513,25.288,31.267,5.278,0.74105,-0.55231,-31.777,-47.904,0.87893,40.518,0.70555,0.54852
1,1,0,-16.348,0.11042,-39.665,42.834,16.155,0.74485,-30.048,-44.347,-0.16503,34.659,43.893,37.557,-25.099,-0.00337,-26.641,-37.552,-0.30522,-0.48886,8.801,-0.89991,6.557,-0.28916,0.28307,-26.899,0.39599,-46.559,-24.901,-33.119,0.21443,46.303,-18.72,45.705
1,1,-21.455,-41.594,12.413,0.44681,6.551,8.997,44.042,-50.273,0.82139,11.283,-36.384,-0.84211,0.07111,-1.374,20.197,-0.47032,10.656,-0.04759,-0.86002,-49.118,44.172,24.671,-0.52128,0.74300,-0.18645,4.275,0.23713,49.689,-0.315,-3.296,33.382,-21.428,0.74356
1,-11.959,0,-39.02,-41.435,15.562,8.359,22.879,-19.726,-47.767,-0.18321,-0.41985,49.783,19.425,17.572,-0.16412,3.973,48.99,5.501,0.18702,-0.17557,-13.263,3.115,-0.137,-0.16031,0.21645,0.24692,-26.353,0.31092,-0.03817,-21.867,-0.16794,0.16794,23.714,20.496
1,1,0,-34.209,44.656,49.727,0,-20.713,42.541,-13.17,-2.015,48.21,-48.418,0.97888,13.511,0.99170,20.848,-28.252,-32.549,0.93552,0.05279,3.423,-37.33,15.229,7.21,-19.216,43.272,27.412,11.091,0.95701,0.08088,0.98190,0.08126,0.97247,0.08616
1,1,0,0.82254,-3.316,0.80462,17.853,44.218,9.091,-36.141,-40.194,13.104,6.781,14.493,-12.127,-15.326,-0.07399,-24.436,0.06705,-47.494,35.829,-45.377,-0.02370,0.78844,-4.862,41.05,-0.02370,0.76717,-0.02731,0.74046,16.405,12.925,16.459,20.005,0.01214
1,1,13.578,-45.138,18.883,0.69387,-49.064,18.722,-0.03574,0.55717,-0.06119,19.86,-0.10467,-11.2,-37.959,18.67,-0.07289,0.42271,29.717,28.313,-12.443,0.49736,-18.965,36.866,-0.08989,-5.697,-0.00564,0.39146,-47.801,29.51,22.596,-6.047,-11.489,-41.493,-0.08300
1,1,36.655,-48.028,-3.664,0.86335,-17.561,-35.305,-1.194,0.79988,0.02304,45.905,-42.381,-48.045,30.368,-3.652,0.00854,6.044,-0.06974,0.76531,38.347,49.918,0.01148,0.75071,-23.1,1.295,5.553,0.70886,45.523,-15.088,0.00849,16.776,-48.658,0.63887,0.01525
1,4.418,7.566,0.66667,33.762,8.693,0.06831,0.49590,0.50137,-8.248,41.68,0.65164,-42.467,0.40164,43.535,-38.771,28.004,-35.34,0.31831,0.78552,0.11339,-34.727,-44.193,1,-9.041,0.60656,0.06967,-6.535,2.042,-46.47,-10.691,0.55328,-32.389,24.51,-30.194
1,1,-7.344,21.734,29.37,39.246,-20.586,11.158,-0.05567,-4.821,-0.04622,-31.528,0.13130,-0.705,0.06723,0.79307,11.415,1,-48.022,-46.715,0.06618,-28.113,-13.844,19.732,14.852,0.95378,22.131,0.83479,0.00123,1,21.535,41.981,20.744,0.90546,-15.076
1,44.86,0,-11.521,0.00419,0.95183,21.999,-4.316,23.088,0.94590,-7.003,0.96510,-27.086,-26.464,0.07330,-14.085,-0.01326,-14.742,0.00140,0.94834,-30.763,42.487,9.268,0.93124,-4.35,-15.178,44.589,-2.756,0.04925,-39.778,0.08168,-35.389,-43.466,-43.075,0.04712
1,-35.16,-20.598,0.94701,-32.1,-46.557,-17.165,-0.986,-27.493,0.95584,0.02446,39.406,0.01766,-42.067,4.293,-2.167,-25.221,0.94837,0.02004,26.193,0.01393,-30.328,19.312,-39.039,0.06148,5.781,-21.885,0.92489,5.087,0.92120,16.39,0.92459,0.00442,-19.796,-0.00577
1,1,28.755,0.90608,-22.411,-28.17,30.775,-21.734,-0.03646,0.85746,36.577,0.89724,-39.212,0.89061,5.552,13.945,-21.328,-40.944,-0.00884,-3.857,-24.232,-17.332,-46.341,45.776,-41.179,0.91050,-0.02099,0.89147,-0.07760,-42.415,29.44,32.037,-0.03757,13.085,-0.16243
1,1,-1.615,0.84710,0.13533,37.96,-7.816,0.87873,28.208,-35.79,-19.538,0.78735,38.72,0.80668,-5.095,-8.562,-38.78,-28.962,-0.04569,0.87170,-0.03515,-24.989,-0.09490,45.725,2.389,-15.426,-0.15114,0.81147,-0.04822,-4.785,48.904,-3.537,25.975,22.553,-5.838
