1,-31.614,8.023,-15.603,39.118,-7.874,25.31,0.83398,28.13,-11.993,-49.128,20.96,-32.289,-22.961,13.632,-16.623,-26.453,8.497,45.642,-27.076,-26.61,-8.539,-13.226,41.628,-16.027,12.151,35.622,19.025,21.058,5.722,-16.595,3.605,14.693,-48.449,-0.45300
0,-7.504,-8.801,36.3,-32.184,41.174,27.373,-0.10868,-50.605,-15.88,29.888,4.883,-33.802,35.112,44.293,-16.323,-23.795,14.644,-1.866,37.787,40.162,42.826,-5.956,13.786,-0.35734,32.75,-14.187,43.574,25.414,-41.383,20.911,42.145,-31.114,27.492,-47.671
1,-42.937,-23.929,33.722,16.48,15.459,22.693,-37.577,-42.664,31.856,-14.027,26.909,7.629,-24.894,-1.247,0.54591,-21.88,16.835,4.356,-15.582,-15.726,-44.679,-21.966,37.508,-35.321,7.759,16.678,-34.798,20.798,-27.786,45.965,-48.134,9.812,-1.167,-0.38238
0,46.532,0,-13.879,23.923,1,-23.192,-19.142,0.183,-8.843,-23.088,-18.968,-38.342,15.302,-29.03,-45.221,9.046,7.687,-48.783,32.197,-37.828,11.954,47.112,4.351,33.602,-14.713,-0.735,-24.81,-5.03,15.986,-25.767,-1.919,-19.005,-28.356,22.401
1,-6.274,-25.189,12.569,-14.046,16.303,38.786,26.039,3.277,27.665,41.409,25.255,15.105,40.582,40.807,-19.046,-44.786,0.52940,30.38,0.45107,-30.182,35.165,-17.517,-49.289,28.454,25.68,15.706,26.046,5.535,-20.694,27.53,19.445,-35.215,12.643,12.953
0,-43.184,13.876,29.147,-0.00592,16.711,7.86,-23.5,-1.151,-5.398,-45.528,-38.506,-7.654,-16.245,-30.016,13.325,-28.332,-40.8,-6.735,39.302,-16.34,-25.831,0.03669,-25.034,-15.346,1.829,41.265,-18.612,32.201,-18.923,33.202,-33.1,26.581,12.736,-42.782
1,33.272,-11.012,6.256,-4.193,43.921,49.134,-36.816,-20.647,-12.633,-29.128,7.455,-44.658,0.78225,-25.208,38.532,-37.18,28.577,-13.826,-12.165,16.523,-45.623,-36.823,-1.172,21.027,26.888,1.419,-41.315,-30.831,31.751,-34.005,-0.04262,-19.723,-49.64,-18.683
0,11.697,-4.009,-47.856,-43.519,-5.945,24.15,-31.495,34.834,39.471,-33.189,22.211,36.957,43.466,-16.278,-41.982,0,-28.348,5.8,-47.614,-38.487,17.243,-10.982,35.407,-34.936,11.795,31.512,-23.988,-41.391,-49.279,-40.39,1,11.721,3.176,-11.252
1,1,-6.385,-5.01,-39.107,-10.057,-24.699,-33.309,48.683,-30.417,-37.585,33.483,-0.81,32.912,1.579,-0.971,48.042,0.98305,-36.179,-37.133,-15.527,-29.928,-50.211,43.392,28.562,-18.404,35.548,-24.488,-5.985,18.353,4.487,-3.45,-6.477,-17.6,6.364
0,1,-31.311,14.317,-20.506,-43.27,-13.121,17.071,-42.63,2.036,-27.892,-7.323,-39.899,-33.949,-15.304,-22.634,4.817,47.868,48.847,14.771,-46.672,-36.073,-15.833,26.289,-32.08,21.245,42.229,30.226,-44.671,18.611,-16.6,-46.884,42.302,45.859,0.38065
1,1.089,-5.9,18.958,44.022,-21.693,7.203,40.381,-0.27320,23.541,17.238,-8.783,-38.368,26.916,41.853,-12.624,41.059,-46.998,-24.926,-20.058,7.906,9.941,24.529,50.356,-41.816,-13.012,-2.845,-11.702,-13.589,-13.674,-45.219,-31.383,-10.173,-8.921,-0.89158
0,25.001,42.449,33.689,0.684,1,15.862,-10.598,-1.197,-1.637,37.278,-10.818,4.393,-18.005,10.82,-31.302,-1,18.233,-7.001,-45.872,22.79,-25.942,24.421,1.07,24.682,34.658,-15.249,-13.95,17.946,-17.878,-17.032,40.024,35.785,3.963,3.399
1,-11.976,0,-39.583,12.111,3.877,-31.807,22.842,-4.608,19.013,-7.925,0.94055,25.313,-7.639,-26.642,-9.924,-31.363,-4.942,-8.954,29.325,32.619,29.523,39.736,-12.736,9.911,-8.65,-10.902,33.258,13.557,35.068,44.814,-4.69,35.55,36.045,-45.751
0,1,4.822,12.417,-30.382,41.107,-21.67,5.043,27.815,-10.857,-0.12090,10.605,-22.289,6.043,-29.744,-42.46,-14.047,-48.925,-27.04,33.947,-18.112,35.409,9.427,27.23,-48.215,29.446,-41.184,28.65,-27.217,-0.332,46.454,0.351,-28.129,-1.296,34.973
1,-1.909,45.04,-2.436,3.329,-42.254,3.078,1,45.306,-20.575,-16.687,1.256,-14.283,1,-10.679,36.44,25.461,19.215,47.447,8.51,-45.323,-25.675,6.07,4.07,48.261,7.221,38.87,9.284,43.813,-33.543,-4.392,-6.869,-4.419,-24.207,-20.154
0,49.174,22.805,35.823,-43.496,29.562,22.87,43.293,-1,41.86,-35.414,-37.761,7.926,17.608,-3.467,47.004,27.5,25.084,28.95,9.908,-40.143,0,27.007,-15.693,-20.971,45.975,-34.222,-13.649,-46.022,22.994,4.416,-6.759,12.723,-18.723,-15.656
1,-20.029,-46.939,-25.308,6.291,36.121,-0.01236,-38.224,-29.226,4.686,27.592,-38.043,49.588,34.939,-35.575,38.323,17.543,29.345,0.11120,6.917,-36.368,23.1,5.802,8.516,-13.336,25.401,38.257,47.461,26.082,-26.119,19.142,12.996,-46.122,-34.075,-2.698
0,-25.913,6.736,-18.426,0,-21.928,11.343,-7.037,-17.948,14.216,-20.593,-28.566,9.856,5.649,13.815,-37.567,46.689,11.832,45.806,-1,30.646,43.229,37.01,17.72,-17.494,36.111,7.609,-10.143,34.665,15.144,-41.873,9.74,-39.304,-17.113,-34.585
1,10.725,-25.534,-41.535,-43.891,11.587,34.755,15.379,-48.508,-30.687,8.615,11.029,-25.901,7.064,-4.691,0.78637,28.84,35.362,-6.915,32.431,-10.569,26.718,17.227,16.408,37.568,-5.537,26.841,19.356,-10.501,17.62,1.293,-39.555,12.607,-35.925,0.33036
0,8.023,7.654,1,12.28,-31.225,-11.071,15.238,36.182,-25.288,-0.559,42.259,-17.598,-30.934,-37.415,15.896,-41.163,2.182,-8.109,-48.166,47.027,-49.636,26.287,-30.339,33.676,-13.993,12.583,-14.287,22.52,22.794,-1,-36.71,-31.614,-20.569,-18.242
1,43.958,-1.244,37.133,-8.51,-14.554,-27.757,-16.229,-32.188,-25.071,-0.10605,-4.503,18.503,40.177,-23.953,35.768,42.155,26.519,-47.966,-14.941,13.736,14.883,-9.167,29.468,-14.39,44.597,-50.073,6.336,27.207,-12.172,19.725,0.80448,-31.457,-15.51,29.483
0,30.967,37.075,-32.124,33.953,-42.544,-45.388,7.184,-35.388,34.3,40.162,-22.819,0,40.243,4.375,36.456,-9.801,-16.641,31.722,-26.749,15.589,14.997,47.139,-48.738,21.027,-16.338,-31.996,-40.193,13.459,15.514,-0.255,43.99,28.734,-1,-15.88
1,1,1.183,15.947,22.759,-18.854,-28.174,-37.577,0.09313,-0.826,-8.895,8.039,45.558,-13.207,4.431,-0.767,-5.932,-43.171,-23.926,26.93,8.848,-21.032,20.94,-36.642,-19.027,10.611,-21.96,-23.611,-14.901,17.577,7.563,-37.829,33.602,-24.805,-35.202
0,0,-29.03,11.654,47.112,4.351,-2.176,6.068,-15.713,23.375,-47.39,41.018,41.814,33.197,-17.162,-34.619,0,-43.221,23.727,14.302,-24.566,4.509,-27.033,25.648,35.105,-31.004,18.502,-48.312,-24.088,-19.005,13.69,20.401,16.362,28.152,26.893
1,1,-42.902,-32.1,-18.641,16.307,-7.244,-24.05,-14.074,42.573,-16.303,14.61,-0.11726,31.443,-25.241,33.043,26.515,-25.157,38.647,-44.937,-44.715,-37.595,-21.034,-43.376,-30.332,-5.783,25.565,8.705,28.832,12.3,28.597,25.662,-19.108,-18.748,15.962
0,-3.087,49.342,-15.245,-12.915,14.371,-6.545,40.418,15.81,2.794,-31.006,-39.796,-13.544,14.876,11.736,22.824,-42.452,-14.355,26.998,-6.591,4.28,42.28,-19.538,-22.492,36.786,-35.565,1.235,-0.033,-29.176,-35.057,-2.491,1,-21.364,1,32.195
1,-46.856,42.975,-48.502,-24.787,7.657,26.488,-10.145,16.442,-12.197,-46.003,-16.918,-0.41382,-27.969,43.149,-36.864,-16.512,-43.368,37.335,31.828,-34.181,0.90284,39.582,-10.358,-6.73,-41.428,-46.815,-24.507,22.345,-3.602,31.376,-32.165,-44.44,-29.482,34.834
0,-33.189,-34.936,-31.681,-38.487,4.8,17.243,2.176,-2.901,-48.279,-25.438,31.967,-11.252,-1.875,10.795,11.697,35.407,-41.391,-36.827,-6.749,28.204,11.721,-15.867,-40.39,-19.255,1,-1.374,31.558,19.099,-25.556,41.696,0,24.15,-7.385,31.512
1,22.393,-15.304,49.506,-49.521,-38.035,-6.693,-36.223,-38.111,0.98172,-30.771,-16.989,14.613,-35.073,-42.679,-43.648,-33.601,-38.517,17.899,49.896,49.648,-4.974,6.126,-4.307,15.335,37.119,-30.311,7.937,2.986,19.36,-21.298,30.663,-12.121,-10.532,1
0,42.243,48.239,0.921,-23.693,-15.6,-43.382,-45.893,16.958,3.431,43.372,26.292,-14.531,7.616,6.387,-33.949,-32.08,-19.422,1,16.669,-21.757,-26.624,-6.9,50.725,-14.571,1,-14.833,27.289,44.941,-41.63,-38.954,-10.783,-30.693,43.061,-48.05
1,1,36.915,-11.724,23.859,-11.174,-9.314,-17.878,-12.055,34.658,23.651,40.381,23.432,23.541,42.188,-25.942,-2.173,26.954,-32.688,5.399,8.773,-40.01,-14.432,-8.282,-15.437,-45.872,43.479,-5.719,38.527,2.226,-25.019,-46.891,40.891,1.089,-0.84437
0,22.842,-16.032,-7.673,-12.598,-30.705,-18.005,-4.887,1.877,-7.597,17.574,3.963,32.052,5.804,0.051,37.785,15.862,36.398,1,15.141,22.565,-9.43,10.82,-30.019,31.689,28.662,-0.197,-6.733,18.233,-44.079,-3.429,46.502,-13.95,-39.583,1
1,-25.04,-5.377,5.07,-43.606,10.203,-9.601,18.934,-41.178,10.488,-13.146,0.88462,-50.243,-11.005,11.96,-26.755,34.052,29.23,-4.792,36.948,-26.815,12.122,25.193,-10.2,27.149,11.037,39.728,-1.728,4.497,47.621,-14.165,33.418,31.922,-48.417,-0.58086
0,-28.515,26.23,-29.109,-1.358,0.41287,-3.667,-33.519,28.12,-6.872,25.231,29.446,43.336,0.58965,-24.207,-16.275,46.843,35.984,45.183,35.598,-22.923,-0.909,8.437,40.626,-26.621,36.095,38.466,-13.549,7.871,-28.376,-22.112,3.931,3.948,-11.115,-14.899
1,49.174,0,-42.254,-4.903,45.763,-46.01,1.09,46.758,1,17.933,29.913,-16.192,9.725,-18.849,-2.698,5.769,4.044,-45.201,18.608,46.404,5.38,6.202,9.834,26.929,-15.774,22.953,-19.621,3.14,44.328,-3.02,23.994,-21.042,-3.878,-43.134
0,23.284,25.461,6.345,-1,49.004,25.587,-34.145,-38.871,-6.951,27.164,47.667,24.946,7.226,-3.712,35.046,-33.68,38.299,8.389,-14.656,-13.266,36.121,-20.118,23.603,-37.454,29.562,41.714,13.491,12.139,27.967,-29.613,36.314,-38.491,-38.202,0.34732
1,-45.282,-11.143,-37.567,-18.489,7.736,-46.952,7.609,-18.978,-33.785,17.421,-12.502,-26.973,-32.585,-35.744,4.697,-0.07917,-20.103,18.852,13.774,-21.071,15.811,-39.178,13.291,28.321,38.275,45.48,0.89067,-38.483,50.367,42.044,-25.467,5.855,19.559,35.457
0,-10.981,14.807,11.92,16.216,-17.113,-28.566,-36.925,29.646,-18.426,-42.873,-5.834,15.144,-26.022,-21.593,26.179,-8.037,3.649,-38.962,1,27.604,45.806,1,-44.917,29.731,9.274,9.74,38.111,-41.206,7.856,-5.026,7.443,-24.913,38.01,-10.747
1,1,15.896,-30.312,13.323,11.334,-48.673,17.96,-30.162,35.714,-30.762,-36.791,18.958,-0.631,-15.166,16.814,1.102,-40.274,34.832,33.951,-25.39,-6.287,-31.221,-18.472,36.324,-37.657,0.11299,22.53,12.482,-10.407,17.339,38.051,9.833,32.939,-21.454
0,-25.288,-8.727,-47.636,3.206,-11.996,0.04861,0.97545,-16.182,46.644,-17.598,-48.256,39.289,6.394,19.151,29.328,8.164,14.851,-25.919,22.52,-12.519,-14.895,15.402,-8.508,41.424,25.831,-23.394,-32.125,-17.069,-31.677,20.262,36.517,11.73,-26.658,8.654
1,14.966,41.162,36.3,0.06538,-46.647,-16.672,-14.806,-22.557,-12.99,-32.802,21.895,35.158,26.353,45.491,28.425,43.481,-31.336,-8.194,4.951,28.364,42.789,-48.998,14.994,38.144,-5.159,-0.523,44.055,33.677,30.127,0.70682,-8.39,40.97,-41.123,-30.336
0,27.178,-28.217,21.688,29.967,-44.388,-22.929,-0.255,14.315,0,-25.749,3.492,-13.039,-20.883,-37.577,46.318,-36.201,-2.727,-36.388,7.663,36.075,-47.738,20.019,16.08,-20.691,15.514,6.184,1,9.054,31.722,-43.544,16.997,-14.641,-16.338,-43.937
1,8.146,-25.566,-24.417,-27.945,34.467,24.544,22.401,-8.677,9.453,-19.324,-19.152,0.36719,-14.716,-23.764,-1.066,15.763,-43.71,-5.534,33.513,0.12967,-36.905,-18.423,46.424,1.741,45.781,4.917,-15.527,-37.776,-48.263,13.215,-23.019,-1.625,-28.909,15.664
0,17.357,13.61,-20.033,14.307,26.118,-24.36,41.018,-15.022,29.152,28.749,27.893,39.683,36.105,41.196,26.648,29.598,20.502,26.052,-16.162,11.69,-6.274,-0.03393,10.727,1,-29.467,4.366,7.068,25.727,-33.619,-21.719,41.814,-45.511,16.362,-50.312
1,14.371,-33.1,13.726,-42.96,8.978,-1.163,2.78,-19.039,40.411,13.618,27.508,-25.351,-15.319,16.43,-44.697,-44.622,-39.947,-15.875,-27.302,-6.115,-25.059,32.596,-6.844,-24.139,-15.603,-30.701,-5.98,31.377,29.734,-19.333,0.54752,-0.80278,41.772,-39.376
0,-28.854,49.342,-45.986,-1.491,37.786,-13.146,-44.179,32.272,7.657,-32.181,22.824,-16.873,17.259,2.235,-37.744,-11.012,-41.827,26.998,-25.7,-50.502,-20.364,0,-4.087,31.705,-19.91,-1,-37.565,-31.006,41.975,6.28,-12.493,-36.057,26.66,-12.544
1,1,-16.278,24.211,-5.982,-41.391,37.883,-48.283,10.61,-3.011,-40.49,0.98941,-43.657,-45.647,39.254,-41.029,-33.44,31.425,-35.28,-10.076,23.829,36.307,2.829,-28.47,10.418,-36.625,-32.925,-47.024,16.811,12.511,35.408,44.245,-11.732,-24.237,4.299
0,1,-37.223,0.572,-5.315,-36.827,-18.994,-38.342,-17.633,49.199,31.923,-23.556,7.064,1.696,-30.687,42.147,36.357,30.124,-31.879,-4.974,-2.379,-0.29735,48.582,17.36,-14.493,32.806,-50.072,-24.541,-34.89,-4.749,-4.515,-6.482,-10.852,-39.096,5.545
1,-26.624,45.941,2.903,4.439,-38.536,42.205,-15.624,26.232,-31.12,-34.019,15.124,-31.356,-12.174,-36.184,-41.696,-15.961,0.94217,-44.763,-46.096,18.419,15.218,48.065,49.56,-0.18739,22.278,-15.501,-42.452,29.808,-21.512,41.823,-19.653,16.841,-46.307,-7.106
0,1,39.381,-12.174,-9.151,-46.891,-13.053,17.669,49.725,-31.583,-13.724,-1.953,8.616,22.541,-13.531,-25.261,-6.124,-21.314,43.123,26.062,26.585,0,-9.783,42.907,-37.598,40.746,-40.562,8.387,8.234,-15.077,-21.878,-44.382,17.958,0.089,-9.282
1,24.726,24.001,39.866,-0.18362,5.241,16.891,-31.368,-46.874,0.87947,-14.702,-14.139,18.556,0.688,-26.392,-10.901,-0.505,-15.282,-2.932,18.1,-19.079,2.226,-10.598,3.429,42.287,24.322,-19.033,34.592,-6.719,37.531,36.462,10.665,32.431,24.615,4.385
0,0,-10.861,11.424,-3.456,46.502,-9.597,25.664,-10.43,33.052,-9.491,-30.705,3.877,29.662,37.196,-6.887,-27.344,22.842,-41.583,13.141,41.209,-12.976,12.274,29.423,33.411,33.495,-46.079,-6.733,-4.377,17.013,34.398,-31.019,-8.673,-13.566,0
1,1,34.791,1,-48.925,-26.576,-12.899,5.953,29.446,-43.729,10.269,-49.67,36.161,-18.112,-0.332,39.107,47.845,-27.04,27.072,-3.296,-23.061,-12.857,10.417,27.686,3.188,10.505,31.947,27.23,-30.822,-40.013,-1.649,-28.515,-29.361,-20.893,5.17
0,1,-34.5,42.766,-3.909,37.67,4.07,8.51,-10.25,18.25,7.284,-5.878,-21.621,46.362,6.623,0.88683,-17.774,2.044,7.221,48.682,48.341,36.44,-26.207,-4.436,2.255,-14.669,-6.869,-25.675,24.333,-0.744,-22.575,-46.594,46.04,-3.744,-42.918
1,-13.046,-46.287,-34.188,0.08143,28.817,4.36,29.534,-15.778,26.422,48.108,44.275,40.873,9.863,45.97,-33.468,22.61,18.604,22.671,-20.067,28.554,27.922,12.218,-14.755,-38.496,49.003,-42.964,-2.594,-8.105,9.846,-19.03,23.443,-0.39061,36.136,-39.555
0,19.988,-46.282,26.029,3.518,26.569,-25.305,16.491,-34.679,0.71875,47.138,6.858,5.429,-40.036,-30.251,21.284,35.046,-39.23,6.275,-21.45,-27.331,-14.226,23.587,-37.454,-47.407,-3.818,12.463,29.456,-35.785,34.121,5.837,36.381,37.123,48.51,0.61458
1,5.649,12.832,1,45.666,11.74,46.761,43.229,35.598,38.111,-11.231,30.646,-7.476,-17.948,12.215,-17.494,-38.449,17.144,15.54,-17.113,-21.104,-20.598,-33.774,7.692,18.519,-24.913,-19.349,38.883,8.638,-26.737,-43.096,7.394,14.587,-37.827,-0.22981
0,-4.834,1.04,8.725,19.895,-38.962,-7.026,-11.981,13.349,-26.022,32.287,-29.775,11.392,-11.747,-0.18750,38.342,29.731,-26.534,16.186,18.013,33.778,9.92,13.807,-47.695,-42.917,-6.097,-43.206,-35.925,27.604,7.443,35.705,26.179,15.894,7.274,-1
1,1,-49.166,42.259,-9.051,-18.297,-41.088,-37.415,11.715,-15.598,-48.655,16.845,-32.543,4.139,-15.14,-29.267,21.907,46.936,8.224,-12.025,-31.176,-30.228,-26.146,-36.803,33.277,0.91667,-10.847,8.538,15.474,14.165,21.745,-20.786,25.583,-0.723,36.493
0,-15.254,-15.554,14.253,41.311,-9.504,-25.071,27.629,-12.929,34.768,-5.503,24.598,30.934,0,20.108,-14.534,-24.235,-15.001,0.36146,14.486,-49.526,43.778,18.614,-48.647,38.906,27.66,-7.764,-26.658,43.958,-18.229,-31.435,36.133,5.509,-31.051,-1.244
1,33.722,32.953,-47.738,-31.898,-24.749,46.261,1,-1.029,8.17,-16.788,36.249,-41.001,15.389,40.486,-44.495,28.018,38.311,31.234,17.35,-22.488,16.831,-16.021,-34.64,-8.405,-32.363,14.935,-14.956,45.417,37.702,0.46031,-41.976,4.845,21.569,41.671
0,-37.577,-21.691,8.917,-6.386,17.08,-43.937,-23.929,-25.326,-19.854,14.986,0,10.054,-28.217,33.602,-37.161,-19.518,-13.811,-21.055,-0.727,7.153,-1.642,-8.843,0.08333,-36.201,-14.985,6.979,-23.192,21.921,0.183,45.721,21.019,4.492,27.178,-38.615
1,1,-17.162,-43.221,40.982,7.061,-15.55,34.143,0.33347,-28.113,3.735,-48.398,21.772,13.496,46.581,-24.756,40.51,16.147,24.858,-22.437,13.259,26.213,-19.424,-47.834,-1.529,19.985,27.446,28.585,25.418,4.708,35.867,-27.693,15.971,-29.783,-33.832
0,-24.05,-18.845,8.618,31.598,26.789,40.573,16.307,-18.39,-29.139,0.30921,28.455,-24.849,-25.248,32.697,11.587,-38.493,-43.417,-34.1,-44.042,-7.307,-45.268,13.171,15.357,-43.511,-17.77,37.721,-15.286,-20.78,26.118,29.983,0.20614,-7.633,26.914,-13.022
1,-3.087,-23.492,17.81,48.927,40.418,-40.035,42.151,14.062,-0.491,13.271,-14.416,38.266,-0.378,1.633,-17.91,-16.236,-6.615,-20.865,6.081,27.753,3.116,-13.684,-40.452,-36.18,0.93593,-29.899,-27.247,-5.617,-35.565,21.55,-12.104,12.935,33.708,-0.05402
0,-3.009,35.834,-5.097,38.063,-48.502,0.39130,44.466,-46.986,32.942,-44.094,-28.348,-32.224,-9.982,17.865,40.471,-15.923,-23.7,-43.492,-28.27,-0.43025,32.705,-47.221,-12.254,-41.716,-32.271,22.877,-16.873,6.816,43.352,26.641,-45.614,-37.519,-10.012,-24.614
1,-0.875,3.176,43.696,-14.586,18.243,-40.366,-10.252,32.044,-5.385,30.555,-36.499,18.431,11.721,11.752,-33.936,-33.145,33.515,-19.501,-41.548,29.118,25.15,0.04150,0.99933,-35.553,36.407,-6.14,-24.099,-30.703,-23.688,11.028,5.746,-49.499,-3.097,-0.448
0,0,48.697,-35.073,-35.309,-14.304,-18.989,-30.311,47.896,31.019,13.335,49.506,1,-38.035,15.133,22.393,35.202,-48.605,-4.974,-30.417,-43.648,-36.978,-36.223,-12.121,-40.517,-5.867,-6.288,19.611,-44.27,6.126,-10.401,-22.298,17.071,8.098,0.986
1,-4.9,-27.624,43.243,-31.402,-41.817,-8.963,0.43019,-46.05,-31.487,5.236,-14.009,-14.833,-45.174,46.712,0.921,-20.019,-13.921,24.706,-23.672,-17.028,17.227,41.298,8.239,6.412,-33.535,-21.757,-46.475,16.736,42.63,47.239,50.661,25.937,0.98816,-37.92
0,-17.878,-1.953,-40.01,26.954,-10.818,0.226,-11.724,-33.302,42.649,37.915,24.682,1.089,10.234,44.956,40.024,41.449,1,23.541,-23.261,-8.282,-13.077,-5.707,-13.84,-45.872,5.399,24.726,40.381,-8.651,0,-47.891,25.001,32.658,-11.174,-27.942
1,-1.637,23.421,-4.887,-18.97,-10.598,28.845,33.689,5.074,-15.032,22.093,17.862,-8.385,3.877,37.172,0.803,33.369,36.398,-44.422,18.233,3.501,-6.733,-31.093,1.07,-9.836,15.037,0.68326,-39.688,19.287,-14.094,-7.925,-30.275,10.676,46.217,0.75837
0,-41.013,9.269,-3.456,11.274,5.188,19.013,-44.46,4.043,1,31.947,-11.857,-9.491,9.605,25.664,27.423,-4.377,-48.925,26.65,48.119,-28.576,-14.316,-9.861,37.196,33.411,-11.976,-27.344,11.424,39.209,-3.296,-27.04,32.495,11.417,-47.839,-1
1,1,25.333,-28.053,-21.807,36.408,-14.287,0.96026,-22.366,-0.352,-7.519,-33.571,48.306,5.684,-16.587,27.059,-24.619,-13.166,40.797,29.136,-10.151,45.906,3.758,35.274,-2.674,-29.416,35.908,28.548,0.188,7.759,-28.654,38.807,-25.807,8.375,44.308
0,48.341,0.256,44.023,-20.232,-3.467,46.138,-42.886,0.69841,-15.693,17.608,5.623,-46.287,3.255,-4.744,48.38,28.671,23.204,0.19444,9.39,-2.127,4.416,18.215,-21.575,-43.254,-17.989,6.495,3.806,-44.959,45.04,-16.774,-4.878,27.842,22.805,8.908
1,1,-38.198,36.121,-13.995,7.226,48.112,-35.454,41.055,23.284,-34.86,8.679,0.34826,47.667,35.697,26.407,-28.822,-6.868,-2.314,-33.655,27.595,-14.85,29.162,-20.175,23.231,34.712,6.323,-38.549,12.919,26.441,38.85,12.961,25.304,-38.869,28.321
0,-38.304,12.343,-20.029,13.832,-38.567,6.609,-33.785,17.72,-19.928,-27.305,-10.143,-34.679,15.815,1,7.736,48.51,-17.494,-32.585,29.456,43.229,18.491,-40.036,-1,44.689,36.665,5.056,-25.91,2.725,38.381,-12.48,-18.948,-46.939,-45.282,17.988
1,11.92,15.216,-5.026,37.151,15.807,46.926,-17.113,-25.861,-9.981,-42.594,-3.847,-7.729,-42.989,8.651,-9.836,27.002,0.81939,0.46059,7.229,-41.736,11.534,9.419,29.434,-17.845,30.316,26.776,-25.324,-36.315,16.684,-20.983,-39.509,38.646,5.054,-26.939
0,17.186,9.725,-18.242,-10.071,11.392,20.794,35.778,-29.775,37.182,-37.415,-6.097,16.894,18.013,1,-47.695,-40.163,13.349,-32.339,-31.215,14.28,31.287,-24.534,32.113,19.895,38.342,-1,16.896,35.705,-16.287,2.04,-2.559,-22.569,-38.71,-30.225
1,-16.229,20.108,40.177,41.5,-7.727,46.513,-15.598,-12.2,9.023,37.133,29.508,12.583,-11.993,15.081,-14.554,22.291,-48.166,26.287,1,6.509,-26.914,8.654,-31.717,-22.558,-8.463,-15.254,15.62,-25.071,18.722,4.182,-48.809,-31.112,-27.102,1
0,-41.193,-47.647,42.162,-12.921,-21.819,26.629,36.3,26.598,12.966,-32.124,37.456,-31.051,33.953,-30.996,0,40.243,42.311,-5.503,13.589,-48.669,28.934,-14.806,35.768,22.027,-7.801,-1,43.958,-7.504,5.375,-0.244,28.734,42.778,-17.88,45.99
1,1,-15.641,5.492,-21.949,-34.201,-15.708,33.722,37.17,1,-28.015,15.459,-2.255,11.054,-24.335,27.178,20.861,-42.937,7.232,-44.388,16.465,-47.738,-38.843,47.139,-15.039,-34.388,30.386,-41.544,-22.505,16.997,21.688,8.576,-26.534,-0.727,16.031
0,21.401,15.302,5.351,-25.192,-19.005,-24.566,8.146,34.602,1,-18.854,-37.342,47.112,-1.176,-16.713,-27.033,11.654,-47.39,-36.284,1,-2.642,-7.843,-43.221,-17.968,9.901,34.197,44.532,-13.879,-28.03,-5.03,-24.088,25.375,-24.326,15.986,0.183
1,41.814,24.727,39.644,-7.196,-43.585,-29.842,20.399,-34.373,-16.321,16.709,16.095,31.02,28.859,6.537,-24.481,13.254,4.114,27.535,-20.206,26.563,25.517,42.243,0.34232,14.293,35.342,26.409,29.17,-13.283,15.459,-18.68,0.02735,12.34,39.977,-48.617
0,-24.849,-30.016,40.1,-1.206,14.699,-6.414,-32.634,2.122,13.629,33.778,-4.545,-7.743,0.01060,-23.047,-25.039,32.498,41.467,-38.132,-45.489,-15.923,-16.202,8.287,-42.903,29.373,26.552,-40.602,-15.398,0.14481,-28.224,-44.081,12.69,-18.509,-18.885,16.856
1,3.235,-33.181,-12.745,-12.572,-18.253,-46.038,-0.684,-24.672,-12.286,-4.062,32.34,-44.091,5.996,-17.794,0.73077,17.311,28.783,-36.844,-35.398,-49.517,7.444,-37.674,38.132,32.086,-19.71,26.689,43.585,49.275,22.36,-11.223,-28.264,-41.593,-29.442,0.02959
0,25.15,-37.487,23.603,3.112,36.382,-16.235,-40.982,44.466,-48.921,-11.099,-31.95,39.602,-28.733,-4.83,31.091,17.922,-10.314,-33.293,12.163,35.718,-5.289,0.14792,11.553,-41.936,-46.144,38.121,-39.897,-24.842,-34.612,10.769,5.191,-47.72,0.34411,-43.392
1,1,42.696,33.233,18.144,-37.208,-31.522,2.759,-49.567,-35.166,-11.102,-38.39,-25.052,-33.641,-4.041,-29.961,-5.31,-5.204,36.289,-5.13,-6.465,-23.797,4.888,29.944,-0.522,49.355,-18.14,-14.128,-19.313,-1.207,7.121,49.761,-37.185,32.699,0.00755
0,1,30.019,46.668,-31.361,-5.974,-44.613,2.921,49.424,-38.853,-22.357,17.553,-32.248,19.429,42.338,-27.056,1,-19.917,-43.052,-14.636,-46.95,27.289,-34.249,15.12,47.239,-15.26,-12.794,-35.504,21.54,-42.207,-46.811,14.825,42.208,-15.6,5.431
1,44.956,-1.953,18.245,-24.277,9.019,-44.382,-37.57,49.855,-31.293,-9.341,42.213,39.522,9.701,-13.449,26.479,22.486,25.873,-40.995,7.889,-22.693,0.45882,-9.716,-12.144,18.04,-47.393,-20.753,-8.665,-12.073,-13.615,0.172,42.823,-5.665,-13.139,0.17255
0,10.82,36.915,0.489,33.783,17.583,0.12500,-6.475,-18.725,4.362,24.17,23.727,23.783,-47.062,-2.301,32.555,17.135,24.028,42.854,36.438,-15.905,2.762,0.05078,-0.384,5.168,-15.091,-14.888,-27.041,-32.374,0.226,-12.598,-11.848,38.95,18.568,-18.941
1,19.013,36.196,41.092,-5.597,-4.887,-10.498,-7.849,-44.887,33.903,14.2,33.401,12.232,-6.881,45.752,35.19,0.25322,29.354,-40.004,-25.634,3.267,-3.724,-13.29,36.398,-31.357,-12.408,-9.91,-7.899,10.956,29.232,26.25,-9.06,22.552,-30.496,0.54185
0,6.043,-27.576,-28.168,27.564,-22.211,-0.80553,-22.73,-44.024,-1.49,9.651,-28.62,-41.021,39.922,-29.182,26.03,8.588,0.208,47.006,-25.261,35.004,34.721,-13.391,11.075,4.998,5.611,-49.962,-48.13,-12.11,28.993,28.305,-1.545,32.165,-17.297,-0.59867
1,1,-25.207,3.779,-34.747,-7.226,18.258,-2.984,-42.872,-4.226,45.223,-16.274,47.611,8.862,-11.113,8.014,0.634,45.749,47.417,-21.214,-20.882,-45.325,6.338,3.788,3.005,0.31304,-3.031,39.169,43.403,-4.261,-14.524,25.977,35.188,6.127,-26.527
0,-45.287,-3.467,47.462,-38.049,4.079,13.225,-20.45,25.321,23.124,-18.791,9.133,-15.845,23.077,27.097,-38.58,27.687,-13.882,-15.204,29.251,28.596,9.413,-35.073,47.536,16.992,36.314,0.65635,23.407,40.459,-0.15170,-42.445,43.352,-7.201,-33.888,46.048
1,50.51,17.491,6.348,-46.804,0.45331,26.114,-28.733,27.564,-45.755,24.796,37.905,12.059,-35.98,-39.25,4.28,35.16,-2.001,-39.26,-20.604,38.081,-34.435,0.06621,34.328,5.475,47.184,-26.942,-25.801,6.193,22.63,28.555,8.387,-13.499,19.384,-35.711
0,1,-8.037,13.623,16.313,-42.873,-18.113,42.795,12.412,-21.198,-17.494,46.072,-24.918,8.832,-37.772,38.247,15.345,-33.611,15.766,6.099,-20.079,4.547,7.124,-11.569,29.883,-39.482,-26.759,36.769,11.622,45.806,0.69401,17.72,-18.82,35.665,-18.426
1,18.186,-6.026,-3.933,0.16607,13.142,17.387,35.435,26.684,-41.608,-25.292,-43.473,0.81152,10.637,11.795,26.668,-29.925,28.605,-10.107,9.438,-24.738,-7.563,38.001,5.872,1.578,18.213,15.206,-11.466,16.152,-40.686,-48.583,34.064,8.219,-37.602,32.088
1,1,-12.993,-40.185,13.47,-37.588,-16.136,8.741,3.769,-29.736,-0.716,11.897,-36.784,15.341,37.121,-31.472,-14.444,-21.889,42.175,-49.687,-18.447,24.604,-10.576,32.339,22.13,-27.142,46.205,-33.447,15.883,-49.459,-9.302,-31.898,7.317,20.921,-0.49700
0,-14.806,43.778,-14.921,24.598,-15.554,-8.727,28.138,13.181,20.714,35.097,-32.051,-0.41368,-17.229,29.934,36.133,39.177,19.614,42.044,5.874,-32.747,-0.273,41.958,-48.647,27.508,-22.558,-13.525,13.081,-17.254,-28.658,-6.503,-25.071,-9.504,-49.669,0
1,45.99,40.243,-0.514,14.509,-8.011,0.02543,28.52,-15.603,31.629,-16.238,-34.71,-16.568,36.059,46.212,33.469,37.159,41.869,-33.203,-22.183,37.456,-48.038,-41.079,17.195,21.149,33.624,-42.389,16.638,-45.252,-31.339,4.55,-25.151,0.14697,7.758,14.74
0,-37.342,-28.217,34.602,16.08,21.019,-14.039,-37.797,44.539,5.301,1.735,-2.061,-20.802,-25.326,-21.691,26.178,0,7.867,-38.056,-23.194,9.451,8.901,-43.937,15.17,-25.192,-15.879,6.576,-22.883,-2.727,-7.843,-7.03,-17.968,-36.201,22.688,0
1,-29.004,19.502,41.018,-34.602,-24.604,-15.744,-1.176,24.692,25.375,40.763,22.391,-28.103,36.097,-44.311,-19.005,15.145,5.351,3.367,0.98310,-29.149,16.362,-49.497,7.068,33.004,13.679,25.427,29.117,45.909,27.839,-17.333,13.618,-23.314,0.87011,-48.622
0,-33.1,28.983,-14.022,-18.579,-45.595,38.721,-25.849,16.357,-44.184,26.581,0,25.914,15.307,-25.05,7.98,-30.016,25.118,-42.902,32.109,-20.719,-19.39,29.124,11.569,41.573,30.598,-18.845,-37.544,-8.274,13.61,-6.633,-16.286,-25.189,-44.511,0
1,1,1.794,-22.535,13.755,-0.857,41.153,-35.094,21.642,-40.482,-18.825,-27.256,-4.098,17.645,13.123,-39.796,27.684,38.779,-12.756,3.222,39.208,6.28,-30.277,0.93126,-15.749,-6.591,-16.438,13.624,-36.881,-12.679,-5.782,-19.473,32.876,50.037,-1.449
0,1,42.975,-17.589,-6.263,-43.519,-28.854,-31.813,-46.986,32.579,-12.187,-43.535,-3.945,-10.633,-17.127,17.259,-29.348,-46.023,-48.215,32.156,5.85,23.211,35.834,-49.502,-24.988,38.2,39.649,-36.744,-33.42,26.721,-42.467,43.629,-11.712,-24.7,0
1,-23.556,-1.875,-39.445,-33.682,-13.867,-25.1,-41.402,-0.87052,25.051,-5.716,43.696,30.411,12.697,-37.612,36.407,-19.405,-4.749,32.381,18.243,-4.106,11.795,-49.513,-33.936,-36.093,19.099,28.906,0.626,-31.014,32.967,-11.621,5.8,2.768,1,10.273
0,1,-17.989,21.393,-6.867,-17.76,-37.223,-13.121,-11.057,-5.288,-31.417,-42.648,37.202,48.506,48.697,14.133,1.986,-38.669,-15.281,-49.044,-16.304,-5.974,-34.309,-39.517,48.896,7.098,-37.978,18.071,0.10976,-47.317,32.287,-44.648,30.019,5.126,-36.073
1,1,0.454,10.5,38.234,27.253,46.928,-28.526,-9.971,-29.388,-16.682,-47.621,47.406,34.917,49.354,45.176,43.935,-8.551,-13.46,-33.045,29.859,1.975,35.763,-41.94,44.304,29.549,-36.591,49.766,19.211,-26.955,-14.577,49.514,33.198,-17.024,-0.27794
0,1,-1.149,0.10135,-37.256,36.429,-28.564,26.948,2.412,-1.918,-3.997,19.18,30.048,34.549,-5.739,8.252,0.58,1.078,12.288,-19.86,-31.327,1.378,23.954,-35.0,16.848,1.476,16.123,12.013,-17.948,15.838,26.707,-0.128,23.073,-48.97,-39.808
1,38.873,-46.966,6.801,-4.284,-17.06,-18.723,-11.704,26.557,3.774,-47.526,34.916,-12.164,-16.143,7.748,9.731,-31.198,35.478,-3.387,0.76771,15.122,-12.854,-13.77,-26.079,33.134,-10.728,-46.9,-1.482,-36.5,42.33,19.501,14.035,20.328,-11.697,-0.76112
0,-36.099,-41.404,23.923,-37.822,-32.993,-21.691,13.526,-28.84,-38.765,47.558,46.585,41.248,39.182,8.94,9.781,29.434,24.107,-47.256,21.322,-24.184,28.84,1.599,20.027,48.85,33.761,47.317,-9.575,47.733,-29.697,-0.93182,0,-33.866,11.867,-5.272
1,27.286,26.797,-29.814,33.023,-15.389,24.552,14.692,-1.935,19.661,-47.183,-48.105,0.81533,45.31,0.85671,-40.876,33.383,-46.96,40.358,44.283,10.629,-20.108,-13.246,40.559,-6.361,17.235,45.951,-3.973,24.656,-36.439,-39.054,21.024,-14.21,-26.573,33.131
0,-5.091,-32.947,-21.165,-38.424,36.925,-38.759,-19.272,-20.809,0.90000,1,19.519,30.557,4.541,-47.013,-21.79,15.792,-46.789,-12.96,-26.663,17.484,-16.298,-41.822,-42.519,-17.732,-39.414,4.937,-22.016,15.074,-38.466,24.682,2.887,8.956,-9.87,47.303
1,1,16.287,46.515,7.583,-3.625,-0.709,25.615,49.997,-39.732,34.63,26.606,-35.23,-3.042,25.432,44.922,2.952,21.01,-44.039,13.473,-9.905,-0.612,-31.971,36.9,36.935,43.978,16.831,38.503,-30.321,-7.511,-0.28183,47.568,-44.697,-25.361,41.495
0,2.498,-1.738,-2.296,0.81586,-20.39,23.158,-16.3,-18.686,-49.193,16.473,-2.826,-40.014,-49.699,-19.386,-47.202,-14.61,14.143,-25.564,37.708,30.71,9.017,0.00075,6.739,13.689,-0.128,36.282,34.675,-6.82,-33.304,2.884,22.79,18.164,20.041,3.598
1,5.467,-22.663,41.06,-17.271,19.343,-22.115,41.387,-29.932,23.535,-41.823,40.585,6.329,-34.786,27.27,37.937,-50.03,-18.168,37.58,19.502,-6.225,0.30952,44.175,11.862,29.516,-48.691,-36.294,-31.276,2.89,3.444,-44.372,-6.841,-8.415,42.624,-0.01877
0,36.425,-30.959,-9.453,-38.533,-45.889,34.632,-30.592,-45.138,0.65574,-42.428,-39.255,-7.024,-47.578,1.892,-32.489,-41.319,0.19672,-6.759,36.076,-32.157,-48.864,30.719,-25.064,-47.275,36.955,-5.229,3.758,-37.61,-15.547,-12.965,-29.574,46.268,-20.012,-22.192
1,1,9.664,-40.799,42.669,36.31,37.757,6.455,-18.063,41.243,-48.752,28.572,-43.754,-46.836,39.979,-11.936,-23.97,0.62727,-4.49,40.035,3.22,41.498,18.101,2.071,11.159,-46.057,-48.6,-29.111,11.056,-36.366,-30.954,13.858,26.232,-32.657,-7.273
0,48.533,-33.852,-31.484,14.16,20.564,13.7,-47.723,-49.081,-48.92,17.286,41.968,30.885,-17.674,13.181,35.463,16.649,-24.819,2.852,0.54762,36.378,5.394,-39.973,24.268,26.748,-31.405,-5.386,-6.018,-34.616,9.849,2.101,41.344,-42.7,0.25441,-46.125
1,-3.578,-48.489,-11.051,-35.75,-35.256,-31.879,-32.878,-21.244,0.87778,-2.775,-29.353,20.532,-31.486,-33.649,32.32,34.535,5.878,-30.712,-40.765,2.903,37.085,-31.674,-29.109,46.354,-34.078,46.166,1,30.68,7.805,-6.537,-4.945,13.386,44.316,3.064
0,49.957,45.767,-8.306,-0.12727,23.733,24.654,40.969,-47.82,-7.458,1.806,-40.06,34.733,-41.629,-18.602,-17.741,-9.625,-18.772,20.855,50.223,21.281,-26.353,47.454,-13.191,-46.04,9.218,0.16364,-17.273,23.916,-1.567,11.578,-15.44,49.16,19.319,-0.532
1,1,-27.855,-24.495,31.284,24.913,-14.34,42.526,44.465,28.446,-48.918,-7.779,-11.196,26.484,28.566,7.397,-30.121,-46.418,16.085,7.934,-16.616,-20.748,0.07547,-4.066,-41.956,-24.285,12.741,-15.186,-23.224,-46.641,45.973,-6.041,-28.076,-34.908,27.59
0,1,33.985,-4.87,-34.519,8.486,5.897,-18.104,-25.457,-43.486,4.814,-41.402,-33.789,33.869,6.794,-12.996,-32.697,-40.941,34.185,-45.566,-45.884,-6.313,47.87,10.125,-20.467,-18.938,-48.245,5.397,40.777,40.212,0,-7.392,19.237,-44.962,-7.709
1,1,0.989,8.031,-11.479,-13.484,-40.368,3.171,-4.33,-0.687,-0.033,37.663,-5.782,-21.107,-33.255,15.198,-16.696,24.776,-10.673,-20.679,20.814,19.131,-43.099,-10.333,-48.359,-26.844,-0.319,-47.547,-6.63,31.358,-0.08333,-17.79,-8.094,29.046,12.242
0,-42.728,-33.853,-44.708,-31.974,48.644,-13.51,0,-44.589,-48.058,41.96,6.52,10.599,39.338,-0.752,37.184,-37.05,42.083,7.041,33.438,-42.557,-8.886,-41.574,25.618,-21.372,-22.782,16.112,17.019,30.368,-40.316,-13.978,36.904,38.653,-7.902,0
1,1,28.357,15.237,0.06595,25.53,-28.346,-3.134,1.922,-28.671,-14.947,32.909,-27.04,-28.914,-29.314,-48.666,-40.83,-3.268,30.934,-45.668,-3.816,15.114,11.729,40.217,44.555,-11.033,-26.575,-20.797,-19.618,-45.613,-37.838,-13.595,-2.919,17.82,36.824
0,1,-17.76,10.104,0.40332,20.217,-35.587,-42.058,1.161,-36.95,-17.899,-28.004,35.842,45.102,-39.457,43.438,-32.508,-46.362,44.872,-26.268,32.468,-29.394,32.76,29.482,-28.755,20.017,-10.107,5.927,-16.102,-31.584,-26.414,-47.708,-33.218,48.301,-13.873
1,1,34.065,48.0,18.971,45.363,-16.639,-47.987,-0.103,2.046,-39.901,30.037,-0.02716,-12.35,0.549,-29.327,26.894,30.949,48.838,50.263,26.428,11.989,48.618,14.267,-14.464,-28.492,44.148,-8.533,23.003,16.194,36.442,-36.364,38.121,17.78,-1.218
0,-45.966,-12.77,-5.739,0.707,-46.467,-1.611,-4.821,-20.191,0.68869,32.916,3.744,-30.309,1.641,-29.156,26.641,-11.943,24.896,1.542,21.328,34.478,-2.591,0,-26.96,-17.772,20.501,2.412,9.252,16.123,-16.948,34.549,-18.007,-34.381,5.801,-47.168
1,1,-11.347,-36.224,-11.993,21.027,13.043,-10.945,-2.027,-34.741,45.557,-31.995,8.577,34.883,-41.417,-16.989,15.986,14.526,8.928,24.248,8.731,-38.538,-5.298,49.673,-33.914,-9.615,2.553,34.752,-3.746,28.501,-28.865,38.873,41.482,-12.836,-0.04112
0,1,32.52,33.451,20.481,25.557,-37.326,29.623,13.965,-47.029,9.781,12.799,0.07297,-20.691,-23.384,22.572,19.185,-37.976,47.203,46.558,-35.866,42.528,-16.409,28.84,-3.759,23.486,48.85,18.828,-48.648,45.114,39.182,42.162,-30.937,-29.279,-13.963
1,-26.503,0,-15.657,-46.999,39.942,-41.846,0.52751,-2.458,45.888,-22.894,4.69,-46.74,-25.924,18.533,15.147,36.925,9.322,26.797,-40.518,4.614,24.409,-6.649,33.067,-19.568,-20.052,-38.662,26.48,29.973,-9.696,-13.956,44.819,-47.882,-21.414,10.045
0,-36.814,24.682,38.641,-16.732,16.792,-43.519,-36.147,-30.202,36.644,-44.252,46.141,20.089,-18.809,43.686,8.349,1,-39.209,-2.229,-6.091,13.987,2.887,-32.417,-38.624,-38.744,-10.55,0.033,-20.79,-33.947,50.276,48.303,-46.459,1.038,0,-12.67
1,-0.738,3.598,38.052,16.379,3.354,34.033,45.923,48.285,-2.741,16.736,14.438,21.943,0.12245,-44.244,39.22,-4.029,-3.198,42.579,-33.508,20.592,-49.533,24.998,16.509,25.161,-7.473,1.723,-3.105,30.858,-19.835,26.513,-25.334,13.689,8.751,-0.24490
0,24.297,-19.296,6.739,-22.663,-7.395,-37.246,40.846,-15.905,42.477,0,-29.123,-21.186,-40.918,34.422,-43.372,-6.587,30.635,17.164,19.01,-25.558,37.628,22.79,-48.668,37.282,-47.216,19.169,-48.983,-20.66,22.158,-39.911,0.872,-15.576,11.648,0
1,-48.048,0,4.15,-30.783,42.109,0.37500,40.923,3.59,-39.652,7.084,2.083,-16.286,-31.519,4.094,46.505,44.999,-6.986,38.376,-38.885,27.795,-38.142,-6.609,-16.735,4.556,-50.279,-6.397,-35.775,-7.252,-42.996,-33.604,-18.895,-21.011,30.399,-47.546
0,38.725,-46.802,34.425,3.374,-48.077,40.045,25.31,27.171,-47.196,-11.995,8.664,-3.745,41.852,18.315,35.853,-26.09,12.271,-30.587,-31.56,-30.395,-33.291,-44.629,-36.098,-5.826,-11.453,34.989,0.74385,-22.035,33.582,-31.933,-12.749,-41.129,-45.523,-0.48241
1,-46.557,40.443,-48.486,13.487,42.427,1.708,11.357,-6.671,41.513,-41.664,11.472,24.761,2.101,-16.918,0.70000,40.725,-31.193,-47.43,-7.027,-40.44,-49.27,36.518,6.293,39.353,35.674,-23.932,0.46214,-48.773,14.036,-18.075,-24.816,-30.948,3.114,5.862
0,-29.188,6.983,-34.119,30.88,-12.193,0.12159,35.633,30.777,17.348,21.283,-42.356,47.559,31.311,27.251,-33.592,-32.488,-6.391,12.865,-31.872,-6.09,-33.877,46.132,-21.176,-34.921,-0.00069,-48.317,-30.109,-4.578,-35.004,9.278,-45.566,-31.559,5.009,17.274
1,0.759,-18.972,-45.204,45.388,-39.702,50.157,-7.155,35.842,-35.391,46.73,25.799,20.326,-2.264,-48.489,41.409,-0.05405,21.198,43.1,-34.961,-41.822,35.41,-31.8,0.75676,-5.81,3.857,-31.062,35.345,18.807,3.526,23.756,47.692,-9.337,50.037,13.299
0,-29.064,-23.223,-0.967,-17.719,-48.147,-9.539,-42.92,-15.11,-12.836,8.903,0.93359,-25.515,47.957,2.006,-29.51,11.629,-4.065,-16.651,0.92188,-25.313,15.094,-47.29,-19.039,-47.236,22.183,-18.897,-25.66,32.346,8.308,23.847,22.151,-15.755,-17.108,-42.299
1,-47.918,46.973,-44.852,-18.343,34.473,28.477,10.893,11.961,5.924,-21.294,28.673,-27.849,42.244,-0.03064,-39.777,44.517,-4.614,-20.231,-34.344,-25.296,-17.501,-11.245,-44.285,-48.167,48.792,-35.397,-7.817,42.019,7.748,0.01908,28.777,6.101,26.989,-7.033
0,-6.733,6.794,34.673,18.742,40.212,-1,-43.439,-34.028,-6.364,-27.462,29.712,0.732,24.505,-6.876,-15.717,-48.893,31.941,-8.17,1,18.856,-11.521,-32.875,-12.281,-18.876,6.148,-10.722,10.248,-46.479,-39.559,-48.264,15.656,33.353,3.775,-34.018
1,-42.182,11.49,-0.71,-21.136,42.201,-8.99,-21.575,-33.043,-7.828,-21.453,-41.537,7.556,0.046,-6.554,-44.582,-41.331,37.187,-5.791,0.00078,-0.137,21.043,6.04,-0.00028,-21.576,-4.33,-14.068,39.852,24.997,-40.264,38.139,-10.583,12.304,-37.335,-48.058
0,42.436,36.904,17.74,-29.772,39.378,48.644,-45.908,-27.732,11.916,14.463,32.054,-15.095,-3.263,-46.76,-41.91,-4.513,25.143,-1.324,0.54902,-43.944,-45.12,15.823,40.416,-0.23529,-33.402,33.183,-19.526,36.206,2.299,5.727,-13.079,14.069,-20.671,-3.59
1,33.287,-16.273,-17.51,-26.85,-40.743,30.792,45.115,28.597,19.809,-26.641,-13.819,32.158,-0.02367,-11.336,-4.081,-14.384,-32.251,-37.756,-28.509,-33.377,42.494,-38.835,-28.994,-49.391,-0.01097,-29.525,44.103,-27.16,-38.603,-47.322,17.633,-14.566,4.928,-29.66
0,1,-30.379,32.8,-9.65,-42.756,47.481,26.412,47.104,-15.995,-48.523,9.693,-29.408,28.584,34.159,-9.428,44.363,-33.872,35.606,-13.974,48.336,0.454,-36.486,-27.898,29.949,1.107,-13.799,49.356,48.89,-18.508,38.26,44.274,0,19.389,44.237
1,1,-35.0,-19.191,15.273,35.549,36.402,27.943,-39.873,14.239,-28.58,-3.832,0.548,12.002,-30.241,-15.948,-5.804,0.95135,0.799,18.101,16.843,-47.97,-2.4,0.872,1.945,-36.386,8.344,2.363,-1.136,30.048,18.837,24.073,26.975,24.954,2.342
0,38.873,-12.001,34.735,2.828,9.731,34.559,-2.712,-34.72,13.95,27.523,-15.935,-12.56,22.328,-1.748,17.012,34.916,6.615,-2.544,-10.44,-26.664,-10.931,0.50670,9.612,19.501,-46.361,-17.951,-45.131,42.236,-11.925,-30.553,-45.966,-17.178,-12.82,1
1,-36.194,-10.575,48.22,45.569,40.182,-23.104,-40.404,-21.675,-28.638,11.872,28.776,33.745,3.599,9.781,47.558,0.06417,-46.029,23.312,-4.357,-33.823,24.454,48.871,-38.549,-28.856,30.397,-37.045,20.996,48.717,14.403,-32.982,9.94,41.619,21.46,0.06417
0,-37.976,-3.342,-0.20500,32.808,-6.541,26.897,0.28250,26.604,-48.149,-13.457,18.191,40.815,-16.106,19.39,13.924,33.04,-19.714,33.686,21.231,-30.363,9.491,-35.946,-40.536,39.932,-48.462,23.901,45.436,-26.428,24.098,-13.826,44.353,45.381,-46.384,-2.462
1,20.089,18.484,37.525,-12.636,-46.826,-38.4,25.382,47.37,-20.885,-42.519,-19.638,29.917,-22.216,15.792,-32.214,-9.87,15.554,2.987,-41.155,-38.659,5.274,-27.537,-5.325,-37.814,-15.665,-39.491,4.917,0.10168,-17.132,9.09,-46.413,0.16667,-19.175,-21.623
0,22.352,-30.202,49.335,26.321,39.287,0.00838,37.641,-36.158,16.8,-0.006,2.054,-40.284,36.638,-4.486,-24.923,-10.584,-1.229,48.176,44.622,-44.177,24.787,16.312,14.014,45.136,45.524,-3.131,24.653,7.341,42.059,-6.864,33.832,-32.417,-44.747,-0.03352
1,1,-15.905,17.122,3.885,-1.013,0.544,-39.436,-48.422,13.701,-46.325,-3.459,-5.975,-0.47644,-32.743,13.373,23.207,35.617,-49.596,2.23,19.846,30.185,-3.08,-14.885,-20.211,8.975,21.51,1.659,-19.807,-25.191,17.745,7.199,37.48,35.179,-19.356
0,1,0,-17.122,-36.232,11.622,40.892,19.183,-41.872,-22.741,-18.445,44.193,29.569,41.159,6.348,2.83,-22.232,-44.467,-6.192,40.14,-35.044,-30.103,37.651,-31.535,42.465,27.349,4.459,-49.974,19.027,-49.022,23.308,3.279,-7.0,-8.441,37.694
1,37.644,-22.127,-25.34,-41.166,-4.088,-6.6,-46.089,34.584,-12.142,-38.374,-29.068,-42.454,-9.619,-40.075,31.537,35.437,0.80099,-6.999,47.502,-49.566,2.652,35.458,-46.232,-37.352,-19.778,-15.89,-47.519,-33.172,-30.424,-45.172,4.064,-30.929,0.79015,-31.977
0,-17.109,-7.443,-4.706,0.02568,-48.748,-48.827,1.405,-43.819,39.374,40.742,39.846,-24.078,-33.231,-41.803,-37.039,3.06,26.02,9.635,-47.647,-29.721,13.272,35.429,0.05136,-12.73,10.957,11.042,18.015,40.459,42.689,5.6,-31.007,37.707,-46.817,27.901
1,-32.852,-48.317,-31.406,-45.339,21.775,42.229,30.737,-24.807,41.165,14.13,-49.608,-47.017,-35.345,13.899,-6.501,17.599,8.762,17.355,-0.5,-42.517,-40.571,1.562,35.663,26.843,-31.959,-6.535,12.91,-0.31739,47.692,-17.219,36.567,5.669,25.011,2.739
0,-40.645,-11.92,-30.678,43.323,-48.35,20.555,-5.84,6.9,-30.063,31.259,-35.446,-31.865,-31.435,-21.097,-32.34,-4.713,5.299,36.037,3.131,34.808,-29.992,30.821,46.242,-36.258,-2.627,-0.10297,-6.305,3.52,13.654,46.474,-33.782,-34.996,-33.46,-0.06865
1,-12.809,21.226,47.906,-8.821,19.511,-14.922,45.982,-1.137,48.964,49.605,20.137,-45.783,-1.001,0,40.16,8.58,-9.126,-0.62157,-47.275,-27.173,24.485,-19.608,-16.969,-19.27,-7.065,34.733,12.234,-17.801,-39.895,23.756,49.887,25.344,1.626,-41.415
0,-29.064,-35.342,-21.256,7.413,-47.366,-25.294,-15.073,-7.029,6.785,0.04372,-11.193,42.037,-27.835,-16.139,27.803,27.764,-48.959,47.0,-28.534,-8.783,23.957,-23.249,-5.0,0,-41.955,-47.597,-25.477,32.197,44.527,28.475,11.932,26.007,-16.609,16.086
1,34.673,-35.352,-24.456,-18.436,5.967,47.765,34.311,9.206,34.828,-40.469,-44.941,10.077,-5.845,6.074,0.78342,-5.573,-33.08,19.217,5.793,39.07,-31.744,-7.721,-44.318,-18.343,7.59,-6.785,-12.457,-48.18,0.88125,-40.793,-45.169,-20.224,-43.148,41.196
0,25.339,0.989,-9.583,-11.444,15.656,-4.782,17.797,-3.33,-0.02,29.941,-46.987,-1,-8.781,6.593,-19.373,-20.033,29.712,-13.068,13.305,-20.399,-12.521,-42.182,-39.264,-28.24,-47.547,-1,3.775,-15.717,0.869,-32.359,-7.53,1.029,20.043,38.184
1,32.368,-21.575,12.342,-8.494,33.827,42.724,-44.501,42.425,-22.208,-0.319,-43.32,37.404,-42.505,-41.208,37.794,24.687,-0.66030,-33.526,39.66,-34.713,-37.051,5.238,16.666,16.76,-42.95,-13.743,0.71698,-47.844,-45.33,-7.319,-14.781,6.704,38.027,49.293
0,-27.476,-27.017,15.285,-28.52,-13.448,-13.317,40.374,29.525,-2.929,2.73,44.135,24.626,-2.316,-10.438,-41.21,-29.693,-37.838,10.288,-3.044,-20.141,-26.653,-3.414,14.893,18.634,1,29.357,-28.657,-48.389,-45.623,-45.516,-20.993,37.452,0,32.009
1,-36.79,35.762,43.518,-38.051,-47.958,1,-30.359,-8.806,-18.28,20.652,31.463,-17.172,-0.546,44.261,-43.779,-36.726,-32.86,8.82,-14.797,-27.703,28.968,-35.028,-27.153,-27.88,-32.471,4.712,34.385,-47.098,45.65,19.958,-28.742,-15.371,47.363,0.90196
0,30.048,-29.408,-1.149,48.711,-38.364,0.076,43.363,-12.33,-9.49,13.288,10.013,50.325,16.284,1,35.065,-1.128,26.948,-30.327,23.073,44.305,28.949,37.229,17.869,48.041,-15.62,1.017,49.89,35.429,-39.808,26.412,15.848,-49.97,-15.411,1
1,-17.052,-46.966,-45.686,24.398,-16.412,3.32,8.03,-34.0,-2.798,-19.302,-13.77,1.04,-1,34.367,-29.564,34.327,0.711,-13.377,17.679,0.902,-47.39,-31.401,27.721,-16.994,20.835,33.916,22.249,3.224,-5.164,-3.978,0.22222,-25.78,-3.146,6.801
0,-37.194,-41.404,-5.272,37.873,-35.72,33.761,-10.575,8.731,0,-32.993,41.52,33.883,13.526,27.531,8.94,-12.001,23.264,16.012,-33.866,20.027,2.599,-11.347,13.035,-39.538,45.585,-11.931,-12.82,-28.84,8.612,-2.02,48.673,0,-17.989,-3.712
1,-12.807,-3.342,22.572,-47.029,47.558,29.434,-30.177,41.662,45.864,39.182,10.693,48.971,28.731,-23.042,0.86922,19.277,34.201,47.567,-47.722,14.519,21.231,24.568,-36.099,11.617,18.328,-35.366,-38.237,-21.427,-15.448,-29.318,42.224,23.776,33.195,0.30293
0,18.484,14.854,-7.771,46.693,-26.503,-22.016,8.956,26.286,10.971,3.541,25.141,-42.822,-46.882,-1,43.624,-1,-46.788,-40.835,38.6,-39.759,-21.585,4.257,-14.011,-2.492,-17.298,-10.87,37.925,-48.013,-19.272,30.917,31.83,-27.144,-19.626,26.797
1,-43.252,0,48.303,-37.814,1,-17.732,16.458,0.144,-46.459,-10.661,8.238,36.533,-38.624,18.866,-19.031,24.682,-39.431,-42.519,14.987,37.53,-37.689,-33.058,49.943,-12.781,-5.425,-30.202,45.59,2.833,-31.417,2.149,-20.901,-1.34,-35.147,45.141
0,3.598,-24.987,-33.304,16.287,-4.539,0,16.175,21.352,30.709,42.028,-49.247,-6.861,44.515,8.016,-2.64,14.131,25.835,17.545,13.689,37.705,-3.21,-3.136,-1,2.498,2.884,24.549,21.041,-20.243,25.33,-45.795,34.788,49.081,39.22,-1.738
1,1,-22.663,-40.918,-15.451,-13.576,35.827,35.675,-6.729,-46.216,-49.759,-24.558,-19.66,43.477,18.737,-18.296,18.987,12.648,-39.82,30.635,6.739,-35.246,22.426,-21.186,23.388,23.158,-0.219,-7.395,18.115,-29.123,0.45455,-48.983,40.573,38.628,-44.554
0,4.234,-15.875,-30.544,46.075,0,-35.095,-46.98,-18.454,-42.1,41.485,-39.68,27.711,44.1,-36.888,-32.814,-20.19,-6.81,6.634,-38.264,-7.159,3.272,3.933,-0.57576,-48.87,40.472,-17.449,-6.734,37.124,31.118,-49.294,3.095,1.87,-31.327,-7.028
1,-21.127,37.725,-45.802,-45.004,36.425,36.879,-42.799,0.41176,18.975,-29.794,-9.453,-4.509,14.251,27.999,-11.932,-12.237,36.42,-46.948,-29.959,-26.182,-3.885,-40.802,-36.039,-32.834,-30.985,2.975,35.582,40.097,-28.757,0.05882,-47.299,10.017,43.669,26.302
0,1,13.587,41.893,35.424,23.744,40.164,2.708,0.51064,5.992,39.119,10.024,-31.343,-31.599,13.045,-40.781,-50.586,-40.423,10.906,3.527,5.513,-7.693,-47.827,40.613,40.439,-48.752,-17.002,-18.3,-24.533,-47.853,-25.772,-46.812,2.289,-7.213,36.776
1,-32.576,0,18.203,-34.631,-41.568,-0.16667,13.582,-29.859,-29.313,-31.642,48.45,-31.835,-31.653,27.349,-44.858,-11.92,-5.213,-33.837,18.274,-6.307,-47.65,-21.259,5.759,35.978,-33.019,30.696,7.821,21.407,47.13,-4.369,-34.296,30.48,32.029,9.32
0,1,-18.972,-40.165,-41.812,-8.742,3.506,19.028,34.735,46.963,-2.778,-48.489,-35.679,3.056,24.608,36.085,49.524,46.541,43.316,-36.256,-7.804,-30.765,23.986,20.545,-31.919,-46.125,40.877,45.94,34.679,0.12500,20.97,49.885,13.494,-5.777,-0.045
1,-46.407,-41.92,-14.567,-0.08183,-4.018,-26.594,-29.072,7.107,-24.495,-16.439,49.923,11.29,-16.826,-19.366,-17.186,31.727,16.817,-42.607,24.594,-25.921,-12.984,22.368,-46.559,1.094,21.896,-24.186,-28.023,-2.769,-16.237,-10.045,-47.343,8.002,0.29221,-15.99
0,1,27.823,-34.352,48.822,40.287,-24.314,-8.041,4.133,-40.383,6.984,-47.683,-11.125,42.264,47.03,6.486,-5.262,-34.614,-27.894,0.22807,12.479,-8.779,26.031,27.405,-18.599,-19.205,-19.033,34.536,-46.804,-47.918,-21.522,10.309,-45.022,45.35,28.569
1,-47.547,-16.717,-9.444,0.24077,-44.91,-7.778,-5.963,-40.86,-33.018,-27.474,-6.019,30.7,-10.782,0.684,5.863,-8.093,34.145,-33.237,39.617,2.225,9.858,-44.332,19.329,14.329,7.033,28.191,-47.695,33.501,-13.154,23.947,19.441,-0.51329,-18.189,-33.825
0,-40.264,-14.068,-2.02,-31.974,-7.886,6.593,41.96,-21.033,-37.335,0,25.998,-44.182,7.043,-6.902,0,38.139,1.029,-11.583,-21.782,-6.53,11.49,-4.33,13.305,40.853,36.184,-47.058,0.869,-22.399,-22.575,-43.589,20.043,-6.782,-41.574,-41.316
1,-2.929,24.594,-12.588,-43.923,16.983,38.476,37.323,-3.542,49.461,-15.248,-45.723,-34.142,-0.504,14.085,17.746,-47.122,-19.677,40.729,40.02,36.183,6.446,13.743,31.703,-43.154,-20.994,-5.05,0.09312,-30.289,-45.779,32.888,-27.672,1.19,-0.07457,10.809
0,20.731,42.518,31.009,-1,43.603,-46.317,-16.76,-42.21,18.634,-10.9,-27.155,-38.6,-3.804,43.925,31.525,-12.829,-33.393,-37.79,-25.841,-27.476,33.287,-37.838,-16.273,0,-29.692,5.927,-31.88,-30.657,-13.448,-28.017,-48.691,-15.562,28.833,-28.52
1,45.305,0,-29.537,49.759,0.5,-15.858,9.605,-8.555,-13.707,1.336,33.341,-9.194,-43.757,-27.704,-37.26,47.226,18.76,-18.446,33.205,0.22,38.391,43.498,-48.071,35.093,49.639,-29.697,49.491,-14.332,30.59,-33.6,26.727,44.768,28.611,47.735
0,3.412,-30.327,-19.191,18.123,-16.948,26.948,-34.0,-2.149,-6.739,-0.293,14.288,12.013,1.58,-3.465,-48.97,18.869,-27.564,14.284,-38.808,35.549,0,36.429,0.872,0.378,25.943,28.048,24.954,17.848,22.073,-36.364,7.252,1,-4.821,1.902
1,42.52,20.501,-10.347,-26.144,1,35.478,-11.828,-2.712,8.397,-17.052,-48.168,-15.772,16.012,-16.989,20.328,-45.131,-31.623,5.801,26.531,7.945,-13.001,-2.945,32.916,-2.924,12.702,-12.931,-46.774,1.774,1,32.883,-13.82,-13.77,-34.72,37.207
0,20.481,41.528,38.182,-27.84,-48.029,19.027,-29.568,-39.538,-1,3.599,47.558,44.585,46.317,-11.575,-42.404,-22.184,48.673,8.94,32.761,8.781,26.84,1,-37.194,-37.099,24.264,28.434,12.867,24.486,-31.993,47.85,14.526,-32.866,-21.691,-5.272
1,-13.011,0,-45.788,0.06843,45.624,-3.2,-37.976,33.672,33.83,26.161,-1.492,46.088,18.828,40.09,-29.677,-13.217,9.596,-46.882,25.141,-26.144,-47.472,42.082,-18.626,-34.866,22.572,25.568,-5.771,33.52,27.797,14.269,-39.835,46.114,20.115,-15.198
0,0,-38.759,-28.503,-13.67,-9.87,15.792,36.925,-39.624,-19.809,29.917,-6.091,-38.466,-21.79,-47.013,19.484,-48.459,-41.822,47.303,-21.272,7.956,-21.585,24.682,-36.814,-22.016,15.854,3.541,3.887,-17.298,-32.947,-42.519,-17.732,4.257,19.089,0
1,1,-1.229,0.682,-4.618,-31.835,1.894,-10.682,-7.075,45.439,14.031,-44.414,-44.515,49.565,24.229,44.721,16.605,-35.944,41.734,-40.057,26.039,-3.041,-30.517,16.352,36.376,24.865,38.969,37.641,33.556,48.055,21.14,45.468,-0.18950,7.362,-25.259
0,19.164,34.675,-15.905,1.498,16.175,-39.911,-2.64,9.016,-33.304,-47.216,-48.247,-0.462,-49.501,6.999,14.131,0,22.79,13.689,-14.576,-25.558,21.96,-19.879,-6.986,-18.39,-20.243,3.384,-3.168,-0.988,30.48,35.282,3.473,19.771,37.507,-0.93750
1,-17.454,-31.497,-5.272,-30.071,12.642,-22.562,43.438,19.317,38.655,-36.511,3.914,0.54701,-21.382,41.098,19.748,37.902,41.865,3.2,-16.58,4.761,-49.458,44.467,-7.939,-48.763,-41.528,-34.823,40.51,23.552,6.579,-6.775,27.542,29.849,-44.191,0.19083
0,-45.889,46.711,-30.165,-22.222,-46.121,-41.108,-7.611,29.686,-47.299,-29.535,-46.167,-40.393,-38.407,35.644,34.42,-9.453,3.708,2.892,35.582,-48.536,-4.196,-43.445,-34.178,-27.064,-30.129,-20.139,36.425,-30.985,-14.875,-37.877,-13.932,-7.317,-1,0.72831
1,12.024,10.906,-47.816,42.667,6.2,28.313,26.99,-18.51,40.825,-23.897,36.386,0.09061,-40.784,18.057,-11.791,-29.706,-36.192,9.41,0.87379,2.948,14.1,-46.541,-3.994,-48.863,-42.954,-7.469,40.226,37.702,41.777,40.537,-32.462,1.283,-46.771,-31.128
0,1,-40.423,-47.317,-32.877,14.587,-46.557,18.274,-34.004,10.278,-42.901,28.224,42.146,-32.852,-30.726,-44.566,18.286,12.874,47.533,25.744,31.48,-48.586,-24.283,1,0.708,6.912,14.636,3.697,36.943,22.352,35.061,-7.288,42.893,-16.002,-5.088
1,-20.175,-5.945,-29.109,-48.259,-40.645,-30.974,47.13,-2.882,32.32,0.15414,-34.679,5.287,4.487,36.016,-3.578,-33.812,7.941,46.351,-31.018,13.386,-30.585,-33.539,-10.924,30.914,-35.256,43.304,3.903,-6.436,-34.011,20.635,-31.486,-30.902,35.7,-0.11717
0,-14.567,-40.351,23.52,-19.972,23.799,-42.92,-46.28,20.028,-17.893,2.792,-46.401,-9.13,45.963,44.973,23.889,22.226,0.48684,12.098,0.077,8.616,48.813,-0.20188,-7.924,49.593,34.818,20.94,-17.65,-9.218,40.783,-13.826,49.852,-1.911,-18.105,-26.477
1,1,-48.918,16.885,28.206,-14.286,32.039,43.036,-23.3,47.955,-7.115,-29.362,-21.07,24.91,-11.175,7.756,-16.083,-40.955,-47.538,-24.329,-16.539,-24.495,7.407,28.606,26.339,12.949,-28.656,45.521,-5.022,-27.098,-35.263,29.49,-8.967,-46.584,-0.05740
0,19.285,4.957,-45.804,-43.939,33.985,-40.559,5.148,-13.281,-18.366,9.248,6.135,9.958,34.673,-4.608,-31.625,-34.352,-5.725,40.287,-18.437,-6.765,-6.733,-19.205,1,32.536,-44.224,48.822,-39.729,6.794,-47.143,-24.314,-44.908,38.212,-33.917,0
1,1,0,1.029,-27.524,-20.033,-48.8,29.659,14.305,-32.359,-1.326,13.232,-18.863,-6.873,2.334,-42.425,-12.11,-13.37,0.409,-39.668,23.763,-5.098,-17.427,-47.442,-7.403,37.676,20.31,-21.044,-0.892,19.061,6.811,-10.417,-11.176,-4.19,30.241
0,-40.574,-14.978,-1.207,38.653,38.139,-32.974,-33.853,-13.51,5.191,-22.575,16.019,-48.058,-7.886,-1,-41.316,-37.335,47.644,-8.902,10.49,30.368,34.438,-44.728,-45.189,38.853,7.043,-44.708,-1,24.798,37.904,40.96,17.112,-41.557,-21.782,41.436
1,-13.448,14.581,-28.52,0.09091,-2.975,-38.929,31.298,39.749,-12.829,28.357,-40.255,11.288,-45.623,-28.431,-45.607,31.963,-19.05,-4.414,18.634,-11.438,-28.794,-3.225,-20.369,0.09091,-48.48,14.33,-3.129,-26.988,-28.739,24.685,44.973,36.361,-26.789,1.776
0,0.454,42.518,-36.392,35.762,-35.028,-31.213,45.144,29.615,-29.977,-10.806,-30.379,-14.562,-28.155,8.506,-18.76,-47.629,-18.79,46.481,-25.841,18.389,5.927,18.731,-33.393,-48.586,-37.6,-38.79,-1,31.287,44.925,33.456,-15.273,-1,-42.818,-27.898
1,35.065,15.284,39.141,48.623,37.4,0.048,50.148,23.161,17.76,1.047,30.018,-29.585,-48.0,0.727,-12.389,11.042,48.041,44.305,1,18.869,-15.855,-14.293,-8.608,0.02941,30.802,-37.335,49.816,-1.123,45.304,-30.445,27.918,26.471,14.199,-39.749
0,24.954,2.412,-1,-46.168,20.328,34.702,-46.683,-25.78,-17.948,-11.599,16.123,32.916,1,-1.465,-29.564,-18.286,1.661,-5.821,-11.77,27.943,0.393,0.902,4.801,1.774,-29.623,7.252,-17.772,34.443,-45.131,-36.0,-3.591,20.178,-5.589,-19.191
1,38.873,16.012,-11.528,-33.098,-10.509,33.9,-2.88,23.29,-11.247,8.559,9.415,20.027,-34.921,41.57,9.723,-28.783,14.368,-1.546,-4.272,-10.522,49.398,-17.913,-38.835,27.612,-13.399,45.796,-36.539,-41.314,-33.34,-0.21053,3.2,13.13,0.57418,33.858
0,15.019,39.182,41.522,-39.476,17.828,24.568,20.462,48.317,-3.342,19.115,46.558,-35.866,-29.568,48.85,29.434,-48.472,45.114,0,-13.493,34.38,23.133,-22.441,-47.375,11.059,27.84,-37.099,31.905,-22.203,21.572,9.781,41.162,-16.198,-30.677,0
1,-13.011,-26.144,40.6,0.45455,5.257,-47.337,0.81818,-40.199,46.693,-6.862,-1.492,26.286,-18.808,32.375,30.553,-46.74,45.624,26.161,15.854,4.268,-19.363,-39.214,-45.788,18.561,9.956,-16.389,37.925,-21.496,-22.016,24.504,10.971,-9.234,-41.095,-27.23
0,-10.55,15.792,1.887,-33.947,37.644,18.089,-33.417,-41.519,-12.67,0.033,38.641,-22.79,14.987,-7.091,-38.466,47.303,-39.624,-37.814,2.038,-40.209,-37.147,-18.809,1,-2.229,-31.202,8.349,50.276,-46.459,24.682,0,46.141,45.186,-44.252,-17.732
1,15.131,-3.136,25.004,1.589,-18.607,42.119,-1.466,13.87,17.431,16.287,9.38,-6.952,-48.792,26.239,31.196,-44.808,48.717,-4.721,-2.185,24.835,39.584,-3.301,-24.714,45.697,38.069,21.261,-32.96,20.024,34.06,3.598,3.248,16.175,0.28985,-0.01832
0,-29.123,18.164,35.282,-19.893,-19.66,-41.918,-1,19.655,-9.266,-24.558,-49.668,19.169,22.79,-6.82,23.297,-47.216,-44.372,37.628,-22.663,-15.905,33.675,-23.186,6.739,-39.911,0.29839,42.711,-35.246,-14.06,29.635,22.158,40.846,-0.128,11.648,-49.983
1,-14.875,-40.108,28.317,-18.311,45.175,-6.297,41.18,-34.381,38.7,-49.679,7.162,46.568,4.234,-37.382,-19.504,1.892,-31.069,-17.319,-41.445,-6.955,5.467,-0.28571,3.913,-6.272,-48.762,-33.463,-30.165,41.246,31.686,-6.559,-37.385,-46.409,1,3.253
0,0,-12.707,-40.155,-36.039,-28.852,-1,4.093,43.669,-3.885,18.975,28.881,-32.246,-44.121,36.725,-45.802,36.425,37.644,34.42,-21.127,-13.932,10.664,40.894,-3.745,-29.959,-45.889,-27.064,-42.799,27.067,-30.985,35.582,14.251,-28.757,-47.299,-9.453
1,37.318,1.385,6.783,-48.357,14.126,42.715,-23.962,-39.47,40.411,-30.847,-42.52,41.729,39.522,11.191,-50.411,-25.532,24.15,-31.615,13.396,1.868,-7.255,-7.325,-17.593,-17.576,-46.937,39.105,2.399,0.10484,35.952,-47.159,5.852,11.471,-48.82,0.57552
0,5.009,-31.877,-29.188,-34.878,-32.852,-34.004,-5.39,-33.486,-47.317,7.983,47.13,46.533,-30.559,-35.922,31.821,-1,-3.578,18.286,1,-29.109,-32.576,13.874,-20.175,16.274,32.32,22.352,-41.401,31.48,-10.92,28.224,-44.566,10.278,-5.088,34.811
1,25.799,-2.778,47.467,-31.812,3.833,-46.046,-47.628,36.283,35.625,35.1,-35.45,47.365,-39.588,21.279,43.982,-41.161,0.60101,0.277,4.04,-8.221,14.026,41.329,19.454,-30.208,-5.612,0.55274,50.129,24.528,20.819,-35.145,49.667,-7.313,45.882,-18.506
0,0,8.891,2.842,-17.893,33.209,-29.51,-15.108,22.913,-17.105,-24.285,48.957,-13.809,8.406,-26.495,16.086,11.633,-17.684,-41.92,-47.407,-30.064,-10.207,1,-22.223,-14.094,-15.567,-5.018,-0.912,-15.616,23.151,-47.147,20.226,-48.584,-26.48,-41.955
1,-34.342,9.958,-44.288,-21.14,26.968,-25.06,28.56,-48.53,29.28,-5.137,-34.629,48.421,-47.491,45.271,0.50830,-27.119,41.704,-17.538,-18.182,12.808,27.96,34.392,-20.2,7.024,4.884,-45.006,-8.989,-10.416,41.704,47.688,-41.114,0.64363,6.3,-6.482
0,-33.359,-47.987,-26.24,32.985,-14.281,31.941,4.148,-6.781,-39.559,7.794,-5.765,-44.908,-12.521,-34.917,32.673,17.797,-47.547,-6.733,3.775,-11.444,-19.373,38.212,23.339,-17.717,1,19.285,10.248,-7.725,1.989,-44.939,-33.625,29.712,-1,15.656
1,40.853,-14.068,0.80627,-7.771,-5.799,-4.087,-42.536,21.233,25.367,39.93,-36.887,-40.851,0.25000,42.533,0.121,-36.397,0.182,8.112,37.086,-39.689,-41.608,-32.545,-21.121,-0.576,-9.036,-11.63,-21.774,-21.049,-10.821,12.6,37.873,-5.543,-48.296,-44.278
0,0,31.698,4.067,11.831,9.842,-41.33,12.565,0.264,23.208,-17.296,22.253,-21.516,42.997,32.21,50.822,36.747,15.245,-22.424,-13.113,-1.335,38.597,3.602,29.072,22.89,1,32.587,48.315,-50.802,-44.62,45.419,-12.339,-20.421,-34.181,21.535
1,20.86,-47.758,-45.137,-35.393,47.448,43.494,-37.315,42.943,-8.632,46.187,0.353,17.353,-28.204,-16.99,-9.773,0.58820,20.323,-8.947,34.186,15.637,-2.022,-5.146,-45.546,-28.738,13.506,-36.473,42.439,-38.68,-43.794,32.879,10.198,-39.766,14.654,0.74242
0,1.058,-10.265,13.386,21.437,12.614,-20.216,0,0,34.436,-39.977,-25.37,15.544,-26.151,-27.926,33.463,-9.65,-35.74,-47.973,-5.708,18.088,47.687,18.279,3.204,-47.982,3.156,-31.949,-12.54,-37.341,-16.973,-36.326,-19.042,33.895,15.784,-28.652
1,-27.798,0,-7.354,13.722,-44.025,39.609,-11.398,-31.339,-31.416,20.816,0.57449,-14.103,22.281,18.896,47.966,-29.225,-14.219,9.625,49.453,33.374,47.413,11.902,-45.523,25.768,-9.831,34.878,-1.179,45.987,-41.487,31.97,35.029,32.731,-24.376,25.586
0,39.201,-17.525,31.578,48.63,14.176,-19.051,24.524,22.646,-27.249,0,-47.659,-6.815,40.246,-38.983,13.709,16.946,-2.856,14.896,-43.127,48.704,17.059,-10.329,0.055,-26.454,-42.2,48.469,9.116,-35.07,-49.34,40.73,1.953,1,-42.955,-31.803
1,30.026,-44.806,40.372,27.149,10.833,33.196,-17.346,-12.682,20.653,37.877,-3.263,-24.391,-48.94,18.572,-0.82960,-17.525,28.515,-0.08205,21.134,27.453,-22.508,-29.35,7.26,-48.439,49.015,-8.891,-13.174,-22.891,37.359,-47.066,36.813,-25.891,8.773,-29.716
0,-41.39,-23.907,15.592,-19.78,-21.478,7.782,9.756,1,1,28.792,39.265,29.356,45.408,-37.058,-45.106,-17.621,37.161,28.112,-28.877,25.317,5.893,41.06,-33.682,13.562,-35.842,-46.05,33.556,-13.252,-0.784,-34.051,-39.186,-36.187,30.092,-33.261
1,1,-15.438,32.082,-41.093,31.04,12.444,-5.364,-13.758,45.114,0.05252,-29.401,17.862,28.765,12.433,-16.728,-48.389,-3.956,44.827,-20.59,13.362,49.303,-41.766,-32.441,19.459,19.134,-8.291,-34.153,-24.369,-10.273,13.401,-31.988,-17.939,-3.937,-16.473
0,0,-22.999,46.274,-40.619,-39.757,19.374,-32.364,23.483,11.137,36.254,-2.136,-46.081,-3.299,0,19.168,7.803,1.193,-13.047,36.19,35.093,-6.982,37.574,-13.906,7.762,-44.721,-34.857,-10.68,43.608,-28.722,36.234,-34.218,35.879,7.255,16.126
1,46.482,-43.397,-13.317,-27.725,-14.712,48.78,35.817,46.658,-29.219,-39.731,44.33,19.594,7.673,25.781,45.197,-21.582,20.622,34.559,35.256,-1.745,39.465,-11.829,-26.342,11.134,0.93274,-32.987,-36.613,9.969,-38.418,0.00818,-3.355,-5.142,-23.746,-25.146
0,0,-14.319,18.343,18.063,-31.392,32.479,31.697,-16.179,1.695,47.549,-38.877,46.767,9.653,9.115,-43.988,-32.84,38.983,-35.918,35.159,-40.724,13.17,45.472,1,28.729,-6.774,-4.168,5.492,-3.011,7.804,-45.095,-1.994,26.494,-47.645,5.208
1,-38.82,8.522,-41.419,24.129,-12.854,32.123,7.017,-46.983,38.417,24.653,-29.555,45.849,-25.298,21.453,-40.627,21.836,16.583,-36.489,28.401,8.123,9.231,22.971,-40.669,29.701,-13.359,-40.1,-30.947,35.444,42.229,-37.322,-2.216,-27.812,0.54632,0.09346
0,1,-2.79,-36.332,-33.599,11.757,-34.053,20.218,7.378,-0.488,-28.856,0.86789,7.859,-46.157,0.473,-5.706,22.811,-37.038,48.175,32.302,-0.481,-22.316,1.869,-20.458,-29.078,-14.209,32.314,-10.651,-21.614,6.232,-42.407,-45.668,-43.946,5.845,-41.754
1,17.595,-4.077,-0.459,-41.878,-11.084,-43.781,3.55,-18.4,-21.856,22.465,23.91,4.67,50.589,-0.12581,-32.779,7.315,-21.853,22.931,-25.598,25.857,-6.617,-0.19938,-40.825,-46.645,-3.304,-17.405,17.287,-17.594,47.962,-43.595,-15.399,6.336,-20.332,42.24
0,-29.269,31.119,0.38521,45.94,5.714,-24.523,1.237,33.018,1.832,42.434,0.781,-33.782,21.367,-48.581,-5.468,-19.501,-0.03891,-45.228,15.118,24.37,16.236,48.575,-20.853,-21.932,-19.423,-4.447,31.393,46.338,-38.574,36.397,7.832,-45.461,32.968,-13.624
1,-3.26,-32.797,39.897,-28.175,-30.886,-1.931,0.61508,2.503,11.307,-29.538,38.604,22.932,18.092,-0.752,21.004,19.334,-19.836,15.74,43.767,12.538,-33.773,-19.635,-2.937,3.93,31.071,0.03968,8.031,41.821,5.473,-11.057,12.325,-11.794,-1.963,14.165
0,-5.891,45.689,15.456,-18.169,28.802,-45.057,-33.231,11.884,25.797,39.517,0.06404,-11.457,-43.076,47.841,0.05911,20.418,47.328,-20.813,-11.499,-6.767,-6.716,-48.631,36.363,44.211,10.09,-21.732,-19.274,-32.154,28.411,10.726,-10.001,38.91,-39.002,-2.975
1,-34.871,43.754,27.244,0.10850,-38.102,21.324,-33.444,-30.785,-47.102,-32.323,-15.764,25.591,0.71588,-24.78,43.421,-36.82,35.064,30.053,46.946,-41.256,-16.905,49.837,33.515,47.204,-6.976,-7.053,-14.245,-32.698,31.942,8.145,-29.536,17.955,-8.419,-41.6
0,-36.109,39.053,-5.822,39.771,24.378,0,-32.471,40.26,-7.657,24.833,-13.624,-33.707,-16.82,-27.12,-28.972,3.719,-1.455,26.796,29.311,-30.263,-49.593,0.68101,-35.055,39.749,9.021,-23.552,47.48,5.498,-3.776,17.737,0.074,-30.203,-6.614,30.805
1,50.822,1.264,7.668,-0.00857,-2.773,-29.371,26.453,-46.071,-44.559,-36.896,-13.291,-41.808,-41.442,30.072,3.975,-12.167,-10.758,28.011,-44.712,36.591,-48.922,-48.925,15.074,-13.463,-18.52,-21.619,-3.394,-2.484,32.542,-3.339,0.88424,37.561,12.483,39.306
0,24.89,-28.927,3.029,46.007,44.419,41.997,22.208,47.315,21.717,-17.786,-37.613,12.852,42.271,-35.181,-29.494,8.842,20.7,-17.967,31.802,-20.699,-0.502,-37.235,-40.543,33.587,17.889,33.289,-46.899,-6.828,-0.27917,-0.75625,-35.524,37.597,13.238,14.757
1,-30.949,42.62,11.116,-9.506,-17.122,-9.603,-46.834,19.751,15.825,11.512,18.989,-5.793,-16.042,3.193,-35.41,43.204,4.017,-10.315,32.969,-21.256,20.744,-46.233,-34.851,-10.591,0.82980,-0.14138,-1.6,-43.987,16.4,45.729,14.222,-27.05,-38.597,47.564
0,1,47.533,18.149,47.649,19.279,1.187,-40.092,32.875,-9.65,-47.973,-35.326,-30.326,12.132,-28.457,-43.889,35.508,-12.54,-12.939,21.437,0,50.406,-48.022,-24.37,34.034,13.568,33.436,26.055,44.401,-27.151,15.784,32.469,33.581,33.519,25.139
1,1,-47.659,40.012,-0.754,-37.132,21.644,40.101,-28.791,-13.934,-6.858,0.87571,-32.122,-13.554,48.637,49.333,-49.338,3.782,-43.01,8.926,-45.456,-40.251,-8.361,14.019,20.197,-23.044,21.78,17.875,-31.793,-26.628,32.219,-8.724,8.807,-26.427,40.578
0,37.976,29.305,48.63,-17.525,23.524,41.246,-13.478,31.578,0,-17.794,13.709,8.351,-18.638,-30.803,21.72,17.497,-42.2,-22.042,-1.856,21.761,-20.051,-2.867,-36.07,-22.408,-28.794,-43.127,16.896,37.342,-48.294,-0.945,-25.195,-13.561,-10.329,0
1,-35.842,-47.796,-29.343,-8.262,26.749,10.078,-32.544,48.877,-25.296,27.208,15.008,36.987,29.585,28.236,-35.541,27.727,38.793,7.365,-18.226,-0.01039,-46.282,17.973,33.047,-37.198,-44.214,6.782,-1.252,-14.284,27.199,39.518,0.54545,44.354,33.092,36.076
0,8.756,0,42.06,-34.682,-40.186,27.792,-46.106,-17.416,12.342,-13.911,-22.478,29.092,44.558,-48.719,14.592,12.143,-45.05,-18.621,-41.39,19.01,-40.71,-6.152,-42.191,-30.401,-34.261,-4.243,-31.339,11.401,30.239,4.893,48.729,-23.907,-29.877,0
1,29.045,35.093,37.234,-32.472,-10.68,19.418,1.443,14.39,-34.05,-6.07,17.517,-9.594,42.267,-33.987,7.324,31.725,-40.193,-12.88,-0.36676,-16.964,-35.121,-21.323,-4.614,11.007,-8.944,-24.978,7.234,-15.541,44.664,-18.507,23.505,16.085,18.211,-0.02017
0,1,19.679,37.574,36.254,25.734,-13.906,-38.747,39.487,-3.136,-45.721,-22.999,36.19,36.879,34.717,6.701,-5.212,44.211,-46.081,-41.619,-31.364,-26.734,-27.722,8.803,-44.397,0,48.782,47.274,-16.685,-3.299,-27.306,-37.566,34.27,20.374,-3.334
1,11.115,-24.746,47.525,8.185,45.113,20.251,-43.675,0.86625,-40.763,-24.236,-22.022,18.137,16.358,33.213,42.579,-29.95,-15.074,-12.004,1.021,-2.119,33.096,33.859,14.04,-33.776,6.363,3.828,35.544,-39.908,11.589,9.626,-29.83,45.422,48.064,0.16645
0,-1.011,38.983,8.522,-0.994,-27.903,-29.901,0,-14.2,21.902,-14.179,41.847,29.627,11.653,8.959,-31.666,-38.997,-6.774,-32.84,-46.095,-14.568,-35.918,-41.924,-3.168,26.767,-46.645,27.494,-35.546,-40.054,27.729,21.409,46.767,-14.319,0,32.108
1,25.298,0,8.216,-32.857,23.27,33.629,37.933,-40.354,-46.909,-38.894,15.288,-20.348,5.442,-40.971,-16.133,-1.303,0.85,-26.435,7.7,21.052,-21.939,44.971,5.785,-3.556,-46.298,-37.948,36.082,-37.263,25.365,7.217,-22.384,-46.616,0.34749,-28.387
1,-36.973,47.173,6.936,-0.643,48.578,-7.386,-16.125,0.74003,5.022,24.378,16.263,-34.406,-0.323,11.096,-18.081,-6.52,-44.012,-42.137,-47.168,31.149,16.481,-4.933,-41.799,-17.577,22.683,-29.915,-2.453,-4.12,0.27657,-11.658,-42.794,19.533,23.034,8.355
1,-32.779,-38.427,5.932,1.99,0.54040,32.239,42.934,-11.19,-43.817,26.752,-1.923,31.715,-42.667,16.206,45.231,49.347,-18.14,-34.653,-22.849,-5.609,2.674,-27.311,-5.046,-20.123,15.859,23.844,1.417,1.059,-21.68,-19.239,-20.957,-44.898,-43.656,0.79444
1,20.322,42.301,0.62335,37.952,21.713,-30.264,49.082,-19.682,-2.896,-13.903,-33.626,30.496,-48.281,-1.805,-23.968,36.165,33.451,20.469,-21.56,0,-32.207,-45.671,46.285,-20.899,11.427,15.855,-3.655,-10.902,5.815,33.203,8.543,14.188,-31.024,3.801
1,1,0,23.577,15.368,-44.408,-48.613,21.141,42.003,-19.752,2.592,11.634,10.45,12.274,-2.582,-11.073,47.526,0.272,-20.723,-6.174,-29.52,26.487,-21.852,-27.623,42.914,-9.315,7.26,-38.459,4.927,-11.148,17.587,-6.001,48.014,13.125,39.538
1,-5.891,-24.778,0.61538,-36.696,-31.9,0.01780,-32.54,47.113,-2.216,11.806,50.626,45.769,-10.631,-47.794,-6.965,39.387,-42.513,34.138,-31.709,44.345,-15.812,-17.454,29.109,30.299,21.995,-32.177,39.444,-8.984,-17.466,-19.298,29.38,36.386,31.815,-30.232
1,1.01,-6.075,25.516,32.959,27.644,-34.145,18.85,42.627,-40.71,0.09901,-38.051,3.76,-31.356,8.103,27.432,25.44,-40.36,-29.097,9.904,-14.979,-30.038,47.433,-35.124,46.269,-36.312,17.695,-6.25,43.765,-23.286,39.529,41.927,-7.645,-28.559,0.01227
1,-11.03,-45.451,-6.114,-1.455,-29.876,0.10435,39.965,30.87,-26.651,6.748,0.35652,-29.473,-36.312,39.46,-45.549,-4.25,36.971,-3.475,-34.433,-41.551,-48.357,39.027,-2.889,-11.742,6.972,-3.785,30.478,29.38,25.899,-13.661,-33.281,-49.452,-16.372,24.552
1,-48.802,-45.62,3.865,-20.422,32.48,37.953,-18.705,44.7,1.957,33.999,21.912,24.391,0.57898,50.43,22.7,-20.84,47.649,-1.656,31.506,0.63548,-14.017,-17.615,12.852,12.287,20.448,42.629,2.483,14.852,27.89,-12.779,37.342,-34.664,-42.604,9.267
1,1,-37.235,-16.513,-29.396,43.271,42.871,-46.774,-2.134,-45.308,13.768,44.043,-34.921,20.43,-8.897,-39.989,-38.724,15.227,-5.006,0.21137,32.872,-43.772,20.559,16.884,47.306,-29.079,34.453,9.999,-9.78,-0.82,-8.913,14.354,-45.354,45.431,-37.757
1,-35.326,-27.151,-26.032,-5.574,-31.079,-35.425,-40.188,1.492,12.248,-17.442,33.976,48.397,-9.868,16.306,3.446,22.233,-16.881,-47.186,32.804,3.919,15.582,34.133,-25.673,-47.347,17.874,13.891,-36.803,-13.132,-21.719,18.361,-29.18,-9.458,-0.48808,0.05972
1,26.055,47.649,-8.592,-29.727,36.47,-23.482,-13.559,-0.291,-44.152,22.487,25.827,-30.968,-28.311,32.305,9.161,19.056,-11.944,12.067,49.399,14.499,34.032,0.89383,19.917,40.136,44.936,33.088,32.027,-44.674,46.854,-31.596,-41.773,0.42488,-15.542,-8.016
1,-35.07,-49.34,-9.411,-6.633,-26.388,23.879,-1.127,-31.346,13.78,14.408,39.704,16.645,-47.298,-37.165,40.886,49.466,17.063,0.85210,48.54,-42.177,-20.411,49.231,-27.885,17.599,-0.53140,41.785,-1.548,3.363,-42.845,-17.251,-43.784,31.715,21.005,8.17
1,-12.561,48.919,37.742,36.554,29.666,8.732,32.986,-29.316,-44.656,7.648,20.857,-2.272,27.686,-21.962,-22.042,29.791,9.899,-47.376,-47.329,18.375,39.118,37.116,-8.686,-25.119,-13.863,-17.67,-26.136,-28.919,-48.57,-17.991,-0.19962,21.515,26.649,-0.27218
1,27.317,-23.907,-45.517,27.182,-13.397,-35.505,36.973,32.629,-34.116,42.222,-32.723,0.24172,-1.28,-22.356,15.201,-29.679,0.71854,5.32,-36.644,-34.122,-36.189,28.634,-17.933,38.338,-18.261,44.675,29.582,9.033,-40.928,27.398,15.027,7.075,-39.778,-44.75
1,32.346,-16.971,-31.339,44.672,12.843,-17.537,-14.622,44.751,0.71157,-30.39,-34.033,12.323,-32.281,28.17,-8.28,18.228,-24.319,-6.186,18.344,30.408,13.068,-13.838,-10.077,-18.378,19.543,-3.869,-20.742,48.909,-42.039,-4.128,-48.277,-40.521,0.56167,13.542
1,-2.299,-13.906,-31.516,0.06794,-6.176,7.78,-43.951,1.16,-22.332,35.813,-11.084,23.406,43.281,-46.139,36.832,-39.821,36.646,-34.811,19.88,7.776,-1.576,36.153,35.627,-28.807,46.744,37.345,0.48659,-34.309,7.781,16.041,-40.176,-13.143,19.797,11.039
1,49.782,-5.212,35.488,19.639,45.179,34.823,-26.339,25.727,-38.867,-0.03923,39.487,11.077,-38.431,-15.7,44.349,9.908,0.98497,-24.736,-29.266,-11.967,7.652,-33.092,35.217,-14.289,-0.756,-4.314,20.617,-43.427,-26.734,-21.659,-36.638,46.62,46.404,-25.18
1,-44.095,-46.645,33.177,47.425,33.907,17.219,-43.287,16.672,28.461,46.839,-14.916,-33.056,2.19,-0.834,0.45361,14.051,-3.745,39.045,8.304,-14.592,28.041,10.3,-6.352,10.735,-35.212,-30.196,-40.19,44.347,-1.856,5.945,4.966,-38.835,35.613,-0.51546
1,25.298,-27.903,9.157,6.263,32.873,-36.516,30.242,22.145,-40.646,-29.906,46.436,0.08314,-1.986,-41.742,-12.843,-41.374,-46.41,-25.849,-39.184,42.066,28.399,8.332,38.446,24.793,23.549,-31.315,8.857,-14.023,16.529,35.437,0.66316,-40.082,22.1,-37.022
1,-1.79,-22.965,7.622,-28.999,-5.854,-1.236,11.426,0.01573,-36.43,-33.267,2.291,-0.673,-43.164,-42.041,-20.395,-34.59,0.57303,22.699,5.927,-38.047,-42.377,19.542,32.17,-21.872,-29.387,48.475,6.087,-15.201,7.811,-46.893,33.398,0.396,-46.061,-11.625
1,1,8.151,-16.634,-12.09,-41.159,47.131,-25.789,23.403,-16.36,16.447,7.28,-16.177,43.458,5.257,23.514,-4.02,-42.941,49.544,-17.073,2.45,-20.685,-33.63,0.39159,-1.006,-3.552,-22.401,-46.414,25.917,-22.342,-41.868,-7.107,-43.723,22.708,16.544
1,22.122,46.075,2.28,31.556,16.757,-20.896,8.577,0.08148,-45.163,48.473,-18.608,-38.308,1.184,5.351,-4.933,36.345,0.78272,-30.444,-48.213,-24.706,-19.244,-22.221,1.582,-45.517,24.788,-4.86,33.796,-13.937,-33.269,32.799,15.68,31.047,42.815,45.737
1,-2.528,22.832,18.107,-20.571,-10.251,-34.21,38.516,-4.304,39.826,7.456,-18.902,41.756,-2.008,12.501,31.103,2.593,5.497,20.496,14.767,19.298,-29.039,-32.79,0.71525,-0.03390,-1.348,-31.672,-0.156,11.644,4.478,10.764,-27.553,-11.808,16.215,43.232
1,1,-43.199,-10.875,10.108,-38.78,25.87,-19.205,-32.104,44.754,-18.041,-10.874,-21.87,28.805,47.988,-44.592,20.423,0.47087,28.739,39.762,-6.886,-9.696,-6.726,45.879,36.551,47.619,15.242,39.221,11.947,11.213,-48.471,-6.298,-2.867,-20.41,-33.334
1,-34.871,18.006,22.382,42.646,-46.914,26.966,-6.119,-31.973,32.056,-33.658,-15.739,-14.425,-8.521,-40.564,34.659,-38.146,44.072,-36.181,33.189,50.539,0.07515,-6.951,47.15,-29.612,-24.943,-31.984,30.053,0.60510,-30.964,46.818,-17.877,25.875,7.762,-41.179
1,1,-6.614,40.032,-30.105,10.026,-34.503,-12.88,24.864,-48.883,-26.472,31.393,-5.338,-1.052,30.143,-3.525,-36.261,26.843,-28.348,-32.296,7.296,3.457,42.068,-29.351,18.454,-0.5,-33.05,-0.57587,25.294,-8.276,39.721,-17.477,47.608,-24.55,39.441
1,-20.424,-45.62,-45.056,36.831,-40.779,-48.309,38.516,12.189,1.797,-10.848,-49.434,-13.231,-45.35,26.345,-19.489,-2.318,6.504,28.793,-12.467,50.438,38.916,-3.795,29.41,-36.413,13.599,3.226,-14.006,-2.312,-0.64872,31.564,-0.54615,-29.576,-4.143,-42.681
1,14.238,2.602,32.154,-5.628,9.803,15.165,17.706,21.101,-34.957,38.305,-0.084,-28.095,42.421,24.785,-45.848,22.189,33.449,-37.363,46.079,-17.54,41.495,-34.555,-18.168,34.091,12.143,22.517,-0.77097,-40.386,-37.989,44.375,-21.268,-29.673,46.646,-0.34367
1,1,43.294,-8.676,3.484,-9.667,-9.737,10.81,-35.008,-47.409,-38.66,13.494,32.979,-46.312,-42.976,-36.738,15.755,-27.514,20.366,-3.227,-31.545,41.808,-17.853,14.731,19.817,-17.725,-21.485,-6.341,-9.986,11.15,17.474,45.596,2.448,47.597,-0.71273
1,-43.889,-40.977,-24.472,32.964,-47.299,14.19,34.66,-35.382,-29.938,32.274,45.173,33.648,-0.25137,11.62,24.481,1.342,32.768,21.543,48.933,-27.213,-12.934,18.219,47.201,-48.458,18.02,-14.076,47.721,-10.169,35.804,15.35,-28.286,33.163,25.663,0.13297
1,49.469,-0.791,-31.831,-45.238,17.292,32.496,-8.239,0.34336,-9.418,39.574,13.239,0.21303,8.069,-42.828,-31.77,20.326,21.582,21.89,-27.303,-41.005,-14.452,-49.343,48.675,-28.81,39.183,2.938,-27.463,-23.828,-47.662,-6.828,-37.982,-14.739,40.732,8.85
1,1,-0.945,37.56,-13.916,-35.07,-22.054,14.463,20.714,-1.031,-42.006,-31.301,31.302,-2.208,-17.461,41.943,-13.331,24.248,-43.554,49.391,29.35,16.565,21.966,-47.446,16.536,9.0,-20.098,-17.069,-0.10571,-28.266,-10.462,36.499,-22.164,-24.747,-17.897
1,49.919,-37.187,36.997,37.059,27.834,0.06059,-29.183,10.257,-25.558,26.447,27.206,28.559,-18.286,-47.669,29.474,-46.633,-32.757,14.591,32.984,18.165,-35.73,27.909,7.077,-44.66,38.53,-1.638,-36.605,-14.108,7.689,39.645,44.596,0.13632,-8.114,32.688
1,1,-17.416,-44.109,-34.142,-29.02,27.802,5.744,44.573,-17.852,30.236,-39.865,12.51,-45.273,-22.448,49.556,-48.684,15.34,42.08,-40.59,-34.658,-29.593,-42.142,0.80259,-6.098,29.866,12.165,19.801,-13.848,9.616,12.434,-31.56,-4.172,-23.135,-40.111
1,-38.757,42.608,18.521,-34.552,28.845,13.573,2.183,-12.754,-17.542,-8.95,-14.552,11.117,8.16,15.859,-23.956,35.292,-16.085,-7.028,37.078,-34.867,19.167,-0.34024,-9.609,7.511,-3.586,23.391,45.514,-0.02908,-20.445,19.127,32.106,-11.462,-32.089,-34.126
1,1,7.803,36.939,-2.11,45.201,-5.114,20.438,-32.236,-2.556,-43.489,-36.607,34.853,-14.706,-23.004,-45.12,35.981,20.289,-40.581,-26.596,-39.72,-13.093,-28.803,1,6.701,38.291,36.242,47.097,-44.695,39.211,-27.744,-3.43,34.381,26.463,48.81
1,2.695,34.488,-1.264,44.667,35.221,32.514,10.548,-14.253,48.005,46.61,10.68,33.497,0.44675,-24.868,5.208,-33.107,-40.168,11.187,-38.978,0.11538,20.087,-30.149,45.994,14.064,17.822,-24.77,17.528,-21.568,-29.856,8.056,43.709,-12.024,-43.642,6.205
1,33.108,-29.901,47.366,-36.399,-13.62,-32.979,11.504,-0.13936,-3.358,22.927,-39.776,-41.895,-35.244,41.802,28.575,-45.232,-1.497,27.484,-12.753,27.351,-30.844,-0.998,-13.866,-6.712,9.147,-15.511,22.024,8.353,-27.375,-38.897,39.522,-46.957,0.67420,29.407
1,1,-25.988,16.76,8.135,-1.916,-21.145,-40.488,-39.82,25.035,45.717,22.505,-37.155,38.486,-46.974,2.398,6.12,8.116,-15.422,6.141,-29.065,36.152,-47.163,-0.355,-41.334,23.524,-46.929,-21.095,24.407,-22.303,-37.612,33.578,-0.37792,-32.634,6.873
1,17.595,48.426,-3.123,-6.547,-46.031,-37.9,-41.146,0.04076,-16.577,-4.098,-2.018,-17.197,-42.122,31.489,23.592,0.285,-33.719,-42.035,23.238,0.03261,17.23,-7.659,6.252,-44.161,20.251,23.267,-10.707,-0.77,7.466,10.805,47.958,-16.383,-29.062,8.145
1,2.599,25.917,46.822,42.678,0.53755,-45.428,-37.699,15.162,16.683,-0.11067,-21.678,-42.035,1.852,-17.734,31.856,-22.614,-18.768,-1.226,5.734,31.334,-42.692,-21.585,-33.37,23.835,-25.748,-12.188,1.205,-43.736,3.151,-19.94,-33.404,49.658,-4.121,-5.571
1,-18.607,-34.251,20.845,-20.818,0.58980,10.774,16.268,0.06874,-32.318,-3.668,-3.73,-31.625,-10.284,-2.039,-45.094,7.892,21.667,32.641,33.688,37.941,-24.118,19.127,48.986,14.062,36.663,-49.153,-29.729,-14.027,42.9,5.273,4.429,45.667,31.134,-22.275
1,-19.784,-29.572,16.273,5.131,43.885,48.368,-19.929,21.055,39.709,18.406,10.918,42.795,-45.317,10.903,-10.403,23.607,-12.432,26.434,-49.434,0.45535,-22.713,-2.397,46.469,7.337,-28.927,2.252,-7.46,-1.184,-0.54732,11.028,-11.762,-7.227,-39.269,11.766
1,50.851,-32.104,-29.394,47.38,-17.217,0.55756,-18.955,22.11,-32.419,-15.548,45.736,-31.358,38.624,-5.94,-25.337,-2.056,-0.73329,-42.575,35.384,-11.009,-37.808,-33.255,-18.466,11.71,28.014,-9.541,38.678,27.775,-8.101,30.451,-47.981,43.242,34.327,29.27
1,1,-38.809,25.716,39.719,-23.176,-31.596,42.965,-28.387,-7.6,-13.944,-41.258,44.675,17.382,-30.082,-34.845,-5.75,-7.772,18.149,31.905,41.253,-42.343,-0.41085,25.856,8.67,-37.681,26.12,45.943,46.606,8.067,24.565,0.264,2.897,-35.869,-30.02
1,-11.03,-48.779,-12.865,-3.987,0.69256,-34.378,39.904,-0.771,24.598,-2.803,29.23,26.362,-27.476,7.275,-29.874,-36.184,-12.333,36.927,-17.578,-3.171,6.075,-45.604,-4.359,-42.09,-49.972,29.531,30.635,-34.242,39.137,-7.229,39.726,-30.748,0.40591,-46.407
1,42.997,0,32.139,37.929,38.508,45.042,50.315,-34.338,1.48,29.024,-21.564,-19.554,33.114,-17.46,-14.047,22.863,23.015,-19.053,30.78,-42.274,20.354,20.273,-0.73969,46.774,-50.309,2.32,8.619,13.384,-2.257,10.693,13.192,-14.894,3.196,-46.222
1,43.62,-5.828,34.531,-28.613,47.163,-9.895,-45.55,0.204,42.444,46.649,-17.703,-34.725,-39.882,-45.446,9.544,15.235,31.327,43.488,14.211,-29.543,-10.237,-40.824,-37.727,-0.53463,-0.26577,-48.418,-2.479,16.204,-9.295,19.216,-43.438,19.225,13.885,-38.503
1,22.437,-36.326,4.188,1.031,-15.992,-48.023,48.687,-32.025,-46.986,-18.027,19.232,13.36,-39.992,-21.291,34.457,-35.811,16.518,-27.246,-8.677,-0.12224,0.99294,-10.317,19.041,11.525,-25.952,-28.736,33.862,-5.837,34.37,3.007,-35.37,15.627,-12.572,-25.558
1,1,13.568,-8.598,-14.425,-31.18,32.622,9.807,31.454,26.193,47.523,35.167,-31.744,0.181,-29.919,46.372,11.093,40.266,18.109,26.007,-28.846,48.591,35.539,-40.091,-8.321,-44.417,21.804,-43.962,49.348,21.151,-14.805,-22.894,-12.196,33.244,-0.07420
1,1,17.059,-46.689,31.435,-9.415,16.943,-16.559,-20.222,49.69,40.912,-42.209,-27.452,3.889,-49.425,16.809,-37.986,-26.381,48.382,0.025,-2.068,22.646,-6.713,-30.883,-36.123,-41.275,-42.887,49.57,41.153,14.68,-0.20091,8.97,23.437,14.142,38.981
1,-45.768,-8.28,22.287,48.885,29.976,-47.711,-21.882,-13.648,-21.737,20.703,29.813,27.627,-47.65,-44.518,-2.037,35.987,8.894,10.191,33.061,-13.527,-17.2,-25.492,37.84,7.476,0.40678,39.636,-28.121,36.924,-24.534,-0.03390,18.838,26.615,-16.875,-29.943
1,-21.478,29.092,-23.574,27.542,-36.743,27.334,-41.001,5.059,38.682,6.921,-34.182,14.45,-18.072,-18.864,36.745,-29.544,33.112,0.02778,14.842,28.161,-13.779,-34.316,26.845,-0.02778,44.797,-40.103,-36.426,-46.249,8.951,-45.189,-1.414,-33.199,-35.975,41.56
1,-9.398,44.654,13.902,-20.233,13.342,-3.705,-3.741,-29.593,-17.98,28.509,-40.379,13.401,-24.638,-7.866,44.384,-15.971,-34.926,-47.732,-6.766,31.239,-32.866,0.71699,11.258,0.47894,18.01,18.54,-16.438,48.825,-18.416,31.179,-14.911,-42.613,-33.891,16.994
1,1,11.137,43.364,36.686,2.029,35.636,0.54916,-22.279,-11.328,-6.274,37.708,-27.775,46.176,-1.198,35.503,-45.259,7.234,8.514,18.691,-34.177,-4.001,-40.369,22.692,-13.876,-40.747,6.964,18.464,35.926,-34.851,-32.556,35.892,15.522,-44.917,-13.677
1,7.701,-33.068,-42.559,49.211,34.991,-24.56,-27.277,-36.784,-14.098,0.82732,-21.731,35.357,34.366,0.78497,-39.987,-24.225,24.95,-15.42,-5.174,46.694,19.059,-12.192,-30.651,43.722,45.109,10.385,9.875,37.86,-5.065,-2.197,-39.376,42.998,-26.823,19.316
1,11.115,44.472,15.107,-14.828,35.911,-35.262,17.519,-39.838,-32.687,-29.434,46.549,-44.132,-0.56535,0.83397,5.42,34.06,3.561,39.243,-2.948,-14.383,-44.858,16.934,27.078,9.978,32.329,26.645,-46.69,-1.906,-3.895,46.691,2.244,-7.47,-38.128,7.363
1,-35.546,35.361,9.094,46.163,-29.182,-46.321,8.879,-36.448,-0.11108,-2.015,-41.624,25.223,-26.654,-40.512,-41.202,22.208,40.904,27.862,36.736,21.441,-28.567,-14.862,8.062,15.131,-0.13486,-42.804,6.504,22.051,-31.057,-14.271,30.326,-40.28,25.4,31.976
1,0.332,-1.249,-20.06,0.16195,-33.599,7.279,11.838,-37.959,6.521,-15.333,-40.994,-0.01511,23.674,-37.036,33.852,-21.9,49.426,5.208,-45.668,-46.798,20.4,-33.393,-1.79,7.094,-41.945,-30.082,-42.881,1.555,-27.963,31.678,-21.965,0.149,-5.466,-11.618
1,-21.346,22.404,-6.643,25.915,0.86421,-4.133,-40.85,-33.784,-3.248,-17.86,43.735,49.693,-16.14,23.312,-16.55,-41.851,7.566,-43.64,-11.243,-15.657,48.173,4.935,0.87492,8.066,17.453,-1.239,-20.491,16.348,3.374,-22.674,-42.809,-26.44,-46.077,22.892
1,16.987,5.302,31.913,0.29492,-13.272,24.645,1.0,-44.916,-48.809,-23.762,14.899,33.946,32.347,46.798,-19.97,-5.143,7.171,21.289,-0.69977,0.874,-21.508,45.549,-30.675,-46.155,-38.601,-20.256,-34.019,1.112,31.643,48.097,-21.921,36.017,-4.386,42.221
1,-19.544,10.768,-33.37,-31.285,16.398,-18.956,-1.529,42.631,3.95,18.409,39.023,21.242,6.792,20.018,-28.914,0.39309,21.974,0.08408,37.171,12.281,-12.426,11.136,13.8,4.173,-2.699,-30.327,-3.358,29.856,-32.39,42.587,-0.162,2.148,-3.632,-11.056
1,1,-6.891,-31.209,-6.392,16.054,-44.398,11.115,-32.407,25.764,-9.101,9.554,46.536,-12.147,-21.309,-49.574,44.433,-12.38,36.141,-0.76064,-18.5,11.399,38.568,38.707,-3.752,29.062,-39.933,20.951,-20.241,48.057,47.533,-42.367,-6.63,29.239,-20.504
1,-15.474,-7.688,35.227,-17.771,27.625,-15.146,-8.198,-38.91,-33.261,31.321,43.624,0.11392,-46.921,-35.807,50.699,-41.591,33.538,-31.169,8.97,43.741,-23.841,-32.262,19.006,-30.072,26.054,-37.265,31.065,46.204,48.087,-32.745,-6.426,0.02532,22.229,-41.191
1,-5.614,-34.855,-29.515,29.319,-12.867,39.07,-36.282,39.436,42.126,24.395,-5.47,30.864,-28.181,-32.127,4.493,-3.722,0.64706,47.618,18.577,39.455,-48.887,24.905,-26.432,0.086,-6.993,6.582,-23.271,-33.55,27.409,-16.803,9.706,-29.116,-0.902,0.08891
1,-44.451,-49.802,30.911,-3.193,-20.502,3.082,-3.356,31.72,-12.411,-3.591,40.35,-19.307,0.91161,-41.655,28.979,-2.285,-11.157,0.02842,-47.82,-36.768,38.638,6.858,12.449,1.341,-13.276,49.93,-10.76,-45.964,15.121,25.6,-41.478,36.716,-28.504,-45.513
1,15.757,0,1,-28.939,47.507,-35.184,17.901,33.571,-4.828,-18.312,-37.202,12.803,22.253,8.82,-34.525,42.24,3.597,-37.268,14.231,31.176,-19.516,-0.541,-28.494,41.947,38.597,44.37,-39.544,33.642,48.309,22.145,-44.909,23.825,-16.524,20.468
1,-25.926,-35.74,-8.627,3.172,12.489,42.676,-35.446,-43.856,0.92871,-47.73,44.206,-10.482,-20.275,-0.01584,46.778,18.122,-4.772,-10.265,14.329,-31.935,4.061,19.745,-45.225,14.915,-8.723,-18.018,-38.575,15.56,48.568,-2.462,20.734,32.116,11.095,-16.949
1,35.221,15.784,-8.749,32.63,26.055,1.041,36.462,18.156,48.381,18.336,-28.902,31.504,50.385,13.579,-12.565,21.473,1,-41.009,-43.991,33.404,-11.262,32.973,-46.982,-27.059,34.364,-36.28,26.178,0.03247,-27.705,-25.345,46.401,11.143,-47.037,47.67
1,-13.73,48.704,-26.855,-32.364,-47.033,48.482,-28.344,8.948,-7.641,-0.7,-6.603,-9.751,-42.38,-31.555,-40.626,13.176,-37.422,-45.292,22.364,20.278,3.741,40.911,21.949,-27.606,-23.328,17.118,-13.946,32.385,-49.007,39.281,8.535,0.06410,39.594,0.24242
1,-27.794,-22.042,17.812,-47.935,-16.917,-41.533,-0.573,-9.498,8.438,0.85893,-17.766,16.757,-13.996,14.385,-2.543,22.177,-20.821,36.441,-25.889,23.388,-18.289,-22.83,48.305,40.669,-43.156,30.979,37.129,-3.399,-31.48,28.934,-13.099,-36.267,0.40956,20.738
1,30.026,32.502,-28.946,49.298,29.029,-7.586,10.533,0.88696,-36.1,0.93345,-26.186,40.328,-47.441,36.782,13.735,38.569,17.146,44.355,26.376,-37.53,-45.324,-48.42,32.322,-19.518,-14.182,6.686,-36.506,-2.407,27.292,36.506,7.394,27.589,26.918,-32.964
1,-47.719,-6.152,49.635,-40.299,29.746,9.504,14.891,5.852,-24.041,-3.265,29.717,28.624,-42.186,-18.07,-0.96631,-32.187,-30.807,-30.657,18.291,11.748,-34.676,43.706,-22.501,41.122,12.506,-43.045,-45.431,-14.53,0.85977,12.12,-44.163,-17.318,-33.927,-39.723
1,19.189,35.093,43.608,37.234,45.021,-16.91,-12.917,8.689,-0.27586,12.073,-21.548,-32.595,-35.09,-24.481,-7.91,17.561,30.957,-4.795,18.702,-40.582,-10.452,6.319,-11.424,13.186,-8.128,27.586,0.85471,1.125,17.126,-17.437,23.87,-15.436,-34.417,-34.059
1,35.27,-15.685,-31.364,0.51515,-27.279,-4.0,35.94,-28.358,-45.042,-2.569,34.373,-22.515,37.911,-39.747,25.159,37.452,-27.639,-0.48485,-37.656,-46.93,-40.134,43.635,-4.637,-43.821,20.679,-14.299,7.431,46.397,20.344,36.83,-1.893,36.553,7.894,49.116
1,-0.738,-21.601,34.36,9.925,-29.444,10.087,-39.788,-33.081,-23.844,47.567,35.39,43.408,33.636,7.813,0.95732,35.162,15.17,-39.365,12.005,-44.0,-13.355,-11.855,20.474,46.71,7.205,4.541,46.378,17.086,-29.269,0.00915,18.343,44.527,-24.168,1.683
1,-3.168,21.409,-30.72,-14.237,39.774,-29.983,-41.019,46.749,9.451,29.638,-32.038,0.08865,28.713,8.579,-45.701,10.653,33.041,-6.572,-14.229,27.722,-39.366,-35.911,-13.395,-0.923,42.758,-38.717,28.39,-36.464,-27.126,0.06738,-44.169,-1.83,23.828,-13.568
1,-27.963,6.307,-14.465,21.892,-25.101,35.37,-46.12,-37.374,16.785,24.626,8.9,0.10638,8.211,-2.751,-40.435,-21.803,-45.711,0.07801,-40.349,1.666,-22.109,22.722,-36.17,45.845,7.993,-46.744,33.686,-33.232,38.481,-39.855,-20.243,24.366,-0.442,5.593
1,7.607,-17.14,17.471,-7.562,-40.926,-43.877,23.296,23.46,32.458,-4.077,17.316,-37.899,-5.595,-17.339,-28.989,8.162,-1.952,-43.007,-33.742,0.316,-3.159,5.295,49.261,-0.651,-41.199,19.357,11.659,0.02033,47.993,0.08696,-10.736,-16.251,23.713,-46.841
1,-18.398,-19.73,2.574,-4.724,1.958,-33.76,-42.616,-1.203,-25.427,0.603,0.95737,31.476,32.09,24.157,16.987,5.135,16.046,-41.779,-20.347,-43.428,-21.684,0.04796,-37.482,-33.979,50.573,42.846,-4.582,-17.478,26.865,-12.002,-44.607,2.612,47.064,-22.246
1,34.158,-10.923,-47.951,21.133,46.784,20.389,-21.231,7.948,-0.883,-24.611,6.296,32.774,-31.813,48.501,16.714,42.31,31.547,3.9,20.301,-30.252,-33.271,0.00663,11.749,38.008,-18.636,36.242,15.178,-13.896,-2.549,0.01547,-44.787,-20.91,-3.273,-31.61
1,-27.143,25.812,-19.544,17.487,40.321,-39.06,-28.572,10.817,-9.045,47.371,0.249,43.209,-19.824,10.04,8.418,-6.72,-47.657,11.67,1,-6.524,-20.897,-45.022,42.791,12.595,3.515,0.10067,5.856,-11.369,16.383,20.503,48.94,-2.487,-10.781,22.933
1,-31.104,-18.016,35.112,-6.524,-36.214,-18.881,47.483,37.158,21.418,-42.267,-17.882,-2.029,-30.928,-15.886,30.522,0.38778,44.857,49.844,-33.019,-8.018,-9.597,27.931,43.908,28.165,39.338,11.211,-24.518,29.611,-10.925,-33.749,-47.303,-0.21542,39.419,-32.653
1,1,-34.148,-36.207,-30.384,4.36,-23.151,27.1,10.076,43.549,48.39,-42.108,-6.845,-39.627,8.606,17.036,-32.071,31.99,39.099,45.558,-36.525,-29.527,24.543,17.796,-7.9,-5.63,-41.987,43.365,-15.496,42.154,-29.16,0.87893,26.829,25.539,0.559
1,40.474,-13.7,-45.725,-34.745,-36.608,0.29308,-4.136,25.123,30.554,26.432,-0.16503,-29.08,-2.092,-2.962,-34.61,6.495,29.828,6.588,-42.004,-30.752,-16.964,38.512,-11.536,-27.41,-3.388,-3.962,-45.055,38.938,-48.469,29.367,-49.386,-11.825,36.748,-6.35
1,38.597,-49.802,47.974,0.43617,-41.883,14.993,-14.06,45.27,31.378,38.568,0.581,0.52408,2.225,-20.445,-3.163,20.248,-18.766,41.28,33.539,1.742,13.064,27.309,-18.854,-46.141,21.996,23.703,9.589,22.445,-12.887,31.801,11.771,50.589,-21.609,-34.437
1,-8.522,43.294,20.055,-43.812,-40.501,-35.272,19.632,0.48866,-39.648,-46.295,-37.655,33.758,-17.968,-29.402,14.769,41.966,14.654,16.504,-10.285,-2.64,46.847,-0.622,10.514,-46.06,-5.612,13.485,-9.577,0.31092,32.036,-37.939,-47.926,46.028,-29.229,42.284
1,32.817,-34.067,12.781,-27.14,38.701,45.093,-35.351,-4.445,40.197,-17.999,8.463,36.212,-31.617,-18.011,-38.857,0.02338,-9.326,13.444,10.517,16.147,-21.716,0.015,-9.749,-41.375,-17.03,-17.348,0.96709,25.674,36.024,28.168,-40.332,-42.422,-35.342,-34.446
1,34.359,-35.187,18.925,-27.751,14.207,-34.515,21.028,-28.031,2.293,33.056,0.72832,28.643,23.678,-10.424,-27.921,-5.346,-22.068,-42.853,-17.828,8.771,-41.397,-28.55,8.856,-49.808,-31.993,-37.002,-42.127,26.094,45.182,-0.07630,15.271,24.903,-36.108,38.15
1,-34.536,-18.022,1.171,46.032,11.981,-34.334,34.634,23.067,35.556,2.764,49.589,-37.306,44.712,42.693,22.346,-41.548,-29.295,-0.26409,0.58213,-39.106,-44.042,-18.927,-2.125,-8.435,0.584,43.432,-43.092,3.115,-7.624,-33.042,5.036,-6.271,-23.745,41.974
1,8.54,-27.215,-2.28,26.94,42.125,24.433,20.862,-29.013,-17.074,32.368,-26.172,4.874,33.125,0.00744,-19.325,5.206,-16.463,2.166,2.327,24.336,7.834,37.652,-29.952,-39.885,-30.707,-0.00303,-30.239,30.135,-21.95,-29.065,-30.266,47.514,16.205,32.318
1,1,25.171,37.701,-37.536,-9.343,4.594,-43.433,-11.035,12.179,21.064,13.865,27.874,-11.215,-19.822,43.63,-32.33,28.063,-14.872,-44.201,-22.271,3.104,1.816,0.469,-44.444,18.904,3.302,-46.47,0.17088,-41.074,32.802,-9.583,-22.766,14.848,12.998
1,46.51,-13.628,9.123,36.03,3.049,8.966,-48.205,22.529,-7.406,-34.584,13.743,-26.295,27.982,0.06723,-47.876,-48.274,24.334,27.192,33.476,-32.027,-30.383,22.499,-37.92,-4.349,-24.481,-5.853,45.434,-42.67,-20.711,-10.889,37.077,-32.152,-43.973,-0.04307
1,18.054,-49.504,9.38,47.908,7.237,-31.714,-41.117,-6.448,-19.849,-15.253,-42.521,20.982,49.962,-47.669,-13.792,33.755,20.716,24.856,-33.613,32.88,14.466,35.402,0.93124,0.10087,3.568,-9.066,-0.366,-46.712,-2.533,2.922,-8.074,27.194,-22.507,44.891
1,1,35.887,7.66,3.957,1.506,-34.81,38.297,43.649,39.823,-42.077,-36.781,0.01766,-33.135,18.006,-32.823,34.714,48.504,9.853,-39.663,44.918,25.801,-14.456,4.73,49.009,-1.096,-33.085,32.432,39.71,-34.844,-32.954,-21.393,-1.792,0.739,-34.312
1,1,39.549,26.942,-37.103,-25.435,40.958,3.595,-0.03646,-10.012,24.552,15.119,44.844,-26.435,36.437,-47.21,26.398,-29.718,-42.426,-15.342,44.931,34.776,3.062,-48.399,43.847,21.541,-34.729,-32.016,-36.784,30.745,-48.155,25.797,12.25,8.243,-34.538
1,13.994,0,34.419,1.143,0.73638,8.838,19.189,-11.974,28.532,11.462,10.474,-30.39,49.35,-0.913,-13.918,17.379,-12.175,3.638,42.644,-10.726,-0.517,14.05,-23.753,21.392,12.316,-47.908,14.364,-37.552,-3.471,-8.561,-39.316,31.711,-37.353,37.506
