1,5.536,35.459,-35.156,-29.793,22.647,-2.061,-25.49,19.961,-43.795,11.66,23.785,-0.17755,-2.156,-0.44945,-14.81,-30.826,0.84356,-0.38542,-45.915,-37.614,-25.691,35.648,0.36946,-40.654,-24.886,-33.209,15.598,-3.037,-20.692,-0.34090,-36.863,-39.273,0.18641,-22.78
0,-8.543,0,1,17.367,-31.183,38.672,44.677,-45.189,28.474,21.966,-21.301,-26.398,1.849,-12.383,-37.199,-17.659,0.05499,-0.62237,0.108,-21.235,42.306,35.551,19.232,-17.951,4.52,-0.26569,7.84,-38.105,-0.19040,-26.069,47.13,15.246,-10.549,-0.02447
1,1,-49.948,23.591,-31.454,15.78,0.00485,-13.815,-0.12062,0.88965,-35.427,3.391,0.05346,4.505,-7.965,9.234,-35.461,-45.01,-17.694,-40.394,-48.367,36.153,-7.218,8.219,-18.982,0.57528,6.528,-47.823,-25.149,-12.797,-0.17365,-35.053,42.723,27.323,-23.704
0,1,47.044,39.092,-14.329,-39.888,21.801,32.374,42.685,-37.158,-15.668,0,0,-9.574,20.101,14.323,23.06,36.114,-17.839,47.024,-10.693,-26.288,39.396,17.077,0,22.158,0.90695,18.758,-20.334,24.485,-0.20099,0.25682,36.305,12.189,35.111
1,1,0,-43.421,19.921,-42.905,0.06531,-44.649,-26.747,0.77152,-38.386,-43.948,13.179,3.715,-26.853,22.516,-0.27457,37.551,-1.911,8.67,1.173,30.106,44.37,38.025,43.693,27.105,15.446,0.13290,35.294,48.977,-35.808,-18.064,-0.59573,-47.131,20.607
0,-41.604,27.404,0.02337,-22.522,24.357,-0.11949,-49.254,-0.11824,0.14706,-35.534,41.113,41.014,8.201,-18.819,37.134,-44.668,3.906,2.509,-2.41,-21.001,24.061,49.959,18.566,-2.618,-11.782,-0.01535,3.392,-43.077,-17.193,37.885,0,-46.031,-18.303,0.12011
1,1,-27.525,0.97588,-29.425,14.578,-23.135,-18.751,45.834,-28.199,-17.175,-20.254,-0.47929,19.767,-1.323,-9.17,-17.474,-17.622,-0.68086,-5.416,13.219,-5.786,14.737,20.203,20.033,22.129,-45.135,-22.833,42.409,0.04606,-0.82395,-20.81,38.732,40.184,-0.80975
0,-7.492,-38.985,-26.342,-25.276,-36.235,0,-19.893,16.88,-9.64,0,28.074,4.393,-32.183,-22.222,0,0,1,-39.994,-1,-4.831,-46.387,-36.347,-42.863,44.522,-2.437,30.033,29.614,46.635,-44.501,-49.589,-23.367,-20.492,27.153,0
1,1,0,4.103,-11.954,-33.388,-0.967,1,-28.058,-17.676,31.454,1.352,-19.666,8.521,14.736,17.14,7.996,21.546,-0.35257,-27.004,4.526,-17.393,38.002,16.481,-0.64225,6.045,-0.65440,39.163,-32.009,42.264,9.575,-47.455,-22.439,42.387,-0.73420
0,1,-13.825,33.194,17.313,10.826,29.557,-2.637,45.354,37.568,1.813,-0.45663,-17.728,0,0,-0.33656,36.016,48.347,8.195,-0.398,-35.683,46.523,0,-48.495,-39.347,39.458,8.046,-31.468,-30.364,-17.503,-38.231,-11.635,-2.978,-21.741,0.38065
1,37.607,39.194,1,37.987,-23.184,42.143,11.697,28.004,1,-30.592,29.126,-0.41349,41.904,-2.762,-20.063,-16.406,46.857,-27.665,43.205,-17.432,-28.566,40.832,-44.747,-30.769,0.55867,-35.117,0.47211,40.61,-0.528,46.081,-11.126,-22.838,0.22995,-0.89158
0,1,41.911,19.382,20.648,49.367,-28.666,25.15,-1,-14.55,7.417,41.369,-11.483,1,1,1,14.357,-22.217,10.455,-41.037,-38.424,-9.653,38.785,1,-38.143,11.386,21.174,1,8.096,-42.696,-39.12,-5.517,6.798,42.248,0.517
1,-11.057,25.291,1,14.41,3.677,35.047,15.456,-0.15197,16.473,-29.203,8.282,-41.215,-41.451,12.428,50.562,-0.34412,-45.833,-7.104,0.90137,48.724,17.059,47.067,-45.191,-29.973,23.4,-19.064,16.582,31.872,-41.176,-0.68794,0.68714,-0.64537,-6.374,-8.592
0,1,0,-20.559,-43.817,35.971,0.22280,-26.618,27.958,35.208,-29.482,28.984,-47.633,-14.789,0.07772,-38.447,28.956,-35.358,34.317,1,7.3,42.6,-35.031,-42.354,3.416,30.53,0.267,-8.953,0.35924,31.336,-0.66494,-31.048,-12.621,-31.297,43.316
1,-2.504,0,41.48,-29.569,25.021,-5.653,-15.301,25.385,-0.735,49.143,21.081,-45.904,-39.73,35.643,46.384,11.643,-17.292,0.10561,-3.424,-37.663,-27.786,-7.52,36.202,41.08,1,-25.334,1,-22.917,-45.845,0.48641,1,-17.479,23.805,0.46712
0,-14.359,-21.559,0.50932,41.979,-11.603,39.241,-0.03520,-26.934,31.358,32.245,7.98,-1,-10.016,18.371,-23.467,-21.258,28.835,4.279,1,-11.699,0,1.255,12.725,-25.275,4.525,-37.629,0.39752,-36.52,0,35.119,15.919,11.704,-23.598,36.4
1,39.965,14.176,-17.415,0.06468,1,-0.01236,49.586,0.02498,0.96112,0.02312,-13.138,5.274,-1.217,-27.775,18.444,-46.42,-17.236,44.79,39.362,45.373,16.861,-26.676,-33.522,-43.739,27.119,7.79,-17.777,45.297,3.27,0.15379,-2.297,-47.074,44.038,-28.387
0,0,-32.414,-41.967,0,-17.054,-35.145,16.061,6.28,10.803,-3.783,-45.983,-10.965,34.793,38.094,-17.665,40.526,-1,-4.651,-20.779,1,40.899,-1,-32.51,1,-15.844,23.983,27.052,-40.75,48.672,-24.358,34.219,-1,24.197,-41.713
1,-25.814,-20.744,-44.441,0.02528,-21.718,11.164,22.309,45.899,-27.328,-8.218,0.63621,12.814,-42.751,-36.081,-40.271,0.10976,0.58373,0.791,3.779,0.41224,0.53888,31.504,29.512,-26.176,32.628,-5.355,13.041,39.38,0.43433,-48.153,-41.412,3.439,19.44,39.284
0,-15.118,-15.605,33.692,2.194,24.123,42.284,-46.914,24.34,23.045,1,8.943,45.411,-18.368,-39.048,0,-27.423,-1,40.389,-47.054,30.116,6.446,41.136,1,-17.718,-37.478,26.113,1,39.872,17.018,-0.581,-41.026,-44.21,1,1
1,1,-10.994,24.651,-0.00612,-1.065,37.128,1,17.226,-24.355,-18.088,-36.753,-12.671,-3.389,-0.39489,10.88,6.573,-34.493,21.8,-47.984,1.218,28.465,37.453,-17.905,5.33,20.632,28.214,15.868,19.698,-8.86,10.691,0.80448,-0.40575,-26.408,-0.45039
0,0,-47.346,-15.615,1,36.957,-20.709,-24.921,2.679,23.236,48.156,-46.493,47.779,-18.259,39.457,-25.245,-4.449,15.003,-1,-1,25.557,-1,-35.22,-18.963,17.54,-5.387,0,-10.447,21.859,36.877,-9.617,-33.018,19.089,-39.344,1
1,4.199,-4.574,0.199,43.926,11.091,38.04,8.992,0.09313,-39.743,-8.316,10.106,-32.71,5.656,-1.299,0.87534,34.85,27.17,0.00280,34.623,-0.05295,-4.127,-43.861,25.104,-0.05929,-33.06,38.631,20.3,23.973,5.385,-37.07,0.51310,-0.00015,-27.147,-12.139
0,0,21.794,-23.327,36.945,-36.151,0,-42.927,-26.324,-1,-36.292,-39.181,-36.273,20.338,-30.444,-46.497,-37.286,1,-1,14.187,-25.261,12.623,-31.697,35.459,0,-18.256,3.536,-28.734,21.932,-1.085,-19.905,-16.415,-37.728,-2.754,0
1,-31.113,4.724,-24.454,-2.637,43.437,39.063,0.777,44.734,-35.682,-25.97,23.012,7.927,-37.076,-0.05202,-43.319,-44.861,28.165,15.235,-25.063,-0.20367,-15.734,35.689,0.80852,46.98,-20.961,19.064,-19.509,-0.29174,0.73094,-10.798,0.54356,17.293,0.64207,-12.081
0,-12.228,0,1,-47.704,-34.464,-49.413,1,7.688,1,-36.657,1,-25.927,4.65,1.66,-16.594,-1,23.591,-8.974,-44.848,25.763,-48.948,-18.185,1,-10.543,8.785,41.965,36.444,-32.42,-40.149,13.78,-5.943,-24.322,2.505,-19.862
1,1,17.077,16.323,43.598,1,35.133,0.86635,-37.976,0.94817,21.411,39.047,47.61,23.8,-0.31736,13.392,-15.049,39.207,-41.51,-21.211,-14.877,-16.543,18.353,-34.816,-0.78547,-9.02,33.282,7.411,-11.014,23.892,-0.89674,21.488,-16.589,-25.722,30.662
0,0,-35.186,-39.222,-1,35.826,-26.846,12.382,20.945,-43.476,-0.37500,0,3.15,-47.085,27.072,22.172,16.098,49.952,46.044,7.219,-1,-43.421,0.352,44.726,20.101,36.573,-46.57,-27.514,-42.847,-1,43.221,0,-1.694,29.047,-17.007
1,1,-20.947,39.002,-43.085,1,4.083,22.264,-42.737,42.057,-48.601,-43.512,0.47904,38.021,0.59113,25.456,-1.919,25.043,-17.991,3.611,-17.352,-21.516,38.878,0.98042,1,4.34,-34.6,50.761,42.077,-1.546,38.18,19.194,1,-16.59,-45.031
0,-27.525,0,-10.916,-1,20.884,-21.969,-4.794,17.985,26.404,-28.319,1,-12.817,-21.767,20.901,13.632,20.831,16.502,1,42.234,-17.86,-5.149,-1.816,1,-1,-20.051,-21.927,40.545,45.117,41.322,-20.679,-19.202,1,-43.319,7.201
1,1,-38.985,-8.64,28.471,1,-25.438,28.153,28.797,-15.901,-0.07514,6.393,-26.592,-2.831,45.373,-41.863,17.66,-45.387,-22.608,-43.501,-0.46162,-48.589,-0.35519,-6.492,-4.033,14.955,-0.47643,-28.071,-36.732,-35.347,43.763,-19.893,-41.752,-31.183,-0.84437
0,1,-34.388,-17.676,28.074,1,-18.23,1,-0.573,42.998,14.143,1,-1,-20.492,16.218,4.139,-25.367,32.816,-20.711,16.785,6.721,-26.845,1,6.194,7.46,20.563,-11.882,39.587,-46.906,39.608,41.218,-30.311,-17.147,0.176,1
1,47.523,39.606,46.236,-21.805,-30.74,-0.11057,-1.716,35.466,38.336,-0.17036,-26.964,7.727,-38.495,-17.661,-29.52,-0.35924,0.80681,-0.33632,0.75243,10.356,30.263,-0.47153,-47.834,48.218,-16.89,16.916,-13.257,-36.451,-0.533,32.614,8.53,4.613,10.636,-3.8
0,1,41.595,-0.218,42.48,0.41287,1.85,43.307,-2.338,-33.229,46.816,-29.161,-0.10951,-11.212,1,37.445,27.277,0.82270,39.016,11.504,-24.466,-22.206,-26.073,-37.712,40.997,38.576,-30.168,-10.505,-29.685,0.63811,-16.941,28.987,-0.87354,-21.202,40.475
1,1,0,9.724,-15.709,2.241,41.525,0.83443,-7.101,-38.143,41.629,46.964,-11.57,-22.417,6.93,-44.61,48.514,11.386,0.39337,-41.037,-37.222,16.321,-15.835,0.92599,-0.91338,-26.666,21.73,25.15,21.074,-42.696,18.271,11.749,8.331,41.369,-0.57758
0,1,16.199,33.117,-39.12,1,-5.823,-40.834,48.951,49.967,47.136,-45.778,1.677,-28.01,-30.354,1,15.19,0.17589,-40.154,23.559,-6.241,8.342,-9.8,13.725,-1,-41.408,36.003,38.785,-0.08571,-11.098,15.457,16.473,0.65268,-45.021,25.638
1,30.103,0.438,-42.354,-27.468,1,-32.06,-6.92,-0.02960,28.984,43.434,0.97839,35.254,1,-39.513,0.97261,34.129,-28.436,-0.13665,9.242,-21.703,-8.957,-32.44,-35.41,-48.12,-34.294,-13.713,3.684,29.35,15.429,34.785,0.83777,30.135,-14.95,-18.8
0,-3.504,-42.95,-17.292,1,12.515,-47.101,-1.735,0,-4.424,40.663,-1,-47.801,25.441,22.805,41.982,-29.643,-26.535,-6.968,-27.786,46.384,-1,36.202,-6.687,-15.301,21.081,-1,29.357,-39.73,-1,25.021,-36.934,41.48,0,-23.284
1,5.687,-36.785,2.167,-21.516,49.997,35.142,0.94705,36.453,31.294,-10.685,34.164,0.06348,-24.347,-23.478,43.839,29.274,39.863,12.852,-11.766,-38.407,15.729,11.59,0.77041,-20.773,-14.601,0.11299,36.175,0.13282,0.66387,-9.863,-17.095,-25.826,8.196,0.11447
0,-25.794,0,-13.131,2.504,0.99672,0.04861,-33.383,-27.807,26.923,-19.412,18.412,45.272,-2.184,-18.035,6.016,-46.331,-27.738,0.15189,5.243,8.066,14.835,39.129,45.888,-22.301,43.873,0.16390,18.86,48.768,0.43481,0.15436,16.428,44.825,-42.884,-17.124
1,1,-14.844,39.501,0.06538,40.526,-18.458,40.094,23.46,40.83,23.305,0.86773,-33.755,-1.356,0.50082,36.014,0.52321,-44.323,-4.176,-46.658,-41.337,0.47807,26.724,-24.953,5.969,-3.308,-39.029,12.08,-30.786,0.19296,50.379,15.174,-39.986,-11.895,-15.34
0,-47.406,12.692,-1,-1,-25.814,1,-44.112,33.649,-27.415,32.14,2.635,1,-40.058,1,31.47,-0.391,17.44,38.134,-19.692,11.579,-21.384,10.113,-6.592,-31.414,-1,-9.559,22.737,-37.224,44.711,37.954,4.181,-25.402,-20.744,0
1,1,-46.914,-14.209,-15.517,-42.506,42.453,-26.423,8.109,-39.496,-17.599,25.042,39.239,29.16,0.846,0.57620,-41.358,40.646,0.49618,3.511,22.174,-17.271,-35.934,-41.713,16.576,46.659,0.56527,0.18626,33.258,0.12635,-47.493,29.185,7.996,39.51,0.67739
0,1,6.729,0.92,16.302,-24.355,29.446,-26.151,24.113,-17.865,23.889,1,-17.02,28.548,5.422,1,-1,23.119,-1.926,1,18.813,21.121,-45.244,-49.692,16.041,-9.08,-36.896,38.227,1,-34.415,8.88,-3.389,-13.56,1,22.651
1,1,0,-10.457,-24.979,12.071,24.427,3.665,15.809,-17.969,-0.25843,-46.419,-11.295,-45.566,-24.625,50.054,39.019,25.085,-38.865,0.87433,36.386,-9.827,-17.213,18.287,47.133,18.772,-4.134,23.511,-36.952,38.503,-0.75353,-20.161,-0.80278,38.369,-0.83245
0,0,-8.265,9.213,23.995,33.871,-40.645,43.855,-1.237,-11.137,-32.617,38.997,-4.387,0,-4.786,34.751,0,24.088,-38.058,3.888,-33.018,0,38.708,-18.259,-4.574,18.719,9.091,-28.668,-33.735,-1,5.823,0.238,0,0,-43.782
1,1,26.405,12.623,-30.481,23.932,-32.771,-25.265,-26.435,-36.288,-21.004,21.327,-0.13814,8.959,-37.509,-36.32,-29.985,0.91236,-43.271,-16.35,-0.32152,0.89991,-2.431,-14.536,-3.13,-21.465,35.515,4.031,-36.582,0.81433,-40.606,-37.949,-0.47977,22.546,-46.999
0,1,-32.113,-43.849,47.269,-1,42.699,4.36,-25.098,0.69258,21.377,37.004,-0.03353,-20.525,17.55,3.987,-10.257,-20.891,-17.146,1,14.683,35.162,-2.89,-0.73864,-37.547,39.872,-0.46734,15.831,44.204,20.413,-12.3,-0.319,8.249,-36.743,-25.301
1,-5.943,0,0.98166,-49.939,0.98103,42.927,-47.437,22.534,4.61,-17.627,-8.553,-18.907,15.727,27.363,0.93369,-0.12790,9.63,-0.11583,-30.624,-8.166,8.668,-35.638,-40.286,26.575,-24.042,-0.19689,-16.776,1.293,3.445,-44.492,-47.513,35.213,-22.579,-26.192
0,-16.446,22.915,35.305,20.801,49.024,0.51724,43.685,-10.149,-9.464,-41.888,38.396,-45.848,-25.589,17.077,-36.657,31.438,-0.55711,-36.272,21.928,7.562,12.512,0,0.53448,0.35668,-14.131,0.44828,19.242,-16.668,-15.815,-20.518,23.485,15.323,0,38.092
1,1,16.098,-36.317,-44.66,-37.785,-1.664,49.886,-0.00267,-42.967,-35.049,27.883,22.154,-12.992,47.594,-46.168,-0.57486,45.476,-0.29520,-25.979,33.91,36.573,1,36.292,13.219,4.051,20.073,-43.487,-0.01158,0.61582,1.029,9.063,-45.827,30.98,-18.021
0,0,37.878,-43.512,1,-21.516,-3.295,-18.303,-42.604,38.002,37.18,1,1,25.043,22.264,36.021,-3.627,25.456,-18.115,-21.947,-45.031,18.55,-43.169,1,18.945,-34.6,-1,4.424,-25.514,40.075,1.611,-49.246,0,44.221,3.909
1,1,46.117,40.545,22.901,1,14.632,-43.409,-19.767,-0.26970,-17.202,7.37,50.922,-23.927,42.077,-30.319,-18.954,14.502,-0.57779,-7.149,-0.42052,-22.051,-12.817,39.794,-28.525,21.731,18.884,44.234,-1,28.404,17.985,0.184,-19.166,-4.794,0.34845
0,1,-9.916,-43.543,-45.501,-27.342,-15.86,-6.492,0.63317,-22.187,-17.901,-39.985,-1,-39.994,-28.059,-48.702,27.614,-37.347,30.033,6.232,1,-2.437,12.955,-1,-1,-9.828,18.88,-19.893,-1,26.153,-33.183,-47.387,-21.969,46.635,-24.94
1,-26.845,3.139,16.741,5.276,0.151,-21.549,-17.175,-47.991,0.96097,-0.06561,0.94717,-11.869,1.381,38.42,-23.42,-21.906,-17.68,41.676,-33.484,41.65,9.375,44.248,0.90140,-0.29807,16.142,28.667,-18.358,38.262,0.92059,7.27,21.402,-4.222,-35.413,-0.41173
0,11.826,46.523,-27.766,16.029,16.397,-30.311,-1,30.557,-20.94,0.47173,-36.726,-39.975,-1,4.187,-4.219,9.059,-0.02753,38.045,39.185,44.933,-31.087,30.816,47.719,-0.46801,-14.825,-31.436,-1.637,-1,-2.035,35.241,32.213,-1,-49.495,10.829
1,1,-11.436,42.475,-30.184,1,42.282,-15.722,-17.413,-26.0,-1.019,-20.947,-1.681,11.697,37.793,1,-0.14522,3.081,41.919,1,36.431,40.189,-24.373,-33.27,-0.20081,9.045,45.995,-37.358,-21.188,0.82920,42.283,28.911,-17.731,-11.061,28.048
0,-43.696,0,-28.666,-14.816,9.724,40.911,-1,-28.272,-15.55,7.055,-22.217,41.942,-30.964,-45.566,2.517,-10.072,-1,-38.488,41.369,17.382,9.749,47.367,11.386,-38.143,1,20.582,22.19,25.15,1,46.964,7.798,15.357,-1,-1
1,1,0,-37.12,-11.999,-28.515,15.547,17.198,-28.878,1,37.766,-41.089,0.07033,42.205,35.296,3.626,15.932,26.2,-46.577,-40.866,14.619,50.622,0.14258,-41.5,22.724,33.372,0.22431,-45.137,-6.587,13.611,-6.292,-9.87,-6.726,49.994,0.31166
0,35.971,0,2.965,-33.048,-10.953,-35.358,-47.985,-7.92,-32.297,-39.447,-1,31.336,-21.559,27.984,-19.206,13.896,0.80521,29.891,48.06,-27.329,-15.789,-35.189,6.342,8.029,-44.202,0.96250,30.103,35.208,-41.864,0.67708,-13.505,-29.362,0,0
1,46.384,20.081,36.317,0.09771,-36.934,-5.565,1,43.73,-45.115,0.09237,-17.343,-28.594,12.445,-1.492,41.555,28.64,-22.429,42.249,-24.698,-46.47,26.275,24.338,-28.894,0.834,0.76193,-42.603,0.68452,0.42746,23.433,-40.27,-15.733,-7.498,-3.881,0.50903
0,1,30.358,29.229,-3.86,33.245,36.4,0,-10.016,0,7.543,4.687,-38.551,0,14.919,-20.793,-37.335,-10.471,0.82813,41.48,-15.781,42.919,35.202,-17.721,-1,-25.381,35.273,-11.603,0.488,11.725,-23.41,-25.934,-21.559,1,48.782
1,1,4.243,-42.884,-27.71,49.601,43.492,-17.625,0.33347,-2.151,0.22610,46.075,45.658,16.887,18.84,18.312,-33.866,39.759,-21.983,-13.48,35.689,14.742,-26.213,0.55586,5.843,0.48311,0.55236,-28.074,8.347,11.829,27.068,0.33921,3.148,-18.191,-45.686
0,1,0,-1.472,1,-47.025,43.678,-24.358,39.501,6.158,39.403,-32.179,39.965,-4.843,15.648,-44.965,-39.699,11.287,48.672,-40.571,26.019,0.32675,22.544,34.219,40.899,-15.245,-35.145,1,-0.06140,-10.965,1,-17.918,-4.651,-13.844,-17.665
1,-47.406,-26.402,-35.224,-27.83,1,34.554,24.068,-40.872,1,-45.211,-19.805,-41.487,22.391,-32.575,-7.559,11.122,0.97613,-0.50126,0.80025,38.709,19.321,3.444,4.181,0.486,0.93593,-19.673,33.069,-5.665,40.134,45.438,-21.945,39.724,-26.3,-0.05402
0,17.018,32.692,0.84783,39.495,-35.478,-17.89,1,45.411,8.612,12.777,-42.372,-41.756,43.284,8.052,1.419,29.352,23.045,0.02672,-47.47,-15.548,13.579,31.925,0.89130,3.46,-16.739,-40.382,1,0.15942,24.717,38.852,-40.819,-46.689,-14.605,0.37409
1,1,27.548,41.136,-18.585,18.302,-37.728,-44.21,-25.278,-3.389,9.923,0.98762,1.896,29.618,15.096,-16.982,6.773,0.95750,-49.095,0.84371,-0.08668,30.116,-12.519,23.118,20.395,-26.151,-27.814,25.087,-0.02174,0.86747,-35.181,-8.672,24.892,20.616,-2.138
0,11.073,36.957,24.651,-48.346,1,-1,38.893,-19.963,17.003,-17.615,-10.447,19.089,-45.493,-2.449,1,21.859,38.227,1,1,50.156,40.457,3.679,-35.22,36.877,-23.245,-11.994,18.54,-1,-9.617,6.455,-24.921,47.779,25.236,-1
1,1,-32.735,34.871,-4.108,-7.452,-19.889,-4.144,-0.237,24.669,-17.453,-0.43872,-39.645,33.96,5.594,-1,0.40268,9.7,19.133,-0.97907,-32.446,-39.075,-34.38,43.478,23.582,5.302,8.213,-36.64,-0.93296,-27.41,22.995,39.643,-1.114,-4.398,0.03446
0,-11.137,-37.292,8.992,1,-21.327,-3.085,-37.728,-43.927,1,-25.324,38.997,1,-31.697,27.405,-36.286,21.932,36.945,-36.273,22.794,-28.734,21.338,-42.782,-35.151,4.199,-16.256,12.623,-1.754,0.5,0,-20.905,1,-41.181,-29.444,-1
1,1,36.004,20.413,-0.187,16.187,-25.271,-15.684,-2.306,-35.682,0.25068,1,5.011,-19.235,17.942,36.459,-15.098,-31.113,-25.604,-24.721,47.835,5.536,43.05,-20.81,0.59457,-10.79,-45.814,0.89502,-37.207,-43.939,45.457,0.74389,8.9,22.726,0.75837
0,26.763,14.78,-16.594,-10.543,-17.862,9.688,-1,-7.943,1,-18.557,0,15.309,-49.948,2.66,-24.322,-43.253,1,-1,-40.149,-11.412,-36.214,2.505,8.785,26.474,1,38.034,1,2.65,-32.42,-26.953,-24.927,22.591,43.965,-49.413
1,16.323,-13.228,36.266,-40.802,0.96760,35.637,0.96026,31.937,13.493,-14.465,-14.739,-34.976,-16.583,18.767,21.629,-9.561,39.129,0.69065,21.848,48.756,-20.789,24.174,7.413,0.76197,44.091,-34.91,-45.514,0.83796,0.24944,-24.728,-7.836,-47.414,23.005,0.86285
0,1,-38.222,-34.492,-45.181,0,0,46.715,-8.875,30.047,0,0,-26.846,-1.694,3.15,-43.64,-0.24206,0.21032,27.267,-17.542,16.88,-47.085,-13.877,35.573,38.092,-43.687,49.226,20.863,-43.841,8.219,13.382,-37.158,44.726,34.111,17.077
1,36.826,-2.295,-41.604,22.223,-42.169,18.659,-45.031,-20.752,4.909,-26.23,-48.246,0.34826,20.945,21.647,0.94575,0.42881,41.966,38.382,24.802,3.199,45.028,38.602,25.252,-1.999,0.66643,-43.873,1.946,0.69435,0.49538,-17.576,-22.046,-34.883,37.355,0.75243
0,0,13.632,-5.149,-26.525,-5.794,41.077,9.201,26.404,-10.817,48.922,-28.319,19.985,47.117,41.322,21.831,-18.115,38.18,40.545,-17.819,-43.319,-21.927,-1,-1,-22.051,1,-1.816,1,42.234,1,4.424,21.901,-20.767,-17.202,-1
1,1,-26.342,-41.863,13.996,-19.893,-9.52,-43.501,-38.824,-8.916,-19.4,0.98703,-28.75,-35.419,-49.212,-2.526,-40.596,-45.568,-24.815,0.78619,-7.022,20.678,-22.406,-21.519,46.216,-16.23,0.59723,0.58903,29.224,16.042,-16.25,5.846,18.516,0.40442,0.62658
0,0,-27.845,-35.235,28.153,1,-22.492,39.608,1,30.033,9.46,1.427,-23.367,43.009,42.998,8.576,-2.831,-18.23,14.785,-48.906,21.563,37.587,1,28.074,1,-31.183,-35.388,1,-17.676,2.139,-10.882,-1,-22.711,43.522,-17.147
1,11.826,-35.905,6.187,37.695,-0.035,-13.34,1,0.72973,49.719,1,36.63,-47.495,17.236,1,0.176,10.986,-26.849,47.523,-29.341,-20.658,15.888,1,-38.451,6.194,40.252,18.397,-2.254,46.354,-31.203,30.557,31.642,-2.219,-0.81383,1
0,0,41.595,40.194,-23.184,38.921,-35.226,9.059,43.327,-12.436,-20.947,28.126,-2.243,1,43.506,-16.722,-0.931,0,28.277,-39.231,1,-1,9.045,34.213,37.607,-16.347,-12.801,11.697,-29.161,3.081,47.918,-30.674,-18.503,-1,1
1,19.382,24.15,-36.488,10.32,46.964,-44.749,-26.0,48.463,22.582,-20.768,1,-1,9.724,-29.678,-14.55,-0.15851,1,15.406,-28.964,-0.61538,41.369,-0.26573,1,0.517,-26.666,-44.276,-38.143,20.377,42.911,6.055,42.475,-16.601,11.749,40.459
0,-41.834,0,26.291,31.456,-6.022,1,1,1,16.82,8.798,-45.778,-41.408,1,34.149,-5.517,1.677,-41.037,-11.057,-28.46,36.785,-9.653,-22.217,16.473,50.158,13.725,-1,15.456,42.248,1,-12.072,-37.12,23.559,-28.01,-47.021
1,9.3,0,-35.436,0.07804,-47.058,7.504,-14.892,-34.943,48.381,0.35197,-31.26,30.758,28.691,-40.394,15.281,0.56476,0.60459,-9.311,3.305,-6.174,-39.048,0.66975,-27.13,0.68343,-18.355,16.96,-13.317,-28.623,-7.823,-42.644,29.557,50.395,-32.337,29.798
0,1,-5.687,-22.602,45.211,-42.126,25.66,24.488,-17.963,0.695,-1.152,42.982,43.353,-16.29,-46.356,-46.09,35.359,0.18681,-37.523,0.10567,28.721,-28.742,11.823,-29.643,-4.174,-0.02862,34.402,-0.04314,35.462,40.615,0.10349,-40.776,-21.489,22.765,0.04586
1,1,29.212,-24.526,7.515,0.65680,-0.05178,41.286,35.23,-2.644,0.02515,30.993,0.08728,-25.218,33.323,-9.285,-25.483,49.84,-21.194,-17.144,14.904,-37.764,-21.49,36.746,-10.885,-22.945,42.947,-11.993,35.373,0.53550,19.869,-36.194,-0.14053,-7.404,1.285
0,5.243,0,8.047,-0.06343,3.454,-18.369,1,-42.884,48.966,45.314,-21.922,35.25,0.61567,-3.889,-13.553,16.724,0.66791,38.87,-33.892,18.256,-14.703,45.435,6.028,13.18,43.798,17.666,11.965,-18.425,0.32463,-28.534,14.567,0.13521,5.031,26.434
1,1,-47.234,0.67547,-18.079,-1.341,-31.616,0.77358,23.021,-44.322,-46.518,15.706,0.01132,35.887,38.954,-26.073,-27.901,26.822,-4.697,-3.033,39.82,-14.085,49.435,-39.973,44.531,-11.116,-0.15094,39.24,38.907,-39.082,-25.336,0.86415,0.03774,-33.413,-18.657
0,1,3.181,-20.016,-41.108,33.032,-16.02,-47.406,-7.832,34.456,3.576,22.218,-0.16818,-25.584,0.09559,0.56818,-31.414,40.03,45.93,39.802,-45.012,12.803,4.98,24.183,-42.967,0.57273,0.32727,11.683,0.14673,-26.391,-5.51,1.099,-27.269,-21.384,-18.779
1,1,-15.605,33.268,-40.064,-36.074,-36.224,39.338,22.174,7.846,-0.05882,39.436,24.481,-14.651,12.775,-46.388,-43.427,0.58039,7.959,-41.317,12.579,-41.567,0.06667,39.969,31.373,29.495,18.444,0.48601,-17.549,16.48,0.08235,3.645,42.519,0.43137,0.592
0,-24.355,-37.753,-27.004,-47.929,-17.931,1.688,0.23182,-9.338,-0.03636,0.44318,-48.804,20.175,23.932,-1.728,-18.999,0.27322,20.148,-12.156,46.063,6.856,28.915,40.186,17.116,15.405,21.979,9.832,-0.09971,-0.07114,-18.982,-28.151,-45.24,27.473,25.107,-0.06314
1,1,37.227,3.562,10.853,29.618,6.162,-10.623,-4.196,18.94,24.295,-24.016,-11.037,50.008,17.79,-45.714,-16.362,0.69206,-23.666,0.71030,0.39056,-2.717,39.733,38.877,-35.066,0.56760,0.52039,16.701,-10.085,38.702,23.445,48.21,-18.254,24.175,0.54185
0,37.957,0,35.597,-0.08580,-5.104,-0.80553,-0.851,9.526,-7.458,4.869,-37.449,43.847,-0.18494,-27.028,24.357,-34.297,-31.161,23.882,-4.607,-36.377,-0.06959,39.216,-21.05,34.68,5.678,-32.773,-46.638,-1.49,-17.48,-0.14109,-40.859,8.432,24.278,-0.59867
1,1,-22.327,27.113,22.684,-43.139,-12.094,-32.245,-4.191,0.65217,0.18261,-2.254,-26.055,-36.48,-36.382,-16.751,20.097,22.181,-37.712,20.698,-30.705,0.26957,-1.967,12.155,7.954,-38.415,-0.12174,-42.427,-37.315,36.429,-40.225,0.64348,2.947,38.502,0.14783
0,1,0,-0.54180,-11.537,-0.33746,-35.948,-24.934,-38.06,0.31889,15.119,-15.208,7.893,0.251,-37.202,-2.012,-0.15480,-29.57,-44.343,17.893,22.046,-31.608,4.607,-17.321,34.843,-45.497,-19.578,-25.848,46.895,44.634,-21.698,36.028,-20.346,0.52632,19.323
1,1,0,-9.251,7.921,5.177,0.16808,-43.735,-0.00509,-18.335,39.242,3.185,22.424,-40.675,-0.04754,4.206,8.727,2.321,-26.177,-17.133,-48.456,0.34975,-6.876,42.719,-31.629,-17.077,-10.444,-49.444,14.746,27.109,-25.622,16.017,-24.946,0.39559,27.442
0,13.512,0,0.79157,0.16851,18.242,0,-40.323,22.984,-35.045,-34.464,-25.205,-34.661,-21.358,-22.79,-7.736,43.814,-0.02661,43.916,-15.325,24.335,6.828,15.711,34.88,-45.611,-0.91574,-47.475,20.459,-12.346,47.024,32.356,-11.149,0.12860,35.444,-17.446
1,36.573,48.952,-12.976,47.211,-46.292,0.37379,14.112,-43.971,-26.248,21.888,0.44303,16.909,34.355,38.967,-44.356,27.923,-0.12611,39.27,-0.28739,3.947,-46.036,0.65924,-18.578,-9.035,-0.68159,-43.447,-37.876,8.477,19.377,-38.11,16.362,-1.749,-16.345,-0.19904
1,1,0,45.703,2.801,20.772,-1.832,0.71771,38.465,1.831,30.889,-45.717,-20.02,-35.497,23.112,-26.647,4.752,23.723,0.91624,-3.148,0.79525,37.319,21.759,-0.77408,36.162,-50.1,44.4,17.717,-42.617,-23.34,36.828,-43.842,-35.523,-18.902,-0.49700
0,41.322,0,-23.927,42.234,-6.149,0,46.625,40.292,-0.21,8.53,-1,-19.233,-17.115,-20.767,0,13.632,-10.817,18.718,27.768,40.44,50.893,-1,-45.319,19.831,-20.051,-6.39,36.18,-30.319,-1,2.424,-26.525,-45.512,24.456,0
1,46.635,-9.64,-28.318,5.443,0.79074,-18.176,0.78575,0.03793,-21.56,-3.337,-22.291,39.857,0.75934,14.029,-16.113,-7.408,-20.186,-39.064,0.63613,-26.342,0.70021,-9.802,18.562,0.12185,-45.717,22.055,16.144,-36.211,20.541,-16.726,-19.081,-49.442,29.188,-25.125
0,1,42.009,-2.831,-35.388,-40.994,38.608,39.367,28.041,45.33,42.55,-0.41912,-25.315,-21.492,-36.235,29.074,-42.863,3.86,-0.77206,-43.765,-18.75,15.785,0,20.746,26.153,-1,6.576,-0.573,-1,-17.676,-12.882,-18.23,-33.183,-47.906,0
1,-26.845,-30.341,1,17.414,40.568,31.785,30.557,-0.03436,1,-21.762,47.513,37.382,-47.504,-21.749,-34.905,10.669,1,-0.966,11.198,45.236,-2.219,-0.18519,6.194,16.043,16.133,-14.046,9.425,-31.514,0.94599,-28.02,0.96436,4.961,-1.767,-1.268
0,28.277,-11.436,48.719,8.059,42.327,37.921,8.045,-11.801,0,46.918,28.126,10.697,42.506,-24.184,39.194,0,-16.722,0,-30.161,-17.347,-21.947,0,0,0,36.607,-2.243,36.63,-18.503,33.213,0,-39.347,-38.231,2.081,-31.674
1,1,40.942,42.868,6.934,21.823,-1.058,11.35,-21.153,46.935,0.08460,-26.08,-0.01124,9.559,-37.735,25.15,-0.31395,-33.233,41.383,42.462,-30.174,49.367,-0.27165,0.93126,-16.21,1,10.556,-14.662,1.202,-42.882,15.12,-26.775,-45.697,-28.577,17.966
0,-45.778,21.582,25.575,22.241,0,-6.517,-22.535,-30.01,-10.765,-41.079,16.117,2.741,0.34848,39.52,-29.46,0,0.59091,-42.768,-45.57,15.013,32.456,0,0,-39.143,-37.877,41.426,38.785,14.218,-10.592,7.313,-6.859,-12.758,49.158,0
1,13.725,7.342,9.245,47.047,1,-36.395,0.98898,-16.66,-26.572,-17.923,1,-41.935,17.199,-10.078,-5.823,-35.339,-31.048,34.972,15.573,-0.20491,-12.505,-41.098,1,-0.26571,30.53,-43.653,50.625,-48.318,-6.92,28.734,3.793,-0.40740,-28.362,29.889
0,1,0,43.505,-0.339,-15.215,0,27.984,-6.254,16.59,34.35,-37.417,-19.385,39.592,-31.635,0,-21.559,47.85,-12.707,0.56098,33.208,-3.22,45.442,-2.347,0,34.971,-3.813,42.064,-24.296,11.13,-39.447,-36.485,-48.848,-32.297,0
1,1,-19.117,20.272,0.00526,-13.023,37.248,-32.218,-2.248,49.514,-0.06257,41.749,-13.077,-46.821,12.58,0.87161,-0.20848,-15.608,31.759,39.358,-38.172,-40.83,7.384,6.121,-7.161,-36.205,-37.572,19.555,-0.605,-16.162,-0.16581,-7.416,-39.939,-22.405,-0.27794
0,1,19.458,31.95,35.804,0,0,-46.485,16.297,-11.948,26.02,-25.199,-9.282,36.593,41.245,48.309,-24.608,-29.948,39.035,0.33108,-1,24.617,-46.458,42.495,17.193,45.223,-34.784,-22.64,-1,-0.066,-33.594,0,24.538,30.421,-34.255
1,23.057,22.089,-30.441,45.844,-34.17,-0.73371,7.924,-30.563,35.809,-22.746,-34.424,-10.856,0.62890,27.197,-33.477,-42.818,35.081,-13.735,-0.289,-37.594,0.96601,-10.496,29.852,8.482,-31.174,-48.551,0.53777,2.726,0.81020,-1,1,-32.573,-49.64,22.571
0,-31.356,23.527,31.227,31.881,-15.224,0,40.469,31.701,12.234,1,1,-34.846,5.501,-7.077,39.508,0,19.27,15.419,0.84091,37.439,1,-10.787,-15.764,-21.95,39.881,11.589,49.047,-7.977,48.92,-0.93182,-5.099,-21.203,-16.872,9.825
1,14.405,-8.52,0.86284,-12.695,19.656,43.17,33.265,25.359,-18.597,17.263,-45.315,-41.96,-24.767,-7.813,-7.398,0.86284,-0.17241,6.411,-0.34100,-3.202,-37.006,0.56092,38.284,32.542,-46.495,15.209,-0.63038,38.46,-48.063,-11.721,26.129,-45.328,-42.912,-0.31954
0,25.596,0,-3.332,10.487,0,-18.307,24.326,16.83,39.044,20.671,33.771,-25.055,-2.53,-17.972,15.497,0,-19.432,-1.135,0.84000,-38.744,1.997,14.273,-22.979,6.345,9.564,0.68000,4.964,-43.887,32.356,-28.649,39.777,0,2.704,0
1,-5.845,-19.498,-41.295,-32.871,-28.84,40.73,-16.683,38.78,48.889,-9.698,35.065,-2.439,34.613,0.88248,48.345,-11.366,-0.34168,-39.007,-0.51360,-34.245,2.021,0.44614,-0.74102,28.781,-0.70838,29.1,-44.893,-46.912,15.024,11.451,-11.443,-34.363,-11.216,-0.53319
0,1,-47.678,-28.772,0.81586,44.896,-6.34,44.824,-43.681,-47.654,35.289,30.058,-0.10241,-20.848,37.127,0.01401,36.052,-40.623,28.698,48.963,31.264,6.473,-41.699,11.361,-26.477,-8.517,35.482,16.263,0,0,-35.033,-7.564,-41.283,40.642,0
1,-29.736,45.612,5.268,31.431,36.845,34.034,0.19048,0.19048,-18.389,0.09524,-30.582,-45.129,-31.103,-0.04762,-38.684,-16.649,22.568,-29.644,-44.015,25.108,-25.85,-36.35,3.041,-0.11905,-35.311,-0.04762,-5.463,49.114,-14.594,-18.108,22.546,-28.496,18.979,-0.01877
0,1,1.04,49.613,-23.158,-0.847,-29.566,35.121,-30.281,-6.361,29.924,21.363,25.827,0.72131,0,26.989,29.08,24.326,-14.772,0.65558,-28.547,29.527,39.386,1,-0.29508,-14.036,-14.614,46.724,-35.961,39.486,-19.641,0.27869,-3.567,22.807,31.529
1,-33.889,-38.147,0.98182,0,4.403,-11.269,38.522,-17.228,-38.786,-48.922,45.03,-35.828,0.79343,-8.319,0.77118,-20.964,-24.054,0.25455,34.867,0.12727,-37.346,40.606,16.269,2.746,-4.457,-43.629,-23.623,26.188,-27.645,-4.842,-4.67,-2.632,-34.078,0.17077
0,1,43.49,13.631,-16.649,38.68,35.659,3.771,-0.76378,-46.928,-45.89,33.793,-32.039,-0.67230,9.919,8.529,41.019,0.46429,39.694,0.54762,-30.268,-28.997,17.502,22.615,-44.92,-45.531,-45.576,7.35,6.691,23.738,-10.377,2.772,-0.29915,-26.498,-0.55837
1,-9.54,29.044,0.86889,-47.068,-34.573,-5.318,-47.466,-10.451,-35.081,-38.557,22.57,31.222,-45.668,46.147,14.703,-45.372,-12.858,22.181,27.739,-34.131,8.266,-43.415,24.658,4.063,0.84444,-47.561,1,-0.14162,0.82222,-0.14667,1.84,-0.15609,-21.544,-9.056
0,25.651,-15.227,45.239,40.891,-47.667,-38.327,41.843,-13.461,0.34545,-3.496,23.75,-0.05455,0.29091,39.704,-31.565,38.703,23.244,-0.01818,0.36364,-37.104,0.12727,14.893,0.61818,-24.867,33.792,-33.411,-41.951,-44.221,-29.605,-0.456,48.294,-47.285,14.991,-8.811
1,-13.494,-33.172,1,-4.733,30.625,10.025,4.627,7.77,0.62264,-37.565,20.88,-33.279,8.65,-9.412,-3.423,6.988,-25.671,-0.00085,-10.677,0,-15.752,41.681,-46.621,-13.071,1,22.827,1.596,-4.464,0.94340,-18.624,-37.707,27.739,43.985,-0.11321
0,-44.495,-2.649,12.632,13.465,-50.031,-28.017,38.603,48.364,40.55,-17.411,-44.574,0.12808,-2.205,0,0.28571,46.108,-48.923,0.51163,48.377,-30.043,0.45238,21.499,44.592,-45.261,25.556,-2.083,27.335,49.121,-24.234,-34.839,45.605,10.666,0.26190,0.02381
1,1,-27.563,-9.514,0.04167,-39.747,48.008,-49.249,16.499,4.87,29.453,45.369,0,0.29167,0.10417,-1.792,-19.438,-26.864,-1.881,40.481,-48.391,-7.446,8.145,40.194,43.566,-42.505,31.88,36.137,-20.319,-12.277,-4.533,48.195,-0.31250,0.33333,5.263
0,1,15.712,1,1,-37.327,-25.133,-24.83,17.545,-29.888,0,7.752,-18.841,-16.812,17.173,-9.542,5.61,-23.877,11.629,14.735,48.87,47.672,48.011,0.62030,-6.687,-7.75,-47.558,-33.278,28.118,-45.009,1,-33.032,0,-14.857,24.249
1,1,40.867,-27.722,0.06595,0.93614,-8.403,39.437,0.19152,10.889,29.905,-37.851,45.977,0.77937,-47.302,-25.956,-20.477,-6.8,0.40844,-19.215,0.59862,33.508,-49.172,8.48,-19.591,-43.184,-29.631,-29.185,-28.738,46.203,35.27,-35.653,3.297,-26.156,-10.805
0,-40.076,-12.966,38.997,9.925,0.82809,-4.914,-42.991,45.943,45.511,-35.291,-3.271,-37.515,0.95824,-0.85727,44.132,49.086,-21.262,36.097,0.88673,29.023,-32.774,16.22,-38.678,25.595,43.167,-0.30063,-11.036,-14.299,-33.279,-48.369,0.87757,49.719,-34.559,0.68822
1,-47.863,-47.531,7.915,0.10129,33.722,-49.155,15.1,6.892,-12.017,-4.591,26.047,-1.002,-41.348,-1.694,1,-9.396,-47.885,-45.228,46.854,-31.936,0.97620,47.98,0.97889,-18.835,20.541,-5.377,14.531,-48.789,-42.72,0.01307,1,14.652,33.919,-0.06888
0,-2.047,-40.437,-0.184,-22.372,-14.552,47.663,11.619,0,20.097,17.477,33.174,22.76,-39.186,-3.09,47.513,0.65565,-28.185,-40.736,25.982,0,-23.825,-2.535,12.891,-3.946,-2.264,0,-37.967,-1,0,11.458,29.433,23.205,26.729,0
1,1,47.484,-30.666,-36.476,1,0.391,-2.827,-0.00763,0.97868,34.321,17.589,-40.808,42.064,-24.418,-2.31,-0.02581,-26.74,-3.232,-47.863,41.738,-5.442,28.81,-14.215,32.378,-1.387,-0.384,-37.047,-0.03473,24.274,-6.279,1,16.66,-11.003,45.401
0,1,0,-13.864,-47.673,0.98919,-37.6,0.18919,-0.05405,-8.218,39.592,39.307,-2.01,19.679,-7.302,6.242,19.348,-32.1,-38.196,-37.139,31.889,-22.171,-0.637,38.361,-0.41622,12.55,-19.117,-15.547,-17.281,7.384,-13.002,12.13,-0.25946,-39.393,-20.542
1,42.245,17.193,-33.613,0.01403,0.34146,-0.02439,49.051,48.344,-30.124,24.66,-41.296,16.345,0.21951,19.507,25.488,-25.51,30.787,42.495,45.966,24.69,-46.217,0.12195,0.23698,36.651,-33.138,-33.686,0.19304,40.84,32.023,-23.585,-0.425,35.696,-24.437,-12.422
0,1,-35.161,-9.282,10.231,-48.944,-43.243,-9.496,0,0,40.035,47.417,-28.588,-46.782,6.028,4.506,1,-0.057,-11.624,22.089,-34.477,34.809,-31.793,1,-22.666,34.081,28.061,-30.441,-47.458,30.151,-11.939,-34.424,-1,-36.704,0
1,1,-7.077,23.874,30.772,0.46939,0.24490,-14.816,39.712,0.46939,-31.907,49.355,-15.172,-31.45,10.376,11.461,40.391,-5.16,0.55102,21.853,-16.321,31.415,5.95,-0.28571,-9.461,18.037,0.22449,-21.668,-6.889,39.877,11.773,47.7,23.332,-22.215,32.265
0,-6.357,38.439,32.593,5.653,1,14.647,42.759,0,0,-19.143,-10.643,-41.483,-2.859,-45.936,-41.776,-47.258,-35.524,37.371,14.952,-45.903,0,13.405,-44.129,-11.888,18.847,-8.52,1,-1,32.132,-34.566,25.801,-25.964,-8.67,0
1,1,-18.307,0.89706,4.347,10.266,32.731,-22.237,39.563,38.6,40.557,-2.338,27.568,-3.774,7.206,14.068,24.149,-44.482,0.67647,14.997,-37.266,10.361,-25.313,-0.86029,-17.884,18.928,33.216,2.025,-0.24131,24.045,16.137,1.556,17.323,-0.28676,-0.56618
0,1,0,-1,-19.217,-3.134,-0.695,39.452,34.079,-10.847,0.71242,-45.176,-11.28,-34.735,16.014,-35.681,-0.02614,27.509,-33.935,11.131,37.516,-46.838,-43.125,-27.708,-7.787,-11.931,2.235,49.309,0.09176,-30.754,-17.411,34.701,-20.075,48.01,-0.48241
1,1,-40.634,36.352,31.163,0.53333,37.216,45.552,-0.13333,-39.395,-10.725,0.56667,-29.669,0.71667,28.787,-34.333,30.178,7.006,-47.478,-41.283,-7.356,29.38,40.842,-47.008,45.626,-8.267,0.13333,35.454,49.014,-43.838,-7.53,35.949,0.03333,16.68,11.311
0,1,31.526,33.696,3.227,-15.058,5.176,-44.526,-0.04444,-30.925,-26.228,45.657,49.163,-0.00885,-30.709,-0.01586,-41.285,-18.109,18.824,-20.812,-0.00153,-28.474,0.00238,-26.478,-38.992,36.511,-31.413,-18.627,-0.00043,-16.601,-36.35,25.06,22.376,-5.684,-45.153
1,1,0,-6.017,-14.648,-13.976,-1.55,21.16,26.058,0.86486,0.18919,23.315,-29.885,49.127,39.353,-18.986,-0.05405,-29.2,-0.21622,-22.292,25.683,29.865,39.212,-13.591,34.683,22.634,-35.966,-29.655,-28.597,46.785,-35.988,30.637,-0.59459,24.643,-3.367
0,16.583,-38.147,-20.115,37.624,33.186,-25.014,-12.301,-8.419,32.567,-24.257,-4.268,-0.01953,25.037,1.204,-39.053,-39.589,41.433,-0.03516,45.261,-17.301,-3.789,0.11719,-0.93359,-48.574,-3.912,-0.00391,0.82041,-5.14,0.90234,28.788,-35.889,-34.854,-44.856,-36.218
1,33.972,-17.173,7.782,3.96,-46.657,-45.865,0.93526,-10.757,-31.476,-26.77,-43.475,3.522,0.95665,-0.03064,4.273,23.088,3.606,-0.02659,-29.33,8.895,-44.966,-0.04971,10.55,-46.302,36.516,13.194,44.453,41.639,-27.344,-28.459,7.257,39.434,0.95838,0.00809
0,27.859,0,-4.293,39.484,32.287,22.167,-46.496,-35.684,46.581,-0.22222,-12.727,-47.853,0.16667,-0.11111,-33.093,21.781,8.266,-0.38853,24.658,-10.81,17.052,28.794,-47.466,-47.171,-21.544,-36.236,-7.613,13.132,-44.172,-0.27778,1,3.618,-9.54,21.075
1,-45.922,0,-47.938,-42.465,-37.941,-38.663,14.907,-3.529,-24.957,-0.05431,48.203,-12.826,14.42,-8.544,-33.568,23.444,39.416,0.831,-15.226,-43.305,-0.00003,24.648,41.661,44.801,-31.929,-0.00090,-29.951,-0.00048,-37.159,-0.00024,-44.151,33.464,39.121,-0.00006
0,1,0,-10.578,-37.643,-3.083,0,0.60784,6.966,-3.418,40.901,-16.938,-26.778,-15.613,19.743,-8.841,-14.592,-3.913,8.079,4.686,-33.494,22.623,-0.19608,1.341,7.591,23.495,-0.25490,-38.183,29.379,-47.005,26.992,0.03,-33.387,-12.6,-0.27451
1,-1.538,0,46.43,41.772,26.596,-45.228,12.084,10.953,43.628,0.19939,-25.223,46.421,44.401,27.188,49.595,0.06317,12.594,-30.032,48.106,40.113,21.426,38.273,-34.856,-2.652,-0.01097,-43.907,48.5,-0.00586,-45.002,-27.784,9.269,-0.00408,0.00025,-48.544
0,6.325,-27.301,-20.875,0.15625,43.441,39.944,16.499,-48.1,0.62500,4.599,-27.375,47.611,35.665,-1.558,-17.206,0,8.218,47.956,0.43750,-2.355,-12.694,-0.09375,0,-9.952,29.547,-49.738,-42.87,40.127,31.348,-40.299,-2.365,-4.45,-49.645,0.09375
1,49.011,5.324,-7.587,-37.338,30.118,44.862,-23.524,-0.06486,-45.057,47.655,-45.569,-0.03243,-33.289,-7.693,1,-25.198,-13.905,16.81,-32.053,-0.00541,1,0.06486,-16.95,-19.416,-28.91,7.367,16.698,24.261,1,-24.862,-15.297,-6.723,18.545,14.665
0,1,-49.613,-25.489,45.418,39.528,0.08069,-19.17,-28.529,41.782,-26.686,0.83721,48.909,1,-10.905,1,-27.675,-7.719,-43.541,-37.844,10.156,33.976,34.777,-5.89,29.405,-46.839,10.668,46.3,8.728,0.84496,2.971,-34.887,0.87317,-6.462,-29.073
1,-4.719,-43.751,-12.063,48.893,1,0.08021,10.522,-37.579,-32.978,-20.852,0.93583,42.865,1,48.202,-13.47,-22.152,-38.545,-19.988,0.91444,-35.139,37.117,0.02139,29.831,38.383,-34.416,0.05348,27.423,-11.992,-32.882,45.247,-47.795,43.303,17.894,-29.106
0,7.956,14.76,-41.281,-18.494,48.303,-4.145,-48.602,0.31750,33.31,-8.993,0.36285,-32.297,0.09250,25.333,-5.315,0.21000,-0.08750,-43.395,45.573,7.181,32.242,-47.611,-48.42,0.33176,-0.58000,-49.376,-12.665,-1.259,-4.967,44.856,-49.134,13.262,14.521,19.656
1,-28.126,-2.264,-44.576,26.762,-2.414,46.876,-39.737,29.455,-2.246,-14.215,0.63333,-2.498,-41.528,-22.372,0.73333,22.586,0.70000,13.171,-38.259,-40.799,-0.93,11.586,26.749,11.458,23.08,18.61,0.475,32.305,-38.367,0.13333,0.60000,0.16667,0.63333,-2.368
0,48.484,-24.406,-48.789,-15.223,0.45,16.599,-23.825,41.053,47.821,45.403,0.01676,-0.414,-3.226,0.05307,16.762,-0.03352,32.425,28.931,-0.06425,0.07542,-0.04749,34.375,41.766,-11.993,-3.302,19.414,-6.339,-2.356,-40.743,-27.743,23.348,0,-36.438,-6.287
1,1,-7.102,20.224,39.879,5.968,-36.701,0.47564,-2.989,-39.669,-16.214,-47.922,11.975,36.884,0.56079,-14.622,0.41743,-38.704,-16.475,-23.825,-33.295,-20.91,18.239,-37.447,-0.55089,-0.04119,-2.731,-12.842,-19.682,-37.715,31.47,0.46059,-31.86,13.054,7.324
0,26.196,24.538,42.55,0.01437,-8.244,35.742,38.389,-0.574,48.232,-34.246,-30.302,-25.576,-0.03736,17.236,36.51,-0.04598,-0.521,-23.56,-12.535,-24.556,0.02011,0.02299,45.611,-46.497,-41.698,30.413,48.532,40.801,16.323,-33.346,0.02586,0.01149,31.803,-33.79
1,42.245,-1.057,-34.7,7.018,0.79704,-36.693,-33.677,-10.622,10.021,40.046,-41.459,-10.292,28.895,19.491,35.66,0.01675,-28.787,-0.00788,0.79113,-35.191,22.848,-31.408,25.365,-47.727,29.877,34.066,-21.608,-46.452,0.74089,-0.05025,47.246,-49.915,-8.706,0.00788
0,-6.038,31.701,-21.911,-15.198,-7.073,0,0.01997,48.027,-31.772,-16.922,-9.836,-31.586,39.895,-0.02282,-21.203,-12.971,49.002,11.561,23.51,39.544,23.353,3.51,40.52,9.802,32.561,5.52,22.097,0.01569,11.481,-5.092,-0.02568,-32.375,-0.01427,0.01997
1,1,-15.764,0.47090,38.599,33.016,19.183,-44.873,0.47619,-34.548,32.627,-42.797,25.341,-0.34127,0.31217,5.24,0.32540,12.889,30.636,14.452,-0.11640,-45.83,-25.109,-7.505,18.268,-47.723,38.442,-8.634,-4.177,-11.484,-36.74,-42.234,15.403,-45.636,-12.846
0,1,-19.143,-25.608,-3.745,11.236,-0.04119,6.45,38.804,0.12586,1.935,-22.746,-37.755,26.801,0.07780,16.71,-0.13501,-2.239,-18.355,42.949,38.217,0.11670,17.83,39.889,-8.523,9.505,32.253,24.681,3.978,33.453,-44.173,14.37,-0.07323,23.443,19.602
1,1,0,3.648,3.052,-19.015,-34.245,11.948,-16.688,34.229,16.146,27.753,48.985,-7.606,-10.931,-18.599,34.207,37.674,47.79,-12.408,-47.485,-0.346,-11.176,0.71481,15.297,-43.437,-33.16,-33.317,-3.052,-19.646,0.60512,-28.622,0.54479,-0.21572,0.50457
0,1,0,-40.615,-7.557,-44.198,40.201,-29.664,-41.688,45.637,-34.99,-47.705,48.961,-42.276,-47.709,35.462,35.052,40.601,29.09,36.062,6.468,0.04372,-39.788,11.38,0,0,-10.854,45.237,37.205,-29.748,28.688,-7.356,31.239,0.00705,0
1,26.06,0,46.47,-44.347,23.195,-31.469,-20.041,-0.04182,-13.942,-18.017,-4.821,2.947,-29.855,16.202,-35.567,5.089,-25.64,33.895,32.362,-0.14190,19.714,49.149,31.15,0.02240,0.79686,-8.537,-40.459,-31.024,-15.72,-28.54,-17.888,-0.01942,-44.362,-0.09186
0,-29.265,0,-0.847,-1,47.2,1,-15.27,40.353,-28.615,28.244,1,-15.348,-20.608,-39.993,19.511,37.512,-27.375,-34.758,1,-22.01,28.908,26.86,25.129,21.315,23.283,-8.017,1,27.301,-34.669,-28.525,47.613,-13.625,-27.16,1
1,1,-38.147,35.4,39.55,-48.533,-4.513,-2.708,16.572,-0.42625,0.88744,-12.063,44.839,-21.991,28.963,-18.132,-0.31044,-35.549,-0.55262,-3.317,-35.527,1.324,30.789,-35.227,-25.034,41.258,-0.23324,-37.336,-8.189,-23.89,-43.273,-39.389,38.322,34.074,0.64933
0,27.037,0,1,4.321,-44.852,-26.24,4.562,-5.869,-27.478,7.303,0.02500,0.03125,-45.278,14.238,3.517,2.611,1,-1,36.545,44.49,1,-27.318,-16.86,-46.594,40.468,7.83,-43.444,-4.202,-31.444,10.612,40.712,-9.769,-30.328,32.972
1,-34.959,13.703,1,-45.352,0.62745,9.877,0.01961,-9.54,-10.872,0.92157,-36.397,-13.139,-1,7.384,30.326,22.759,22.52,-48.283,23.423,-34.956,46.573,-47.668,0.74510,-23.269,-4.371,28.828,40.468,-46.778,-7.888,4.818,0.23529,22.636,-48.584,17.954
0,1,0,14.7,41.662,-1,-32.929,-39.559,-28.95,26.859,-46.922,-13.789,-2.46,-7.52,-42.3,1,47.166,39.413,23.459,-48.249,-25.031,-1,-46.172,-0.16,34.465,25.651,0.43750,-14.227,-39.182,-37.159,-44.151,-1,38.121,-34.575,23.128
1,1,-13.07,27.75,0.44444,23.581,1.582,-33.394,45.803,-0.33333,0.88889,-12.206,-15.947,-1,-38.819,13.402,-42.584,6.378,-27.438,8.752,-5.046,29.403,-0.77778,8.604,-14.716,0.33333,-47.573,-16.703,-9.038,-3.234,-32.435,20.102,42.019,21.479,0.599
0,-30.066,-2.649,48.139,41.605,0,4.137,0,0,11.894,-48.541,40.097,0,48.506,21.451,-34.839,-44.999,10.714,46.18,46.272,0,-2.538,49.632,-27.779,-37.565,0,12.632,10.27,-45.495,26.129,-43.902,-4.462,0,44.425,43.551
1,1,-27.563,1,0,-0.98,16.499,5.825,-26.801,-11.944,29.515,0.91201,-17.148,0.89067,35.839,40.996,32.229,8.812,-2.083,-0.901,48.612,-48.895,47.611,39.269,-25.484,27.586,-19.718,-9.212,0.26388,-39.58,40.194,5.233,0.29074,44.053,-48.966
0,7.275,-4.45,-1,1,-23.83,-47.162,-33.032,24.249,49.011,-1,15.735,-43.901,45.89,-8.779,-15.857,-1,-34.278,-25.133,4.324,14.712,17.545,0,-37.327,-29.888,-1,-47.558,-7.587,-7.75,-16.95,-18.459,15.718,-25.524,29.118,0
1,46.364,34.27,31.405,-29.529,3.901,-43.588,-19.503,10.74,-5.89,-35.999,39.416,48.759,-46.645,-11.399,-7.755,-38.751,-25.564,45.3,1,47.561,-15.519,9.929,0.66667,7.901,0.66667,0,41.77,-0.05352,-25.678,-45.898,-27.786,-0.11111,-29.073,0
0,45.236,9.522,-20.857,-49.613,48.909,0,-37.595,-43.751,-7.462,32.976,-39.545,-29.17,-1,-23.216,-33.759,43.212,-34.182,0.75000,0,42.881,28.842,-12.036,25.453,-4.719,-20.036,-33.909,37.149,15.916,-15.47,-1,-47.795,49.202,0,0
1,1,-48.863,39.399,0.45455,-47.885,19.171,-4.22,-47.44,45.671,24.967,7.956,0,-30.951,6.594,-11.987,-9.525,-17.782,0.09091,1,-4.497,1,-41.439,-3.245,-0.884,15.117,-43.721,-34.379,48.023,-11.966,-48.265,46.915,-49.409,1,13.392
0,-28.126,0,30.009,-0.63636,32.987,26.729,-42.328,-22.372,0.16,32.491,-40.471,0.39394,11.543,-2.428,13.435,0.31439,-14.753,33.051,11.579,-39.114,-40.418,-0.53409,-0.57576,46.988,-1.371,-39.198,-2.789,14.185,23.018,26.225,-2.316,18.454,-45.006,-0.41667
1,0.661,-15.215,-1.264,-3.192,-5.254,41.3,1,17.11,33.425,0.442,1,-2.112,-26.74,-11.87,1,-5.972,-22.825,-40.832,1,16.473,1,47.837,1,23.715,20.409,22.329,46.442,48.018,1,-36.426,-2.22,29.189,42.738,-2.3
0,-37.082,0,12.55,-13.002,6.384,-7.729,-18.117,0.51064,-37.959,-0.23404,-24.171,-31.997,19.406,-37.964,-16.105,-34.1,0,0,-23.576,-0.07979,39.342,6.242,-16.376,-48.38,34.35,37.361,-4.005,-40.15,31.665,-0.48936,-36.394,-19.481,-49.524,11.588
1,49.523,0,-33.338,-33.492,18.026,42.329,0.088,0.25000,26.071,31.765,-11.579,45.69,17.13,0.12500,-1.375,0,39.25,0.04167,-24.51,30.505,19.346,-41.813,-7.468,36.76,0.83333,-13.989,36.534,-33.302,49.309,-0.218,-23.899,40.784,-29.611,0.04167
0,1,-31.441,7.214,24.45,-22.388,-47.782,-1.057,-35.424,0,-34.477,-10.282,0,9.346,27.87,0,0,-46.458,34.809,-9.496,0,-42.243,-23.64,-0.05128,-50.01,-29.509,19.548,-34.988,41.136,-46.36,40.131,24.564,34.033,-10.456,46.612
1,1,-31.793,49.047,11.507,-6.077,-0.11326,24.519,-37.002,41.469,-31.904,4.472,21.714,-6.18,-22.422,0.91904,-15.706,-12.208,-10.439,-16.191,10.826,0.82450,39.097,23.92,-21.95,10.495,4.538,-4.611,48.192,0.37941,38.669,22.33,28.262,0.29221,-0.89621
0,33.593,-45.903,1,16.647,-1,-33.566,-33.356,-13.713,13.751,18.859,0.46053,0.07018,-45.454,-7.3,-15.413,32.047,32.86,30.528,-3.631,15.483,38.439,32.51,18.549,38.209,-23.964,-37.19,-7.67,-1,25.801,5.407,0.35088,-44.927,-41.947,0.07895
1,1,-18.307,39.886,23.567,-7.522,2.001,-46.688,26.376,-1.63,14.039,-22.273,9.114,0.73855,16.258,43.474,-12.003,-3.28,19.059,0.40473,10.546,18.441,-0.39328,-43.575,39.45,0.23966,-26.217,4.256,31.872,0.12777,-19.535,33.498,5.832,-42.3,-0.46603
0,-6.845,-10.54,1.666,1,39.058,33.518,-34.89,0,-44.176,-33.105,1,1.704,0.155,-19.102,28.49,0,25.596,-20.498,34.789,-17.463,38.144,15.674,-27.649,-9.931,-1,-32.918,-16.972,-38.744,47.565,-2.356,14.497,10.733,0,0
1,37.086,0,32.186,-40.829,0.96419,34.815,-6.693,-35.259,29.521,39.939,-46.0,45.337,7.176,48.463,11.995,28.564,0.37254,-40.469,-29.483,-0.72109,-41.295,-42.837,0.33509,47.815,-47.561,-11.478,-47.585,-0.59589,-0.07162,-12.829,35.464,44.678,-44.313,-7.818
0,1,-30.736,-9.517,-1,-18.615,-19.816,41.642,32.963,23.376,0.53819,45.612,0,-36.111,48.137,26.06,38.216,-44.348,16.263,-40.283,19.832,-30.413,31.244,-29.685,-14.785,-27.192,-15.601,0.33333,1.827,1,-29.476,5.752,-46.153,32.002,1
1,25.129,26.301,0.84177,30.342,37.012,23.077,39.452,-28.59,28.866,0.88186,-7.741,21.123,-23.949,0.19409,-6.551,-19.863,-19.256,-15.281,-31.238,21.426,-35.506,-0.86498,-13.833,-36.427,0.74895,-28.664,26.639,-38.914,46.841,0.42827,48.927,-13.645,-26.164,0.69409
0,-42.856,-38.053,-10.301,40.158,-1.847,-34.889,-20.06,-1,-36.874,-1,1,1,-16.273,39.48,-29.615,-5.277,1,-31.265,29.855,-2.124,-38.147,-34.666,2.04,-40.586,-3.797,-1,-23.681,32.594,14.583,1,33.548,35.186,-48.922,-24.269
1,1,-45.852,33.972,0.63548,1,4.517,7.074,38.659,35.212,40.468,-6.202,1,-44.444,-27.478,-48.594,45.339,-11.769,-46.278,-1,6.163,12.238,-31.253,25.037,-28.651,-8.736,-27.752,-16.98,-1,-31.444,2.937,0,8.612,-3.869,1.944
0,39.539,21.734,40.655,1,-6.293,-11.54,43.49,46.22,-9.613,9.877,-46.596,2.321,-23.544,-36.959,-1,8.266,0,-45.901,-1,30.287,-1,5.25,13.703,-34.093,-45.668,-14.727,24.658,24.167,-47.466,16.052,1,24.092,-10.382,0
1,40.413,-46.922,-24.031,0.908,-28.95,0.14211,1,41.883,-37.182,-33.7,24.459,-35.178,49.166,-42.81,34.465,-44.583,-32.304,-11.789,1,-37.159,1,-43.231,27.859,-37.559,30.044,-7.52,1,23.128,1,-46.746,15.7,1,-14.227,40.121
0,0,0,23.651,6.827,23.044,-33.172,29.625,-0.401,0,-26.66,-42.362,-4.046,22.035,19.88,28.305,-49.249,44.803,-47.573,-34.279,6.045,0,14.402,1,1,-2.808,-14.07,9.197,-4.46,0,-14.494,41.019,-17.624,-38.707,-16.28
1,-43.999,9.27,11.363,48.427,-8.905,-27.922,-4.594,44.211,40.395,0.04403,41.986,-0.26339,0.28931,-0.31997,43.585,-2.839,4.339,25.834,0.15196,45.889,0.09513,-45.81,-43.836,47.871,0.704,49.381,-48.542,11.662,-37.591,12.42,-0.04717,-35.029,46.285,-11.478
0,-29.066,0,-17.269,-27.301,43.378,0,4.537,21.451,29.515,0,36.697,-0.33333,-20.052,47.872,-12.694,-27.563,39.944,40.127,-25.234,-49.645,26.888,-49.488,-2.147,-39.424,-10.952,48.612,38.311,-1.788,-2.563,-1,7.937,-0.27083,-0.19792,31.13
1,-41.901,7.275,6.324,-24.472,18.539,0.10123,-0.69,29.266,16.667,16.234,0.66026,0.54701,-29.084,14.988,24.987,-8.313,45.557,-24.846,-17.354,0.29304,-24.305,-7.487,0.45582,-33.994,-46.168,-19.187,-4.121,-14.601,0.27381,-47.926,0.22427,-32.818,48.192,5.516
0,1,-26.678,-7.533,-28.77,39.867,-31.073,-7.75,-36.887,-46.645,-6.572,-25.528,49.632,1.901,9.629,-30.529,1,34.744,31.405,17.718,-36.327,-10.489,7.012,-39.751,-1,46.129,0.36508,1,-19.17,11.04,-15.789,-1,-46.334,46.672,0.72831
1,1,16.916,49.846,-49.615,-38.937,29.274,46.287,-22.618,39.459,-35.013,33.938,-11.946,-19.04,43.294,43.797,-43.537,36.996,-21.11,-47.922,-34.054,0.84871,0.26133,10.273,-5.756,0.84547,-37.621,0.87293,-0.02302,-13.485,0.09385,-6.678,26.351,-32.901,-29.318
0,1,-43.63,39.399,47.202,-17.782,1,45.671,1,26.058,-0.5,49.073,20.625,-42.751,0.025,7.867,46.236,-35.379,0,-3.245,-47.719,7.956,14.574,-3.497,-42.076,1,1,-47.885,-12.341,46.915,-10.093,-32.701,-47.863,-46.531,15.117
1,15.76,29.388,47.81,32.952,1,25.944,-44.176,25.878,-48.136,-1.509,0.816,13.35,-39.918,-0.06861,-4.22,-2.88,0.95802,-13.177,12.455,32.831,-1.524,-22.334,19.473,-38.874,-39.437,-38.938,-41.365,22.54,-28.215,0.03885,1,-0.13722,12.423,-0.11717
0,29.836,-27.74,48.184,-1,-1,15.698,22.37,42.738,-22.825,20.359,0.74597,-0.726,15.59,44.649,-0.09677,-13.215,32.69,0.848,0.31755,32.15,47.34,-3.249,-2.384,23.372,0.03021,-40.707,0.03443,-2.547,-3.224,-3.327,-6.261,41.066,-2.347,-6.439
1,-23.406,0,-30.837,-47.29,0.80804,7.214,32.889,-39.758,12.112,-0.07398,-16.403,-6.895,-37.085,-37.352,0.98214,37.386,-36.139,-3.944,35.307,-19.04,1,-36.483,-11.084,0.30804,-12.002,-38.184,-14.215,39.588,5.999,-48.769,-22.171,-33.287,-19.385,-0.05740
0,0,38.375,-2.083,36.593,42.495,0,0,-16.547,45.649,40.784,48.523,-34.255,36.696,-12.864,-24.51,-7.218,1,-34.784,0,-41.729,31.421,49.309,19.679,-13.495,32.849,0.38,18.193,0,1,26.196,0.573,-25.608,12.55,19.278
1,1,-22.388,-33.477,-1.341,-45.458,24.364,20.404,-0.35094,29.061,33.775,35.736,45.926,40.943,-0.44119,-49.187,-10.085,-32.66,-47.065,7.625,15.721,0.68459,-11.334,-29.775,-48.656,-34.669,23.805,-31.086,-0.76054,-10.019,-24.423,0.16604,8.499,0.13994,40.545
0,30.151,39.881,5.501,23.332,3.506,-31.793,11.461,-7.077,-0.85000,-1,23.527,9.825,1,-10.787,-16.872,-15.224,21.057,-30.588,-13.939,-22.203,-20.95,21.089,-0.60000,-43.243,12.589,41.469,-1,-0.20000,-30.573,-37.704,-5.099,-34.424,0,39.508
1,39.439,-7.357,33.51,0.09091,19.603,47.956,-24.191,0,50.049,30.568,-14.809,13.405,-44.682,-34.521,33.502,-0.04545,6.653,15.647,1,0,-31.492,-42.685,32.905,31.792,-11.979,-6.992,-7.754,38.4,19.802,24.892,-35.66,-3.95,0.86364,0.04545
0,14.952,0,-42.483,-45.903,8.354,24.326,-18.143,7.345,-45.107,15.563,-2.53,0,-1,-48.491,-23.979,17.518,-26.695,2.964,39.886,-1,15.273,18.671,11.097,0,1,-12.643,-9.52,31.356,-3.752,26.678,-44.129,41.759,0,39.777
1,34.341,2.704,0.067,-34.006,0.97059,0.17647,38.967,24.685,-5.934,2.637,2.968,34.612,-9.57,-18.16,35.459,0.02941,-16.972,-19.498,-19.102,11.733,0.76471,-10.813,0.88235,-37.714,-27.796,15.704,-16.537,15.523,0.94118,-33.223,-33.92,38.117,0.91176,-44.117
0,-34.033,-47.708,-1,-41.295,-45.238,0.15244,48.848,35.992,34.482,41.209,-1,-13.28,29.49,-9.842,-8.34,-0.23476,45.502,28.064,37.086,49.412,-40.076,10.361,5.473,47.96,-2.356,-1,-1,28.668,-28.754,-47.793,-42.7,-0.32317,45.775,32.263
1,-15.601,49.137,0.47368,-0.10526,34.801,45.63,0.83155,-29.659,-20.132,-44.401,-6.879,-47.678,0.79856,-45.102,17.046,37.274,41.484,-8.044,19.832,31.579,-17.382,-26.4,30.947,-41.202,-40.213,25.271,0.65419,-31.323,0.52632,4.843,0.60150,-28.38,-35.776,-30.639
0,1,-30.987,-0.00641,-39.493,22.315,2.827,26.282,-18.608,29.244,-35.758,-18.627,-26.16,-14.785,24.129,48.613,39.353,0,-35.669,46.514,-22.081,36.16,-4.94,21.937,-15.432,22.376,-28.375,-30.14,-0.51282,29.908,25.86,-7.017,0,0,0
1,1,-35.874,-29.265,35.002,35.186,-23.723,-38.767,0.63636,1,28.764,1,20.511,-2.306,-11.755,-13.634,0.27273,-28.615,39.843,-4.277,-38.42,-13.439,-0.45455,-23.681,-37.975,1,-34.98,32.594,1.128,40.158,-20.697,16.583,-1.21,-16.546,-43.583
0,0,39.468,-46.852,-9.403,-27.318,5.83,43.339,-9.769,6.303,-5.202,-1.797,-1,3.611,8.612,26.037,-4.869,0,-32.444,-46.278,-30.328,34.545,4.937,-46.594,-1,-35.666,-43.444,33.972,-47.922,0,-26.752,1,38.159,3.517,0
1,1,8.877,31.741,-10.449,-46.96,39.63,-5.02,-48.284,-45.265,21.734,-16.809,-28.569,-46.213,13.147,23.653,-0.01343,42.292,-0.18182,0.45455,-34.093,7.63,23.001,3.593,17.234,-8.25,4.159,43.835,-35.976,0.27273,0,-22.18,0,-10.092,23.64
0,1,-13.727,-1,-44.747,13.703,22.128,-44.3,42.307,-30.821,-44.172,46.22,29.044,-35.573,0,0,26.859,0,-38.182,-31.929,0,47.166,-13.789,-8.52,0.84,-14.929,-46.763,-24.031,-38.043,-33.575,33.465,0,14.7,-37.159,39.413
1,-25.66,7.827,42.019,0.14286,9.197,24.173,1,-12.356,0.599,-3.951,45.66,22.901,23.035,-33.253,-3.046,-17.624,-46.493,19.737,25.651,0.03617,-47.249,-33.457,40.121,7.045,-42.076,-0.28571,-2.46,0.04891,1,14.454,1,30.197,-46.573,-16.28
0,0,48.139,-33.839,13.632,1,3.137,-26.779,45.425,1,-13.494,10.27,1.674,42.605,-44.902,49.506,-3.462,1,-12.206,-37.707,-46.495,50.632,11.714,44.551,-47.541,47.18,45.272,-8.488,12.894,1,-36.565,28.305,1,1,41.097
1,-19.218,-49.645,27.956,-44.53,-1.441,0.82161,-2.434,33.02,-30.447,48.991,-0.73939,-12.112,-0.92099,0.16731,-0.82417,-17.518,-0.59383,35.063,-2.889,-3.162,4.725,-28.088,38.785,-25.808,30.208,-49.518,26.82,40.232,-9.424,21.849,43.638,48.177,-27.63,0.57552
0,-42.901,5.325,40.944,7.062,1,-23.83,18.545,15.499,-39.33,-7.587,1,-1,16.712,-18.95,-6.779,-20.459,1,-33.278,-23.524,-32.032,-3.45,1,6.324,23.249,45.89,-24.133,1,1,-47.162,-45.558,-28.888,-0.651,15.735,-15.857
1,1,7.275,35.197,16.76,0.89266,10.786,0.86098,-47.447,-5.913,0.36526,-37.945,45.702,48.434,29.524,0.66586,-10.693,8.613,-45.491,-6.356,-35.366,-36.843,30.947,-29.647,-15.74,-26.009,-28.976,0.26978,49.412,48.234,-28.14,-20.027,0.49124,10.156,3.367
0,45.364,0,1,-6.462,-48.613,8.522,1,37.528,1,1,42.881,-33.759,-32.909,31.976,-29.17,-22.216,-26.678,-43.588,0,-20.857,27.842,1,-19.036,44.212,-37.595,-8.533,49.909,37.149,-12.036,-5.719,-36.182,-15.47,40.867,16.916
1,26.058,26.453,-42.695,-39.408,-3.307,-48.631,7.813,-8.955,0.79039,0.47127,46.639,0.59942,-34.726,45.421,-12.458,-48.059,0.41629,49.029,45.492,0.85952,-47.394,20.481,38.404,-42.862,-48.937,-40.278,13.364,-47.939,-1.306,0.71454,47.687,-18.138,6.393,0.55835
0,-49.136,0,-44.176,-41.437,-39.967,15.117,-6.22,-41.328,47.81,-39.899,-11.987,30.388,-30.126,10.619,-5.497,21.586,14.071,1,33.722,24.982,-23.372,13.76,-1,-1,-30.951,-0.184,19.477,-2.663,33.987,-1,-39.926,12.458,-1,1
1,-22.825,-2.946,33.231,28.967,-1.767,-2.804,0.64615,0.19038,-2.166,0.45577,27.177,0.46439,41.314,0.57308,-2.012,-27.369,-40.621,-5.735,23.205,32.778,-0.03462,42.167,-14.304,-5.998,0.233,-1.947,-3.42,17.048,-0.23832,19.704,22.18,48.055,-3.549,-0.027
0,-15.215,39.592,46.442,-40.682,-6.102,35.35,1,-20.117,17.59,1,12.13,30.889,-47.848,38.361,-23.406,-48.673,1,-12.987,1,-2.813,-37.039,-37.082,-12.002,-18.105,-19.385,-37.485,6.242,-1,8.384,1,-30.635,46.484,-36.139,1
1,1,-33.784,-1.109,-8.088,39.316,25.396,-22.283,0.32248,36.586,-32.773,-11.64,-16.094,32.572,-13.341,49.223,37.181,0.58548,0.242,0.48869,19.982,-0.178,-41.048,30.774,41.54,18.947,0.76210,-24.439,0.78541,-25.435,43.3,12.521,0.77702,-37.476,49.052
0,-1.057,40.035,-34.477,0,8.028,-9.282,45.649,0,-22.64,25.617,9.231,19.458,1,15.297,-33.357,0,24.538,34.809,0,-46.485,46.417,34.081,-31.441,41.245,-22.388,-46.458,-9.624,-10.496,-34.255,0,-50.944,1,-30.32,17.193
1,12.461,-36.704,30.074,-35.27,0.86399,-9.489,-34.436,-29.22,0.70588,0.56830,-47.208,0.62719,39.941,22.804,3.823,-31.116,40.66,0.76818,28.108,-12.177,-42.363,-21.18,-0.18479,-30.86,9.532,-16.215,-7.465,40.466,21.621,-4.597,22.8,0.40732,-15.786,5.852
0,0,-42.776,24.801,32.132,-35.524,1,31.568,33.593,-12.888,38.439,49.049,5.653,-4.859,-22.203,31.701,0,-8.357,-35.566,0,15.647,23.527,0,12.589,33.51,-24.964,0,14.405,19.847,18.649,-7.038,47.047,-31.356,-15.764,0
1,-44.129,19.671,0.88804,15.333,-41.824,-7.975,-45.612,-1.651,-25.763,39.788,10.701,-46.686,-46.328,-43.542,41.929,26.947,-0.78940,32.274,-19.771,-0.30942,-4.218,3.408,-0.16449,-12.286,0.09562,37.761,-22.675,13.79,0.43227,9.056,17.033,-8.615,0.42152,17.956
0,34.518,23.326,34.341,37.058,40.777,1,1,16.497,35.789,12.733,-33.89,7.345,2.997,-45.176,-17.307,3.666,-9.54,1,-5.845,-21.102,-9.931,-18.463,-27.649,23.596,3.704,-1,16.674,0.155,39.144,-18.972,1,-36.744,1,1
1,1,-46.793,29.799,-0.38293,12.163,31.366,-18.71,0.15266,29.259,-12.227,37.086,-42.083,-40.98,-7.05,7.16,48.894,48.909,0.17287,0.64333,-3.385,45.793,40.635,29.021,-39.313,-28.809,0.57549,-33.476,35.964,-10.717,-34.033,-32.754,35.489,49.266,0.49831
0,0,-18.108,-26.477,33.963,-20.816,-41.283,40.642,-28.476,45.626,-47.678,0,25.06,0,-16.601,49.137,18.832,45.612,16.263,-7.564,-29.685,-40.634,37.216,0,30.244,0,-30.736,1,-46.708,-36.35,0,-44.238,-44.348,-8.517,5.054
1,1,-14.625,-13.838,-45.144,32.499,26.298,0.98922,0.00372,30.866,46.216,-22.07,-31.377,-30.015,-18.58,23.269,24.148,0.94277,39.425,-4.699,29.237,-34.78,36.562,-27.412,-29.454,0.93274,2.908,0.95243,-35.625,-38.019,22.384,-25.181,48.684,23.315,-0.00260
0,0,-17.273,32.594,-34.874,-1,-39.147,33.548,-1,-34.889,15.583,20.511,-24.681,-4.124,-6.277,-1.847,34.186,-7.017,-14.348,39.158,0,-22.06,-28.615,26.86,-29.265,1.04,-39.586,-18.608,-1,0,-11.301,27.855,-15.27,-39.053,-1
1,27.037,-44.444,0.50466,3.768,-45.564,0.01513,-31.733,-48.899,7.511,-26.739,-4.856,0.05594,-43.166,-8.359,-27.637,0.05058,45.009,0.05692,-29.694,-0.04662,-45.207,37.728,3.242,3.591,41.32,-34.486,-2.197,33.055,39.851,-24.201,-47.03,9.702,0.54632,-4.775
0,1,31.287,0.68729,1,-33.173,5.542,-16.355,0.04348,9.638,23.765,-45.034,40.277,-4.592,-35.776,42.415,13.375,8.201,43.24,-45.96,-48.279,-9.733,0.24582,-46.994,23.941,-27.478,3.711,-9.877,35.768,0.71070,17.591,-21.544,-0.06522,23.657,3.56
1,-28.95,-44.151,-32.812,-38.637,-7.613,-0.29630,1,-46.03,-7.72,0.06111,-14.771,21.7,34.465,-0.12581,42.662,-14.563,48.659,-38.163,-31.107,-47.056,-9.557,-25.23,1,0.22037,22.431,-0.26481,40.335,13.457,-34.784,0.86,27.734,28.773,-42.3,45.649
0,1,-12.789,-32.894,0.15564,41.431,39.195,8.462,23.7,-3.812,29.758,0.19455,24.904,0.24514,0.36965,-0.312,0.22957,-46.96,-12.701,-37.108,-26.411,22.284,0.09728,-33.094,23.344,7.02,-3.175,-47.634,14.962,-42.51,-48.101,44.71,20.191,-16.471,14.69
1,47.18,9.27,-47.966,48.475,12.646,-0.05357,-3.193,-0.01190,-3.923,-11.172,1.291,49.731,11.305,-14.518,-27.152,0.01190,-16.916,12.657,-36.962,0.01587,8.305,-0.02778,-8.896,-38.67,4.637,46.312,-44.882,43.538,45.042,41.47,27.994,-0.01389,-43.277,-0.03175
0,1,-25.234,-34.775,31.914,43.334,-27.504,40.211,-0.02463,35.682,26.316,-20.154,-49.269,-9.828,38.171,0.05911,-1.98,-30.047,-2.363,-2.666,-12.901,27.155,48.153,0.06897,21.48,0.07882,4.699,-44.719,40.048,-49.704,29.422,0.04433,0.05419,-2.575,-17.377
1,18.545,24.249,16.331,0.10850,-23.817,-33.101,-0.948,-27.285,-24.39,8.064,-14.146,45.047,6.041,-0.00224,17.297,0.06600,-47.325,-0.16555,48.298,48.021,40.569,-17.963,-29.278,5.442,0.71253,-42.996,0.69845,-7.796,-18.826,-24.782,-45.77,-40.382,-3.798,-0.04698
0,15.735,45.3,49.123,0.35949,0,34.27,28.822,29.405,-20.17,-46.009,48.087,-29.602,0,-16.297,-6.75,-35.887,-38.751,0,-30.073,-6.89,-28.667,17.399,2.701,0.33671,10.525,-8.23,7.331,-1,-37.327,47.672,8.076,9.04,-34.278,0
1,45.687,40.974,-5.673,-0.00857,29.228,44.687,-4.618,34.818,1.329,-0.12755,33.042,-7.975,36.827,0.01179,-30.121,-36.836,0.87138,-34.866,31.747,-0.02358,22.283,-35.393,20.406,39.082,2.864,47.357,24.457,-17.146,31.96,-11.223,0.88424,-0.18542,-18.685,-27.751
0,-17.994,21.903,0.42708,-0.5,-21.582,-44.525,-4.787,0,38.36,17.099,50.139,-1.787,34.46,14.877,0,-34.842,12.824,14.13,24.076,47.522,-19.332,14.596,25.555,0,41.032,26.266,-10.72,-23.692,-22.706,-0.75625,40.213,-31.942,0,-24.583
1,32.04,-37.805,-13.543,0.01631,10.374,0.01305,-41.891,0.01359,26.539,-37.168,23.424,-0.08428,24.745,14.136,-17.017,16.601,3.65,-27.901,-33.304,-33.684,21.081,-43.766,0.69,-45.154,7.245,22.718,0.86453,-7.6,-3.148,-0.13051,-9.17,31.097,-32.422,-0.12235
0,46.318,8.117,49.972,-29.835,4.784,27.681,-29.662,13.319,0,0,6.101,-47.543,2.026,-23.809,-18.719,48.661,1,-25.179,28.592,0,1,20.169,35.308,-7.921,0,-4.953,-26.08,-28.851,31.178,45.087,39.666,42.004,48.481,-0.09556
1,1,-15.455,-45.159,-28.885,0.85143,-20.312,16.442,-1.341,0.79571,39.129,0.87571,-21.365,-25.61,18.794,-33.761,45.744,-21.075,45.151,2.6,-33.8,7.119,-27.401,0.84286,-0.05000,49.598,7.555,45.879,32.463,-28.86,-11.106,-14.835,-33.388,44.299,-0.15143
0,33.791,0,26.602,-43.196,-36.298,10.828,-26.172,4.144,19.767,0,-19.964,-29.803,9.6,3.06,44.616,17.691,0,2.78,-41.644,0,-19.277,19.252,0,-12.556,-35.613,29.948,38.29,-25.28,-11.792,0,36.53,37.084,41.359,0
1,1,-37.232,16.609,0.01818,25.834,-11.222,16.764,41.723,-18.21,24.107,-29.304,36.855,44.25,-0.11948,-19.617,-8.198,-2.328,-0.05974,-20.626,-36.801,3.34,-49.74,-2.42,-48.634,-26.755,-42.921,34.484,2.852,0.43117,0.085,48.828,-0.05455,24.803,-0.08571
0,13.008,36.036,-39.321,0,20.48,12.926,-38.354,23.58,43.438,0,45.29,-8.533,0,27.802,-9.07,0,0,36.466,-19.302,41.658,-10.03,36.555,48.634,-2.405,0,0,35.675,-46.667,1.831,45.933,22.767,23.032,14.812,46.548
1,1,31.949,8.969,-34.148,-45.663,11.906,0.25000,26.041,-5.254,15.29,41.633,-4.89,4.342,22.008,20.56,49.974,-27.051,-48.988,-37.125,-20.269,-27.662,33.679,-48.802,-0.12964,-0.07782,-0.12744,-0.02089,-9.186,15.963,29.737,-49.69,-19.658,-5.177,-0.02017
0,-0.156,-30.857,-0.586,-32.427,0,6.21,1,22.515,-38.118,45.979,-49.565,-41.019,-0.28,13.492,49.199,6.263,44.83,0,-10.323,-40.759,25.578,-9.395,31.995,5.774,0,-2.919,1,39.017,-8.863,-43.623,11.672,13.245,1,1
1,-26.032,43.544,19.055,-40.711,4.361,8.749,26.732,36.099,-26.601,0.90740,26.481,1.794,34.639,-22.375,-0.81049,-2.881,-0.81136,13.652,-3.533,-0.38102,48.739,-38.015,-22.653,-0.70762,0.15552,-27.998,17.329,-11.278,-44.618,-43.817,12.039,-49.403,-44.748,0.16645
0,-2.728,0,0,0,39.433,17.492,-4.854,-17.272,-42.552,43.433,-4.468,38.626,-23.389,6.48,21.743,11.164,-11.764,-41.794,-1,-3.287,-42.082,47.761,23.521,-34.408,32.835,42.413,15.124,0.22667,-49.339,0,32.345,26.056,12.518,0
1,28.137,0,25.236,-1.032,-25.199,42.063,27.526,0.94537,-2.129,-11.12,-45.289,-49.057,41.762,-2.135,-0.92384,-0.05338,-19.561,-7.082,-5.286,46.978,21.475,32.436,-12.309,2.232,45.402,28.803,33.233,-0.24433,-34.679,0.09599,-31.906,39.644,30.853,0.57656
1,1,15.601,18.418,0.02520,-42.732,0.21278,14.07,-29.153,-5.079,34.376,0.945,38.209,-0.61352,-26.954,-0.94053,-34.805,-0.13117,37.968,-33.321,22.518,-35.13,-13.086,-24.705,-26.715,-20.673,-18.61,0.33737,-18.558,4.883,45.177,27.362,-47.785,-17.303,-41.337
1,-35.226,20.716,0.83427,0.39121,0.54040,40.824,17.271,28.893,19.427,-13.371,-0.70086,-16.896,-25.338,-30.689,24.08,5.535,39.747,34.949,-32.176,43.663,16.877,-25.042,-4.673,19.004,-9.367,-23.011,-8.408,0.08718,-46.358,0.49079,1.066,11.508,1.804,0.79444
1,18.033,0,20.473,11.396,49.151,26.039,0.60409,48.61,0.63177,-4.935,0.62455,-0.07461,-8.826,-28.136,-21.013,-0.174,43.705,-15.45,-19.512,0,4.964,39.539,-7.416,-19.075,19.699,-16.641,4.138,-11.799,-14.858,-4.136,-12.194,-3.953,39.788,-0.09146
1,-4.183,14.127,-36.963,45.32,-26.646,6.361,4.828,24.092,30.424,-37.052,14.051,-1.71,-19.482,32.385,0.70772,-37.038,1,-34.416,-10.3,0.05147,32.916,-16.147,-2.636,0.477,0.72978,-45.018,0.61727,-26.597,-26.104,40.752,0.55916,-3.172,-10.14,0.21691
1,22.246,-39.173,-41.084,20.915,-23.728,1.973,0.77486,-37.342,0.65077,-25.125,-47.41,40.278,-31.129,34.623,0.72322,0.05776,0.68615,-3.902,42.346,48.704,-19.404,41.602,30.104,-29.622,-2.062,-33.544,21.516,11.103,-45.181,0.25692,-2.122,0.09207,19.161,28.79
1,1,-16.499,48.639,-3.764,-17.149,-0.549,11.637,0.00301,5.552,-24.107,0.75813,-18.346,0.81892,-38.686,-27.131,0.00673,-2.243,-23.005,-15.061,-31.73,-42.175,-26.577,-36.963,37.624,-39.288,30.543,28.497,0.01096,-14.481,-15.113,0.66624,-14.189,48.522,35.516
1,1,-14.326,50.324,-15.008,0.38696,-2.719,-6.731,-45.638,-35.381,-0.03913,0.35652,-1.96,38.666,27.916,0.50435,-1.371,-12.919,40.643,-46.216,10.192,-5.194,-0.02609,33.996,-33.595,45.737,24.763,3.081,20.728,-47.753,0.03913,-44.673,-25.402,30.292,-39.676
1,-32.21,-48.505,-42.962,15.705,-17.162,0.20656,0.71628,35.41,-8.966,-4.117,-37.043,5.517,-8.108,3.799,-13.096,-21.176,0.33354,-10.242,25.742,19.264,0.09599,38.515,-3.285,-26.287,39.046,45.4,-0.11925,-24.447,-0.18226,3.215,42.52,0.51701,-0.105,-36.613
1,36.286,-48.006,1,-27.934,11.887,48.209,-17.139,-48.659,-6.144,-29.277,0.74977,32.74,-39.578,19.256,8.158,0.74079,25.845,0.82193,-11.329,0.79777,-36.202,0.82162,-41.225,0.79870,-39.389,-47.08,-29.406,-48.634,33.665,-32.014,-5.4,-9.509,7.674,-20.866
1,1,40.391,19.878,-35.189,3.546,-35.263,16.892,0.43388,2.513,0.59975,-17.263,-18.57,20.338,-37.341,13.334,-13.426,49.54,0.79598,13.981,0.76261,30.482,-0.419,16.985,-47.667,-36.95,41.577,-18.667,12.577,23.005,24.488,-0.52823,-15.816,-1.471,0.05972
1,1,-7.866,24.521,0.17498,-4.65,-30.698,45.538,-16.497,39.943,28.968,1.03,36.677,0.48698,2.799,-10.789,32.862,44.891,0.93429,40.967,-35.768,47.363,0.89383,-35.577,0.82492,31.755,20.342,-20.188,-5.89,-35.484,35.362,30.364,48.293,-4.019,0.26092
1,26.555,23.484,-8.803,0.18198,48.566,0.35543,35.189,-18.875,-22.088,22.102,17.093,31.589,-4.426,38.713,26.831,50.385,40.217,-26.73,-0.16390,22.682,39.685,13.422,-25.014,15.238,14.065,-21.043,-0.60328,-44.115,-0.64511,0.27338,-35.499,-31.805,-0.64056,-1.754
1,1,-45.034,3.556,-9.794,-27.212,-7.101,0.48409,26.172,-34.049,6.638,-17.81,24.41,-0.07727,0.44545,-33.289,-36.579,-19.269,0.221,-22.988,0.36818,9.088,-33.455,13.741,31.298,22.138,14.845,-43.155,-4.128,30.764,-0.19714,22.659,16.444,-43.764,-0.27218
1,21.209,1.026,28.141,-24.614,29.446,-27.298,-29.735,-24.291,-26.513,0.16225,50.3,-19.478,0.50331,0.12252,-7.096,-37.607,49.433,-14.004,8.66,45.457,45.739,0.27815,-29.146,41.96,0.51872,0.26653,4.274,0.27687,31.64,38.952,48.009,5.394,20.605,-4.654
1,1,-21.904,-46.119,32.663,-14.949,-0.12144,19.677,-15.359,45.775,13.35,0.56167,-33.416,16.343,39.298,-29.1,-28.882,2.321,-33.716,-10.308,0.16888,7.078,34.38,0.32068,-1.289,45.739,-34.252,-20.875,0.17951,0.15180,49.153,-26.024,7.813,44.039,45.893
1,42.359,0,-11.707,0.06794,0.80562,-27.34,20.538,-11.825,-19.643,-26.238,-42.601,2.703,4.817,-0.05771,-35.656,-29.867,37.476,10.645,0.71254,36.544,19.811,10.747,-45.436,43.531,30.418,-0.22822,17.626,-0.09128,-18.751,1.975,33.233,-26.376,37.712,-20.062
1,-35.791,0,44.692,-2.831,0.96775,26.597,-48.739,-27.354,0.87980,-20.173,-1.855,0.01419,-41.959,-21.193,34.911,-0.01671,-34.628,-37.222,0.91152,23.923,17.061,2.831,3.831,-29.777,49.264,0.02003,26.341,-18.742,42.765,16.199,-40.716,-8.196,-10.203,0.015
1,28.802,12.926,-48.145,45.81,0.42784,-2.529,2.532,-9.462,23.764,36.538,46.811,36.579,13.503,0.15979,0.45361,24.095,0.42268,20.542,49.134,-39.594,0.54639,34.861,24.003,-45.585,44.144,-9.834,0.53396,-0.12447,-8.379,35.773,-37.879,41.7,-18.848,22.252
1,-35.759,-27.397,34.404,20.954,37.321,14.842,0.61432,-26.254,-4.546,-0.00462,15.021,-20.193,46.084,29.374,0.72517,5.233,16.548,11.795,-5.06,-48.421,8.602,31.695,-49.002,0.15359,-34.001,-19.386,0.68775,49.773,0.61663,-5.346,-48.492,21.598,-8.393,0.36721
1,1,-10.395,-2.418,30.959,47.59,41.78,25.63,11.688,-0.691,0.02472,0.082,-0.00449,-31.711,49.151,-40.353,-46.654,-41.186,0.02472,7.421,-0.07416,0.56854,-8.721,22.09,13.209,45.295,-30.808,-49.0,-43.615,-8.846,24.542,40.564,0.10562,-0.549,6.182
1,1,-10.763,0.71521,35.338,14.27,-27.074,12.108,3.668,-36.338,49.203,0.67314,26.516,-21.876,-45.104,0.60194,-26.581,-22.347,-2.904,-2.64,-0.10032,44.191,-44.995,6.602,-27.117,1.524,16.889,-40.64,18.185,-37.072,-43.586,8.549,13.67,0.30421,-0.05178
1,-16.272,-42.082,26.738,14.227,0.77037,26.937,35.885,32.426,-32.798,-0.00494,0.79012,17.611,39.223,-3.679,-48.714,47.858,0.78272,-4.643,0.73827,39.324,42.899,-41.542,-4.244,6.189,0.66667,32.706,13.155,42.408,-48.579,-11.742,-41.181,22.449,22.376,-0.04691
1,1,27.33,-11.439,-0.02712,39.926,29.402,-49.241,-6.679,3.513,-35.367,-31.782,47.632,22.157,-18.807,-25.263,41.364,11.925,-2.353,0.56949,24.33,-4.284,0.00678,45.557,-1.501,-44.135,42.592,0.57262,-24.381,-1.701,33.255,-11.983,30.478,0.50169,0.06780
1,-16.425,1.048,38.511,-47.821,15.897,-29.835,0.34951,-1.888,-17.866,-0.02427,0.58252,13.945,-41.207,-34.967,33.036,0.00485,-11.759,4.499,-26.779,38.117,-34.401,27.27,-18.357,-42.627,0.31068,-0.15049,-20.587,-32.98,0.39320,27.312,-24.469,-26.487,33.827,45.272
1,1,20.716,0.98822,19.751,-23.22,17.094,-16.653,0.35222,41.092,6.266,40.774,-35.707,0.55076,-13.605,-24.04,0.66237,20.077,45.245,23.248,11.497,-46.949,2.581,35.631,1.403,-0.16489,-4.125,16.982,-4.579,-31.07,-9.6,-0.34717,-31.54,17.754,28.374
1,1,26.035,0.889,48.719,-19.283,0.35237,-11.991,-4.459,0.71760,-20.993,43.618,-16.044,0.40349,19.871,-3.692,0.84804,-9.449,-14.686,24.802,40.236,-22.995,-7.109,19.471,4.251,-19.617,-8.655,-0.57587,4.834,38.555,-27.9,-12.477,11.614,48.044,0.02968
1,1,17.033,7.325,-19.903,1.647,-4.712,46.113,41.29,0.53312,14.018,-3.813,-2.273,-37.028,-44.027,-26.736,-33.584,-0.28269,-25.692,-27.791,32.996,-15.93,14.608,-0.65000,-36.9,-38.354,32.4,-11.577,4.128,28.983,-3.381,-0.54615,-10.973,-0.47201,-0.35032
1,-40.7,-16.189,0.94331,20.925,22.207,0.40803,-1.851,21.494,-47.619,-1.441,42.148,-23.677,-33.322,-28.808,-37.317,0.93682,28.449,-19.227,-39.601,-31.114,28.962,40.824,-0.65515,0.50428,10.327,-3.504,-0.77097,-2.507,23.169,34.528,47.789,-0.17921,17.985,1.611
1,42.526,0,-26.999,-45.451,-17.583,-22.352,-24.441,-37.961,0.34961,0.80511,-2.942,-14.2,-16.699,-14.336,-26.983,0.82163,-43.527,36.133,27.026,-37.306,29.773,-3.629,36.801,10.751,-0.75273,47.609,-14.833,-40.548,-0.46422,-18.612,-16.105,47.248,-31.784,-0.71273
1,-12.276,4.709,-14.109,-45.352,-23.533,25.394,0.43898,10.987,-46.674,-6.417,-0.22838,46.017,-36.102,-1.346,-0.57377,0.28415,39.78,29.95,-0.47359,-0.06193,-6.427,38.15,33.343,-40.325,-0.68,49.288,-25.478,-14.845,-2.58,20.224,-1.032,-48.44,3.091,0.13297
1,38.834,-33.21,-10.629,-21.66,-43.527,-9.487,0.03759,0.34336,-4.41,-24.791,0.06266,28.082,-48.552,44.896,35.066,0.07907,-0.06328,25.487,42.721,-13.574,-17.985,-33.485,0.14,-8.699,-45.043,-27.024,3.182,-0.01475,-0.00280,15.598,2.656,5.006,-37.699,-3.312
1,-47.99,-11.54,-36.453,25.195,1,0.35338,48.712,35.28,8.43,0.19361,0.50188,-41.484,-48.666,39.197,-4.3,34.129,-39.424,-0.42669,-17.361,-32.579,11.556,32.342,19.476,-36.709,-47.358,-21.358,0.56836,-7.053,-38.709,-29.311,-47.679,-29.93,18.984,-0.10309
1,1,1.879,13.927,19.116,-9.333,30.745,0.65829,16.186,-37.864,8.231,-18.841,0.20330,-27.538,-35.197,0.44747,24.35,-15.714,-36.515,0.48158,20.098,49.777,-48.147,14.367,-17.656,-0.718,-0.943,-17.968,12.312,-35.314,2.837,0.18767,-14.085,17.454,0.13198
1,1,-35.247,45.628,0.11933,0.85738,-5.549,0.85124,-31.014,20.347,-3.21,24.419,0.10916,-33.972,31.985,41.899,-16.961,1.186,39.226,-7.066,-6.53,0.80862,-36.65,24.311,31.17,0.77336,47.89,41.765,40.454,-10.235,32.313,35.615,36.009,45.484,-19.527
1,15.596,0,48.423,23.527,0.79946,47.888,-20.592,14.877,29.224,1.88,-43.639,-1.828,-31.038,49.282,0.89410,38.095,-18.446,-0.04642,-3.942,-9.73,0.97882,30.499,13.449,-0.25101,-23.717,-34.934,-21.832,16.56,22.191,-0.04101,35.219,22.121,-26.7,40.137
1,1,-45.034,0.74916,40.238,-42.655,-34.101,26.405,-18.866,3.533,30.948,-16.989,0.02482,0.78,14.872,-36.104,0.10195,0.91482,-9.968,-42.105,16.718,0.81221,14.066,-26.851,31.222,27.392,23.803,-21.604,-3.977,-32.919,25.544,10.358,0.11066,-32.561,6.443
1,48.574,0,50.446,8.312,22.921,22.339,45.941,20.219,-13.976,-0.04438,0.56509,0.01775,0.44675,0.27515,5.817,3.745,28.108,-27.727,-26.665,-19.604,-37.278,-30.518,-7.223,31.071,1.505,-0.02367,-23.54,-4.92,-23.828,-29.583,28.912,-7.627,39.012,20.194
1,1,0,16.251,0.14689,-20.667,-29.825,0.85122,32.41,-14.646,1.814,45.568,6.379,19.535,-34.671,49.636,41.749,-21.39,-26.711,45.902,-1.491,-28.22,-15.653,7.957,48.777,45.767,-0.33145,13.954,34.14,-46.592,-33.359,-33.143,-0.31262,-10.328,-0.22034
1,38.084,0,40.019,37.256,-26.453,10.515,46.561,2.78,0.73673,-0.07643,-42.477,-20.446,2.81,4.027,17.914,-20.151,11.609,19.039,0.61996,19.665,-11.764,-26.329,-35.404,36.496,-45.121,43.355,-25.539,29.715,33.453,-30.026,0.72611,43.099,0.65817,-0.24841
1,1,0,-35.913,-2.936,-48.872,-20.06,-7.314,-11.751,-28.979,33.93,16.882,48.226,17.081,-37.338,-2.232,-0.00543,0.88043,2.675,-17.877,-35.58,44.556,-21.239,27.574,-41.924,0.85054,-0.18750,42.196,41.662,-26.488,23.978,-18.491,2.746,-42.131,-0.00543
1,1,-9.07,-1.658,41.526,-9.492,-48.454,0.72727,46.028,0.69565,-39.432,26.071,1.596,-10.246,36.274,23.769,12.968,49.264,36.791,-18.665,34.557,0.79249,23.327,23.431,23.927,0.723,-0.10474,28.42,43.318,-45.066,12.798,-8.158,0.06917,0.61067,36.022
1,-4.423,20.48,0.46785,29.921,-26.808,0.00665,0.55432,49.664,21.879,15.813,-49.182,36.569,15.017,11.494,5.362,46.515,-36.213,7.834,-8.554,-19.663,45.769,-26.809,-37.846,31.814,0.41463,-49.357,15.351,-0.11455,34.368,-5.724,0.53659,-0.11752,-4.636,-20.32
1,-42.623,-9.323,-0.399,-40.744,12.393,-9.966,22.131,42.403,-30.469,0.319,0.09831,50.16,-0.20097,7.155,46.621,14.02,-9.514,-2.297,-0.78768,0.45535,44.011,25.232,-49.48,-41.839,30.211,24.314,-1.832,-35.103,-47.21,-33.036,20.693,-0.66700,-0.19312,-0.75597
1,-26.334,-45.262,-36.187,0.29282,8.856,44.101,35.944,4.436,18.447,0.92651,16.99,-48.598,-0.23237,40.969,-27.591,-21.713,5.477,-36.762,-0.90995,-43.156,-0.92254,6.834,-42.027,-26.76,25.587,13.134,-0.65165,48.426,13.365,-23.748,11.341,0.061,-2.759,-0.94823
1,33.835,47.761,-3.585,-49.038,40.165,0.57816,-10.421,0.58527,35.29,23.521,21.77,-10.843,-0.62403,26.776,-5.551,12.843,-0.81422,42.845,-1,17.485,-34.197,-0.41085,26.134,-3.564,-49.911,5.431,32.029,13.305,-41.824,-18.141,-41.298,-45.965,0.00194,41.596
1,1,30.506,-1.637,-12.283,-0.774,39.103,-18.295,-31.803,42.846,0.86761,11.203,34.108,-0.35558,-25.018,2.481,-11.461,-4.432,-41.769,-0.75821,47.75,-36.116,-44.817,-0.58315,38.864,-50.142,-24.918,29.192,-5.425,44.926,-2.902,-6.383,-0.48468,24.76,-0.35339
1,1,27.211,42.215,27.469,-32.256,-47.294,-16.932,46.134,38.231,16.553,32.372,-17.585,0.576,-1.052,-19.146,-40.887,-0.87474,-11.863,20.66,-42.829,32.555,-0.26173,-25.471,-0.54069,-26.995,37.364,4.383,-0.86122,27.408,-0.87159,-26.851,-30.674,-34.157,-0.60270
1,1,-4.822,20.593,0.31456,11.463,23.54,0.34962,17.46,40.517,40.827,-0.18976,-23.673,-17.909,-30.243,0.006,-46.547,34.821,-20.758,-35.737,20.667,-10.778,13.639,-5.675,16.613,44.275,-0.66014,27.984,5.08,-35.999,-0.64428,18.52,-14.719,20.375,-0.30075
1,1,48.561,20.024,-0.02736,0.98058,19.809,1,48.609,-19.196,39.188,-8.285,-0.02604,44.015,-11.894,5.368,-9.567,-6.942,1.748,4.506,-24.273,-14.548,24.872,-21.781,-19.196,-11.838,11.347,-3.978,-32.111,-15.847,-4.092,40.41,-28.366,0.96778,-0.18800
1,33.379,-21.642,-33.536,-3.262,15.069,45.354,-36.757,-0.104,1.686,-10.921,-43.913,-37.292,-4.211,32.224,-9.773,-27.393,7.282,-26.709,26.987,-20.166,0.94229,-4.203,0.92815,-0.04417,-25.492,-0.04476,5.032,13.179,0.90342,-3.231,17.953,-0.07244,-14.452,-0.07420
1,-36.368,-41.7,-1.693,-37.273,-1.236,-0.00228,0.96575,20.757,12.002,0.18265,49.459,23.925,-28.767,-2.741,-47.272,28.694,41.066,20.639,0.97032,-0.21233,35.572,29.568,-30.949,-16.241,30.556,-19.998,42.67,1.862,0.97032,40.465,-2.959,-0.08676,22.211,-33.691
1,1,0,-3.292,30.551,42.475,0.08475,28.314,-23.05,-37.404,-15.246,-13.692,-43.074,-45.088,-38.885,0.83051,-40.44,-31.153,0.01695,48.437,-16.465,11.387,-2.744,-27.074,0.05085,-24.615,48.109,0.67287,-24.512,-17.726,35.47,-14.273,-18.15,19.417,-38.794
1,-24.55,-15.008,-1.501,33.425,38.059,50.046,30.233,-24.039,38.626,0.13889,-45.203,-2.934,-0.002,4.624,-46.054,0.33333,0.55556,-14.298,45.514,20.464,0.47222,9.988,-39.322,-0.02778,-1.009,-7.139,-35.435,-13.418,-47.945,-0.13889,-15.471,-26.734,40.531,-0.5
1,1,3.191,28.381,-2.305,1,38.372,26.158,-10.112,-37.246,3.127,-4.199,1,-21.547,1,-0.006,43.776,-9.99,-44.038,-14.202,45.768,24.245,-7.97,-0.88500,3.134,14.611,-5.264,4.016,0.09569,-1,34.962,-34.482,-48.927,-34.129,-25.709
1,-46.836,-48.99,8.361,0.49638,-10.705,26.093,-36.488,36.007,0.35225,-38.529,48.093,-48.378,-48.105,0.93778,-41.584,-26.187,-0.52742,-28.466,-18.806,0.67989,10.185,-29.558,38.342,0.02995,-7.938,-32.915,-22.015,31.809,-18.577,-36.491,-44.101,-40.752,-0.19609,17.999
1,-3.997,33.982,13.929,0.42904,16.824,-35.96,49.905,31.465,18.701,18.115,-16.138,-34.709,19.479,-13.437,-1.577,0.52070,18.199,24.48,7.262,-1.049,-0.62041,11.856,-0.47412,1.39,-48.666,-0.67796,-0.05054,-28.659,-35.177,-10.514,-17.432,-18.596,-37.62,-0.24313
1,24.574,2.676,40.143,-18.929,45.44,-5.897,36.394,48.754,0.15323,-2.249,-5.777,33.183,22.943,-34.413,39.604,32.535,-20.533,44.972,40.135,-11.158,13.202,-8.275,-17.647,30.442,40.606,-35.654,-0.04578,-0.91221,0.27330,-31.887,0.54827,-0.258,0.74828,-0.44173
1,38.895,-19.332,29.254,16.958,35.556,31.524,12.953,22.344,-21.693,-35.934,19.261,0.92453,39.379,24.272,1.041,48.128,46.609,34.556,13.585,-9.688,-23.356,-32.605,-0.46010,48.767,-27.717,-0.88082,22.101,-0.85137,0.48904,-2.511,-43.826,-0.46048,-4.026,-0.13194
1,1,-18.994,26.555,-33.482,32.222,14.822,-32.289,-9.991,7.416,16.567,-33.842,26.659,-16.948,31.022,24.815,-43.708,41.213,-0.07157,1,-34.14,10.454,-42.916,1,-37.092,-23.583,-0.22978,15.596,-27.919,0.8,-3.92,1,-0.14194,-21.427,2.716
1,29.592,47.574,21.153,-19.721,-23.5,14.014,32.128,3.779,-29.007,-0.51171,23.447,50.076,39.666,-30.689,23.852,-7.507,-13.473,-45.19,21.049,0.61739,1,-24.168,-6.86,27.467,8.974,25.63,-27.01,-0.01769,0.82427,-4.972,0.80634,1.006,-37.018,-0.02039
1,1,45.206,0.79378,45.613,16.293,49.238,19.274,-28.241,0.14177,-14.62,44.895,0.78772,-16.078,45.81,5.779,-32.923,-0.75436,13.507,-0.69977,-29.784,33.731,-1.583,4.694,-26.849,-47.293,-34.207,-21.35,-27.567,42.077,48.448,0.31008,32.318,7.969,-34.706
1,1,-27.317,-28.922,20.12,44.161,-42.545,46.089,0.79784,39.231,-10.094,43.318,33.656,-26.906,37.779,29.177,-19.571,1.202,19.336,35.713,10.36,-26.818,-36.798,-0.39766,-22.587,1.678,-0.75533,-20.14,-0.71504,11.235,-13.132,17.706,-46.338,0.62765,-0.13305
1,27.602,-42.921,0.89589,-2.518,-18.05,0.71804,-49.411,-36.324,-27.395,-10.848,-42.101,0.84605,36.513,0.58511,1.852,-19.025,23.088,-35.766,-0.76064,3.66,-20.643,-37.553,41.21,15.225,48.498,-30.608,16.79,43.006,0.74846,41.358,-2.023,2.784,34.72,0.27926
1,1,36.795,-44.667,34.435,13.926,36.263,-7.288,1.73,25.099,43.451,-9.03,-2.292,24.504,27.865,0.84810,25.365,-8.437,-21.546,-18.428,22.755,42.595,23.095,1,0.25316,49.254,-0.328,3.731,-0.05540,-47.624,-8.597,-38.789,0.02532,-10.29,-0.02532
1,14.008,-9.084,-48.408,-19.608,0.83312,4.7,22.226,-5.398,-26.532,-36.742,32.554,-38.295,0.79093,16.0,15.587,0.05407,0.64706,45.483,34.61,-26.572,46.646,29.879,47.237,36.111,15.042,-20.192,12.294,0.08296,21.093,0.01681,-4.617,36.643,50.149,0.08891
1,1,20.998,-47.791,0.01809,-7.941,-2.905,-40.098,-46.641,-4.767,0.08010,25.454,-43.51,-0.368,-30.814,0.90738,11.722,-48.839,-32.399,26.0,7.969,-8.432,-10.325,14.13,-34.571,42.604,6.372,0.283,49.288,22.391,-41.671,0.85198,0.10134,-0.314,0.10698
1,17.944,40.017,-1.859,8.045,-44.262,-22.894,1,-37.402,1,6.758,14.777,11.449,47.979,35.323,-36.12,-0.03087,7.206,3.688,31.988,-26.596,-48.565,0.961,-21.523,43.493,-42.518,18.135,0.99842,26.363,0.99400,-0.06304,45.82,-27.097,14.593,-0.06668
1,1,12.518,33.24,39.401,0.87525,-17.217,36.128,0.01386,-44.215,0.02772,27.815,17.482,23.461,49.106,33.754,-4.434,48.698,-27.334,-40.61,0.01386,-9.858,-3.101,-32.52,-0.01782,43.306,0.02376,26.947,-41.778,-10.883,-41.089,-48.471,14.165,43.3,-4.83
1,-43.664,-12.573,0.90071,0.01773,25.354,-42.099,-48.869,-1.46,30.209,-6.578,1,-3.693,0.97872,47.721,22.838,0.03546,1,6.075,-31.59,-2.504,-48.477,3.086,34.258,-24.296,0.90071,11.33,-17.844,-25.763,-3.87,38.651,-34.404,42.637,-11.109,-2.266
1,31.506,27.33,27.605,15.359,-34.124,-29.88,45.746,-32.927,-16.788,39.346,-18.227,4.394,-26.636,-24.58,0.39394,-41.542,0.56156,21.623,-25.972,-42.854,-47.13,45.024,0.30303,33.301,0.48526,32.571,0.46362,41.347,-1.555,-0.03030,1.467,27.202,-11.836,0.24242
1,-23.472,-5.184,14.787,18.449,40.758,-17.88,-4.45,21.546,0.08646,20.588,-36.467,-30.047,-35.533,6.453,27.312,0.41524,-10.928,10.907,-0.69397,-0.13652,-0.49488,37.69,16.822,-21.529,19.731,-14.807,-17.338,-0.53127,44.864,-0.37088,38.477,-47.221,23.373,16.771
1,1,19.85,2.739,-12.432,0.67311,39.868,-7.557,49.448,-16.824,40.372,-5.334,-21.889,39.672,49.306,-0.82680,-23.847,-12.681,0.637,3.638,-0.34275,-19.624,-4.567,-0.23428,34.829,24.993,-0.73856,-19.848,-16.164,43.554,-9.917,-8.626,-32.156,0.60073,11.517
1,1,-15.372,0.90547,-34.065,-10.09,1.475,-44.561,0.95905,3.972,15.105,-11.433,-3.348,-0.79657,-26.117,-4.213,3.686,-22.572,-0.25554,18.321,25.441,31.826,12.385,-0.02250,-1.028,17.396,-29.062,-4.507,-27.974,-36.396,-3.437,46.23,6.426,-36.952,0.46301
1,1,20.928,22.246,30.465,0.36700,20.787,0.12993,11.943,-4.089,-28.767,32.064,48.918,-32.741,-15.819,-3.585,-2.752,39.809,-33.814,-0.46552,1.13,-2.203,-27.349,-37.112,28.492,-40.962,23.464,-36.275,-20.188,1,41.666,-19.679,0.00246,0.17758,30.43
1,-2.817,18.655,1,-27.423,-39.629,30.919,-17.936,34.936,-3.371,42.257,47.502,42.214,27.213,0,-39.749,-48.307,-0.33333,10.309,-0.09091,-15.049,0.48485,-46.307,-14.653,-0.42424,-24.022,-18.781,-15.77,-38.569,-30.725,-14.528,-37.467,0.36364,47.968,-24.176
1,50.824,38.21,41.329,-1.834,-12.328,-15.035,0.384,-0.01220,-25.684,-42.92,-13.423,4.727,-34.912,-22.871,-6.265,-1.394,34.675,0.02744,-1.881,-0.01220,36.413,0.02439,-47.225,0.05488,0.99695,-46.589,30.741,37.637,21.567,-24.197,-44.703,10.099,-14.865,-0.01220
1,-32.21,0,-4.79,37.916,45.559,2.573,25.676,-10.938,46.193,3.201,-3.728,42.864,0.94681,0.161,26.389,15.611,-38.917,0.20213,-20.81,-0.00709,0.91489,5.023,28.673,-3.235,-32.571,-44.866,-24.655,35.211,3.44,-37.635,-12.662,0.18085,0.92553,-9.66
1,1,-17.944,0.74468,-47.9,-26.122,0.00982,-48.104,25.565,8.478,-37.052,-28.447,0.10638,-40.331,0.02912,11.759,18.662,36.243,-21.233,-42.81,0.04255,39.989,-40.1,48.808,-39.185,-7.814,32.251,-24.219,-48.445,0.74468,-18.158,-47.018,-49.258,-35.492,-29.736
1,-13.222,-16.008,50.324,34.019,-34.424,-0.979,-16.911,0.00510,19.847,-38.103,-4.047,-27.958,18.158,-36.534,0.86303,-35.566,20.779,16.041,-31.766,1.904,-9.213,0.01603,-6.113,30.702,0.79503,-0.04348,0.82111,18.557,-17.385,0.08696,25.023,8.125,13.892,-11.516
1,1,-19.602,-10.119,-3.2,-6.88,35.958,42.072,14.092,-4.567,0.01599,33.178,-34.782,13.141,31.99,-34.247,-19.242,32.096,-48.272,-16.011,-1.032,24.48,0.04796,0.94494,2.731,-5.57,47.903,0.97540,41.039,45.636,40.473,0.99112,44.774,0.98934,23.674
1,22.903,49.549,35.837,0.01105,-3.787,39.217,2.963,0.02320,-21.697,-31.956,48.7,-27.585,41.028,30.863,29.33,19.586,17.565,37.903,0.97901,0.01657,24.464,-21.575,-35.718,0.459,-43.554,21.396,35.44,-1.792,0.97901,0.01547,-30.044,14.606,48.539,0.02762
1,1,23.815,1,14.864,-17.994,40.228,0.8,2.788,-8.72,-17.885,15.574,-43.6,-32.33,0.02908,-33.199,-3.938,10.443,12.693,27.674,16.726,26.553,-22.333,-18.375,-42.741,1,0.10067,0.99989,31.309,-26.86,-9.92,-23.583,-34.741,1,31.14
1,1,-19.719,-23.121,27.919,0.67123,-44.361,-30.151,0.86399,14.171,-36.134,3.432,8.954,-8.085,31.766,-34.43,-23.976,-0.83285,49.966,24.954,-8.064,0.501,-38.344,6.142,-0.68126,20.205,-0.69774,22.783,46.967,-29.389,-5.387,39.208,22.644,-13.868,0.02823
1,1,20.209,35.21,5.519,-28.281,16.409,49.019,29.544,-0.20449,46.052,-16.204,8.435,-34.156,33.059,-48.089,-27.747,-30.6,-33.996,-16.157,-0.65461,18.537,40.997,-1.289,-0.94172,-26.635,12.518,46.059,-27.018,46.1,-0.18725,45.942,0.20359,-20.66,0.54852
1,1,-19.964,11.156,48.939,-36.139,46.034,0.14020,-25.427,-11.253,0.91993,-43.361,-34.359,38.535,-20.062,42.501,2.057,36.297,43.417,-46.276,19.278,16.995,-0.89991,0.09345,-27.606,19.535,32.605,-21.508,6.236,10.91,0.05614,0.21443,1.995,37.217,-12.292
1,44.692,-29.751,0.65845,-2.419,41.806,17.006,0.05319,3.705,-37.111,-19.312,-50.388,34.476,-12.634,-27.276,47.454,-0.28723,15.64,-19.994,-0.04759,-30.663,30.181,25.838,24.578,-26.801,0.74300,-37.419,38.037,-35.375,4.596,0.59071,0.20549,-40.876,-43.107,3.523
1,1,-2.911,0.19466,34.733,48.676,3.137,-0.10557,23.256,36.612,23.397,1.411,0.06107,-0.45420,36.557,-19.466,-0.30534,-11.229,-49.021,-45.48,25.227,-20.839,24.094,-8.247,-0.109,0.21645,-9.783,-9.031,-18.4,41.62,43.701,-2.573,-7.993,41.463,22.696
1,1,29.808,0.98002,14.379,13.926,21.4,-4.209,20.479,37.503,-9.06,47.525,-26.593,-4.444,-36.728,28.793,0.02338,16.892,45.347,46.869,0.05279,13.985,-20.221,5.683,-39.259,34.711,0.08107,12.623,-49.083,-37.397,0.08088,0.98190,14.893,-18.644,36.122
1,1,-8.863,8.792,-30.933,42.571,-27.395,32.824,-1.292,0.86821,-5.77,-41.03,-49.829,-2.073,21.565,25.872,-0.07399,-47.893,-9.255,25.361,11.736,50.463,49.175,21.786,-0.646,-0.412,-0.02370,0.76717,6.236,0.74046,-46.739,-42.923,-34.69,-40.234,0.01214
1,-31.427,-10.395,-2.505,-49.703,0.69387,-37.142,0.68195,11.441,-21.966,-22.952,44.162,7.952,4.341,39.952,0.59361,44.757,-26.609,30.73,0.58213,-37.336,26.916,13.516,-26.099,6.12,-44.812,-0.00564,18.576,13.155,0.35588,6.671,14.099,46.892,0.28943,16.861
1,1,26.056,-41.033,42.424,0.86335,32.837,-9.904,1.004,-4.054,47.784,-42.703,-11.643,0.83096,22.528,-40.273,35.353,-48.516,14.054,0.76531,-45.105,36.003,0.01148,-26.583,0.01232,0.77138,17.489,-16.564,26.916,-40.891,12.526,-2.446,-33.393,49.761,42.448
1,-1.287,-3.728,-5.968,33.244,-0.493,42.694,-3.972,48.212,-41.325,-18.79,-1.82,-0.14071,39.835,-0.48907,-4.424,0.58743,0.76776,-44.345,-34.618,-24.275,-48.863,-50.219,22.863,-12.039,39.232,24.424,-25.108,29.533,0.87568,0.07787,6.66,32.591,11.423,0.48087
1,1,0,1.883,27.22,-47.18,45.144,-11.387,-27.267,-23.827,39.209,28.105,-32.356,3.82,4.673,0.79307,27.24,-32.018,30.484,-11.606,-26.421,-29.017,0.01155,-1.113,33.519,0.95378,21.536,16.436,32.513,42.286,-17.296,-17.572,-0.10714,0.90546,44.799
1,1,0,-16.541,5.781,-13.255,-36.253,38.95,18.07,-29.962,0.01606,-33.786,10.841,39.053,13.994,-4.238,27.986,-19.981,-4.82,-40.594,0.06038,0.92670,0.08412,-17.615,20.816,23.909,-42.871,17.688,-10.109,-46.092,19.81,-34.075,17.147,0.91483,19.806
1,-21.734,11.431,-23.204,-9.239,0.93207,-20.216,0.95177,4.34,-14.585,-19.082,-6.975,-12.794,-23.546,-3.896,49.624,-0.01461,0.94837,-4.925,2.782,-31.968,45.455,48.637,36.462,39.235,43.97,0.03193,0.92489,19.875,25.845,-9.474,0.92459,40.042,1.617,40.339
1,1,-26.668,46.25,-21.659,-10.838,17.013,0.95691,-44.896,-36.85,-28.207,19.937,-0.03315,-3.29,-0.01436,0.90608,-5.228,15.041,-27.363,0.718,-37.385,26.922,-3.144,14.159,-0.02320,33.152,3.513,0.89147,-3.324,-14.542,-16.954,5.066,-34.514,40.312,-10.906
1,2.955,0,-1.809,-31.734,41.402,29.403,-1.27,-37.047,0.88928,-16.28,49.328,20.995,-32.665,-0.00351,29.489,11.005,7.185,-2.709,1.599,-37.404,-25.595,-20.161,21.435,0.04394,-19.255,32.228,-10.099,21.197,0.78207,-3.82,0.75747,29.565,0.85764,23.862
