1,1,-19.923,2.8,24.051,47.348,0.02306,-24.805,-11.531,8.896,0.03760,42.034,45.913,-17.131,-0.44945,0.60536,15.64,0.84356,-7.306,25.09,-42.213,-44.053,-35.632,0.36946,-0.47357,-18.016,39.017,0.41078,-0.46168,0.21266,-0.34090,-33.467,-4.842,-9.903,10.842
0,1,-32.827,1,-0.18829,5.187,18.332,-0.10868,-0.93597,47.044,-40.84,0.50874,-48.471,0.34432,-10.978,-1.522,-33.676,33.717,38.624,0.33109,20.174,-0.13151,-8.769,-43.657,10.825,-48.152,-32.699,-0.20468,47.086,-6.174,-34.055,-0.16626,-0.06288,36.089,46.773
1,-7.803,0,-37.324,24.538,1,37.34,-36.886,-0.12062,0.88965,13.855,-0.708,0.05346,0.85443,0.00827,0.54591,-41.208,-39.593,5.108,0.802,40.675,0.70887,49.128,-40.056,-4.44,-14.176,18.365,-4.679,-0.22145,-30.688,-38.779,-40.378,-0.24180,39.901,-0.38238
0,1,-3.267,-25.505,-0.45161,-5.577,-14.312,0.71216,-16.455,0,20.655,0,0,24.599,-33.273,-1,-26.513,0.54094,-0.39330,-1,36.657,34.945,-36.942,44.56,-32.978,-10.619,16.246,-21.836,1,20.21,-38.697,-46.604,-28.591,-0.32382,-42.808
1,1,-4.68,1,24.496,-28.008,0.06531,-26.724,-0.23255,0.77152,-34.392,15.54,-39.205,36.705,36.905,-10.933,-39.906,41.653,19.419,-38.371,-0.17813,0.05982,-42.043,0.02309,-0.52879,0.03286,-22.562,-12.076,-49.622,37.891,-15.047,8.443,-0.59573,-11.938,-0.65697
0,-47.18,0,-46.312,-43.604,-0.09924,-0.11949,9.501,-0.11824,-15.059,14.731,-24.165,-22.319,23.743,23.333,49.219,-0.15540,-30.509,-0.10196,13.368,-0.05414,-5.152,6.105,18.075,0.00888,0.972,38.893,-0.03240,0.09223,-0.07859,-26.11,25.963,-0.944,-18.131,0.12011
1,-47.799,28.461,-7.483,-1.92,-40.929,-43.959,0.92806,-0.28350,44.548,-26.14,18.638,32.147,-48.5,43.104,-49.011,-0.61436,-39.117,-46.386,0.37852,-0.73641,11.549,-0.76562,-23.392,18.63,0.22792,-0.81634,32.542,-0.82510,42.365,34.374,-44.207,-0.81318,-0.13832,-0.80975
0,0,0,36.327,1.641,19.778,0,1,-26.193,0,28.362,-1,26.629,0.662,0,-25.629,0,38.806,-43.843,-1,24.385,11.205,43.579,47.16,11.512,1,-33.132,49.706,23.256,11.737,-48.617,1,17.795,18.061,0
1,23.087,0,0.96355,14.786,-38.16,29.545,1,-39.711,-35.932,36.483,10.03,34.073,-10.693,-0.40668,-47.844,-0.46381,0.98305,-0.35257,31.193,25.727,0.75346,-2.164,0.69637,24.24,0.85106,7.313,0.57577,-26.591,-22.017,2.649,42.695,-19.271,0.38895,-17.953
0,50.216,-23.314,48.879,-0.08459,0,0,-0.651,35.987,25.205,-23.893,47.032,-0.38172,0,25.787,-0.072,-7.054,-7.021,20.394,24.19,0.22115,0,13.977,0,15.525,-0.14803,5.04,45.862,-33.658,0,22.136,0.16595,-45.432,-0.08208,-39.773
1,1,0,1,45.748,-47.09,-0.18388,-24.857,-10.774,29.511,-0.43107,1,-33.182,-34.323,-0.51874,0.90711,-0.59017,0.89230,-14.951,33.238,46.557,-8.973,-1.989,9.76,45.525,4.39,-0.89128,-11.106,-0.86500,7.2,43.872,38.917,6.662,-49.019,-44.644
0,-42.861,0,1,-18.32,5.223,46.664,-11.753,3.203,1,15.112,16.412,-0.41119,1,26.584,32.684,-1,25.834,-0.29354,20.429,-0.93599,-43.736,-6.986,1,25.163,37.111,-10.159,1,10.028,1,-15.447,43.072,-28.729,-47.208,-1
1,1,0,1,-30.096,26.205,29.502,16.889,-0.15197,41.673,23.955,11.651,-0.35151,-19.15,-18.686,0.93719,32.488,26.84,-16.146,31.459,39.113,0.86043,-24.715,37.956,38.401,-21.745,-21.78,0.76224,-0.58370,0.65723,48.881,0.68714,40.585,0.64727,-4.309
0,1,21.697,-2.232,-15.867,-4.417,0.22280,-29.772,-13.201,1,-0.12090,1,0.35147,-45.274,0.07772,10.718,-47.526,-42.129,-1,29.909,-5.841,-27.019,23.61,-6.069,39.238,1,-0.17012,50.329,-44.557,1,-48.506,2.976,-27.025,1,5.379
1,1,-24.546,32.478,0.07380,1,0.03420,45.072,0.858,1,47.151,-7.858,0.19651,-33.35,0.20328,8.356,-1.687,-25.711,-42.856,1,-33.991,-24.929,-43.92,30.208,-11.729,1,-20.675,-10.94,44.587,0.541,40.771,1,0.32492,1,6.047
0,-10.535,-45.277,0.50932,5.159,-2.564,31.089,40.279,21.969,-26.878,-1,0.43685,-48.717,-7.572,-26.713,7.053,-0.34265,47.445,38.767,1,-1,9.467,-28.588,0,-20.742,-0.16253,0.92236,26.627,-33.311,-32.671,0,36.687,0.23188,34.609,0
1,1,-29.797,0.99645,6.528,47.097,45.428,0.97811,16.04,0.96112,-25.188,-17.861,0.07808,-25.515,0.10346,-23.18,0.05269,-38.936,-33.064,38.17,-16.59,0.81633,-46.325,9.781,34.537,12.779,-37.218,43.336,0.13638,0.79110,-45.113,45.706,0.15930,45.24,0.12015
0,-21.243,-21.455,0,49.237,23.104,3.279,1,12.373,-1.546,1,31.614,4.235,1,2.528,-2.501,-41.253,-37.908,-1,7.944,1,1,-50.351,-1.906,12.977,4.803,1,21.484,-1,42.191,1,18.879,-50.953,1,-1
1,-1.039,0,16.191,-22.105,0.66626,7.198,0.57197,0.18761,0.08776,-26.051,0.63621,0.12131,0.62099,49.236,8.893,0.10976,18.064,0.18151,6.042,23.397,-38.676,24.228,-28.677,-41.266,0.065,-12.722,0.46167,-19.968,-47.15,-13.35,0.40663,-37.128,50.722,21.162
0,0,0,1,-1,-20.157,0,17.85,11.019,21.824,-13.118,1,-33.606,12.761,44.191,48.727,0,-1,-39.119,-34.189,3.446,46.233,1,1,45.218,41.542,-47.439,15.229,-3.802,-20.703,-1,13.376,27.445,-45.245,1
1,1,16.482,1,-6.153,44.343,-0.09834,30.981,6.822,10.104,19.115,-2.241,16.391,1,-37.404,23.699,-0.15616,-24.263,39.986,0.86473,-16.502,0.91693,-0.44072,0.96060,-12.646,0.81874,-48.681,-11.666,13.224,18.798,35.383,13.029,-0.40575,0.74354,28.704
0,0,-37.893,-10.403,1,-47.71,-6.369,0,0,-1,4.217,36.403,0,19.242,0.524,-1,-1,15.113,-1,12.578,1,18.02,39.308,-45.491,-11.821,18.076,27.731,6.556,-19.878,-50.04,-40.782,-43.502,1,-49.876,1
1,31.361,-1.198,0.96071,45.161,1,-3.632,1,-8.912,28.318,-0.05144,0.89263,-39.137,-35.331,-0.06142,46.385,-4.372,-48.023,-17.561,0.75206,-43.796,0.65961,-0.07905,0.64158,-42.386,37.212,-15.826,0.58051,44.002,-34.705,-47.359,49.661,-23.112,0.52099,-48.675
0,-9.048,0,-21.439,-0.517,0,24.37,-30.675,7.566,-1,8.719,19.957,2.871,0,41.115,0,41.682,1,-8.222,-16.033,34.776,1,-31.635,-10.769,-36.108,21.173,-1,12.505,-1,1,1,2.418,-12.856,0,-5.726
1,1,0,1,-7.405,1,20.88,-46.681,-3.742,10.184,-48.018,44.86,-0.11726,21.744,14.733,-28.055,10.249,29.978,-0.07379,-4.593,-27.323,-14.082,-16.029,-31.613,21.09,-29.974,-0.34838,-3.725,-0.29174,-42.735,-0.38576,0.54356,-0.26284,39.151,-0.39487
0,1,0,24.107,-6.441,1,-1,-20.917,-37.33,1,21.027,-16.133,-13.472,1,-1,45.575,-1,1,-40.934,-2.107,-41.709,1,40.933,-31.099,18.235,-0.938,37.465,-15.123,-44.989,-24.207,-28.406,1,-43.993,-19.598,-1
1,1,-4.665,-19.723,-36.247,29.755,-24.276,-46.623,-0.81779,-40.909,0.61053,-26.504,-0.41382,17.253,12.721,5.941,-0.23433,0.81051,-0.62180,25.377,3.842,-21.788,0.11053,0.62357,-0.78547,31.349,-32.071,-17.738,-22.149,4.652,-44.142,-46.023,-42.077,-0.13341,-1
0,0,-5.776,-1,-6.567,-5.091,44.855,-40.179,-28.819,3.345,-0.37500,37.224,0,0,26.042,12.211,5.566,22.696,-2.615,30.077,-39.769,-24.806,-23.394,0,0,-28.151,-1,-1,37.576,-8.755,-10.355,0,29.613,-1,1
1,1,0,-17.584,-10.006,-3.297,-41.717,29.125,-0.13308,0.98172,-36.034,-32.889,45.494,-3.294,0.59113,1,-6.213,-16.728,42.009,1,0.95099,1,17.022,-18.467,49.911,-15.374,-10.153,39.492,25.508,2.553,-18.923,0.64358,25.11,0.52479,1
0,-32.701,0,-36.335,-1,1,-31.827,1,-11.281,-1,-39.795,40.246,-33.434,-1,-1,4.257,46.496,8.896,12.295,32.662,-9.316,-42.476,38.529,-43.623,-1,47.044,1,48.27,45.09,1,20.174,-1,-24.639,-46.949,-1
1,40.341,46.798,12.182,-0.14236,1,-0.16256,14.843,-34.176,1,-0.07514,-40.211,-0.25010,-39.982,37.074,1,-48.013,-13.751,-40.817,-37.605,-4.781,1,-40.845,-0.005,35.63,1,-6.46,-37.336,-5.765,1.047,-0.75820,1,-0.75761,6.245,17.849
0,19.767,-22.353,1,19.655,1,1,-32.273,-7.577,1,39.76,16.339,-44.808,1,-0.01840,-37.496,-1,50.403,1,25.572,-27.514,-36.886,1,-14.312,18.21,0,35.645,-25.505,-14.455,1,-0.79141,-2.267,-30.119,-0.439,-7.803
1,-45.86,0,-28.709,-12.038,38.801,-0.11057,37.833,37.037,-21.027,-12.379,0.88462,-39.141,45.413,-49.405,-3.859,-0.35924,-32.171,-0.33632,-10.867,-0.47022,15.718,-39.474,25.26,7.999,0.61297,-0.48086,0.56804,-28.191,0.50179,-42.285,-28.479,-0.57377,-37.52,-0.58086
0,42.124,0,-33.516,-26.144,0.41287,-0.23067,-10.297,-0.09473,0.99709,-0.10236,39.908,-0.10951,-39.042,1.937,-17.293,-1,0.82270,-0.17863,-42.791,5.785,35.882,0.92730,-4.651,-14.37,24.397,49.061,24.264,19.224,14.122,-0.21901,25.381,-47.209,-15.438,-49.18
1,1,35.198,-29.506,-39.856,0.72314,0.27686,12.02,8.925,19.06,-44.033,1,17.341,0.79962,-0.12527,15.433,19.574,-24.867,-8.065,-21.256,0.26590,0.96354,-0.963,0.92599,-24.625,33.627,-49.61,26.963,-24.319,1,-44.275,-0.814,-45.171,1,-0.57758
0,1,0,44.273,-1,12.205,12.737,1,-42.548,29.171,11.108,1,-45.843,43.319,-26.523,-48.283,38.54,32.581,29.171,1,17.575,-47.799,48.012,1,-1,44.579,2.495,1.662,-0.08571,0.95982,19.416,19.061,44.341,1,0.34732
1,1,-17.219,30.689,-25.189,-35.932,-0.01209,8.968,36.297,-33.132,-0.07014,-38.519,14.796,1,9.039,0.97261,-0.07917,49.632,-22.408,28.57,-39.303,0.99589,-26.037,0.94815,-0.13565,0.89469,-48.825,0.89067,-0.17909,-10.781,25.2,23.094,24.681,-47.909,30.14
0,0,0,24.552,1,27.388,-1,45.655,36.845,34.509,47.488,-46.672,-1,-40.154,0,0,-0.651,41.244,49.898,1,6.053,-19.544,-22.624,-1,-5.649,1,-0.736,4.288,-0.558,21.087,26.091,21.244,1,-7.44,0
1,14.977,6.797,0.91241,0.04347,0.94191,-23.292,45.656,-9.626,26.723,0.01321,16.444,0.06348,-13.358,0.12067,33.46,-11.516,-47.201,-33.508,48.104,0.14439,0.80983,22.255,0.77041,-35.143,46.439,0.11299,49.952,38.74,36.651,0.15300,-9.791,-25.75,0.65258,-49.135
0,1,0,1,-32.744,37.108,47.712,0.97545,31.756,8.17,-18.778,0.91036,0.11147,0.88462,-43.216,0.82077,25.725,0.76929,0.15189,4.831,11.066,0.65850,14.913,9.731,-1.061,-13.903,-27.565,25.322,42.232,-12.318,4.357,0.38352,15.559,29.511,47.33
1,5.223,41.231,25.163,-18.323,1,37.333,-47.208,-19.844,0.93051,0.32213,0.86773,-23.852,24.903,-7.485,0.79555,-44.213,0.65954,11.318,0.57619,-43.231,-9.272,20.1,-20.903,0.68840,-15.521,40.267,-3.36,0.72386,33.025,0.70682,25.319,0.72688,40.743,0.71444
0,1,-22.586,-1,-13.802,30.604,1,1,-45.06,-43.129,23.452,14.889,50.329,1,-28.933,0.17917,-1,-8.069,-31.627,2.064,27.909,-45.274,24.895,-1,1,-1,8.718,-3.841,4.567,-1,48.569,39.913,-4.417,0,30.558
1,-26.638,-47.378,0.90932,31.565,0.86528,0.16888,1,-11.981,-1.263,-14.319,-27.207,1.281,21.86,40.712,0.57620,-11.479,39.125,0.49618,0.31639,-24.417,-2.854,0.54462,0.31274,0.55826,29.457,-33.785,-47.655,44.786,5.706,-43.806,0.06927,7.907,0.12137,47.74
0,1,44.072,-1.058,-46.277,31.822,27.058,-19.875,-4.564,41.314,-0.23393,-31.671,0.96161,-24.929,5.722,1,-1,1,0.13839,1,34.687,1,-8.892,-27.554,1,35.146,8.91,-33.262,-26.878,23.969,-48.717,1,-1,-19.742,-43.962
1,1,-11.535,0.99025,-16.734,0.99793,-26.539,0.98663,-25.405,-27.594,-26.971,48.749,45.139,0.92651,9.087,0.89812,-40.263,35.242,36.788,-28.923,-24.693,0.79016,-8.17,-44.52,-0.64615,0.68282,-38.037,39.383,-0.73174,-45.834,-0.75353,45.078,15.212,-33.084,-0.83245
0,0,11.965,0,8.944,44.935,-49.351,-21.455,46.097,1,1,1,33.614,0,0,43.191,0,10.998,7.945,2.528,19.484,-0.906,-0.546,42.541,-18.854,23.104,-22.243,-1,48.237,-1,7.463,1,0,5.803,-33.175
1,-46.584,-0.423,1,-0.03730,4.235,-0.07383,-40.496,-0.11039,0.99838,-39.314,21.821,-22.269,0.96674,48.876,5.232,-37.159,0.91236,11.633,20.785,-0.32152,6.798,-20.561,8.986,-0.37643,0.86213,-3.931,0.83172,-0.43122,24.829,-42.679,-49.174,17.0,-12.852,49.22
0,1,0,-20.757,-37.413,-1,42.803,15.157,11.375,0.69258,-35.823,1,-0.03353,20.534,-0.00550,-26.94,2.6,-12.04,-0.46270,1,22.481,-0.29735,-14.432,47.988,-19.784,48.072,-0.46734,-47.917,13.647,45.656,-2.653,-29.287,-32.401,7.087,0.41913
1,1,17.85,0.98166,-48.269,36.746,-37.048,44.319,-40.176,0.95947,26.375,7.889,-16.202,41.252,-0.11102,10.037,-0.12790,-11.235,43.075,0.79682,-0.19200,0.88274,-0.17387,0.86257,12.037,-2.356,12.179,-3.983,19.009,-45.46,13.408,14.249,-0.23095,-24.441,-0.23902
0,19.076,-12.493,-6.369,0,1,-11.304,-41.782,22.699,27.841,-1,0,0,-47.71,13.578,28.154,29.757,-11.96,15.649,0.76940,19.874,18.04,-18.878,-5.612,16.858,-49.943,0.44828,1,-1,-1,-37.078,-45.491,0,19.02,0
1,6.556,36.655,0.84134,-1.382,30.797,45.538,50.082,-48.791,-3.59,0.13795,39.12,-48.894,0.88559,5.767,-22.195,-0.57486,-2.925,-0.29520,37.27,44.889,-35.163,1,16.579,-42.664,0.90066,-0.02778,0.93358,-48.684,1.139,-0.32298,0.84463,-0.25706,-14.816,-17.578
0,0,3.418,45.024,1,-35.108,-10.048,0,24.37,-47.346,0,1,28.416,1,-34.202,40.682,6.719,2.871,-44.743,-43.326,1,7.566,-39.163,1,-33.635,-6.222,-31.675,-8.005,34.776,-1,-1,22.173,0,-10.769,0
1,21.899,-1.517,39.509,1,30.287,42.115,0.91010,1,-0.26970,1,10.673,-46.681,20.406,11.315,-1,-28.264,19.851,-0.57779,-1,-0.42052,-1,-21.439,-14.384,-8.344,-2.791,-16.033,15.785,-1,-47.001,-6.726,19.957,-32.769,-42.466,0.34845
0,-15.123,0,43.181,-1,18.235,-4.251,1,0.63317,0.03515,-41.709,-8.02,-33.099,-26.406,-29.823,-14.827,-5.45,-1,-24.207,23.946,-42.989,42.561,-1,-37.33,-13.472,44.387,-14.031,-26.119,-1,-1,-1,-1,23.027,1,9.52
1,1,0,-19.767,0.08143,-0.963,-27.516,6.034,-22.002,-42.032,-40.0,5.789,28.768,-40.201,38.297,0.94612,16.173,-17.223,-0.32268,5.149,-0.35902,0.91428,-3.38,26.156,-17.431,-21.692,-47.896,-19.725,-0.34586,-35.24,-0.30619,0.83951,-0.39061,-30.421,-0.41173
0,30.613,-7.755,0.08333,-22.601,-42.857,-42.245,-5.665,-4.091,0.71875,-20.811,12.217,-24.73,-30.151,11.211,-47.353,37.576,-39.207,0.59152,-0.42113,30.374,36.478,-1,30.077,-0.46801,-1,0.23810,1,20.696,-1,5.177,-1,25.042,43.855,0.61458
1,1,-4.294,1,-0.02259,-28.819,-0.04494,2.805,-38.836,1,-19.535,1,-6.358,-15.29,41.054,1,-9.5,46.015,0.32407,-16.728,-42.067,39.648,-10.279,-4.82,-0.20081,29.125,-26.729,-0.742,-5.785,-35.85,-0.22370,3.13,48.683,0.73992,-0.22981
0,0,-18.584,-36.335,1,1,-1,-1,-10.153,24.11,-4.297,-18.923,8.896,15.022,-48.136,12.295,-43.623,-1,23.508,1,-1,-26.639,-33.434,1,47.496,5.257,-34.889,-31.701,-7.316,40.246,40.529,46.09,0,-1,-1
1,1,0,47.044,0.05812,48.215,0.07418,34.661,-41.079,-0.005,-4.338,0.94846,18.763,0.95713,11.329,0.94862,-5.871,0.90896,14.044,37.194,5.407,0.99695,-40.652,38.243,-33.775,-42.56,0.22431,-37.44,47.033,22.06,-10.056,-32.044,0.29576,-46.958,0.31166
0,1,0,0.17188,-2.439,-6.269,1,39.341,0,0,0,-1,-39.431,-31.119,24.572,-0.61354,-0.67708,-37.08,-40.128,49.923,-6.433,18.767,0,39.76,-41.253,-15.599,21.617,-14.312,1,-16.455,0.724,-38.496,-8.803,-38.605,35.645
1,1,-26.658,9.5,24.697,-42.808,-27.523,1,-46.635,-2.281,0.09237,-32.324,-32.786,38.132,-29.348,-25.612,0.28343,16.194,-4.413,-21.516,0.33129,0.83393,0.31698,45.309,0.39597,-11.13,-37.595,0.68452,0.42746,0.62764,38.327,15.58,-11.149,19.753,0.50903
0,-33.228,0,0.01667,-0.35625,0,41.124,-18.13,-12.209,49.265,19.637,0,-28.949,38.908,0,23.865,-39.552,-38.594,-47.352,37.141,24.097,-39.632,0,0.08333,-50.09,-0.10625,-11.443,1,-22.677,35.912,0.18854,-41.687,-14.425,1.937,-0.27292
1,1,-15.206,19.06,-25.95,14.478,-24.04,-4.225,-39.363,-0.026,-46.109,-22.797,0.37107,0.84250,35.667,0.81011,0.49225,-1.029,0.48311,0.65091,26.532,-43.033,0.58071,-43.195,15.312,0.48311,23.885,6.501,-29.814,32.983,0.76147,9.848,0.66844,-22.035,0.78685
0,1,0,29.1,1,47.368,-9.459,18.84,-48.283,0.87719,0.30921,10.536,-43.164,-25.926,18.648,43.629,0.05044,-0.51535,15.795,43.831,-25.662,0.32675,18.989,-49.799,12.186,-41.066,-0.338,33.405,42.258,-44.705,1,-49.552,-1,1,1
1,1,0,1,-34.547,37.327,25.644,44.449,37.992,1,48.607,12.451,-21.791,-24.538,-48.778,1,-39.489,0.97613,-39.661,-44.043,8.859,2.522,25.194,1,28.239,0.93593,-25.787,0.92890,-0.07249,20.778,27.355,0.43970,11.936,22.77,-0.05402
0,-35.932,30.347,0.84783,-0.545,43.244,-18.152,37.845,-1,20.914,3.372,1,45.926,8.968,26.994,1,15.213,-10.638,22.114,0.58424,-0.43025,1,-48.113,-0.666,0.26585,48.399,29.355,1,-39.995,-45.296,-0.01947,-16.219,34.734,1,0.37409
1,-22.314,-23.624,1,5.334,1,44.734,-5.649,36.065,49.898,0.04317,0.98762,0.33266,24.552,32.594,1,22.18,0.95750,24.845,50.06,0.178,-6.44,14.019,0.99933,0.27376,26.787,-10.891,0.96414,-33.657,39.474,0.23360,0.94578,47.047,46.485,15.452
0,0,6.797,-13.286,-1,10.13,-10.68,-47.09,46.664,-10.578,23.834,-42.752,29.511,1,1,32.684,-26.857,1,1,47.33,1,-0.226,4.831,-11.753,-33.768,1,-15.447,1,-36.286,1,8.209,0,-49.249,1,35.111
1,1,14.75,42.231,16.09,0.81309,-7.166,0.43019,-8.75,0.20619,0.80541,3.764,11.656,36.334,4.994,-18.778,42.475,-0.39046,23.562,-19.367,32.404,18.698,-0.76339,-0.37671,24.609,-43.447,-28.729,0.41778,-0.93296,10.968,-1,0.93570,23.811,-47.22,-44.701
0,1,25.895,1,1,1,48.569,-11.802,-1,16.889,-43.916,40.547,1,41.673,-2.637,1,-16.865,-21.586,1,1,-19.107,50.329,1,1,39.913,-6.069,-20.308,-42.129,25.705,30.558,0,-28.933,-31.627,-23.242,28.604
1,-11.147,-11.94,1,-46.238,29.909,0.18281,-26.91,0.26968,-4.417,0.25068,-14.0,5.855,6.58,0.38643,1,-27.321,1,10.376,-23.546,0.53846,39.614,-4.229,-2.232,0.59457,22.593,0.68326,-46.946,2.69,30.064,24.124,8.1,-46.522,0.71493,0.75837
0,-8.858,-20.742,41.314,30.478,1,1,-26.929,-45.367,45.22,39.284,35.687,-20.875,0,44.072,-1,1,-46.717,-43.962,1,-28.878,-0.75000,1,-33.35,46.063,1.914,-1.415,1,-35.262,-1,-4.564,0,-26.711,-0.815,-1
1,27.23,0,16.975,-33.49,-24.243,9.66,45.491,0.27451,0.98044,-11.185,39.659,0.46281,0.86265,0.52517,0.82820,-28.0,0.73242,8.744,23.659,0.73140,0.54473,-45.756,34.876,-6.81,-32.265,-44.53,6.433,0.83796,-26.464,48.682,34.747,31.691,-37.262,0.86285
0,1,8.945,7.158,3.917,5.803,0,-0.32937,-18.156,24.104,0,0,-26.408,0,-24.122,-39.618,-0.788,-16.466,46.292,12.43,-20.673,0,0,42.541,0,0.73413,-44.993,38.071,33.249,0,-33.175,44.935,0,-29.797,45.441
1,0.094,43.191,1,11.424,0.577,-49.243,21.484,-42.058,1,20.164,1,0.34826,1,0.38261,0.94575,4.708,0.89126,0.50391,0.75906,-13.015,-20.436,3.834,-40.696,-2.874,21.499,49.732,49.831,-36.214,12.472,0.72684,9.414,-49.236,24.349,0.75243
0,0,-29.191,1,1,-26.392,15.521,-1.039,-1,48.233,-1,15.229,21.824,43.542,1,1,47.727,-11.959,1,8.148,-46.584,-34.189,-1,-38.386,48.722,-19.215,-23.13,23.985,-1,1,1,8.107,17.48,6.898,-40.215
1,1,2.446,45.656,-20.117,1,13.6,1,-4.64,-11.177,26.724,-15.17,0.30889,0.92745,-32.23,0.91118,0.39749,-13.298,0.46059,20.007,-47.969,-47.483,-45.682,14.35,18.432,-21.032,0.59723,-39.53,9.714,11.558,12.985,43.644,0.63636,0.40442,0.62658
0,-49.04,6.898,13.224,1,1,39.305,23.699,1,-5.147,-2.241,19.076,1,30.154,-5.369,19.04,1,-10.821,12.578,28.981,-11.493,-1,-46.71,-1,1,1,-26.184,44.343,17.482,-1,1,15.502,34.765,-38.01,1
1,1,19.02,1,-48.634,1,-45.006,-41.502,-3.74,20.242,-10.403,1,1,39.308,1,37.403,-18.106,-35.163,-2.675,46.509,17.113,1.268,1,0.89647,1,0.64628,-40.782,28.114,6.556,0.10819,-36.893,5.043,-16.564,-2.012,1
0,-9.005,7.719,-38.163,-34.202,50.148,-1,1,-31.635,-49.673,28.416,-23.112,-43.743,1,-47.788,-15.749,0,-47.346,36.655,-1,1,-1,45.024,1,1,2.871,44.09,31.361,-29.675,1,1,-41.326,-8.222,-1,4.418
1,1,0,25.37,-0.06604,8.566,-10.14,1,11.6,-47.001,21.609,-14.033,-37.108,42.115,-9.453,1,41.524,1,0.04895,1,-0.61538,1,21.908,34.776,-1,1,14.205,19.957,-2.331,-19.439,28.287,-46.681,9.529,-12.856,-6.208
0,-36.33,9.184,1,42.86,-29.823,1,42.561,1,-3.45,-27.989,1,-4.251,1,-8.344,1,-44.989,39.509,-6.02,21.899,-4.691,1,-31.422,-14.031,-26.406,-11.472,-1,1,1,-14.714,-28.119,1,21.851,-42.466,-1
1,1,-21.917,0.92277,0.07804,0.92679,0.16251,-42.096,23.354,-39.868,-24.855,45.363,-30.821,-31.392,-16.663,0.70796,-20.033,-2.502,-35.518,0.51247,0.64924,0.39903,0.66975,22.369,5.525,-27.222,26.016,0.18765,-15.385,-39.837,-20.013,0.02735,39.236,-1.978,19.93
0,1,-29.151,0.68198,-18.393,5.885,-23.884,0.46643,-20.955,0.25795,-22.107,45.855,-42.009,0.01060,12.656,-41.145,29.144,36.763,-45.941,4.351,31.158,0.04325,0.30745,31.076,0.24936,16.339,0.19405,-0.04314,-39.034,-0.04779,-43.142,-4.711,0.07064,-47.529,13.084
1,1,0,22.444,-0.02811,0.65680,-19.499,-25.0,0.02811,-4.232,-7.73,-21.76,37.311,28.841,26.12,0.73077,-4.243,0.78550,-16.568,39.313,-0.01479,0.78698,29.682,-38.423,-0.18639,-0.961,0.02811,2.955,48.844,-5.031,-30.031,-8.765,5.426,0.56361,-5.747
0,25.11,-4.297,-36.287,-18.647,2.779,0.04328,1,1,-33.531,0.15299,-34.79,0.13060,-41.275,-26.46,45.593,-6.241,8.564,41.077,0.46642,-44.739,-10.498,-17.58,0.83209,39.984,-9.62,-19.758,0.49309,11.441,0.32463,-0.02612,16.413,24.643,0.34411,0.12755
1,1,-32.434,36.902,0.04528,47.266,47.164,-47.175,46.835,-47.133,45.999,0.64528,0.01132,0.66792,-40.935,-5.263,4.234,0.76981,-32.74,0.61887,-10.36,0.75849,-34.177,34.401,21.027,0.84906,-0.15094,0.73886,46.032,-42.808,18.716,-31.836,0.03774,39.978,-8.309
0,-39.49,-40.982,-30.391,-4.369,0.89241,-14.717,1,5.972,0.66364,13.784,25.054,-38.054,0.81809,-40.335,37.904,41.76,-0.501,11.4,0.66818,0.10000,1,-0.253,0.98636,-39.605,-37.752,19.094,-40.641,-8.656,0.42273,0.08182,0.48927,39.487,-4.269,1
1,-36.942,0,-14.879,-15.328,0.40392,-46.86,0.38431,-26.375,0.40000,-0.05882,0.56471,0.14118,19.677,0.08235,-6.052,37.147,0.58039,49.419,-26.156,-43.808,15.798,24.666,-37.916,0.08235,-29.093,-3.263,36.131,-32.878,-0.976,0.08235,21.106,-22.117,-32.842,0.17255
0,1,-11.892,-41.267,0.12482,0.35000,0.12500,-48.858,-4.4,-38.859,-38.559,0.04517,0.36194,-0.19091,0.33636,-0.13350,19.91,0.02727,-14.02,-0.34773,37.039,-27.845,37.918,-0.18636,41.487,44.42,-11.325,14.913,-29.021,7.5,-22.91,-39.661,-11.694,-12.214,24.457
1,7.068,0,37.024,-0.21996,10.509,1.301,-4.347,23.525,-0.093,-24.144,50.17,38.865,-45.484,-22.006,0.77897,-14.953,0.69206,0.57940,0.71030,0.39056,0.73176,26.238,1,13.833,24.31,0.52039,-47.482,-33.696,-42.789,0.58584,-17.7,-25.409,18.583,0.54185
0,1,-23.711,-44.859,-0.08580,42.002,-0.80553,-49.847,-0.56435,0.80648,-44.118,0.89514,17.832,-0.18494,-48.643,14.464,-0.68065,44.545,-39.81,-48.019,11.029,-0.06959,19.936,-8.8,-29.696,44.401,-41.912,0.70882,-0.25288,33.405,-26.008,-0.21354,-44.533,35.013,-2.412
1,1,0,49.415,-0.24783,-24.549,-44.799,17.247,11.588,0.65217,32.588,0.5,-25.359,-33.554,37.576,20.282,28.84,1.049,46.733,12.098,-0.26087,11.782,25.503,-48.084,18.022,0.31304,1.52,0.49930,-0.04264,0.48348,43.534,0.64348,28.11,0.50435,27.776
0,1,0,-0.54180,-1.409,14.521,37.06,42.764,21.948,9.423,-22.339,0.20743,3.137,0.47368,8.058,0.56347,-0.15480,-11.474,0.45201,30.685,-48.714,0.50464,-36.861,24.245,-39.776,35.509,22.912,-39.084,-17.62,-0.15170,0.11146,-18.52,-25.336,30.215,-0.08978
1,1,0.264,23.844,36.123,0.45331,-33.467,-45.155,-6.654,0.52632,-7.231,0.52462,4.887,49.372,-0.04754,14.533,0.03905,0.81664,47.264,0.42445,22.094,-23.275,20.31,37.127,-0.20883,-0.134,25.059,16.029,45.622,-39.808,26.486,0.70798,25.768,0.39559,-0.03226
0,1,6.797,47.122,28.679,0,44.709,0.56541,32.608,0.39468,10.13,0.38359,39.603,-0.02439,-11.046,0.23725,-14.157,-0.02661,-47.139,-10.19,-25.008,-0.10200,46.069,46.841,-23.077,-0.91574,0.80710,-35.627,-9.618,48.216,-0.532,2.831,-49.121,-32.768,0
1,1,4.203,11.557,0.16607,15.543,0.37379,32.414,-44.231,-9.152,0.72997,-47.765,-43.049,36.355,0.87493,0.06438,48.514,24.708,26.457,-18.065,5.019,-0.46635,-13.788,23.592,-12.215,-0.68159,-27.33,-0.71844,15.671,-0.72369,0.11218,41.357,7.498,-44.429,-0.19904
1,25.148,15.889,0.97714,19.619,50.396,26.358,0.71771,-3.05,31.038,0.84278,0.31409,0.92643,0.10289,39.853,40.54,0.84290,36.805,26.121,-0.52145,0.79525,-20.79,-15.37,-25.016,0.33537,-19.242,-7.808,40.398,39.533,-22.132,-0.19321,10.038,32.495,-0.59943,-23.083
0,1,-47.378,22.452,-45.916,-29.933,9.718,0.50814,-47.059,-12.196,2.305,-1,-43.543,29.604,21.697,0,0,50.329,-27.905,-4.477,4.932,0.97068,27.909,-1,-1,1,-15.596,-1,-1,-1,-31.627,-6.069,-48.841,-5.417,-3.232
1,0.585,-34.35,0.74084,-1.765,-20.084,-27.884,0.78575,0.03793,6.242,44.319,0.67801,-8.547,-23.787,47.137,0.74695,0.08442,0.70681,29.13,-11.304,-34.262,-25.229,0.11355,8.038,40.406,0.67016,38.769,0.64158,-44.231,44.729,0.17539,0.59759,-12.0,1.489,31.629
0,1,40.314,-46.717,-1,0,38.731,31.602,-0.99265,-44.468,35.16,-7.991,34.738,-42.962,0,6.099,-26.711,0.72059,-33.443,-20.007,-0.60294,-3.564,8.053,48.005,25.23,-1,-28.878,-29.588,-1,1,8.467,23.969,-1,-33.576,0
1,-24.211,0,-15.676,0.01709,0.96215,-0.03142,45.531,-0.03436,-23.122,-45.318,35.383,-0.07092,46.433,-39.915,-25.713,-0.15727,9.945,-0.14257,0.98310,-18.972,1,45.912,-32.175,42.349,38.299,-46.665,7.428,-37.555,0.94599,-26.58,-10.571,-30.023,16.885,-0.23296
0,-0.546,43.191,0,0,8.944,0,0,3.235,-36.908,3.528,0,-49.953,-49.351,11.977,5.803,-3.501,-21.243,0,32.614,0,44.935,0,-42.253,11.965,11.373,0,1,-1,0,24.104,49.237,-21.455,20.484,-0.906
1,16.521,7.148,0.95704,-0.12095,0.63318,-0.12690,-12.64,-26.574,0.547,-22.046,0.92003,8.096,0.83543,-0.24719,1,23.701,-46.592,49.509,-11.973,-0.21018,1,-41.764,-38.284,3.884,1,48.9,21.72,-20.53,-36.571,-0.23728,23.876,19.561,18.175,5.483
0,12.019,0,-13.833,48.408,-29.191,2.446,-34.507,-1,-1.732,48.191,0.64394,0.06439,43.539,41.694,17.85,0,0.59091,-32.966,0.45076,25.638,0,0,-46.245,20.824,-48.197,-21.525,-19.157,13.99,12.436,-0.48485,0.16288,12.779,0,44.656
1,17.502,22.699,-11.548,15.989,1,29.117,0.98898,-26.055,0.90083,-4.132,-36.01,35.664,1,13.522,1,43.193,1,-0.17681,7.898,-48.482,10.104,11.99,1,-0.26571,-39.119,40.007,1,-0.33304,20.221,29.612,-2.241,-12.585,-15.157,-0.44739
0,1,-49.04,0.524,0,0,19.242,-47.71,0,36.403,-6.147,18.662,28.731,0,-37.893,18.076,0,0.36585,-19.597,19.581,-1,-41.782,-6.369,0,38.308,5.217,0,-10.821,13.688,-42.502,16.113,0,-45.491,-11.403,0
1,1,5.556,0.99449,-9.0,0.84082,-0.11313,0.88237,48.984,28.407,-17.627,-35.199,-35.277,-38.311,-48.643,-0.327,-0.20848,-42.805,-3.804,37.638,-48.965,31.259,45.51,0.87836,-0.05882,-46.412,-0.19872,-3.594,-23.29,0.94294,-0.16581,0.80253,-49.045,-14.983,44.812
0,-8.048,41.115,33.877,-36.0,-1.517,44.024,0,0,42.23,2.695,-42.016,25.37,0,0,-15.033,-30.675,0.37162,-1,3.749,-1,22.173,7.566,7.719,0,-20.865,-11.769,-12.856,-1,19.511,-7.458,0,-32.635,0,0
1,1,-47.681,-14.714,-4.263,21.891,-0.73371,12.4,-0.97450,-27.989,-0.35818,30.287,-0.23229,39.138,-0.86402,22.406,-0.57535,1,8.388,-31.654,-6.615,-4.285,-1,21.552,-8.093,10.934,-0.76904,0.53777,-15.811,-47.19,42.86,-42.466,-1,-26.815,14.024
0,1,-32.099,-19.939,-16.752,19.235,-42.993,0,44.575,-11.7,1,-35.33,-0.28030,0,-43.989,-25.207,-40.709,-16.512,21.799,23.948,-31.823,1,-1,-27.406,0,0,-7.02,1,-22.856,-0.12879,37.533,0,-1.938,-4.45,41.561
1,14.039,30.795,0.86284,0.19310,-17.411,0.41149,5.734,0.55785,0.54559,-26.76,-40.789,-30.427,16.564,-3.808,-0.04061,-39.071,-20.896,0.75785,-0.34100,-20.626,28.273,0.56092,-36.762,0.40996,4.249,25.512,-46.983,-22.602,3.673,-47.567,-42.406,-0.19923,-3.536,-0.31954
0,1,0,26.462,-29.761,-43.245,-22.394,1,-1,38.124,6.566,-29.389,-38.539,0,-5.091,-5.776,0,0.67000,36.286,0.84000,11.211,-7.755,21.696,-24.103,-38.769,-25.596,-4.887,-0.615,0.22000,44.855,31.077,0,29.613,0,0
1,-18.447,0,42.181,0.23395,-15.376,-17.208,-3.514,45.736,-3.821,-33.047,2.622,0.91730,28.22,0.88248,-0.21980,-35.765,-10.431,0.75517,-20.436,-8.71,-0.64527,49.357,23.767,0.29162,-19.292,0.03591,-11.871,38.534,-0.64962,-7.202,-0.51251,-0.44505,1.43,-42.424
0,1,-35.335,5.17,0.81586,-33.43,47.044,-10.676,-44.066,-8.262,0.29730,-0.18599,-0.10241,11.263,-0.08970,46.104,7.862,-40.784,24.105,46.499,-32.826,-47.948,47.27,39.529,0.00019,-0.00003,-25.639,16.022,-43.476,-32.434,0,0,0,39.246,0
1,1,37.336,-38.11,36.131,0.33333,-33.868,21.364,-4.129,0.23810,0.09524,-38.2,13.867,39.65,-0.04762,0.30952,33.614,0.28571,18.574,5.578,0.04762,0.30952,-40.431,0.21429,-0.11905,-4.911,-40.538,-0.784,-47.816,0.19048,-5.983,11.352,46.777,-41.064,-41.001
0,1,0,1,-14.899,1,0.04918,0.57377,40.744,0.65574,0.01639,19.62,-43.841,50.124,-15.455,-14.623,15.175,0.244,20.507,25.227,-0.17176,-5.905,0.03279,-30.119,35.35,-1.127,-27.002,-37.973,-26.708,-37.558,-0.03279,-8.524,-22.795,-32.781,-0.06557
1,1,37.867,0.98182,44.56,15.899,36.943,-38.14,-3.221,0.80000,0,-28.259,-29.545,0.79343,-38.738,-21.139,0.09579,0.62727,-4.425,37.884,-27.518,-48.383,-11.766,-32.292,-11.484,0.74545,19.437,0.64581,-37.791,25.272,0.02727,-46.253,0.16465,9.088,0.17077
0,1,0,0.39286,0.52381,-0.78824,-34.115,-0.16628,5.304,20.304,23.754,39.729,-45.931,-0.67230,0.30729,-14.773,-44.235,-11.744,24.675,-10.729,-39.572,0.419,-41.237,-48.656,-0.47594,-25.796,-4.468,36.66,13.873,0.57143,49.657,40.575,-0.29915,0.25441,-18.689
1,46.052,0,10.127,5.462,32.213,18.035,15.663,-24.272,-21.378,-17.519,-14.37,-0.06444,1,0.434,1,-38.988,0.86889,-16.423,0.88000,10.375,21.695,-0.11526,10.509,38.709,19.407,0.03556,1,23.191,0.82222,-0.14667,41.801,25.807,1,-31.339
0,-43.83,0,36.533,-31.383,-38.6,-0.14545,0.18182,12.42,-45.019,-0.03636,-31.835,-0.05455,5.397,26.866,1.597,-0.41818,44.558,-0.01818,-43.795,14.451,0.12727,-3.411,1.734,45.788,-20.45,7.013,31.947,-0.07027,-18.082,-28.27,10.235,-0.36364,0.29091,-0.29091
1,1,0,38.402,-0.92453,25.696,0.75472,47.623,36.556,0.62264,12.928,1,15.935,-39.634,35.126,10.517,-0.05660,0.98878,-0.00085,0.52830,0,1.553,0.07547,40.358,36.576,39.066,-44.7,39.563,22.974,16.784,-39.187,-24.012,-22.27,9.093,32.529
0,-40.551,0,0.73810,-36.158,-8.464,-0.23810,3.342,35.468,0.45238,-12.004,-1.831,0.12808,-35.735,22.633,41.349,-35.159,-0.38214,0.51163,-42.243,0.02381,-2.646,-6.314,14.187,23.182,-5.144,-46.594,0.24889,-25.891,-48.635,-46.028,-20.35,-0.04762,0.26190,0.02381
1,1,0,0.43750,-37.811,-0.388,-0.10417,25.154,31.212,-30.657,-2.18,43.452,27.359,9.172,24.066,-39.412,0.02083,0.43750,-0.22917,43.358,-39.458,14.034,-41.054,16.343,20.291,-13.004,-0.18750,-32.768,4.682,0.41667,-0.08333,-18.446,-0.31250,38.446,-0.06250
0,1,-30.2,-1.774,-22.787,0,9.414,0,-33.335,0,-41.699,0.47744,29.498,-0.51504,0.45489,-31.797,-4.088,-21.373,-13.38,0,48.379,23.644,28.587,-3.439,-43.053,30.136,-18.115,1,-1,-11.404,1,0,43.525,-18.005,29.679
1,1,-41.832,-15.562,-11.809,50.026,-25.253,0.90996,-10.896,-27.464,-0.49962,28.31,6.142,0.77937,32.526,0.72254,0.37988,9.209,19.919,0.95472,-27.186,0.53258,-35.522,0.46773,-8.458,10.342,12.623,-45.227,0.43221,35.645,1,18.226,36.55,-11.471,0.37191
0,1,0.903,-15.746,-13.712,0.82809,5.15,0.76001,-6.737,29.82,25.1,-16.003,14.136,-31.482,-34.657,-14.76,44.417,-6.584,-0.05206,-24.739,0.18135,0.98484,-0.69594,0.86670,-49.648,0.28604,-29.737,-15.446,5.677,0.62958,0.42677,0.87757,-25.643,10.047,-32.614
1,1,14.006,0.95882,28.846,-40.901,35.115,13.725,34.048,0.96974,-0.09316,31.723,22.15,29.34,-0.03096,6.488,-0.05343,1,-0.05179,36.91,-31.159,-0.459,-24.04,0.97889,22.089,-16.685,31.836,46.786,-29.643,0.90978,-40.698,44.489,-0.10797,10.311,-0.06888
0,21.214,-34.373,16.793,0,-4.024,-22.669,0,-33.831,0.68869,37.543,3.146,1.661,-0.26048,-0.59212,-48.96,0.65565,16.272,0.16391,24.219,35.923,-20.449,29.059,-0.18043,-1,19.677,-46.141,1,-1,18.945,-30.153,34.183,-2.813,-12.003,0
1,1,35.508,50.653,31.827,1,-7.928,-46.534,-0.00763,0.97868,-39.793,30.377,49.265,44.274,30.109,1,-18.069,1,8.667,25.912,-17.299,1,29.277,-8.658,-0.04744,-30.431,5.887,-1.839,-0.03473,-3.465,-0.02478,-14.313,-20.781,0.98420,-0.04112
0,1,0,-25.42,0,22.794,27.505,1.105,24.098,0,-21.045,9.651,0.07297,1,38.639,-35.466,-29.44,-7.989,-41.499,49.039,0,-29.203,-23.383,1,25.36,0,-42.201,-14.909,-0.17568,15.916,-12.835,13.482,-0.25946,39.126,-0.15676
1,-43.358,0,40.952,-11.239,0.34146,-0.02439,-12.852,32.373,-2.462,7.222,44.881,16.251,-35.284,0.04878,3.248,-26.123,-45.187,22.775,0.31707,5.944,0.26829,-17.106,36.948,0.05813,14.291,0.09756,0.19304,43.622,0.17410,0.934,-48.919,0,3.029,0.07317
0,1,41.652,28.272,1,1,-17.61,15.741,0,-26.362,-19.525,1,1,-14.069,-1,12.661,1,1,-1,47.446,-47.47,-21.465,0,-48.341,40.675,32.151,44.287,24.564,-33.87,1,-18.755,-18.711,1.225,40.284,1.945
1,1,21.737,19.861,-31.571,-1.318,9.188,31.727,0.20408,27.304,-28.494,0.30612,0.59184,0.12245,-44.643,0,0.51020,41.788,-30.612,-27.185,0.55102,19.958,24.397,26.758,5.142,-24.738,-39.665,-15.658,0.14895,1.392,0.18367,36.83,-45.445,-0.26531,-0.24490
0,1,-15.563,0,-7.35,1,-39.963,-24.682,0,-46.823,35.234,12.563,34.906,1,9.507,1,30.343,-37.752,-1,0,-44.309,-49.268,-41.073,9.967,-14.413,-48.694,30.843,-15.658,46.969,-24.666,0,1,-1,0,6.393
1,-2.746,0,-25.999,-43.731,0.91176,0.37500,-22.784,0.67647,2.253,16.565,-4.259,-16.558,-0.02206,5.632,-0.20588,-15.887,-3.152,-23.847,-3.537,-20.993,23.498,0.38235,-0.86029,-20.829,-0.74265,-0.12500,-14.071,20.185,-0.55147,35.287,-0.44118,-37.426,-2.196,-30.908
0,26.821,33.749,-3.098,0.28105,-29.744,-44.781,-38.921,-2.524,-35.886,0.71242,5.729,35.357,-0.81699,8.162,46.873,-36.534,-0.98039,-0.83007,-0.60131,41.686,-0.04575,-19.504,0.94118,31.027,-1,-40.139,0.74385,17.318,18.184,24.429,0.18301,20.361,-0.40201,-44.727
1,1,14.454,-37.158,-0.10000,0.53333,-47.001,0.33333,47.388,5.927,19.709,23.505,0.01667,0.71667,1.801,-28.461,-20.736,-37.974,0.20000,0.41667,-0.01667,-26.573,35.115,28.839,-41.299,-7.416,-42.755,2.45,0.05439,46.57,10.455,6.804,0.03333,0.41667,-3.983
0,1,-35.603,-0.26667,0.40000,-45.479,0.12159,21.665,46.65,0.06192,-31.514,0.04461,0.02575,13.094,0.02726,16.701,-43.112,21.213,-39.217,0.00470,45.603,21.238,24.278,7.473,19.95,-47.359,-0.00050,-21.489,27.441,15.001,17.606,0,0.00015,-28.913,-7.426
1,38.61,-1.874,1,-38.013,-1.814,44.962,0.64865,-0.24324,-18.912,7.096,50.612,42.841,0.51351,-40.694,0.62162,-48.216,0.32432,47.189,-23.801,-0.17666,-35.834,-31.871,0.75676,-38.978,0.35135,-0.29730,27.841,24.029,0.58478,-11.466,39.977,-41.907,31.856,-0.24324
0,-11.815,31.995,0.94531,-0.03516,-1,-44.193,-1,16.818,-30.59,0.01172,-31.5,-0.01953,33.568,0.16406,16.025,41.033,7.345,6.255,0.92188,-0.02734,-0.99219,-49.151,22.085,3.188,20.536,24.646,5.362,-26.171,-3.835,37.899,16.421,-0.18750,-41.59,-0.34375
1,1,-38.398,-23.739,13.453,12.972,3.906,-7.791,0.01214,-16.534,32.84,34.739,49.126,33.897,-26.379,0.95260,-0.00405,-23.053,33.232,0.99769,0.01792,37.728,32.023,0.93815,-0.02370,17.222,-34.081,48.223,30.895,0.97399,0.01908,0.95434,-0.03410,-11.574,-45.926
0,1,48.964,1,-10.666,30.171,44.903,-28.027,-0.11111,-36.484,-21.894,-47.074,-0.25712,0.16667,-30.946,6.229,-21.515,8.457,-34.851,30.022,-0.42862,-5.474,-32.485,1,-30.91,1,-3.054,-33.833,-0.57092,1,-0.27778,30.248,-37.898,-33.381,-0.65935
1,1,-31.156,-41.68,22.112,0.24138,-0.10345,24.726,3.989,46.065,-0.643,0.03649,-49.902,0.01707,-33.567,41.899,-46.294,0.00281,-33.161,0.00078,-8.335,-0.00003,5.716,-16.993,19.231,-6.929,-0.00090,12.285,20.887,-48.613,-0.00024,-4.388,10.911,-0.00008,-0.00006
0,1,0,-16.097,-0.07843,0.72549,33.648,-17.078,-0.07843,-36.023,-26.98,0.68627,-9.854,28.489,3.089,13.582,8.239,-16.109,-29.167,-41.787,-3.297,0.58824,19.719,0.66667,-34.977,-23.037,-10.801,0.52409,-0.24668,0.56863,2.221,46.115,-0.432,-30.278,-0.27451
1,-34.221,0,36.219,1.663,40.282,-38.028,27.78,1.535,5.959,0.19939,28.979,11.566,31.869,28.227,-0.03685,0.06317,-43.183,0.03458,11.275,-1.847,-3.385,18.074,-0.01726,-0.00273,-34.496,-0.00539,-0.00621,-0.00586,-0.00294,-15.748,-1.327,13.356,0.00025,-38.658
0,1,-29.751,-0.65625,-36.164,24.277,49.207,0,-49.919,-41.586,2.619,-0.876,38.642,-0.03125,0.09375,-38.084,0,0.15625,9.402,-44.992,40.195,37.374,41.045,-40.708,0,-33.989,-0.46875,-29.3,-46.773,-4.187,0.03125,31.553,0,0,21.758
1,1,0,-22.028,10.402,1,19.6,1,-0.06486,6.484,-0.01622,-0.221,-0.03243,-15.487,-14.007,-47.188,-38.852,-3.726,19.253,10.236,-43.302,30.336,0.06486,1,-38.592,-23.043,0.09189,32.199,-29.647,32.123,20.663,1,10.708,-15.079,-0.07027
0,1,5.106,0.85271,44.413,-16.521,0.08069,-44.365,-30.256,15.578,-30.905,0.83721,45.09,-31.126,41.073,-27.216,1,13.907,18.609,39.803,10.224,27.575,1.622,-38.182,-1,32.342,1.272,1,1.223,0.84496,0.06977,1,0.87317,46.625,1
1,7.85,22.975,1.928,-0.01604,1,36.177,-39.086,0.01604,38.997,38.646,0.93583,24.68,1,-44.83,1,-20.713,-2.902,39.454,37.491,-18.385,-24.044,12.95,15.386,-0.01604,0.96257,35.104,-43.189,0.04452,16.813,0.01070,10.894,0.09091,16.819,0.06417
0,9.659,0,-0.20500,0.28750,-25.15,-36.892,22.916,-41.234,0.32250,32.992,0.36285,46.786,0.09250,0.27500,-38.282,-45.283,37.315,0.23500,-42.823,36.926,-0.48000,-0.08000,0.29908,-7.37,-0.58000,-46.732,-34.766,40.779,35.141,-4.386,-46.299,-1.471,-22.3,-36.038
1,1,14.021,-1.517,24.792,0.63333,13.768,24.144,0.06667,-30.291,-19.684,9.513,4.783,-32.408,-39.229,0.73333,0,-5.661,0.10000,38.779,0.10000,0.73333,-13.433,3.775,0,0.63333,0.13333,-0.312,27.461,0.60000,24.095,-39.354,-11.694,-49.002,-2.932
0,30.679,0,0.05866,-0.00838,-21.952,-23.779,43.004,-30.853,0.00559,31.097,0.01676,20.028,-0.00559,31.265,28.652,16.059,0,0.09497,48.315,-17.04,-2.821,0.02514,-4.346,-37.859,30.397,-19.024,-43.153,-14.389,43.003,-41.14,0.04469,9.414,0.04749,-0.03352
1,1,-11.088,28.356,0.28713,-41.106,0.67248,24.119,33.007,-17.992,0.89109,-0.24871,-40.855,-0.47644,-11.843,48.331,10.355,-4.724,-16.442,4.874,-33.531,-0.52475,-12.097,-45.879,42.974,-0.04119,-36.61,18.153,-30.764,0.36752,-0.41901,36.614,34.516,0.50376,-0.05980
0,1,-26.453,0.05460,0.01437,-0.02586,-7.398,-8.889,29.026,25.132,0.00862,0.92,-11.941,-32.477,0.04310,-0.08333,-0.04598,8.453,0.08046,5.466,0.05172,0.02011,-15.657,-25.421,-28.324,12.213,-27.794,-25.618,14.073,4.37,19.522,-33.276,-33.788,-16.492,-0.00575
1,1,0,0.72414,-40.722,-28.64,35.982,-47.99,5.49,0.79015,-31.164,22.961,45.819,44.323,-7.506,-23.096,0.01675,-0.634,-0.00788,0.79113,-41.93,29.12,-17.568,0.74778,0.05517,-15.619,9.365,0.78041,43.538,9.969,-0.05025,29.574,0.02956,-16.186,-14.108
0,1,0,0.03852,14.032,22.146,-3.432,12.762,-0.01997,0.02140,-12.053,1.298,35.121,0.01427,29.037,0,31.959,20.166,34.11,16.776,35.959,-48.636,30.738,0.05136,-3.71,0.05136,0.01854,-30.113,34.039,-20.429,0.00713,-46.166,-29.592,24.205,0.01997
1,-38.764,-7.937,-33.36,19.173,0.42328,0.33598,-17.043,15.807,0.01852,0.49471,-2.852,9.218,-0.34127,38.856,-34.786,-23.197,48.785,0.06878,-0.5,-0.11640,29.155,2.03,-4.583,-21.124,43.042,0.00265,19.712,-0.31739,-31.233,5.715,0.24868,-0.24339,25.194,49.726
0,1,25.776,21.891,24.159,49.178,-0.04119,-15.804,0.833,-30.077,-0.06178,27.966,-0.01144,16.04,0.07780,-15.166,-0.13501,-9.367,-25.468,-47.331,31.891,0.11670,38.839,0.11213,30.12,-17.892,-12.938,0.08467,0.01373,-8.877,29.312,-20.949,-0.07323,35.625,-0.06865
1,1,0,-22.229,7.486,14.554,-41.555,-41.17,-43.583,-26.682,13.131,7.982,0.42048,5.11,-2.657,-0.62706,-0.31079,39.927,36.089,-0.12797,-0.69287,1.378,-30.147,39.552,-36.843,3.694,-49.169,0.60098,0.30384,-12.924,-34.899,44.475,0.54479,-0.21572,0.50457
0,-15.61,43.566,-47.45,-17.221,0.04090,-21.474,2.879,0.01128,44.299,40.996,2.228,0.00141,0.01975,47.415,16.184,-19.694,32.297,0.02680,22.751,-0.00423,0.04372,-0.02539,0.01834,-11.253,0,15.728,0.01834,11.65,-45.548,-19.54,-19.728,1.921,41.659,0
1,1,26.835,0.85736,32.152,0.81927,19.458,0.77521,-26.403,27.887,-32.78,0.86258,0.11949,24.444,-31.837,41.068,31.354,0.83719,-24.193,0.83570,8.802,28.153,0.01195,-48.436,0.02240,37.974,-27.001,42.674,-0.03678,-14.188,-15.256,20.983,-45.465,-39.098,-0.09186
0,1,-41.073,1,-49.694,-15.658,31.843,-1,9.967,-27.943,-1,-0.787,-1,10.563,0.984,-1,1,5.816,1,1,22.737,-1,-14.563,24.949,32.906,-30.163,-25.666,-37.752,31.11,1,1,-46.194,48.969,5.393,-14.413
1,1,0,-15.858,35.627,-20.528,0.76432,-7.262,-23.693,-0.42625,21.314,-14.154,0.49980,3.841,-1.802,-39.822,-0.31044,-47.484,-4.298,-27.089,8.9,0.28444,-0.80496,-43.663,-0.35230,-48.49,-24.757,0.71698,-2.564,-36.54,0.58310,1.994,36.377,-21.583,0.64933
0,1,33.749,-16.447,20.184,1,24.89,-22.902,-3.098,21.335,26.821,0.02500,17.257,-0.815,1,-4.45,0,35.357,14.785,-34.579,1,1,-29.342,0.31250,25.234,-2.037,1,-43.244,-37.164,1,1,-45.058,7.729,-36.508,0
1,6.56,0,1,46.719,8.449,-17.674,47.541,2.718,-0.49020,0.92157,22.115,20.18,-48.001,2.106,-4.894,-0.33333,31.321,-0.68627,-0.23529,41.366,-7.313,-1,-44.186,-27.615,7.259,47.449,-38.779,0.21876,0.72549,35.484,-38.272,0.90196,-30.084,0.90196
0,1,-20.67,13.103,45.605,-1,-1,14.001,-41.888,0,-41.299,16.606,-34.603,-38.208,15.454,1,-48.358,0,21.214,28.139,7.474,-1,-1,-38.424,22.843,-30.445,20.386,1,20.237,0,0,-30.161,9.422,15.716,1
1,38.61,0,0.44444,39.692,-20.952,47.602,-40.916,-18.777,-11.569,0.88889,-29.913,31.676,-8.426,-0.11111,-44.11,-0.22222,-0.66667,48.834,0.55556,-1,-36.678,23.498,-38.335,-32.147,-1.541,47.405,-44.285,0.45019,0.57454,45.509,0.22222,-47.161,26.885,1
0,0,24.65,19.579,-24.52,0,43.111,27.23,23.019,0,6.392,-2.463,0,0,0,-40.59,0,4.542,0,-31.562,0,17.025,2.84,16.833,24.251,6.907,0,1,41.037,-49.269,-41.313,-37.635,34.568,-32.433,0
1,1,0,38.966,0,-3.738,0,0.5,17.921,48.011,-45.934,7.202,33.89,0.89067,-38.256,0.86922,-23.886,-12.065,-12.282,0.75000,-43.361,-33.286,12.035,1,13.18,-25.848,32.495,33.68,-24.427,49.871,0.25000,0.69635,37.083,-25.634,0.30293
0,0,-28.527,2.919,46.903,34.258,30.171,0,-2.776,31.912,-11.611,1,-1,-33.462,15.251,-31.406,28.022,32.857,-48.074,-1,-1,-34.381,0,0,0,-38.266,-9.727,-20.672,-31.835,-16.501,8.457,31.073,-1,0,0
1,1,5.229,1,0,1,-33.152,19.9,49.076,-4.474,-0.11111,0.88889,-0.7,30.248,3.836,-6.151,-34.833,42.669,-33.543,25.519,-32.346,0.77778,-21.28,12.952,-49.976,0.66667,-36.845,21.791,-0.05352,-47.613,0.11111,46.88,-0.11111,6.719,0
0,-31.156,27.822,0,10.911,0,-23.488,-34.741,33.648,0,12.935,-46.279,-16.725,-1,-42.991,0,0,1,0.75000,-29.05,-8.33,19.915,0,-31.749,46.683,22.216,-16.993,1,-4.081,-1.216,-1,9.337,1,-36.651,-4.388
1,1,-17.686,-8.737,13.814,4.226,-0.45455,12.416,-43.054,-15.658,-0.09091,6.881,31.893,-14.743,-42.609,28.589,-0.18182,-9.546,1.386,2.496,0,1,-27.226,1,0.09091,-0.326,-0.09091,1,-38.704,40.816,0.45455,-33.485,28.696,1,2.353
0,1,40.57,-49.36,30.947,0,-45.429,37.374,-1.863,0.34470,-46.485,0.42803,0.39394,-3.436,36.488,2.92,-40.393,-34.558,-0.734,-35.1,-0.14773,0.01894,-38.68,10.732,28.303,0.29167,-36.593,-41.953,-30.327,0.43182,0.24242,18.252,-0.02273,-38.124,-0.41667
1,10.558,-23.028,20.627,0.11765,25.215,10.916,-2.469,0.41176,50.207,0.05882,1,-15.844,39.642,0.11765,-28.66,-13.623,1,-0.05882,1,-43.414,-28.331,29.689,42.139,0.41176,32.123,19.044,22.665,-1.008,-47.188,-38.577,-23.022,0.35294,1,0.23529
0,15.663,10.413,0,-4.678,19.695,17.935,-30.256,-15.965,0.07979,-0.23404,44.052,-0.36170,0.12766,8.668,1.507,37.896,0,0,6.363,-0.07979,44.108,1,0.17021,-28.923,-17.521,-30.897,40.61,-0.46809,30.99,-39.671,-31.381,-37.883,-0.67553,-44.907
1,-39.086,0,10.811,-44.539,46.458,-18.594,1.824,5.356,0.87500,37.983,14.01,0.04167,0.83333,-44.034,10.816,-25.012,16.715,0.04167,-2.902,6.933,0.66667,1.15,0.75000,0.16667,0.83333,35.972,0.83796,0.05503,-19.777,14.605,32.244,36.577,27.283,0.04167
0,1,0,0.18590,15.769,32.642,-1.158,-7.702,-46.028,35.051,22.975,39.406,-45.493,37.517,46.941,0,24.696,-35.088,38.641,-38.187,0,-25.38,1.024,8.608,-0.06571,35.689,0.08974,0.17308,-22.813,13.053,0.09615,0.02564,-0.04808,0.16827,36.808
1,-35.992,27.359,1,-0.08183,1,2.895,-48.643,-0.29802,-2.098,-0.33075,0.96662,-0.34281,-45.634,-39.701,-5.442,22.151,0.73084,-5.223,-41.8,13.385,9.705,40.28,-1.529,-1.72,-19.013,-0.96296,23.932,-0.85669,0.37941,-42.39,-11.62,-14.288,-35.776,-0.89621
0,1,-17.115,21.103,32.212,-1,-18.03,41.972,29.564,0.34649,16.303,0.46053,-2.704,5.011,0.05702,-40.787,0.34649,0.72807,48.34,-39.726,-37.322,0,38.112,-0.29825,13.539,44.004,23.295,25.758,-15.38,32.136,-33.454,0.35088,-30.789,0.82895,0.07895
1,1,-22.019,1,0.24077,6.527,0.00369,-42.454,-0.30133,24.543,-12.639,0.70643,28.347,0.73855,9.109,18.707,43.164,30.151,-17.126,-17.6,-4.61,32.793,-0.39328,-30.31,-24.114,0.23966,-33.857,-41.407,-0.48390,27.537,-0.39143,-4.217,-30.713,-10.904,-0.46603
0,4.344,0,24.21,1,1,-1,-33.8,12.181,-25.626,-35.963,50.09,-42.832,1,1,34.742,-25.384,-7.903,8.938,0,0,-11.657,19.51,29.98,1,-1,15.056,1,-28.785,-29.313,-10.875,35.153,-46.571,8.548,0
1,1,-7.538,0.92247,-14.31,6.47,28.184,-14.81,-0.22602,-25.636,35.701,-28.644,-31.464,0.70302,-0.49639,1.536,-0.49967,43.862,-0.70729,-7.173,-0.72109,-48.385,-0.54172,-16.111,45.232,9.375,-0.63601,0.09312,-33.036,-17.047,-16.894,43.514,-0.54074,-33.377,28.266
0,1,31.992,21.142,34.134,-0.50694,1,-2.432,-42.901,10.38,-29.035,-40.711,-23.947,34.262,-1,1,25.219,-20.449,0,-0.435,6.488,1,-16.601,0,14.006,35.208,2.347,29.393,11.742,1,-1,31.432,-1,22.652,1
1,1,0,-29.311,0.43460,-3.187,-11.242,-34.274,0.93460,49.306,3.057,-0.72363,0.61181,-49.596,38.738,7.812,15.075,-5.064,18.289,-0.25105,18.82,6.095,-34.696,20.728,33.469,-7.188,16.504,0.77937,0.07933,0.64135,-45.712,0.31435,-16.675,-23.527,0.69409
0,1,0,1,50.3,35.508,0.916,30.303,-1,28.379,-3.831,25.927,-46.521,28.732,-1,-30.203,-25.42,1,-10.658,1,-14.909,30.122,0,39.839,-19.043,-1,-21.743,-30.391,-38.764,-1,1,42.274,-14.313,0,31.818
1,1,0,-40.386,-43.723,1,13.482,0.77123,16.916,-26.456,-48.114,37.837,9.719,0,26.776,-13.835,1,-1,24.152,-43.201,-21.712,6.1,-37.392,-1,48.705,-23.505,20.804,40.503,13.071,-7.989,-30.51,0,-1,1,-0.66667
0,0,-16.61,21.775,1,40.652,1.955,5.871,-45.553,-20.525,37.711,44.566,46.446,31.338,-1,-12.253,-20.465,44.448,0,1.858,-1,-3.657,17.203,-17.228,0,-12.379,-1,1,41.953,1,-36.504,1,1,0.879,0
1,-44.445,-24.125,1,-47.401,1,19.657,1,0.22108,1,-19.836,-25.362,-32.475,33.151,0.48981,24.564,0.58986,15.366,2.945,1,-15.069,3.225,12.581,1,41.284,38.177,-48.341,28.043,45.287,1,0.25000,27.835,-18.755,28.272,1
0,4.816,0,-1,0.984,23.949,0,-15.413,-39.889,8.944,0,-15.192,-31.163,41.85,0,22.737,-32.775,-1.787,-16.658,32.906,30.319,0,-28.943,1,-44.194,48.969,-1,1,-1,-15.563,0,-48.694,-26.981,0,20.244
1,1,6.393,-6.701,-0.07896,-24.099,35.09,-0.13129,-13.606,5.07,30.154,11.944,-24.93,0.28931,-0.31997,-38.718,-21.66,0.20269,-44.604,0.15196,-41.363,-49.173,1.482,-38.898,30.575,0.03004,9.509,-0.00046,-0.23210,35.688,-47.034,-0.04717,8.777,0.01336,-37.19
0,1,0,-4.45,24.234,-3.037,0,-1.909,20.427,-24.524,0,-22.527,-0.33333,0.16667,-16.45,-17.447,34.357,0,-1.815,0,15.785,-0.19792,-30.561,20.168,-20.011,-37.508,0.5,-3.704,0.75000,-3.006,-45.114,-0.12500,16.955,-27.094,-45.182
1,1,6.337,1,0.05149,0.99363,7.923,-46.04,0.14756,-6.711,-45.196,48.181,32.515,0.80426,0.25283,19.922,42.502,0.66775,0.28714,0.59615,47.957,-1.573,26.113,0.45582,46.455,34.139,2.26,0.32930,-18.419,-37.89,-29.73,6.954,24.591,-35.398,-39.517
0,1,-41.299,-19.67,19.497,13.454,-1,0.718,-1,23.938,7.791,-42.075,0.76190,9.422,-27.89,27.139,-36.424,-30.971,-38.208,1,-37.508,22.532,33.915,4.56,-1,0.82937,0.36508,-28.161,1,1,17.224,-4.933,-0.32540,-1,13.831
1,-44.206,-21.489,15.937,45.603,0.60761,0.43204,25.199,-48.563,0.93123,-40.526,47.656,-39.023,-6.429,-28.831,-46.443,49.663,-42.264,-0.25324,28.315,-0.14482,0.84871,21.498,21.965,-35.639,0.84547,-36.482,-10.362,-0.02302,20.934,0.09385,0.78317,-0.10194,18.465,-0.14725
0,-18.777,-37.635,40.247,-2.874,28.23,-31.433,-30.562,1,1,23.751,1,1,32.343,1,1,1,-24.52,41.037,1,1,1,25.65,7.907,43.665,38.61,-39.59,-1.463,-40.688,-30.925,46.655,42.361,35.568,1,1
1,-42.861,-12.815,7.392,4.772,1,-0.78509,37.792,-0.10401,33.941,38.12,1,0.27820,20.56,-38.466,1,6.356,-23.09,-4.927,-48.433,22.862,32.969,0.03728,0.99624,17.117,34.769,16.821,-25.386,-0.04597,3.752,0.03885,1,17.284,-25.344,-0.11717
0,13.035,30.912,47.63,-35.381,-1,-1,-34.113,46.903,1,33.808,32.819,32.871,15.251,-0.79313,-0.09677,-33.462,-45.447,0.46502,0.31755,13.156,-0.14343,48.919,28.902,-8.658,0.03021,-10.545,0.03443,-17.513,-0.00403,-12.549,-28.535,-24.69,3.919,0.00325
1,1,0,13.084,-0.206,-6.12,-32.405,-36.266,-21.748,0.98151,29.174,0.70217,-47.867,0.99745,0.02105,0.98214,-30.81,25.519,-34.964,-48.908,0.07717,6.229,7.459,0.90306,-5.166,-1.776,-36.99,-20.169,-33.156,29.928,-30.327,1,48.777,1,-0.05740
0,0,41.891,-0.216,-31.156,22.216,0,0,45.991,5.719,0,-3.081,0,1,-32.543,1,20.915,20.233,-49.613,0,4.058,-7.33,1,28.822,-17.725,-15.993,21.888,-28.05,0,1,-40.991,11.911,-47.279,-4.388,0
1,-33.485,-16.658,1,-0.28428,-8.737,-1.579,-16.74,-0.35094,40.816,45.378,-25.935,-37.141,3.443,7.896,-29.991,-0.58899,0.69748,-24.068,0.59623,33.072,0.68459,-0.70975,0.54465,-35.615,-41.844,-0.73333,0.35504,12.175,-38.391,-11.328,0.16604,12.628,3.366,31.193
0,1,0,0,35.969,0,11.416,0,1.496,-0.85000,-36.221,27.589,0,29.125,-35.02,-42.211,5.881,-16.743,-1,-1,-37.32,1,27.969,0.695,-30.751,1,19.07,-46.429,11.108,-37.146,-39.295,0,-0.863,-43.145,-3.361
1,10.558,-49.981,1,49.298,0.95455,24.124,-39.935,0,-22.028,19.161,-47.234,0,42.139,0.04545,-42.387,-0.04545,1,21.665,3.557,0,30.2,0.09091,41.342,-46.682,32.493,-1.018,0.91541,37.403,0.95455,-29.24,39.505,19.536,-2.605,0.04545
0,20.695,0,31.123,0,39.801,1,6.533,-3.678,13.663,-1,0,0,37.896,-25.022,-0.493,8.946,-39.788,-30.66,-0.21,-17.476,19.562,-1,31.213,10.413,1,-1,-1,-15.093,10.681,-38.635,-15.079,44.052,0,0
1,1,10.108,27.486,-0.08824,32.507,0.17647,-44.007,0.08824,-16.609,-32.155,0.97059,4.93,-19.807,-44.012,0.94118,1.263,1,-28.216,15.397,-30.897,36.862,-45.247,0.88235,0.02941,-38.329,1.145,14.02,6.876,0.94118,-0.11765,46.595,44.417,-30.344,0.05882
0,1,12.928,35.577,-44.493,37.641,36.765,37.686,16.936,46.132,-24.012,-1,23.696,1,-21.704,38.406,34.816,0.28301,0.024,-2.902,10.894,-0.31402,-1,-1,-19.428,-39.086,21.975,-1,15.805,1,-1,37.066,-38.51,0.14939,1
1,-3.571,-1.158,0.47368,-0.10526,-18.846,-36.974,3.84,-36.042,0.68421,-0.05263,23.317,-46.028,9.457,0.05028,0.78315,-7.644,-2.256,-34.614,-24.38,32.695,-41.756,-49.559,14.724,0.08141,0.42105,-46.281,36.265,-41.461,0.52632,-0.21053,0.60150,23.539,0.57418,41.161
0,-38.229,0,-11.867,-1.472,42.972,0,31.193,5.783,8.88,0,0,0,-37.853,-2.117,23.962,-6.361,0,-30.991,27.673,17.022,37.76,20.847,-0.34615,-40.761,24.758,0,-0.61538,13.188,0,-13.4,-19.03,0,-33.208,0
1,1,9.414,24.644,0.45455,1,-41.154,-32.517,0.63636,1,31.045,1,0,-3.555,-41.592,30.316,-14.107,29.587,-43.892,-21.019,43.252,-29.933,-3.229,1,43.082,1,-0.09091,-11.404,-17.027,1,48.743,-22.787,-3.423,31.116,0.27273
0,9.938,-35.963,-1,-1,1,-17.514,-12.657,1,27.409,-45.571,35.742,-1,-24.384,-1,17.992,32.183,-27.785,0,36.153,0,-1,50.09,20.51,-42.832,-12.088,1,1,-29.2,-11.875,12.181,6.529,-27.813,-18.005,0
1,1,0.903,0.45455,-16.885,-15.044,-25.535,0.27273,4.526,-32.666,8.548,5.87,13.965,0.45455,-0.09091,0.48612,9.214,-33.163,-0.18182,-15.991,-7.444,29.344,25.119,0.27273,-32.258,0.36364,-0.09091,0.34442,-8.921,43.805,-26.453,-7.175,-14.116,0.28985,-29.455
0,1,0,-1,-0.59677,0,28.361,21.177,-48.145,11.871,1,-23.947,-41.901,5.488,35.971,30.734,-40.711,0,0,35.134,-31.175,8.38,-1,-16.345,45.829,43.787,34.257,1,-0.919,31.992,22.142,0,-17.601,0,28.745
1,-47.658,-12.003,1,0.14286,1,29.774,1,-33.659,35.138,-46.284,0.85714,19.534,1,0.02534,-19.449,16.793,15.759,24.077,-2.432,35.959,1,-0.28571,21.214,-3.687,0.28571,-0.28571,19.945,-30.104,-28.573,1.399,15.006,-33.259,1,38.543
0,0,29.379,-3.435,-14.313,-22.523,-1,1,-16.299,1,9.679,1,1,-38.764,1.175,30.303,1,-6.937,-1,31.122,23.927,-46.521,50.684,50.3,1,6.932,-1,-17.043,-1.831,-30.391,1,44.274,-19.743,1,32.818
1,-20.045,0,0.87032,24.622,0.53945,28.554,12.586,0.95275,15.536,0.87916,-13.574,0.58226,-31.124,0.16731,38.013,-0.24942,8.125,48.405,-0.24012,34.68,0.18823,-26.207,26.292,0.341,-22.479,-0.24843,-15.218,-9.553,-28.982,-40.988,-8.729,39.405,21.737,0.57552
0,0,0,-12.379,-36.504,1,-25.123,-1.657,4.871,1,3.858,-10.253,-1,-43.358,-1,-48.114,-1,1,3.955,-44.553,1,33.338,17.203,-41.201,-1,37.711,15.071,45.448,41.311,1,8.1,1.879,-35.466,44.566,-1
1,1,-17.228,-46.543,1.986,0.89266,41.81,45.148,15.938,12.498,-14.704,-15.804,0.40198,48.209,0.40552,0.66586,-19.041,41.554,0.51752,0.53392,-19.233,0.48435,2.768,0.42546,0.55684,-32.537,32.704,27.542,-19.169,0.22307,23.31,40.427,-20.974,0.11573,-25.896
0,0,0,5.816,24.564,-27.943,-1,1,7.944,1,1,0,31.319,-30.163,22.949,0,0,-26.981,19.514,-24.125,-15.192,-32.775,42.85,28.043,38.177,1.984,-45.445,1,1,26.835,-49.341,-1,19.244,-1.787,-39.889
1,10.76,0,31.778,9.103,0.93716,48.223,-45.966,0.38779,-44.404,-15.092,22.46,0.59942,0.65260,-40.323,-24.173,34.642,0.41629,0.82742,35.489,-14.553,0.13712,-43.453,-48.689,30.999,-0.07361,7.19,-0.20995,-23.886,-7.682,-38.038,-0.38532,-16.014,-0.47419,12.121
0,-23.527,-1.909,-19.917,-1,-18.447,-37.963,-1,1,-48.268,1,1,1,-1,-17.71,-1,-14.392,-2.746,-35.918,-20.471,0.797,-27.896,-3.777,34.714,-1,-3.45,24.234,-23.524,-31.342,1,-1,-1,21.427,14.785,5.772
1,1,-44.114,32.774,0.13069,34.48,0.24323,0.64615,0.19038,-1.445,20.79,0.44793,-37.699,-36.258,34.93,6.981,-18.303,19.337,-29.447,24.279,-35.004,-39.743,48.093,25.732,0.44424,17.076,0.40006,-0.19940,-1.748,-0.23832,42.524,-3.303,-44.005,-0.23846,0.31154
0,0,-38.508,8.822,18.592,-19.67,6.56,-43.931,-1,1,1,1,-1,11.422,1,1,33.915,-2.933,-48.001,2.718,1,1,-41.888,29.139,-30.161,1,-42.299,48.521,-8.666,23.938,1,47.17,0.988,7.337,-25.89
1,1,0,0.97467,0.13082,-38.267,-7.225,22.731,15.323,-28.023,0.32711,-44.351,7.926,-46.635,13.625,21.913,17.305,18.192,0.66893,-21.0,0.70398,46.047,24.957,21.59,-36.668,0.26832,-42.348,-35.434,0.78541,20.024,0.80439,-0.02962,0.77702,-31.548,15.196
0,-1.874,47.405,24.251,-24.52,-30.925,1,27.23,-39.113,1,-40.313,31.343,0,1,-1,0,0,44.665,-37.635,37.61,-48.161,0,0,6.907,0,-36.456,-11.235,50.612,-1,-19.777,46.694,26.441,1,39.247,-40.694
1,17.833,31.995,44.034,-2.308,0.86399,0.29757,-30.836,6.76,41.743,0.56830,17.996,0.62719,0.43270,25.397,0.31705,5.219,3.031,-48.5,-12.768,17.787,-0.12064,35.337,19.394,0.71327,-0.29291,0.65708,-0.38798,23.604,-26.777,-31.932,-0.53146,-40.183,5.728,38.317
0,0,-45.934,-38.398,-8.727,1,33.857,-3.738,33.941,0,-24.691,-43.861,0,-25.048,-1,49.121,47.261,-1,-27.348,-34.036,12.035,0,0,-16.501,37.792,16.251,32.073,1,1,0,0,-13.532,4.919,33.769,13.43
1,-31.235,29.022,-29.518,49.346,0.65926,8.152,-2.485,0.87892,-34.901,0.90135,-0.39597,-36.04,-31.481,-33.816,-0.82960,-47.805,4.439,-0.08205,-0.62780,-10.92,30.445,28.615,45.739,-0.64338,0.09562,-6.084,33.562,-22.156,-28.095,-0.29838,0.47029,-34.557,0.42152,-37.141
0,-46.279,12.286,1,-1,11.911,5.058,1,1,1,6.719,-32.152,1,1,-32.156,-20.169,1,-48.865,1,23.216,44.991,-40.991,40.891,-5.928,-1,25.519,-34.543,-47.613,20.233,30.248,-1,0.411,21.888,-15.993,1
1,1,-4.388,-35.916,-29.433,-22.687,0.10278,-7.542,0.15266,0.55580,0.05252,-15.658,-17.474,0.71947,0.28954,-16.037,0.32925,0.28,-26.69,46.327,-0.02845,20.489,34.073,0.53120,2.984,-29.803,8.912,-9.295,28.304,-10.421,-2.081,-34.391,0.49721,0.30588,13.433
0,0,0,28.125,0,39.816,-42.336,13.36,-43.145,27.589,0,0,0,0,-38.655,-3.361,-35.221,-1.863,1.295,18.07,0,-15.743,3.226,11.416,1.496,0,0,1,-0.326,-34.485,5.881,31.893,35.969,28.969,0
1,1,-38.295,-28.385,-29.742,0.97287,-0.00260,39.631,9.562,0.95801,31.6,0.94054,37.41,25.187,0.04719,0.98625,-40.689,3.499,-36.249,-44.444,-34.027,-0.086,-49.932,41.533,-38.075,-41.278,0.08101,0.95243,0.04356,0.97473,49.215,-45.794,0.07061,12.308,41.136
0,-4.678,0,32.123,1,-1,18.161,-25.022,4.533,-16.079,0,0,0,9.413,30.213,0,21.665,9.258,-3.469,-23.028,-29.66,-39.788,-42.296,-37.635,20.627,-48.188,10.681,1,-15.093,0,-1.21,-1,-1,28.336,-1
1,41.801,0,44.863,-32.295,0.71442,38.911,1.826,5.129,0.68065,0.01282,-27.87,45.108,32.227,-30.853,-16.84,0.05058,1.904,26.632,0.63403,-45.411,19.207,-31.187,0.63077,-39.108,0.84033,0.688,-15.877,14.746,46.007,0.06760,21.26,0.09046,0.54632,0.09346
0,16.936,-18.428,7.537,1,35.97,35.816,0.81773,-24.968,23.736,1.131,0.86789,0.73746,-44.13,0.18227,10.867,38.778,0.93478,-4.153,0.70736,13.28,36.746,16.086,38.668,15.171,-19.777,-0.53846,0.89262,0.22216,-39.376,25.235,-43.159,-0.06522,10.459,0.23913
1,-21.704,0,-36.229,-0.07778,1,-41.847,37.612,-0.85741,-6.902,35.672,0.45556,-0.42778,1,-38.313,40.406,7.824,-45.0,0.01852,-0.336,-42.541,-24.398,-0.19938,23.633,13.149,38.098,-35.352,48.054,-0.24549,-45.239,-46.471,0.87492,-4.842,1,32.072
0,-5.361,-39.954,-1.732,0.15564,0.41245,0.07393,0.26459,-32.967,-0.738,-30.858,0.19455,-38.976,3.254,0.36965,0.08949,-13.17,23.923,0.36965,23.495,-2.849,-35.819,0.09728,-11.783,27.658,41.039,-49.351,8.82,0.26256,4.635,14.169,38.019,-19.372,-0.19066,0.28794
1,1,-2.774,0.57540,24.726,-21.267,42.919,30.294,-0.01190,-13.841,13.735,31.753,30.488,0.59127,20.08,0.62698,-17.103,0.70833,-4.348,-37.25,0.01587,0.47817,-30.87,-18.438,-41.1,43.504,0.03968,31.825,-23.8,48.996,15.958,10.103,-0.01389,0.62500,-0.03175
0,-17.005,-16.514,0.06404,-11.81,-43.3,0.05911,0.08374,-0.02463,-0.01478,0.18719,-11.024,28.587,18.115,-0.09852,23.703,32.183,-45.551,9.908,-0.12808,-12.611,-3.99,0.01478,27.478,5.558,-30.121,0.16256,43.805,-36.012,49.031,-0.09360,-33.291,-41.645,34.815,-0.10837
1,1,-25.626,-8.284,-27.676,0.70694,-0.06935,-24.68,0.01678,-11.132,0.00224,-27.603,36.311,1.618,-0.00224,9.345,0.06600,-32.963,13.89,29.667,-26.543,20.136,-15.693,12.791,0.11745,25.922,-16.541,6.204,-41.848,4.978,0.04810,0.78859,-33.354,0.65213,-0.04698
0,1,43.489,0.25316,0.35949,-41.901,0,21.881,34.971,9.228,-14.116,45.905,9.306,0,0,28.361,43.532,-29.437,-16.345,-31.175,-16.976,0.00759,-48.109,-32.64,29.081,-0.10380,-1.078,0.05570,-8.538,0,-7.444,-23.883,-1,-40.711,0
1,1,0,17.674,-12.012,0.89818,-0.02465,25.161,30.716,0.89175,-3.559,0.82208,34.029,0.88853,-30.141,-19.541,-0.13719,34.894,12.681,32.9,1.323,0.87996,-29.719,0.82851,35.01,14.908,-0.19507,23.025,-46.29,0.84352,28.931,-2.803,35.738,-16.684,5.32
0,1,-48.658,25.354,-0.5,20.214,0,5.932,0,-3.971,-20.233,49.89,0.02083,49.684,-34.373,18.945,19.677,0.16458,-0.45417,-39.173,15.147,0,-17.299,0,2.175,9.666,-23.931,37.543,-3.831,-0.27917,-32.148,-33.831,-7.937,0,0
1,28.732,0,-8.101,38.855,0.92007,0.01305,-24.495,15.93,-46.629,-0.10223,0.90103,-0.08428,-14.979,-0.01033,1.847,-18.133,49.899,-21.096,-14.418,25.736,0.88418,35.387,0.88907,-0.11909,32.648,29.981,0.86453,43.156,22.66,-9.788,30.214,-0.12452,30.171,-30.325
0,1,0,-12.835,-35.504,1,0.12889,0.88444,-23.192,-2.657,-44.358,-12.379,-0.42444,-28.51,7.296,-40.386,12.429,1,-0.81556,24.152,2.955,1,-36.506,15.071,-0.18667,-26.123,0,1,39.311,36.711,0.879,39.837,-42.083,-48.208,8.623
1,1,0,48.258,41.689,23.626,43.564,-18.735,-47.463,-10.458,-0.04286,0.87571,2.225,0.85571,1.877,0.86429,-17.225,16.569,-16.664,33.148,5.752,0.76857,-19.795,45.29,-0.05000,3.628,-45.622,-18.939,16.117,41.778,-21.57,0.81429,-0.05000,0.82143,-0.15143
0,1,-26.362,0,-24.125,-26.981,-32.87,41.85,0,-15.069,20.244,-31.775,0,18.514,27.835,12.661,0.55172,0,32.151,-49.341,-39.889,0,0,-45.445,40.284,44.287,0,24.564,1,37.177,31.319,27.043,0,27.272,0
1,1,0,34.405,-15.545,0.43117,-15.288,0.50649,-0.04156,9.468,30.939,-1.34,9.003,-16.099,-0.11948,-30.646,-45.231,-40.545,-0.05974,22.29,-28.953,0.48571,47.935,-24.176,1.974,12.155,-48.694,24.481,-15.446,0.43117,0.03377,-38.207,-0.05455,5.405,-0.08571
0,0,0,0,-16.71,-21.471,0,-24.524,-7.35,-1.909,-2.777,1.797,0,9.76,0,30.11,0,-36.918,-20.917,0,35.234,-26.896,0,-24.682,-46.823,-44.309,35.714,7.393,-1,0,-38.963,0,-13.392,4.772,-49.268
1,1,0,-2.746,0.5,26.821,-17.197,34.607,-43.244,0.16851,21.338,-0.13336,19.989,-0.34107,-22.919,-36.946,-35.2,-0.43663,-2.87,23.867,15.792,6.465,-0.09025,24.215,-0.12964,-1.892,17.098,-44.135,-0.10242,0.01033,-4.52,-38.142,-30.384,20.357,-0.02017
0,48.521,33.749,42.229,0,0,1.988,-2.933,48.664,-1,30.968,22.938,0,8.822,-18.785,0,0,0,0,-8.666,20.592,1,-43.931,47.17,-27.89,6.337,0,1,-48.001,-29.966,5.56,-39.708,0,-1.098,2.718
1,-38.208,-29.161,11.293,21.594,8.115,46.297,20.262,0.86625,-0.03933,0.90740,-0.42173,28.932,-32.15,0.51560,16.796,14.681,34.104,-0.12539,-0.67474,-47.739,16.333,-39.136,-0.13013,-36.31,-41.143,-21.334,0.38544,-37.94,-42.363,-0.29897,13.665,-0.05938,22.358,0.16645
0,1,-45.206,-7.426,47.405,24.275,37.61,-40.694,-28.913,45.694,1,15.001,-43.11,1,-21.116,-0.12000,-0.12000,27.441,-48.161,-40.113,-1,0,39.247,1,43.665,-19.777,0,-30.925,49.839,-36.456,0,-11.235,0,21.237,0
1,1,0,-36.753,-2.028,31.938,5.318,0.19672,0.94537,-0.24103,-23.594,-0.62526,0.71257,22.154,27.567,33.644,-0.05338,-33.207,40.59,-2.343,23.518,-0.10237,2.018,-40.326,-0.77570,43.671,-41.872,7.113,24.406,17.75,0.09599,0.58137,7.296,17.181,-30.986
1,1,0,-33.708,-38.373,0.15236,-45.721,17.57,-12.075,11.778,0.92324,6.187,32.189,32.327,34.027,-0.94053,-26.403,-0.13117,-0.14329,-0.30315,-0.44615,19.465,-0.85597,-43.834,36.564,-23.768,47.198,-48.931,37.847,13.707,-26.423,0.15078,49.254,-4.616,0.20468
1,1,30.912,17.085,-8.335,-33.841,0.78579,-24.568,33.751,-0.33221,46.739,-48.774,-10.015,-38.133,0.21909,-0.84442,28.78,6.86,-35.081,-2.97,-0.87787,0.12439,-0.89064,4.43,-0.72454,-20.88,32.981,-29.576,0.08718,-16.835,0.49079,-12.157,-27.827,32.033,0.79444
1,25.519,-21.169,0.62335,29.136,0.59085,29.253,0.60409,48.89,0.63177,0.00963,0.035,-33.227,46.661,0.07220,0.62936,-0.08424,-49.19,-32.144,-6.257,-34.833,5.818,-5.372,-33.043,19.264,12.945,-30.694,42.496,-48.593,0.51384,-36.8,0.61733,-0.00963,0.61372,20.796
1,-7.33,0,-45.535,-3.105,0.70772,45.716,-22.766,-30.986,0.79228,5.796,20.729,0.43934,-41.353,4.063,0.70772,-16.508,-29.749,22.277,0.61029,0.05147,34.323,27.864,-28.529,-0.25000,0.72978,-34.899,-36.033,-0.145,-4.079,10.997,-16.434,0.07458,0.60294,0.21691
1,1,8.337,28.205,3.416,0.78157,-17.669,-8.962,-38.628,0.65077,-0.10308,13.711,0.08000,40.555,-43.094,-0.603,-26.805,0.68615,1.407,-33.868,0.16308,-15.995,0.07573,6.52,11.497,29.57,-0.07231,-9.958,31.981,-41.786,13.617,3.069,0.09207,0.50609,0.09322
1,1,-35.221,18.753,0.05375,0.84803,-1.861,-37.451,2.56,0.84300,28.224,0.75813,36.01,32.403,-29.745,0.80738,0.00673,2.101,11.183,-2.581,-1.099,-44.665,-34.011,-46.026,0.00978,-41.414,-0.04243,-35.612,-15.732,0.62235,0.11598,-40.041,37.386,0.64407,-38.134
1,-13.093,9.558,0.5,-23.028,20.014,-1.106,-28.84,-3.403,0.46957,24.176,-47.832,41.013,-23.565,0.04783,0.50435,-38.609,-49.625,0.19565,19.583,0.14783,29.758,-43.322,0.32174,21.552,11.154,-0.00870,0.41789,0.06908,39.029,0.03913,40.922,49.354,-15.631,0.17391
1,1,-30.897,0.79830,0.09417,45.14,31.33,0.71628,0.28068,-38.094,-4.265,15.322,45.553,31.792,9.866,-30.764,39.48,0.33354,41.48,5.829,0.63548,0.09599,0.68104,-29.639,0.72236,20.608,0.63183,-0.11925,1.114,-32.308,10.973,18.307,-44.848,-16.749,-17.096
1,7.85,0,37.097,36.675,-43.159,1.366,32.52,0.33044,-44.027,-20.247,0.74977,0.60297,-3.333,27.294,5.659,-27.475,10.402,15.219,-38.971,0.79777,1.331,-24.19,-0.01734,-39.288,45.473,0.75596,-18.656,0.69187,-0.31713,38.676,-0.40291,13.638,-0.42815,0.44534
1,1,-22.704,9.553,0.13425,0.87001,36.928,16.629,33.076,23.609,38.002,-44.953,-34.377,0.39699,0.76161,0.24266,-6.907,0.09134,10.69,24.605,-37.424,-0.20201,35.72,-0.30263,40.032,-25.786,16.441,-0.46215,0.40753,0.521,0.27252,46.604,-0.967,38.153,12.988
1,1,-36.068,-36.045,0.17498,0.90946,41.395,-18.833,9.38,-45.291,0.63842,0.59215,0.73838,14.508,0.83614,0.30459,-38.322,-2.919,3.943,35.604,0.93109,-13.588,23.527,-49.966,0.82492,22.979,-5.597,-0.58563,0.66335,-42.23,-4.046,-43.235,-11.436,-47.304,27.62
1,17.093,0,-39.036,13.883,43.865,0.35543,-37.124,-1.66,43.577,31.088,0.50376,0.74922,-32.847,38.93,0.15664,0.83558,-0.968,0.85210,4.619,0.77853,23.602,-13.618,19.672,31.866,24.227,-18.491,47.776,-30.581,-0.64511,0.27338,-3.431,0.13667,-0.64056,-41.084
1,1,-17.115,0.76627,-21.808,30.319,31.517,-11.92,0.52500,5.679,-33.113,0.13753,29.183,-4.451,0.44545,43.525,-30.355,23.369,-17.585,-0.56136,18.36,-0.36591,0.18864,-0.40533,32.259,-30.585,-43.288,-42.039,-4.184,-0.27540,9.217,-23.987,-0.24648,27.29,-0.27218
1,-27.313,-33.8,0.58940,-12.267,13.036,0.55298,9.359,29.053,0.56623,34.904,0.32781,-16.272,36.657,-27.662,20.149,0.19868,0.71854,0.42715,4.887,10.077,-41.179,-25.106,0.68874,0.07285,-35.444,-8.636,0.49013,-11.598,0.46216,-10.802,-45.136,25.503,0.40821,49.389
1,10.228,-48.79,-13.116,-15.566,29.061,-25.748,-28.621,0.09677,14.768,-16.435,6.068,-0.07780,0.69070,0.12524,44.119,0.03985,-15.813,-0.03416,29.439,1.071,-32.576,0.07211,-7.123,0.05882,-30.642,-16.602,-7.047,-32.26,0.15180,-26.128,36.413,0.18897,0.56167,0.15180
1,-22.947,0,2.195,43.557,0.80562,-0.02299,29.83,-1.468,6.155,35.068,0.59582,-17.678,0.67260,-0.05771,0.64260,31.928,0.39199,22.187,-28.861,45.843,14.566,9.299,-41.367,12.658,24.69,21.948,36.41,-0.09128,31.26,-0.08537,-40.268,-0.09621,0.42223,33.925
1,1,16.793,9.679,20.294,16.298,-4.44,-22.556,-30.16,0.87980,-0.03923,6.932,0.01419,0.96186,-20.463,-33.414,18.929,-11.018,0.01002,-47.746,-0.08848,-45.191,-0.02364,35.085,-0.02591,39.525,-3.412,-32.893,19.646,-2.687,2.117,0.92774,-7.971,0.92226,-0.03673
1,1,29.379,-2.352,-0.12371,29.731,27.609,0.70103,-0.39175,-20.011,-25.347,-9.395,-0.21649,0.49485,35.668,-47.067,-30.322,-15.487,-15.251,-17.543,31.545,30.668,-39.579,-30.969,0.08247,0.70619,49.88,0.53396,43.15,49.455,24.664,0.47423,0.04124,0.45361,-17.815
1,1,0,26.411,-29.554,14.837,0.02968,39.451,0.36028,1.569,-0.00462,0.64203,21.888,-40.591,-42.635,41.036,49.588,-43.762,-12.696,-25.488,-20.826,0.63279,-23.426,24.862,8.872,16.563,0.23095,39.527,12.659,0.61663,-8.913,0.66316,-36.268,0.69053,0.36721
1,1,32.338,6.372,-45.589,-18.913,7.114,3.447,0.01573,0.58876,-17.203,-1.99,-11.258,0.71685,44.4,37.376,41.661,0.57303,0.904,0.64719,22.701,0.56854,-48.973,44.141,-13.415,0.46517,-35.455,0.56588,-16.602,0.47640,-0.03596,16.749,3.061,48.053,-0.08090
1,1,0,-20.75,40.278,32.817,40.911,0.63107,-32.922,0.77994,19.595,-46.797,2.323,-19.063,-14.911,0.60194,-45.465,37.721,-0.04531,16.21,-26.462,0.64725,11.81,2.336,0.21683,-48.817,26.78,-19.304,0.00040,44.601,-0.06796,24.056,27.165,0.30421,-0.05178
1,1,-48.694,-28.261,-31.672,0.77037,27.078,0.65185,-45.113,48.579,-0.00494,0.79012,24.067,-26.384,0.04938,0.62469,-1.691,0.78272,-15.368,0.73827,-0.10864,0.48642,0.00988,34.516,2.066,22.404,-24.254,-39.251,-31.187,5.581,31.342,20.856,41.778,9.457,-15.61
1,-12.392,-49.268,10.367,-21.498,0.67119,30.883,-43.781,35.19,0.50508,-41.035,0.70508,-24.744,5.352,-36.939,0.53220,0.07797,0.64068,-16.539,-38.394,-0.02373,-6.818,11.569,0.71525,-46.857,6.921,-15.447,9.539,-38.745,30.696,-0.00339,0.58983,-24.709,0.50169,0.06780
1,1,1.797,0.49515,-16.613,0.29612,-4.392,36.063,20.427,0.57282,-2.801,-22.944,-20.893,-43.779,0.04854,0.52427,0.00485,-29.871,-0.10680,-1.383,-17.442,24.583,-26.838,20.524,0.25728,0.31068,-3.187,-3.38,0.03815,-43.851,-24.349,16.047,-1.909,17.6,-0.01942
1,-38.708,0,0.98822,47.686,8.753,-18.333,-29.127,6.689,-44.184,7.218,42.965,19.703,0.55076,0.60179,47.952,-34.917,0.31800,0.70443,0.28379,-1.409,33.824,32.705,-38.1,35.07,-47.166,26.518,-0.16556,-35.903,-0.16209,24.935,-0.34717,46.612,-0.33483,0.37465
1,-2.933,10.422,0.97905,-20.512,-37.606,-26.537,-6.846,0.48561,2.706,0.64888,23.527,0.73743,0.40349,0.83156,0.25140,13.951,-39.161,2.572,-0.12193,0.79749,27.877,-42.081,-0.37835,0.71676,-37.935,-40.715,19.016,17.177,13.835,35.223,4.903,7.657,-29.803,0.02968
1,22.237,-7.426,28.438,17.823,50.532,24.746,0.76902,-30.821,-46.825,0.78120,-36.088,-28.03,0.10107,-38.28,-0.06827,0.89274,19.666,-34.882,46.257,0.61688,21.285,-44.725,-0.65000,0.35534,44.958,0.15908,-0.66651,-11.213,20.565,14.866,-43.656,-21.719,-0.47201,-0.35032
1,1,44.665,0.94331,-31.725,0.96132,-40.182,-18.972,-1.897,39.814,-40.604,-32.015,28.063,24.8,-0.979,31.394,0.93682,47.157,-39.855,-24.948,38.366,-0.50251,41.662,-0.65515,0.50428,42.422,0.30912,-0.77097,0.15619,6.152,-0.04399,23.499,-48.341,-38.304,-0.34367
1,-48.269,0,0.93972,0.28082,7.197,34.297,20.161,0.73151,0.34961,17.83,4.65,38.87,-38.598,7.183,-0.39730,0.82163,-24.636,-43.232,-13.578,17.825,-0.81262,17.022,2.027,-26.352,22.266,34.299,-0.63237,-0.46438,-26.813,-5.352,31.731,-0.70835,-31.652,-0.71273
1,1,0,17.149,33.209,0.67333,-33.759,-17.062,33.016,-34.073,0.80510,30.683,-11.779,36.541,13.918,-29.101,12.319,-46.602,-10.505,-0.47359,-0.06193,-0.81056,-0.06011,32.609,-0.47592,45.774,-0.53620,-24.619,3.4,0.24321,-9.161,33.624,46.961,0.42805,49.254
1,1,12.286,0.29073,-5.373,-34.6,-47.901,0.03759,0.34336,0.12030,29.434,5.291,-2.563,-32.282,0.12767,-0.06333,-30.756,-0.06328,29.289,-0.05431,-30.392,28.98,-21.674,-34.491,-0.01176,-37.284,-49.88,-33.161,48.95,-0.00280,7.445,-21.168,-0.00948,-36.842,-0.596
1,1,4.058,0.58459,19.559,1,-30.802,-45.526,-0.222,0.82519,-4.194,0.50188,-0.27632,0.65977,-41.927,-16.296,0.14662,-47.889,-7.355,-7.569,20.933,-32.874,28.027,11.758,-0.40977,0.64850,41.844,19.801,-29.155,0.52820,5.585,24.675,22.094,46.439,-0.10309
1,-15.725,-9.737,34.484,0.13215,-37.933,-23.428,-2.423,31.976,0.23888,45.813,2.973,8.54,0.49418,-34.358,0.44747,3.362,0.29352,-1.297,-34.26,0.15756,0.32835,-10.4,0.29495,-30.602,-16.393,0.14530,-26.626,-42.193,-36.386,0.16137,0.18767,-17.55,13.102,0.13198
1,2.295,0,40.757,36.088,-37.289,1.507,-37.443,-1.847,0.76966,-0.00278,6.726,0.10916,12.141,0.03027,-35.493,28.16,-34.473,0.01943,0.80019,-33.996,0.80862,-15.694,12.219,29.022,0.77336,-3.339,0.79058,0.06235,-42.286,0.09251,18.849,27.66,14.132,-29.676
1,1,-46.773,-28.46,-45.386,0.79946,-42.028,0.99009,38.935,3.451,19.544,22.551,40.549,32.488,48.939,0.89410,29.536,0.88644,37.328,-42.452,-0.00991,0.97882,18.821,0.78954,-0.25101,-39.841,-0.09193,41.998,-1.093,25.003,-0.04101,10.318,-3.251,0.88238,-49.889
1,19.562,45.052,21.444,0.02549,32.203,0.09792,0.75855,14.792,-3.935,38.804,11.372,9.283,0.97921,-0.00469,6.494,0.10195,-47.274,-23.984,0.71026,-38.609,0.81221,-38.868,1,10.681,-13.376,31.111,-22.205,0.02552,-0.486,-16.487,-15.175,0.11066,-28.931,0.02750
1,1,45.625,-38.709,44.554,0.569,-0.18343,-44.741,-28.206,-30.441,-44.875,5.671,0.01775,27.021,0.27515,0.71598,-17.559,10.664,14.521,0.41420,1.231,36.625,1.262,0.51183,-0.10651,41.281,-31.28,32.001,0.03259,-43.623,0.25148,0.31953,12.948,0.34615,-32.129
1,-24.012,0,-31.349,-39.94,20.48,8.788,-41.14,-0.13936,0.80979,-23.557,-21.873,0.02825,-15.002,-33.808,13.819,27.001,1.596,-0.24482,37.392,6.707,0.70245,-0.00377,-20.444,0.06215,0.56121,-0.33145,49.339,-0.16837,35.153,-18.448,16.379,37.754,0.67420,-4.122
1,-36.291,43.412,-41.343,-0.03397,0.86412,-0.08493,0.81953,-20.353,0.317,-30.161,38.687,32.835,0.74947,-11.375,-33.076,-0.18684,0.78132,1.061,-8.713,-41.956,0.79193,-16.302,0.89384,-0.03397,17.546,-29.913,-42.385,-0.23312,32.21,45.825,47.678,-0.37792,-16.858,47.781
1,1,-31.28,0.87772,-46.8,-10.745,0.07337,-22.945,-11.037,38.736,-0.02174,-28.221,-0.05707,-27.884,5.679,3.852,20.377,-29.63,-26.254,11.503,-27.28,0.86413,22.431,-2.319,43.458,0.85054,-9.721,0.83705,-0.10211,29.389,49.728,-23.872,-0.10870,0.79076,-0.00543
1,1,-48.479,46.155,-0.13241,37.085,-30.459,34.803,30.154,42.415,-48.386,-41.404,-22.965,0.87945,25.18,-30.323,8.642,0.63043,-0.00395,-13.442,-31.701,0.79249,-0.25296,0.66403,12.609,-39.845,-0.10474,0.61847,-10.422,-34.502,49.704,-35.036,0.06917,0.61067,43.566
1,1,2.397,0.46785,-42.183,-32.359,0.00665,46.754,-35.913,0.47894,-0.13969,30.498,-29.322,37.55,49.392,12.416,34.057,-3.843,4.748,16.362,-0.04656,0.47894,-22.924,1.678,-6.347,0.41463,-0.20177,0.53930,-0.11455,6.279,-38.162,-35.456,12.222,-25.151,-0.04435
1,1,-13.631,37.149,0.27475,0.72125,11.193,22.563,20.005,45.942,-38.921,-22.495,5.434,-25.111,-41.062,6.866,35.086,-0.65114,43.346,-30.87,-17.853,-0.81856,-49.4,-0.83943,-0.08079,-0.78334,-0.26356,-5.461,-0.45511,32.757,41.771,2.183,8.424,-0.19312,-0.75597
1,1,42.465,39.846,0.29282,-4.645,0.55756,15.26,0.058,-23.763,-32.954,0.04636,-13.954,-0.23237,37.839,-8.504,0.81018,-37.638,0.62385,-0.90995,0.36200,-42.198,0.06040,5.981,-7.293,12.194,-0.46906,-28.86,-0.69556,-42.85,41.107,-39.499,2.039,35.693,-2.788
1,1,4.752,15.948,0.30634,-28.929,-20.209,-24.708,0.58527,0.05717,24.026,-0.09238,36.829,39.923,-6.792,-34.731,0.32558,9.772,-20.225,-30.993,43.216,23.132,-0.41085,-2.409,-0.45478,23.701,-0.67605,-23.114,-0.81876,9.752,-0.86841,5.152,47.842,4.093,-0.81686
1,-39.212,-41.617,0.83479,-37.213,15.133,-10.042,0.49234,44.023,0.21991,-47.729,-20.732,-48.346,30.747,-3.993,-0.52735,23.226,42.159,0.31291,-0.75821,-6.45,-0.71225,-0.15317,-4.427,-0.39168,-5.485,-2.903,8.289,16.788,0.08425,-21.764,0.25164,3.638,35.173,-0.35339
1,1,16.549,0.92870,-46.937,40.488,-16.72,0.49305,41.525,0.21592,7.447,-9.223,-11.834,-25.16,-40.948,-0.70747,0.65490,10.378,0.36750,-0.91814,19.867,34.403,18.53,-49.032,-19.548,-26.644,-0.74735,-1.826,-0.86122,0.07810,-3.624,-39.422,38.934,-22.662,-0.60270
1,1,-43.0,0.83367,0.31456,-39.677,0.57671,0.34962,6.789,3.584,-16.062,-0.18976,9.363,-17.064,45.212,-0.68421,-38.686,28.509,-33.672,-30.334,-46.441,-16.539,13.265,-0.49165,-8.292,-16.422,48.85,-0.01530,28.523,47.808,-40.443,28.05,-0.51206,0.64662,-0.30075
1,-9.751,-15.667,40.597,12.408,0.98058,-0.04104,1,30.29,42.729,0.01456,20.926,0.154,13.508,-38.074,0.99382,35.391,-6.484,-0.103,0.97264,-42.828,0.99294,-0.05252,-47.656,33.92,0.97352,46.082,0.96653,-0.12912,-12.326,-0.14916,2.202,-27.579,-17.721,19.401
1,1,-6.528,-34.884,18.575,0.94170,0.01001,-32.327,-0.01472,0.95878,-10.151,0.94641,-0.03710,-1.438,16.397,39.926,-4.014,10.646,-48.251,0.95230,10.23,-2.115,9.259,0.92815,-0.04417,0.92049,21.447,12.302,29.323,7.876,-18.738,-2.749,41.428,-19.29,-0.07420
1,1,0,0.97032,-4.605,0.91324,-43.474,0.96575,28.636,0.98630,0.18265,35.227,0.00228,0.93607,27.497,-29.555,29.553,-42.341,48.779,0.97032,-15.247,-26.056,46.003,-5.799,-35.877,3.618,0.06849,-7.354,-22.324,-42.954,27.387,-21.654,4.726,-38.549,-0.21918
1,1,0,-41.079,-0.03390,-20.413,-0.394,0.52542,12.97,21.902,18.753,0.50847,27.217,-1.484,4.789,0.83051,-6.209,-47.426,0.01695,-33.697,-39.362,-24.956,0.30508,0.86441,7.298,29.843,21.465,0.67287,39.727,21.578,-14.015,9.751,-0.15254,37.604,-0.10169
1,10.14,0,0.33333,-9.155,0.44444,30.689,0.38889,0.16667,-18.459,-4.768,-3.014,-0.11111,-8.348,-0.08443,0.58333,1.703,-4.852,-38.8,-45.831,-39.023,-8.707,-0.05556,36.666,12.618,0.38889,0.08333,-13.129,40.904,32.079,34.831,0.36924,-4.167,-27.202,-4.532
1,6.276,27.446,0.51207,-18.657,-43.103,-42.599,-20.442,0.80833,-14.168,24.054,-28.489,25.217,0.21249,1,-0.17416,1,11.91,-40.035,-0.61382,19.248,-0.52674,-2.811,-0.88500,-48.206,-34.949,-3.077,-1,3.028,-3.14,-0.249,-45.297,-32.135,-0.91903,-0.65557
1,4.574,7.657,0.75564,0.49638,0.83550,-45.259,0.54916,-7.433,-42.752,49.503,0.13469,-15.728,16.016,-29.322,-7.267,0.82223,24.201,-34.371,-0.68358,0.67989,-1.621,-10.813,-13.453,0.02995,20.459,-8.02,4.289,-11.688,25.108,-0.19185,15.151,-1.308,-0.19609,-0.62956
1,16.526,46.344,0.83789,1.289,0.72113,0.58385,-17.003,-3.504,26.246,-14.903,-0.13012,19.413,-13.667,19.985,-0.59435,47.59,-0.78470,5.235,-0.84014,0.03928,-0.62041,8.841,-32.983,-3.581,-0.37298,10.922,-0.05054,30.953,29.774,-0.45911,-25.453,34.866,-23.954,-10.767
1,-25.292,-38.471,0.93658,6.774,-26.373,42.406,15.28,0.88576,0.15323,8.488,-0.453,39.37,-25.533,0.83397,20.672,45.957,-0.93104,30.365,22.261,-0.06418,-0.87028,4.408,-0.65079,-0.67464,-12.999,-37.359,-30.106,6.847,-38.22,-0.85762,0.54827,14.565,31.229,-0.44173
1,1,-49.697,17.979,-17.035,0.71976,0.68420,-13.91,30.394,-20.32,2.891,-0.31605,-0.464,-0.66616,-34.027,-0.92145,-48.053,-0.94315,0.09585,-47.532,17.877,-30.731,42.86,-26.863,43.4,29.044,21.446,0.19765,14.871,9.408,-0.70247,0.69886,48.465,11.245,-0.13194
1,-40.102,0,1,0.16195,1.665,-0.05558,17.682,0.01373,-21.902,-12.121,-39.544,-6.796,-45.42,-10.058,-40.013,-0.06374,1,-0.07157,-18.111,-44.09,-42.63,-38.202,-10.197,-0.02685,12.428,21.779,14.041,-5.342,1,-0.837,-32.494,-21.55,1,-0.07439
1,1,46.097,0.95559,-27.611,47.696,-0.13244,-16.165,-0.00461,0.82809,-0.51171,-24.921,19.073,-33.142,-8.551,0.99264,-34.152,32.601,4.679,-30.448,-3.301,37.561,32.505,0.87492,32.108,7.566,14.789,-32.984,-0.01769,-7.926,-0.01867,47.595,-0.01957,-9.978,-0.02039
1,50.709,-17.38,35.387,45.262,45.209,-28.151,0.41319,-16.104,15.595,43.352,-0.16831,-3.906,3.251,0.72328,-0.57165,-6.991,-0.75436,0.16755,-0.69977,-35.658,-0.57695,19.847,-38.067,-0.38287,30.712,7.339,0.01523,34.83,0.19030,-13.895,0.31008,-32.147,11.38,-36.256
1,1,-9.438,14.88,-15.379,-11.44,34.603,-48.636,25.462,0.05832,-8.032,-0.29784,0.86490,-0.62635,0.69590,-36.377,0.39309,-0.85803,35.051,-4.486,-49.907,-0.64579,-0.50022,2.563,45.703,-22.886,-43.744,-16.558,-24.484,27.6,-28.949,22.473,-0.36765,-17.911,-0.13305
1,30.057,5.278,25.171,0.39286,0.66129,-38.08,0.29521,-11.397,-0.04787,0.94415,-0.45725,-42.711,38.781,-22.147,-18.65,24.453,15.145,8.936,5.527,29.921,30.561,-0.76197,8.75,-0.88591,-46.184,-0.85703,0.53229,-44.372,-6.439,2.575,0.83142,-8.214,0.76862,12.093
1,1,-26.001,-21.093,3.494,1,28.462,28.558,-0.10127,-1.325,35.691,-41.235,16.578,0.92405,0.06329,7.405,-0.838,0.63291,-0.36709,-18.583,10.335,-30.773,10.632,34.317,0.25316,0.62025,-0.37975,20.166,12.92,1,-48.988,-10.976,4.081,39.923,-0.02532
1,1,0,0.74790,7.106,-25.026,0.01659,50.315,0.02469,4.225,-27.208,0.60504,-8.856,0.79093,-16.805,0.77441,17.732,-44.781,22.198,44.067,12.465,0.71285,-19.434,0.68895,-49.372,-15.943,12.023,12.683,0.08296,24.814,-49.597,0.58187,36.155,48.151,8.258
1,39.059,0,-1.297,16.759,-30.778,-41.977,21.676,0.02180,0.92765,13.092,0.87597,43.695,0.91161,0.04320,-26.556,18.047,1.402,12.82,28.098,0,-42.38,-47.383,0.88430,0.07697,-6.318,0.10853,8.026,0.08950,21.337,8.745,-14.824,-23.48,-25.552,0.10698
1,-42.126,8.927,2.082,-0.431,-32.851,48.026,20.781,-0.01565,1,-0.01565,-41.19,-0.02809,1,-16.167,-29.086,-0.03087,0.99528,-31.98,-19.359,-0.03452,47.048,-0.03881,35.626,-22.428,32.547,-29.701,-10.26,-0.05527,-32.769,-0.06304,33.962,43.347,0.98971,48.658
1,47.952,-3.292,23.386,5.753,-8.458,43.793,-45.823,0.01386,0.92871,49.788,2.186,-0.00990,-25.104,-0.01584,-22.875,38.001,29.467,37.964,0.94257,-31.266,0.90495,-17.508,-29.624,-0.01782,0.89307,3.197,-40.964,0.01611,17.578,-28.991,0.87327,-37.249,0.86733,0.02376
1,1,0,-30.159,0.01773,1,-10.319,21.284,-24.65,26.219,0.05674,50.913,-30.594,-26.334,-11.568,0.97518,34.111,1,-48.511,0.89716,45.376,-10.216,-28.629,1,-35.319,-13.177,-40.471,0.94305,-9.501,44.527,0.02482,11.668,0.01064,37.484,30.08
1,1,0,0.39394,-31.825,50.18,-22.716,0.45455,-29.244,13.532,2.487,-34.891,-0.21212,0.57576,0.15152,-41.902,36.911,9.162,-42.027,-3.873,-32.919,-47.488,-37.952,0.30303,12.188,6.165,4.943,1.634,-22.668,0.33333,-0.03030,0.41856,-35.918,42.113,0.24242
1,-40.954,-13.631,0.86689,0.35950,46.274,0.66667,0.37201,0.83049,42.467,-35.133,-0.24118,-29.221,33.793,-17.633,-50.278,22.362,-0.77019,-4.687,-0.69397,-25.851,15.337,32.882,-0.32537,33.514,4.444,45.6,-39.672,-25.441,-5.889,11.366,0.46189,-0.19681,30.378,0.01820
1,37.888,0,8.119,-22.214,0.67311,15.355,0.35916,0.88696,35.551,11.698,-0.38875,-14.077,-0.67274,43.085,-0.82680,36.572,-42.137,19.315,41.988,-0.34275,-28.727,38.29,-0.892,-7.833,0.06911,1.75,3.314,-34.503,-36.381,8.67,0.61217,-39.537,0.60073,0.08660
1,1,-42.438,-23.119,0.41113,7.571,0.74761,0.29921,-21.839,-0.13342,25.251,42.701,23.859,14.269,-1.089,3.125,-24.898,-0.93001,48.408,-0.71863,-0.59379,-2.256,41.113,-0.02250,-0.93788,-7.582,-0.85368,24.597,-30.281,10.642,-5.726,-19.9,13.124,-33.278,0.46301
1,1,-21.149,15.44,1,4.489,40.609,17.527,23.569,34.491,-6.576,-0.31527,5.275,-0.87192,-29.623,-6.041,4.664,8.07,-20.993,10.121,-0.82512,-0.05419,-38.439,0.25616,-20.841,0.73792,-49.656,-1.518,-10.588,1,-40.617,36.294,0.00246,0.17758,0.79790
1,7.495,0,1,0.51515,0.45455,-22.923,-39.721,43.703,-26.457,0.73062,39.26,-3.359,-25.264,42.863,-0.57576,35.18,16.215,-0.48485,-0.09091,-0.84848,40.211,-0.57576,-18.432,-6.913,32.102,10.859,-47.867,-4.646,-16.373,0.57576,0.24242,-46.905,-40.121,-8.75
1,1,-43.0,48.462,-16.647,0.94817,-0.02744,-40.847,-0.01220,0.90244,49.529,-15.016,-48.274,20.75,-29.603,-32.91,6.085,-15.852,0.02744,-15.214,-0.01220,30.165,40.706,0.91463,-1.548,-45.395,0.04878,0.89666,-39.777,0.90854,18.801,45.546,0.05488,-11.82,-2.764
1,-17.689,0,30.046,0.08156,0.79078,19.507,-14.763,35.444,47.094,0.01064,0.80142,8.653,34.956,-39.17,0.935,41.741,4.344,0.20213,28.57,1.224,14.462,39.62,-6.953,0.07092,0.91135,-37.84,0.89527,0.08165,-39.556,0.06738,0.92553,0.361,-41.78,12.523
1,1,11.375,30.126,-18.557,-1.523,9.291,-3.09,19.988,31.239,-0.01418,-2.939,-13.154,39.832,-6.499,-34.952,0.03382,0.95745,-27.344,-47.659,0.04255,-6.602,-10.093,13.285,0.05178,0.87234,21.606,-9.917,0.06014,0.74468,-0.03546,7.79,16.482,0.80774,0.07173
1,1,-48.21,29.683,-27.019,-2.158,0.00343,19.483,0.00510,-19.347,-8.294,0.95031,-30.393,28.452,0.00994,0.86303,0.01151,-38.676,45.838,-34.968,-43.183,-14.193,0.01603,0.83486,9.709,30.351,41.457,0.82111,-4.441,-5.899,10.364,28.396,0.02308,-32.476,0.02441
1,-1.128,0,0.97513,-47.961,49.852,0.01954,30.436,-43.453,0.99290,21.613,0.95737,-43.901,3.665,-41.569,9.92,4.85,-20.384,-13.96,0.98579,0.05684,-21.536,-22.183,0.94494,0.05506,-4.869,0.03552,0.97540,7.312,-33.308,4.582,19.761,36.904,35.299,0.09947
1,-38.396,-8.905,-26.286,0.01105,1,20.928,-8.179,27.376,0.99448,-0.01436,0.99448,-38.83,0.98343,0.02320,-2.514,0.00884,14.115,0.00773,-3.928,-0.462,0.98011,-8.89,0.98122,0.02099,10.111,1.363,-3.051,31.901,35.949,-25.533,40.715,12.667,-12.557,21.34
1,1,-18.876,1,-44.31,-37.828,-2.124,1,-3.531,1,5.339,-32.972,-31.668,-2.469,0.02908,-45.081,0.06488,0.98881,2.966,1,-28.784,-43.105,0.09396,37.096,41.12,31.467,0.10067,-47.685,0.08763,0.909,-21.069,-3.019,12.341,-4.407,0.10067
1,-11.662,0,0.88420,-40.655,24.261,28.12,0.39613,-18.793,21.473,26.673,17.896,0.83713,-1.522,5.581,-35.869,0.38778,-0.83285,-16.682,-46.495,-0.32963,-0.52504,-0.53924,-11.336,-0.68126,48.804,-15.322,0.26028,-0.60678,16.56,-8.163,24.759,-43.352,-42.541,7.685
1,-16.459,0,10.056,0.41786,-6.25,0.054,15.797,0.95148,24.524,-24.859,-0.55483,4.386,10.781,26.591,-14.175,-15.627,4.055,-0.31412,34.556,-0.65461,-0.32354,18.31,31.638,45.403,47.514,-0.82154,0.74105,-4.838,0.89415,-0.18725,-7.275,-11.156,-29.555,0.54852
1,1,0,1.188,-24.857,7.69,23.49,45.517,-31.764,-38.722,0.91993,-0.16503,0.26664,-0.63714,0.24865,-37.486,-30.063,-0.23227,15.327,29.8,-0.48886,-26.436,28.727,4.911,-0.28916,0.28307,-27.311,-2.696,-24.552,0.31005,38.463,-10.309,15.03,-12.498,18.808
1,1,29.453,17.713,30.917,8.206,0.74804,-30.014,0.85106,-38.813,-45.711,20.777,15.786,1.284,6.494,-0.82811,-26.691,10.014,-0.71725,-0.04759,-50.557,49.158,-0.76316,-13.636,-20.73,42.493,-0.18645,9.667,22.563,0.45185,0.355,0.20549,44.291,-0.18533,0.74356
1,1,-11.997,-18.917,22.066,-22.86,15.974,-0.10557,-40.613,43.999,-0.18321,-44.568,0.06107,-0.45420,-48.384,-0.16412,-17.71,-34.918,-0.39695,-33.307,-40.72,-4.933,17.726,0.28626,-0.16031,-37.884,0.24692,29.218,-43.319,-0.958,0.26336,-0.16794,-6.613,16.38,-1.725
1,1,46.789,-20.428,0.00075,1,-34.127,-45.43,-0.00075,0.94721,-11.173,0.97700,0.02130,0.97888,6.74,32.634,13.064,0.93929,0.722,-40.078,19.022,12.406,0.05524,-9.04,36.623,0.94155,-10.685,47.064,0.07255,-24.888,-8.67,47.813,-33.744,-30.316,32.754
1,1,-16.785,0.82254,4.759,-31.11,0.00231,0.87514,42.504,33.061,-7.481,-26.881,-35.677,15.652,45.017,-3.087,49.635,-7.661,0.06705,-33.359,0.06358,0.86763,7.841,31.675,15.393,35.337,-0.02370,36.084,-0.02731,0.74046,-0.07630,-16.414,10.992,-36.877,0.01214
1,1,-15.731,-28.019,-36.313,-48.973,-23.794,-22.092,44.532,0.55717,-18.6,4.298,-13.62,0.62099,21.841,-3.076,-0.07289,-42.566,-0.26409,0.58213,0.04992,27.691,-0.08771,0.46241,-0.08989,20.532,-48.99,-4.302,-9.031,35.323,-0.10306,-16.406,-28.761,-17.091,-0.08300
1,-11.305,0,-11.364,8.909,0.86335,0.00258,-34.747,-17.718,0.79988,0.02304,0.81504,3.102,-45.569,11.821,34.77,0.00854,14.827,24.206,25.429,-9.399,47.156,24.214,29.808,0.01232,0.77138,-0.00303,3.669,5.292,9.751,0.00849,-38.135,-22.717,0.63887,16.084
1,1,12.976,40.224,-0.01366,-18.482,-43.488,28.18,-21.592,-42.929,-0.00273,-7.492,-11.649,-6.786,-0.48907,0.39208,19.907,0.76776,30.723,-48.139,0.11339,0.47541,28.215,-1.211,33.323,0.60656,31.14,7.243,6.458,36.554,10.647,0.55328,0.24590,-42.096,0.48087
1,1,-0.8,0.83508,7.18,12.783,-49.595,0.84349,-19.561,11.252,-0.04622,-30.815,43.358,0.81197,0.06723,0.79307,11.849,17.465,-0.02101,5.022,22.071,13.299,0.01155,18.453,0.06618,-25.047,3.693,39.922,3.361,48.597,-16.724,0.86660,-16.714,-48.709,-0.04307
1,-46.454,0,0.95113,0.00419,0.95183,20.434,-26.529,-0.01920,-24.913,-43.255,17.706,0.03281,21.697,43.655,0.94625,24.187,8.128,12.793,-44.48,0.06038,9.096,-27.141,0.93124,-7.054,-1.202,-26.381,0.93522,18.046,36.999,-31.619,50.429,-0.00035,-8.0,0.04712
1,-29.084,0.528,0.94701,-0.00034,13.944,31.515,0.95177,-15.71,0.95584,1.106,-21.436,-23.564,38.985,27.186,-31.008,-0.01461,-10.31,-29.632,-41.054,46.062,0.91406,-33.774,0.89470,0.06148,0.93988,0.03193,0.92489,8.953,49.646,19.803,-32.838,8.662,0.92697,34.62
1,1,-26.045,-36.385,-16.161,-22.812,46.932,-8.376,-0.03646,0.85746,0.00110,48.926,16.664,0.89061,49.746,-42.22,-20.398,33.885,-31.289,2.081,-3.421,0.88729,-46.706,44.333,-41.877,0.91050,-0.44,-16.624,-0.07760,38.797,-42.362,0.96022,-0.03757,0.87403,-0.16243
1,1,0,0.84710,20.518,0.73638,22.429,37.426,5.867,4.062,-30.602,44.525,-14.011,0.80668,-28.71,46.201,-0.01054,0.85764,-0.04569,29.402,-0.03515,-10.762,-27.408,0.71002,0.04394,0.86467,37.813,-8.722,-24.706,30.841,43.573,-29.872,-29.06,11.526,-11.14
