1,1,8.524,-45.813,-0.05889,33.369,-9.562,46.578,-40.325,-7.341,34.168,0.85243,-9.492,-7.315,-22.552,0.60536,36.465,49.177,11.81,5.756,-45.469,-34.851,37.395,45.468,-0.47357,-26.721,-2.312,-22.427,29.329,-46.099,-49.491,-19.37,2.369,-39.709,-48.11
0,1,4.355,37.427,36.927,0.93035,35.171,-25.233,37.527,1,0.368,-36.532,-26.614,21.899,-43.159,31.576,-0.97515,8.333,9.694,-25.679,-13.952,-42.643,-28.821,23.365,-17.689,-38.041,48.396,5.098,-48.455,-23.363,15.23,-0.16626,-47.766,47.621,6.851
1,-37.177,23.27,-31.299,23.977,15.294,-27.108,1,17.013,-6.002,0.01198,0.73082,32.439,-14.938,-6.215,14.419,48.356,-24.919,-19.295,-40.807,8.309,0.70887,-20.197,-18.445,-37.787,-39.756,-13.056,35.164,-5.594,0.43100,37.165,-42.456,-23.396,-39.883,45.156
0,6.374,18.642,-19.42,-14.632,-1.31,-12.35,0.15,0.681,-33.004,-5.16,46.147,-40.848,-7.772,0,22.441,0.14516,7.868,-0.39330,-26.122,7.691,-47.694,-26.471,10.436,42.92,-22.711,-10.665,-14.839,-24.231,23.63,-0.20099,-32.321,20.048,-0.32382,33.283
1,-3.316,-13.418,-1.244,-11.287,-36.266,13.284,35.963,-0.23255,1.396,-16.063,-6.269,-0.20275,-49.252,-49.521,0.27,13.007,-1.482,-42.603,0.45107,-7.85,0.05982,26.115,-8.677,-8.394,-17.102,-50.187,-16.811,47.861,-47.237,-27.169,31.773,-18.381,17.034,-0.65697
0,-41.444,0,0.02337,-0.00592,-44.167,11.718,-5.477,46.201,-18.174,48.414,-20.04,21.72,-31.065,-12.405,-34.494,-40.511,16.418,-0.167,-0.11575,10.913,42.631,-26.215,19.401,0.00888,-9.334,-1.787,22.587,-49.625,40.339,33.15,-4.708,9.27,27.578,-46.933
1,30.771,-2.202,28.973,46.174,-4.027,-0.20800,0.92806,11.552,-5.954,15.229,15.362,-0.47929,-25.701,-46.74,-21.492,-47.554,0.57945,-48.406,5.693,-16.294,49.391,-9.33,-47.524,-47.612,-12.317,21.615,19.567,24.549,-14.696,-22.813,35.466,-0.81318,-25.422,10.89
0,-22.367,-27.387,10.633,0,41.543,23.389,1,39.041,22.168,-41.949,45.77,-12.786,0,0,45.247,-1.568,47.478,1,-40.222,-4.102,-24.344,12.976,-10.956,9.652,40.829,-44.719,-14.672,-2.384,-19.095,0.217,25.879,-39.691,11.909,8.929
1,1,-44.824,26.93,-46.35,13.95,44.31,-26.158,-9.273,1,-42.343,43.575,31.82,34.025,-30.766,-11.689,37.698,-34.39,23.848,21.541,39.373,-34.838,-36.363,25.567,-0.64225,-47.945,20.105,32.963,12.946,46.226,19.204,15.225,-9.052,0.38895,-0.73420
0,27.745,0.704,35.5,9.715,-15.085,-7.695,-30.492,0,30.174,15.405,-31.221,-44.12,-28.06,0,-23.211,17.918,-10.946,0.15018,38.691,27.147,-10.48,0,-37.293,48.859,-0.827,4.403,0.20645,15.603,3.287,-22.329,5.262,22.979,-18.534,-41.165
1,11.914,33.091,4.643,4.779,40.334,-0.18388,-44.605,1.739,15.759,-35.104,48.329,-29.539,28.012,-9.623,-5.0,-0.59017,22.63,-31.439,-7.12,-44.332,47.993,20.563,-42.484,14.994,13.933,48.026,0.47211,-15.559,0.40303,2.93,0.30996,-19.719,31.138,-3.522
0,-26.147,26.162,-3.573,-0.54210,11.873,1.099,0.813,3.959,16.907,23.305,45.812,25.864,1,-22.153,0.339,-35.697,1,-22.018,1,-37.565,-5.817,2.018,-21.566,-46.948,11.872,-20.593,14.551,-0.62745,-17.991,-26.813,-39.985,41.644,10.399,-31.549
1,50.035,46.344,1,-0.16316,30.9,-18.077,-40.492,-4.363,-32.929,42.906,-22.507,40.314,-14.393,-5.815,-33.594,35.457,0.94486,5.538,13.258,17.629,19.053,-17.19,-42.049,-20.937,0.84080,15.766,0.76224,-7.123,-15.868,-34.335,24.198,8.577,23.189,24.939
0,1,13.98,31.179,1.922,5.943,25.895,-16.218,-36.614,-42.347,-16.388,5.793,-37.963,30.079,0.07772,38.678,-38.892,35.591,-1,31.13,-1,23.646,47.259,33.054,-28.985,-48.415,30.183,-1.934,47.958,15.813,-0.66494,1.253,-1.225,-12.953,1.476
1,33.782,-47.784,20.776,48.976,39.111,-26.052,46.931,-12.769,18.537,-22.482,45.802,36.563,1,-42.274,35.723,-23.875,1,-36.594,19.916,-20.648,-9.758,41.484,40.407,24.736,-41.922,-28.788,1,42.05,-37.801,0.48641,7.938,0.32492,28.196,-9.266
0,36.337,6.316,-13.089,14.457,26.856,2.034,-0.03520,39.671,20.551,-1,-30.971,21.56,-25.835,20.951,12.446,5.021,47.343,9.369,34.398,-1,-20.083,0,-14.89,-5.501,-50.048,-4.764,-27.337,-31.027,-49.044,-6.659,-8.318,11.281,0,25.392
1,-40.693,-33.182,-11.355,42.99,-18.299,-0.01236,-45.703,5.78,-18.652,45.056,-46.426,-23.219,23.103,-0.861,-19.289,29.638,41.751,-29.249,-27.267,0.08631,-23.006,-48.517,-4.518,43.104,-44.165,0.13412,-42.859,27.652,0.79110,0.15379,-17.394,0.552,12.976,40.377
0,-7.065,-8.794,-39.918,0,18.227,-1,49.478,-0.916,-48.019,40.905,8.06,-43.068,1,31.562,-38.376,3.992,25.51,-16.441,-22.646,9.53,-47.409,-8.747,-37.776,-46.098,15.169,1,1,30.148,2.514,11.343,30.622,18.337,-17.155,-33.297
1,1,10.14,31.678,39.089,-4.591,-8.136,32.529,20.732,12.521,-48.559,-9.472,0.12131,47.569,12.309,32.562,25.524,0.58373,-30.704,-0.745,37.758,-47.082,-32.759,-17.534,20.533,0.48838,21.408,-37.248,-32.252,-49.112,-36.902,41.807,-9.834,-19.401,0.33036
0,-32.357,38.991,30.694,-5.17,0,-0.486,41.718,-11.535,0.463,9.193,13.969,4.21,16.095,46.692,26.408,29.844,46.052,22.258,1,-31.809,-39.931,1,-6.178,-14.105,-48.508,1,43.859,-20.472,35.09,39.141,13.503,-38.248,1,42.112
1,43.523,-10.475,49.083,44.984,9.673,-45.997,-6.431,27.258,37.04,49.813,1,5.026,1,-12.958,-18.548,-13.856,-8.356,-24.223,1.52,34.902,-34.869,-0.44072,-13.723,-0.46866,-11.334,5.471,-5.549,35.743,-34.747,-47.281,-1.181,16.288,0.74354,34.906
0,3.636,-19.792,-34.421,1,37.692,-9.585,-45.883,38.135,10.715,-1,-9.979,-47.657,34.131,-30.57,27.832,28.79,-41.355,-47.311,-1,-34.001,-47.837,3.914,33.763,45.744,-1.8,-22.838,32.366,-19.089,-1,-5.873,-43.517,46.098,7.524,1
1,-41.511,6.875,6.135,-25.053,-44.147,10.359,-38.896,-17.238,24.447,-7.964,33.409,-37.812,-27.536,12.134,9.153,47.856,-7.575,0.00280,-21.351,-25.989,0.65961,-23.252,0.64158,-9.374,48.89,-0.07705,-39.368,-0.02205,-41.965,36.835,-46.295,-12.952,-48.629,-27.291
0,36.427,0,-49.271,-25.01,-40.331,4.355,15.346,5.303,-38.041,-31.299,46.538,1,-43.06,13.874,48.353,0,1,20.555,34.533,39.463,35.574,15.294,-23.155,48.662,-1,-41.444,38.115,-48.703,-5.892,1.413,-42.562,33.093,-37.667,-12.654
1,9.395,-6.223,-22.711,17.072,20.048,0.02942,-24.122,10.385,24.27,-27.13,-4.16,-11.689,46.992,-2.362,-17.945,8.17,38.03,-38.25,23.287,-14.384,-39.899,-19.474,0.80852,23.694,-19.073,-26.105,-15.068,-0.29174,-4.642,32.0,0.54356,-27.734,7.97,-0.39487
0,1,-7.865,6.374,-7.194,-45.995,22.441,1,25.471,-32.004,30.83,14.281,-27.547,0.438,-18.135,19.642,-33.578,-10.263,-0.376,-16.785,-16.356,1,-50.163,14.219,-8.672,-1.011,31.283,2.681,-26.231,43.92,-1,-12.35,-50.816,-19.42,-1
1,23.62,-42.444,-3.316,-0.08714,49.393,-8.873,35.908,-48.079,49.296,0.61053,-3.754,-13.831,-41.5,-50.035,-33.569,-7.032,43.423,-0.62180,-16.821,16.08,-0.869,0.046,-15.276,-50.299,12.392,-38.036,0.48136,26.713,0.332,8.373,-1.914,-19.242,46.186,-1
0,0,-46.233,-32.065,-48.053,10.967,14.565,4.314,-21.238,-24.283,-2.577,33.143,-15.558,-20.078,0,-40.356,-26.252,1,-27.483,-6.47,21.431,20.385,-47.94,-44.067,-46.814,41.418,-1,18.43,28.997,-13.405,-1,21.783,16.422,-15.742,-8.369
1,30.771,-41.949,-39.691,49.112,36.508,9.826,1,8.795,0.98172,45.892,-46.843,25.853,12.909,-23.753,-7.565,46.988,-9.956,-44.891,-2.384,-46.774,-38.222,1.217,-21.008,1,-5.897,-21.367,0.83899,12.699,16.251,12.835,0.64358,-11.545,-1.043,-3.973
0,-12.593,0,45.478,11.976,-2.102,42.543,21.759,13.774,-20.095,25.879,24.389,31.387,31.255,-28.158,0,0,40.829,-26.387,39.034,-12.786,23.168,44.972,47.77,39.041,13.95,20.843,34.08,-10.06,-14.672,-42.982,-1,11.633,1,-36.757
1,-21.874,3.287,49.859,-0.14236,23.739,-0.16256,16.673,-0.23656,-34.373,-35.667,39.162,13.393,-45.278,-30.621,45.454,-0.21975,43.649,-0.38606,-47.796,-30.953,21.695,-22.685,-17.452,15.03,-29.765,-45.3,5.404,-8.821,26.967,-15.843,25.871,23.443,10.8,37.209
0,48.329,-37.293,16.8,-44.738,-29.774,0.321,-44.605,-1,-6.695,25.925,6.096,-11.574,-42.114,-14.713,36.518,-42.546,1,48.286,-27.06,26.194,27.745,18.532,31.059,-30.126,0,0,-9.48,34.091,49.918,-0.088,-6.819,1,11.914,31.908
1,0.813,15.907,5.841,39.188,5.646,10.763,0.92100,-0.16450,1.901,1.928,-21.681,-6.225,-42.77,3.452,10.22,-0.35924,-1.823,-9.441,-22.4,25.691,2.718,-19.3,4.305,-48.449,26.888,-35.154,-6.249,-0.54629,21.828,12.776,15.23,21.164,-21.302,-0.58086
0,23.942,12.357,-19.471,-0.02595,-30.136,-34.928,30.881,-6.634,-39.988,-41.595,43.644,13.441,-3.983,23.542,-15.879,-26.813,11.695,18.014,10.03,-19.274,44.553,-35.701,0.51933,0.05456,36.457,17.859,-26.216,-0.41307,6.457,-15.57,-17.114,-1.535,-4.443,-1
1,1,-33.647,-16.073,-23.606,5.516,0.27686,-33.095,37.094,1,-38.597,-15.525,-0.49863,31.153,-16.392,-4.749,0.399,15.813,-13.56,24.51,-49.149,-28.645,16.219,26.538,-21.338,41.665,5.091,1,-42.995,50.035,-34.643,44.099,29.613,47.344,25.095
0,1,-38.757,-28.327,40.037,14.98,1,24.028,-3.607,2.473,35.962,31.179,-23.57,45.802,37.217,1,7.672,-36.039,48.309,35.591,32.834,1,-42.494,-46.784,29.13,-23.002,-11.859,-37.745,47.015,0.95982,2.426,-9.758,20.429,-1.11,-25.739
1,48.719,0,-8.733,-42.473,26.856,41.671,-41.922,-31.437,25.319,-0.07014,-35.721,-5.564,-48.886,39.341,20.524,18.837,-30.367,35.2,-48.102,48.759,16.393,45.789,0.94815,-13.734,28.091,-0.20851,-19.192,-21.098,6.22,-0.18552,18.374,32.581,35.561,1.56
0,40.257,-25.835,1,14.446,28.516,-15.89,-0.965,9.333,40.863,11.049,-45.978,-49.635,20.951,0,-27.734,12.266,-10.318,-46.418,-4.355,-45.681,-6.686,34.398,-29.128,41.671,1,-24.823,-28.36,26.392,-7.659,23.56,7.316,1,42.925,0
1,1,-41.693,-31.384,-20.188,-22.355,45.055,-38.971,-1.863,0.93582,22.223,-35.857,26.574,0.92766,-19.492,30.506,-43.592,-18.41,-48.282,-46.182,-6.92,-32.372,0.11849,-20.875,16.311,0.75755,-12.239,-17.42,-39.243,-17.502,0.545,43.669,19.335,6.407,3.107
0,-48.547,19.337,4.514,0.02461,10.057,12.482,-17.073,10.414,-8.176,-8.747,47.858,31.733,32.661,-48.363,-14.62,-9.966,33.331,48.63,-31.972,0.41003,9.188,31.312,0.60138,40.07,-9.547,37.51,0.48867,31.168,0.43481,-8.032,-43.684,-46.951,-29.886,42.4
1,22.258,31.957,27.408,40.206,1,-0.681,13.969,-21.209,-31.567,12.825,30.561,25.805,-4.502,12.667,-36.914,-47.097,10.8,21.152,-19.824,20.936,21.649,0.67135,39.469,-6.49,0.34384,0.72082,-0.259,0.72386,43.052,42.425,-32.243,-10.808,29.914,-36.441
0,1,5.875,-13.563,33.09,1,9.673,-34.786,49.775,0,-0.486,41.523,-31.809,-38.248,49.083,-13.521,46.052,-36.504,37.991,41.199,15.814,-46.508,-1,-2.985,1,43.99,4.21,46.692,-5.17,-47.898,-15.667,9.193,-37.931,-23.904,-19.548
1,-6.431,0,-13.775,-9.189,39.001,-30.401,37.166,-45.717,-5.824,-17.408,0.70207,0.36719,-40.192,-34.573,-6.297,35.817,29.342,17.189,0.31639,31.496,-46.459,-9.435,-11.84,34.322,11.964,35.813,-10.289,1.222,0.12635,-41.956,-45.829,27.885,36.162,5.814
0,46.744,-1.8,47.691,-28.289,-48.15,-46.828,1,-1,-21.838,33.897,1,-45.35,13.195,-8.717,9.524,44.098,-8.314,-46.67,30.79,-1,1,36.813,-40.791,-44.147,-34.883,-7.055,-8.585,-21.103,4.636,-20.792,3.914,4.174,38.692,31.517
1,6.303,0.413,38.105,38.405,5.353,21.425,-11.965,-23.367,9.272,23.287,-36.91,6.574,-47.344,-0.37965,-46.805,-26.448,-36.192,-26.457,-41.587,-25.695,-39.105,-17.93,37.174,14.7,0.68282,31.408,48.41,-0.73174,10.926,-0.75353,49.209,-29.171,-42.019,-0.83245
0,0,45.538,8.395,0,14.294,0,-23.155,-6.223,-31.299,1,-26.113,-36.667,-19.159,-6.892,-18.879,-41.562,-40.819,-1,-13.654,-44.06,17.134,-19.922,-38.177,-15.793,-6.373,36.339,34.533,-26.757,33.574,-39.331,14.874,48.353,32.386,24.011
1,-24.122,22.63,1,10.399,-1.31,-11.646,8.323,-13.461,0.99838,-40.947,0.98941,-0.7,-19.454,-27.688,20.001,-32.829,0.91236,-47.339,2.587,45.826,0.89991,-5.507,-22.833,42.544,24.303,18.212,6.206,-25.662,-13.366,22.844,33.062,-8.252,-14.604,7.734
0,36.042,17.08,-14.953,-7.892,47.393,-49.555,26.107,-3.959,32.523,-17.578,-41.385,-11.297,-0.29020,13.276,0.076,-17.631,-32.085,-0.46270,-6.672,12.715,-49.833,-17.45,-2.75,0.37361,-12.579,-0.542,-6.275,-27.128,-36.208,-9.314,-2.34,0.20477,-47.322,0.41913
1,49.348,19.385,0.98166,-31.056,-46.072,-0.03818,0.911,-20.135,0.95947,16.352,-43.077,11.793,10.217,-26.363,0.93369,46.191,-48.572,-49.833,33.939,-1.964,41.301,-12.579,-8.507,-42.632,43.498,-4.905,-33.63,22.408,22.569,-40.595,0.76911,10.737,-17.578,27.34
0,1,22.431,27.997,14.565,47.28,-24.766,49.028,0,11.945,-47.94,-14.742,15.503,-22.238,-47.725,-27.483,5.09,11.142,-0.83297,-47.073,30.403,-4.973,-5.47,-46.28,19.787,-22.892,0.44828,26.374,-16.558,-3.202,-45.417,-8.565,35.508,-12.545,0
1,47.478,-45.719,-38.381,46.587,-1.132,40.07,0.93421,-0.00267,11.513,0.13795,-41.138,-40.709,23.054,12.459,-18.178,44.672,-2.634,-0.078,10.519,-24.545,-5.814,42.543,13.442,-11.949,-2.202,8.901,-21.434,-15.684,-10.34,23.066,0.84463,39.572,0.93323,24.865
0,-27.387,0,41.034,-11.593,-34.592,41.649,44.454,-41.982,33.08,13.643,21.759,-47.796,-43.824,-7.324,23.2,-36.757,25.871,-36.373,-1,39.162,0,12.95,1,-47.278,-8.06,44.972,-29.36,21.695,31.255,31.387,0,14.774,19.843,-27.158
1,31.059,0,18.532,-21.329,26.967,-29.765,0.231,1,4.147,-29.492,-44.569,49.859,-11.48,27.925,37.053,23.464,2.287,9.222,-8.695,35.098,-1,-1,-37.821,14.626,16.573,-16.085,-27.06,-1,1.704,-11.574,-17.452,4.749,-21.874,27.093
0,40.334,47.329,-35.353,-19.828,2.643,3.012,49.918,27.683,14.795,-1,46.286,-10.104,1,-40.546,-42.736,20.738,-30.126,5.712,14.213,34.091,-42.114,-15.694,2.766,-8.819,-0.18856,-29.774,-4.907,-46.605,-3.63,29.908,-1,11.914,16.8,0.33611
1,1,-27.147,11.83,-25.732,-35.654,-6.874,45.784,-20.269,14.512,-22.632,5.906,15.919,-33.743,9.231,23.889,-23.348,-39.988,-0.984,-3.669,-48.307,1.932,-30.822,-18.09,-0.29807,22.325,-0.40747,0.686,25.816,0.92059,1.792,0.83951,42.254,27.096,-22.136
0,47.344,18.192,-6.456,25.405,-1,-4.517,42.099,-33.531,-42.16,9.694,-0.82143,-0.62723,17.063,39.665,28.9,-15.717,5.791,36.393,-15.772,-34.068,-4.957,-21.425,-1,-41.96,22.51,-23.209,-32.929,9.872,21.542,-16.915,-1,48.035,11.357,-17.361
1,1,1.664,1,-38.767,15.813,47.056,1,2.722,-1.934,-36.303,1,23.59,1,30.051,38.678,30.208,-48.415,-29.285,-37.315,-14.13,26.668,4.604,1.209,16.037,-42.347,-3.032,31.003,4.725,-15.437,-17.296,48.384,31.826,29.819,34.361
0,0,-42.922,-43.478,7.938,-11.713,17.916,-23.57,-46.784,-28.988,27.196,-25.086,-8.733,-1,45.744,18.537,-23.002,-37.699,31.782,37.367,33.723,12.98,37.111,20.776,42.037,-19.919,43.802,1,40.407,-9.758,1,48.903,-38.757,-1,40.683
1,1,15.397,-13.89,21.009,-4.741,19.625,34.398,-5.369,12.049,6.297,-24.886,-20.013,26.813,35.483,6.312,0.11224,-26.826,0.20119,0.96741,22.723,-30.295,24.461,2.675,-49.722,-30.491,-48.82,10.217,40.907,-12.713,47.944,-8.535,25.688,0.83574,13.757
0,1,0.392,12.438,-44.654,-21.231,-45.681,-19.299,-41.693,-48.635,-29.36,26.516,41.257,-23.823,-5.355,-7.273,-18.843,-18.808,-44.617,0.51979,5.898,40.863,-47.418,-1,44.762,-0.84792,-22.335,-32.182,-27.128,-1.965,-11.675,42.925,22.209,42.959,0
1,1,-47.019,10.06,-15.343,49.478,26.632,1,-17.929,-38.932,-21.553,0.94930,-43.876,-31.367,-46.855,-6.172,-48.125,17.024,0.26721,4.351,-8.463,40.739,-1.599,11.091,-7.351,19.989,-39.029,30.27,8.957,-36.148,33.022,31.716,0.47033,3.535,19.846
0,0.111,-32.972,20.561,41.044,46.948,-37.71,31.776,-47.621,0,20.306,-49.547,0,-37.155,-10.092,39.186,31.072,-9.88,-19.572,-29.886,12.01,31.008,37.346,-17.965,-6.257,-0.10625,21.004,-47.9,-0.76667,-1,32.145,-32.498,25.414,13.167,-8.46
1,1,8.193,1,-14.499,30.837,0.16334,41.087,-0.153,42.029,17.04,43.774,0.37107,-3.327,13.438,39.801,-11.043,47.837,-20.988,5.86,42.288,30.259,-38.667,0.019,27.056,21.741,-6.626,-47.075,13.194,0.35684,-31.595,34.429,10.809,-32.588,46.479
0,-2.413,45.352,44.798,4.848,30.853,0.651,-41.374,24.241,-46.983,-23.03,-0.66886,-8.573,-15.1,-10.006,-21.139,0.771,44.475,19.214,7.666,-0.03289,24.749,-32.986,-35.351,9.478,-44.134,-1,49.96,-7.516,-37.931,1,-21.116,-1,-22.18,-48.342
1,46.847,30.068,-35.786,11.71,-21.352,-26.994,14.24,0.18593,-12.227,35.921,-29.879,-11.838,15.125,-0.686,49.718,0.00879,23.449,-0.50126,-24.95,47.626,-1.047,-0.19095,2.902,-15.629,26.453,-16.058,0.92890,-5.196,-29.783,-45.607,-36.404,48.307,50.241,19.594
0,-2.314,-41.83,24.19,-48.911,6.078,48.622,-34.317,-11.664,-9.386,0.08424,27.818,15.93,-18.836,-30.982,1,-35.818,10.325,-39.251,0.58424,-14.46,1,-49.229,13.114,0.26585,-32.351,40.805,-12.943,2.916,12.133,-43.529,38.986,38.918,27.22,-38.16
1,1,-5.956,31.796,-15.507,45.482,-31.966,1,44.624,-28.126,18.762,2.37,0.33266,8.478,23.522,-21.216,38.359,20.727,7.706,12.177,-24.306,22.793,11.472,2.869,-44.753,-4.812,-32.04,0.96414,39.911,41.562,21.014,-45.125,29.003,10.749,-0.07329
0,33.55,0,33.714,4.857,-31.693,-1.448,45.439,-1,-39.524,30.511,17.267,-17.279,1,18.995,17.06,-1,4.005,10.062,20.523,-40.881,2.608,8.961,1,37.887,27.87,-7.415,-10.286,-31.283,-6.555,-8.657,-31.938,12.383,-21.042,-10.859
1,1,31.819,-43.06,48.136,-0.769,26.386,19.491,-44.59,0.20619,-12.673,-46.737,1,-48.645,-3.395,-42.364,13.37,-0.39046,38.659,30.648,-26.926,-48.349,40.715,47.083,-50.342,47.567,-43.586,34.26,-47.166,-40.288,1.286,0.93570,-23.898,11.814,-41.876
0,-30.22,-27.518,1,-21.977,48.705,-1,3.52,-16.637,3.875,47.927,1,4.256,23.761,-47.915,13.333,32.998,25.288,-14.983,-48.074,-9.638,-20.32,4.494,-28.571,-28.046,1,18.787,15.225,4.585,-21.855,-32.154,-5.053,-22.24,-43.34,-1
1,1,0,1,-40.856,-48.047,-7.988,-38.474,-43.437,-28.444,-39.432,32.192,-39.661,1,14.291,42.89,20.301,-21.9,40.126,-43.934,3.542,39.436,-31.994,-46.214,47.49,28.113,13.2,5.178,44.724,14.449,25.155,-27.954,-48.212,46.065,0.75837
0,38.206,-37.178,1.755,-22.854,1,35.526,0.702,38.164,-3.757,47.485,21.328,17.694,-34.907,-10.927,-1,-48.197,-21.5,31.055,26.283,-50.644,44.638,15.304,1,33.919,30.724,-10.536,-36.101,-16.056,-36.706,-1,39.584,26.104,-28.824,-1
1,-35.52,-44.49,37.586,-8.613,-36.574,-20.167,13.673,-27.226,46.763,33.809,-0.232,-14.747,9.016,0.52517,-2.287,40.511,0.73242,10.498,45.272,21.668,-47.742,-5.991,-2.348,-29.2,0.40615,0.74689,11.203,23.851,7.274,30.268,-24.992,-18.753,20.467,0.86285
0,31.097,-34.259,46.879,-45.87,-23.957,33.576,30.987,-34.812,-12.067,-10.537,17.182,-16.105,-12.96,-11.339,-17.341,-0.24206,30.823,-28.845,0.46429,35.082,-4.823,0,9.012,-27.159,-1.555,-15.116,-11.704,12.004,-27.949,20.091,-14.735,0,11.32,0
1,-3.622,3.248,24.089,19.357,-35.89,-33.181,33.978,-35.031,6.933,-1.211,1,0.34826,5.434,40.142,-35.915,49.17,30.391,1.235,49.836,9.678,37.037,40.425,48.237,-46.448,0.66643,-4.576,-29.715,-10.947,0.49538,-26.715,19.017,8.847,-19.794,0.75243
0,37.709,16.11,13.488,1,-23.354,-26.144,-6.707,-14.338,1,-1,27.008,34.496,1,43.266,16.67,-38.572,10.511,-3.15,6.802,-18.68,32.636,48.73,-31.8,29.755,1,-31.131,-42.865,-50.461,-21.181,27.172,-30.508,-0.784,43.001,3.722
1,30.147,45.985,-21.041,38.708,21.889,23.128,42.7,-7.708,-6.925,-45.482,-23.532,33.934,-42.823,26.815,38.853,0.39749,33.937,0.46059,-43.352,-27.814,-17.271,13.464,35.487,0.58129,-27.907,-25.397,0.58903,36.794,-8.801,0.60932,43.831,31.626,21.72,-33.032
0,0,26.169,1,-48.578,-23.459,-31.532,-16.877,-0.351,-14.072,-41.329,-20.808,-3.423,-8.724,1.755,-32.128,1,-39.688,39.454,20.264,-2.632,-1,35.264,27.894,-45.767,17.946,-6.027,4.342,1,-47.198,-46.712,-15.746,-36.637,14.567,-32.679
1,36.981,-35.645,-41.54,-13.007,27.049,-35.565,42.671,-13.779,-44.152,-44.621,35.641,3.094,30.507,1,1,19.712,-40.472,34.918,3.827,-10.703,-10.137,42.088,-42.25,-4.707,0.64628,1,-27.351,-23.756,29.075,1,25.563,-42.061,-44.607,-41.525
0,0,-10.493,-40.177,10.394,-36.788,44.086,1,1.327,11.141,28.277,0,-44.157,1,-39.724,-25.85,-46.639,6.687,-1.513,19.383,-29.585,-35.964,-21.388,-25.148,5.706,-28.879,-11.19,-36.454,-33.986,28.255,-28.25,1,-11.267,40.067,-30.114
1,-20.009,-41.244,30.69,15.868,1,-36.364,36.234,-9.466,-37.028,31.425,17.774,43.597,-39.705,-37.434,1,40.583,8.757,27.014,15.987,12.08,36.651,-0.26573,1,-13.156,14.126,10.003,30.682,39.501,32.487,42.709,-13.718,-46.943,16.661,-0.48252
0,0,-21.605,23.934,-1.001,-46.618,19.063,10.295,-35.124,-13.743,-37.192,46.237,-37.471,-24.062,-44.127,-13.056,-1,1,3.357,1,2.392,5.378,40.822,-2.86,43.339,-16.121,36.717,37.154,-28.099,-36.264,-42.361,11.933,-1.752,-11.678,-1
1,1,-4.876,-9.756,49.466,17.036,-36.598,0.653,21.535,7.914,-12.403,-15.508,9.954,29.353,20.215,-9.954,49.621,0.60459,12.657,45.807,-27.195,0.39903,44.202,-3.824,-16.99,-34.059,-17.06,-19.158,0.73885,5.122,16.503,6.944,45.502,-23.67,0.69509
0,18.29,15.784,-17.803,-30.272,0.82332,0.21908,-12.256,-37.349,47.552,-27.551,24.154,-5.36,11.477,6.583,-10.238,-49.59,25.167,15.596,-15.867,-49.505,-5.441,23.605,30.979,-2.051,-48.684,28.713,31.056,-48.603,-46.158,0.10349,2.002,-13.935,-0.04013,0.04586
1,48.649,-8.766,-14.292,0.844,0.65680,-6.579,30.888,-9.545,-16.524,43.137,40.657,-21.235,-9.308,0.07840,39.588,45.403,20.999,-0.27811,2.311,-3.427,-33.564,7.593,49.306,-7.625,-12.377,48.198,25.032,-15.779,1.256,-14.395,42.347,-0.14053,47.438,0.02959
0,37.021,-1.927,-0.134,8.415,31.619,-36.8,-22.339,1,13.728,-10.441,0.54478,-30.652,0.61567,-8.276,-11.739,-41.695,44.828,-0.10448,-48.876,-16.28,23.897,0.14792,48.703,-32.092,-47.39,4.012,-22.686,19.795,25.842,-27.782,49.109,30.203,-44.599,-21.029
1,13.125,1.902,23.148,-10.619,-4.354,-43.615,5.851,-30.78,50.388,-13.272,-13.298,12.234,15.139,47.969,-36.065,48.208,0.76981,0.08679,27.437,-10.134,-24.992,38.455,12.496,-22.499,0.84906,-45.484,0.73886,-49.922,-2.646,26.243,46.711,-15.468,10.057,0.00755
0,1,-5.956,45.274,-14.08,42.031,-31.956,16.659,-19.109,2.534,11.274,-28.644,21.625,-21.398,0.09559,-37.966,1,3.261,38.533,-41.162,-31.488,24.342,30.496,-48.03,36.986,1.955,-35.845,29.793,-5.665,0.42273,0.08182,-38.789,-33.115,-45.07,-34.317
1,21.78,0,0.57647,-41.897,-29.879,0,-7.171,26.999,20.17,-9.372,24.032,-24.078,-31.183,-9.777,-44.502,16.006,8.058,0.01569,6.359,7.961,-40.065,12.449,-15.207,33.632,0.49804,39.936,8.438,40.795,-31.475,10.028,11.882,44.717,19.15,19.696
0,33.714,3.005,-41.491,0.12482,47.81,19.186,-6.184,0.27955,47.422,0.44318,31.557,-10.924,-44.251,18.332,1.475,44.713,-0.421,-40.96,-0.34773,-21.914,38.686,16.318,-13.665,-42.223,-32.833,-47.901,31.527,8.99,-47.299,9.826,-18.309,-0.07464,12.962,-26.561
1,-45.233,12.333,48.036,2.066,5.085,39.609,-28.747,-21.663,26.417,47.764,4.4,-47.661,-3.314,18.037,-39.767,32.072,24.98,23.34,-44.88,-48.977,-28.314,0.27575,-9.638,41.827,34.41,0.52039,47.625,0.53235,-22.737,-48.488,-1.152,0.70923,3.043,0.54185
0,-48.047,-39.683,5.129,-6.139,-0.31745,-28.324,-21.41,-0.56435,46.157,2.92,32.087,-48.923,-43.891,-31.514,46.695,-16.663,-30.363,39.355,42.67,-21.397,19.914,3.764,33.657,15.034,0.78932,-29.481,-46.505,-41.144,-22.198,-44.481,-0.21354,-16.419,24.298,-0.59867
1,1,27.217,0.70870,-49.891,-36.457,-44.891,2.154,44.393,-14.404,17.877,-7.671,14.574,-4.179,-23.13,-38.97,-9.158,0.38696,-40.375,13.954,2.743,25.552,-37.061,0.53246,12.478,1.068,-32.728,-28.199,13.862,-48.584,32.01,49.128,-0.25217,38.941,-22.352
0,-28.824,38.206,39.382,-20.211,-35.245,-21.12,26.624,-19.76,8.472,20.869,-35.499,39.013,20.85,0.08978,0.56347,-11.082,-37.377,-29.51,34.863,34.953,-8.194,12.784,-0.63777,44.772,1,37.282,21.742,29.006,-27.652,-49.086,39.608,-24.572,0.52632,29.635
1,-11.96,20.091,30.905,7.161,-2.662,9.18,23.531,-15.215,-14.209,45.991,10.332,-0.16638,-2.358,-36.568,45.137,0.03905,11.686,-44.714,-6.255,-48.329,0.34975,11.436,-23.676,-1.369,17.7,-0.03176,0.50369,-10.57,-4.477,-2.191,-33.551,-11.357,-28.644,33.426
0,31.097,-15.389,-34.719,31.485,19.306,46.184,30.066,-16.036,18.942,-4.216,0.38359,0.99557,-33.314,-11.535,-36.653,-4.494,-27.185,12.272,39.316,5.284,33.474,-45.871,7.704,0.23725,-2.412,-16.74,-35.567,0.88248,-1,-27.255,-13.466,0.859,34.3,3.248
1,1,-26.144,49.642,39.925,-29.715,-27.068,0.72990,-29.626,-19.53,-36.842,-11.198,37.042,49.321,-29.434,33.042,0.85038,-4.276,6.807,-37.148,-46.279,-22.648,42.66,-0.57135,0.53805,14.988,42.665,46.722,4.98,22.365,30.867,5.087,12.433,8.413,-49.66
1,1,0,44.355,-33.468,-23.692,46.448,42.418,34.084,-0.305,26.851,-9.026,23.934,33.728,10.45,-43.998,33.961,-0.32020,31.906,-18.587,-22.559,-8.39,26.667,30.862,-13.003,15.256,37.887,-0.83314,49.716,-8.693,-0.19321,34.111,-20.017,-31.4,-22.538
0,1,37.942,19.889,37.667,21.316,-30.532,-43.63,28.362,26.775,13.23,14.567,33.85,-45.762,-47.712,-40.688,0,37.185,-0.26710,-43.386,0.12,-27.607,39.454,-2.351,-8.925,-27.284,-47.363,-1,-26.994,-15.746,-36.637,-20.808,-1,26.439,-49.578
1,1,26.049,-17.136,28.944,-14.281,41.697,-34.859,-42.487,-44.959,34.741,21.942,17.257,-10.122,-5.634,-45.451,-11.619,-4.32,-9.802,-41.693,-13.249,-3.723,0.11355,19.622,-3.51,2.765,3.496,0.64158,-33.543,41.745,-32.952,-40.874,-24.312,0.57455,0.15114
0,-24.85,-29.25,28.255,-1,41.067,-44.157,-43.014,11.148,-26.925,-37.236,19.964,-27.096,-46.639,-14.509,-42.54,0,34.639,-43.833,-9.455,25.134,-22.388,35.981,29.15,28.507,-37.051,-1,-1,-1,3.827,-46.152,5.706,-25.756,-43.146,-29.879
1,10.394,7.757,-29.585,-9.544,0.96215,0.296,-11.156,-0.03436,-33.964,-35.036,-30.124,-37.525,30.674,-40.795,-9.493,-37.151,45.597,-14.861,41.298,-1.631,16.661,12.941,28.277,-40.916,0.98971,-46.378,-37.063,-0.20243,46.032,35.062,-9.302,-41.402,0.87011,6.454
0,35.651,0,-0.001,14.987,-41.361,-36.124,0,40.742,-25.062,-43.127,16.774,26.965,-47.618,0,-37.028,31.487,-41.244,9.295,-21.009,-17.121,12.696,4.378,18.063,15.934,29.69,0,-13.743,42.709,-2.752,31.222,-14.056,10.584,0,42.339
1,-3.876,-10.678,4.349,-0.12095,-3.226,36.027,0.96365,45.054,-37.222,43.617,3.278,44.72,40.658,49.141,50.056,-17.987,-11.686,-36.973,0.98678,-38.682,-33.296,-0.27165,38.649,10.539,-36.264,-29.291,-20.717,-0.31565,23.748,-19.583,-15.405,11.696,16.488,6.657
0,1,-12.755,-4.924,-18.14,-14.006,0,-48.066,22.298,25.287,24.113,29.163,-49.914,0.34848,27.798,5.025,-37.678,2.638,-11.022,-12.272,8.725,15.184,-15.973,0,16.109,-3.924,-0.066,7.917,45.056,15.844,-24.115,21.452,-28.545,19.745,0
1,31.98,11.467,0.94490,-17.876,-29.099,-10.061,0.98898,0.002,44.012,42.426,-12.031,6.037,-5.528,-28.259,47.874,-0.15017,48.649,39.846,-45.11,29.877,39.857,-50.103,-1.3,17.024,32.099,-0.29852,-17.485,47.837,-47.656,-10.618,-4.484,46.886,-14.712,-0.44739
0,25.422,20.214,7.524,48.96,-7.455,44.16,-47.86,0,0,-49.342,-2.791,-20.157,1.651,-9.573,0,-8.766,-33.985,3.128,-20.762,44.352,0,-23.18,-7.439,-23.339,-42.374,23.241,31.645,0.831,0,-32.548,-15.041,-10.594,-14.184,-44.943
1,23.473,47.871,15.465,-36.838,-29.942,-15.619,13.007,-13.391,-35.795,-0.06257,36.985,-0.07496,14.222,-22.322,26.389,-0.20848,0.93881,-0.12977,49.092,-27.845,-11.419,-5.123,-29.939,1.843,49.651,-25.949,-1.052,-16.342,9.421,-0.691,-44.531,29.811,20.414,49.449
0,-18.836,45.847,5.179,-9.947,41.139,23.342,0,-31.588,38.533,-2.489,-43.199,-40.83,-36.173,-38.535,-10.664,11.756,-48.645,-1,0.33108,-36.317,15.659,2.756,-39.278,12.223,47.805,-1,-48.864,-1,-13.389,-14.266,26.22,26.818,9.325,38.693
1,1,38.315,31.796,10.761,45.538,6.744,19.614,18.795,-32.261,39.574,1,-29.358,-44.398,39.83,24.467,20.205,1,28.427,-21.448,-0.88952,8.918,-6.956,-45.369,-16.537,-23.6,-0.76904,-31.453,43.702,10.755,0.382,-4.812,10.431,2.175,21.032
0,39.887,-0.448,33.373,32.921,31.511,17.995,-11.286,1.608,45.212,1,17.267,8.781,0,12.383,-41.881,-9.859,-32.072,5.629,-6.714,-32.649,17.06,25.87,-31.938,0,-40.524,-6.415,4.005,7.022,-9.442,18.591,0,-30.283,0,-18.279
1,-40.364,39.245,48.321,-47.425,-12.669,47.565,0.67203,42.036,11.371,26.265,34.21,0.81533,0.19617,-3.309,-40.587,-44.727,-1.755,-41.828,-0.34100,-45.576,-26.98,2.847,-42.513,19.471,-46.891,32.077,12.336,47.548,-48.426,31.549,-24.095,-44.26,-0.42912,-22.361
0,1,-15.637,-15.563,-0.61000,-29.571,-31.22,1,-11.638,3.42,4.494,-28.616,-20.68,24.288,-22.977,-44.34,-6.053,4.755,2.966,-48.075,-50.074,14.225,2.875,-21.24,12.333,22.971,-31.474,1,18.007,47.705,-21.855,-49.367,-27.518,46.927,0
1,45.01,12.516,25.483,-29.21,-48.154,0.52013,47.675,0.72144,4.76,20.826,-46.938,-48.129,-8.076,-38.592,-41.111,3.917,-44.048,0.75517,30.679,40.114,-29.344,-22.454,37.695,45.642,12.885,0.03591,33.281,-39.802,41.24,13.623,-45.447,26.772,-40.324,-0.53319
0,-34.706,1.702,15.218,35.735,-30.554,27.104,-0.39466,-34.35,39.639,38.504,-0.18599,-11.03,-37.132,-37.268,-22.486,-32.64,-15.045,-49.649,0.00342,0.00097,0.756,-4.756,-0.00003,48.485,39.164,-9.536,29.724,32.055,21.328,17.694,45.388,-21.854,25.283,34.526
1,1,36.626,-19.407,-15.305,29.74,-6.608,12.903,44.772,-24.892,-8.604,-0.755,0.02381,-44.181,20.889,46.092,-27.548,0.28571,-0.11905,20.71,33.506,0.30952,23.013,7.239,-2.95,-2.758,39.876,-48.976,-20.382,-29.771,9.807,-37.372,8.133,-36.373,-48.306
0,1,-16.105,-11.96,-35.658,31.097,-17.498,34.874,11.353,-14.079,0.01639,-9.684,-27.192,-11.346,0,20.779,33.412,-4.626,8.865,-28.384,-24.129,-10.667,-2.256,32.317,16.887,-27.637,-46.604,11.393,-12.669,30.941,-15.422,0.27869,-0.44262,-33.767,11.255
1,33.978,4.434,24.07,-36.861,-29.423,46.215,0.86249,39.805,4.048,-47.075,-34.535,8.175,9.883,-20.043,-32.518,48.837,0.62727,36.485,48.123,0.12727,-26.735,0.857,40.512,-11.507,0.74545,-1.269,0.64581,6.084,30.173,-36.863,19.913,-4.458,19.135,-5.045
0,-29.508,42.266,38.102,26.696,25.22,42.115,-22.348,-0.76378,-3.483,5.814,31.576,0.40476,-0.67230,49.385,15.762,-8.344,-30.336,4.876,13.036,0.05952,-20.199,-12.888,-1.261,-49.937,50.051,-22.652,16.189,9.899,34.068,-25.751,31.087,-0.29915,-37.318,-30.689
1,1,-33.658,-17.196,33.554,13.901,-28.309,1,-0.06889,-42.873,30.992,-8.505,-43.93,39.667,22.935,27.439,21.116,-23.65,36.238,38.822,20.851,-21.041,-26.109,-6.87,-44.325,44.222,-28.542,1,41.559,35.606,29.0,34.118,-45.918,46.985,-0.44222
0,-46.712,-17.877,-14.635,-42.456,1.337,26.024,-7.743,-31.205,-33.334,-24.495,0.29091,-0.05455,40.745,-46.476,-3.268,-36.055,-1.151,-0.01818,21.628,34.318,-9.596,-49.088,17.564,-32.964,0.32727,-40.524,-4.012,-46.268,0.34545,-14.801,3.469,15.203,-21.518,28.603
1,36.981,0,42.671,-44.718,1,-42.392,19.431,-42.581,-41.918,41.088,-26.733,-24.757,-11.25,-14.433,0.62264,34.585,-44.632,2.826,30.036,-10.881,2.623,26.124,-35.099,-41.473,1,-4.234,-4.785,-35.646,0.94340,32.918,-12.249,-44.718,29.4,-43.174
0,-28.879,0,-40.438,5.539,-26.612,40.829,-37.454,-10.41,45.538,27.134,-29.923,-44.029,-25.815,0,-37.169,-10.261,-0.38214,-46.127,-40.486,0.02381,9.846,20.431,-30.947,25.475,-35.537,6.585,0.576,-2.024,-33.986,-10.493,11.474,27.207,-22.126,0.02381
1,1,29.69,13.133,7.799,11.167,35.13,40.71,26.965,15.321,-0.06250,0.47917,15.661,17.065,43.813,-30.043,0.02083,16.372,-37.223,13.48,-37.257,-40.371,-41.161,31.737,-11.969,-9.165,-21.196,30.123,31.122,0.41667,-38.112,-14.135,44.284,41.075,-46.22
0,19.063,-14.743,4.392,1,4.378,-38.192,-47.618,-36.124,0,35.651,-24.584,-13.569,22.419,0.45489,-18.076,40.108,11.58,1,-14.056,-21.605,36.154,-2.752,-28.479,0.202,-1,41.339,-37.471,44.237,10.295,-36.264,-3.86,-41.361,2.357,-43.127
1,13.015,-0.244,8.025,44.798,49.992,0.13030,-16.912,37.909,-35.912,-4.666,-11.855,16.406,0.77937,-10.319,-22.907,-33.916,21.95,-10.27,29.601,45.894,10.064,-15.855,-17.206,-4.431,0.40440,5.467,-27.5,43.964,0.90330,20.745,49.622,16.505,-19.16,0.37191
0,1,2.047,0.59840,-27.731,23.982,25.785,0.76001,-49.161,-47.816,-48.858,24.271,-37.598,48.252,-0.85727,-4.565,7.801,-45.156,15.732,-15.086,15.366,7.122,-19.18,-11.856,27.661,31.385,16.989,-9.248,31.151,0.62958,-49.552,-4.33,-13.196,12.287,-29.411
1,39.857,-8.766,-20.364,-15.611,-13.184,-0.01918,42.74,0.02555,-5.558,48.076,0.98955,7.497,31.061,-17.414,25.422,48.907,1.872,39.971,-2.474,20.23,48.625,-34.443,44.091,0.668,0.91567,45.195,-6.482,46.804,2.561,-15.028,-1.3,-13.139,0.93144,-10.093
0,1,-23.18,-10.594,19.648,47.535,9.332,0,44.16,4.537,24.518,36.991,-47.547,-49.603,-23.931,-9.876,-20.501,-41.432,0.16391,-0.526,-44.943,0,-30.783,-32.728,-37.844,-7.455,0,-0.927,-28.755,48.718,-12.317,30.689,-15.546,13.369,23.241
1,39.693,9.325,0.96933,26.827,27.22,12.133,31.055,-30.825,-48.885,-10.083,-35.787,45.812,15.471,1.889,6.078,49.702,49.109,48.219,-2.329,-5.124,12.756,-15.532,-24.751,-22.4,-44.373,-13.989,0.99188,12.188,23.443,-13.251,1,-10.703,0.98420,-0.04112
0,-30.99,-33.261,44.546,-43.51,-48.028,-6.183,38.175,38.261,-38.535,29.223,2.315,11.406,-30.588,-42.03,42.139,-36.102,-18.836,-5.925,23.342,-35.317,22.793,2.546,1,-0.41622,-14.03,0,31.796,-39.454,-29.126,-22.216,2.87,-0.25946,15.948,-0.15676
1,1,-9.313,41.336,44.496,16.402,9.921,-31.411,-24.185,12.578,33.672,0.43313,11.478,0.21951,-30.234,6.149,7.478,0.36585,0,-40.207,19.596,27.138,23.589,-9.622,-7.497,18.938,40.03,20.973,-46.014,-15.614,-41.826,-44.832,7.952,-31.479,19.843
0,48.46,-41.364,18.995,39.887,-17.279,30.511,0,10.826,0,9.062,2.608,33.714,-10.286,6.961,-31.693,48.458,-12.478,11.967,0,-41.91,44.439,19.061,17.267,-48.131,-44.06,0,-41.586,-47.299,32.627,4.005,-5.415,-23.042,-0.448,0
1,-22.546,4.085,-45.243,-28.841,39.714,0.24490,-40.138,-3.962,24.757,2.969,-1.276,18.379,3.617,-29.02,-10.638,0.51020,41.417,-48.816,22.557,12.884,-0.28571,48.153,-0.28571,34.169,-49.686,47.378,31.353,2.435,-48.21,0.18367,25.219,46.927,-26.763,-46.478
0,47.895,0,14.225,-15.983,-42.706,44.35,-40.891,-21.855,0,33.998,-31.154,25.483,5.283,19.731,3.875,3.489,-48.047,-1,31.192,-29.444,-39.683,-22.977,-30.22,1,-48.915,39.469,-20.32,-45.34,41.89,0,-5.053,-22.24,-15.637,-27.518
1,-36.178,-37.101,39.333,-14.673,18.606,-48.693,1.498,3.68,14.049,13.296,0.19118,-7.281,-44.956,15.165,-49.85,-38.651,-23.275,0.67647,-29.198,-32.128,-0.73529,14.287,0.841,27.305,-5.5,48.36,-47.893,-40.191,31.503,24.856,-22.941,-0.50735,43.723,-0.56618
0,22.328,20.377,-36.706,8.434,38.429,-24.98,-28.257,25.394,29.417,21.649,-21.36,1,11.895,39.924,34.128,-29.988,-0.98039,28.577,38.563,-38.084,45.343,-35.738,-9.986,38.982,-1,34.094,0.74385,-9.444,-50.197,-19.569,0.18301,36.652,-22.256,-30.306
1,-33.259,23.013,11.636,-4.923,31.146,33.459,-8.366,-0.13333,0.36667,-36.404,11.436,-14.718,17.899,9.095,-47.587,-10.603,-0.627,44.782,-28.623,-23.974,-6.363,45.982,-10.639,-15.21,7.275,0.13333,-2.653,-44.436,-2.431,20.124,-12.493,9.84,0.41667,-0.05000
0,4.248,-27.949,33.309,8.53,-0.27303,0.12159,39.648,29.456,0.06192,34.231,-5.171,-35.2,-1.505,-33.262,-15.405,-12.069,-4.623,46.175,0.735,-16.106,-17.546,0.00238,-2.29,11.321,4.434,-0.00050,30.097,-36.89,31.317,-35.51,-27.159,-12.466,-46.259,18.547
1,1,5.802,-29.508,-4.528,-19.479,0.29730,-10.993,22.845,-36.707,-46.886,31.755,48.471,16.183,42.001,6.555,9.036,40.083,-0.21622,-36.143,4.545,19.927,-22.127,-26.685,12.624,49.429,-30.428,42.876,-0.22163,-25.559,36.0,48.171,-0.59459,-29.795,32.735
0,-6.87,-49.461,-21.096,-30.835,-8.707,-20.012,-1,34.768,0.97266,0.01172,34.051,-18.085,25.172,-43.701,48.73,43.374,46.939,-13.373,0.92188,37.681,15.118,31.107,-25.453,0.34766,-8.383,26.004,34.317,-33.521,10.413,-0.851,30.636,41.513,22.008,-23.698
1,1,15.567,-45.815,0.777,0.93757,-35.65,-13.811,21.328,38.909,-45.779,-43.169,-7.919,21.846,-21.839,-48.626,-30.536,0.99480,-28.311,-42.753,38.685,27.375,-40.738,-46.774,29.123,13.872,-0.04451,34.588,40.437,37.158,-25.975,-27.623,26.135,35.222,0.00809
0,-41.525,-24.459,-9.881,3.287,-4.027,-1,-32.628,-1.463,21.625,-5.929,-44.621,-18.134,-3.465,-13.36,-45.198,-0.34660,17.946,-41.86,-34.645,-15.5,34.641,-0.25000,-3.423,18.437,1,41.394,-41.329,40.517,1,-33.957,-8.724,-12.334,29.894,1.435
1,1,-10.19,29.277,2.724,29.749,-42.644,0.20690,-37.857,25.811,33.864,-24.72,26.012,-43.044,-22.412,-26.141,-36.066,-25.847,-0.00893,0.00078,12.136,-14.509,-27.736,-43.793,-43.148,4.706,-46.64,-29.879,-45.152,27.254,-29.25,35.981,20.383,-44.157,-0.00006
0,28.277,-30.585,-30.487,40.989,1.053,-12.156,-45.55,-10.571,-36.366,-10.384,-40.037,-0.11765,7.354,-35.123,16.308,29.584,9.943,44.968,8.306,35.018,40.903,-9.757,-36.788,-0.23529,0.45098,-41.431,0.52409,-14.965,-37.46,-41.018,-1.082,12.911,0.47059,-35.238
1,19.063,12.696,0.25000,10.75,31.689,0.26667,0.19036,-2.512,-43.049,-14.544,4.388,27.114,16.75,15.089,15.897,-17.058,-41.282,-47.583,31.455,0.014,-41.386,35.654,-37.045,43.707,-36.135,-0.00539,29.684,40.736,-25.065,9.29,-14.057,44.592,-21.009,-0.00291
0,38.717,42.339,48.4,-16.14,0.06250,-29.099,-36.76,39.885,11.558,36.217,23.122,0,-37.295,-21.511,0.06250,0,-10.522,-5.033,12.452,3.017,-38.192,-0.09375,-38.471,-3.86,45.268,48.919,43.563,2.357,44.013,15.824,-34.327,-12.678,-19.346,-17.58
1,20.745,24.98,46.295,23.287,6.025,-14.033,-48.979,-4.231,24.106,6.9,16.174,28.614,-47.759,0.08649,-22.63,21.224,-26.893,-15.881,0.97838,16.104,-4.208,0.06486,-36.678,28.562,0.97838,-0.153,16.769,-12.743,-16.822,-10.695,3.047,9.559,8.073,-0.07027
0,-5.528,-30.099,12.319,-15.658,39.857,31.061,42.756,-11.723,-17.57,-5.492,18.127,-49.829,1,0.27153,7.138,-9.024,0.81395,0.04651,32.006,-2.184,49.17,48.156,41.022,-47.11,-27.328,-10.21,31.081,-12.315,-47.811,-17.313,47.874,0.87317,48.294,1.872
1,-46.86,-7.439,-7.862,48.944,25.422,20.294,-33.351,30.661,44.042,-9.568,0.93583,-10.61,-22.18,0,1.721,-21.093,45.16,3.896,-22.425,-42.331,-31.58,-14.163,0.98930,7.508,46.314,-49.289,-14.071,1.696,-2.536,23.252,-43.943,-21.232,0.97861,0.06417
0,49.718,-45.333,-5.329,0.28750,-1.697,-7.355,8.761,50.045,0.32250,-36.436,-30.42,-13.573,-16.072,-30.543,13.274,0.21000,19.561,22.708,47.53,0.31408,-0.48000,-36.924,-12.018,-15.174,1.322,-27.995,-25.429,-0.81,35.551,12.31,25.247,14.159,30.473,48.139
1,46.847,-39.278,-41.23,0.03333,0.63333,26.885,-2.614,0.06667,-37.835,-10.055,-35.539,26.22,-42.71,-14.03,39.426,-31.588,-21.652,-49.764,-34.65,9.425,12.956,15.626,-13.177,-19.836,23.975,-10.531,-48.357,0.10168,12.356,38.119,41.739,5.244,48.864,0.16667
0,39.315,0,-29.067,30.788,40.0,23.476,1.382,18.708,-24.214,7.439,0.01676,29.148,2.751,21.846,-22.152,-32.024,1.87,-44.932,20.716,0.07542,11.383,-46.045,44.574,-5.817,40.703,19.775,-33.158,11.325,-15.757,-0.00279,-5.911,7.952,9.993,-0.03352
1,45.439,0,0.94653,44.769,0.277,-10.613,-7.079,39.711,31.524,18.887,-10.108,34.394,-0.47644,-31.377,15.508,-40.107,15.396,5.929,32.06,8.866,-0.52475,26.43,7.653,-0.55089,-6.457,-32.297,3.166,-33.257,-17.912,19.104,-8.852,-42.106,12.886,-30.343
0,34.843,0,-40.492,12.981,2.26,47.199,-41.35,10.872,-47.931,25.574,0.01724,-1.649,-47.656,47.501,47.377,-0.04598,-0.09483,-26.418,39.205,-46.182,0.02011,41.502,-4.203,-41.922,19.092,31.619,-42.578,-46.281,-22.016,1.62,-44.034,31.831,-13.524,-23.552
1,-28.046,3.494,14.949,-27.529,48.502,-21.844,4.885,24.29,-28.781,2.886,-22.192,-49.084,-44.756,0.03251,13.184,2.536,18.588,22.753,-14.846,-49.397,-15.223,0.03350,-30.472,0.05517,3.982,-0.01478,-31.373,46.933,-9.897,-0.05025,-20.411,-48.886,-43.55,-6.045
0,1,39.469,-49.008,24.509,31.197,33.998,44.03,-43.726,27.238,-39.999,-40.939,41.877,0.01427,-8.193,-28.698,-0.03281,46.848,13.565,13.888,-47.179,-39.453,-21.316,4.335,-0.02282,3.055,0.01854,-29.404,-39.667,45.37,-22.893,19.958,12.498,-49.082,38.456
1,1,48.485,-9.065,34.753,14.728,-21.518,-34.651,-29.348,-22.481,2.196,32.034,25.822,38.823,39.897,-50.056,0.32540,-5.273,-37.109,-15.556,29.608,-35.855,-37.246,0.607,20.947,25.871,38.209,-32.57,34.601,17.853,-45.151,45.637,-0.24339,0.26720,0.04233
0,-47.287,-1.16,-29.875,-3.109,29.547,39.882,-2.726,36.543,-49.071,9.745,20.61,7.013,-36.397,-37.464,0.14645,44.447,-27.21,-25.178,0.18993,8.226,-44.374,0,0.11213,-0.00229,21.088,-6.783,-10.843,12.726,-20.247,45.716,-8.603,-19.694,23.13,33.39
1,18.182,-35.51,21.034,0.38574,11.852,31.962,-17.331,31.388,-0.55941,-4.174,29.36,11.29,-11.297,9.012,-34.886,-15.52,33.916,-11.96,-0.12797,-13.653,-11.568,-16.741,12.035,-29.416,0.73857,-46.314,-1.688,-15.086,-14.28,-26.554,-27.921,0.54479,-24.173,-11.962
0,1,8.13,-30.289,39.833,36.271,-4.631,0.02116,0.01128,9.101,-35.182,29.503,-5.215,33.595,-36.892,-0.01975,-33.229,-11.682,-1.469,23.065,-27.446,-47.032,4.409,46.202,18.547,-36.89,-20.14,39.777,3.236,19.312,5.918,-0.01693,47.417,48.748,0.731
1,-29.8,-19.68,-25.287,-30.13,-6.888,30.698,26.784,-0.826,33.821,-23.264,5.584,49.849,-36.691,-4.211,-12.555,-22.146,-29.671,49.009,43.102,-0.14190,0.88125,31.648,10.416,0.02240,13.285,-49.481,0.82383,26.136,16.991,5.738,34.236,41.982,0.79089,15.578
0,35.784,-18.065,34.118,-8.87,24.008,-42.75,-29.284,46.985,44.378,-46.762,38.709,-34.658,32.626,-25.519,-10.34,37.185,1,13.901,-27.578,21.889,-44.865,38.942,22.316,-1,39.667,-1,-21.041,30.147,42.7,1,-1,31.99,-45.138,-24.994
1,22.264,-7.925,0.85209,-46.375,-3.243,-34.873,-42.241,-45.209,25.743,-32.792,28.132,1.255,2.411,26.546,-0.85900,-30.843,-33.788,-0.55262,40.261,-18.737,-21.524,16.141,-3.777,-49.931,-39.91,-24.692,-46.995,0.21343,15.945,-9.141,-14.549,34.927,-0.11215,-0.702
0,42.671,-45.621,-42.146,1,-42.061,-5.195,-11.078,33.641,19.94,42.088,-36.026,-42.493,-34.645,3.827,0,2.094,29.966,32.918,1,-26.733,-13.509,1,-12.936,-23.756,36.981,-42.793,-14.072,-40.472,30.507,27.049,-11.825,-4.027,-45.152,0
1,-33.986,-25.85,28.277,12.69,0.62745,-21.388,0.01961,28.255,-0.49020,0.92157,8.57,41.655,-30.25,-1.396,-47.6,44.752,6.04,-10.876,20.148,-31.977,-29.526,24.737,-25.403,-35.689,-36.533,-44.373,-9.338,-40.505,-40.451,-41.972,4.941,-36.886,-0.11765,1.229
0,15.987,0,13.126,7.757,39.314,11.696,-15.718,1,0,0,-31.585,27.965,-8.561,-37.028,16.661,-42.244,10.584,31.487,-46.158,-12.156,28.682,-41.705,39.742,17.774,36.234,30.128,-20.009,-38.028,43.709,-10.493,43.597,-37.993,14.934,1
1,3.357,31.222,23.378,-42.683,0.536,0.90763,-25.284,-16.121,-38.526,-35.236,34.651,-38.138,-4.86,-12.789,-38.264,-0.22222,17.396,41.561,-14.188,3.378,39.6,-14.834,0.77778,-2.974,45.57,-21.605,4.313,36.604,9.87,-40.517,0.22222,-46.618,-0.55556,-28.099
0,-27.844,0,44.732,7.073,-10.678,-0.244,0,45.295,49.056,-17.673,37.717,12.015,10.933,-4.166,0,-4.876,49.388,-17.822,0,0,-10.662,28.646,19.745,-23.63,43.532,-34.296,-35.76,-19.346,-16.296,-12.755,21.289,15.793,9.532,16.109
1,1,-46.11,29.519,2.047,-13.006,31.099,0.5,0.50000,-17.735,6.138,-47.744,0.12094,25.87,-5.342,7.786,11.629,5.775,23.404,-9.498,47.794,-49.229,-28.134,31.98,-12.973,-49.368,23.798,16.523,-37.414,-15.223,0.25000,17.986,-48.457,15.859,-4.905
0,-21.323,7.524,-1,1.721,-12.031,-14.712,45.352,47.649,2.651,-1,47.874,-1,25.422,-18.383,47.17,39.022,-2.3,30.081,-9.766,-11.024,48.96,-34.351,38.857,0.872,40.756,-1,-29.099,-15.184,-6.439,1,42.112,-4.413,-15.041,-6.528
1,1,-23.18,9.478,44.16,1,25.518,31.311,-32.437,-46.86,13.258,36.909,-0.11111,-0.927,-21.379,-44.165,19.648,-22.562,-27.755,-8.573,-36.955,-6.677,-12.429,-41.707,20.103,0.141,48.718,-9.69,-16.218,1,3.959,-29.894,23.13,-48.342,0
0,11.756,30.068,-36.786,-10.664,-13.227,1.902,9.325,-30.818,5.078,48.23,-5.124,14.471,44.847,-23.352,-25.751,26.22,39.693,-13.193,0,12.125,0,22.473,-50.864,50.727,-10.055,47.871,27.818,-16.506,-1,-46.333,49.109,13.223,0,0
1,1,-14.03,24.342,38.77,-42.51,44.092,-18.836,-31.497,-37.535,-39.369,-35.173,-3.314,2.382,-22.489,42.139,-42.012,3.756,-5.865,12.333,-49.017,-34.317,15.296,1,-5.721,30.223,1.779,1,-0.04914,22.793,0.45455,-32.261,-29.399,38.986,-32.172
0,-14.788,-46.07,6.478,19.133,0,-41.881,-9.313,-24.219,12.727,-29.995,19.147,16.454,33.474,45.001,0.36364,23.782,-0.53788,11.76,40.054,7.804,20.799,40.16,-41.1,-31.471,27.161,-45.3,-7.297,-32.514,10.377,-9.616,7.66,-0.02273,30.967,-0.41667
1,1,-11.286,-41.586,10.943,17.267,19.296,48.458,2.02,8.961,0.05882,10.062,-18.044,-40.91,0.11765,20.523,-13.008,13.967,-32.752,0.552,31.394,39.887,18.348,-21.042,32.039,4.005,44.322,-40.364,0.20225,-46.853,-44.001,-45.299,33.067,1,-6.18
0,5.085,-45.59,3.494,41.479,-1,-4.794,1,3.03,-28.966,-10.872,38.245,47.098,12.461,-30.161,-22.546,30.819,25.566,46.927,34.672,-26.578,24.038,48.153,-40.376,-0.70745,2.286,-49.367,47.513,-48.087,-0.22340,-0.48936,-48.329,-45.329,17.112,-1.125
1,-42.706,39.469,-30.303,42.181,-48.213,-0.16667,-21.147,34.248,-38.808,19.901,3.791,24.525,-28.611,47.02,-26.81,-6.053,-43.465,0.04167,-14.637,-40.808,46.017,-0.08333,0.75000,0.16667,23.594,-21.365,-22.139,14.28,-14.983,-21.112,3.964,-32.154,4.992,-48.874
0,1,27.217,-44.748,17.528,38.436,14.304,-37.101,-39.949,-32.606,13.593,-15.056,12.516,25.398,48.294,-22.9,13.905,0.755,-22.5,-28.698,-4.757,-8.171,-39.474,31.141,-47.28,0.07853,44.1,1.875,-0.10897,3.128,32.151,-37.152,-0.04808,-48.899,0.19551
1,1,-34.907,22.328,12.63,-9.927,34.806,0.99246,25.806,30.407,-49.974,37.592,-0.34281,-18.763,-30.434,46.307,-20.841,0.73084,-28.153,40.605,33.89,-28.999,28.941,40.173,-38.289,-48.527,-36.669,-9.049,20.08,-21.475,-0.83893,38.448,7.265,39.457,-26.026
0,21.091,9.012,18.182,-47.287,-30.04,12.37,-24.957,-0.82456,-2.485,20.587,-4.363,-3.045,0.22807,9.864,46.133,0.34649,-35.792,-8.739,-14.982,-14.204,7.025,33.459,-13.258,-44.653,1,-7.346,45.582,22.013,11.869,-10.782,-10.988,-0.958,31.442,0.07895
1,1,-27.159,4.248,-4.975,47.182,-33.286,30.303,-28.25,30.996,18.312,-0.79,7.889,-45.521,39.52,0.71492,10.96,0.47194,-13.078,34.705,-5.173,31.927,-37.283,-11.535,-0.32681,-17.307,-0.52142,-1.997,0.247,-34.131,-15.781,33.732,-16.618,-35.327,3.968
0,-30.309,30.755,22.089,-35.861,-36.572,-1,5.802,-35.226,4.722,39.759,-10.642,-1,43.266,-3.15,48.741,-47.075,1,18.306,-30.131,5.933,-30.508,36.23,10.09,43.001,48.077,48.441,1,14.67,11.488,-21.181,-1,31.978,-27.442,-20.128
1,-48.461,-0.784,35.706,9.316,0.96419,-0.17674,-17.195,-13.564,-21.224,-0.27070,-18.888,-44.154,-8.637,-0.49639,-7.236,-34.158,16.483,32.789,-30.53,32.397,42.105,31.094,26.507,25.411,-25.997,37.073,-23.261,22.412,-24.591,30.441,43.359,49.189,-7.782,-0.47898
0,16.567,-40.688,-50.578,36.942,-48.219,-44.762,41.454,20.316,-29.532,34.802,0,0,-43.899,35.185,-20.808,46.985,-14.746,-43.75,27.169,1.755,1,-6.925,-28.578,0,37.952,-24.994,0.33333,25.439,30.147,-47.767,34.324,11.901,-27.808,21.889
1,-34.645,0,-44.779,-11.268,-32.628,2.856,-13.15,0.93460,-15.449,29.776,18.217,-23.847,-2.29,-41.278,-11.748,-9.979,-0.62869,-5.683,-18.128,-4.488,21.427,16.081,-5.192,-5.092,4.091,41.382,-45.418,34.721,-34.996,0.42827,41.403,0.62447,-33.684,-41.635
0,-42.793,26.049,-45.639,11.792,-27.733,-45.152,-35.051,-44.146,-1,3.706,13.141,34.918,-13.509,-44.061,-42.54,-26.148,29.966,-26.85,-23.756,36.981,25.737,-10.19,1,28.507,-30.879,26.255,-43.157,1,1.827,30.183,-1,-41.525,0,-37.788
1,13.784,46.233,41.188,32.216,-22.435,-42.823,0.77123,-26.171,-14.832,-12.202,-0.079,-6.953,-20.552,-46.481,29.462,-43.636,-13.252,0,-42.918,-0.66667,11.246,49.034,15.622,45.103,13.628,-18.191,-45.357,-14.587,-6.345,41.067,-3.969,28.786,1,-0.66667
0,-41.352,8.223,2.355,40.052,5.316,-1,-32.703,0,-1,-47.157,10.418,27.553,0.317,-49.251,-3.944,-20.861,-34.907,-12.014,-34.019,-12.31,-43.728,1,47.01,11.028,0.538,-11.705,-33.852,19.63,1,32.81,10.485,25.968,-48.896,17.289
1,1,-46.834,-12.363,-33.246,45.931,45.514,-38.687,0.22108,-1.231,-46.178,-11.833,28.509,17.282,-47.417,2.833,41.309,-26.599,-28.965,1,5.915,1,-1.864,-0.401,-41.234,16.113,3.53,1,-36.757,-40.183,-14.243,-32.969,47.169,50.409,36.003
0,43.796,47.234,-9.523,28.092,10.565,-6.058,-10.286,32.631,19.037,0,-26.005,0,-5.562,-3.652,-46.937,-6.608,-21.219,17.052,8.676,-1,48.351,-39.153,1,-7.999,1,33.915,-10.096,24.596,7.995,-43.784,1.743,-9.642,49.394,19.281
1,6.084,-14.7,0.868,-0.07896,-20.571,-42.271,-0.13129,23.711,0.29796,48.405,-0.858,32.602,42.501,-48.805,12.668,-37.537,13.152,44.271,45.956,13.888,-4.508,18.921,-27.246,-5.13,-47.194,1.309,10.854,-38.318,-0.02612,49.511,22.38,38.664,1.042,-0.27201
0,5.194,14.7,44.858,11.929,-46.608,-39.055,20.039,14.698,-18.406,-23.902,46.069,1.846,38.401,-26.21,7.33,20.272,36.662,-14.053,-49.555,40.368,-24.525,16.949,-16.364,0.90625,47.653,-12.108,0.04167,48.295,21.419,-45.349,-0.12500,-0.27083,32.633,-0.93750
1,12.574,18.673,1,-29.681,33.912,0.073,-13.825,-43.907,-7.029,-22.102,-48.539,49.77,15.732,-10.92,47.172,38.15,21.43,0.28714,5.599,8.992,-42.452,0.29200,0.45582,-14.894,-33.023,-10.431,0.32930,31.368,-31.287,-29.981,31.283,-37.064,43.644,-43.936
0,1.664,12.165,13.5,12.361,-44.404,-20.836,-15.49,11.676,21.725,-24.449,-45.784,0.76190,30.335,-32.87,-9.328,-38.516,23.071,45.527,-5.978,5.525,0.68839,-1,-29.267,-1,-19.914,22.33,1.154,8.78,1,47.975,-8.264,30.858,-3.668,32.632
1,18.231,0,-43.496,-0.00190,35.252,0.43204,21.947,-5.426,27.202,21.254,44.767,-29.95,2.89,8.842,35.429,0.05097,32.394,-39.562,0.97,29.083,28.88,-30.624,-28.721,38.592,-19.18,-26.224,-32.844,26.055,-3.538,-3.62,0.78317,1.963,14.813,7.453
0,1,-24.266,-41.795,-24.895,-0.825,39.866,50.404,35.297,48.959,30.903,48.524,-20.056,-23.807,20.231,-25.466,1,22.024,21.503,-15.876,17.74,1,-18.181,1,-12.938,4.754,-22.073,-17.384,0.62500,-32.442,9.937,-26.861,-40.705,20.619,-4.032
1,-44.222,-47.025,-19.318,-29.558,39.524,-0.78509,7.443,-31.456,28.844,32.51,28.66,-37.142,25.78,-29.481,10.553,0.06610,-3.722,2.473,-22.304,-20.513,15.241,31.927,10.516,-32.949,31.47,31.238,-8.372,-0.04597,-30.591,4.399,42.682,-45.411,0.96523,-0.11717
0,1,-35.409,37.832,37.18,-45.935,-7.063,-3.213,16.095,1,-4.025,-17.555,33.071,-46.317,-8.486,26.831,1,11.924,10.286,-20.526,-0.27461,-14.827,23.321,-10.8,21.131,-43.203,-37.08,31.162,26.283,4.251,44.418,20.059,0.00108,44.457,9.604
1,1,-17.438,30.188,47.762,-12.453,-0.16964,1,-32.514,12.16,45.599,-45.933,-37.347,-18.12,-7.717,-4.229,0.02487,36.307,45.146,-44.671,31.214,-45.229,22.865,7.17,22.853,2.115,0.583,26.021,49.579,-20.422,-42.254,1,-11.122,-32.192,-10.6
0,0,-2.857,45.593,20.657,49.824,-39.141,0,11.832,14.372,-5.178,-1.267,-3.395,-38.856,10.675,1,49.585,39.857,-8.423,14.352,27.918,-0.713,1,-14.254,-39.452,3.212,-12.266,37.448,10.473,4.129,-12.149,1,-13.198,1.037,12.741
1,-25.781,39.154,1,18.334,1,11.698,0.94623,16.953,-7.177,-35.251,16.569,-7.165,23.772,35.309,-28.523,39.175,45.504,9.965,21.655,-43.518,47.717,-22.76,-38.272,12.05,7.748,-48.489,-46.116,-39.422,0.794,-26.597,0.16604,-45.003,12.135,-0.70000
0,-44.781,31.206,-24.101,19.64,7.276,12.045,0,35.488,-14.071,48.551,9.472,18.768,-0.191,14.377,-6.259,0,-41.339,6.589,-18.399,-8.247,-25.159,36.122,-33.928,5.661,-27.37,1,48.856,47.813,40.369,-1,-13.872,-3.621,-40.889,0
1,1,38.434,42.79,-3.287,7.457,-31.766,-39.233,9.224,-5.029,-13.699,34.953,35.242,-21.508,-41.334,17.206,19.252,1,-29.92,9.377,-23.739,38.461,0.09091,14.751,0.09091,11.342,0.04545,-24.141,49.778,17.012,-31.366,5.954,-32.635,22.242,-38.056
0,-37.545,-22.916,0,0,-12.459,-39.79,22.797,12.837,-30.172,17.155,40.615,-26.334,-1,35.239,-1,35.064,-37.352,-25.837,-44.375,-11.153,-38.907,-1,10.928,29.508,-11.992,45.831,-5.866,40.846,20.162,42.536,8.654,24.617,-23.384,20.258
1,1,0,16.532,21.452,-24.894,0.17647,-22.264,-48.945,-35.102,-16.183,29.069,-5.868,-37.536,-18.313,46.74,34.73,-18.017,-12.32,25.271,-9.961,-34.791,-10.337,-12.304,46.223,-2.363,0.02941,9.514,-48.586,-40.211,-41.957,0.489,18.697,29.352,0.05882
0,-42.673,0,-37.698,-42.186,9.519,0.801,-19.001,21.817,-30.964,39.608,-8.89,24.492,26.998,4.83,31.579,44.298,7.303,31.76,25.698,7.322,-24.738,-1,2.856,-1,-17.535,-45.665,-23.105,7.01,1,-27.558,-1,37.518,47.558,17.969
1,-44.769,17.726,-7.275,41.652,11.487,-38.998,5.733,-46.559,-9.442,-26.317,-13.918,47.842,0.79856,-23.044,16.256,-0.171,0.84211,-3.366,-42.1,-6.549,50.266,28.501,0.70301,0.08141,-39.603,-22.931,-25.429,-46.836,21.45,16.218,-33.804,48.126,-30.297,0.09719
0,1,46.233,12.481,41.451,0,-26.615,-36.959,-26.171,-44.636,40.188,-22.338,12.784,42.067,0,10.792,0,-20.552,0.921,-9.756,-42.893,10.608,-44.806,-42.264,-6.89,49.959,38.157,-35.051,39.424,16.622,0,-12.252,-1.748,6.284,29.183
1,-9.705,-48.157,1,-14.044,1,30.331,-12.768,31.098,1,-0.09091,-12.202,39.052,-3.151,-43.182,-22.799,0.27273,0.538,-33.34,32.58,-17.463,-33.998,-47.935,14.962,18.707,13.246,33.719,7.316,8.312,-6.345,47.374,-11.014,46.073,18.016,-7.68
0,1.317,-26.224,-2.401,2.355,-32.314,-1,-1,-20.861,9.485,11.028,2.833,8.418,-10.31,4.915,-34.852,-2.944,28.553,45.372,-2.231,-48.251,-1,-32.019,25.968,-42.352,-13.833,-38.687,-45.053,-28.965,-13.363,0,47.169,-48.396,35.003,0
1,1,-42.234,41.174,-47.816,28.75,-33.878,-9.37,-10.914,45.567,-43.784,-40.819,-14.584,-2.329,-21.31,15.599,-6.071,44.433,-47.016,49.848,2.53,8.358,-3.743,0.27273,49.591,0.36364,-10.377,-37.412,19.019,10.837,0,0.36364,34.915,16.572,17.033
0,-0.239,5.084,18.281,12.353,-5.608,12.634,28.092,48.996,48.851,-25.005,-8.999,14.179,0,-47.937,0,-38.086,1.56,1.743,-48.485,-39.153,24.596,-9.523,47.234,-5.562,0.29839,-37.114,33.631,1.545,0,-47.225,-27.311,-4.604,9.676,0
1,-11.608,10.854,20.237,38.997,15.7,-23.613,-41.127,0.71429,46.804,0.075,48.402,42.069,1,-21.129,-3.862,0,20.701,14.556,23.427,-26.434,12.929,-39.341,37.662,-49.555,17.453,44.28,1,-14.651,45.858,32.917,24.924,7.901,1,48.361
0,48.653,-18.406,-15.198,-20.837,-13.787,-47.608,33.918,-14.179,6.003,9.699,41.368,1,39.235,-24.902,-32.413,0.972,1,-45.349,22.648,30.112,21.039,1,-30.561,3.179,1,10.574,5.194,-13.053,-29.217,46.069,21.762,1,33.831,47.434
1,1,4.525,15.798,12.634,-10.634,-28.911,31.163,1.617,21.585,13.379,-0.585,-20.161,48.302,-43.96,-38.102,-10.953,12.083,37.243,22.357,-8.813,-19.647,-44.842,0.51557,-3.242,-48.507,18.425,-31.179,0.10484,31.862,0.39762,-42.717,44.029,-0.06739,48.042
0,13.955,-20.026,1.096,-47.597,13.457,27.078,8.78,-25.766,35.644,-13.49,-43.433,-9.328,1,43.527,32.904,30.183,39.628,-27.267,-6.264,-38.309,-3.523,18.231,-5.978,-1,3.065,-2.714,-42.404,1,1,1,27.27,-38.516,21.725,42.805
1,20.231,31.403,-28.545,7.642,-29.148,0.15766,-30.025,-23.697,9.597,2.258,50.21,21.426,-24.045,48.365,-25.445,34.78,-41.104,0.51752,-4.49,28.553,21.57,-33.175,0.42546,-17.827,4.088,35.065,-25.928,-20.514,-33.219,29.762,0.14312,0.49124,38.982,32.013
0,-23.073,0,-18.181,11.687,-10.938,1.662,39.524,20.503,5.36,-25.466,-37.42,-31.502,-30.352,-6.032,0,22.024,24.799,47.524,0,0,-5.68,17.74,10.553,-41.795,0,-24.266,32.251,28.66,-9.334,-16.876,-2.825,-30.412,41.682,19.619
1,1,33.458,32.825,30.606,27.232,0.25359,-17.444,-44.886,0.79039,6.914,-19.594,-14.084,27.581,-44.472,24.031,-22.404,-36.731,28.672,32.611,21.921,-5.926,31.984,-4.971,-28.9,-0.07361,15.065,-20.567,12.217,14.763,-46.31,-33.427,-10.036,9.046,0.55835
0,-44.935,25.021,39.18,43.457,-18.438,-6.693,43.434,-44.317,5.255,-2.136,-42.233,1,19.066,-21.843,-47.635,21.545,1,2.115,-34.409,-43.333,-33.437,36.463,-1,8.821,36.307,11.178,30.39,-11.934,32.137,8.601,5.266,-12.261,-1,1
1,1,-46.229,11.279,-33.061,10.406,2.455,23.509,0.19038,-37.185,46.128,50.272,-12.684,47.629,-38.568,0.25192,45.964,-10.39,45.795,49.485,1.304,-45.662,0.42885,-7.512,-4.767,-19.266,12.232,-7.938,-39.506,-0.23832,-12.971,-21.445,48.824,38.619,-14.942
0,0,27.918,40.764,13.352,-37.662,-28.28,37.448,-4.395,2.037,15.372,-37.452,-1,-5.674,-21.05,-1.857,2.129,-4.178,14.642,40.154,12.951,23.864,-43.271,12.995,-13.198,1,-9.177,-0.713,11.741,21.657,-37.816,1,20.059,-0.267,1
1,20.64,44.806,0.97467,17.435,-3.68,-40.688,0.88783,-13.55,8.479,0.32711,48.869,47.485,-6.524,-32.805,11.245,-25.571,7.842,-27.701,-45.983,-42.238,-47.313,13.604,-34.592,1.287,-25.546,0.76210,15.545,19.404,-45.706,36.555,-26.811,0.77702,18.665,31.949
0,-6.259,-31.457,33.998,-24.101,9.377,1,37.597,0,38.122,-16.399,12.045,-32.544,1,34.488,49.551,7.276,-13.699,10.433,49.856,-13.221,5.091,9.472,13.978,21.379,-1.191,16.297,1,5.661,-40.339,0,40.79,39.434,39.369,-41.38
1,30.508,0,-2.455,9.379,16.922,6.8,0.72582,-31.307,36.082,-23.171,43.11,0.62719,42.279,47.578,35.559,50.426,-22.725,-5.261,-25.009,0.76171,-45.496,-29.151,11.652,20.876,40.322,-39.25,-22.896,-36.96,18.83,11.429,-38.633,-40.382,-40.568,0.35095
0,18.638,-13.186,0,-23.087,22.797,37.239,1,-22.384,-25.865,-26.334,0,-0.482,-20.017,-17.154,34.7,-18.46,-30.172,-12.459,-36.352,21.54,25.617,-4.866,-8.961,1,-24.837,20.258,9.588,-11.992,28.441,18.155,-42.153,8.654,0,-10.153
1,-21.105,3.856,-42.298,6.704,1.308,-34.862,-48.321,-35.135,-26.626,46.701,27.703,48.213,-0.64574,24.836,-49.863,-5.422,-42.629,-3.298,-19.912,15.311,44.066,-0.55605,10.354,-39.15,0.09562,-0.61055,25.796,45.71,0.43227,32.281,-36.228,-12.414,-24.003,-10.329
0,0,16.969,1,19.817,-25.083,8.02,25.698,-33.406,-2.839,1,-9.126,26.998,-6.89,36.841,-28.964,4.83,-39.024,-17.535,17.428,-1,-22.141,31.76,0.771,37.608,-45.926,-1,-42.673,11.649,49.03,-45.665,-45.586,8.046,50.54,21.924
1,1,41.951,0.73523,17.343,0.80151,-45.666,5.69,28.578,16.029,-23.041,-42.1,-22.126,0.71947,-1.459,11.649,6.613,-14.106,-5.909,-9.427,-39.044,-33.862,12.912,-36.409,-6.153,40.882,42.333,38.598,-30.389,-26.14,1,-26.264,48.339,29.489,-7.25
0,-12.252,-44.636,10.792,-23.435,-17.191,13.962,40.188,0,12.784,0,-45.55,16.622,49.959,-3.969,42.067,-41.918,31.58,0.921,-7.953,12.246,46.233,-7.345,29.786,0,-14.499,45.436,-26.171,-42.823,-20.552,-13.202,-47.481,0,-13.587,0
1,1,0,-32.072,9.427,-31.73,28.55,-41.739,-21.858,4.313,18.646,25.909,47.045,9.195,-0.415,-47.171,39.07,-33.965,9.556,-40.366,-12.021,-47.918,0.04980,18.252,11.099,-9.772,0.08101,-47.298,30.505,2.292,-34.844,7.294,33.88,-10.31,-0.00260
0,-2.784,-33.314,-25.224,1,-38.757,48.409,-3.944,34.003,46.169,-42.234,2.53,-33.969,-30.965,-1,-39.687,-14.493,-2.231,0,28.114,0,44.372,45.931,2.833,-45.834,-46.053,-13.363,-11.833,15.282,15.113,-47.907,4.915,39.719,-2.401,-1
1,10.676,0,-38.649,16.883,-8.928,19.052,-43.073,29.115,35.596,-6.045,-25.659,-41.127,33.321,1.787,-2.971,-8.472,19.952,-5.505,47.868,43.75,11.21,-8.93,48.982,0.07381,-47.097,8.175,26.196,0.08304,-10.713,-21.151,-9.721,0.09046,49.94,0.09346
0,33.865,0,-41.44,-26.311,45.485,0.8,14.996,-1.196,5.844,45.911,49.229,39.591,-4.907,0.18227,42.971,-37.949,0.93478,0.778,19.944,0.405,0.64883,-46.979,-14.098,-20.38,-47.485,49.183,-3.711,0.22216,13.66,-4.323,11.854,22.362,13.199,-37.108
1,8.33,20.272,45.832,-0.07778,39.235,44.562,41.368,3.337,-45.808,0.06111,15.155,-24.329,-17.406,-12.734,49.653,23.089,33.323,-26.452,0.82222,-44.409,0.98215,1.98,-48.555,-13.833,48.241,-0.26481,-15.276,-24.572,37.45,-39.035,22.523,16.897,12.929,14.128
0,47.434,-11.173,-14.794,-37.122,-31.148,18.747,20.303,11.816,20.995,-42.845,31.307,-7.732,31.304,15.298,37.966,43.693,-0.03891,0.36965,-21.786,-43.806,-48.95,-14.689,-44.049,-29.433,-30.242,0.28482,-0.088,0.26256,32.77,-33.265,-10.797,0.31128,4.812,8.987
1,21.725,0,-27.692,47.435,22.717,-43.458,-45.982,31.892,0.694,-2.634,-20.126,-8.229,-31.279,-0.02381,0.62698,31.346,49.931,-39.49,13.06,-6.962,1.142,22.57,31.774,0.03770,5.025,12.716,-6.651,-14.503,-24.149,-19.971,13.188,12.151,0.62500,7.748
0,27.27,-4.523,-29.407,-26.351,13.911,8.82,0.08374,-5.049,-0.01478,43.993,21.088,0,17.354,-20.124,34.703,0,34.532,28.001,-3.842,-33.924,38.697,0.01478,2.134,7.629,31.626,26.241,29.509,1.844,21.026,0.003,-39.265,-29.987,-44.359,44.419
1,32.403,22.024,-18.563,49.513,48.666,47.454,-23.563,21.52,-25.369,-16.874,-1.114,39.024,-40.989,-18.386,-32.645,19.685,-11.101,-26.631,34.984,-0.09060,11.312,-30.899,-20.446,-24.69,-23.183,3.659,17.439,-5.048,0.63311,19.279,0.78859,-0.05145,-22.421,-0.04698
0,1,9.553,-46.772,4.72,32.356,9.52,24.503,26.844,-29.412,-42.795,-45.198,31.178,2.662,-31.352,-33.041,27.66,0,0,-23.14,0,41.69,14.948,-20.518,32.227,-4.784,0.35696,30.525,-21.357,38.524,-31.502,-29.725,-46.222,-37.42,-9.334
1,10.601,0,-2.255,20.058,39.078,21.037,7.384,-35.427,-6.801,44.307,0.82208,-14.792,5.144,-10.668,0.90782,-0.13719,12.308,-5.037,-36.239,37.44,-17.421,23.377,-44.488,26.17,45.358,-43.428,-5.181,14.946,0.84352,33.329,32.012,-45.12,-19.926,26.76
0,1,1.115,6.694,0.229,45.673,35.307,0,-17.438,11.643,-45.117,-7.149,25.042,-42.333,-5.211,-21.179,9.821,-46.065,-32.891,29.982,-0.18333,49.583,-46.635,22.863,45.277,0.98750,46.971,-38.554,-11.934,22.265,-19.873,-13.261,-10.543,31.137,0
1,-2.395,48.585,-37.563,-39.84,3.132,-2.844,-4.253,11.845,37.34,38.755,46.494,-0.08428,-38.21,-12.208,0.93094,-0.08918,-32.332,-13.317,0.89451,10.433,13.626,-15.375,-12.26,0.918,10.505,-1.409,15.237,-1.831,-6.568,49.694,0.83524,3.004,21.525,27.796
0,1,39.764,0,0,-46.756,-8.048,-25.897,11.975,22.864,-25.815,-37.662,38.729,12.951,-38.621,-28.28,44.753,-33.945,-47.287,10.545,0.531,-5.674,35.711,48.033,-0.18667,-44.271,15.642,13.923,20.059,0,7.256,18.304,-21.932,-42.035,14.256
1,-44.781,37.122,7.473,-17.362,16.228,48.012,-12.431,18.775,8.385,-0.04286,0.87571,39.369,-32.472,7.209,50.416,31.209,0.82857,-1.246,-13.062,-0.11857,-27.601,-26.244,-3.779,11.995,-39.569,9.404,-40.073,19.553,19.444,35.384,-6.433,49.806,-23.28,-0.15143
0,1,-6.029,37.597,21.379,5.091,13.978,19.298,-38.102,-31.457,9.224,-3.378,-6.259,-14.699,36.242,-22.739,10.985,0,0,-29.92,-25.056,-41.38,41.79,16.297,-22.508,0,49.749,9.377,-30.675,6.502,38.434,-32.544,-40.006,33.998,0
1,-10.459,35.376,30.007,-45.357,0.43117,-37.641,-12.486,46.79,16.559,36.335,0.44675,-39.847,18.713,-0.11948,-22.4,-36.388,-4.339,-40.849,-24.284,20.248,12.323,7.62,0.49091,42.525,-25.741,0,20.695,10.895,42.277,25.651,-22.839,40.56,-9.563,-29.258
0,8.588,0,-19.017,-49.033,45.799,-25.865,-5.691,21.797,0,-38.506,24.271,-10.454,-9.961,21.54,-3.216,-13.186,-12.32,-41.839,28.441,15.62,-41.153,-16.154,0,46.194,0,18.638,1,-49.612,-0.482,28.099,-18.46,-35.556,34.7,-23.087
1,-6.89,32.579,1,1.149,-28.964,10.769,-36.448,-17.535,38.776,0.91180,-36.147,-21.3,32.419,0.60793,3.418,-44.287,-24.861,38.008,-44.04,20.823,16.704,-0.09025,47.247,-0.12964,-19.362,6.893,-43.207,24.596,44.543,25.928,7.068,6.281,25.515,-26.579
0,1,-46.586,-40.024,17.726,-46.926,0,1,1,-46.769,14.473,-43.1,20.924,-29.871,-0.11111,48.03,-3.839,28.425,-7.748,-11.126,-22.141,48.842,50.54,0.771,-40.016,-34.406,-14.602,-5.602,-27.265,16.428,3.83,4.901,10.649,-25.083,-22.094
1,1,0,-19.681,-11.872,6.925,13.179,-43.509,-26.305,-1.788,-43.728,-6.504,38.95,0.215,-36.424,-0.81049,42.178,15.811,39.812,-46.224,28.802,-0.38334,-27.243,-22.468,-35.143,0.15552,49.295,42.143,45.718,11.487,12.485,11.354,40.128,-41.403,-9.904
0,1,0,45.436,0,-14.499,-48.157,47.01,-23.435,-8.345,7.316,-7.953,18.63,13.246,8.596,-0.12000,-10.825,-3.969,29.786,-13.014,-1.462,13.962,-34.907,43.067,-1,33.81,-47.481,-16.191,-32.477,-13.202,31.58,30.462,-13.587,-42.728,39.052
1,1,-13.363,-32.432,-40.917,-0.805,-34.076,-11.113,-20.916,3.114,10.344,8.859,2.546,-49.76,-12.496,-40.611,-2.997,16.515,24.521,-33.488,0.584,5.812,27.731,0.26384,-46.828,-25.664,-0.55910,0.72147,-48.495,46.096,-2.135,11.609,-29.576,0.34749,35.58
1,-8.642,-33.969,-10.767,0.02520,2.683,46.382,-3.502,15.853,40.462,-46.983,-41.286,-46.64,-15.106,45.189,-11.226,18.983,7.864,16.908,15.979,-38.203,28.0,-0.85597,49.436,-42.462,44.076,-0.06295,10.902,-43.903,49.67,-6.172,0.15078,35.048,-2.662,0.20468
1,1,-38.086,1.863,0.39121,13.174,-7.737,-27.188,5.978,-5.94,-20.383,-47.925,19.877,-9.865,25.815,8.831,49.48,-37.945,-5.222,48.158,46.356,-47.813,0.852,29.603,31.906,-25.214,-39.431,13.779,14.266,-4.896,0.49079,-0.864,2.26,-0.03983,0.79444
1,15.698,-24.327,-20.531,45.769,19.828,36.666,0.60409,47.47,-11.976,-14.691,45.19,-39.13,-47.815,22.5,0.848,-42.211,12.604,10.946,39.525,7.33,42.802,17.269,0.50060,14.731,49.02,-49.414,-4.257,-26.45,20.786,0.04452,24.542,32.855,0.61372,-0.09146
1,-32.413,4.194,41.112,-14.077,-45.9,48.686,33.553,45.027,12.367,-44.272,0.81434,-17.967,9.337,0.00551,21.47,-14.962,0.972,0.06066,-29.607,20.09,-30.886,-16.155,-14.266,1.929,22.378,32.76,0.61727,46.505,45.378,-23.815,31.671,38.309,-21.234,0.21691
1,-1.668,18.673,-43.439,4.714,-48.418,-19.818,-42.202,0.02647,38.527,0.051,-36.502,22.677,1.404,-11.123,49.946,-31.813,-10.017,-8.074,0.61692,-43.964,13.339,0.07573,12.803,31.139,-29.131,14.856,5.591,22.053,44.014,0.25692,48.001,31.427,13.006,0.09322
1,1,26.078,-3.03,2.119,-45.749,-39.514,0.84341,-14.487,44.648,-19.927,0.855,-8.287,-42.585,-20.737,-23.959,7.786,-38.503,-0.12447,0.77935,-44.468,32.667,17.24,45.273,13.965,31.979,-7.306,-27.559,20.736,13.079,34.76,-6.312,38.64,26.915,0.01227
1,-3.523,28.031,9.261,7.6,-20.669,31.652,-25.707,0.06522,-30.416,-41.744,0.35652,-33.843,-29.584,-18.336,34.801,0.02609,31.759,3.95,-24.386,-25.963,34.934,-33.468,49.726,-29.584,29.702,47.95,2.311,19.3,-4.637,38.905,21.437,21.172,0.44783,0.17391
1,28.66,-9.334,-4.233,41.777,0.78129,4.567,-18.465,21.783,-25.773,-11.525,0.65917,-1.324,-22.494,-30.894,0.49210,-42.21,31.584,25.477,-37.124,17.376,19.715,39.205,-24.246,22.746,-29.5,3.294,-0.11925,-16.27,9.371,-23.335,47.269,0.51701,10.413,-4.256
1,1,0,-32.041,27.942,-13.683,-4.725,-30.368,33.788,15.071,-44.692,32.64,-10.077,32.925,0.71942,31.681,-44.533,30.764,-19.496,-18.089,27.726,6.54,0.82162,9.503,21.86,-23.292,0.75596,-30.017,26.987,11.12,15.704,-47.428,24.068,-20.785,-36.701
1,1,25.021,-45.741,38.314,-34.539,-17.123,31.926,-44.501,38.097,-41.733,0.54003,23.255,1.512,0.76161,20.309,-42.438,0.09134,-6.897,9.73,-5.301,44.255,0.66926,-11.237,-44.691,9.195,-12.756,43.972,-2.729,3.752,29.663,-21.371,-32.245,10.69,35.367
1,50.583,-15.254,-6.792,0.17498,1.638,0.33143,-6.572,-45.73,12.568,45.915,50.416,7.005,-12.779,0.83614,23.167,-9.636,-20.999,-12.214,-45.635,-32.261,-37.743,48.273,45.263,46.497,-19.582,-38.376,1.626,-39.193,38.178,10.201,-5.964,49.01,-0.81210,0.26092
1,12.995,12.741,-21.133,-38.48,21.92,-6.319,15.08,0.45747,-2.253,39.852,23.367,-2.646,1.398,0.81795,-1.111,-37.981,11.955,0.85210,20.494,-28.502,-0.35996,-7.415,-5.608,-11.544,13.841,3.668,15.038,-38.042,-2.358,36.721,9.816,39.9,27.278,0.05394
1,-12.872,-47.756,45.572,48.224,7.896,19.0,1.015,20.165,0.15000,-26.559,-4.484,-42.346,18.691,36.196,-46.471,0.48636,46.758,0.42014,-28.931,13.291,-46.147,-7.059,-33.733,-26.084,-44.656,-0.03229,-35.284,17.179,-41.164,7.392,10.346,15.13,-25.934,-0.27218
1,1,-1.191,-30.867,-33.153,39.288,-16.846,50.667,12.118,7.842,0.16225,14.306,9.714,50.055,-6.136,42.429,-40.14,17.016,0.42715,37.665,39.508,11.085,35.766,22.068,34.071,8.895,0.26653,38.087,6.938,-13.236,5.376,-23.667,0.29324,31.615,-12.922
1,1,0,-21.916,35.49,35.942,46.71,11.744,-23.642,0.71157,-3.367,9.786,-0.07780,30.199,-22.383,-31.089,-29.881,-39.376,-45.409,-24.362,12.006,42.573,19.37,40.936,-37.487,-39.472,-37.728,6.993,-5.85,-40.638,50.073,0.44141,16.247,20.724,-41.228
1,43.536,8.588,-9.112,-4.798,18.961,-0.02299,-12.222,-11.492,0.186,-0.06620,35.296,28.364,22.469,-29.23,0.64260,-26.398,36.631,7.699,0.71254,-18.446,-15.594,25.537,-9.619,-23.172,-24.367,-13.414,-40.666,-23.475,19.165,-19.102,0.44277,-36.448,20.68,21.442
1,46.799,0,7.322,10.599,-35.046,28.094,-23.458,25.485,-24.985,46.155,-11.32,-3.202,-40.878,-0.01436,25.231,-48.629,-34.571,-38.496,-25.647,-0.08848,33.529,-5.715,-42.24,47.383,45.515,-10.434,-35.76,-49.064,-21.105,-0.05843,1.576,15.585,4.779,-0.03673
1,1,-46.926,21.403,3.706,0.42784,6.922,-42.972,20.425,26.73,0.07216,49.803,16.752,39.103,-44.505,33.213,-0.11856,11.072,37.903,-29.464,-4.112,-17.988,-0.043,-9.703,-39.942,-18.578,16.624,-7.356,-0.12447,-34.251,24.435,48.505,-46.544,7.474,-26.598
1,1,-23.141,42.586,-0.04388,40.702,-10.04,0.61432,48.202,-42.446,-39.02,-33.794,17.809,-13.808,-22.772,16.198,0.54965,-30.276,-22.955,6.919,38.376,-5.969,28.171,-5.372,-26.461,11.608,12.718,0.68775,-26.088,5.518,-45.692,42.421,-1.55,-7.058,-36.573
1,1,-14.499,-46.98,46.197,1.532,13.975,0.58876,-7.937,-44.961,-44.611,46.104,-43.827,42.784,29.136,12.911,-17.182,-3.396,-20.527,-22.788,-12.326,17.191,-27.03,0.57528,31.544,0.46517,-13.537,-6.779,49.967,40.664,-0.03596,30.332,-41.812,13.39,10.711
1,2.317,-13.202,-48.18,-0.00647,-34.241,28.511,-32.388,8.171,39.832,0.08091,-10.032,0.09709,-34.205,17.447,34.412,30.442,-47.614,-48.296,-11.545,10.927,10.066,0.14887,3.747,0.21683,19.154,24.913,47.461,-0.462,-42.414,-41.42,6.808,-32.81,-21.557,9.433
1,-1.231,-26.224,-13.811,0.10370,-29.195,5.949,41.371,0.08148,-47.297,-37.762,-32.524,45.049,0.59753,-1.352,45.996,-11.213,35.786,-42.41,46.907,16.173,-39.201,-13.353,28.724,1.915,15.78,-12.961,-46.196,-0.02451,50.175,0.02222,-2.332,-2.855,-45.539,2.483
1,-10.096,19.281,0.60678,49.367,-20.548,-8.482,0.52881,48.307,-5.553,-10.248,-8.937,-48.015,-43.204,1.723,-33.437,9.754,-3.011,35.034,47.804,-9.023,17.584,0.00678,-4.847,7.961,26.125,19.003,29.665,10.572,-25.419,43.793,-38.564,-41.21,0.50169,0.06780
1,20.237,45.804,-47.99,1.126,-46.928,-21.096,13.299,0,-14.127,-42.151,-26.729,12.658,-5.273,0.267,-0.715,22.432,0.47087,-38.193,11.286,49.727,-4.254,38.912,1.75,5.341,32.942,-5.012,-36.982,0.03815,44.959,42.387,48.623,0,14.553,-0.01942
1,-15.198,-12.608,5.182,-39.033,0.93102,37.003,-25.632,0.35222,48.292,22.137,-23.591,45.588,-23.351,33.467,7.761,20.935,45.176,0.70443,17.451,15.388,32.906,24.661,48.717,38.948,14.534,0.69714,40.202,0.60510,-14.215,12.487,-18.753,-49.113,-46.943,-43.975
1,-36.278,2.179,0.951,5.161,-10.272,-21.484,20.859,-14.301,9.417,0.64888,0.58827,-7.247,-31.157,-42.145,-43.803,-14.331,-33.366,31.967,-29.854,-9.906,18.412,0.80754,43.085,12.291,20.252,33.501,14.352,0.46040,45.815,-43.819,-49.857,0.18345,-30.858,31.089
1,-6.264,0,13.454,-20.526,-38.597,0.47030,49.992,-7.704,32.437,13.281,-46.23,-42.521,22.066,0.987,12.096,23.49,4.242,-24.045,-0.43707,1.281,-0.55769,31.816,7.13,-19.48,12.03,47.626,37.21,-14.468,-3.317,20.591,-32.417,-28.497,30.711,-0.35032
1,1,29.228,28.974,2.265,-28.51,34.921,0.80514,21.59,0.56687,32.256,-33.299,-6.146,38.778,45.422,17.283,27.207,7.352,26.918,-39.737,-19.27,-4.216,-43.807,20.43,2.397,13.266,0.30912,-5.795,34.801,-30.795,0.052,-5.275,43.626,-0.66932,-26.542
1,-15.876,47.959,0.93972,19.899,9.565,-20.528,-24.226,-17.652,-22.723,-30.081,-1.717,0.90403,-33.642,-23.373,3.357,-23.074,21.435,50.033,-0.76305,0.40368,-42.517,-11.749,-5.845,-26.509,38.113,-19.45,-26.744,47.059,18.767,20.888,16.477,33.589,31.313,-0.71273
1,33.356,-20.318,0.89835,-31.0,28.333,-44.6,-42.356,0.94353,-0.03643,-44.468,9.292,-36.667,-30.04,39.012,10.113,14.551,-0.66750,4.466,29.996,-31.564,-10.145,41.622,24.467,30.775,-20.486,-33.578,-46.953,2.143,9.796,-0.43478,-4.314,-29.713,-22.712,27.977
1,45.457,26.295,-5.773,-4.875,-7.46,0.17293,31.928,-17.957,-44.815,-10.417,11.5,44.647,-35.456,0.12767,38.116,15.174,-43.296,21.103,9.547,6.457,-14.725,4.253,-37.176,-0.01176,23.505,37.448,33.449,20.052,-0.00280,-45.329,26.929,31.118,-20.84,-0.00647
1,-18.117,29.39,0.58459,-17.794,1,-10.581,-44.874,-13.266,-6.913,11.372,-10.041,5.99,-20.519,45.736,0.69737,-46.488,46.0,22.118,25.783,47.424,-2.467,-5.006,0.84774,0.705,50.231,-46.276,23.431,35.201,0.52820,9.688,-37.398,-32.559,31.585,-42.436
1,1,-39.141,-2.021,14.504,0.72171,-3.335,0.65829,-13.066,20.896,9.805,-6.985,39.06,-32.698,45.72,-1.265,2.347,13.035,49.853,12.313,0.15756,-11.869,0.875,10.768,-39.71,0.26436,-15.109,-4.941,36.591,-1.003,3.29,-38.264,1.173,48.752,-13.134
1,8.256,-22.05,0.94080,-44.152,11.403,22.874,15.203,44.822,0.76966,-8.18,47.877,15.751,-37.829,12.953,39.981,-46.436,-5.926,-29.261,1.331,-26.757,12.76,0.04901,12.798,0.05352,28.692,-34.923,-25.024,-38.754,-42.082,21.152,36.529,39.834,0.77269,17.379
1,1,-45.781,-0.32,-40.296,8.076,-17.216,32.196,0.29292,48.908,-0.08337,12.931,-7.268,20.544,-0.26724,50.445,-4.422,-25.273,-28.416,7.506,-13.231,38.101,18.428,-23.312,-48.007,19.485,-40.98,0.85967,35.459,-13.085,39.328,8.349,15.595,-32.446,49.948
1,1,0,9.973,34.024,-2.388,-31.359,-24.298,14.107,-29.177,38.342,-31.586,-13.674,9.356,35.237,50.71,0.10195,-5.344,21.416,11.143,-41.353,-21.696,19.217,7.502,-40.006,10.19,37.585,-5.207,16.323,-30.951,5.08,0.90409,0.11066,42.519,-23.711
1,19.155,-24.837,12.31,20.453,-37.483,35.193,-44.752,-22.906,-28.716,-11.503,0.56509,7.671,-4.419,25.892,0.71598,10.89,-39.351,0.12426,47.246,29.624,-12.465,-38.073,-35.84,-23.491,0.47929,-26.357,-9.688,-40.757,20.698,0.25148,42.855,40.47,16.404,41.843
1,1,0,-9.855,46.341,-2.518,-0.13936,16.471,18.499,-41.03,24.296,-9.456,21.569,-22.413,45.754,-11.512,-26.002,-5.177,-19.262,-37.691,-41.296,0.221,36.235,22.13,34.763,-12.625,-16.485,9.202,27.93,-17.933,28.42,-35.018,-0.31262,0.67420,-49.254
1,26.492,16.969,45.38,-7.924,48.273,-48.697,-25.739,6.322,7.757,-30.041,-35.978,38.472,-43.916,-18.651,1.424,-22.292,0.78132,-0.21231,-23.805,-43.775,-18.493,25.841,21.71,24.664,-35.164,-43.447,33.501,-0.23312,33.241,-0.22293,11.245,3.478,7.704,-0.24841
1,-22.094,28.425,17.306,-30.953,0.83424,-7.675,-22.294,20.964,-3.067,-40.046,-45.814,-26.322,0.82337,-26.189,4.509,47.837,38.722,-45.978,0.606,10.682,-13.738,-10.186,-45.953,-34.686,50.391,17.538,0.83705,-0.10211,-5.743,15.44,48.816,-0.10870,-42.309,4.896
1,-42.823,-34.436,-9.323,-1.881,0.53755,1.091,29.91,10.886,0.69565,39.826,40.856,-37.175,-26.292,49.767,11.698,-12.21,0.63043,12.78,-5.446,41.832,-44.757,-26.868,-19.888,-44.922,13.159,-0.10474,17.24,-22.458,6.884,37.947,0.37549,46.303,42.368,-39.03
1,-22.435,47.01,0.46785,-42.615,34.4,-41.911,42.622,29.854,-6.866,-0.602,45.966,-14.486,6.955,-35.069,-32.025,12.213,-12.657,30.326,19.159,-0.04656,-3.49,-12.209,-16.683,-0.13525,0.41463,31.378,-7.414,-0.11455,-12.988,-10.734,14.498,-47.598,-47.594,8.179
1,1,0,-12.481,25.243,-2.223,6.343,1.932,-34.216,-10.922,39.957,-21.763,-0.44,-33.22,0.89200,-13.19,4.13,-30.616,-45.431,16.501,11.483,8.666,45.562,-49.09,-48.976,-0.78334,-41.615,1.158,-26.679,-40.234,27.944,-33.619,-2.898,9.225,-0.75597
1,-2.652,19.037,0.93147,-41.942,41.518,15.671,0.59952,-5.342,45.193,11.491,-9.596,47.137,-3.016,8.946,-44.343,-9.476,-11.829,3.154,34.005,44.158,-0.92254,16.342,-0.93618,-0.19838,34.171,-38.226,-47.486,48.714,-34.381,-15.35,-41.319,48.454,-47.807,27.166
1,1,-26.005,0.88241,48.657,17.784,-4.984,12.975,-46.639,25.653,13.949,-4.696,15.1,28.468,-20.499,-0.69767,-5.282,31.817,0.41195,0.029,1.553,-38.137,-27.722,18.512,49.267,4.511,-9.675,-8.839,8.857,-1.269,-40.022,47.488,-48.759,1.745,-0.81686
1,37.662,23.924,49.196,47.835,-14.008,7.807,0.49234,-20.47,-26.251,33.733,-38.167,20.087,-39.411,39.631,-0.52735,-48.971,43.862,17.481,-0.75821,0.03939,-0.494,-12.761,-0.58315,-42.519,-48.857,21.898,45.634,10.245,42.296,14.084,12.181,19.788,-4.456,14.346
1,1,2.179,-17.477,0.304,-23.565,-13.43,20.532,-29.374,-31.345,22.6,38.095,47.396,32.446,9.535,10.867,45.513,47.778,-23.534,-34.331,-44.294,-17.096,-0.26173,32.091,3.653,-47.115,-15.926,40.145,-15.648,20.84,-0.87159,0.36021,-22.617,45.663,-0.60270
1,38.877,-10.703,-42.143,0.979,-2.012,19.25,12.85,12.871,12.849,5.314,-0.18976,48.266,-44.544,-48.534,-0.68421,-29.255,48.475,22.792,-8.706,-0.04887,-37.898,-32.152,-0.49165,30.8,-20.101,-44.715,4.988,21.268,31.286,30.468,43.894,14.416,0.64662,-11.474
1,-19.743,-44.433,-38.325,7.752,-13.51,26.037,-2.714,34.568,1.084,-46.583,18.184,-7.29,0.98500,-24.841,32.897,26.199,-6.004,0.059,-38.544,38.506,-7.335,43.753,3.018,-0.08914,-19.052,12.373,0.96653,20.596,-42.47,31.034,-27.296,44.37,0.96778,-0.18800
1,1,-30.886,50.345,-33.732,30.169,13.965,28.981,47.944,-23.849,-21.066,22.032,34.26,-28.5,31.385,0.97055,-18.422,2.848,31.507,-25.246,-30.088,39.808,21.002,-3.595,-0.04417,-40.784,-5.069,4.681,-26.17,20.134,8.686,0.91991,34.44,8.52,-0.07420
1,1,-19.181,25.769,-33.586,20.532,-29.414,3.628,38.353,0.98630,-16.694,32.169,47.526,0.93607,-23.157,22.937,-24.268,11.554,4.274,-10.967,-5.244,-22.895,-31.4,0.92009,-1.877,17.665,41.751,-25.525,21.41,-3.71,-0.20091,-36.566,-42.881,28.626,-9.553
1,27.295,0,-30.826,26.894,-9.731,-45.137,30.995,-37.316,6.748,23.506,11.945,27.709,-19.674,32.178,15.925,32.0,10.062,21.079,-29.229,14.301,0.59322,9.858,34.322,-18.25,-46.618,-20.204,-44.601,-0.00266,31.789,-14.717,0.83051,-33.194,-22.377,-0.10169
1,-45.635,-32.437,10.155,-17.688,-42.788,-5.841,1.504,37.63,29.807,9.74,0.5,-3.247,0.54911,-7.778,38.763,-44.601,0.55556,22.572,44.684,10.984,-20.371,-45.372,44.985,-10.962,31.526,0.08333,20.482,-42.475,-4.781,-35.548,0.36924,4.107,25.105,-13.761
1,-36.554,35.307,-7.226,1,-6.423,-14.716,50.294,3.02,47.835,50.288,46.003,10.675,-45.415,46.277,11.658,-20.179,48.255,-32.205,5.653,1,-39.667,46.31,-11.428,0.47894,21.863,1.08,-6.211,0.09569,-14.149,-0.16713,-20.117,-46.651,-14.185,38.202
1,-21.05,15.642,13.497,-2.361,40.599,-7.634,28.468,39.874,3.481,-37.954,-6.54,-4.23,-1.365,11.411,-0.37604,15.195,-3.923,-39.145,-0.68358,-1.033,-39.154,14.601,19.866,36.478,-0.98988,11.704,-0.70352,-0.32792,20.426,-12.389,-39.158,-29.885,0.841,11.322
1,-32.328,0,1.369,-43.842,-13.151,-47.172,0.45625,-3.84,18.783,-27.543,19.509,-34.075,-0.46177,-42.157,16.71,-26.261,6.804,-6.982,46.192,7.296,-47.092,10.232,-26.289,14.888,44.433,-41.567,47.963,12.296,23.01,-0.45911,19.139,-26.551,36.234,-0.24313
1,1,39.369,0.93658,32.428,-18.213,-30.8,38.053,12.931,-23.948,32.164,-1.409,50.514,36.556,36.322,-24.751,-5.678,-0.93104,7.536,-0.93641,30.198,-14.091,-4.675,-33.195,5.987,5.829,-50.709,-47.503,-0.91221,9.746,-46.638,-16.851,49.16,39.182,-40.781
1,1,45.175,-11.81,-15.398,0.71976,0.68420,-19.603,-0.693,-0.11108,47.554,29.252,25.717,37.224,-2.807,40.796,5.249,-49.386,-49.316,44.684,-1.602,39.701,-0.66278,41.114,0.819,-46.825,8.45,-29.343,-22.102,45.425,0.283,41.561,-16.071,-34.31,-5.822
1,9.26,10.003,-31.905,0.16195,1,-6.532,23.229,-28.449,-30.51,-41.419,0.026,45.972,-12.76,46.652,-15.701,-0.06374,1,-0.07157,5.371,-36.195,-0.382,-20.951,31.277,-6.655,13.534,14.636,38.509,-22.057,40.5,35.775,-4.201,17.509,50.69,37.743
1,44.906,25.556,35.175,25.194,-4.834,-11.792,-31.352,-36.726,-17.779,-44.592,-12.223,-23.104,1,-0.14247,38.121,-0.02542,0.95853,-13.56,40.894,0.641,30.505,-31.398,44.968,24.471,15.631,-44.866,-11.376,6.127,-11.914,-1.281,40.249,-0.01957,-21.199,-33.977
1,31.721,0,-34.672,38.301,-5.884,13.162,40.032,0.68158,25.589,40.721,-0.334,-20.668,20.959,33.971,31.154,48.339,15.935,29.678,-39.23,-42.897,-0.57695,-38.793,-21.741,-6.818,7.784,-0.52540,-40.759,-0.48707,38.482,-0.853,-4.411,26.916,43.4,16.968
1,19.431,-49.193,42.526,12.881,-36.938,15.555,-3.102,19.618,0.05832,11.199,-20.187,6.27,-0.62635,-4.725,18.389,-7.941,-17.749,-10.753,-10.255,-38.479,-14.885,32.226,-0.39766,-9.778,-22.956,-22.124,26.963,48.719,0.40675,-33.43,-45.39,-41.123,38.884,-0.13305
1,1,20.136,-41.78,-14.926,-46.455,0.71804,39.104,-11.256,-0.04787,-13.743,24.415,-34.594,-2.765,-25.951,-46.838,-32.01,-25.633,-45.144,-9.658,-29.051,21.873,-18.107,-0.14895,-40.555,-15.048,43.777,40.366,44.51,-36.766,-34.611,0.83142,-40.435,-13.885,-23.463
1,7.344,0,-1.352,-18.341,-4.569,33.475,7.64,23.131,-10.007,40.155,29.441,0.11392,34.787,-1.513,-24.095,10.928,32.705,17.323,24.045,15.706,0.752,0.06329,29.674,-9.059,-7.622,-14.445,19.093,39.081,1.689,23.015,0.53165,-43.898,0.83544,11.563
1,-46.098,-0.636,-0.779,0.00840,-48.918,-40.986,-5.724,44.395,-23.484,0.01681,26.845,4.818,34.221,-14.74,-0.504,-35.896,-48.687,13.089,0.84034,0.04202,-15.015,-29.435,-46.158,-21.443,8.153,-8.794,25.834,20.959,-45.797,31.041,0.58187,-23.231,18.948,-3.089
1,1,0.266,39.707,-36.994,-28.205,-27.005,-8.196,-31.775,0.92765,0.08010,21.905,22.289,12.484,-14.719,0.90738,-24.563,-38.227,17.071,-48.614,-48.539,-45.407,27.007,-8.669,12.863,34.127,45.421,-25.184,-23.359,42.661,31.597,-18.097,-7.287,0.84258,-13.652
1,1,9.978,16.865,47.798,42.231,-0.00343,-23.127,8.017,1,34.59,46.971,33.564,-30.756,38.595,-6.972,41.514,37.163,28.503,37.453,-18.01,39.04,-0.03881,5.134,-25.0,12.651,-19.885,6.289,37.307,-39.116,24.286,-8.358,-0.06497,5.001,33.28
1,-15.537,9.522,13.509,-4.827,-37.707,-31.57,32.996,-8.612,26.975,0.02772,0.91287,-0.00990,-33.953,-0.01584,3.838,-10.59,-43.727,-25.961,0.94257,43.079,44.929,42.075,-23.336,36.407,43.93,26.328,37.991,-36.306,-41.917,25.209,18.984,-17.646,-8.242,-7.327
1,1,-46.641,-38.851,-44.02,-7.341,13.963,-21.844,-47.522,-40.158,0.05674,-37.921,-13.366,1.118,-43.929,0.97518,3.552,-21.78,-30.801,-32.805,4.439,-1.807,36.477,-1.935,18.67,20.953,0.071,0.94305,-29.304,10.244,40.626,-13.826,-41.776,27.761,0.02128
1,39.246,0,-9.507,36.304,-39.572,-35.804,28.439,35.177,46.89,8.842,29.343,-50.198,-44.12,19.607,-38.566,49.841,48.88,33.901,47.163,0.03030,0.78788,-41.392,-7.141,-0.15152,15.349,24.454,0.46362,0.126,-25.082,28.415,46.439,-10.019,18.485,-33.864
1,1,-29.213,-48.794,16.059,-10.724,-5.806,-3.925,-15.322,-43.553,50.103,47.086,-45.82,-3.985,-33.509,-14.379,0.41524,-20.527,0.09898,-0.69397,41.375,-46.207,-11.598,38.229,23.154,-36.282,26.724,35.555,19.056,-5.13,-0.37088,4.808,14.0,6.324,-21.758
1,-27.187,14.393,32.059,0.37917,47.186,-9.243,-26.918,8.439,6.651,18.846,-0.38875,17.154,41.278,-16.293,-32.412,10.678,-23.009,17.793,26.735,-29.389,7.343,-44.485,26.901,10.199,20.588,-0.73856,46.462,-10.697,0.52414,-0.42086,31.662,-17.897,47.67,-42.659
1,1,11.715,-6.688,0.41113,-37.871,31.724,39.898,-42.254,-0.13342,4.727,-29.615,37.124,15.994,12.287,8.206,-38.892,-42.042,4.49,35.965,36.033,30.956,-0.85205,23.382,-7.795,9.604,-7.392,2.796,-12.746,-27.112,37.777,-34.43,-19.702,12.007,0.46301
1,44.878,-47.691,1,-9.785,37.652,8.058,-34.013,0.92713,-35.745,-8.201,15.932,-33.96,-4.121,-7.005,36.703,25.052,47.425,-0.34236,-28.873,-10.158,-1.341,10.354,6.621,-0.20443,-21.887,-35.306,-27.225,43.817,39.596,25.869,46.762,-17.566,16.73,0.79790
1,-4.615,2.029,-6.008,-21.703,-6.929,-32.892,26.746,48.66,-0.32104,-14.656,-6.845,-22.963,-33.407,45.261,30.08,-0.12121,-2.639,13.475,-6.3,-0.84848,-44.884,30.58,16.274,9.195,-34.826,2.151,-25.503,1.641,20.207,-28.334,0.24242,0.95,-12.458,0.33333
1,-35.894,39.939,30.081,0,-6.705,14.306,48.916,-46.306,0.90244,27.789,-4.115,0.01829,-39.903,39.856,43.771,-43.896,9.827,30.073,5.422,-1.016,30.054,19.118,-20.983,-22.392,-2.666,11.169,22.154,0.02226,35.778,-31.011,22.92,32.286,46.047,-0.01220
1,-29.156,-25.613,0.82624,27.919,-45.901,34.0,22.5,31.753,38.679,32.951,29.897,9.596,0.94681,41.675,-32.526,39.268,0.93262,-2.717,33.355,4.424,48.17,-16.265,-37.698,23.327,-6.405,-7.571,47.281,16.989,0.77660,-29.519,26.162,19.151,-23.957,0
1,49.594,44.554,-26.612,46.967,-13.327,3.843,45.603,1.887,19.699,-0.01418,0.73050,34.364,-46.129,-44.613,-0.121,-2.524,45.129,-30.982,-1.915,-41.576,0.85597,27.995,0.84931,-9.143,13.32,19.707,-33.266,0.06014,34.252,30.214,-10.475,-12.011,45.469,-31.392
1,45.936,-46.691,38.766,-49.822,0.89951,36.819,-34.551,4.831,10.472,7.536,42.667,-47.383,-28.67,40.872,-23.101,-4.254,42.412,-0.06211,23.826,6.222,-4.848,30.278,2.436,-15.593,0.79503,-0.04348,46.505,0.02033,32.897,-48.356,25.6,22.898,-18.165,-10.463
1,1,46.789,40.475,-1.626,-5.643,40.385,-19.85,1.005,-34.077,45.191,10.288,-41.272,-0.003,-36.218,-20.251,37.855,-0.655,29.59,-18.911,-3.538,0.97158,-15.719,50.635,-21.934,0.98401,-49.377,0.97540,10.067,-31.957,46.751,-4.21,-12.672,-30.521,0.09947
1,26.556,22.229,-0.262,-23.197,1,-13.749,13.534,-1.359,38.123,-0.01436,-5.482,30.275,0.98343,-12.715,1,8.269,30.481,4.379,18.63,-13.388,38.49,0.00663,-43.099,-33.935,-15.73,-31.242,25.536,-11.643,-11.238,-5.683,-27.477,35.713,46.974,14.894
1,1,0,18.049,44.079,1.023,-4.706,40.443,-36.724,1,0.06264,26.173,-38.485,-5.475,21.418,-17.607,-0.1,40.608,-0.439,41.053,-21.42,-37.56,14.868,-34.508,-44.776,7.145,34.321,28.148,-32.214,-39.783,-13.062,-20.987,0.10067,8.959,44.007
1,13.529,-37.622,34.132,-8.727,-20.664,-37.565,40.281,26.311,0.02424,-15.959,37.654,-41.961,28.907,-10.249,-0.78658,17.077,-0.83285,-32.86,-0.69318,42.725,18.295,26.254,-21.643,47.243,-8.326,40.947,38.552,-4.057,0.44569,31.292,-5.983,12.424,31.284,14.932
1,45.634,0,-18.987,49.852,-48.552,33.484,-22.54,-44.04,18.226,-23.745,-46.511,46.008,9.472,-8.93,-16.233,19.264,-15.154,-41.07,24.171,-0.65461,39.511,-29.457,-14.629,-0.94172,-39.225,-43.497,-33.463,-35.992,0.89415,5.218,-4.542,-37.311,38.961,0.54852
1,1,-26.536,28.769,-17.235,33.838,40.435,18.387,20.881,-18.351,7.687,-23.907,-31.995,-0.63714,-15.071,-2.965,17.687,-46.142,38.61,-9.617,0.2,-40.509,-44.823,-12.07,10.677,-46.834,-14.839,29.07,-9.013,0.31005,22.438,-13.851,0.20540,0.13376,-24.679
1,1,39.137,21.534,-5.133,-46.4,-28.758,31.077,12.44,-0.505,32.893,-1.319,-1.003,-11.735,33.934,-41.831,-0.28723,15.248,22.515,18.348,-9.738,-2.12,32.667,-1.009,5.823,-20.776,-0.18645,-46.35,-8.005,0.45185,44.961,23.284,0.76764,22.986,-23.606
1,-22.448,-46.298,-49.139,-25.996,-14.745,0.518,-1.384,-6.062,-15.911,-9.737,-0.41985,26.301,-32.251,-3.086,7.325,-46.716,-0.10305,24.8,0.18702,-49.926,-14.422,-0.11953,39.143,12.735,4.976,-23.072,21.068,-7.077,26.899,0.26336,-36.118,33.457,-19.25,31.173
1,-30.756,11.572,5.114,-49.572,-36.012,-9.117,34.336,-0.00075,0.94721,-24.59,-47.562,34.627,13.765,0.03073,9.024,45.336,37.107,17.1,39.553,15.918,-12.782,0.05524,42.545,-26.957,37.401,-40.029,-28.16,22.248,0.95701,11.732,42.213,41.866,-38.128,-17.89
1,-24.961,0,26.869,9.903,6.096,2.921,34.467,-24.139,-35.454,-8.045,37.829,24.231,10.368,0.05029,26.038,41.994,46.719,43.132,-24.166,28.599,38.908,-9.372,4.8,26.244,44.769,-0.02370,-19.069,-0.02731,-7.886,47.733,-37.882,37.32,-30.841,0.01214
1,-12.402,0,32.455,-4.933,14.675,-7.375,0.821,-41.822,18.668,-0.06119,-46.023,36.32,-23.602,-22.81,13.207,-0.07289,-17.264,-29.601,-7.759,43.087,0.49736,-42.886,-22.318,-0.08989,-44.213,-38.927,-10.232,36.308,20.408,-34.997,27.147,-9.196,-16.248,40.518
1,10.297,-14.826,0.76046,-33.692,-43.174,-25.413,18.949,46.651,19.378,-47.506,-2.12,0.12068,4.347,35.094,0.843,-39.743,0.82777,-50.056,0.76531,-30.73,29.901,46.265,25.146,0.01232,15.635,-9.904,49.027,4.484,34.517,-2.661,-44.032,49.856,-43.301,-40.99
1,-20.777,35.401,0.66667,-0.01366,9.726,-41.506,28.48,42.013,-28.457,-34.109,-6.792,-35.958,-39.797,26.834,14.589,-35.667,29.213,46.339,0.85,23.844,0.47541,36.097,20.587,19.463,0.60656,49.314,-33.498,-5.283,-38.084,47.405,-9.529,38.492,-46.541,0.48087
1,-3.297,47.07,-10.341,-45.629,16.437,46.365,0.84349,-28.243,31.954,-29.093,17.204,4.477,6.727,20.587,0.79307,-27.366,-15.152,41.93,47.093,-42.679,-42.764,38.566,11.149,-19.691,-2.514,-6.514,-10.609,-31.584,1,-13.563,0.86660,-49.768,28.04,-0.04307
1,3.121,4.746,32.115,14.397,7.645,27.443,-15.979,-27.991,8.807,23.421,0.96510,-43.828,0.94171,-41.039,-9.127,39.585,39.03,17.914,-16.776,-9.877,8.479,11.022,0.93124,0.10087,4.694,0.01361,10.107,-38.475,-11.195,-22.066,18.787,36.684,-6.678,11.299
1,32.371,-19.8,25.816,-34.847,-5.606,46.343,-34.518,-43.247,12.692,-3.225,12.656,43.896,-27.482,36.338,-28.153,-7.39,-0.338,0.02004,17.728,9.255,0.91406,11.366,31.871,-34.275,-33.203,0.03193,37.551,0.02542,-5.935,-28.057,-34.392,-39.039,26.068,-0.00577
1,1.587,0,0.90608,-35.843,8.977,-0.01989,7.321,16.211,0.85746,43.887,-21.728,-33.258,48.705,37.27,17.458,-17.613,31.57,37.623,0.80773,31.026,-5.503,-9.321,-8.216,13.937,2.94,-15.408,-31.94,-7.461,-9.956,-47.863,-11.588,-28.947,-6.134,38.433
1,-4.018,42.814,-25.386,-23.312,16.435,32.17,22.136,45.343,12.01,-5.706,30.833,0.06678,40.653,-0.00351,3.337,48.286,-21.04,21.875,-36.022,4.444,0.81722,-45.464,0.71002,1.561,-21.353,-0.15114,-30.209,26.637,10.401,-3.67,-0.246,-6.276,20.095,-2.367
