1,30.342,0,-22.861,-0.05889,0.85243,0.02306,-44.872,-0.37708,1,0.03760,0.85243,-36.46,0.59755,37.771,0.60536,-39.496,0.84356,-0.38542,17.31,-0.32192,34.135,-0.29674,0.36946,-0.47357,-47.341,-0.51171,-21.447,-0.46168,0.21266,-0.34090,0.42267,-0.54487,0.18641,-0.45300
0,1,-11.527,1,-0.18829,0.93035,-0.36156,-0.10868,-0.93597,1,14.291,27.234,-0.67743,0.34432,-3.421,-0.51685,44.275,0.05499,-0.62237,0.33109,-26.062,-16.641,-0.45300,-0.18056,3.315,-0.20332,-0.26569,-0.20468,9.422,-0.19040,-0.11593,-0.16626,34.056,-0.13738,-0.02447
1,1,0,1,-0.03365,-12.49,0.00485,1,20.245,0.88965,-48.666,1.431,0.05346,0.85443,0.00827,0.54591,-12.069,0.83775,-0.13644,0.75535,2.662,0.70887,9.504,0.43385,23.598,0.57528,-0.40220,0.58984,-20.723,0.43100,-0.17365,0.60436,-0.24180,1.969,-0.38238
0,1,0,1,43.975,1,1,31.29,-1,1.207,-6.911,0,-10.262,0,-16.495,-1,0.14516,0.54094,-0.39330,-1,-0.54467,-0.69975,1,20.322,0,1,0.90695,0.51613,1,1,-0.20099,-47.737,-37.094,-0.32382,-48.442
1,1,0,1,-0.02401,0.94140,-2.533,0.92106,47.828,0.77152,-29.544,0.52798,-0.20275,0.56409,-0.00712,2.535,-0.27457,0.52940,18.58,0.45107,-0.17813,0.05982,-48.443,0.02309,-0.52879,0.03286,12.863,36.875,33.854,0.02431,-0.62197,-0.05707,-0.59573,-0.04608,-17.905
0,-14.742,0,0.02337,10.425,-0.09924,27.988,44.111,-0.11824,16.247,0.06637,0.03786,-0.06302,0,40.715,-30.153,-0.15540,-0.00343,-0.10196,-0.11575,-0.05414,0.01838,0.03669,0.01519,0.00888,0.03513,4.391,-0.03240,0.09223,-0.07859,0.00732,-40.942,16.947,-0.00039,0.12011
1,1,0,35.111,-0.10602,19.785,-0.20800,0.92806,-0.28350,-23.083,-0.27342,0.79766,-0.47929,5.516,0.333,0.74628,-0.61436,32.464,-0.68086,0.37852,28.84,0.36324,-0.76562,-28.398,-0.79753,0.22792,-0.81634,0.13659,-0.82510,31.102,-0.82395,-0.04262,36.105,-0.13832,-0.80975
0,0,0,8.402,0,-42.167,0,1,-2.123,0,0,-1,-1,6.249,0,0,0,1,1,-1,-1,0,0,22.735,0,-9.307,-31.467,1,-32.142,0,11.619,1,1,0,-29.171
1,-13.704,0,0.96355,-0.07198,1,-12.028,1,-0.21313,21.889,-1.097,0.92570,9.798,0.94510,-0.40668,-0.243,-0.46381,0.98305,-0.35257,0.84537,36.863,0.75346,-0.60589,0.69637,42.911,0.85106,-0.65440,0.57577,-22.155,0.25435,-0.63919,-10.291,-0.72779,0.38895,-0.73420
0,1,0,-0.01864,-21.769,0,0,29.376,0,-31.796,-0.26810,-0.45663,-0.38172,0,0,24.591,1.375,-0.37133,0.15018,0.63728,26.274,0,0,0,-39.739,-0.14803,30.566,0.20645,-0.02294,0,26.58,0.16595,0.24086,-0.08208,21.25
1,1,0,1,14.181,1,-0.18388,1,-30.103,-24.317,-28.198,1,-0.41349,0.96232,-0.51874,0.90711,-27.21,0.89230,-0.66474,23.872,-0.70997,0.70645,-0.76320,-47.587,-0.80544,0.55867,-0.89128,0.47211,-40.171,6.559,-0.83675,0.30996,-3.168,0.22995,-0.89158
0,1,0,1,-24.528,1,-37.197,1,-1,1,0.36217,1,-28.043,1,1,-13.528,-1,1,-0.29354,1,-0.93599,19.678,1,38.41,1,1,-0.40888,-0.77,9.797,1,-1,1,10.798,8.828,-1
1,1,0,1,-0.16316,1,-40.303,49.474,5.918,1,-0.19277,0.94055,-0.35151,-35.086,-0.29785,0.93719,23.056,6.034,-0.28106,0.90137,-0.43383,0.86043,-0.47308,-28.343,-9.779,-28.589,-0.47137,0.76224,-0.58370,0.65723,-23.762,0.68714,-0.64537,0.64727,-0.67226
0,1,0,-31.074,-32.061,1,0.22280,0.85492,-0.39896,21.999,-0.12090,1,0.35147,20.678,0.07772,1,-0.14767,1,26.226,1,-1,0.61831,-39.984,-28.51,0.62349,-33.253,-4.999,1,0.35924,32.587,-0.66494,1,0.88428,1,-0.18826
1,1,0,1,0.07380,1,29.75,18.557,-0.05563,1.56,0.08764,1,0.19651,16.762,0.20328,-39.3,-43.609,1,0.10561,1,0.27087,1,0.44758,-31.963,0.41750,1,0.20033,-37.663,0.36743,0.95603,21.437,1,0.32492,-29.056,0.46712
0,1,0,34.772,-0.93996,-39.259,0.26708,-0.03520,10.727,1,-1,0.43685,43.006,0,9.329,-1,22.25,-46.976,0.03623,1,-1,-15.706,0,0,-47.157,-0.16253,0.92236,2.912,0.26501,0,0,1,0.23188,0,0
1,1,0,0.99645,0.06468,1,-0.01236,22.145,0.02498,0.96112,0.02312,-29.131,0.07808,0.89323,-48.219,0.94212,0.05269,-23.894,24.495,0.86104,0.08631,0.81633,43.539,0.83668,0.14442,0.81329,0.13412,31.108,0.13638,0.79110,0.15379,31.691,11.788,0.70941,45.394
0,0,0,0,0,-1,-35.214,1,1,-1,1,-1,-33.25,1,-1,1,1,-1,-25.555,-10.852,1,14.639,43.847,-1,1,-1,0.937,1,21.312,-1,1,-21.32,-1,-31.557,-1
1,1,48.001,0.67065,0.02528,-35.405,45.698,0.57197,0.18761,0.08776,-29.572,9.203,0.12131,0.62099,48.503,43.607,0.10976,0.58373,0.18151,0.14395,-29.694,0.53888,0.21326,0.51420,-6.325,0.48838,0.23724,0.46167,5.154,0.43433,0.25306,0.40663,0.25792,1,0.33036
0,0,44.243,1,-1,0,-25.998,0,0,1,1,1,-28.69,21.3,46.989,0,0,-1,1,1,-6.932,15.031,1,1,0.56250,-1,1,-34.908,39.143,-8.094,-1,1,1,1,1
1,1,0,30.231,-0.00612,1,-37.373,18.526,-46.636,1,-0.10605,1,-0.11073,1,7.985,-20.849,-0.15616,0.92124,-0.31884,-34.724,-0.34534,0.91693,-0.44072,0.96060,-37.668,0.81874,-26.063,0.82681,-0.42231,0.75784,-0.38231,0.80448,-0.40575,4.873,-0.45039
0,0,0,1,1,0,0,0,0,-50.77,-1,0,0,-32.297,2.325,-1,28.698,-30.73,-1,-1,38.98,-39.434,1,38.68,-14.929,0,0,19.976,-1,-1,1,-1,1,-1,1
1,1,0,-2.464,0.07088,0.97,0.04296,1,0.09313,-15.663,-0.05144,0.89263,0.02580,10.157,-9.171,0.87534,0.09831,-33.122,20.321,21.863,-0.05295,0.65961,-0.07905,0.64158,-0.05929,0.55677,-0.07705,0.58051,-0.02205,-47.584,-0.01251,0.51310,-0.00015,0.52099,26.952
0,0,0,-49.038,1,0,0,0,0,-1,1,1,1,0,-10.93,0,0,21.987,44.774,3.17,1,1,1,0,-28.331,15.52,-13.704,1,-1,1,1,10.473,1,0,22.118
1,-17.26,31.731,1,-0.06182,1,0.02942,1,-0.05131,1,11.639,1,-0.11726,0.84493,-0.05202,0.93392,-0.06598,0.69170,-0.07379,0.65731,-21.082,0.94910,-0.31558,-36.941,23.807,36.102,-0.34838,0.72529,-0.29174,0.73094,-40.826,-32.67,-0.26284,0.64207,45.38
0,-3.65,23.792,4.829,0.57820,47.729,-1,1,-1,1,-1,37.557,-1,1,-1,1,-1,1,-1,21.782,-1,1,-0.62796,1,-1,-13.569,-1,7.373,-1,-17.474,-1,49.058,-1,1,-1
1,1,0,1,33.23,1,-0.17263,0.86635,-0.81779,0.94817,-6.242,0.95473,-27.65,0.88486,-0.31736,0.87937,27.74,47.874,-0.62180,21.994,-16.591,0.90284,0.11053,0.62357,-0.78547,0.55389,-0.82868,22.382,-0.86583,0.40650,-0.89674,0.32984,5.395,-0.13341,-43.21
0,-39.292,27.551,-1,-1,0,0,45.063,1,1,-0.37500,-30.801,46.939,0,-8.676,0,0,1,-49.087,-1,-1,1,21.752,0,0,1,30.48,-22.107,1,-1,-1,0,0,-1,1
1,1,0,1,0.08380,-46.087,-30.78,1,-0.13308,0.98172,1.865,1,3.915,1,0.59113,1,0.70758,22.729,0.82777,1,0.95099,23.363,1,26.882,1,0.91624,1,0.83899,1,0.74822,-32.285,-47.609,1,17.637,1
0,0,0,-1,-1,1,1,1,-1,-1,1,1,-22.532,46.985,-1,-42.486,-23.647,42.709,-25.379,-1,-19.261,1,-1,1,-1,1,1,1,-33.604,-36.017,-15.552,-1,1,1,-1
1,-17.589,0,1,-0.14236,1,-26.927,-3.162,-2.618,1,-0.07514,1,-0.25010,18.616,42.24,-36.749,-0.21975,1,-0.38606,-9.605,-0.46162,-27.093,-0.35519,1,-0.59661,1,-0.47643,0.98820,-0.49687,34.632,-0.75820,1,-0.75761,1,-0.84437
0,1,0,1,-1,28.623,-22.269,1,-22.603,1,-40.095,-5.887,-1,1,-0.01840,1,-1,1,-15.391,27.964,-0.85583,1,1,-11.156,-1,43.013,0,1,32.517,1,-0.79141,1,1,1,1
1,-38.653,29.75,0.88208,-0.14639,0.93408,-0.11057,0.92100,-0.16450,0.88307,-0.17036,0.88462,-19.535,0.85269,-0.31463,-6.205,-0.35924,16.226,-18.171,0.75243,-0.47022,-10.407,-0.47153,0.66150,-0.50085,0.61297,-0.48086,0.56804,-0.54629,0.50179,35.684,0.47075,37.25,-20.14,-0.58086
0,1,0,0.71253,-0.02595,0.41287,12.823,-1.086,-37.675,0.99709,-0.10236,-19.591,-0.10951,0.58965,-45.252,0.83726,-40.661,-20.454,-0.17863,39.95,-0.28257,-0.25914,0.92730,0.51933,-48.467,0.65493,-0.20392,0.93124,-0.41307,0.63811,45.721,0.86136,-0.87354,-0.23186,-1
1,1,0,1,-0.15899,-26.46,0.27686,0.83443,43.432,1,-0.28207,5.603,-0.49863,19.615,-0.12527,-34.702,0.14638,28.44,0.39337,1,0.26590,-14.176,-0.01891,0.92599,-0.91338,1,0.14803,1,-21.262,1,-0.11129,1,-8.243,1,12.718
0,-16.669,0,0.66161,30.314,1,-47.982,1,-0.67321,0.80893,-35.193,1,-1,1,-0.89375,1,0.73393,27.463,0.70982,-8.799,0.78036,-26.903,0.85268,1,-1,1,0.85357,1,7.726,0.95982,-0.36250,-7.439,0.65268,1,-34.068
1,1,0,1,0.00433,1,-0.01209,1,-0.02960,1,-0.07014,0.97839,-0.06256,15.915,-0.06544,0.97261,30.216,0.92561,-0.13665,0.94184,-0.14327,1.143,-0.14248,-38.558,-0.13565,47.523,8.247,0.89067,-0.17909,-33.594,-0.18552,-6.955,39.11,-5.586,-0.20766
0,0,0,1,1,8.568,-46.879,0,0,0,0,43.079,-1,0,0,0,0,-25.201,46.124,1,1,-1,1,44.79,1,-39.422,16.204,1,-11.937,-1,1,-3.219,1,0,0
1,1,0,0.91241,16.075,0.94191,38.739,0.94705,22.109,13.39,0.01321,0.91911,0.06348,0.92766,0.12067,0.92048,0.06211,-19.388,0.12722,0.83744,0.14439,0.80983,0.11849,44.823,-35.096,0.75755,41.368,0.73550,0.13282,0.66387,0.15300,0.70925,-46.999,26.446,0.11447
0,1,0,1,0.02461,36.159,0.04861,0.97545,0.07143,0.61745,-25.614,0.91036,0.11147,-13.722,0.53640,0.82077,10.501,26.624,0.15189,1,0.41003,0.65850,0.16371,34.239,13.116,-26.673,0.16390,0.48867,0.16019,0.43481,0.15436,6.336,0.14677,-48.114,1
1,1,-13.987,-18.188,0.06538,1,0.20746,1,0.26281,0.93051,0.32213,0.86773,0.39039,0.75474,2.61,20.878,-5.112,0.65954,22.255,16.123,0.62999,0.47807,0.67135,0.40553,0.68840,-23.868,0.72082,0.27712,0.72386,-47.361,0.70682,49.315,0.72688,0.06990,0.71444
0,1,0,-1,-1,26.118,1,1,-0.14375,-27.076,10.582,-1,20.683,-34.681,46.756,0.17917,-3.741,-1,-1,0.08750,-1,1,-1,-15.064,1,-1,-1,0.049,-1,-1,-1,2.232,1,0,0
1,1,0,0.90932,0.08791,-5.831,0.16888,-4.459,35.822,43.729,0.68154,0.70207,0.36719,0.16286,0.42739,43.287,47.404,0.51067,-34.298,26.975,0.12967,0.37824,33.164,0.31274,0.55826,0.24856,0.56527,0.18626,17.891,0.12635,0.56101,0.06927,0.55061,0.12137,0.67739
0,1,0,-0.64286,-1,1,-32.192,-20.757,-1,1,-17.908,1,0.963,1,-0.37679,28.896,-1,1,0.13839,1,11.428,1,-0.03393,-0.84286,-10.151,0.53750,36.731,1,-22.097,1,-1,1,-1,1,0.896
1,-9.615,0,0.99025,-0.05785,0.99793,-39.641,0.98663,-0.19430,-32.3,-0.25843,0.92738,-0.30130,0.92651,-0.37965,-37.845,-5.601,0.84922,-0.52064,-47.411,-0.57075,0.79016,5.994,42.285,-0.64615,0.68282,-0.68479,-30.253,-0.73174,-36.704,-0.75353,0.54752,-0.80278,0.49195,-0.83245
0,0,0,0,0,0,-4.248,0,-6.559,1,-28.408,1,1,-27.259,-10.787,0,0,-20.272,-1,-1,40.734,0,0,0,-2.294,-1,-1,-1,-1,14.212,1,1,0,-29.255,0
1,1,0,1,-0.03730,1,-0.07383,-40.859,-48.149,0.99838,44.892,42.558,-40.909,0.96674,-0.21695,0.95288,-0.25099,-40.888,-0.34400,0.90581,-0.32152,0.89991,-0.34691,0.87874,49.117,0.86213,42.208,0.83172,30.203,-12.486,-0.42593,0.77919,-0.47977,0.75115,-0.50152
0,1,-4.292,0.94598,-0.02685,-1,0.26131,17.399,0.35639,0.69258,-0.63427,1,-0.03353,-0.29020,-0.00550,-0.54852,29.011,0.91921,-0.46270,50.545,-0.50424,-0.424,-0.31454,-0.73864,-8.106,43.096,-0.46734,0.52208,-0.58130,1,-0.61393,21.237,30.966,49.827,0.41913
1,43.265,12.992,0.98166,0.00874,0.98103,45.262,12.48,-0.05699,0.95947,-0.06971,0.99004,-0.04507,0.94713,-0.11102,0.93369,-0.12790,0.94217,36.623,0.79682,-0.19200,-10.454,20.402,0.86257,6.954,0.88487,-0.19689,0.81813,-0.21136,31.798,-11.1,0.76911,-0.23095,0.74323,-0.23902
0,1,0,0,0,-7.699,0.51724,0,0,0.10991,-1,-29.937,-8.976,0,14.577,-1,-0.22414,39.228,-0.83297,0.76940,0.63147,5.031,0,-0.671,0.35668,-0.90302,0.44828,1,-1,-1,46.471,0,-31.825,24.67,0
1,1,0,0.84134,-0.18362,-5.044,23.146,0.93421,-0.00267,0.87947,0.13795,-27.151,-0.01789,0.88559,0.54991,0.91714,-0.57486,0.75000,-0.29520,0.86676,-0.20104,1,1,0.46610,-0.16290,0.90066,-3.956,20.891,46.862,-18.33,34.69,0.84463,-43.932,0.93323,-31.374
0,0,0,1,-9.174,1,-44.181,15.066,48.844,0,0,22.075,1,1,30.863,-1,-49.693,1,-1,-1,38.22,-11.908,0,1,-1,1,-1,1,1,-1,-1,-37.248,0,0,0
1,1,-47.383,43.022,1,1,1,35.055,1,-0.26970,26.515,-0.83152,1,-1,1,48.057,0.72526,28.945,-0.57779,-10.538,-0.42052,-1,-1,-0.52838,-1,0.90014,-1,1,-1,1,-15.86,27.709,-48.819,1,0.34845
0,1,0,-12.853,-1,-1,1,33.926,0.63317,0.03515,-1,-1,-1,8.339,1,0.88683,33.874,-1,-11.279,0.83840,48.33,1,-1,-22.28,-1,-0.18856,21.645,1,-1,-6.668,-1,-1,22.04,1,0.33611
1,1,0,0.95659,0.08143,49.631,-0.05667,50.421,9.868,0.96097,11.327,0.94717,0.01279,-37.553,-49.88,0.94612,-0.19497,0.99630,-0.32268,0.90343,-0.35902,0.91428,-0.27316,-1.703,-0.29807,26.879,-0.40747,0.87244,-0.34586,23.227,-0.30619,0.83951,49.39,0.82166,-0.41173
0,1,0,0.08333,-0.20685,-1,5.89,-1,1,-25.71,28.372,-40.955,-0.62723,-25.338,13.599,45.717,12.965,-18.818,0.59152,-0.42113,-0.42113,-0.74628,-44.584,-1,-0.46801,-1,0.23810,1,-1,-1,-0.38914,-1,-1,-1,0.61458
1,1,0.937,1,-0.02259,1,-0.04494,1,-0.06682,3.952,-0.08799,1,0.56173,1,-43.957,1.844,-27.524,1,0.32407,1,-0.17639,-7.448,-0.18949,0.95601,17.796,1,3.585,7.625,-0.21793,0.82920,-0.22370,0.78479,20.713,0.73992,-0.22981
0,0,0,-1,1,1.634,-1,7.715,-5.573,0,0,31.324,-1.288,-8.797,-0.18750,1,1,-14.773,-1,1,-1,-1,-1,1,-4.784,1,-1,1,1,1,1,0,0,-31.316,-30.386
1,1,-24.899,1,0.05812,0.94525,0.07418,0.99952,0.13231,1,44.395,0.94846,0.07033,0.95713,-39.945,0.94862,28.028,0.90896,0.20119,22.942,0.16265,0.99695,0.14258,-45.618,0.16410,0.91667,-39.691,0.88423,0.23571,0.88568,0.22511,-12.084,25.748,-34.883,0.31166
0,1,0,-35.751,10.827,-1,1,0,0,0,6.486,-1,1,0,19.146,-0.61354,42.664,0.80521,33.156,0.51979,0.14375,0,0,-1,-36.233,-0.84792,0.96250,1,1,-45.662,-32.764,0,0,-6.434,0
1,1,0,1,0.09771,1,-16.405,-12.748,0.22574,0.98602,25.363,38.946,0.19211,0.92992,0.24288,0.89241,0.28343,0.85529,0.26721,-31.78,0.33129,50.043,0.31698,16.558,0.39597,0.591,0.34658,-44.879,0.42746,0.62764,0.46031,0.56791,0.47033,0.54252,-18.165
0,1,0,41.125,-0.35625,0,0,0,0,0,0,0,0,0,7.713,-38.033,-0.55000,49.551,2.945,-29.897,-0.42292,0,0,0.08333,-1,26.41,-0.16667,-43.796,-0.76667,-1,28.643,0,-16.873,1,-0.27292
1,1,0,1,0.16801,0.99352,33.728,0.94616,0.33347,-13.403,0.22610,0.91408,0.37107,14.931,-35.813,0.81011,29.834,39.005,0.48311,0.65091,0.56977,17.294,0.58071,-21.302,0.64720,26.811,0.55236,-18.605,0.69129,0.35684,0.76147,0.33921,0.66844,0.22101,0.78685
0,1,0,0.63816,-44.706,0.20833,-48.909,46.25,1,0.87719,0.30921,-0.66886,1,-0.05921,0.58772,-39.096,0.05044,-24.372,-1,0.14254,-0.03289,0.32675,-0.43860,-1,1,0.80921,-1,1,-11.588,-1.724,1,26.931,13.337,35.119,1
1,1,0,1,-0.41457,1,0.76131,0.87060,0.18593,10.606,-0.09925,-15.571,0.47990,0.65452,-0.16080,21.365,0.00879,0.97613,9.278,24.518,-13.735,4.553,-0.19095,1,-0.12312,-11.136,-48.571,0.92890,-25.134,1,-0.27387,0.43970,0.19849,0.51382,-0.05402
0,1,0,0.84783,-10.156,1,1.8,-46.994,1.747,-48.772,0.08424,1,0.27038,1,31.184,1,-20.146,1,0.02672,0.58424,-0.43025,1,1.335,0.89130,20.587,0.91033,-7.245,1,0.15942,0.37681,-0.01947,1,0.22464,1,0.37409
1,1,0,1,19.078,1,-16.47,1,0.07764,1,0.04317,0.98762,0.33266,1,0.05489,1,48.104,-28.422,-0.24598,0.84371,44.34,1,0.04150,0.99933,0.27376,-37.094,-0.39056,3.155,-2.62,35.254,1.44,0.94578,-0.22021,0.80355,-0.07329
0,4.406,0,1,-1,1,39.715,1,-1,-16.249,-1,1,1,1,-29.107,1,-1,11.43,1,1,1,14.515,-47.087,1,35.742,1,27.107,1,-1,17.1,0.65625,0,0,1,-1
1,1,-15.742,1,0.67784,0.81309,0.82021,0.43019,1,17.153,0.80541,36.479,-39.942,-0.79135,0.77092,-1,0.40268,31.494,-0.58634,-0.97907,-0.42822,-0.73083,-0.76339,-0.37671,-0.97491,0.41366,-1,0.41778,43.185,1.099,28.577,5.669,33.783,0.98816,0.03446
0,1,18.839,1,7.249,1,-1,1,-1,-32.142,1,-27.717,1,1,1,1,-1,1,1,1,1,1,12.619,1,32.056,-41.167,1,-31.467,0.5,-23.943,0,1,-30.171,1,-1
1,1,0,1,-21.422,1,0.18281,1,0.26968,1,0.25068,1,0.28778,-9.742,0.38643,1,-0.806,38.523,0.65701,1,-9.769,1,0.61267,1,0.59457,0.89593,0.68326,44.448,0.71374,-0.291,23.406,-13.96,9.258,0.71493,0.75837
0,0,24.927,21.869,-1,1,-38.739,-1,-1,1,-1,0,26.053,-21.685,0,-1,1,1,-1,1,-1,29.829,1,1,9.233,1,-1,1,-1,-12.885,-1,0,0,0.265,19.889
1,1,0,0.96087,6.242,0.96760,0.19279,0.96026,0.27451,0.98044,-31.56,-47.289,1.452,0.86265,0.52517,0.82820,0.58794,0.73242,0.69065,-25.93,0.73140,-1.732,-38.618,27.063,0.76197,0.40615,0.74689,0.33401,30.214,0.24944,-28.969,0.13756,0.86835,0.09048,0.86285
0,1,-1.77,0.69444,0.38889,0,0,-0.32937,0.69841,0,0,0,0,0,0,-27.56,13.872,0.21032,0.19444,0.46429,38.192,0,7.828,0,23.173,0.73413,0.27381,-23.224,0.63492,0,-27.632,-25.317,-14.528,0,0
1,1,0,1,6.12,12.798,0.10827,1,-36.002,1,0.28453,1,19.026,1,5.471,24.346,-39.773,11.316,0.50391,0.75906,0.58801,0.80644,0.59962,0.79578,0.62758,0.66643,0.63942,0.59417,-35.349,0.49538,0.72684,-28.959,0.71689,0.33381,0.75243
0,0,0,1,28.226,0,0,1,-1,1,-1,-28.173,1,1,1,1,-1,-3.829,-22.074,1,1,1,-1,-1,47.474,-33.253,-10.267,-30.194,-1,20.678,1,0,0,-39.142,-1
1,1,0,1,0.04078,1,0.11982,-39.3,21.16,1,0.27921,0.98703,0.30889,32.515,0.37639,18.468,0.39749,0.81939,-29.049,0.78619,-32.493,16.556,-31.511,0.70331,-29.475,0.67077,0.59723,0.58903,0.60990,0.53952,0.60932,0.45312,0.63636,0.40442,-38.037
0,0,0,1,1,1,-1,12.727,1,1,1,1,-42.737,1,1,3.515,23.593,1,19.951,-1,1.56,-1,1,-1,1,1,43.006,-39.259,1,28.716,1,-1,33.263,-1,1
1,1,-47.157,1,0.24168,1,0.48590,-45.599,0.72973,1,1,10.329,1,31.92,44.421,1,-14.935,1,1,1,1,0.74468,1,46.17,1,25.03,1,0.38255,1,0.10819,1,-0.17370,1,29.499,12.629
0,0,0,1,-29.124,22.167,-1,1,1,-1,1,0,0,1,1,0,0,0,-0.063,-1,1,-25.782,1,23.312,-47.322,1,-1,14.639,1,-23.555,1,-33.214,-35.25,-1,1
1,1,8.567,45.847,-0.06604,1,0.62937,1,0.09557,1,0.20280,-5.551,-1,1,-0.40559,1,-0.15851,1,0.04895,46.647,-20.935,-35.071,-0.26573,1,-1,-8.852,-0.58042,1,-0.81372,1,-33.557,1,47.575,-28.912,-0.48252
0,0,0,23.019,-1,1,1,1,1,1,43.821,1,1,49.001,-1,5.908,-1,-26.69,1,1,-10.094,1,1,45.243,1,1,-1,1,17.031,-34.908,-1,-29.106,1,1,-1
1,1,0,0.92277,0.07804,0.92679,0.16251,0.89702,0.24618,0.84111,0.35197,0.78801,0.42196,-21.141,-36.729,0.70796,0.56476,0.60459,38.785,0.51247,4.778,-25.599,46.659,0.34232,0.68343,0.23693,18.287,0.18765,0.73885,-25.563,-7.222,0.02735,0.77072,-0.04023,-34.894
0,1,-38.434,-45.878,2.152,0.82332,0.21908,-36.808,0.32862,0.25795,0.58304,1,-0.15194,8.391,0.44523,29.242,0.38869,0.18681,0.41168,-49.664,0.36353,0.04325,-29.422,-0.00083,0.24936,-0.02862,0.19405,-0.04314,0.14481,-0.04779,0.10349,-0.04585,38.751,-0.04013,-32.251
1,-15.565,0,0.74852,37.952,0.65680,-0.05178,0.80621,-14.901,-2.565,0.02515,0.63462,0.08728,0.71598,0.049,0.73077,0.05178,0.78550,-0.27811,0.65976,-0.01479,0.78698,0.06953,9.671,-34.074,0.65385,19.004,0.61009,-0.06637,30.234,-0.21154,-47.49,-0.14053,0.56361,0.02959
0,1,0,0.39179,-0.06343,-8.135,0.04328,1,1,0.35821,0.15299,-10.385,22.248,0.61567,-0.82090,0.57836,17.199,4.838,-0.10448,21.577,-0.11567,0.65574,0.14792,0.83209,0.45522,0.47015,0.16418,0.49309,27.1,46.098,-0.02612,0.39118,20.453,0.34411,-47.91
1,1,20.987,0.67547,0.04528,0.76981,-0.10566,0.77358,0.03774,0.66038,-0.04528,0.64528,0.01132,-27.663,-0.13962,0.72075,-18.283,0.76981,35.34,-20.259,-0.07925,46.533,-0.23774,0.73962,-12.851,0.84906,-0.15094,12.395,-0.05801,0.66792,0.02264,-32.349,11.511,0.73208,0.00755
0,1,0,0.72727,-0.05000,-17.581,0.03462,1,-39.713,0.66364,-0.05909,0.48182,-0.16818,0.81809,-37.654,0.56818,1,0.50455,0.21818,0.66818,24.223,1,46.429,4.816,-1,0.57273,48.385,0.56982,-4.503,0.42273,31.813,0.48927,0.14643,21.782,1
1,1,6.373,0.57647,27.958,0.40392,0,-14.185,0.12941,0.40000,-0.05882,47.628,0.14118,0.46667,-42.128,0.52549,21.846,0.58039,0.01569,-15.089,0,0.45882,0.06667,0.58039,23.875,0.49804,-6.849,0.48601,0.10039,37.02,0.08235,0.45098,0.23529,0.43137,0.17255
0,1,0,0.41932,31.604,0.35000,0.12500,0.23182,0.27955,-0.03636,0.44318,33.363,0.36194,-0.19091,-47.751,-0.13350,0.27322,46.09,-26.832,5.968,0.12727,-39.492,0.05078,-0.18636,0.36364,-0.14003,-0.04802,-0.09971,-0.07114,-1,-1,22.723,21.797,-0.00526,27.488
1,1,0,0.88305,-0.21996,1,-47.889,0.82403,0.19206,0.85086,0.05901,47.844,-47.13,0.85193,0.25000,17.892,0.25322,22.421,0.57940,-30.243,0.39056,-30.069,0.27575,1,0.34871,0.56760,0.52039,0.69811,0.53235,-7.867,0.58584,-20.676,0.70923,22.886,0.54185
0,1,0,0.84557,1.134,3.118,-0.80553,-0.08961,41.145,0.80648,-23.601,26.797,-0.00763,-0.18494,0.63966,-21.732,-0.68065,48.842,-0.11344,0.77979,-0.15729,-0.06959,0.50810,-0.34128,0.80934,0.78932,-0.03718,0.70882,-32.857,0.77884,-0.14109,-33.499,-0.78170,-0.18494,-15.151
1,1,0,0.70870,-0.24783,0.64348,0.04348,0.45217,0.38261,0.65217,-18.406,0.5,0.26957,0.57826,-0.23043,0.50435,17.994,0.38696,-28.519,-26.019,-18.522,-36.747,0.11739,0.53246,-0.03845,0.31304,-0.12174,-41.986,-26.807,34.116,-0.04448,0.64348,-0.25217,43.006,0.14783
0,-15.391,0,-0.54180,-37.6,-0.33746,-9.871,0.52012,-0.13932,0.31889,-39.163,0.20743,-0.15170,0.47368,0.08978,0.56347,27.469,0.16409,0.45201,-3.824,0.03406,0.50464,43.085,-3.019,-0.61610,-5.887,0.65635,0.41348,-0.40116,-0.15170,0.11146,0.02399,0.55820,27.491,-0.08978
1,1,0,0.29202,0.13582,0.45331,0.16808,36.801,-0.00509,0.52632,0.20883,-39.128,-0.16638,0.47368,-0.04754,15.974,0.03905,0.81664,-0.22411,0.42445,-0.04244,0.34975,-6.96,0.28183,-0.20883,32.034,-0.03176,-17.331,-11.146,-22.923,0.09847,0.70798,-12.175,0.39559,-21.635
0,1,29.75,0.79157,0.16851,0,-19.217,39.708,0.06874,38.219,1,-20.178,0.99557,-0.02439,-45.72,0.23725,0.12860,-2.093,0.95122,-0.50998,0.84922,-0.10200,0.38803,45.514,0.23725,-0.91574,0.80710,-0.34146,0.88248,-1,0.69401,-1,0.12860,-21.276,-20.591
1,1,18.815,0.90116,4.77,0.79299,13.427,-38.931,0.50515,-36.982,0.72997,0.44303,0.81152,-20.903,0.87493,-15.075,0.85038,-0.12611,0.87396,-0.28739,0.79617,-0.46635,0.65924,-27.755,0.53805,-0.68159,0.39951,-0.71844,-48.263,-0.72369,0.11218,-0.71475,13.24,-0.67699,-0.19904
1,-7.439,0,8.788,0.19049,0.82683,0.46259,0.71771,0.58732,0.47968,0.84278,0.31409,0.92643,0.10289,0.93945,-0.13254,0.84290,-0.32020,0.91624,-0.52145,44.811,-9.46,0.49508,-36.244,-34.08,26.433,0.17849,-35.621,-0.01358,-0.82366,27.247,-0.67289,-49.319,-0.59943,-0.49700
0,1,0,-1,-1,31.314,-27.903,8.963,-0.78502,-9.193,-6.095,-1,-0.267,0,0,0,0,1,-0.26710,0.36482,-18.304,0.97068,-35.451,-1,-1,1,-0.59609,-1,-1,-1,-1,40.311,-40.506,0,0
1,1,30.295,0.74084,0.04974,0.79074,0.02543,8.354,0.03793,0.66230,0.09948,0.67801,0.31152,0.75934,-4.146,0.74695,0.08442,-12.23,-0.07853,47.265,0,-39.722,0.11355,-7.111,-24.079,0.67016,0.15445,15.557,45.26,0.65707,0.17539,0.59759,0.14697,0.57455,0.15114
0,1,0,1,15.032,-47.107,44.079,0.77941,11.462,0.80882,0.55147,-0.41912,-0.94853,-20.277,0,0,0,39.437,-0.77206,17.939,-0.60294,45.79,0,0.18382,43.053,-1,-1,-1,-1,1,-1,-44.879,-1,0,0
1,1,0,-34.239,0.01709,42.217,10.328,1,-0.03436,1,-0.05071,0.99026,-0.07092,0.99173,-0.09002,1,25.698,26.793,12.808,0.98310,-0.11813,1,5.768,1,34.969,0.98971,-24.835,0.96490,-0.20243,0.94599,-0.17123,23.02,-0.22561,0.87011,-0.23296
0,0,0,0,0,33.637,0,2.109,0,-19.188,0,0,0,0,0,21.648,0,0,0,0,-27.218,-13.987,0,0,0,0,0,-46.554,-1,0,20.082,-14.607,-49.114,0,0
1,1,0,0.95704,-0.12095,0.63318,-1.078,0.96365,-5.818,0.97026,0.08460,0.92003,-0.01124,11.417,-0.24719,-34.681,-0.31395,0.99273,-0.21216,0.98678,-0.21018,-26.076,-0.27165,0.93126,-24.606,1,-0.19233,0.88793,0.916,50.016,24.881,0.89095,-0.31857,0.69531,15.131
0,1,0,0.28409,-0.31818,0,0,0.68182,-1,0.30682,0.95833,-13.42,0.06439,0.34848,41.863,-5.459,0,46.347,16.965,-6.246,18.876,0,0,0,0,0.24242,0.17803,1,-0.23864,0.06061,-0.48485,47.106,-35.494,-2.741,0
1,1,0,2.841,-0.49311,1,-0.03692,0.98898,-18.545,0.90083,0.66942,1,-0.10104,36.656,-0.12493,1,-0.15017,27.659,12.251,1,32.414,-10.151,-0.23452,44.177,-0.26571,1,-0.29852,-20.757,-0.33304,1,27.527,1,-0.40740,1,-0.44739
0,1,0,0,0,-5.163,0,0,0,0,0,0.62195,1,0,-39.51,-38.743,0,0.36585,-0.71951,-22.536,-1,0,0,0,41.538,35.874,0,-32.02,0.10976,0,6.593,0,0.001,-30.905,0
1,1,-10.787,-5.565,0.00526,16.053,-48.398,0.88237,-0.16431,-28.264,-0.06257,0.96484,-0.07496,-9.763,-33.264,-26.387,-0.20848,0.93881,-0.12977,0.98298,-0.08935,0.89876,-37.314,0.87836,-0.05882,0.93368,-0.19872,-3.373,-0.17806,0.94294,-0.16581,0.80253,-0.25741,0.76586,-0.27794
0,1,0,0.10135,30.742,0,0,0,-19.897,0.54730,0.82432,0.31081,1,0,-2.294,49.494,0,0.37162,43.991,0.33108,-1,0,42.638,-40.771,0,-0.42568,-1,1,-30.408,0.55405,-0.23649,41.569,0,41.734,0
1,1,-41.8,1,41.685,0.99150,-48.772,0.89518,-0.97450,1,-0.485,1,-8.712,0.62890,-14.164,1,-0.57535,-40.855,20.538,0.76771,-0.88952,0.96601,-1,0.70120,-0.74896,0.61946,-0.76904,0.53777,-0.77986,31.572,-1,1,-1,0.30445,49.127
0,1,0,0.65909,-0.62879,20.576,0,49.545,7.142,43.038,1,1,-0.28030,28.857,0,0,0,31.633,17.536,0.84091,-1,1,-1,0,0,-11.337,0,1,-0.93939,-0.12879,-11.793,0,-4.292,0,0
1,1,0,0.86284,36.932,0.80920,0.41149,0.67203,0.55785,-8.431,46.355,0.36705,0.81533,0.19617,0.85671,-8.74,0.86284,45.128,0.75785,-0.34100,0.65747,-0.48199,-31.264,13.975,0.40996,-0.59234,5.289,10.874,0.08818,12.42,-0.07816,-0.54866,-0.19923,-0.42912,-0.31954
0,1,0,-5.06,-0.61000,0,0,1,-1,0.90000,1,0.43000,0.64000,0,-29.937,0,0,40.455,-0.29000,23.956,-1,0,0,0,-3.928,0.21000,0.68000,-42.675,-18.725,0,0,-1.206,24.67,0,35.013
1,1,0,1,0.23395,47.787,30.383,-42.401,-36.526,-27.486,0.84222,0.27639,0.91730,0.09467,20.84,-0.21980,0.91404,-0.34168,0.75517,-0.51360,0.64527,-0.64527,0.44614,-10.915,21.366,-32.068,-11.872,-0.71731,-0.11943,-0.64962,-0.28183,-0.51251,-0.44505,-0.37432,-0.53319
0,1,-9.538,38.133,0.81586,48.327,1,-0.39466,0.55735,42.076,-48.396,-0.18599,-0.10241,-0.03158,-0.08970,0.01401,-0.03403,0.01108,-0.00537,29.948,0.00097,0.00048,0.00075,-0.00003,15.067,-0.00003,0.00002,-0.00001,0,26.709,0,0,25.515,0,48.844
1,1,34.874,0.21429,-0.09524,33.259,0.07143,0.19048,21.231,0.23810,0.09524,-11.769,0.02381,0.30952,-0.04762,0.30952,-0.04762,0.28571,-21.399,0.33333,0.04762,0.30952,0,0.21429,7.22,0.35714,-14.907,0.22109,-47.406,0.19048,0,-48.303,34.124,0.14694,-0.01877
0,1,0,1,-12.427,1,0.04918,0.57377,25.863,-37.852,0.01639,0.85246,-0.03279,0.72131,9.953,21.334,49.617,-5.471,47.183,0.65558,-0.17176,0.67213,22.339,1,-0.29508,0.31148,-0.34426,0.52385,-0.20325,-49.384,-0.03279,0.27869,-0.44262,0.49180,-0.06557
1,15.599,0,-17.809,-24.338,0.88627,0.03131,0.86249,-26.383,0.80000,0,0.69091,0.04545,0.79343,11.477,0.77118,4.986,0.62727,48.91,0.68182,0.12727,0.70674,0.12608,0.68604,0.13493,0.74545,0.22727,0.64581,0.15088,0.67273,-2.577,0.60715,46.882,50.038,0.17077
0,1,0,0.39286,0.52381,-0.78824,0.11342,-40.3,-0.76378,1.51,0.01190,0.82143,0.40476,20.269,0.30729,17.649,11.329,0.46429,0.15476,-43.282,6.812,-0.51830,0.44961,-0.47651,-0.47594,0.32143,0.70238,0.51971,0.38848,0.57143,-43.191,27.351,-0.29915,-8.188,-0.55837
1,1,0,0.86889,0.563,1,-0.02494,1,2.883,5.386,0.00222,-12.938,30.26,9.715,-0.07287,-29.316,-0.20000,0.86889,0.05333,0.88000,0.899,1,-0.11526,1,-0.18667,0.84444,0.03556,1,-0.14162,0.82222,-29.533,1,-0.15609,1,-27.821
0,1,0,44.85,-6.701,0.58182,-0.14545,25.634,-0.67273,0.34545,-0.03636,-35.428,-2.342,0.29091,22.265,0.36364,-8.216,0.20000,-0.01818,0.36364,0.05455,0.12727,-5.293,0.61818,0.16364,0.32727,0.16364,0.41098,27.845,-12.522,-0.05455,0.12727,-0.36364,0.29091,-0.29091
1,1,0,-38.915,-0.92453,1,-5.68,0.49057,-36.019,-39.469,0,1,-46.527,0.45283,0.07547,0.62264,-0.05660,0.98878,-35.923,0.52830,0,0.52830,0.07547,0.95190,43.339,1,19.938,0.92192,-0.00128,0.94340,-1,1,-24.465,6.92,-0.11321
0,-44.564,0,0.73810,0.83333,48.447,-0.23810,0.33333,-0.14286,0.45238,-0.14286,11.154,0.12808,0.33333,32.795,0.28571,-0.07143,-0.38214,0.51163,0.067,0.02381,0.45238,0.04762,15.976,-44.924,-0.57255,-0.10234,0.24889,-14.259,1,0,-34.107,-0.04762,25.533,0.02381
1,1,0,0.43750,-38.115,0.58333,-0.10417,2.513,0,0.33333,28.392,0.47917,-32.616,41.4,0.10417,-15.985,0.02083,-44.358,-0.22917,49.677,-0.22917,0.33333,0.08333,0.25000,0.18750,38.393,-0.18750,0.44012,-0.10064,0.41667,-18.758,0.58333,-0.31250,0.33333,-0.06250
0,-29.897,0,1,1,0,-16.873,0,-21.858,0,14.088,0.47744,-0.89098,-0.51504,0.45489,25.373,0.28571,0.64662,8.713,-14.32,0,0,0,0.62030,0.20301,25.517,-1,1,-1,-18.039,1,0,0,16.728,0
1,1,-47.909,0.95217,45.316,0.93614,0.13030,34.475,0.19152,0.84881,-0.49962,-35.382,0.61320,0.77937,0.34328,0.72254,0.37988,0.66145,0.40844,30.297,0.59862,14.869,-23.415,0.46773,38.666,0.40440,0.44199,0.34374,0.43221,0.90330,-38.114,0.23405,0.39620,-45.52,0.37191
0,1,0,0.59840,0.40332,0.82809,-24.256,4.432,0.70709,10.619,-11.637,0.97311,0.07981,0.95824,25.868,0.91962,0.88444,0.95452,-0.05206,0.88673,0.18135,10.591,-0.69594,-15.643,-0.85755,0.28604,-13.791,35.119,0.17076,-2.094,0.42677,0.87757,0.81007,0.81979,0.68822
1,1,0,0.95882,0.10129,-19.501,23.699,0.98313,0.02555,21.335,-0.09316,0.98955,-0.02716,0.97980,0.669,3.747,-0.05343,-47.678,-0.05179,0.93840,0.01557,0.97620,30.485,-48.463,-0.05318,0.91567,-0.15675,2.366,-0.06995,0.90978,-12.059,1,-0.10797,0.93144,-0.06888
0,1,0,1.207,0,-16.832,0.85388,0,0,0.68869,19.322,0.97078,0.31385,-0.26048,-0.59212,-38.396,0.65565,0.94155,-2.434,0,0,-10.262,44.427,-0.18043,-1,0,0,-5.911,-1,0,-47.994,0.04447,0.61881,48.06,0
1,1,2.191,0.96933,0.00876,1,0.00843,0.98658,-0.00763,0.97868,-0.02844,-16.25,36.707,1,-0.01271,1,-0.02581,1,18.786,0.98485,-30.107,1,34.36,1,-29.427,0.96019,13.47,0.99188,-48.122,0.97020,-0.02478,5.406,-0.03855,0.98420,-0.04112
0,1,0,16.947,0,0.98919,-0.22703,0.18919,16.046,31.884,0,0.93243,0.07297,1,10.23,1,0.07027,1,27.993,0,0,-14.742,0.63,1,-0.41622,0,0,1,-0.17568,-40.942,0,41.715,-0.25946,44.407,-0.15676
1,1,-28.717,5.375,0.01403,0.34146,-32.491,37.446,0.03466,19.034,0.12195,-32.709,0.04755,0.21951,0.04878,0.29268,0,0.36585,0,0.31707,0.07317,-23.674,34.258,0.23698,0.05813,0.21951,0.09756,0.19304,0.05641,0.17410,0.05504,0.19512,0,29.747,31.129
0,1,0,1,1,-9.307,-1,0,0,22.735,11.619,1,1,1,-1,1,-13.704,7.249,-30.171,0,37.523,0,0,-0.123,-0.27778,0,0,1,-1,1,9.402,1,-43.167,0,0
1,1,-1.147,43.9,0.20408,21.359,0.24490,0.40816,-0.531,0.46939,0.44898,-11.579,0.59184,0.12245,0.55102,0,0.51020,-0.06122,0.55102,-0.20408,0.55102,24.642,0.44898,-0.28571,0.32653,-0.61224,0.22449,25.588,0.14895,-0.59184,10.417,-11.089,0,-21.723,-0.24490
0,1,-31.911,0.989,-21.685,1,-1,-39.739,0,0,0,21.869,1,1,-0.25342,1,0.23288,1,28.376,0,0,0,26.58,1,31.579,6.156,0,1,-1,0,0,-25.62,-1,0,0
1,24.173,0,0.89706,0.38235,0.91176,0.37500,-27.024,0.67647,0.45588,0.77941,-2.086,0.88971,-0.02206,0.86029,-0.20588,0.82353,-0.37500,-29.153,-48.718,-14.05,-0.73529,0.38235,-0.86029,14.202,-24.728,-0.12500,-0.67925,-39.547,-25.868,-0.42647,-0.44118,-0.50735,-0.28676,-0.56618
0,1,-36.197,6.828,0.28105,0.22222,6.22,-0.75693,-2.48,-0.30719,0.71242,-1,1,-0.81699,0.33987,-0.79085,-0.02614,10.818,-0.83007,-0.60131,-0.54248,-0.04575,-0.83007,0.94118,-28.573,-1,22.969,19.422,10.517,36.41,0.05229,0.18301,0.02614,-0.40201,-0.48241
1,1,0,0.26667,-31.294,0.53333,-29.173,0.33333,-0.13333,0.36667,-40.085,0.56667,0.01667,0.71667,0.08333,0.70000,-36.11,0.53333,-29.229,0.41667,-40.159,0.31667,48.674,0.70000,0,0.25000,0.13333,0.46214,0.05439,5.489,0.03333,-8.8,0.03333,-22.657,-0.05000
0,1,0,-33.23,0.40000,-29.783,17.679,-0.17778,-0.04444,0.06192,-0.06879,0.04461,27.251,-0.00885,0.02726,19.662,-0.00166,20.998,-0.00883,0.00470,-0.00153,-4.827,0.00238,-32.075,0.00102,-0.00069,-34.254,0.00019,-0.00043,31.588,0.00005,0,0.00015,-0.00008,0.00002
1,1,0,1.56,20.572,0.64865,0.29730,-39.61,-0.24324,-39.435,0.18919,1,29.446,0.51351,0,-29.434,-0.05405,0.32432,15.546,23.311,-0.17666,0.62162,0.05405,-37.906,0.13514,-43.385,-0.29730,0.61031,-0.22163,0.58478,-0.23027,0.72973,-0.59459,0.51351,-0.24324
0,1,0,0.94531,43.971,8.329,-0.33203,-47.599,-0.01563,0.97266,0.01172,44.354,-0.01953,-1,0.16406,-1,-0.00391,0.95313,-0.03516,0.92188,-0.02734,-0.99219,0.11719,-0.93359,0.34766,3.472,11.723,0.82041,0.13758,0.90234,-47.224,33.263,-15.893,29.92,-0.34375
1,1,0,0.95202,0.02254,0.93757,-0.01272,0.93526,0.01214,0.96705,-0.01734,0.96936,0.00520,-23.826,-48.353,22.12,45.27,0.99480,-24.582,0.99769,30.331,0.93584,-0.04971,0.93815,-0.02370,0.97052,-30.168,0.96215,13.623,0.97399,11.648,25.338,-0.03410,0.95838,0.00809
0,-31.557,-0.063,1,-20.375,-8.852,-1,0.5,-0.11111,0.36111,-0.22222,1,-0.25712,-34.048,44.736,1,-0.34660,23.312,-0.38853,1,-0.42862,0,48.11,1,-0.50333,-33.25,-0.27778,1,-0.57092,1,-0.27778,1,-0.63156,46.647,-0.65935
1,9.567,-36.071,0.31034,-0.10345,43.062,-0.10345,5.115,-0.06897,48.075,-6.606,16.068,-0.03689,0.01707,-0.02383,-27.682,-0.01482,0.00281,-0.00893,0.00078,-29.918,-0.00003,-0.00299,-0.00028,-30.108,-0.00031,-0.00090,-0.00025,-0.00048,-0.00018,-0.00024,-0.00012,-0.00012,-0.00008,-0.00006
0,1,0,22.646,44.164,0.72549,0,0.60784,45.911,-7.304,-0.11765,0.68627,-0.11765,38.81,-0.13725,0.64706,-0.09804,0.54902,-26.116,0.54902,-0.21569,-35.0,-0.19608,0.66667,-0.23529,0.45098,-0.25490,-8.57,-36.155,-25.091,-0.31373,0.43137,-0.21569,0.47059,-0.27451
1,1,8.38,0.25000,0.16667,0.46667,0.26667,0.19036,-36.96,0.07766,38.88,0.01070,0.14922,-46.583,0.10188,17.489,0.06317,-0.03766,0.03458,-0.03230,0.01532,-0.02474,0.00357,-0.01726,-21.851,-0.01097,-0.00539,-0.00621,-29.736,-37.277,-0.00520,-0.00089,4.125,29.232,-0.00291
0,1,0,-0.65625,0.15625,0.06250,0,29.698,0.06250,0.62500,0.06250,0.158,0,-0.03125,-14.835,0.06250,2.325,0.15625,18.82,0.43750,-32.672,-38.434,-0.09375,0,-49.77,0.03125,-0.46875,0.03125,-3.425,37.261,0.03125,-0.03125,0,0,0.09375
1,1,-48.038,46.774,-0.01081,1,-16.592,10.325,-0.06486,0.95135,-0.01622,0.98919,-0.03243,0.98919,0.08649,1,-0.06486,0.95135,20.41,-47.102,-9.115,1,0.06486,1,0.04324,0.97838,27.045,0.98556,0.01251,-32.887,-0.03243,22.111,0.02703,1,-0.07027
0,1,0,0.85271,45.829,1,0.08069,1,1,5.084,-0.00775,-27.493,0.03876,1,0.27153,1,1,12.287,0.04651,23.025,0.11628,-11.704,12.163,1,15.52,0.80620,0.03876,21.987,0.71613,0.84496,0.06977,1,0.87317,-9.93,1
1,1,0,0.90374,-37.765,1,0.08021,1,-33.197,0.93048,20.788,-17.324,-0.01604,1,0,-19.878,-18.409,1,0.04813,0.91444,31.774,0.96791,0.02139,0.98930,-0.01604,36.215,0.05348,0.96974,0.04452,0.87701,0.01070,1,24.214,-39.462,0.06417
0,1,46.729,-0.20500,0.28750,0.23000,3.929,0.28250,0.31750,-4.327,0.35000,0.36285,-0.34617,0.09250,48.333,-0.09500,0.21000,-0.08750,28.209,-0.34187,-14.255,5.893,-0.08000,0.29908,24.124,-0.58000,-0.24000,0.32190,36.272,-0.47000,0.18500,-0.27104,-7.165,0.40445,0.03050
1,1,0,0.60000,0.03333,0.63333,0.06667,-38.592,0.06667,22.601,0,0.63333,-27.236,0.80000,21.871,7.049,0,0.70000,-42.11,0.66667,-15.491,0.73333,-0.03333,47.83,0,33.951,0.13333,0.65932,0.10168,0.60000,0.13333,0.60000,46.229,0.63333,0.16667
0,1,22.752,-48.028,-0.00838,-8.609,31.488,-30.801,-0.01117,0.00559,-0.03911,0.01676,-0.07542,46.933,0.05307,-48.188,-0.03352,0,0.09497,-0.06425,27.627,-21.154,22.388,0.02793,-0.00559,0.00838,0.00559,0.10335,-0.00838,0.03073,-0.00279,0.04469,0,0.04749,-0.03352
1,1,17.113,0.94653,0.28713,-46.362,1.893,0.47564,4.26,0.01267,0.89109,-0.24871,0.84475,-0.47644,0.56079,-0.75881,0.41743,-33.95,0.07208,-0.65426,-0.19525,-0.52475,-0.44000,-0.30851,25.351,-0.04119,-0.64792,-30.793,-0.56420,0.36752,21.31,-32.143,-0.22535,-23.143,-0.05980
0,1,0,41.764,-26.75,-0.02586,0.04598,0.01437,0.04598,-21.61,-37.008,0.01724,-0.06609,-0.03736,0.04310,-26.463,-0.04598,-0.09483,0.08046,-0.04023,0.05172,-18.241,0.02299,-42.523,-0.01149,0.03161,47.977,0.00862,0.01724,0.02586,-14.541,0.02586,0.01149,-0.04598,-18.595
1,1,-2.382,0.72414,-0.01084,0.79704,0.01084,0.80000,0.00197,0.79015,0.01084,0.78424,-0.00985,-36.915,0.03251,43.353,0.01675,-9.804,-28.1,0.79113,42.984,0.75961,-4.128,0.74778,-16.335,0.72611,-0.01478,0.78041,0.00612,0.74089,-0.05025,34.462,0.02956,18.406,0.00788
0,1,0,0.03852,-23.243,0.00428,0,0.01997,-0.01997,0.02140,-0.04993,-6.936,-39.108,0.01427,36.26,0,-0.03281,-12.203,-0.02853,-0.01712,27.659,0.02140,-39.649,0.05136,-0.02282,0.05136,0.01854,0.03994,0.01569,0.01997,-21.596,31.491,26.946,-0.01427,0.01997
1,1,0,-45.781,-17.608,0.42328,0.33598,0.25661,15.895,0.01852,0.49471,-0.02116,0.53968,29.409,-20.249,-0.41270,-10.787,-0.51587,0.06878,-0.5,-0.11640,-0.14815,-19.363,-0.14815,-0.38095,-0.23280,0.00265,-21.241,-0.31739,37.983,-0.21693,0.24868,-0.24339,-6.759,0.04233
0,1,13.054,0.08696,0.00686,0.13959,-0.04119,-37.475,-0.08238,0.12586,45.878,0.23341,-48.533,0.12357,-39.583,0.14645,-0.13501,0.29062,-0.04805,0.18993,0.07323,0.11670,0,13.407,39.14,-20.44,-0.10297,0.08467,0.01373,0.11213,-2.133,0.09611,-0.07323,0.11670,-21.215
1,1,0,0.94333,-14.754,0.48263,5.249,-26.968,-34.695,-0.55941,-8.128,-0.73675,0.42048,-0.76051,27.287,-0.62706,-0.31079,-0.38391,-0.62157,-0.12797,43.323,0.49909,-0.63620,0.71481,-34.792,0.73857,27.385,0.60098,0.30384,0.45521,0.60512,0.02742,19.36,-0.21572,0.50457
0,1,7.811,0.01975,0.00705,-34.747,31.306,0.02116,0.01128,0.01128,0.04372,0.00282,0.00141,0.01975,-0.03103,-0.01975,-34.39,-0.04090,0.02680,-17.693,-9.803,0.04372,-8.464,0.01834,0,0,-0.01269,0.01834,-48.993,0.00564,-0.01551,-27.92,-6.448,0.00705,0
1,1,0,0.85736,14.916,0.81927,-0.05676,0.77521,39.269,0.84317,0.09037,-23.338,-7.673,0.88051,8.394,-38.722,0.182,47.466,-0.06796,0.83570,-0.14190,0.88125,0.01195,-39.517,30.317,0.79686,-0.01942,0.82383,-0.03678,0.88125,-0.06423,0.73936,-0.01942,0.79089,-0.09186
0,-44.879,0,8.568,-13.937,1,46.124,-1,1,1,-1,1,-1,44.79,16.204,43.079,1,1,1,1,1,-1,1,-19.277,-1,1,-5.219,1,1,1,1,-1,45.053,-1,1
1,1,0,39.569,-46.714,0.38887,0.76432,12.543,0.98903,-0.42625,0.88744,-0.76229,0.49980,-0.93092,0.10768,-0.85900,-0.31044,-25.274,-0.55262,41.062,-0.86063,0.28444,-0.80496,26.44,-0.35230,0.77814,21.822,0.71698,16.245,-34.86,10.943,0.19667,0.66315,-0.11215,0.64933
0,1,0,1,1,26.855,0.51250,0.62500,-1,1,1,0.02500,2.141,1,13.951,0,0,-46.554,-50.114,-26.218,1,1,1,0.31250,1,1,6.953,36.162,1,-13.607,1,-0.94375,1,33.637,0
1,1,0,1,-23.663,11.209,1,0.01961,1,-0.49020,0.92157,14.724,0.58824,-1,0.11765,20.687,-0.33333,-0.64706,19.396,-0.23529,-0.86275,0.35294,-20.188,0.74510,-0.72549,0.92157,-14.203,-4.707,0.21876,49.927,0.56863,0.23529,-26.175,-0.11765,0.90196
0,1,0,0,-2.741,-1,16.325,-1,0.049,0,-35.681,-1,26.118,1,1,46.756,0.232,0,0,0,-5.459,-1,-1,-1,1,1,0.43750,-13.064,-1,0,0,18.683,-1,-1,1
1,1,0,0.44444,0.44444,0.53695,0.90763,-0.22222,27.659,-0.33333,0.88889,-1,0.33333,-1,-0.11111,-1,-11.373,31.953,46.165,-6.141,-22.757,42.955,-0.77778,0.77778,-0.22222,0.33333,0,43.632,0.45019,0.57454,0.84353,0.22222,1,-35.349,36.656
0,0,0,0,0,0,-17.674,0.001,35.874,0,0,1.896,0,41.538,0,-33.02,0,0,12.428,0,0,0,0,0,0,0,0,1,0,0,-23.097,0,-39.51,0,27.896
1,1,6.593,1,-37.314,1,0,0.5,0.50000,0.75000,-33.294,0.91201,15.333,-30.014,-27.117,0.86922,0.16228,0.75000,0.25000,0.75000,0.5,-47.535,-38.743,1,-0.25000,0.5,-10.115,0.73944,0.26388,0.75000,0.25000,-4.467,0.29074,0.67493,0.30293
0,0,0,-41.771,1,1,1,0,0,-28.408,-1,45.991,-20.897,-9.787,-1,-7.559,-1,0,0,-1,-1,41.734,0,-4.248,0,-1,-1,1,-1,1,1,-1,-3.294,0,-29.255
1,1,49.494,1,0,22.334,-48.039,-41.134,-41.744,-7.48,-0.11111,0.88889,-0.11111,1,-0.22222,-12.523,0,0.77778,0,42.569,-0.11111,0.77778,42.527,31.301,-0.11111,0.66667,0,0.90347,-0.05352,1,0.11111,0.88889,-0.11111,1,0
0,49.888,0,0,0,0,0,0,0,0,42.257,20.576,0,-1,6.142,0,-0.127,1,0.75000,17.763,0,0,0,-1,1,0,49.545,-3.292,27.857,-1,-1,1,31.762,0,0
1,1,0,1,0.45455,46.301,-0.45455,1,0.09091,1,12.901,1,-11.337,1,-0.27273,12.505,-0.18182,43.265,36.829,1,0,1,4.667,46.655,0.09091,1,-10.953,1,-0.04914,1,31.467,1,-0.27273,1,-0.18182
0,1,-8.699,-3.307,-32.461,0,-29.937,0,-8.976,0.34470,0.28788,25.098,0.39394,-1.281,0.51894,0.36364,0.31439,39.247,0.32955,0.12121,-0.14773,0.01894,-0.53409,-0.57576,0.17803,0.29167,-0.27273,-5.223,-0.57576,15.009,0.24242,0.18182,-0.02273,0.17045,-0.41667
1,-30.359,0,1,0.11765,1,35.249,1,0.41176,1,0.05882,-9.174,0.23529,1,0.11765,-17.945,0.47059,-42.675,-0.05882,47.873,-0.11765,20.957,0.35294,1,23.528,-42.181,-28.08,1,0.20225,1,0.05882,1,0.35294,1,0.23529
0,1,0,0,0,-1,-0.62766,16.066,42.532,0.07979,-0.23404,-49.693,29.501,0.12766,-0.59043,38.22,-1,0,0,0.82979,20.995,-12.158,1,0.17021,-0.70745,0,0,-0.19149,-0.46809,-0.22340,48.567,-36.503,49.748,-0.67553,0.45745
1,1,0,0.91667,0.29167,0.83333,-0.16667,27.417,25.765,0.87500,-0.08333,0.91667,0.04167,34.978,0.12500,0.70833,0,8.214,0.04167,1,-14.776,-47.806,-0.08333,0.75000,-47.216,0.83333,-0.12500,33.764,0.05503,1,30.153,-8.83,0,0.70833,0.04167
0,50.781,0,0.18590,-0.16667,0,0,0,21.04,0,-21.28,0,0,47.446,34.683,22.306,0,0,0,0,0,20.645,-5.668,-0.05128,-0.06571,0.07853,0.08974,0.17308,-12.388,0.12500,0.09615,0.02564,-12.222,0.16827,0.19551
1,1,25.88,1,-0.08183,12.392,-0.11326,0.99246,-0.29802,1,-0.33075,0.96662,-0.34281,0.85788,-0.47265,10.872,-0.48170,50.18,-0.65224,-37.826,-0.63544,0.82450,-0.78316,-49.124,-0.74785,0.67033,-27.392,0.48757,-0.85669,47.097,-3.443,0.24117,-0.88846,48.948,-0.89621
0,1,0,1,1,-1,-39.134,-1,-0.82456,-43.238,0.21053,0.46053,0.07018,0.22807,0.05702,5.241,0.34649,21.669,-0.03947,-43.601,12.496,0,0,-0.29825,14.437,1,-0.66667,-17.791,-1,1,-0.24561,28.251,-24.137,0.82895,0.07895
1,1,0,1,0.24077,1.935,0.00369,0.80244,-0.30133,0.89919,6.518,0.70643,2.711,0.73855,0.538,0.71492,-27.74,0.47194,-0.61189,0.40473,-0.55059,0.61041,-0.39328,0.53176,-30.643,0.23966,-0.52142,0.29208,17.513,-8.315,-0.39143,4.665,-0.51329,0.18353,29.858
0,0.634,0,-1,1,9.715,-1,-13.773,0,0,0,1,-1,-6.797,1,0,0,-1.288,-1,0,0,0,27.916,-28.386,-34.719,-6.784,1,1,-1,-1,1,-7.573,-1,0,0
1,1,0,0.92247,-0.19448,0.96419,-0.17674,-39.221,-0.22602,-35.145,-0.27070,45.207,-0.28909,0.70302,-0.49639,0.63338,-0.49967,0.37254,-0.70729,0.27070,-13.588,-24.494,-0.54172,0.33509,-36.52,-39.768,21.338,25.545,-0.59589,-0.07162,-0.54928,-0.01840,-0.54074,-46.601,-0.47898
0,1,0,-34.441,-1,-0.50694,1,1,5.486,1,0.53819,0,0,33.035,10.827,1,20.146,0,0,1,1,1,-5.434,0,0,-0.71528,1,49.542,-1,44.341,-1,-13.051,-45.662,0.47569,1
1,16.81,25.271,0.84177,0.43460,0.5,-44.802,0.09916,0.93460,-0.37764,0.88186,-0.72363,-15.915,27.515,0.19409,-19.541,-0.25527,-0.62869,-0.65612,-0.422,-0.85654,0.16245,-0.86498,0.51477,-0.66878,0.74895,-32.905,0.77937,38.076,-37.515,0.42827,0.31435,0.62447,-0.00422,0.69409
0,1,-44.796,1,1,2.117,0,1,-1,-1,-1,1,1,1,6.713,0,0,1,-31.897,1,1,0,26.517,1,-1,-17.873,40.108,50.322,1,-1,1,-1,-18.039,-14.32,0
1,1,0,1,0.63548,1,-20.858,0.77123,1,-0.33333,1,-1,15.088,0,27.328,-1,17.728,-1,0,-1,-0.66667,-1,-0.92536,-1,37.887,-0.33333,-37.282,29.534,-1,34.565,-1,0,-48.909,-38.114,-0.66667
0,-23.856,0,25.725,10.606,-1,-1,0,0,13.337,1,1,-46.706,-1,-1,-1,1,0,0,-1,-1,33.119,1,45.25,0,1,-3.724,1,1,1,-12.527,1,-24.062,0,0
1,1,0,1,0.06843,1,0.14211,-11.072,0.22108,-12.49,3.547,1,-16.115,1,20.855,1,0.58986,-0.37500,1,1.7,23.718,10.779,0.92001,1,1,1,1,2.409,-47.678,1,0.25000,1,1,1,1
0,-49.442,0,-1,-1,0,-47.994,0,0,-16.495,-10.262,0,-6.911,0,0,45.427,-1,-20.501,0,-1,-1,0,2.747,1,1,1,-1,1,-1,0,20.322,30.578,0,0,0
1,1,-2.598,0.64947,-0.07896,34.969,1.063,-0.13129,47.846,2.489,36.786,0.38096,-0.26339,0.28931,13.195,18.832,-0.18947,0.20269,-0.29441,0.15196,-0.29052,0.09513,-38.409,0.06556,-0.26795,0.03004,-0.25124,-0.00046,-0.23210,-0.02612,-0.21129,-0.04717,-29.569,0.01336,-0.27201
0,1,0,0,16.1,0,28.107,-48.087,0,0,0,1,-0.33333,0.16667,0.26042,0,0,0,-17.249,0,40.715,-30.305,-0.21875,4.239,0.90625,15.947,10.93,0.04167,0.75000,-0.22917,-1,-0.12500,-16.013,-0.19792,-0.93750
1,1,0,1,0.05149,0.99363,0.10123,30.538,37.066,0.95513,31.619,0.66026,-28.17,34.94,0.25283,0.73781,0.27380,-40.275,0.28714,1.437,0.29304,-23.418,0.29200,0.45582,0.28476,0.39023,0.27226,0.32930,0.25553,0.27381,4.969,44.342,0.21378,0.18086,0.19083
0,1,0,1,-0.09524,-34.142,-1,-1,30.056,1,0.31746,0.81349,-41.405,-33.467,-1,-1,1,-9.833,-28.171,1,12.619,19.527,-1,-1,-1,7.079,0.36508,1,1,1,0.50794,-1,-0.32540,21.735,0.72831
1,1,0,11.17,-0.00190,0.60761,0.43204,0.92314,-11.144,0.93123,0.16828,0.96197,0.09061,0.99676,0.08172,0.91586,0.05097,-13.858,20.636,0.87379,-0.14482,0.84871,0.26133,0.75081,-0.03641,0.84547,43.527,38.396,-0.02302,-0.138,8.496,0.78317,-1.249,0.85841,-21.605
0,1,0,1,25.053,1,31.579,1,1,1,26.08,-10.885,1,1,1,-20.685,1,0,0,1,1,1,1,1,-1,25.927,21.869,1,-31.286,1,-0.75000,-1.485,-38.739,1,1
1,1,0,1,0.23058,1,-3.062,1,-48.322,1,0.15414,-25.62,6.434,0.98120,-0.06861,-28.83,0.06610,30.334,0.8,0.83584,-0.15633,-38.332,0.03728,0.99624,0.09242,-26.767,-0.01253,0.96238,-0.04597,0.91165,0.03885,1,-0.13722,0.96523,-25.434
0,1,0,0.36876,-1,-24.986,-1,-1.846,1,1,-26.682,0.74597,-0.38710,-1,-0.79313,14.017,1,0.48684,0.46502,23.491,37.135,-14.672,-0.20188,11.678,0.06895,0.03021,0.06639,0.03443,10.413,-0.00403,7.811,-0.00761,0.00108,0.00015,0.00325
1,1,0,-39.403,0.38265,-22.266,-0.16964,1,18.601,0.98151,-0.07398,0.70217,-35.836,0.99745,0.02105,0.98214,0.02487,-35.197,-0.13074,0.95663,0.07717,1,5.091,0.90306,6.378,1,-0.14541,1,-0.00394,0.75638,0.07908,-28.173,-29.617,24.4,-0.05740
0,0,0,19.678,0,27.226,0,0,-29.51,0,0,-34.253,-40.142,1,1,-3.829,-30.194,1,-1,0,0,1,1,1,-1,1,1,1,31.587,1,1,49.474,-1,0,-9.267
1,1,20.951,21.999,-0.28428,-37.663,-33.217,0.94623,-0.35094,1,-0.30566,0.92736,-30.547,16.671,-0.44119,-39.543,-0.58899,0.69748,-0.58019,0.59623,-0.57579,-31.389,-0.70975,0.54465,16.684,0.49214,-0.73333,0.35504,-0.76054,-43.473,-0.78239,0.16604,-0.73145,0.13994,-0.70000
0,1,9.329,0,0,0,0,0,0,33.413,1.515,0,-15.706,45.006,-1,0,0,-1,-1,-1,-1,12.727,-1,-40.859,-1,30.716,1.56,-1,-0.20000,1,-1,0,1,22.593,0
1,1,0,44.421,-24.691,0.95455,-0.09091,46.047,-48.322,1,0,0.95455,0,31.92,30.359,0.90909,-47.203,1,0,1,0,0.86364,0.09091,25.157,0.09091,0.90909,0.04545,0.91541,-46.57,0.95455,11.72,0.86364,-0.09091,0.86364,0.04545
0,-30.124,0,0,0,-1,1,45.847,1,-1,21.312,0,13.639,-1.063,-1,-1,-0.31250,-1,-1,1,-1,22.167,-1,0,0,-33.25,-1,-1,-1,0,0,-23.555,-1,-32.557,-34.214
1,49.36,0,0.91176,-9.94,0.97059,48.178,0.82353,0.08824,-5.639,-29.942,0.97059,-0.17647,0.97059,0.14706,-19.379,-36.042,1,8.567,1,0,-29.341,0.11765,46.53,0.02941,0.85294,0.02941,0.92663,0.02600,0.94118,-0.11765,0.97059,0.05882,0.91176,0.05882
0,1,0,-1,1,-1,0.15244,0.28354,1,-10.094,1,-1,21.019,1,-26.69,-1,-0.23476,0.28301,-1,1,17.031,-0.31402,-1,-1,-1,1,3.908,-1,44.207,43.821,-1,37.143,-26.321,0.14939,-34.908
1,1,0,0.47368,-0.10526,0.83781,17.543,0.83155,0.02615,-36.59,8.328,0.68421,0,0.79856,0.05028,-24.876,0.05756,0.84211,0.47368,5.129,0.05263,0.72550,0.07631,-7.229,0.08141,0.42105,-35.378,-21.194,0.08968,-36.673,-0.21053,46.591,0.09534,0.57418,0.09719
0,1,-49.77,-29.736,-0.5,0,-46.559,-0.01923,1,0,0,0,37.98,0,0,0,-38.434,2.325,0,0.31410,0.92949,28.879,0.74359,-0.34615,-33.104,0,0,38.065,18.463,0,0,0,0,0,0
1,1,-33.887,1,0.45455,1,-16.02,0.81818,9.961,1,-0.09091,1,0,0.788,-0.45455,30.334,0.27273,-2.425,-48.717,1,-0.27273,0.90909,-0.45455,1,0.07750,1,26.863,-13.929,0.08867,1,0.36364,22.111,0.63636,0.72727,0.27273
0,0,0,-1,10.473,21.318,15.52,44.774,1,-10.93,22.118,1,-1,1,-29.331,0,0,0,4.17,0,0,-1,1,1,-1,-1,-47.038,-8.11,1,0,0,1,0.5,0,0
1,1,-18.26,0.45455,0.09091,0.63636,-33.123,0.27273,21.169,0.63636,0,0.36364,-0.09091,46.229,-0.09091,0.48612,-12.718,0.63636,-21.06,0.45455,11.656,0.36364,-0.09091,0.27273,35.435,0.36364,-0.09091,0.34442,-0.01768,0.27273,0,-37.386,31.731,0.28985,-0.01832
0,1,0,-1,-0.59677,0,0,-1,0.64516,5.502,1,0,-14.569,0,0,24.123,46.729,3.829,-4.65,0,0,-19.474,19.782,0,0,0.29839,48.292,1,-39.924,0,0,0,0,0,0
1,1,0,1,0.14286,-14.591,24.506,37.557,22.615,-41.21,-0.14286,0.85714,-0.14286,1,0.02534,1,0,0.42857,33.175,28.974,0.03617,1,-0.28571,1,47.063,0.28571,6.03,-5.853,0.04891,1,0.05182,1,0.57143,1,0
0,22.752,0,1,-20.107,1,-1,1,1,1,1,1,47.063,1,-28.236,1,1,1,-40.292,1,-1,1,-7.676,1,1,32.48,26.551,1,22.871,1,1,1,-47.087,1,1
1,1,22.363,0.87032,0.46972,17.652,0.82161,21.833,-46.134,-0.38033,0.87916,-0.73939,0.58226,-0.92099,-30.633,-0.82417,-0.24942,-31.548,2.802,-0.24012,-0.82881,-48.064,46.152,0.51557,-0.57430,0.69274,-0.24843,0.69097,0.10484,26.429,0.39762,0.25974,0.56573,-0.06739,0.57552
0,0,0,1,-1,1,48.985,1,-1,-22.647,-32.285,1,-1,-36.017,-1,42.709,-1,-13.552,1,2.22,1,1,1,1,-1,-31.604,-25.379,1,1,1,1,1,-20.532,1,-1
1,1,0,0.92657,0.04174,-17.368,0.15766,0.86098,-18.391,-25.928,0.36526,18.422,0.40198,-41.723,34.038,0.66586,0.48360,0.60101,0.51752,0.53392,0.52180,0.48435,0.54212,-27.667,0.55684,0.33340,0.55274,-3.892,0.54214,-10.382,0.53448,0.14312,0.49124,42.617,0.46571
0,0,-21.603,-38.095,-5.887,28.623,-1,-36.749,42.013,1,32.517,0,0,1,-1,0,0,0,0,0,0,-1,1,1,1,0,0,1,1,-16.391,0,-3.382,-1,0,26.964
1,-38.653,0,0.93537,36.419,-22.332,0.25359,0.85705,0.38779,-10.322,0.47127,0.72352,0.59942,0.65260,0.75000,0.50830,0.73586,0.41629,-6.199,0.25539,0.85952,0.13712,38.68,15.424,0.88869,-0.07361,0.79780,-0.20995,-18.437,-0.33169,0.71454,-18.22,-11.513,-0.47419,0.55835
0,0,0,1,-1,-1,1,-21.591,30.75,46.94,14.054,1,1,-1,-1,-1,-1,-1.066,1,1,-1,-1,-1,-1,-21.561,1,0,-20.276,-1,1,-40.661,-47.252,1,-1,40.143
1,1,-48.521,-14.333,0.13069,19.546,0.24323,0.64615,0.19038,4.973,0.45577,13.743,-20.682,0.25000,0.57308,-26.931,-37.209,0.15215,44.534,-0.09808,0.57500,-0.03462,0.42885,-0.08856,0.44424,-0.14943,0.40006,-0.19940,0.34976,-0.23832,-8.482,-0.26634,0.23896,-0.23846,0.31154
0,-34.415,0,1,-1,-47.982,1,1,-1,-26.903,1,1,-1,1,1,-33.788,-1,1,6.811,1,28.287,1,1,-34.47,-1,-16.669,-1,1,-1,1,28.44,1,-1,-7.439,1
1,1,0,-33.476,0.13082,0.94120,-6.224,31.183,39.633,0.89009,0.32711,0.85550,0.45217,15.638,0.52284,0.69946,0.58820,0.58548,0.66893,-9.31,-38.802,0.44245,31.996,0.35289,0.903,0.26832,0.76210,8.623,0.78541,0.07497,0.80439,-0.02962,0.77702,-0.10289,0.74242
0,0,0,0,0,1,1,0,-24.201,1,1,7.568,0,46.79,-1,0,0,0,0,0,44.079,-40.422,0,0,45.124,0,0,47.629,-1,-7.793,-12.937,-1,-3.219,0,0
1,1,0,-46.184,0.15451,0.86399,0.29757,0.72582,0.36790,0.70588,0.56830,0.57449,44.68,17.636,0.74676,0.31705,0.67697,0.19128,0.76818,16.079,0.76171,-20.397,0.76969,-0.18479,13.168,-0.29291,0.65708,25.405,-45.293,-0.46799,39.218,-0.53146,22.463,-0.56231,0.35095
0,0,0,-27.218,-35.239,1,11.36,34.637,1,0,0,0,0,-1,-1,5.953,0,-1,-1,12.951,0,0,25.855,1,1,0,-24.614,1,1,0,41.255,-1,1,0,35.162
1,1,-13.987,0.88804,0.38138,20.742,0.69431,0.29148,0.87892,2.042,0.90135,-0.39597,0.80441,-24.858,-18.623,-0.82960,-47.285,-0.78940,-0.08205,-0.62780,-0.30942,15.081,21.092,-0.16449,-49.758,0.09562,-0.61055,-14.303,-0.48392,0.43227,-0.29838,0.47029,-0.09461,0.42152,0.12556
0,0,0,1,-1,-1.741,2.232,-34.681,1,1,1,1,1,1,9.582,1,26.118,50.201,1,1,-28.076,1,-1,1,-1,1,-1,-4.635,1,0.049,-15.064,1,1,1,1
1,1,0,0.73523,-0.38293,0.80151,0.10278,0.78826,0.15266,-6.141,0.05252,46.756,26.871,0.71947,43.001,0.68798,20.012,0.49672,0.17287,0.64333,35.627,47.517,0.42528,0.53120,-34.345,0.94530,0.57549,0.44174,0.48200,-5.334,1,0.35070,17.822,0.30588,0.49831
0,0,0,0,-21.757,12.428,43.177,1.896,0,0,0,32.619,35.874,0,0,0,0,0,0,0,0,0,0,0,0,0,-11.151,-32.02,-16.674,27.896,0,0,0,0,0
1,1,-39.51,0.94649,0.00892,0.974,-0.00260,-9.626,0.00372,0.95801,0.01598,0.94054,0.03530,0.97213,0.04719,-36.328,0.01858,0.94277,0.07135,-4.178,6.586,0.97770,0.04980,42.501,0.07098,0.93274,0.08101,0.95243,0.04356,0.97473,-30.897,-22.119,0.07061,-37.743,-0.00260
0,0,0,1,1,-28.259,-1,14.212,-1,0,0,0,0,-5.248,-1,0,0,-19.897,0,0,-48.285,-1,-28.255,1,1,-33.294,0,1,-1,-10.787,0,-7.559,-1,-1,-30.408
1,1,41.569,0.50466,-0.16900,50.208,41.749,0.71063,0.02258,45.672,-2.282,0.34615,-41.744,43.328,0.04393,0.68101,0.05058,31.304,0.05692,0.63403,-0.04662,-12.655,0.06856,-40.14,0.07381,0.84033,0.18065,0.59935,0.08304,0.38228,0.06760,0.56466,0.09046,0.54632,0.09346
0,1,-8.48,50.232,1,0.91973,30.001,0.81773,0.04348,0.634,0.10702,43.125,0.73746,0.70067,0.18227,0.75920,0.13712,-47.104,-42.106,0.70736,0.18729,0.64883,0.24582,0.60201,0.77425,1,-0.53846,0.89262,17.986,50.598,0.53846,1,-0.06522,21.899,0.23913
1,1,0,0.76296,-0.07778,21.312,-0.29630,1,-0.85741,0.80000,0.06111,0.45556,-0.42778,1,49.078,1,-6.34,0.49259,0.01852,0.82222,-0.05926,0.98215,-2.413,1,0.22037,0.69630,-0.26481,-42.04,-0.24549,-44.146,48.996,43.496,-0.27105,-28.589,-34.858
0,1,0,0.38521,-28.342,0.41245,0.07393,0.26459,23.443,0.23346,0.13230,0.19455,0.25292,-26.734,0.36965,0.08949,-42.859,45.69,0.36965,10.309,0.24903,-26.319,0.09728,-48.802,24.375,-0.02494,-22.059,-0.06024,0.26256,-0.14786,0.14786,-0.09339,0.31128,-0.19066,0.28794
1,3.125,0,0.57540,-0.03175,0.75198,-0.05357,0.61508,-26.291,-48.317,0.03373,-36.24,0.09921,0.59127,-0.02381,36.546,-47.222,0.70833,0.02579,0.60317,0.01587,0.47817,-0.02778,0.59127,0.03770,-26.389,0.03968,0.61291,43.341,50.433,-0.13492,0.68849,-0.01389,41.164,-0.03175
0,1,-49.032,0.06404,-0.15271,-24.723,0.05911,0.08374,-0.02463,-16.314,-23.275,48.791,46.865,17.445,-0.09852,0.05911,0,0.01970,-0.02956,-0.12808,48.53,0.06897,0.01478,0.06897,0.02956,0.07882,0.16256,0.28079,-0.04926,22.262,-0.09360,0.04433,-31.04,0.07389,-0.10837
1,1,0,0.61857,0.10850,0.70694,9.93,0.70358,30.434,0.74273,0.00224,0.71029,0.15772,-38.128,36.968,0.79754,0.06600,0.83669,-0.16555,36.226,-0.09060,24.101,13.002,-38.004,0.11745,0.71253,-0.09508,0.69845,-0.01673,0.63311,-22.459,-35.71,-0.05145,0.65213,-0.04698
0,46.745,0,14.872,42.204,-29.256,-48.66,-0.29620,-25.314,2.809,0,-0.664,-0.07342,0,0,-12.801,0,0,0,0,0,0.00759,0.68101,-0.20000,13.81,-0.10380,0.35696,0.05570,-1,0,0,0.06329,-1,0,0
1,1,0,0.88103,45.974,0.89818,-0.02465,17.407,40.478,0.89175,49.347,-38.217,6.875,0.88853,0.01179,0.90782,-0.13719,0.87138,-0.06109,0.90782,-45.877,0.87996,-39.722,0.82851,-0.12433,-45.013,-0.19507,0.88245,-0.14903,-42.618,-0.12862,0.88424,-0.18542,0.91747,-0.16827
0,1,0,47.378,-0.5,0,45.771,-16.897,0,0.46458,0.51042,-48.734,30.682,-7.773,0,0,33.058,0.16458,-0.45417,-27.126,-0.18333,0,0,0,40.377,0.98750,-0.40833,-1,-1,-0.27917,-0.75625,6.407,0,0,0
1,1,0,-31.192,0.01631,0.92007,0.01305,44.586,0.01359,-39.738,-16.169,-3.804,41.709,0.93040,-0.01033,0.93094,-0.08918,0.86025,-0.05057,0.89451,-0.04024,0.88418,-0.12126,-9.344,-0.11909,-34.9,-0.14138,0.86453,-0.11808,0.85536,-0.13051,48.225,-0.12452,20.778,-0.12235
0,1,22.885,0,30.736,1,0.12889,0.88444,47.135,0,0,1,-0.42444,1,45.483,-20.912,6.167,1,-0.81556,26.581,0,1,-0.04000,1,-0.18667,-17.759,0,1,-1,0,0,1,-27.872,0.90667,-31.12
1,1,0,0.81143,0.03714,0.85143,-0.00143,0.79000,0.00714,0.79571,-0.04286,46.889,0,0.85571,24.457,0.86429,-3.003,-45.314,-0.05429,0.81000,-0.11857,0.76857,31.388,-9.588,-0.05000,-21.392,42.479,-4.212,-0.08669,0.82571,-10.546,0.81429,-0.05000,0.82143,-0.15143
0,1,-0.746,0,0,3.771,0,0,0,0,0,0,0,-1,1,1,0.55172,0,-15.673,15.968,-12.14,0,0,-1.904,0,14.107,27.91,1,-41.456,0,0,-18.447,0,0,0
1,1,19.779,0.49870,-30.563,0.43117,15.0,0.50649,23.809,0.50130,0.09610,0.44675,0.05974,-32.919,-0.11948,0.51688,-19.974,0.52727,-0.05974,0.55325,-0.01039,0.48571,-0.03377,0.49091,-0.01039,0.59221,-37.454,0.53215,-0.03280,17.403,-27.574,-4.979,-0.05455,0.58961,-0.08571
0,8.415,0,0,0,0,1.272,0,25.718,-22.188,0,-13.924,0,0,-39.421,0,0,0,-31.479,0,0,12.827,0,0,0,0,0,1,-1,0,0,9.452,0,42.735,0
1,1,-36.695,1,0.5,1,0.25000,0.25000,1,0.16851,-31.402,-0.13336,-28.66,-0.34107,0.60793,-0.43820,0.37856,-0.43663,-43.022,-32.718,0.00678,-0.26477,-0.09025,-26.998,-0.12964,43.82,-0.12744,32.627,42.878,0.01033,-0.07036,0.02224,-0.04142,0.02249,15.943
0,1,0,0,0,0,34.026,1,1,-1,-1,0,0,1,-25.786,-27.889,0,0,0,-20.459,1,-33.858,-20.196,1,-1,0,37.016,1,-1,27.745,12.744,15.533,0,1,1
1,1,0,-5.456,46.842,0.64099,0.69212,0.31347,0.86625,-0.03933,0.90740,-0.42173,-10.173,-0.70561,0.51560,-0.81049,0.22735,32.663,-46.586,-0.67474,-0.38102,-0.38334,-0.62861,-0.13013,-0.70762,0.15552,-19.029,0.38544,-0.51568,-26.541,48.302,0.56239,-0.05938,-34.609,43.041
0,1,10.305,0,28.294,0,0,0,-48.706,20.769,1,-47.367,0,47.708,41.551,6.848,-0.12000,0,0,-20.692,-1,0,0,1,-1,0,0,1,0.22667,0,15.412,0,0,0,0
1,-40.682,0,19.41,0.43491,-41.569,0.77655,0.19672,-39.203,-0.24103,0.92544,-0.62526,0.71257,-0.86443,0.33652,-0.92384,-0.05338,-0.77356,-0.44707,47.774,24.001,-0.10237,-0.82217,0.26384,25.616,0.55984,-38.616,12.0,39.307,0.72478,0.09599,0.58137,0.38915,0.34749,0.57656
1,41.869,-8.534,0.32834,0.02520,0.15236,19.129,0.14919,0.74003,-0.25706,0.92324,-11.273,31.742,-9.178,0.25786,-0.94053,-0.05409,-0.13117,28.359,-0.30315,-0.44615,-0.11409,-0.85597,0.02668,29.39,0.27942,-0.06295,0.33737,-0.11876,-40.776,-0.11409,-35.328,0.13296,0.12197,0.20468
1,-20.022,0,12.036,0.39121,0.54040,0.78579,-11.085,0.89402,-0.33221,3.42,-0.70086,0.59564,-0.86622,3.864,-0.84442,39.26,-0.59714,-39.147,-0.19354,-0.87787,0.12439,-0.89064,21.065,-0.72454,40.051,-0.27734,0.83008,0.08718,0.66592,-18.833,0.37542,0.70011,-0.03983,0.79444
1,1,12.173,38.337,-0.03490,44.638,0.00481,0.60409,-0.07461,45.038,0.00963,0.62455,-0.07461,0.67028,0.07220,-45.601,-0.08424,0.67509,0.09146,0.67148,36.944,0.58965,0.10108,0.50060,0.03129,0.65945,0.14079,0.60463,21.279,39.647,-15.204,-9.563,-0.00963,0.61372,-0.09146
1,1,-7.826,23.888,6.697,31.392,0.03309,-37.024,0.16912,0.79228,0.07721,0.81434,44.796,0.63787,0.00551,0.70772,0.21691,1,0.06066,0.61029,0.05147,0.67463,0.04228,0.52022,-0.25000,26.508,-11.891,37.464,16.653,0.30882,0.08640,0.55916,0.07458,0.60294,0.21691
1,1,-19.109,0.61538,0.18923,0.78157,0.01780,0.77486,0.02647,0.65077,-7.043,0.77538,0.08000,0.73961,0.05060,0.72322,0.05776,0.68615,34.398,22.711,0.16308,0.66233,0.07573,-24.752,0.08041,0.60154,-0.07231,38.547,0.08767,50.447,-13.288,2.692,10.589,0.50609,0.09322
1,1,10.166,13.961,0.05375,0.84803,40.348,0.84341,0.00301,0.84300,0.09901,0.75813,0.04102,29.726,0.00585,-34.488,0.00673,0.935,-0.12447,0.77935,-0.03536,0.76365,0.00909,0.74635,-22.032,0.79632,36.987,0.70824,12.567,0.62235,0.11598,0.66624,0.01190,-10.128,0.01227
1,1,-43.578,0.5,0,-13.576,0.10435,-17.883,0.06522,0.46957,12.751,0.35652,-0.12609,-5.701,0.04783,0.50435,20.203,0.35652,0.19565,0.42174,0.14783,-18.771,-0.02609,5.53,-20.947,0.47391,-0.00870,0.41789,0.06908,0.38696,-32.412,0.35217,0.14783,0.44783,0.17391
1,1,-34.975,0.79830,0.09417,0.78129,0.20656,-37.435,0.269,0.69320,32.514,0.65917,0.50122,0.57898,0.60814,0.49210,0.58445,23.684,0.67861,35.739,0.63548,0.09599,0.68104,0.02066,46.52,-13.406,0.63183,-44.5,-31.732,-0.18226,0.56015,-0.25516,0.51701,-0.27339,0.42467
1,1,26.771,1,-29.793,1,0.25101,0.98390,0.33044,0.80365,43.622,0.74977,0.60297,0.56937,0.71942,0.55311,0.74079,0.29452,27.03,-20.459,0.343,0.09709,14.303,-41.285,0.79870,42.437,0.75596,-0.22839,0.69187,-0.31713,-19.061,-0.40291,0.54522,-0.42815,0.44534
1,1,0,0.89410,0.13425,0.87001,-33.639,0.78896,23.081,0.63388,0.59975,-40.839,0.71016,0.39699,0.76161,-41.095,21.935,0.09134,-44.389,-0.09159,0.76261,-0.20201,0.66926,-0.30263,0.62610,-0.40552,-27.469,-0.46215,34.87,-0.50314,-16.864,-0.52823,0.19172,-43.339,0.05972
1,1,0,-5.268,0.17498,6.735,0.33143,0.85096,0.49960,0.73678,17.038,23.442,0.73838,0.48698,0.83614,33.586,0.90665,27.262,0.93429,-0.00701,0.93109,-0.18880,0.89383,-47.446,0.82492,-8.672,0.76482,-0.58563,0.66335,-0.67929,-27.364,-0.75321,0.42488,-0.81210,-11.568
1,1,-9.373,-17.9,0.18198,-15.175,12.635,0.72873,0.45747,0.60425,0.69865,7.711,0.74922,0.36100,0.81795,0.15664,0.83558,0.00396,0.85210,-0.16390,0.77853,31.264,0.76193,-0.43087,-24.446,41.136,0.53886,-0.60328,-16.69,-0.64511,-30.603,-0.65710,0.13667,-0.64056,0.05394
1,1,0,-26.727,-17.023,-7.689,8.759,0.48409,0.52500,0.15000,0.22273,0.13753,40.439,-45.273,2.956,0,0.48636,-0.27491,0.42014,12.18,44.578,-0.36591,0.18864,-0.40533,0.07588,-26.59,-0.03229,-0.33942,-0.12486,-0.27540,-0.19714,-0.19962,-0.24648,-0.11894,-0.27218
1,1,-22.862,0.58940,-0.60927,-23.094,0.55298,0.81126,0.07285,14.053,0.16225,-33.754,0.24172,0.50331,0.12252,-35.426,0.19868,0.71854,0.42715,0.54305,-9.019,0.65232,0.27815,-41.684,0.07285,0.51872,33.054,0.49013,0.27687,0.46216,0.28574,0.43484,-30.757,-11.754,0.29942
1,15.275,0,1,35.404,0.70019,-0.12144,0.81594,-2.076,0.71157,0.01139,0.56167,-0.07780,-13.603,0.12524,-33.336,7.237,0.53131,-0.03416,0.69450,0.16888,0.72676,0.07211,0.32068,-10.367,-47.182,0.37381,28.773,-42.309,0.15180,0.32448,0.44141,0.18897,0.56167,0.15180
1,-11.115,0,0.84843,0.06794,-17.34,-0.02299,21.018,-0.03299,0.66725,-0.06620,0.59582,-0.07666,0.67260,5.204,0.64260,-30.429,9.826,0.04530,0.71254,0.01394,15.575,-0.08039,0.53430,-0.08453,0.47038,-11.177,10.119,-12.683,0.52613,-0.08537,0.44277,-0.09621,0.42223,-0.09808
1,1,5.146,1,7.972,41.806,-0.00482,0.96683,-0.00722,0.87980,31.373,1,13.988,0.96186,-0.01436,0.95947,-0.01671,0.98497,47.237,-44.16,-0.08848,0.95016,26.964,0.94636,-0.02591,0.98164,0.02003,-6.689,-0.03034,1,-0.05843,0.92774,-0.03464,20.042,-0.03673
1,1,0,0.47938,32.674,0.42784,25.332,0.70103,1.054,0.73196,31.324,44.942,-0.21649,0.49485,0.15979,0.45361,-0.11856,0.42268,0.06186,1.85,-23.538,0.54639,0.18557,0.42268,0.08247,0.70619,-33.138,0.53396,-0.12447,0.15464,36.654,0.47423,0.04124,-18.086,-0.51546
1,1,0,0.63510,-0.04388,0.76530,0.02968,0.61432,22.149,-47.064,-0.00462,-26.048,0.08314,0.79446,-0.43418,-20.161,41.379,-27.477,0.13857,0.63510,0.21940,0.63279,-0.25404,-47.582,0.15359,37.338,0.23095,0.68775,0.17704,10.009,0.07621,-38.021,0.19841,0.69053,0.36721
1,1,0,0.50112,-0.03596,0.61124,0.01348,0.58876,0.01573,0.58876,36.688,0.66742,13.696,43.812,-0.04719,0.66517,0.00899,0.57303,0.02472,0.64719,-0.07416,0.56854,19.182,0.57528,-14.86,0.46517,-6.769,-29.53,0.00824,42.075,-0.03596,-23.704,-37.869,0.60674,-0.08090
1,1,-18.306,0.71521,-0.00647,0.66667,-0.04207,-8.714,-0.05178,0.77994,-45.35,0.67314,26.773,0.64725,0.15858,0.60194,35.115,0.54369,-0.04531,0.46926,-0.10032,23.372,0.14887,0.39159,0.21683,0.52427,-6.117,39.746,0.00040,-11.51,-0.06796,0.49191,-0.10680,23.857,-0.05178
1,1,0,8.412,0.10370,0.77037,17.946,-42.775,0.08148,0.60988,-0.00494,0.79012,0.11852,0.59753,33.447,-5.774,0.09630,0.78272,-0.17531,0.73827,-0.10864,2.633,-19.787,0.60988,0.08148,47.971,14.645,0.63773,-0.02451,0.76543,0.02222,0.61235,4.561,0.51358,-0.04691
1,1,0,0.60678,-0.02712,-32.346,5.297,0.52881,-0.04407,4.297,0.03729,-47.083,-0.07797,0.57966,-0.02034,0.53220,46.724,0.64068,0.11864,15.575,-0.02373,0.53220,0.00678,0.71525,28.705,4.437,-0.03390,-45.615,0.00750,0.58644,-0.00339,0.58983,-0.02712,18.728,0.06780
1,1,0,0.49515,0.09709,-37.9,0.05825,0.52,38.963,0.57282,-0.02427,31.129,31.037,-28.346,0.04854,0.52427,0.00485,0.47087,-0.10680,0.43204,0.00485,0.34951,0.05825,16.015,0.25728,-36.096,-0.15049,4.402,0.03815,-34.073,0.17476,0.26214,0,0.37379,-0.01942
1,1,0,-28.389,39.447,0.93102,26.995,0.83904,0.35222,0.74706,0.48906,0.73584,0.51879,0.55076,-49.375,-27.265,0.66237,0.31800,0.70443,0.28379,-0.65,0.07515,0.73696,0.06338,0.71284,-0.16489,0.69714,20.899,0.60510,-0.16209,0.55805,-38.785,0.44195,-19.617,-9.529
1,1,0,0.97905,0.15810,0.90112,0.35237,0.82039,0.48561,44.342,-39.649,0.58827,0.73743,0.40349,0.83156,0.25140,0.84804,0.04700,-20.924,-0.12193,0.79749,-0.26180,-29.769,-0.37835,0.71676,19.379,0.58324,-0.57587,0.46040,-0.61899,-20.517,-39.126,-48.262,-28.126,-29.808
1,1,46.333,0.99701,0.21677,-26.508,0.47030,0.76902,0.62415,0.53312,0.78120,-32.91,0.88291,-16.307,42.75,-0.06827,0.89274,-0.28269,0.72073,-0.43707,-17.072,-0.55769,-9.162,-5.526,0.35534,-0.64658,0.15908,-30.791,-19.416,-0.64872,-0.13462,-0.54615,-0.22949,-0.47201,-0.35032
1,-40.543,28.696,0.94331,0.19959,44.859,0.40803,43.801,0.56569,-40.846,36.961,-46.357,0.83230,0.14939,0.89489,0.05167,-37.82,-0.24742,0.83939,-0.42811,0.75554,-0.50251,0.62563,-0.65515,0.50428,-0.68851,19.326,-0.77097,0.15619,-0.75406,-48.321,-0.75199,-0.17921,-0.66932,-0.34367
1,1,0,13.956,-4.254,0.80486,-0.721,0.58167,0.73151,0.34961,0.80511,0.10797,0.90403,-0.20015,-26.491,-0.39730,0.82163,-0.58835,-9.367,-0.76305,0.40368,25.436,0.18888,-0.81317,-0.04284,-0.75273,46.305,-0.63237,-0.46438,-45.953,-0.61446,-0.26389,-7.037,20.521,-0.71273
1,1,0,11.924,0.35157,0.67333,0.62233,3.668,8.837,-0.03643,0.80510,-0.22838,0.75334,-0.25137,24.908,-0.57377,0.28415,-0.66750,0.10591,3.794,-0.06193,-0.81056,-0.06011,-0.33197,-0.47592,-36.223,1.558,0.07158,45.03,0.24321,45.806,0.36586,-0.30057,0.42805,-22.613
1,1,0,7.85,0.10025,0.23308,38.559,0.03759,0.34336,9.847,14.215,0.06266,0.21303,-0.04725,0.12767,-0.06333,4.252,29.809,0.04097,-0.05431,0.01408,-14.402,-0.00280,-0.02876,22.07,-0.01755,-0.01505,-0.00886,-0.01475,-0.00280,-0.01250,-20.954,-0.00948,-6.064,-0.00647
1,1,0,-25.082,-0.35526,1,0.35338,43.532,-34.451,-18.669,22.13,0.50188,-7.898,0.65977,0.06391,0.69737,-45.771,0.72368,-0.42669,0.76128,0.04511,0.66917,0.20489,0.84774,-0.40977,0.64850,-0.04699,0.56836,-0.10571,0.52820,-0.13346,0.15602,-1.206,38.504,25.301
1,1,0,0.83609,0.13215,26.185,34.308,0.65829,0.08315,-31.384,26.334,0.43837,44.664,0.49418,0.12686,-44.645,0.13507,0.29352,0.02922,0.48158,0.15756,0.32835,0.14616,-37.303,0.14638,0.26436,0.14530,13.22,0.14314,0.26429,0.16137,26.765,-11.472,0.16655,0.13198
1,1,10.471,0.94080,0.11933,0.85738,0.01038,-6.057,0.01546,0.76966,-0.00278,0.84459,0.10916,0.83289,0.03027,0.82680,0.03506,0.74838,0.01943,-34.107,40.484,0.80862,45.926,0.80259,0.05352,0.77336,-18.4,0.79058,0.06235,-42.14,9.491,-0.588,0.07090,0.77269,-31.105
1,1,-14.261,0.87111,-39.657,0.79946,0.18297,6.052,0.29292,0.89455,-0.08337,0.88598,-0.02028,0.90446,-39.69,-37.308,0.19964,10.033,-0.04642,0.84452,-0.00991,0.97882,-0.34024,0.78954,-9.563,0.86661,1.507,43.848,-0.02908,0.78774,-0.04101,0.75935,0.21812,0.88238,2.979
1,1,0,5.596,0.02549,-31.822,0.09792,0.75855,0.12877,0.74313,-0.09188,0.95842,0.02482,-26.452,-0.00469,-47.951,0.10195,-36.106,0.03756,0.71026,0.02683,0.81221,-0.08048,10.805,0,-7.303,-0.01207,0.82271,1.101,-17.205,-0.01073,-17.053,0.11066,0.72837,0.02750
1,1,0,0.47337,0.19527,-36.083,-0.18343,-29.722,0.01006,0.45562,-8.775,-26.716,0.01775,0.44675,0.27515,0.71598,-0.03846,19.662,0.12426,0.41420,0.11538,48.869,0.02842,0.51183,-4.014,0.47929,-15.61,0.46514,0.03259,0.53550,0.25148,-15.48,-0.14497,0.34615,39.479
1,-25.77,0,35.52,0.14689,0.69868,-0.13936,50.577,-0.13936,8.31,0.02448,0.50471,0.02825,0.67420,-0.04520,0.80791,-0.13748,0.51412,-0.24482,25.373,-0.14313,0.70245,-0.00377,0.33333,0.06215,25.035,-0.33145,21.895,-0.16837,-1.36,32.12,0.53861,-0.31262,38.85,-0.22034
1,1,0,0.84713,-0.03397,0.86412,17.032,-48.854,47.086,22.823,-0.07643,0.71975,-0.13588,0.74947,-0.11677,0.77495,-45.277,-47.562,-28.528,0.61996,-0.10191,0.79193,-3.351,0.89384,-0.03397,0.84926,-0.26115,36.943,-0.23312,0.66242,-0.22293,0.72611,-0.37792,-32.399,-0.24841
1,1,0,25.44,-0.08152,0.83424,0.07337,0.84783,0.04076,0.77174,44.374,0.77174,-1.82,0.82337,-0.10598,0.67935,-0.00543,0.88043,19.829,-38.79,13.354,0.86413,-37.802,18.129,-0.27989,0.85054,-0.18750,0.83705,-0.10211,22.622,-0.03261,0.78533,-0.10870,24.107,-0.00543
1,1,0,0.74704,-0.13241,0.53755,0.097,0.72727,5.417,0.69565,15.408,-20.977,-0.23518,0.87945,-28.117,0.73715,0.04150,0.63043,-18.122,-31.547,-0.11858,44.113,-25.697,0.66403,-0.28656,0.67194,-0.10474,0.61847,-0.12041,0.60079,45.727,0.37549,0.06917,0.61067,-0.01383
1,1,15.116,49.494,0.11308,0.58980,0.00665,0.55432,0.06874,0.47894,-14.875,0.52993,-18.038,0.63858,-36.515,0.67849,-0.03326,37.145,-0.13525,0.52993,-0.04656,-31.733,12.039,7.547,-0.13525,0.41463,-0.20177,0.53930,-0.11455,-22.25,-0.02882,0.53659,-0.11752,0.56319,-0.04435
1,1,0,0.88116,0.27475,0.72125,0.42881,0.61559,0.63662,-30.126,0.90502,0.09831,0.96128,-0.20097,31.478,-0.35737,46.468,-0.65114,0.62210,-47.791,-10.582,4.258,0.19095,-0.83943,-0.08079,8.227,-0.26356,-0.67557,-0.45511,5.139,-0.60858,-48.465,-35.284,-0.19312,-0.75597
1,1,-40.837,0.93147,0.29282,-33.489,0.55756,-44.335,0.71596,0.26203,0.92651,20.358,0.96748,-0.23237,-42.01,42.062,-9.035,-0.73329,-17.813,-0.90995,35.739,-0.92254,0.06040,-0.93618,-0.19838,-0.83192,-2.683,-0.65165,-0.69556,-0.41223,-0.85725,-0.13590,-0.93953,0.10007,-0.94823
1,1,0,0.88241,0.30634,0.73232,0.57816,0.34109,0.58527,45.786,1,-43.181,-26.058,-30.213,0.71996,-0.69767,0.32558,-0.81422,0.41195,47.975,-0.00775,9.469,-0.41085,23.306,48.749,-0.57242,-0.67605,-0.31610,-0.81876,-0.02979,-0.86841,0.25392,-0.82127,-26.566,-6.322
1,1,0,0.83479,0.28993,0.69256,0.47702,0.49234,0.68381,0.21991,24.07,-22.425,0.85011,-28.854,0.77681,-0.52735,-36.272,-0.70350,0.31291,-0.75821,0.03939,-0.71225,40.386,-0.58315,-47.625,42.981,-27.419,-0.16950,-0.60863,36.003,-0.61488,-48.628,-0.48468,0.40591,-0.35339
1,1,46.865,0.92870,-25.947,2.887,49.36,0.49305,0.84266,17.538,0.95193,-0.13956,-15.338,-0.47202,0.83590,-0.70747,50.471,-25.554,0.36750,-0.91814,0.05595,-0.89824,-0.26173,-0.73969,-0.54069,-0.50757,-0.74735,-0.22323,-24.323,0.07810,-0.87159,0.36021,-49.638,0.59407,-0.60270
1,1,-36.499,0.83367,0.31456,0.65541,0.57671,0.34962,49.434,0.17293,-48.243,-0.18976,0.79886,-39.262,0.66541,-0.68421,0.47744,-0.74725,0.19492,-0.72180,30.369,21.701,-0.28195,-0.49165,-0.53463,9.734,-0.66014,-0.01530,-0.69706,0.22708,-0.64428,-30.664,35.027,37.617,-0.30075
1,1,0,0.98455,-0.02736,42.825,-48.701,1,-0.07635,0.98720,-12.787,24.428,-0.02604,-37.629,-0.07458,0.99382,-0.07149,14.447,-0.09532,13.988,-0.12224,0.253,-0.05252,0.95278,-0.08914,0.97352,-22.59,0.96653,45.616,0.93469,-0.14916,0.97132,-0.15755,0.96778,-0.18800
1,46.983,0,41.437,-0.01531,0.94170,16.476,0.94994,-0.01472,-38.617,-0.01060,0.94641,-0.03710,0.97173,-0.01767,15.589,-0.03887,3.763,-0.04064,0.95230,-0.04711,0.94229,-0.02179,0.92815,-24.358,0.92049,-0.04476,0.92695,-0.05827,-45.011,-0.07479,-28.336,-0.07244,0.92049,49.401
1,1,-39.039,46.741,-0.14384,0.91324,-7.775,0.96575,6.813,41.363,0.18265,0.91781,0.00228,0.93607,-0.08447,31.575,-0.00228,0.86758,-0.08676,0.97032,-0.21233,1,-43.359,0.92009,-27.77,0.92466,0.06849,33.998,-0.09252,-44.883,-0.20091,0.85388,-0.08676,0.96575,-0.21918
1,1,-10.233,6.932,-0.03390,0.94915,0.08475,0.52542,-0.16949,0.30508,19.894,0.50847,-0.13559,0.64407,-40.341,47.782,-16.423,0.54237,-35.713,0.55932,-49.29,0.59322,-16.592,0.86441,0.05085,42.2,0.15254,0.67287,-0.00266,0.66102,-0.03390,0.83051,-0.15254,0.76271,-0.10169
1,1,0,0.33333,-0.25000,0.44444,0.22222,0.38889,-21.745,0.41667,-4.566,0.5,22.774,0.54911,-0.08443,0.58333,0.33333,45.843,0.02778,0.25000,-28.185,0.47222,-32.136,44.19,-0.02778,0.38889,47.473,0.41543,-0.14256,-30.83,-0.13889,0.36924,47.007,0.08333,-0.5
1,1,0,0.51207,1,47.013,-9.903,0.71178,32.28,27.037,-4.564,0.33081,1,0.21249,1,-0.17416,1,-0.33081,0.98722,5.607,1,-0.52674,0.71699,-0.88500,-9.951,-1,-17.407,-1,0.09569,-1,-0.16713,-1,42.125,-0.91903,30.081
1,1,0,0.75564,0.49638,0.83550,0.54301,-21.613,-45.422,-42.104,0.70792,0.13469,0.94749,-0.09818,0.93778,-0.37604,0.82223,-2.432,0.71161,-0.68358,0.67989,13.405,0.24956,-0.79147,0.02995,-1.736,-0.29099,-0.70352,-3.334,23.891,27.718,15.627,-0.60454,-0.19609,-0.62956
1,1,0,0.83789,0.42904,-11.419,4.355,0.45625,0.78115,0.16470,0.82732,-30.711,0.86947,-0.46177,0.78497,-0.59435,-36.933,-0.78470,-15.408,-6.365,0.03928,-34.097,-0.31351,-0.47412,-0.48905,-0.37298,-28.286,-18.498,19.152,0.14690,-0.45911,0.37093,-0.39167,0.48319,-0.24313
1,1,0,0.93658,0.35107,0.75254,26.375,15.552,43.621,0.15323,0.95776,-20.155,0.96301,-0.56535,0.83397,12.04,0.58045,22.92,0.26020,-0.93641,9.388,-0.87028,-0.40949,-0.65079,-0.67464,-14.292,-0.84951,-0.04578,-32.392,17.245,-0.85762,0.54827,-0.69613,0.74828,-0.44173
1,9.415,0,2.197,0.36924,0.71976,0.68420,0.29303,0.94078,-43.3,0.76527,-0.31605,0.92453,-0.66616,-28.677,15.041,0.42314,-23.131,0.09585,42.898,0.03191,-40.085,-0.66278,32.188,-0.78174,-0.13486,-0.88082,0.19765,-0.85137,-26.347,-0.70247,0.69886,-0.46048,0.76066,-0.13194
1,1,0,1,-25.513,1,-0.05558,1,-32.3,1,-34.981,1,-19.474,43.98,-0.01731,1,-0.06374,1,27.673,1,0.05900,1,36.915,1,-0.02685,1,-0.22978,-35.695,-0.06823,1,0.08299,1,-0.14194,-31.351,12.67
1,1,0,0.95559,-10.968,0.86421,-0.13244,0.94982,-0.00461,0.82809,-0.51171,0.92441,0.10368,1,-0.14247,0.99264,-0.02542,-45.502,-0.15518,34.866,-17.748,1,-0.16321,43.749,-0.08495,0.85741,-35.14,-20.354,-0.01769,0.82427,15.514,0.80634,-27.908,0.78761,-6.347
1,1,0,0.79378,0.29492,0.64064,0.52312,41.591,0.68158,48.743,34.31,-27.235,0.78772,-0.42911,0.72328,21.198,0.41471,6.213,0.16755,-0.69977,-0.09856,45.884,-0.23503,-0.40637,-0.38287,-48.88,-0.52540,0.01523,-0.48707,0.19030,-0.38059,10.615,-0.23199,0.34572,28.214
1,1,0,0.88085,-41.812,-19.008,0.65128,0.34816,0.79784,46.766,0.90842,-40.446,16.277,-0.62635,-40.987,-0.77106,0.39309,-0.85803,0.08408,-0.81641,-0.24017,-0.64579,-0.50022,-47.764,-0.68337,-0.11147,47.489,0.17041,-0.71504,0.40675,25.815,0.56626,-0.36765,25.362,-0.13305
1,1,0,0.89589,0.39286,0.66129,0.71804,39.847,12.187,-0.04787,0.94415,-0.45725,0.84605,-0.77660,0.58511,-0.92819,0.25133,-0.92282,-8.687,-0.76064,-0.48404,-0.50931,-0.76197,-0.14895,-0.88591,-37.841,17.671,-10.638,-0.68593,-7.816,29.212,41.7,-35.549,0.76862,0.27926
1,1,0,1,-0.24051,1,-0.20253,-10.335,-0.10127,29.388,0.01266,1,0.11392,0.92405,0.06329,0.84810,-41.09,40.135,-21.39,-18.45,-0.01266,19.853,0.06329,1,0.25316,0.62025,-0.37975,0.84637,31.493,3.585,-0.06329,0.53165,11.228,0.83544,-0.02532
1,1,0,0.74790,0.00840,0.83312,-10.164,40.086,0.02469,0.86555,0.01681,0.60504,0.05882,-37.737,44.095,4.419,0.05407,0.64706,0.19328,0.84034,36.986,0.71285,0.07122,21.243,39.209,-14.584,0.08403,45.044,0.08296,0.61345,0.01681,0.58187,0.08757,0.55330,0.08891
1,17.582,0,0.85013,0.01809,38.635,0.01456,0.92046,0.02180,0.92765,0.08010,0.87597,0.11370,0.91161,0.04320,0.90738,6.771,13.046,0.02842,22.218,0,0.89097,30.755,0.88430,0.07697,0.83721,0.10853,0.86923,0.08950,-6.95,25.866,0.85198,-46.129,-10.89,0.10698
1,-12.545,0,1,-0.01179,1,-0.00343,1,-0.01565,1,-6.956,1,-0.02809,23.094,-19.131,37.845,-0.03087,0.99528,-0.03238,0.99314,2.124,45.357,-0.03881,24.143,-37.797,1,-0.04931,0.99842,-0.05527,0.99400,-0.06304,50.887,-0.06497,0.98971,-0.06668
1,1,0,0.89505,-0.03168,0.87525,0.05545,41.241,0.01386,0.92871,-25.364,37.942,34.478,0.94059,-0.01584,11.085,0.163,0.93663,0,0.94257,0.01386,0.90495,12.564,0.88713,-0.01782,0.89307,0.02376,11.387,37.975,0.88119,0.00198,0.87327,-10.731,0.86733,0.02376
1,1,0,0.90071,0.01773,13.79,-0.01773,21.077,-19.186,0.84752,0.05674,1,0.03546,0.97872,-22.031,0.97518,0.03546,-12.963,-0.03191,29.804,-20.866,0.86170,0.07801,1,0.09220,-31.551,13.324,0.94305,0.03247,0.94681,-35.27,1,0.01064,0.93617,0.02128
1,24.35,0,46.192,-0.24242,-5.531,0.01270,0.45455,0.09091,0.63636,0.09091,0.21212,-0.21212,0.57576,-43.427,0.39394,5.208,0.56156,-32.293,35.958,0.03030,0.78788,0.18182,-37.849,-0.15152,0.48526,-18.315,0.46362,0.06142,0.33333,-0.03030,0.41856,0.06410,0.39394,-13.076
1,1,0,14.349,-34.615,32.822,43.255,0.37201,0.818,0.08646,0.85893,-0.24118,0.86121,-0.51763,0.67577,-0.68714,0.41524,-0.77019,-29.792,-20.365,-0.13652,-0.49488,-0.42207,-0.32537,-0.57679,43.064,-0.59954,-41.114,-0.53127,0.32309,-0.37088,0.46189,-44.577,0.40956,0.01820
1,1,0,0.89563,-0.075,0.67311,0.69438,27.13,0.88696,-0.04193,-44.251,-0.38875,-16.293,-28.646,0.62078,-0.82680,0.30356,-0.86150,-20.724,-43.587,-0.34275,-0.51778,-0.62443,-0.23428,-0.73855,26.277,-0.73856,0.33531,-0.62296,-40.855,22.226,0.61217,-0.17343,0.60073,0.08660
1,1,0,0.90547,34.873,0.65354,0.74761,-46.817,22.099,26.949,0.97820,-12.352,-33.122,-0.79657,0.55086,-0.96631,0.15192,-0.93001,-0.25554,-0.71863,-0.59379,-0.41546,-0.85205,-0.02250,-0.93788,0.36318,21.997,0.67538,-41.958,0.85977,-6.495,17.286,0.09800,0.75495,0.46301
1,1,0,1,1,0.36700,0.06158,33.412,0.92713,-0.27586,-7.271,-19.133,-8.996,-0.87192,0.36946,-0.92857,-0.08867,-0.38916,-17.442,-0.46552,11.454,-0.05419,-0.93596,0.25616,-0.20443,-27.152,-0.45950,-15.181,-0.06831,-24.099,6.826,0.38670,0.00246,0.17758,0.79790
1,1,0,-25.205,8.893,0.45455,42.001,-8.267,0.36364,-0.32104,0.73062,-17.688,0.48485,-0.57576,0,-0.57576,12.621,-0.33333,-0.48485,-0.09091,-0.84848,0.48485,-0.57576,0.57576,-31.301,45.209,-0.39394,0.72961,0.12331,8.177,32.2,0.24242,0.36364,0.09091,0.33333
1,-22.948,-12.163,0.88110,-9.158,0.94817,-0.02744,0.93598,2.498,0.90244,-27.475,0.90244,0.01829,0.93902,-36.055,0.95732,0.00305,1,0.02744,0.94207,-42.385,-33.173,39.868,0.91463,0.05488,0.99695,0.04878,0.89666,0.02226,0.90854,-45.187,1,0.05488,0.97561,-0.01220
1,1,0,0.82624,-22.781,0.79078,-0.08156,0.90426,-0.01773,0.92908,0.01064,0.80142,0.08865,0.94681,-42.496,0.94326,0,0.93262,0.20213,-30.099,-0.00709,0.91489,7.204,0.80496,0.07092,0.91135,32.947,0.89527,-2.091,-13.517,-47.648,29.208,13.667,0.92553,0
1,1,0,0.74468,-12.485,0.88706,0.00982,36.175,9.648,0.87234,-0.01418,0.73050,-30.258,-33.046,0.02912,10.306,-10.392,21.205,0.07801,-9.998,0.04255,0.85597,0.04743,0.84931,0.05178,0.87234,0.11348,0.83429,0.06014,15.02,-0.03546,0.81710,0.06800,0.80774,0.07173
1,1,0,-17.27,0.03727,0.89951,0.00343,0.89210,15.02,0.86335,-7.626,0.95031,0.07453,0.87021,-12.105,0.86303,0.01151,0.83851,-0.06211,0.85714,0.02484,0.84182,5.162,0.83486,0.01749,27.783,-0.04348,0.82111,-45.051,0.81988,5.349,14.781,0.02308,32.213,0.02441
1,1,0,-22.289,0.00710,0.98579,0.01954,1,0.01954,0.99290,0.01599,0.95737,0.02309,45.651,0.03552,1,0.03730,26.434,0.02131,0.98579,0.05684,0.97158,1.398,8.837,19.175,0.98401,40.873,0.97540,-18.475,32.2,0.08171,0.99112,47.289,0.98934,0.09947
1,1,-33.334,33.798,0.01105,-27.073,0.01105,22.789,0.02320,0.99448,-0.01436,-19.892,-47.72,37.675,0.02320,1,0.00884,0.97569,0.00773,0.97901,0.01657,2.426,0.00663,0.98122,0.02099,0.97127,-0.00663,0.98033,0.01600,0.97901,-26.675,0.98564,36.938,0.98674,0.02762
1,-37.685,40.829,42.598,-0.01342,1,0.01566,1,-0.00224,1,13.763,0.97763,0.04474,0.95973,-6.789,1,-48.227,0.98881,0.03356,1,0.03579,0.99776,-30.002,0.95749,0.07383,10.392,0.10067,0.99989,0.08763,0.99105,0.08501,1,-24.149,37.663,0.10067
1,1,0,23.609,-8.978,0.67123,0.67382,0.39613,0.86399,0.02424,0.93182,-0.35148,40.132,-0.60316,0.58842,-0.78658,0.38778,-0.83285,-0.00642,-0.69318,-0.32963,26.151,-0.53924,18.766,42.414,-14.816,22.855,0.26028,-0.60678,0.44569,-0.43383,0.54209,-38.19,-44.868,0.02823
1,1,0,0.90147,0.41786,-19.156,0.75725,18.216,0.95148,-0.20449,15.739,-0.55483,0.81191,-0.81857,0.50949,-0.96986,0.10345,6.816,34.82,-0.70163,-0.65461,-18.629,-0.88999,0.05865,-7.34,-5.617,-0.82154,0.74105,-0.55231,0.89415,-0.18725,5.512,0.20359,0.70555,-11.276
1,29.739,2.146,0.32789,5.367,46.806,0.29308,0.14020,48.049,-0.25131,0.91993,-0.16503,-32.75,-0.63714,0.24865,-0.97650,-0.00337,-0.23227,-46.386,33.092,-0.48886,-0.14426,-0.89991,0.09345,-0.28916,0.28307,-0.18560,0.39599,-0.11498,4.102,-43.37,0.21443,0.20540,0.13376,0.26422
1,1,0,0.65845,0.43617,0.44681,0.74804,0.05319,15.856,15.505,0.82139,-0.68253,0.52408,-0.84211,3.979,-0.82811,30.259,-0.47032,-0.71725,3.989,-29.541,18.459,-0.76316,0.56663,-0.52128,0.74300,-38.382,0.74758,0.23713,-35.955,0.59071,-47.583,0.76764,-0.18533,0.74356
1,1,0,0.19466,39.021,-27.654,-1.087,-0.10557,0.48866,-0.18321,-0.18321,-0.41985,39.486,-0.45420,0.09160,-0.16412,-0.30534,-0.10305,-0.39695,0.18702,-0.17557,0.34012,-0.11953,0.28626,-34.627,0.21645,-9.656,31.051,-18.971,-0.03817,0.26336,-29.545,0.339,-0.30153,-0.33588
1,1,0,0.98002,0.00075,1,0,27.644,43.624,0.94721,-29.813,0.97700,0.02130,-47.467,0.03073,0.99170,0.02338,0.93929,0.05713,0.93552,0.05279,0.97738,-49.921,1,19.952,-37.496,-30.496,0.96709,0.07255,0.95701,0.08088,-19.843,21.146,0.97247,0.08616
1,1,0,0.82254,-16.483,-8.839,0.00231,42.792,-0.01214,0.86821,-21.854,0.72832,-40.415,0.84624,0.05029,0.83121,-0.07399,0.74798,0.06705,0.78324,0.06358,0.86763,-0.02370,-16.9,-0.06012,0.74451,-30.148,-4.109,-0.02731,-26.744,-0.07630,0.70058,-0.04220,0.78439,-38.456
1,1,42.996,-27.074,-33.415,-18.745,-0.02423,0.68195,-0.03574,19.574,-0.06119,0.61836,-0.10467,0.62099,36.187,0.59361,-0.07289,0.42271,-41.807,0.58213,0.04992,0.49736,-0.08771,0.46241,-41.503,44.347,-0.00564,0.39146,-0.09038,0.35588,46.23,0.32232,-0.08637,0.28943,-0.08300
1,-44.489,20.611,0.76046,0.01092,-45.912,28.698,0.85821,0.00384,0.79988,0.02304,-9.181,0.12068,0.83096,-38.75,-5.51,0.00854,0.82777,-0.06974,-26.619,0.03881,-47.507,0.01148,0.75071,0.01232,0.77138,-0.00303,0.70886,0.01375,0.66161,0.00849,0.66298,0.01484,0.63887,-1.234
1,1,-4.534,0.66667,26.235,0.97404,2.162,0.49590,13.517,0.75683,45.546,0.65164,-0.14071,8.296,-0.48907,0.39208,4.855,0.76776,0.31831,25.206,0.11339,47.05,-23.195,1,0.00683,0.60656,0.06967,0.68656,0.17088,0.87568,0.07787,0.55328,0.24590,0.13934,0.48087
1,1,0,0.83508,0.08298,8.296,-0.14706,10.57,-0.05567,0.90441,-0.04622,-35.2,0.13130,0.81197,11.093,47.034,-0.08929,5.173,22.06,0.96639,0.06618,0.87605,0.01155,0.77521,14.018,0.95378,-0.04202,0.83479,3.23,39.386,0.12815,0.86660,-0.10714,0.90546,-0.04307
1,1,0,0.95113,-14.356,-6.67,-0.02723,0.93438,-0.01920,39.002,-45.902,0.96510,0.03281,0.94171,-5.994,0.94625,-0.01326,26.375,0.00140,0.94834,0.06038,30.799,0.08412,0.93124,0.10087,-20.01,0.01361,0.93522,0.04925,0.93159,0.08168,-24.726,-0.00035,43.693,0.04712
1,1,26.204,-30.676,-0.00034,0.93207,-0.03227,0.95177,-11.643,0.95584,0.02446,0.94124,0.01766,0.92595,0.04688,-44.153,-0.01461,0.94837,21.956,0.93784,-1.07,26.377,0.07677,35.143,0.06148,-33.505,-19.462,0.92489,0.02542,0.92120,0.02242,0.92459,0.00442,0.92697,-0.00577
1,1,26.577,0.90608,-34.924,0.98122,-0.01989,0.95691,45.841,45.318,0.00110,0.89724,-0.03315,0.89061,-18.437,0.90608,-0.04530,-36.684,-0.00884,0.80773,-0.12928,-30.293,0.01215,0.92155,-0.02320,0.91050,-0.02099,0.89147,-0.07760,13.814,-0.17238,11.431,-0.03757,0.87403,-1.529
1,1,0,-38.853,0.13533,0.73638,-0.06151,0.87873,0.08260,0.88928,1.508,0.78735,0.06678,0.80668,9.395,0.79262,-0.01054,0.85764,40.414,0.87170,-0.03515,0.81722,-43.095,0.71002,5.105,0.86467,42.837,-6.097,-0.04822,0.78207,-0.00703,0.75747,-0.06678,10.004,-38.263
