1,-43.029,0,26.268,5.898,37.334,-16.718,0.486,1.345,-42.936,0.432,-24.046,-41.084,22.999,-0.44945,-21.809,-0.38223,-21.774,-48.159,18.087,46.706,0.56971,-0.29674,6.977,-0.47357,-21.517,-43.172,3.532,22.941,24.641,10.938,-32.008,-0.54487,28.01,-0.45300
0,29.596,0,1,-39.536,20.688,-43.272,12.016,11.972,-25.197,-36.68,28.266,-0.67743,-38.997,6.288,47.187,-0.97515,0.05499,-6.316,-43.19,-1,45.006,14.686,21.583,46.558,14.039,-0.26569,-23.942,33.237,-4.384,-9.388,33.973,-0.06288,-7.011,-42.281
1,1,-38.63,46.391,5.325,13.846,22.07,-30.324,38.039,-35.086,-48.716,0.73082,3.212,-17.352,16.377,-27.669,0.00299,-39.038,39.746,-20.78,-22.742,25.29,44.757,42.563,-46.238,0.57528,-17.257,0.58984,-0.22145,0.43100,-9.593,45.018,41.13,12.613,-0.38238
0,1,-20.701,-45.661,-12.758,-19.034,46.168,-11.871,47.151,25.094,25.614,-47.895,39.815,-44.535,44.503,-45.891,0.14516,-8.134,37.328,-1,35.173,22.654,1,-30.451,0,8.919,1.091,-3.203,9.473,12.151,-0.20099,-14.527,1,-18.566,1
1,-41.799,0,43.719,-12.686,21.535,-14.959,0.92106,5.617,0.77152,25.405,-11.482,18.947,-7.103,24.198,1.901,10.585,-41.431,-0.21780,36.755,38.605,6.632,-28.789,8.901,-0.52879,38.753,17.899,0.13290,-19.483,0.02431,-47.1,21.377,47.288,9.959,-0.65697
0,1,37.542,37.624,-12.467,46.925,-35.914,-0.00763,-0.11824,-23.81,2.696,44.288,45.583,0,-28.018,24.539,-0.15540,-27.777,-27.098,-46.364,41.469,-22.122,-3.66,0.01519,18.166,0.03513,1.819,-1.215,46.023,-0.07859,-11.175,28.157,8.36,49.36,9.982
1,1,-9.223,46.692,32.921,0.94601,5.644,4.938,-5.523,45.124,24.03,41.401,17.466,-47.241,-20.581,14.794,-6.98,25.076,11.34,33.275,-0.73641,0.36324,-10.274,-32.534,-0.79753,44.038,33.184,0.13659,-13.24,27.657,0.093,-0.04262,37.951,5.676,-0.80975
0,0,23.048,22.366,-11.352,0,0,-21.021,-1,15.253,13.144,-1,-8.528,45.287,13.96,41.083,-12.825,1,1,-39.943,-29.974,0,-23.772,4.564,12.11,-5.952,-43.339,29.974,39.262,-36.35,-6.689,-13.159,-38.482,8.07,1.722
1,8.802,19.944,-34.943,-5.699,-19.272,22.864,8.818,-0.21313,22.935,-44.319,0.92570,-30.813,-36.564,-10.525,35.84,0.337,-28.175,-22.221,-9.671,-3.795,0.75346,-0.60589,-38.912,-0.64225,29.385,-0.65440,-31.722,-49.589,0.25435,4.238,-46.35,-34.104,47.285,-0.73420
0,1,0,-48.183,-15.942,0,8.341,3.965,30.445,-10.142,-0.26810,28.096,46.952,-39.767,0,-29.167,19.669,-13.26,32.308,6.384,0.22115,15.841,-16.963,32.658,0,-8.631,42.333,-43.168,-0.02294,-28.525,11.132,-39.534,-43.487,19.897,5.726
1,-39.007,-45.837,-12.222,0.06655,1,12.912,33.913,36.596,-14.562,-0.43107,-43.206,-2.677,-14.116,-7.522,34.85,4.287,6.69,-26.003,45.211,-0.70997,0.70645,0.95,0.63081,1.246,19.544,32.945,0.47211,-1.958,4.12,-49.662,17.859,47.301,0.22995,49.027
0,-43.27,-18.205,-26.519,17.655,1,1.187,7.238,-22.058,33.596,23.247,1,1.663,-10.234,5.235,28.606,-50.415,-36.592,9.752,-30.859,14.755,1,-5.907,1,-18.763,25.566,-6.402,-7.393,13.401,1,-1,8.791,-41.705,1,-1
1,8.182,30.815,-29.003,-18.718,6.168,-0.10169,1.287,15.256,-16.663,19.412,0.94055,-22.141,0.95735,-37.042,17.417,-0.34412,19.354,-41.593,-7.075,-0.43383,0.86043,5.718,-15.21,-0.51220,25.728,22.504,2.641,-4.767,-31.625,24.577,3.833,32.616,-13.947,-0.67226
0,-44.583,6.22,-40.943,-22.769,-10.558,28.202,-22.436,47.865,17.788,-6.311,-41.143,49.648,-4.362,0.07772,22.192,-0.14767,13.433,-28.27,-28.253,-1,32.237,0.15803,11.413,15.723,27.92,-0.17012,24.506,0.35924,-3.395,-33.753,-14.213,-34.634,1,-0.18826
1,14.057,0,32.491,-8.599,49.994,41.458,-42.218,34.94,-5.641,48.812,-27.943,15.331,17.718,0.20328,-8.453,-17.715,-0.257,-23.888,1,0.27087,21.518,5.976,-6.021,-3.881,1,0.20033,1,28.103,44.251,36.25,-36.252,-5.21,9.93,0.46712
0,47.809,-29.954,12.429,-0.93996,-27.359,-30.372,-25.062,13.387,1,20.293,0.43685,45.709,-49.201,-22.13,29.085,41.324,-0.37681,0.03623,-11.453,-1,-44.569,32.613,23.279,-41.975,33.419,49.777,-27.283,-33.054,-13.819,10.67,21.851,-35.007,0,0
1,1,21.923,35.934,-30.118,25.821,-0.01236,-18.474,-28.176,25.091,0.862,31.613,28.235,0.89323,46.821,48.9,0.05269,0.88809,5.102,0.86104,44.411,46.531,-42.076,0.83668,-16.67,19.427,24.411,0.79476,5.237,-22.621,-31.523,-37.242,-12.149,1.609,4.596
0,0,-40.107,-2.0,31.001,-15.461,-1,-37.491,-45.241,-2.769,-23.133,-1,36.357,21.315,-1,16.125,-3.133,-44.631,20.559,45.792,44.831,5.976,-1,-28.826,-47.049,28.569,28.297,-13.409,14.393,-1,-9.366,-1,-37.001,24.267,-1
1,-7.104,-33.94,0.975,3.28,-2.345,0.05031,49.248,0.18761,0.08776,-16.119,-23.45,0.12131,38.596,9.168,-17.466,27.232,-19.819,6.112,-2.123,-48.72,0.53888,18.971,0.51420,37.421,-42.853,-43.466,34.215,-27.122,-39.864,38.852,-21.194,0.25792,16.663,0.33036
0,-13.435,39.595,1,-37.495,-7.753,-5.288,-42.037,-2.564,-23.002,-38.548,1,-39.982,-27.772,1,-44.262,-44.999,-1,8.356,37.283,-47.892,1.219,6.535,-12.62,8.972,-1,39.042,-12.902,-30.617,1,-1,-13.616,-6.09,48.575,1
1,1,-23.598,1,1.631,19.966,-34.744,-15.139,-39.054,1,7.242,-12.155,49.229,7.661,11.876,-30.894,14.554,-3.298,13.034,-48.357,8.739,0.91693,11.506,1.582,-0.46866,0.81874,13.376,0.243,28.296,22.27,16.107,-10.397,-21.331,0.74354,-0.45039
0,-6.771,31.723,-10.664,41.963,-20.325,-25.488,-42.413,0,38.562,28.28,44.789,-3.825,-31.052,-22.441,-49.77,-1,-1,23.147,-1,1,14.002,-27.686,49.809,-5.749,-8.369,0.222,6.584,-46.633,-1,36.512,36.884,1,-1,-10.048
1,22.331,0,-41.904,0.07088,-13.324,10.258,41.513,19.322,-22.739,43.938,31.941,28.805,-3.931,-0.06142,-29.74,24.593,0.76544,-49.786,-46.061,9.759,-32.333,-0.07905,0.64158,-22.332,49.429,-1.124,0.58051,16.153,-17.066,5.424,48.343,8.736,20.591,-0.00182
0,-42.525,31.347,-1,9.333,-17.425,-13.643,27.259,0,23.954,0.411,-22.189,13.824,32.836,0,0,49.324,-47.563,46.621,-14.642,46.793,-23.944,-40.31,0,-27.518,-41.161,-13.662,1,-1,10.49,25.263,-6.157,35.206,0,16.299
1,1,-47.773,-31.43,36.42,1,11.308,-21.085,24.377,6.957,-0.01707,-21.414,-16.859,-40.061,-0.05202,0.93392,-44.002,1.086,-0.07379,18.162,-25.102,2.671,23.087,0.46,24.956,0.84932,6.259,-41.935,-0.29174,23.133,-44.414,3.665,46.765,-21.976,27.429
0,1,47.704,15.242,34.717,-41.257,26.757,-25.197,-6.693,46.137,-44.521,1,-24.738,20.757,32.421,1,-1,1,45.916,16.139,-7.874,-35.635,-43.538,13.125,-10.272,1,5.985,29.596,20.764,13.908,-40.347,-3.193,-40.341,1,-1
1,1,16.368,-30.324,39.795,-34.976,45.218,45.28,41.311,-37.682,41.983,0.95473,-28.629,0.88486,-21.853,12.932,37.925,3.969,-40.498,45.155,-1,-8.516,0.11053,22.689,-18.992,0.55389,-23.485,13.328,-49.593,24.987,-17.752,0.32984,-0.92128,5.226,-47.117
0,-47.895,0,36.721,-47.661,-44.891,0,-0.816,24.353,40.815,-0.37500,25.614,-18.242,0,-12.583,35.718,0,26.094,6.919,-4.719,-31.451,-43.535,44.168,0,-14.784,9.473,-13.307,-9.675,45.503,10.151,-1,-20.701,0,47.151,-19.034
1,22.434,0,9.878,10.943,1,18.725,-11.01,-42.094,0.98172,39.429,48.884,-27.955,25.206,-42.207,1,10.713,6.85,-18.123,43.719,21.545,1,1,0.98042,-45.478,-14.108,-11.662,19.989,39.72,37.052,2.558,-7.024,26.569,7.097,1
0,45.931,0,36.6,-4.696,42.523,1,1,-47.248,-29.018,-34.794,46.646,36.542,-24.957,-13.461,0,-1.183,48.024,2.834,-1,-23.14,1,8.862,-10.182,43.25,19.157,1,50.36,27.157,3.63,-1,-27.996,-26.773,9.36,23.585
1,1,0.917,-8.508,-48.165,1,43.648,-5.366,5.616,25.497,27.536,45.264,45.466,-11.414,-9.485,-19.074,33.78,13.021,17.559,1,13.586,34.027,-33.208,-4.239,23.707,39.765,-0.47643,0.98820,32.4,5.01,39.845,1,-0.75761,6.814,-0.84437
0,1,4.564,1,0.722,-5.689,-27.974,13.11,44.287,-5.952,-1,-22.772,-39.943,14.144,-0.01840,-43.339,-1,42.083,1,-6.528,-40.338,39.262,-10.352,-11.825,-23.021,0,15.253,14.96,1,29.974,-37.142,9.07,23.366,-13.159,24.048
1,-34.907,-21.868,-2.253,-0.14639,23.941,-20.382,22.856,-0.16450,-45.918,34.766,-9.233,-49.21,-28.306,0.487,-31.477,-5.986,-43.151,7.482,-32.624,-10.987,20.65,-0.47153,0.66150,-38.01,0.61297,-30.858,0.56804,-0.54629,29.036,46.297,5.348,-40.182,8.224,-0.58086
0,6.346,19.283,0.71253,-12.915,16.254,-39.931,-40.952,-0.682,-45.607,-28.933,1,-0.10951,-42.785,9.341,1.045,-1,48.092,-0.17863,6.554,-10.539,-16.117,0.92730,0.51933,32.713,-9.094,-0.20392,2.478,28.14,-43.09,-28.744,-16.102,-9.357,47.102,41.346
1,29.094,0,-25.48,38.183,-35.106,0.27686,32.287,-34.862,1,48.899,42.732,-0.49863,6.408,12.859,50.151,-18.984,28.362,28.328,48.51,1.331,19.125,30.522,30.96,-22.658,-16.971,0.14803,1,-0.11582,1,-31.83,3.118,30.857,-16.744,-27.513
0,1,1.644,-31.949,17.895,-27.265,13.03,21.773,-0.67321,0.80893,-27.868,-35.485,45.165,26.987,-6.79,-5.025,-41.173,22.274,25.244,26.207,-11.041,1,0.85268,6.961,-1,-28.15,-5.638,43.022,-0.08571,-32.772,-33.159,1,15.415,37.847,-31.488
1,19.285,0,1,-14.602,-31.285,30.081,-33.846,33.408,48.863,25.706,0.97839,-14.63,-21.028,-20.814,25.558,30.076,-2.295,-28.179,-32.29,-28.132,-0.629,-12.682,0.94815,-0.13565,41.058,-0.20851,0.89067,6.431,-1.337,-29.963,-30.922,-33.825,-16.123,-0.20766
0,11.583,19.944,-41.106,17.526,1,-1,13.999,49.578,-32.808,8.844,-29.599,-47.208,27.361,-6.984,0,3.348,-1,26.046,-21.833,1,46.73,3.066,37.045,28.65,-31.529,-1,14.225,32.67,-0.911,-17.1,-1.559,-26.809,0,0
1,1,-3.629,13.98,13.509,-38.484,24.574,6.594,48.956,16.683,37.477,10.459,20.926,-7.311,-40.808,5.59,27.1,32.15,0.12722,-37.308,-41.792,0.80983,0.11849,-42.194,40.609,0.75755,0.11299,48.836,-47.358,17.214,0.15300,5.2,17.02,0.65258,35.025
0,1,20.98,36.787,19.949,0.99672,-41.947,0.97545,-5.265,-31.281,12.084,0.91036,16.156,13.637,-35.556,19.99,23.86,33.978,0.15189,4.889,11.509,40.546,-1.918,0.60138,-0.195,-4.619,-38.314,0.48867,0.759,0.43481,41.256,-35.537,-20.083,-21.632,9.13
1,43.605,-33.813,-45.344,-27.969,1,-37.417,-29.484,-38.736,-40.682,-44.612,-46.943,31.302,-24.23,10.208,-30.67,-38.646,42.62,0.60756,30.831,0.62999,-16.468,0.67135,-2.428,-8.652,42.33,1.165,19.797,-19.945,0.19296,31.557,0.11372,-14.224,0.06990,0.71444
0,1,14.467,-44.745,20.317,1,30.435,-33.74,-9.321,0,0,-0.659,28.601,10.885,35.193,-3.339,15.978,13.721,-47.78,0.08750,-20.516,2.64,-1,21.029,33.5,24.633,-1,-19.4,-1,-38.782,1.073,9.235,22.639,-14.942,-47.329
1,1,-35.379,-27.125,-32.487,0.86528,38.976,5.949,16.773,0.55187,31.382,13.884,-33.673,-38.001,-36.75,-12.473,-0.764,27.754,0.49618,18.348,23.818,0.37824,0.54462,-48.023,0.55826,0.24856,49.137,9.234,8.57,-22.391,16.304,-46.77,-38.854,33.55,22.217
0,38.398,-28.131,29.571,23.291,-21.928,0.82857,50.98,-8.054,-3.431,-0.23393,12.166,32.79,-34.99,23.388,-34.321,12.121,-22.411,0.13839,47.693,-1,-48.334,9.334,1.49,19.662,0.53750,18.754,1,34.856,39.825,-50.076,1,5.919,1,-2.961
1,1,24.08,6.113,-0.05785,-14.27,23.381,-47.447,0.984,-0.119,0.06,4.303,-11.199,34.873,0.189,44.447,-0.43796,0.84922,-0.52064,34.94,-0.57075,8.444,-22.509,5.924,-39.798,0.68282,-9.536,35.574,8.91,13.782,37.892,23.829,34.196,8.076,-0.83245
0,0,18.684,-9.967,-42.692,0,2.66,-47.059,0,1.195,-6.268,-36.882,-34.237,6.95,40.045,16.371,0,-10.698,-33.588,-43.402,-30.242,0,3.362,0,-18.514,-1,-44.128,3.339,6.757,35.06,-35.493,-27.561,8.382,-8.344,0
1,1.008,19.753,-0.996,-11.093,1,-3.92,12.006,-0.11039,0.99838,-13.731,20.334,-33.207,0.96674,9.324,-42.467,25.055,7.189,45.976,-12.463,38.261,0.89991,-0.34691,20.639,-2.638,-43.731,-0.42990,50.318,-35.082,33.802,11.389,23.749,38.797,42.504,-0.50152
0,-0.239,-49.749,0.94598,-13.741,-2.711,0.26131,47.489,25.284,14.361,14.137,1,-1.198,-40.412,23.58,-46.947,0.15452,18.421,29.708,-4.881,-34.238,-5.742,-0.31454,-0.73864,0.37361,0.83872,-31.494,7.941,-11.532,-31.749,44.62,-18.39,-23.482,36.45,23.65
1,19.767,0,-28.794,0.00874,-38.894,-10.887,38.089,-38.757,-12.329,-48.654,-37.247,-43.283,-34.603,-48.58,-10.877,-0.12790,0.94217,-3.257,0.79682,-44.168,19.079,-0.17387,-40.788,-4.32,38.436,-16.498,12.782,-0.21136,-15.449,14.108,-9.745,-31.474,-22.66,-0.23902
0,1,7.912,-43.536,-45.609,-6.804,44.16,-8.976,-17.499,49.098,-30.261,-9.125,0,0,-34.365,46.055,35.045,46.515,-0.83297,-38.353,0.63147,-38.993,48.423,-33.747,15.385,-16.179,-12.317,-41.348,-1,-1,0.81573,-31.35,-15.858,-23.456,49.718
1,1,0,-0.989,31.967,0.43644,-0.972,-5.029,10.691,11.514,49.535,-15.276,-19.703,21.608,4.972,-47.702,-34.601,-29.622,46.7,-11.904,39.836,-32.379,-3.556,0.46610,-0.16290,0.90066,-0.02778,-29.541,-0.01158,48.227,4.715,30.051,-40.892,-44.878,9.884
0,0,3.008,46.074,19.097,21.929,-46.04,0,-48.352,48.819,-31.171,-45.488,-6.697,15.518,1,-5.475,-30.564,1,-13.576,36.052,28.53,-2.366,-17.081,1,-39.336,1,-1,49.345,36.976,8.425,-1.406,-16.505,16.478,-45.716,0
1,1,0,1,-42.599,47.039,0.171,30.061,-48.938,-25.066,1,27.113,-38.568,-4.812,23.701,-1,0.72526,-23.808,-18.722,-49.549,15.67,-39.223,17.768,-0.52838,21.313,-11.922,47.931,6.622,-1,-25.552,29.978,-5.454,20.301,22.792,4.332
0,1,1.225,23.474,-1,-21.024,9.039,-39.342,0.63317,45.091,-41.831,-6.334,-18.869,-8.044,1,-40.661,-37.526,4.746,-46.288,0.83840,-19.417,-18.422,43.607,38.97,-33.753,-7.818,1,-12.738,-1,-49.183,-39.19,-38.334,-40.895,1,25.52
1,1,0,-23.565,9.576,25.347,-48.562,17.417,-0.08484,-45.214,-25.067,-42.734,2.983,-46.471,-22.788,0.94612,21.043,-40.71,18.613,0.90343,-5.542,31.34,45.314,0.90140,-8.894,40.909,-45.405,0.87244,31.162,15.458,26.276,0.83951,-33.068,32.97,34.523
0,24.817,0,38.765,36.075,-43.603,49.48,20.178,-45.924,-21.195,-22.737,-11.696,-6.026,-1,-34.596,12.261,1,-24.814,47.809,49.325,37.53,-0.74628,36.267,-33.781,-0.46801,-1,-24.474,-29.83,-23.476,14.51,-45.85,-1,-1,6.499,-18.225
1,1,47.769,46.93,11.123,22.752,7.885,11.452,-3.781,22.989,-30.253,37.789,27.031,1,-7.173,-47.502,-20.272,23.28,44.645,-35.388,45.671,0.99484,38.675,44.578,-0.20081,1,-0.92284,18.674,-12.499,0.82920,-39.466,-43.489,-31.692,-26.18,-0.22981
0,11.122,-46.604,-1,36.124,20.6,-1,-10.748,1,14.809,14.056,1,-40.932,21.116,-0.775,-30.433,14.082,-0.793,-26.685,2.547,-3.855,48.979,-14.097,37.863,37.585,1.895,-31.734,48.529,48.27,-44.388,1,0,0,-39.785,-1
1,1,-31.718,1,30.599,-18.185,-26.405,-16.971,1.198,31.034,49.363,48.458,38.412,0.95713,28.24,19.11,-17.632,-26.027,5.809,42.699,0.16265,0.99695,0.14258,50.089,0.16410,-20.828,-34.054,13.869,30.559,0.88568,-35.604,2.901,27.658,28.77,31.764
0,-31.796,12.03,1.816,-30.15,-6.896,-30.835,-32.611,0,0,25.987,-1,23.098,-36.485,46.165,-6.638,20.096,26.013,15.124,0.51979,-41.763,24.534,0,41.022,-0.27083,-29.113,-10.858,19.895,-26.464,4.961,37.524,0,0,-33.732,-6.491
1,-26.989,-1.625,31.093,-12.441,1,-20.627,-28.777,-21.802,-1.207,-34.754,-30.811,0.19211,0.92992,24.829,-27.15,26.06,0.85529,-14.3,0.83656,48.194,0.83393,33.754,40.912,-2.824,-13.844,30.501,-32.939,-32.805,0.62764,18.745,-16.394,7.08,-31.742,0.50903
0,-41.106,13.999,16.542,-28.955,31.67,-46.208,-32.529,11.583,0,47.73,-2.559,-6.984,0,38.045,8.967,-0.55000,3.577,25.874,-31.808,-0.334,0,-18.1,-22.749,48.578,-0.10625,-0.16667,3.066,-0.76667,12.225,27.838,19.944,-27.809,28.361,-0.27292
1,1,20.863,41.467,5.815,0.99352,4.654,38.41,0.33347,-42.046,48.326,13.982,24.922,49.745,16.216,-46.68,17.405,0.78473,17.034,14.116,-3.059,0.56553,-7.658,0.55586,-38.779,-37.662,5.222,-41.503,10.231,0.35684,27.8,31.6,-40.26,35.131,0.78685
0,9.13,11.099,0.63816,-4.163,-31.691,-36.921,1.599,17.045,20.802,0.30921,32.539,0.64,20.921,0.58772,-38.46,-22.581,18.654,11.752,13.226,35.754,0.32675,-0.43860,-3.082,1,4.698,-37.092,-4.337,-42.057,1,24.719,-20.024,38.888,42.102,1
1,20.52,-2.833,-40.613,-38.039,-30.465,-19.908,0.87060,-46.158,42.96,-0.09925,-29.545,-38.519,0.65452,41.826,1,-39.161,31.826,-17.447,0.80025,42.36,10.588,-0.19095,1.444,-33.936,-46.875,30.361,-27.105,30.839,1,-0.27387,-8.901,-24.786,-14.437,-44.988
0,1,0,33.348,21.745,35.193,14.859,-42.745,-1,0.66938,-37.698,-33.74,0.27038,30.435,0.60598,15.721,0.696,3.073,-19.489,-46.196,16.548,-13.942,26.268,-2.627,-20.134,2.55,21.696,22.317,-47.169,-8.801,27.582,9.235,10.11,1,0.37409
1,-47.335,-37.178,19.031,27.523,10.047,0.02477,34.429,30.778,1,-13.006,0.98762,21.872,1,-32.52,-27.034,0.04384,-34.421,48.326,24.532,16.521,9.004,-33.999,-21.518,0.27376,-37.164,15.353,0.96414,4.927,39.675,-39.171,-45.894,-1.445,13.986,-0.07329
0,0,-49.334,32.829,23.291,-27.131,-1,18.897,10.166,-21.928,22.765,-34.99,-0.961,1,1,3.333,5.919,-34.321,38.398,-22.411,34.856,-3.431,50.98,39.825,-1,1,29.214,47.693,-50.076,10.368,13.778,18.662,-7.054,1,-1
1,39.646,23.282,24.511,0.997,1.381,34.767,-10.468,-0.113,1.384,10.447,-0.43872,1,-0.79135,0.77092,-9.851,34.468,-48.824,-22.497,-16.247,43.121,12.441,-0.76339,4.8,4.148,7.998,33.921,3.793,-0.93296,7.911,33.998,0.93570,-0.35222,25.068,-39.117
0,5.339,-36.493,7.95,-41.402,1.195,-19.514,1,-8.268,1,-36.882,-42.128,37.06,-41.692,1,1,-36.237,-31.588,3.66,-8.967,4.362,1,41.045,-46.059,1,1,1,-27.561,16.871,-29.242,-10.323,-7.344,6.757,19.684,7.382
1,-43.593,6.277,-12.632,23.005,-12.369,25.489,-1.261,-43.151,1.008,0.25068,40.276,0.28778,39.582,-10.67,10.541,20.07,-32.069,46.977,20.76,33.526,42.753,0.61267,1,0.59457,0.89593,20.028,-33.756,0.71374,-1.14,11.682,0.74389,12.671,50.202,-3.087
0,47.853,0,-31.749,-34.734,1,37.511,29.171,-6.445,24.231,44.234,17.502,-46.398,24.928,-40.122,-2.165,1,24.585,6.419,14.669,-1,-50.499,-17.294,-0.239,-24.687,-4.881,-1,-12.714,-1,-32.027,-1,14.771,-10.951,-0.711,-1
1,1,-29.776,-47.624,0.08620,-2.173,12.157,-47.509,-16.027,0.98044,-3.782,-22.475,38.014,-40.788,-12.763,-30.415,-11.222,-39.143,0.69065,-43.286,-34.819,37.658,18.885,-38.217,-9.752,0.40615,-10.102,-42.904,-15.397,14.596,0.86061,-38.1,19.636,0.09048,0.86285
0,48.072,0,0.69444,-8.588,-17.499,0,34.94,0.69841,-34.365,49.718,-7.804,-38.993,-42.348,15.028,47.261,-45.851,-29.051,48.617,-43.072,8.694,-39.123,-12.765,-15.858,0,-14.541,49.261,-22.694,44.278,0,0,-34.281,-9.125,-31.35,0
1,1,-1.001,47.995,-19.634,-39.635,0.10827,-32.379,-30.177,11.634,-5.679,-33.026,-1.482,-15.087,-12.388,5.368,0.42881,0.89126,32.654,-3.797,0.58801,10.705,0.59962,11.49,0.62758,40.703,0.63942,-29.88,29.901,48.107,21.449,-48.148,-45.094,49.731,5.79
0,0,3.008,49.819,1,-29.564,14.518,1,-39.336,38.052,47.345,-6.697,-11.576,1,-47.352,1,17.097,-45.488,1,17.478,10.425,-44.04,-1,-18.081,26.53,-15.505,-1.406,21.929,-3.366,-3.475,46.074,0,-31.171,36.976,-46.716
1,1,18.768,1,-12.781,1,0.11982,-48.938,-48.387,1,4.263,23.688,16.4,-37.296,0.37639,-42.688,-3.415,22.612,28.405,0.78619,46.509,21.442,-17.581,31.681,-24.215,6.293,-5.857,29.74,-25.942,-22.268,49.54,22.766,-38.931,-0.425,0.62658
0,39.97,24.154,-40.548,-8.044,-19.417,-21.024,-18.422,46.056,2.225,1,-40.895,-39.342,1,-6.63,-16.869,-35.526,1,-39.19,-48.288,-31.753,-1,9.039,4.746,-12.738,26.184,-6.334,-39.831,1,-1,45.607,-38.334,-1,-1,-47.183
1,1,-41.706,-4.182,-22.378,1,0.48590,-31.677,19.665,-42.681,-7.596,-23.521,3.971,-43.997,1,-47.505,22.009,35.935,1,25.372,1,17.19,31.426,32.405,15.537,27.229,1,32.531,1,45.696,-24.001,-46.349,40.91,-48.239,10.495
0,0,0,1,-44.461,37.281,-25.786,-29.83,24.817,-19.839,39.682,37.951,-33.596,16.51,1,37.267,-21.914,7.499,0,-25.712,-4.398,48.746,14.261,-22.209,49.48,-21.476,-47.924,-41.603,-31.781,-9.875,1,48.217,-1,20.178,1
1,-19.127,7.93,-29.165,-0.06604,39.865,44.951,48.769,-44.178,1,-12.079,-6.045,44.93,1,45.442,1,-36.547,18.801,-31.415,22.989,21.137,1,43.356,12.146,-27.92,27.469,-39.823,23.28,-49.316,37.789,-1,1,-4.5,11.452,-0.48252
0,0,49.979,23.116,-47.604,48.529,15.809,-1.855,1,12.122,37.585,20.6,-24.685,37.863,-0.105,-30.433,13.056,1,-29.734,-12.097,-1,1,-8.748,-37.785,-40.932,14.082,-1.587,1,48.27,1,34.124,2.547,1,1.207,-46.388
1,-33.278,5.608,28.857,47.588,30.961,30.486,0.89702,-26.689,0.84111,38.694,-35.041,27.784,18.868,42.202,0.70796,32.017,28.698,-17.329,0.51247,-21.096,0.39903,-31.049,0.34232,0.68343,49.418,50.144,30.728,0.73885,-26.383,13.695,-19.103,-16.973,2.078,1.76
0,1,0,-33.05,-0.17314,-31.787,37.066,-31.368,-36.156,0.25795,-5.908,21.773,-6.177,18.905,-41.462,14.773,0.38869,0.18681,0.41168,-11.715,0.36353,-29.107,24.841,25.207,6.211,22.069,12.224,46.122,1.788,25.939,42.125,-27.51,-5.826,-28.305,-32.75
1,-0.625,33.437,30.903,-0.02811,-16.305,-29.829,26.582,6.638,-1.334,-34.821,-27.407,0.08728,-32.516,0.07840,0.73077,-3.169,25.371,-28.267,48.523,18.27,-32.837,-32.215,0.34615,39.977,30.747,-12.511,-31.15,-14.634,0.53550,-0.21154,-21.438,-14.747,-20.185,0.02959
0,-5.984,0,-41.714,2.002,14.2,-2.515,32.67,1,0.35821,0.15299,12.127,0.13060,14.615,-18.921,48.309,-27.13,9.512,27.545,-32.062,-46.323,50.233,0.14792,0.83209,38.501,-22.363,-32.644,25.539,0.14630,0.413,27.335,-28.208,3.484,20.288,16.653
1,21.863,31.261,49.578,0.04528,17.32,-38.251,41.24,0.03774,0.66038,-41.982,-2.983,15.758,13.735,26.899,0.72075,4.647,0.76981,24.638,35.529,-43.043,-38.667,-47.728,0.73962,37.317,0.84906,4.34,17.651,5.589,10.207,13.488,0.86415,-8.201,48.832,-40.921
0,-34.921,3.889,-21.904,12.702,-1.19,0.03462,9.13,40.615,24.383,-36.152,11.581,-42.164,0.81809,-20.134,0.208,1,1.103,13.302,33.877,-38.377,42.102,35.487,0.98636,19.98,19.742,-4.836,16.615,-31.752,0.42273,0.08182,-4.848,0.14643,20.925,1
1,-46.811,-33.813,0.57647,-0.01569,-16.542,-41.613,-2.449,-24.855,-20.269,-30.543,-30.901,0.14118,30.721,42.688,-27.508,41.905,-44.354,0.46,42.488,0,0.45882,-14.884,31.43,-38.916,31.41,-37.621,20.006,-46.243,0.46275,0.08235,10.158,-38.934,-8.909,0.17255
0,15.721,0,0.76,21.764,-37.432,0.12500,-47.097,1.92,-20.436,0.44318,29.48,34.555,-0.19091,0.33636,14.334,10.159,-9.15,32.905,1.726,8.363,-19.716,-46.73,-15.129,0.36364,-43.885,21.981,21.218,16.907,26.601,-1,-0.02916,25.558,-3.523,-34.803
1,-34.379,-37.178,8.887,-0.21996,49.572,-33.676,16.567,-46.648,31.551,-27.975,0.90558,-13.092,5.801,0.25000,0.77897,-22.264,-47.643,22.119,0.71030,-0.835,0.73176,33.704,10.047,-32.226,-37.596,0.52039,39.505,13.715,17.416,27.829,0.43026,18.74,-38.881,24.23
0,1,-7.054,34.702,-0.08580,23.973,-0.80553,13.032,23.201,-48.27,-35.944,0.89514,-22.935,-23.596,39.464,31.629,1.652,10.225,37.285,-48.554,-0.15729,49.911,47.201,-4.772,19.472,18.687,-1.998,0.70882,-0.25288,11.945,30.073,6.705,-28.913,-35.506,-0.59867
1,8.654,1.178,-21.202,-0.24783,35.642,33.99,-38.7,0.38261,10.294,24.263,8.085,-10.628,5.755,3.145,0.50435,0.697,34.453,-0.42609,-48.072,-0.26087,13.441,0.686,-0.58,-0.03845,43.862,23.39,5.622,23.239,-8.368,-0.04448,-14.624,34.669,39.15,0.14783
0,1,18.684,15.83,0.344,2.323,-9.233,3.882,-36.632,8.075,-0.06811,36.267,-35.388,7.423,-42.312,-37.319,-29.397,-32.424,-28.109,40.383,0.03406,0.50464,-42.621,-43.766,-10.939,-6.268,0.65635,-18.101,3.937,-47.21,-8.232,0.02399,0.55820,0.52632,8.292
1,-42.42,22.97,49.779,-13.496,-10.603,0.16808,42.27,-0.00509,20.286,33.197,0.52462,25.14,39.75,-2.309,10.096,0.047,7.094,-34.875,0.42445,46.278,20.103,11.076,-32.787,19.136,0.51731,-3.877,-1.492,11.781,-13.023,38.681,-43.885,-0.01868,0.39559,-0.03226
0,1,0,24.377,0.16851,13.669,17.502,-4.879,45.302,-5.486,-17.294,-49.365,-0.243,-33.758,-0.632,-39.885,-13.585,-0.02661,15.722,47.343,24.08,-11.053,-30.639,29.745,36.748,-0.91574,-31.942,-24.029,-45.516,6.419,-1.017,23.928,0.12860,0,0
1,1,-23.404,-28.875,-48.303,-2.348,0.37379,-39.145,-42.732,-3.534,19.497,-11.367,-34.739,-10.27,0.87493,-38.173,0.85038,-0.12611,0.87396,-16.589,18.993,-39.166,-10.19,11.393,14.885,36.431,-43.577,36.833,-48.326,-31.967,-41.538,-16.95,-0.05525,-13.966,-0.19904
1,1,-9.125,-41.371,49.909,-8.15,-7.342,49.705,-22.868,35.749,-44.767,-12.451,47.998,-34.262,-33.342,-0.13254,-38.28,-31.67,49.339,-44.057,-14.48,-0.68274,8.407,46.281,15.363,-16.712,0.17849,-0.83314,43.629,-18.322,-29.454,-0.67289,-0.33662,-39.592,-0.49700
0,1,0,9.694,-2.83,-30.474,-45.811,0.50814,9.114,47.601,40.366,3.422,-13.185,5.038,20.722,0,0,-39.635,47.344,-30.008,-0.63518,-4.993,48.397,-49.619,28.207,-33.026,10.038,-5.556,-34.379,31.15,-1,-0.001,-20.685,-16.087,0
1,1,14.518,-15.764,20.978,0.79074,48.844,0.78575,-38.298,49.008,-48.252,-11.898,-46.177,-44.957,0.07348,-6.95,36.06,37.758,-0.484,-3.839,-45.04,17.178,0.11355,0.68183,18.219,10.095,0.15445,-16.44,45.21,0.65707,27.705,3.605,-2.219,-30.596,-29.413
0,-47.549,0,30.151,-1,5.622,-43.599,0.77941,-0.99265,16.9,-0.278,-0.41912,3.035,46.039,-39.568,18.768,-6.454,22.513,-0.77206,23.436,-4.415,22.313,-24.797,0.18382,19.648,-23.808,-1,26.944,-39.223,-25.552,47.931,-11.822,-50.938,30.978,-18.144
1,1,-13.738,-40.895,0.01709,-6.667,-9.076,-36.334,-32.787,-18.422,-48.233,-35.536,44.985,25.145,-47.378,-16.869,44.45,9.039,39.828,26.167,-41.666,1,-20.602,1,-20.216,0.98971,-38.411,2.19,-0.20243,-39.885,-0.17123,-39.377,5.521,0.87011,-5.567
0,45.588,32.148,-32.677,-5.182,9.495,-48.505,0,0,-22.62,-43.681,24.372,-44.997,-46.175,0,21.238,0,26.583,30.426,31.508,-25.001,39.91,0,2.971,-8.596,-24.521,0,17.445,-1,34.935,14.537,-41.706,-47.425,18.935,0
1,16.51,-45.461,-22.252,23.696,-4.765,-22.603,8.462,49.564,49.45,-30.745,48.137,-46.935,-41.767,-24.959,39.682,-0.31395,0.99273,-0.21216,14.248,-0.21018,-31.781,-0.27165,-17.908,-33.99,1,-24.978,38.155,-0.31565,38.765,20.941,-21.023,35.963,0.69531,-11.291
0,1,44.321,26.753,10.134,0,-30.165,-30.782,-4.714,43.928,23.239,-6.401,21.817,39.213,-0.84848,0,17.801,0.59091,7.57,46.298,-40.049,21.989,-20.127,-26.92,36.789,-44.031,11.324,1,-0.23864,0.06061,-48.987,47.932,45.229,-36.388,-12.282
1,-8.748,-45.388,0.357,-13.59,1,-31.469,-40.943,0.024,2.448,20.27,48.529,-0.10104,1,-0.12493,23.116,-0.15017,15.056,14.632,-24.685,-0.20491,1,-39.02,37.863,-3.121,48.27,-46.903,-29.734,36.252,12.122,-0.162,50.979,34.717,14.082,-0.44739
0,1,31.452,30.034,30.54,49.383,-21.745,0,2.118,49.181,-35.829,6.23,-25.936,30.324,0,27.934,47.51,18.527,-0.71951,38.903,27.094,-17.971,0,27.362,12.984,0,-26.48,1,1.175,-31.718,-34.278,41.732,-19.131,-17.744,0
1,6.961,14.762,0.99449,12.035,-5.184,-0.11313,0.88237,-0.16431,37.838,-0.06257,47.13,-6.566,0.85221,26.016,-41.035,-33.005,2.582,-33.862,-31.628,-27.553,-35.586,-31.834,19.773,-28.324,21.707,-12.02,-5.021,24.356,42.965,-0.16581,22.901,-29.407,25.973,-0.27794
0,-32.624,-32.285,-14.466,0.10811,6.61,0,-33.232,0,0.54730,-27.218,18.596,-1.193,-3.22,-20.749,-34.846,0,0.37162,29.155,30.424,23.586,-22.028,-27.989,-12.539,33.437,-17.388,46.863,1,-30.777,40.717,-1.862,-31.76,-14.606,25.776,0
1,-45.208,-32.529,1,26.789,0.99150,15.792,4.244,1.091,1,-28.167,28.65,8.611,13.854,13.135,1.089,-0.57535,12.583,30.874,-27.831,-18.99,20.91,-33.808,25.748,-3.308,48.35,-0.76904,-6.447,-0.77986,-41.296,48.578,1,-1,-22.528,37.284
0,1,0,-41.277,-38.774,9.539,13.465,4.67,31.261,6.419,21.863,1,-0.28030,0,0,24.551,16.913,0.62121,-41.156,38.305,15.55,-2.629,12.067,48.902,15.747,-8.239,-42.964,-46.491,-40.365,34.781,26.106,0,48.1,40.467,4.491
1,1,20.98,0.86284,0.19310,-21.822,20.336,33.88,-37.92,4.434,-31.199,0.007,24.534,19.366,36.644,-5.378,8.992,-0.17241,16.803,-5.504,0.65747,-2.564,-41.435,39.286,0.40996,-0.59234,13.01,12.453,0.687,-36.665,-35.999,10.55,40.903,-20.659,-0.31954
0,1,-14.95,-27.614,41.376,-33.813,-37.624,1,-10.341,-38.099,-19.669,31.342,-16.306,42.605,0,9.707,-24.985,-38.5,-30.774,31.69,-3.833,-31.465,41.96,0,0.444,30.465,0.68000,-43.934,-47.591,19.52,0,-41.613,0,-46.344,0
1,-18.516,32.5,28.601,-46.546,-42.831,-37.262,-8.397,22.361,0.47660,2.482,0.27639,35.11,0.09467,15.604,-47.549,-19.486,-3.86,1.096,21.516,15.113,28.789,26.079,9.144,0.29162,-0.70838,17.014,-35.457,-0.11943,1.424,-0.28183,20.805,-15.388,-0.37432,7.702
0,1,18.031,-12.135,9.863,-0.72973,-33.04,-1.62,31.258,33.483,23.985,-48.521,-37.28,-0.03158,-28.124,0.01401,48.538,-38.152,38.802,0.00342,-22.516,8.004,13.183,15.743,-46.839,21.539,-39.404,-32.575,-35.379,0,16.607,0,4.949,27.243,0
1,14.121,-23.411,30.428,-2.056,0.33333,33.928,11.356,-6.864,0.23810,0.09524,7.324,9.392,-27.821,31.781,-49.024,-0.04762,0.28571,-4.55,2.666,0.04762,-35.011,18.662,50.195,-23.047,47.05,-49.124,18.118,-0.02290,0.19048,37.398,24.461,-36.01,38.972,23.746
0,1,7.654,-9.898,38.498,-14.268,3.425,-0.539,-21.927,-38.496,0.01639,-7.999,24.047,35.643,0,-47.745,-0.16393,0.765,4.975,8.24,0.147,0.67213,23.544,1,0.883,34.377,-0.34426,0.52385,4.973,43.877,9.609,35.277,33.504,23.773,13.106
1,37.06,-42.402,-8.985,-7.268,0.88627,-43.096,-28.38,-18.468,0.80000,2.66,-42.001,6.995,17.165,-46.974,0.77118,0.09579,19.311,8.011,4.044,0.12727,-31.881,-8.218,0.68604,8.517,-37.137,0.423,0.64581,-28.41,5.011,-36.466,-34.629,0.16465,40.633,-10.152
0,1,38.582,46.713,19.868,32.2,9.655,19.587,-2.76,-12.702,-11.044,0.82143,0.40476,-2.933,-13.325,49.139,-0.629,0.46429,25.461,-3.298,0.05952,19.242,-44.143,-35.127,11.339,11.332,42.455,-42.901,0.38848,0.57143,23.363,5.728,-33.368,39.531,-0.55837
1,-30.027,36.511,-10.082,-0.07111,-22.687,-40.147,25.928,-5.95,0.87778,47.855,15.607,-1.303,1,-32.822,14.669,7.219,0.86889,-13.661,31.051,-0.03778,1,-49.864,1,23.398,0.84444,23.267,-0.711,-18.436,-45.576,45.087,18.502,-1.321,-32.734,-5.887
0,1,37.113,-41.214,-3.268,-42.656,18.051,-39.693,-11.187,-30.898,-38.274,-3.841,-16.356,-29.485,0.29091,0.36364,-16.653,18.967,-10.867,-12.925,0.05455,-43.849,-22.913,-11.192,-38.536,0.32727,12.128,0.41098,-35.62,-48.239,37.497,-48.342,-0.36364,14.638,-0.29091
1,-11.765,-29.261,1,-24.38,1,0.75472,15.519,-34.422,-14.653,0,48.055,7.912,0.45283,-39.047,-38.37,-9.181,-41.359,-0.00085,48.951,-17.499,47.6,-43.46,-30.398,-0.00112,-6.804,36.062,44.565,48.986,-8.033,-16.858,-33.281,50.152,-45.175,-0.11321
0,1,-30.372,-5.226,0.83333,-2.592,-16.325,-33.045,-0.14286,48.064,32.008,-0.67285,-45.683,-0.668,-34.026,-12.485,39.965,28.825,21.234,-4.318,4.446,-30.022,0.04762,49.564,-0.26190,9.326,-48.721,47.244,-20.196,11.634,-40.635,-0.66667,-0.04762,5.299,10.718
1,1,3.008,27.967,-48.31,-16.498,-0.10417,-7.301,-0.406,18.43,-45.778,16.957,0,-46.197,9.529,-44.498,0.02083,14.955,-0.22917,45.428,-29.793,36.309,48.429,37.302,-2.178,-4.08,-0.18750,-30.731,48.718,0.41667,20.845,-15.921,-0.31250,-12.243,-38.398
0,-2.812,-48.549,30.151,1,-6.454,0,-26.552,-0.829,27.944,22.313,-39.09,-44.49,-23.323,-37.768,-0.95489,-49.653,6.269,22.792,22.701,0,0,18.768,4.604,31.181,15.091,-1,-11.822,47.931,47.039,-17.144,0,-24.797,20.648,0
1,-40.548,-20.024,-16.917,0.06595,-46.352,-40.211,-40.985,45.247,-8.195,-0.49962,-18.522,-36.721,-35.747,0.34328,-19.695,-13.358,0.66145,1.633,-6.675,45.205,-40.299,-32.312,-37.722,8.484,0.40440,24.596,0.34374,-4.902,6.649,1,-47.949,25.581,40.156,0.37191
0,1,24.372,19.534,0.40332,-31.849,15.342,21.998,0.70709,0.84010,32.038,17.418,0.07981,31.384,-47.032,0.91962,-46.541,35.89,-5.235,10.382,-43.5,0.98484,-25.217,-24.134,39.053,3.257,45.287,32.508,26.753,-21.99,-48.078,0.87757,-40.896,-7.776,-44.309
1,50.746,47.217,8.457,48.581,1,-0.01918,-32.612,0.02555,0.96974,-45.554,0.98955,-0.02716,37.261,15.479,-9.875,-18.893,-45.924,-30.882,-23.773,-23.193,14.238,37.174,-41.624,-0.05318,-31.866,23.66,39.639,21.108,0.90978,-24.773,-4.398,-22.584,-20.982,37.882
0,8.93,38.865,0,43.622,21.416,-11.428,10.452,-30.165,-19.438,10.146,0.97078,22.594,-0.26048,-0.59212,45.627,0.65565,-35.447,0.16391,-39.243,45.848,-26.92,21.989,-48.683,35.789,-44.274,0,27.469,43.321,-3.714,0,47.814,-30.845,-7.045,17.801
1,1.895,-0.587,2.516,0.00876,-37.785,14.818,-8.762,36.577,-29.755,-0.02844,-1.857,47.494,-40.932,-0.01271,20.6,-0.02581,14.082,22.104,-45.62,-13.097,1,35.098,12.122,-25.732,1.168,-0.04527,48.261,14.022,50.95,-31.457,1,-45.426,0.98420,36.822
0,2.065,30.324,30.54,49.383,13.974,27.867,0.18919,2.064,38.342,30.034,32.385,0.07297,-16.971,-34.478,-25.936,0.07027,1,47.396,0,0,-34.829,27.151,1,-18.16,41.732,0,19.161,27.759,-26.48,-21.745,50.181,-31.978,-18.841,5.451
1,-4.896,-33.732,15.403,-28.251,-27.122,-0.02439,6.489,0.03466,24.729,0.12195,-11.388,22.146,-32.391,-29.101,-6.198,46.165,37.213,25.207,-36.168,-32.723,0.26829,12.152,0.23698,0.05813,-41.688,-31.737,20.966,0.05641,-5.851,18.95,0.19512,25.987,42.193,1.717
0,-31.285,0,-11.539,1,31.093,29.155,25.776,0,-33.624,0,-26.989,-13.567,1,-4.22,34.437,7.61,-30.76,-1,-29.777,-14.606,47.863,-16.962,-27.042,-33.51,24.586,-22.028,19.285,-3.193,1,-0.625,1,-35.846,-20.749,40.163
1,1,-46.208,20.291,27.565,12.052,0.24490,0.40816,31.874,28.119,-17.651,0.30612,38.637,-6.862,-28.048,16.526,-27.299,-42.167,2.617,-0.20408,3.899,-0.197,50.027,47.445,0.32653,24.434,14.224,8.378,-22.684,-33.4,-32.345,-0.34694,0,-2.824,12.98
0,1,16.913,0,-40.929,25.551,12.067,5.647,20.863,0,-47.491,38.464,35.91,41.467,-39.679,5.491,31.494,14.465,-1,-41.936,-3.629,0,15.747,49.1,17.55,-8.239,0,-41.964,47.902,4.67,27.038,1,8.539,-38.145,0
1,1,23.719,20.822,0.38235,0.91176,-4.788,33.951,0.67647,0.45588,40.667,-35.901,1.488,-2.104,0.5,-32.105,-37.654,-20.605,21.657,10.599,0.47794,-6.072,19.552,11.892,-41.908,15.302,8.005,-0.67925,-36.162,-23.183,35.36,3.447,40.595,12.797,-0.56618
0,-45.344,30.255,18.52,9.989,-24.762,-41.463,41.848,-3.543,0.137,0.71242,-31.484,-32.813,-0.81699,0.33987,30.121,-0.02614,-38.605,-40.0,-28.635,-15.493,-0.04575,-10.171,31.791,-32.407,40.96,-0.43137,-47.067,0.09176,-1,-38.946,-16.763,42.013,-21.071,-45.417
1,1,0.341,10.152,21.217,17.511,-14.942,21.973,-0.13333,0.36667,-34.623,15.288,-20.383,-2.801,0.08333,2.34,-19.583,33.034,25.833,22.446,-0.01667,0.31667,0.20000,8.935,14.467,2.323,-46.647,-37.32,27.655,-46.929,-9.144,29.901,0.03333,34.61,-43.795
0,-33.04,0,33.162,8.404,12.909,-1.104,-0.17778,-0.04444,-27.972,-35.447,9.092,21.565,-0.00885,16.635,-46.856,30.699,-32.576,-0.00883,-22.513,27.241,15.744,-13.046,18.03,-48.334,38.807,23.687,-39.404,-0.00043,48.572,-37.178,4.949,0.00015,-0.00008,-38.164
1,1,0,38.398,18.284,24.939,0.29730,7.568,-2.204,-27.266,0.18919,-21.928,-0.27027,-34.807,-23.411,-48.712,30.16,47.017,49.764,32.547,-0.17666,-35.368,0.05405,-6.297,9.503,39.176,-49.373,0.61031,23.543,11.751,2.103,34.586,17.303,13.635,-4.674
0,24.282,0,35.867,-8.886,-1,33.615,22.511,34.05,0.97266,35.01,0.93359,3.356,8.642,5.34,-1,0.564,2.131,7.618,-47.511,7.557,-0.99219,5.24,-0.93359,-10.55,0.95703,38.642,-14.447,13.309,24.982,-1.179,-40.152,43.361,-0.681,-22.255
1,-36.882,-43.128,0.95202,-47.036,19.621,-0.01272,-31.653,-10.311,37.027,-18.532,-35.524,16.377,0.95665,0.165,-9.014,-42.696,41.04,-0.02659,-28.244,0.01792,9.318,-0.04971,7.888,7.733,-7.373,4.294,-34.274,3.346,-41.428,0.01908,0.95434,-7.303,3.619,-28.552
0,1,0,1,46.265,20.76,38.276,25.806,-2.107,-13.271,22.748,7.277,-0.25712,-3.679,-2.372,-12.369,-34.997,-43.593,10.622,1,-11.485,11.814,-0.242,20.753,38.079,50.487,-0.27778,1,32.417,-32.069,-43.698,10.541,41.121,1,18.685
1,1,0,36.821,-1.342,30.412,-33.838,-32.542,-0.06897,-46.324,-0.05431,14.808,-0.03689,-13.697,13.645,-40.115,17.487,-49.746,45.225,0.00078,7.414,-5.445,-5.884,-1.711,-1.166,24.927,47.852,-18.294,-31.027,-10.951,23.585,23.231,-23.687,-0.00008,-0.00006
0,-12.289,37.551,-30.616,-48.548,18.922,0,12.572,-0.07843,-47.957,-11.928,19.454,-29.894,-10.182,-0.13725,-9.867,-43.336,-15.752,-44.094,-15.686,-0.21569,-38.112,-35.746,-39.208,-0.23529,0.45098,14.092,37.637,-38.484,-3.564,-41.964,-22.972,-3.357,0.47059,-0.27451
1,48.072,-15.858,-7.554,-38.826,-12.298,43.91,47.245,15.268,-15.198,-8.925,-23.445,49.137,-0.02367,0.10188,-0.03685,-34.218,-42.385,0.03458,-43.568,-45.594,7.887,0.00357,-34.383,49.716,-17.51,-0.00539,-29.267,35.263,-31.353,-39.128,-8.977,48.419,0.00025,-0.00291
0,1,40.037,-34.682,49.553,29.269,32.15,9.899,-48.556,0.62500,0.06250,20.91,0,-12.802,-1.737,-4.494,4.422,10.791,46.838,48.049,-30.747,-30.474,-0.09375,-40.635,10.694,-0.97,-46.28,-16.056,-5.964,-0.71875,5.069,-0.03125,-19.685,-33.379,0.09375
1,10.425,-31.171,-47.352,20.918,-44.04,-45.743,36.976,-0.06486,-28.612,-38.352,49.808,-12.609,28.519,14.604,-1.366,-0.06486,-16.13,0.09189,49.324,-0.00541,1,16.542,-3.475,0.04324,-45.51,0.09189,46.06,-0.393,38.052,2.975,1,-16.478,19.097,-7.767
0,1,21.792,-21.955,0.05426,1,0.08069,-48.938,17.091,-23.882,-39.575,0.83721,-3.774,-47.549,5.893,-5.454,4.984,-42.785,46.085,-25.645,28.061,-17.144,-37.716,21.648,28.151,0.80620,22.74,0.171,49.647,31.823,18.838,1,23.186,-11.822,1
1,1,-7.63,-40.644,-0.01604,1,-38.11,-19.024,-13.722,8.969,5.751,0.93583,-19.438,26.184,45.056,-46.288,0.06417,-31.753,0.04813,-16.955,40.013,-47.215,-36.505,-4.344,1.209,-40.932,44.66,0.96974,-40.787,25.031,0.01070,-8.044,-40.251,-19.439,-37.27
0,1,16.445,45.383,24.66,-47.195,26.683,0.28250,0.31750,-24.678,-32.327,9.858,30.08,31.601,-22.345,14.442,0.21000,-5.27,0.23500,-44.023,40.225,18.455,-8.676,-45.876,35.267,-25.101,31.908,-41.384,2.686,-45.467,21.423,-0.27104,-0.31228,0.40445,-48.475
1,38.951,0,-22.609,-32.748,16.143,-22.409,-18.139,-30.763,49.18,-24.786,13.895,-21.914,0.80000,49.746,0.73333,36.281,24.517,-46.824,-32.929,38.782,-44.728,47.184,21.945,-10.875,-41.969,7.632,-24.052,0.10168,0.60000,0.13333,0.60000,0.16667,-4.765,37.434
0,1,-12.282,0.05866,26.461,44.388,45.938,-30.165,38.854,10.458,22.241,-39.226,-48.578,-36.394,36.842,11.21,-0.03352,43.622,-44.179,-0.06425,8.005,-26.968,-7.02,0.02793,-20.132,0.00838,21.758,47.873,21.981,45.878,-0.00279,-3.67,-31.464,17.849,-0.03352
1,-1.855,-38.785,37.531,50.267,-30.707,0.67248,-30.258,14.881,0.907,0.89109,-0.24871,37.708,21.639,-12.537,46.511,0.41743,-10.413,13.154,-0.447,-0.19525,-1.112,-45.828,19.292,-26.236,35.083,10.474,0.16085,14.245,-41.565,-47.023,47.99,-0.22535,2.05,-0.05980
0,28.362,30.54,-17.689,5.622,-0.02586,49.429,38.356,27.98,49.104,-21.736,1.083,-0.06609,28.056,0.04310,-35.912,-26.982,-31.813,0.08046,41.692,31.504,0.02011,2.141,12.947,30.023,-19.099,-0.00862,30.332,0.01724,-26.454,-34.267,47.535,18.173,-18.017,-0.00575
1,25.534,1.644,-27.541,-0.01084,-11.024,0.01084,0.80000,14.764,12.82,-6.48,-5.112,5.952,0.83350,0.03251,0.85123,-27.447,19.696,-29.158,-31.82,41.992,46.925,-31.801,21.521,26.042,0.72611,-41.922,22.878,-36.479,25.948,-33.782,-5.195,-32.767,37.637,0.00788
0,-2.22,-29.777,0.03852,0.02568,-22.024,30.155,-33.604,18.265,-20.727,-0.04993,-32.333,-0.01284,-2.179,-14.629,-16.962,-28.075,-14.614,-0.02853,25.759,47.899,0.02140,0.00428,-34.795,-33.255,-31.709,-27.97,6.65,24.601,30.113,-1.618,40.138,-0.01854,33.423,-12.519
1,1,8.844,13.696,-45.98,0.42328,0.33598,0.25661,50.054,38.064,14.494,31.649,48.27,-23.174,3.661,-32.941,25.372,-0.51587,11.651,-3.059,-0.11640,-7.132,27.216,-0.14815,27.269,19.711,-42.103,0.124,-0.31739,-27.65,16.309,-28.35,1.822,-32.541,-18.058
0,1,-41.936,48.187,16.919,49.042,20.822,31.366,4.587,16.676,-8.301,0.23341,24.54,27.162,9.617,13.214,34.775,-47.2,-0.04805,0.18993,0.07323,0.11670,15.747,37.576,40.465,-40.778,-3.732,-38.06,0.01373,-42.852,5.58,4.587,13.392,-39.309,-0.06865
1,-34.921,13.084,1.542,0.38574,24.202,-41.351,12.968,-37.702,-0.92,33.857,18.433,-31.478,-0.76051,-36.092,-23.259,7.819,-20.614,39.266,-0.12797,-5.856,-1.583,-0.63620,0.71481,-0.37660,-4.598,3.834,21.581,0.30384,11.554,16.65,19.952,41.647,-0.21572,36.291
0,1,41.96,-41.593,30.262,-39.129,-0.00846,0.02116,-47.8,0.01128,-31.422,-24.982,0.445,0.01975,-20.7,-33.833,-38.938,-30.525,9.734,41.962,-0.00423,-44.891,42.58,0.01834,-2.833,0,-28.047,-37.606,-9.352,-46.338,30.835,-14.967,-16.97,19.527,30.912
1,1,0,0.85736,27.602,15.287,29.378,-18.741,0.299,26.476,22.12,-14.08,0.11949,2.954,-34.801,-8.394,-47.294,2.477,8.167,0.83570,32.358,-19.519,34.205,-45.875,9.908,0.79686,-0.01942,-2.694,21.281,0.88125,16.914,15.461,-43.764,22.43,-37.874
0,28.243,0,1,8.047,1,49.572,-23.517,-34.379,-36.178,3.949,22.54,-1,17.031,-47.84,14.743,1,17.607,-38.404,-27.034,24.688,-1,39.807,-33.04,-1,14.182,-49.335,-31.575,31.7,34.429,-0.225,7.004,-37.164,-1,-12.049
1,1,30.214,3.185,-34.928,-1.572,0.76432,-6.966,34.845,23.864,-48.189,-0.76229,11.666,5.988,0.10768,-5.29,23.455,-0.66030,46.141,49.788,37.964,-27.846,-24.216,19.309,-36.342,0.77814,-23.161,18.614,9.581,0.37830,37.981,0.19667,32.492,-49.446,13.771
0,1,3.375,2.178,1.568,6.123,-14.755,13.797,42.549,24.511,-47.433,9.667,-39.12,35.998,1,0,0,6.176,-1,-0.113,24.282,8.654,-9.898,7.897,1,35.066,-7.851,25.08,34.947,1,-20.911,-0.94375,35.921,0.319,38.646
1,-27.561,16.371,5.339,0.54902,-42.5,8.757,-32.569,1,-0.49020,-6.347,-19.338,-34.648,7.382,0.313,5.989,-0.33333,-37.14,17.997,-10.202,-38.745,-42.339,-1,-46.314,-11.048,0.92157,-42.617,3.589,0.21876,-28.517,-7.775,0.23529,36.962,39.927,4.264
0,20.344,22.97,0,25.306,-1,5.277,8.541,-12.369,49.487,-1.996,-35.651,12.814,40.276,47.32,12.01,-45.593,0.008,19.753,0,-3.846,37.582,-1,-1,-42.42,20.76,0.43750,-10.056,-3.261,32.988,0,40.753,-14.632,-1,-32.069
1,1,7.419,-10.506,-45.954,-13.177,0.90763,-0.22222,-39.122,44.9,31.06,35.511,-0.906,-1,-31.138,22.231,-33.956,14.104,-2.488,48.408,23.928,13.446,-6.659,-17.516,-23.909,23.918,0,-4.523,0.45019,18.077,0.84353,0.22222,-0.165,-33.304,-48.749
0,0,-31.243,-35.55,-11.81,0,-48.469,37.551,18.767,-16.301,11.964,-48.585,-10.514,-43.238,-38.7,-41.651,-4.132,-29.776,-10.849,-16.235,-23.404,14.347,0,0,0,0,18.196,1,-38.237,-13.289,37.113,-3.141,-43.976,-39.875,0
1,48.072,-9.125,-33.365,0,50.718,-34.281,0.5,0.50000,-14.526,0,-30.438,8.033,36.16,-17.356,-38.124,48.585,-12.015,15.278,-7.054,0.5,-22.706,-8.976,-38.123,-0.25000,-45.109,47.555,-41.608,-43.272,49.738,0.25000,-28.565,43.934,0.67493,-15.555
0,0,-30.372,9.634,-15.087,30.207,-0.001,0,47.611,11.694,-49.619,10.899,48.397,-18.685,-35.026,-1,45.995,0,5.038,-1,-1,0,32.15,40.037,0,-6.964,-34.379,-0.83,-5.556,-44.811,21.722,-41.635,-31.474,4.422,-12.771
1,10.425,-4.475,1,3.008,-11.576,0,-37.669,27.641,49.345,-31.282,45.963,-29.675,1,-7.919,49.597,0,-16.304,37.052,-44.04,-48.463,36.754,16.366,-45.049,-46.599,21.595,0,19.0,-0.459,1,-16.394,0.88889,-2.477,15.518,0
0,5.622,-38.223,0,-12.822,0,-0.829,-3.812,0,-24.797,0,-43.599,-22.808,-19.144,20.792,-6.454,20.648,23.701,0.75000,18.768,-48.549,0,3.984,47.931,1,-39.568,16.091,-48.938,45.039,-27.552,28.151,23.313,1,27.944,30.978
1,-6.63,1.225,1,45.061,-37.19,44.601,-40.548,-40.74,-19.024,-17.96,-40.895,0,1,-47.56,1,-0.18182,-4.334,-37.243,-19.417,-32.753,6.746,39.606,-18.422,-8.953,-47.183,7.948,1,-0.04914,-39.342,-36.072,-12.738,-0.27273,25.154,25.003
0,1,34.935,0.62121,-45.634,39.91,-47.425,26.583,0,-45.83,-48.217,-4.754,21.632,45.512,-32.158,-41.342,32.463,-25.059,0.32955,9.616,-8.744,30.445,-0.53409,18.36,-43.503,0.29167,-0.27273,31.766,-0.57576,3.402,16.688,24.554,-25.024,14.708,-23.036
1,49.48,0,-23.786,-18.722,24.817,21.413,-45.924,-33.184,-31.781,13.32,1,36.517,-21.476,0.11765,16.51,-30.359,-41.603,37.892,1,-0.11765,39.682,0.35294,-4.398,47.629,38.267,-23.326,50.746,-10.673,-20.914,7.557,-23.712,0.35294,-44.461,0.23529
0,-19.127,21.989,-48.502,21.752,-1,-0.62766,39.865,0.51064,-26.84,47.535,44.848,43.26,-6.918,-30.755,-2.714,9.452,0,44.321,-43.444,-31.544,-36.638,1,-12.111,7.222,17.801,0,-0.19149,-0.46809,36.566,45.44,-38.498,12.05,25.794,22.738
1,-30.433,19.6,-45.688,0.29167,0.83333,34.958,0.70833,-45.138,-12.222,-25.768,0.91667,-41.891,37.418,1.672,1.603,47.27,0.288,14.098,23.116,-30.65,0.66667,36.78,13.832,0.16667,48.362,-0.12500,-37.947,11.177,1,-2.647,-9.04,49.979,0.916,14.851
0,1,1.065,-26.294,17.995,0,30.034,27.934,31.452,2.118,0,30.562,47.51,-26.82,-17.935,0,-8.462,41.732,-48.736,0,5.608,27.936,-17.971,-0.05128,15.534,-2.713,38.038,-18.958,-21.854,0.12500,-34.182,-35.803,30.276,49.551,0.19551
1,-31.227,2.119,-48.475,-2.825,1,-33.371,-36.34,-44.918,1,-44.038,-37.947,38.034,0.85788,-0.47265,43.234,-8.258,-15.62,-0.65224,9.66,38.102,0.82450,-34.474,39.944,-0.74785,-0.661,22.88,-7.054,-18.769,18.56,-44.471,-43.81,-35.771,47.068,-0.89621
0,-33.764,0,-19.69,1,-43.405,-21.42,13.713,0.779,47.53,44.07,7.743,41.13,-8.459,38.544,-38.286,0.34649,-32.218,24.039,45.711,-14.068,0,-28.956,-0.29825,-0.16228,37.812,26.361,42.157,-47.877,-28.149,-0.24561,-19.369,-43.092,-0.95,0.07895
1,1,25.518,-5.672,0.24077,16.242,0.00369,17.123,-0.30133,-13.009,32.999,47.426,-23.7,19.681,-0.042,-29.64,28.704,-13.245,-0.61189,0.40473,-6.121,6.274,20.514,-15.047,-5.481,17.047,47.952,16.681,-0.48390,10.5,-0.39143,-25.213,27.864,24.104,43.266
0,0,0,32.298,-35.934,-14.555,-26.121,12.099,-3.633,37.593,-23.605,1,-1,1,10.079,-23.798,0,5.372,6.523,-21.829,32.513,45.108,40.493,40.881,39.703,-19.011,18.093,10.368,-19.848,-1,-45.825,-1,-35.324,31.218,16.303
1,-42.959,14.963,-19.255,35.208,-19.005,-44.168,0.87024,-43.579,-43.521,-10.423,-5.927,30.164,1.751,40.151,0.63338,-0.49967,36.0,-1.316,-45.505,36.282,-49.337,-0.54172,36.081,-0.59691,48.628,27.743,-30.911,-1.938,43.6,-0.54928,40.105,-0.54074,-0.07457,-0.661
0,1,0,-30.706,-1,-33.572,-10.865,1,-12.986,-12.029,31.866,12.734,-35.582,-39.055,-1,-45.588,1,14.333,-30.015,-24.178,46.114,28.808,-8.51,33.548,6.524,-17.03,42.3,-34.366,-10.552,19.145,-1,32.504,-34.414,8.275,1
1,-25.193,-0.044,44.254,0.43460,37.702,-31.263,0.09916,-40.622,34.107,0.88186,-30.453,41.622,-16.429,26.519,-0.86709,-41.914,42.25,-14.144,48.85,-9.947,0.16245,-0.86498,15.647,-34.255,-13.637,37.516,5.653,45.946,0.32,45.119,-29.706,0.62447,-14.87,0.69409
0,-26.99,5.603,1,1,13.605,-2.862,19.035,46.393,-0.309,23.034,1,1,31.429,-24.877,41.926,41.698,-5.681,-25.499,-47.571,1,14.925,-46.827,11.922,-36.715,-1,43.475,30.648,0.061,36.657,-30.401,18.256,1,0,-43.559
1,1,-30.665,43.81,-39.37,32.486,33.679,-24.277,-3.778,-25.054,-18.293,-1,1,-12.761,26.644,38.439,1,-9.804,0,-26.296,3.751,-50.909,-31.117,-8.288,42.766,32.633,-8.851,-28.569,-1,1,-39.386,-1.845,27.607,1,-19.671
0,29.836,0,-26.146,-15.199,3.717,29.052,0,42.338,-47.172,-41.224,41.98,8.699,28.719,-2.936,-21.619,-37.33,0,-31.731,-50.585,-42.286,-36.662,37.49,38.192,-0.868,38.513,-1,1,11.849,1,19.888,-14.304,1,-42.587,0
1,1,45.389,23.934,30.692,-21.907,-24.923,37.264,4.707,10.865,35.412,45.382,0.39495,1,0.48981,1,19.533,3.759,33.772,45.655,-7.109,-1.62,49.301,33.266,-4.177,36.44,48.89,-16.908,8.715,17.442,0.25000,1,-26.177,1,-23.257
0,-18.232,-33.222,10.329,-39.325,35.029,-0.718,-39.286,3.006,0,0,-46.431,0,26.077,19.466,49.607,-38.449,46.326,0,34.175,-44.479,3.929,-19.387,36.129,29.493,31.414,-26.665,1,21.422,32.094,-26.38,0,24.83,0,0
1,29.229,43.755,-28.946,28.319,31.731,-2.914,-6.215,-0.21384,-32.534,0.04403,-4.279,12.197,0.28931,-0.31997,-35.933,-0.18947,33.077,-0.29441,6.344,34.097,-29.666,-21.777,-44.338,25.219,45.741,-6.395,-0.00046,22.764,-8.086,-0.21129,7.302,20.584,29.47,24.676
0,25.661,-10.767,-35.48,18.486,-0.648,5.224,33.833,6.509,-29.171,0,1,-37.15,-45.644,-15.411,43.05,-26.33,0,0,26.961,28.813,27.333,-41.207,-0.16667,20.211,-2.053,-37.464,-6.596,0.75000,-12.533,15.797,-6.477,-7.898,-0.19792,-0.93750
1,1,49.538,1,-27.611,-0.813,-1.385,-22.234,22.161,-32.78,-0.26496,-20.345,10.421,13.866,-27.512,0.73781,47.276,7.568,-18.128,-0.397,-8.577,-5.207,-15.743,38.568,8.044,39.392,0.27226,-8.255,-35.62,-16.893,33.185,0.22427,0.21378,10.763,0.19083
0,1,0,-26.492,34.968,-18.406,-13.036,-19.925,-50.68,1,-48.656,-33.706,1.231,29.206,39.999,-1,1,13.528,-27.412,10.246,1,-48.839,42.733,-24.869,-1,-4.002,-9.789,28.033,-3.528,-16.422,15.581,19.947,-44.745,-1,-44.098
1,-16.23,0,-27.783,26.618,0.60761,9.179,-13.849,-40.514,39.443,0.16828,-4.037,0.09061,35.379,0.08172,12.762,18.346,23.547,25.287,46.731,-0.14482,43.502,13.978,37.834,47.46,-22.358,43.517,-33.155,-0.02302,39.062,-49.828,-8.801,-3.336,46.542,-0.14725
0,1,18.766,28.281,-1,43.038,49.474,1,1,6.729,-16.857,1,27.562,0.455,-12.887,-21.947,-43.862,29.144,0,5.339,-20.255,1,30.857,-27.382,31.849,-47.053,3.928,28.535,5.464,19.912,-2.492,26.832,1,3.44,-6.647
1,1,-11.96,-20.762,15.767,44.023,-0.78509,21.701,-0.10401,26.379,28.729,-40.234,-36.099,-28.93,43.551,-3.952,0.713,0.95802,-0.18954,27.513,-0.15633,-48.145,0.03728,-7.731,-21.124,-40.381,-48.278,8.196,4.492,-23.766,-32.228,-39.16,1.855,23.879,-0.11717
0,1,-44.559,-5.985,24.451,7.02,-22.813,-0.07661,-16.358,45.727,0.95041,0.74597,14.029,-9.498,20.65,-0.09677,-21.05,0.242,-36.997,33.414,7.877,45.422,-0.20188,-5.382,0.06895,-3.427,-48.753,1.97,6.025,-14.651,34.706,40.542,8.698,47.596,0.00325
1,16.965,0,-10.375,6.59,0.80804,-0.16964,38.415,7.491,-5.142,-32.563,-37.25,-10.343,-44.467,36.617,0.98214,11.23,-45.657,-21.4,4.56,-40.413,1,39.248,0.90306,43.256,-24.435,-36.212,-4.883,-0.00394,-42.916,0.07908,10.029,44.804,26.024,-47.436
0,0,0,-8.356,37.262,-22.149,-25.021,13.419,-19.757,-13.631,17.986,0,10.128,1,1,-45.803,-18.559,30.319,37.898,41.997,-44.28,-39.31,-30.174,-24.893,47.897,4.085,-32.545,1,0.683,4.36,10.934,1,-42.3,-4.531,0
1,1,43.324,1,43.313,-41.881,-48.093,36.226,44.893,1,-17.177,-23.643,-0.49057,13.931,-19.519,10.872,-14.375,-47.74,6.786,-35.346,-11.306,21.464,-4.419,-16.977,2.13,0.49214,-0.73333,40.262,-7.663,0.26352,18.172,49.103,-0.73145,-41.599,4.906
0,-26.652,18.885,-46.438,24.272,-37.023,32.564,25.606,-4.511,-44.281,26.936,0,0,31.672,-1,-2.791,-16.69,-1,33.308,36.948,36.744,11.79,-9.462,8.516,-49.736,31.562,1,3.284,14.066,-44.772,14.599,-34.251,1,0,0
1,43.315,-16.35,-0.331,0.09091,-36.378,-18.003,-48.702,-7.541,-43.051,0,9.933,2.119,-42.707,-34.837,40.265,-0.04545,39.738,0,19.181,0,-43.756,-43.541,47.548,-32.136,-32.782,-2.697,-37.998,0.02897,-6.821,38.468,24.707,-33.348,0.86364,0.04545
0,-8.687,-34.764,43.859,0,-29.956,28.027,-0.779,37.812,-21.69,13.713,7.282,0,-15.598,23.079,-1,45.17,37.487,46.183,1,-47.877,-18.72,-23.42,-38.637,-43.294,42.06,-43.405,-1,-30.149,41.157,-32.946,1,-1,0,1.604
1,26.518,0,1.175,-30.444,0.97059,0.17647,0.82353,-25.282,6.576,-13.747,47.69,28.201,0.97059,21.054,-14.637,29.095,-5.672,-13.909,44.732,16.389,16.009,-23.341,-4.688,10.401,24.774,-5.125,0.92663,18.969,34.175,16.69,0.97059,16.38,49.386,0.05882
0,1,9.368,6.523,-24.121,39.493,4.524,0.28354,17.303,-4.633,1,-1,32.298,-45.825,-22.605,-1,-34.559,45.391,30.218,-14.555,1,39.567,36.593,37.703,-19.011,13.099,-37.934,31.513,17.058,-20.829,-1,8.079,-24.121,-18.699,1
1,36.746,0,-0.135,40.018,29.217,-6.703,49.312,-1.316,15.647,-20.23,1.732,0,-44.977,-30.953,-43.554,0.05756,-42.511,37.477,-42.992,0.05263,31.178,40.724,0.70301,-19.888,-49.321,35.613,-43.305,-10.063,44.198,-0.21053,0.42,35.723,0.57418,0.09719
0,-45.588,-13.029,-39.301,-12.486,33.548,0,18.126,-10.865,-9.51,-25.178,0,0,31.327,-34.699,27.808,14.333,45.114,12.734,-29.392,8.729,-30.368,42.043,-0.34615,-0.80769,-16.315,0,31.19,6.011,-33.065,0,-33.414,0,-9.552,-35.582
1,-13.386,0,1,15.587,42.01,26.87,-25.375,0.63636,50.101,-41.749,-40.556,4.874,38.623,45.412,0.63636,-29.456,38.202,44.054,0.956,43.14,0.90909,-15.32,1,-29.942,1,-33.678,43.878,-31.936,0.679,-15.127,35.485,-8.455,-12.761,0.27273
0,29.648,-46.827,-49.571,-24.877,1,46.393,-1,-34.715,-6.681,-0.939,1,43.475,1,4.603,-24.499,-43.559,19.256,0,18.035,0,40.698,31.429,25.034,-0.309,12.605,42.926,15.925,11.922,0,-2.862,1,-30.901,37.657,-27.99
1,1,-49.909,4.872,0.09091,-30.029,0.09091,0.27273,-39.823,0.63636,0,-29.828,32.589,-37.931,32.875,-7.365,42.796,40.075,-25.23,31.941,0,-24.357,-0.09091,-7.015,-1.664,-28.398,-19.384,-8.46,-4.796,28.879,-19.005,43.463,-12.761,-25.007,25.626
0,1,-1.936,-42.286,-43.184,9.699,-0.868,-43.224,-37.685,40.109,-19.619,37.513,36.49,4.717,42.338,0,-35.662,-31.731,0,-15.304,0,28.719,-26.146,29.836,0,0.29839,-49.351,31.052,-15.683,0,10.849,-46.172,20.888,38.192,0
1,1,-24.257,49.381,16.585,1,-26.463,45.382,-4.463,33.266,-0.14286,-24.208,44.512,8.715,0.02534,36.44,0,23.362,3.991,5.486,45.425,-6.109,47.604,36.537,18.943,10.15,35.978,-1.62,0.04891,33.772,0.05182,31.624,-22.336,-16.908,0
0,0,-26.38,-24.665,27.077,49.607,-34.222,-38.286,36.129,-36.449,4.929,1,-17.232,36.029,-39.325,4.006,20.466,1,34.175,0.282,-1,25.83,-45.431,33.094,-18.387,-42.479,-1,47.326,1,12.329,29.493,31.414,1,1,23.422
1,7.192,-32.832,-28.891,46.181,33.414,-5.322,-21.358,25.901,30.768,-35.089,27.49,-2.188,-0.92099,34.555,-45.227,-0.24942,20.18,-5.293,-0.24012,27.569,0.18823,22.209,7.865,28.882,0.69274,-0.24843,-28.905,12.565,0.52798,25.885,-5.824,-7.494,43.688,0.57552
0,27.531,-45.811,-14.671,-27.33,-5.638,1,1,-1,1,44.05,-6.628,-1,29.813,-30.171,-5.352,23.661,-11.304,34.833,19.486,-34.48,-35.816,-36.964,1,5.509,6.224,-0.053,-39.988,1,0.352,17.797,27.961,20.305,-9.767,-1
1,-7.87,-21.005,-0.88,0.04174,47.895,7.058,0.86098,-22.998,50.374,-27.297,39.808,8.161,-15.273,-0.587,13.728,-33.252,33.551,-0.969,0.53392,0.52180,-8.1,0.54212,-27.339,-5.175,22.347,11.135,-18.145,38.655,0.22307,10.408,-17.024,0.49124,0.11573,-35.41
0,-49.527,0,41.999,-33.52,-3.831,-29.412,-43.826,-19.925,44.733,-43.42,-49.68,-17.422,-9.154,-24.869,0,-17.406,0.469,15.073,-27.492,-4.528,26.033,31.206,1,1,13.055,0,36.063,-11.036,0,0,19.947,-1,9.246,-48.973
1,-33.028,-17.23,46.793,34.519,-48.985,-14.518,46.541,0.38779,37.874,-2.763,44.266,18.895,0.65260,38.826,9.256,26.276,0.41629,23.529,0.25539,0.85952,38.649,-27.864,13.722,27.508,42.58,0.79780,-0.20995,-8.804,47.165,-4.284,-0.38532,-22.559,11.372,-39.554
0,48.474,-13.887,3.928,-17.357,17.912,19.766,-23.947,27.562,28.535,1,30.857,-6.647,4.729,-1,41.038,-1,-47.053,3.44,30.144,-2.742,31.849,-29.382,-1,26.281,28.582,-44.862,5.839,-1.545,1,-22.255,3.339,1,-1,1
1,-39.16,0,5.345,23.044,0.73061,-29.668,-21.116,-32.076,-24.309,-8.272,-48.671,29.039,26.928,44.193,15.788,-11.588,0.15215,-40.863,-5.05,-20.642,-0.03462,21.13,-0.08856,-35.933,-41.384,0.40006,-48.465,7.584,-0.23832,25.674,42.757,2.231,0.408,0.31154
0,-5.262,21.443,-20.813,-15.647,0.755,2.935,45.727,7.02,48.596,15.416,-21.05,-4.457,-16.358,-47.82,35.723,5.037,1,44.565,34.096,9.151,1,-7.498,26.451,-38.462,1,39.549,1,-1,1,9.697,1,-1,-43.559,-5.354
1,-5.124,-5.883,-20.295,-10.419,-46.437,6.408,8.456,-43.35,-37.062,25.351,0.85550,-46.205,0.72298,0.52284,0.69946,0.58820,-31.904,37.265,37.904,-39.786,9.472,0.68159,11.558,43.704,0.26832,-24.673,-35.899,16.75,0.07497,-44.66,44.962,-10.396,3.5,39.989
0,48.897,0,-44.28,0,4.085,-39.31,29.319,-13.631,-30.174,1,0,-22.149,39.898,-47.803,-19.757,0,17.986,0,13.419,-4.531,3.36,10.128,-41.3,-25.021,-25.893,-33.545,42.997,8.934,-19.559,0,36.262,1,0.683,-8.356
1,40.907,0,-2.786,0.15451,-12.922,-47.542,-18.352,21.147,35.986,-6.335,-47.863,0.62719,-10.297,0.74676,-24.253,45.92,-16.68,0.76818,0.04686,44.086,-43.001,-35.172,2.819,-41.025,-0.29291,10.772,5.218,13.608,-17.99,44.099,48.406,7.773,18.392,0.35095
0,-27.652,-46.438,-45.772,-16.69,19.885,1,-42.431,-33.251,27.936,30.672,10.79,34.308,3.284,-38.023,37.948,0,8.116,-9.462,32.564,15.599,25.606,-4.511,1,-1.791,24.272,0,1,31.562,-48.736,0,13.266,1,37.744,0
1,-15.35,0,-1.855,-44.239,-43.048,43.009,39.029,0.87892,-33.325,0.90135,-7.937,0.80441,-34.337,0.56502,38.526,-17.643,45.986,-44.133,-1.959,-8.085,1.652,17.625,-32.391,-37.976,0.09562,-0.61055,-43.328,-35.366,9.411,23.545,0.47029,-49.569,-38.492,38.502
0,-19.72,7.282,42.06,13.713,1,1,1,37.812,-0.779,46.483,2.604,42.157,-19.69,-9.687,44.859,-33.764,28.027,48.183,-28.149,-1,39.487,-47.877,-41.405,-33.946,1,-29.956,25.079,1,1,-44.294,-21.42,-13.598,1,-37.637
1,1,-13.909,0.73523,-0.38293,29.179,0.10278,-29.567,0.15266,19.498,0.05252,-24.37,-15.366,-12.998,21.196,26.206,5.993,47.216,-6.499,24.564,-5.598,0.837,-4.729,33.765,0.44872,30.011,15.82,0.44174,16.871,-23.334,17.807,48.824,16.818,44.038,10.87
0,0,-34.324,-3.633,9.079,9.368,32.513,-36.934,33.298,45.108,-18.848,-23.605,37.593,-25.121,40.493,7.523,0,31.218,0,38.703,0,-21.829,0,16.303,-18.011,-46.825,-23.798,40.881,1,4.372,17.093,-15.555,12.099,0,0
1,1,0,49.427,-6.711,0.364,-45.778,36.617,0.00372,-43.001,30.469,-30.063,14.998,36.718,-49.695,-42.367,37.022,0.94277,-10.081,41.109,-0.189,0.97770,-43.942,-43.374,1.119,-19.036,43.752,-19.225,0.04356,29.354,0.00818,-0.364,35.473,41.648,-0.00260
0,-13.029,0,32.806,-24.178,-1,17.145,-34.414,-30.706,0,-35.582,-11.865,0,30.327,-40.295,-16.315,14.333,27.808,7.799,-46.588,-33.065,-1,42.3,-8.51,46.114,12.734,-9.552,1,-31.015,-34.699,33.548,-12.986,-1,5.524,-1
1,1,-14.386,-31.52,26.156,0.71442,-29.714,0.71063,-15.468,-32.906,37.817,0.34615,0.05594,-12.798,15.176,0.68101,-41.608,-29.35,37.259,41.644,-0.091,5.519,42.947,45.321,-26.119,-40.716,-14.685,-8.492,-0.238,49.483,45.935,0.56466,34.575,0.54632,43.506
0,1.691,-23.877,-2.175,14.605,-42.639,-0.76087,30.465,0.04348,31.19,0.10702,6.471,-5.944,0.70067,-24.317,0.75920,-27.853,20.191,10.671,-47.864,0.18729,48.042,-31.155,24.636,42.472,42.926,-0.53846,15.817,-35.493,-0.229,18.573,-45.827,37.591,45.04,0.23913
1,-18.293,42.81,43.862,-40.083,-6.288,-25.017,-29.665,-0.85741,-7.051,25.705,0.45556,-38.813,29.607,32.554,-27.761,-0.83519,33.459,-49.89,-1.023,-25.108,0.98215,-0.19938,-11.761,-4.558,40.135,-0.26481,0.92148,31.241,-29.403,-25.276,-18.13,-9.075,1,3.847
0,-37.33,0,-14.919,0.15564,-15.786,9.773,-20.354,0.24125,0.23346,0.13230,11.044,-41.033,-49.34,37.882,41.07,0.22957,38.153,21.258,-42.536,-0.619,0.24903,29.933,30.13,-35.362,29.694,-1.652,42.278,-41.961,-25.294,0.14786,4.624,-45.86,36.299,-31.443
1,1,0,-17.333,-22.939,31.376,35.386,0.61508,35.525,36.804,44.689,48.998,-24.966,-4.586,-0.02381,46.016,16.454,48.598,44.408,33.375,0.01587,0.47817,9.837,23.525,0.03770,4.986,-24.218,-26.564,18.93,-6.492,-2.755,32.955,7.701,4.759,-0.03175
0,1,-37.449,-26.316,3.777,-0.04433,35.188,-33.139,-25.689,48.592,30.601,0.06404,-43.479,19.589,22.324,46.386,26.077,-39.266,-18.261,35.047,11.122,0.06897,35.044,-0.649,28.522,0.07882,24.993,-46.151,-0.04926,32.035,-0.09360,-38.281,-19.332,3.08,-0.10837
1,-7.06,0,-43.785,0.10850,-2.063,43.686,28.933,23.013,-20.719,6.194,46.422,-35.81,-29.045,-0.00224,31.946,-6.018,8.186,34.222,26.174,24.857,-5.518,-0.01342,21.383,29.574,0.71253,-0.09508,29.096,-0.01673,0.63311,-32.784,13.249,32.823,-28.944,-4.707
0,19.486,0,5.477,43.409,6.509,-26.33,-0.944,-1,-40.988,19.305,33.908,27.458,-29.171,0,-6.352,-7.628,0,-10.767,28.813,-35.48,0.00759,0.68101,-15.871,-0.716,-12.408,25.018,-45.755,-1,16.797,-6.638,27.024,-38.964,-36.816,0
1,8.759,-33.735,0.88103,-1.495,10.772,6.876,-16.226,-1.824,-26.771,32.822,-35.054,-0.10932,-22.307,22.025,-4.824,-0.13719,38.984,-0.06109,-0.085,-21.029,-15.155,10.436,0.82851,46.878,50.439,12.867,39.884,-27.914,0.84352,-0.12862,-7.701,-0.18542,-17.497,-9.039
0,31.206,-44.42,0.42708,-35.02,-28.412,-12.036,-23.869,0,-48.509,27.543,-44.237,0.02083,9.246,-4.831,-10.154,-18.925,43.897,0.015,13.646,-4.712,0,-17.422,35.063,0,-16.418,20.538,14.073,39.999,-0.27917,-28.248,0,-49.68,-49.527,0
1,35.382,0,-27.832,-23.187,-8.664,11.859,39.001,38.526,19.187,-0.10223,43.555,-17.314,26.47,-40.123,0.93094,47.407,0.86025,13.666,0.89451,43.503,46.568,8.626,23.59,-0.11909,37.913,-14.913,27.484,-34.146,-4.144,45.727,-2.399,-0.12452,-49.054,-0.12235
0,19.766,29.857,5.729,27.535,-0.742,4.468,0.88444,-44.882,0,29.144,1,26.138,-21.947,2.635,3.928,4.785,43.038,-0.81556,27.582,-28.382,-15.357,-0.04000,-47.053,-14.074,18.912,32.849,-20.255,-1,48.474,0,0.455,-7.529,0.90667,27.186
1,1,22.914,26.19,2.029,-4.1,-41.236,43.813,-8.721,0.79571,-29.954,8.11,26.678,29.43,-0.06714,0.86429,-36.374,0.82857,15.482,-48.309,-0.11857,-20.993,0.562,0.84286,43.569,21.471,-21.285,-47.45,-40.246,5.364,-24.782,-31.453,-0.05000,-11.138,-41.533
0,1,0,-3.457,0,34.723,21.443,0,-21.813,8.697,25.451,6.037,0,32.096,-4.262,41.549,-7.946,8.02,-48.82,0,0,-14.647,47.596,45.565,-0.245,8.151,-37.462,-16.358,-21.05,14.416,44.727,-44.559,-6.354,1.935,0
1,26.024,-47.378,-5.625,45.009,-32.058,8.933,-10.043,6.166,-20.768,-11.077,0.44675,36.656,0.55844,7.448,-44.948,39.21,-43.145,-40.549,0.55325,-36.077,-24.949,-46.69,0.49091,-5.893,0.59221,0,4.135,-0.03280,11.636,42.982,-37.406,37.36,16.555,-0.08571
0,-41.3,13.419,-22.149,-46.803,-8.356,10.128,9.934,0,0.683,0,-13.631,37.262,0,3.085,-25.893,0,-44.28,48.897,0,-25.021,0,-31.174,29.319,-4.531,-33.545,0,4.36,-41.31,-19.559,0,17.986,38.898,41.997,-19.757
1,4.004,13.022,-5.903,10.615,-9.73,0.25000,0.25000,40.907,-18.909,-40.827,20.646,-35.137,-48.779,45.851,34.842,-16.492,18.518,0.16709,-4.076,43.604,5.341,-17.612,-0.16178,-0.12964,-0.07782,-0.12744,7.345,-0.10242,-47.83,48.867,-24.548,43.282,-13.764,-42.901
0,1,-37.023,15.599,34.308,37.948,9.116,31.672,-44.772,-3.791,-1,-48.736,14.266,28.936,-0.11111,-34.251,10.79,-8.462,0,-1,31.562,38.744,25.272,1,3.284,-16.69,18.885,33.564,-1,-27.652,25.606,-4.511,-46.438,-42.431,1
1,1,-38.913,2.989,-43.327,-43.979,-2.051,0.31347,40.222,-0.03933,0.90740,-32.648,-42.839,8.273,-34.367,37.927,-33.03,-38.144,-7.901,-8.216,-16.732,-49.858,-0.62861,-0.13013,-34.399,-43.895,37.713,-0.946,46.26,42.84,23.544,-17.35,-0.05938,18.695,0.16645
0,1,0,14.713,-38.637,0,0,0,27.027,42.859,-19.69,45.483,0,8.282,0.37333,-22.54,-29.076,-1.779,-46.877,-43.405,35.812,47.183,-43.294,-13.598,23.079,38.487,-32.946,1,1.83,-19.72,41.157,-34.764,-29.149,41.06,-8.687
1,1,-5.57,17.203,19.377,0.59573,29.154,0.19672,0.94537,5.423,0.92544,32.608,-5.959,-24.323,-13.572,24.594,0.21,-31.129,-5.602,-14.187,16.075,10.27,-0.82217,48.738,-26.146,47.28,-0.55910,24.642,15.0,21.632,16.485,29.647,44.122,0.34749,-15.002
1,1,0,0.32834,33.323,-24.968,-34.111,-46.676,33.253,-0.25706,10.291,-15.658,45.301,30.605,-36.676,-0.94053,-0.05409,7.392,38.56,11.796,3.926,37.479,39.637,-18.822,16.866,-23.325,-21.892,40.219,16.184,9.356,-0.11409,-23.647,-3.501,-17.89,0.20468
1,36.402,0,31.287,36.137,0.359,0.78579,48.604,0.89402,-46.108,-43.502,-50.443,37.599,-7.586,40.867,-21.021,-20.211,27.782,-10.771,-44.185,-0.87787,15.087,-0.89064,0.51109,-44.077,0.182,-44.236,44.501,0.08718,-30.338,36.119,1.423,-0.642,40.084,0.79444
1,-10.986,-39.295,13.357,-0.03490,18.736,-13.024,-45.984,-35.656,-29.074,0.00963,-32.44,-33.489,-34.029,-9.48,8.429,27.724,34.223,0.09146,31.999,0,0.58965,-25.077,0.50060,31.837,-29.356,-9.37,0.60463,-11.845,14.847,45.158,7.141,41.29,0.61372,-16.406
1,-8.091,0,45.435,34.461,-29.312,-26.16,49.824,0.16912,44.205,45.944,0.77,-29.29,43.516,-15.485,0.70772,15.349,-13.865,0.06066,41.62,0.05147,5.548,0.04228,-33.066,-14.636,38.534,26.167,-12.871,-31.954,-41.35,37.289,0.55916,-0.247,0.60294,-41.339
1,1,0,6.219,-43.37,48.174,30.446,24.809,0.02647,-35.064,-6.784,20.032,42.006,-23.759,14.975,18.758,29.705,1.377,44.385,0.61692,-46.664,-30.738,-0.864,14.244,11.003,38.258,-2.934,-27.402,0.08767,42.249,-23.62,0.53389,-48.479,0.50609,0.09322
1,-27.761,-25.296,5.101,-30.612,29.455,-12.759,-7.961,-40.002,-18.45,-18.906,32.244,42.851,0.81892,-38.38,-49.101,0.00673,33.486,-7.975,43.879,-0.03536,0.76365,-4.769,-6.541,0.00978,0.79632,-30.234,40.147,25.655,33.588,0.11598,0.66624,-1.833,-24.077,-25.036
1,1,-20.619,0.5,20.888,41.367,-42.12,0.49130,-15.239,37.982,-41.325,-49.228,36.364,0.45652,29.767,11.353,-25.12,0.35652,38.387,5.139,-0.721,-15.777,30.026,0.32174,-2.049,-45.698,9.69,-37.912,-42.518,30.223,-35.623,0.35217,42.486,-31.283,0.17391
1,1,44.382,23.732,47.984,8.496,10.071,17.159,-22.627,0.69320,0.41252,36.196,-6.608,45.968,0.60814,-24.573,32.851,-26.843,-4.499,33.067,36.075,-2.524,49.062,0.02066,4.856,18.855,0.63183,-24.377,31.231,36.082,0.56015,-18.163,45.172,-0.27339,4.911
1,1,-43.479,29.493,-25.567,-36.449,22.673,0.266,35.459,-38.482,3.536,31.164,46.929,-25.811,20.186,35.582,0.74079,0.29452,35.997,11.54,-32.425,-38.228,25.652,-0.01734,-18.588,3.778,26.833,-18.46,49.298,-0.31713,32.704,-0.40291,-45.886,-0.42815,0.44534
1,-34.968,-2.77,0.89410,0.13425,29.099,0.31543,-5.295,44.189,35.021,0.59975,-29.056,26.197,21.17,-20.7,6.435,31.944,28.489,-7.264,12.368,0.76261,-29.963,8.019,-33.135,-43.777,29.051,25.453,32.412,-5.736,45.208,0.27252,-0.52823,23.188,-0.48808,-4.6
1,1,-7.628,0.94631,-6.463,0.90946,-36.485,-11.453,0.49960,43.787,-15.033,25.253,-0.314,18.973,28.368,34.137,-9.86,-40.808,0.93429,-26.337,-44.88,-38.153,27.855,-29.501,0.82492,6.044,20.07,-0.58563,5.888,16.117,0.52564,-36.233,-5.927,-1.46,29.074
1,-32.735,38.113,50.455,-23.013,-26.904,-0.637,0.72873,0.45747,-0.882,-8.172,-1.302,-35.127,13.423,10.692,-5.575,11.417,0.00396,7.753,-0.16390,-20.227,38.642,33.711,-0.43087,22.667,-17.698,0.53886,-28.266,0.40972,7.114,0.27338,-9.242,47.139,-19.055,-15.981
1,1,-18.925,35.829,-17.211,-43.781,9.627,-4.044,0.52500,43.883,27.255,-49.542,15.669,-0.07727,-48.528,13.055,-27.006,-0.27491,-11.616,-24.431,-28.044,29.84,-4.642,-0.40533,41.074,-0.38483,-0.03229,-45.166,-49.652,-17.681,-34.717,-10.354,-0.24648,0.35,20.674
1,14.717,42.654,0.58940,45.248,-22.349,0.55298,-8.773,11.919,34.948,-28.558,-16.902,0.24172,9.251,22.824,0.63907,-33.829,-39.394,47.923,26.083,0.13907,-49.27,26.898,-2.546,37.156,44.062,0.26653,39.002,45.961,18.757,38.362,0.43484,-4.706,-14.364,0.29942
1,1,27.535,5.839,0.11385,27.262,4.218,6.545,-47.956,3.639,-28.371,-22.386,-0.07780,19.456,29.269,0.58634,18.952,0.53131,29.823,28.277,-13.718,0.72676,-16.285,-7.326,32.908,2.973,-20.882,42.529,0.17951,-0.393,48.799,0.44141,27.47,-44.3,-1.591
1,-23.678,26.678,-4.103,43.687,-39.354,-36.4,-20.991,-41.267,7.901,-8.794,5.134,0.57,26.051,-32.325,-20.574,-29.975,0.39199,-49.074,0.71254,0.01394,43.583,28.494,23.448,1.907,-47.795,-0.22822,0.48659,15.445,0.52613,-0.08537,0.44277,20.605,-40.959,-12.058
1,7.037,8.151,-20.813,0.08013,9.665,-0.25,2.902,-0.00722,0.87980,33.057,41.549,21.457,-43.597,-22.065,-5.394,-0.01671,0.98497,8.03,-13.735,-3.546,-47.869,-0.02364,48.542,-0.02591,0.98164,45.585,-4.325,44.697,-36.462,14.358,26.379,-17.393,35.645,-8.534
1,1,0,-43.193,39.123,-45.037,8.905,-39.789,-0.39175,11.937,37.487,0.26289,15.749,0.49485,-10.39,25.478,44.873,6.63,0.06186,-46.878,7.295,-24.888,-35.881,-20.847,0.08247,-37.246,3.799,-5.59,-32.614,36.751,-11.436,43.422,-46.615,-5.429,-0.51546
1,-45.803,0,14.054,3.041,42.762,0.02968,0.61432,-39.95,-18.905,48.892,0.64203,-4.448,-18.962,28.885,37.987,-43.731,18.582,10.267,0.63510,-30.954,-21.517,-0.25404,39.607,-24.867,1.33,-8.125,-25.205,0.17704,-13.015,-33.469,10.597,-41.102,4.051,0.36721
1,40.907,-6.903,0.50112,-41.775,19.565,0.01348,-16.282,-48.422,3.592,0.02472,-23.903,10.111,35.997,-47.887,0.66517,-19.069,0.57303,45.268,6.253,48.863,0.56854,0.14157,-13.211,20.744,-3.244,-17.472,44.163,-10.722,43.8,-35.978,13.568,0.10562,7.973,-42.962
1,1,14.266,-2.076,27.93,31.229,18.843,34.939,32.512,11.57,0.08091,-48.063,-36.926,-7.814,0.15858,0.60194,25.587,9.66,-0.04531,-33.782,4.184,-16.043,-43.282,0.39159,38.165,-45.248,15.544,24.723,37.744,0.31392,-27.72,31.164,-0.10680,-4.207,-46.49
1,-15.35,-44.62,40.037,23.947,-7.006,-49.44,18.833,-32.145,-43.097,-0.00494,47.565,9.097,0.59753,0.04938,2.744,42.411,-34.1,-1.507,0.73827,-33.366,-7.055,-37.322,0.60988,-17.831,-38.246,-44.179,0.63773,38.352,0.76543,-43.61,-2.13,-33.763,39.252,-0.04691
1,-28.149,24.079,15.32,-32.973,0.67119,-22.38,41.686,1.56,-46.372,-1.741,0.70508,-0.07797,0.57966,41.04,-38.105,-43.216,0.64068,-28.837,27.597,-0.02373,46.015,-14.591,-19.975,-19.754,39.016,43.825,7.855,0.00750,47.77,-34.767,37.402,-42.432,-8.185,0.06780
1,1,0,-13.222,24.018,48.77,19.001,15.594,29.065,-6.099,-30.38,0.58252,-23.435,0.33495,33.282,21.431,28.382,-24.899,0.157,-4.723,16.394,10.722,16.866,0.18932,-5.313,5.974,25.367,0.36547,43.771,47.113,0.17476,-13.646,0,16.695,-15.598
1,1,-46.825,17.291,0.02187,13.03,40.222,34.137,0.35222,17.841,0.48906,33.249,0.51879,-17.461,9.681,40.925,5.034,-15.237,38.298,31.502,-23.109,-21.754,0.73696,-23.541,8.236,-34.489,0.69714,38.537,-36.329,-3.796,45.666,9.021,-24.679,-19.183,0.37465
1,-42.992,48.481,0.97905,28.537,0.90112,35.98,36.566,44.157,-9.435,0.64888,35.99,-19.44,0.40349,0.83156,-30.752,40.972,0.04700,0.673,-1.464,-5.923,36.742,0.199,14.584,41.365,-0.51034,-45.193,-43.929,-43.877,29.834,-19.661,-44.616,1.231,-50.384,0.02968
1,1,31.806,-45.591,-16.098,0.91966,-12.559,-38.526,-32.441,-29.173,-8.771,13.101,0.88291,-35.481,0.83312,-0.06827,-32.521,17.862,-11.266,-35.137,-24.561,40.742,-29.534,-12.515,45.469,13.686,27.968,7.133,0.02277,-10.159,31.193,5.978,-0.22949,33.076,-0.35032
1,1,0,16.076,0.19959,43.84,-14.457,35.29,0.56569,0.56687,46.575,-25.775,-32.754,37.954,-14.596,0.05167,0.616,43.165,0.795,-14.814,45.446,-30.523,37.828,-42.211,-31.521,-42.347,0.30912,-14.259,-29.573,-0.75406,-9.135,25.573,48.922,40.34,4.53
1,1,41.698,-30.461,19.537,-2.057,0.52821,38.238,0.73151,5.953,-27.185,-0.832,30.552,30.229,0.89335,-48.968,0.82163,17.447,48.021,14.162,0.40368,43.662,-6.492,41.113,-0.04284,-24.63,13.336,23.402,-47.292,-24.963,10.308,-0.26389,-0.017,-43.649,-36.428
1,1,-38.386,0.89835,-4.427,0.67333,-7.229,31.925,0.94353,-12.797,-18.2,-0.22838,26.397,-2.097,-24.56,-40.579,0.28415,-25.389,-30.559,3.944,-25.358,32.156,-30.252,28.275,42.334,42.971,-50.445,39.51,-9.323,-7.044,-29.196,-18.927,32.379,0.42805,0.13297
1,1,-25.146,37.803,0.10025,-31.498,38.365,42.376,41.324,9.819,11.112,-49.522,-15.091,-0.916,-41.159,29.772,0.07907,29.656,4.758,-16.253,-1.922,-0.04166,-35.665,-42.616,-42.236,-0.01755,-38.345,-0.00886,-0.01475,-20.621,20.876,-46.171,30.043,36.493,-0.00647
1,1,44.382,48.966,-5.532,-23.257,35.89,5.24,16.437,33.597,-17.714,23.435,-0.27632,0.65977,19.007,10.562,0.14662,-26.453,30.197,37.025,32.311,-22.238,0.20489,45.503,-7.519,0.64850,-0.04699,48.458,4.028,45.917,35.306,0.15602,-25.187,8.163,-2.723
1,-24.665,32.094,0.83609,46.459,3.728,22.483,-0.06,0.08315,0.23888,-37.319,35.468,0.20330,0.49418,-33.095,-17.784,48.742,35.422,3.959,-18.905,-46.274,19.795,30.56,-26.085,-38.179,-43.214,0.14530,0.23641,11.472,28.757,24.992,35.363,-39.149,26.243,0.13198
1,-1.77,28.229,13.401,34.507,46.569,43.766,-35.117,0.01546,0.76966,-0.00278,0.84459,-6.034,21.606,32.904,23.823,-4.625,31.897,-8.041,29.198,0.02405,25.757,7.398,-32.029,-6.03,6.965,0.02220,-28.805,29.519,-43.544,-21.369,0.77863,25.558,0.77269,-29.686
1,1,16.797,-5.481,0.04326,-14.872,-28.988,0.342,43.343,-44.916,-38.048,6.11,27.511,0.90446,-0.26724,27.855,19.505,19.372,6.463,0.84452,-10.777,0.97882,-37.157,-40.198,-6.889,25.528,28.721,-6.768,-35.509,-25.543,33.792,0.75935,0.21812,-0.17,-12.212
1,1,-8.87,10.623,38.138,11.572,-35.778,-26.904,-1.357,-4.989,-0.09188,7.859,49.562,0.97921,13.058,0.96110,-17.065,-22.281,-20.968,0.71026,-18.388,-0.181,32.869,-32.735,7.759,0.71764,-0.01207,-7.762,22.039,0.72435,-16.046,-26.86,39.112,47.731,-1.779
1,1,-28.412,-4.055,-44.225,21.009,-12.22,15.696,0.01006,44.188,0.425,0.56509,-10.136,35.51,0.27515,0.71598,-44.865,13.611,-49.403,41.413,27.148,-4.303,0.02842,9.758,-17.512,-49.2,-23.893,-16.957,0.03259,30.741,-34.268,-27.173,-19.07,-48.627,-0.00296
1,-22.203,47.496,26.139,0.14689,35.081,43.404,0.85122,-17.369,-49.112,-14.747,-9.08,-3.206,27.294,11.801,37.891,-0.13748,-33.513,42.409,46.673,-0.14313,38.779,-28.724,38.846,45.746,0.56121,8.416,0.61444,13.548,-39.585,-5.02,0.53861,22.389,18.969,-0.22034
1,1,-28.382,19.613,27.501,28.146,5.644,49.294,0,0.73673,-16.434,-22.228,-48.189,-20.506,18.796,5.114,-45.049,42.82,29.645,0.61996,-13.989,0.79193,4.682,0.89384,2.406,28.431,26.301,29.885,-0.778,-6.984,-1.965,0.72611,32.471,3.586,-0.24841
1,1,1.992,0.87772,22.832,0.83424,-36.304,16.384,-24.637,27.449,-49.141,0.77174,20.644,0.82337,7.128,-40.555,-0.00543,-31.386,-0.20924,-29.077,0.679,-7.864,-12.019,-47.293,-22.042,-40.531,-40.347,44.457,-5.054,0.85870,42.991,29.36,25.27,5.329,-21.222
1,35.723,-5.262,0.74704,-3.59,33.634,-21.643,-16.631,8.115,0.69565,-8.608,26.119,47.361,-21.171,-0.19170,46.302,-44.517,45.358,6.033,0.63636,-37.581,0.79249,-6.607,-48.156,40.263,0.67194,-14.751,0.61847,8.576,15.017,-0.20949,8.527,2.004,0.366,21.429
1,1,39.247,0.46785,-6.011,25.614,-25.428,16.519,-35.998,-46.899,-46.796,-10.02,42.962,45.63,6.046,-37.273,-0.03326,0.54545,-21.405,-39.96,11.158,-10.694,-0.19512,0.50776,7.433,-43.258,-32.691,0.53930,-5.997,4.202,-45.493,37.133,37.297,0.56319,8.985
1,-18.559,-25.893,-24.14,0.27475,-12.91,0.42881,0.61559,-39.674,-7.967,-18.852,3.183,0.96128,38.697,11.02,48.54,1.458,-47.455,-21.527,-45.068,-30.718,-34.363,42.188,28.479,13.338,-0.78334,3.097,9.258,-0.45511,-5.079,17.377,36.957,-41.967,-0.19312,-0.75597
1,1,7.366,-5.971,-42.588,40.706,19.512,49.537,0.71596,0.26203,11.042,35.326,-2.742,12.79,-18.126,-0.55926,44.134,-18.255,-41.115,-14.696,5.968,-25.493,0.06040,-0.93618,-48.636,-17.703,-0.46906,-0.65165,-36.637,44.831,19.922,-47.976,2.064,43.698,-11.678
1,38.948,0,38.626,19.191,16.332,31.25,24.613,0.58527,-36.966,31.562,4.192,0.92118,13.642,11.51,8.419,34.633,-3.606,0.41195,-44.431,-16.698,-28.442,-0.41085,-47.207,27.482,31.991,24.93,-0.31610,-49.554,-45.802,-0.86841,-33.998,-0.82127,-8.46,-5.328
1,3.119,0,39.212,47.065,-43.927,-0.854,0.49234,-32.574,-43.487,0.86761,23.762,-48.625,-32.582,0.77681,-0.52735,-7.192,38.652,-2.43,-44.809,42.354,-0.71225,-37.485,38.155,-18.304,-35.255,-0.52954,-7.711,-44.241,0.08425,8.364,-38.661,-34.176,-15.945,17.827
1,-31.946,7.282,15.642,0.33164,-42.532,-21.797,-8.194,0.84266,38.703,-41.453,-0.13956,-27.994,-2.251,41.896,-0.70747,37.467,-30.024,41.524,-47.795,-19.664,42.961,46.921,-0.73969,-0.54069,1.096,-0.74735,-14.821,-21.552,27.105,23.207,45.843,-35.544,-38.043,-0.60270
1,1,20.907,0.83367,19.257,0.65541,26.094,16.739,-24.663,43.905,0.78947,-5.76,17.12,28.648,0.66541,-24.143,-4.677,-31.103,48.669,-0.72180,10.323,-14.338,-15.86,16.316,46.185,5.398,-14.569,23.906,-0.434,0.22708,14.6,-6.241,32.721,0.64662,28.077
1,1,31.218,0.98455,-0.02736,41.474,16.262,-22.798,-0.07635,33.5,-46.81,10.321,33.272,13.084,39.807,-14.561,-18.083,39.677,-23.7,0.97264,44.985,38.586,7.471,-35.981,-25.21,0.97352,-18.932,5.338,-34.453,18.028,-21.978,0.97132,-3.791,0.96778,8.891
1,41.124,-0.182,-43.018,-0.01531,0.94170,0.01001,0.94994,-0.624,-43.033,-20.188,-5.774,1.01,36.717,48.463,15.933,43.632,36.357,-0.04064,41.6,-44.385,0.94229,35.606,-30.076,30.409,-19.049,-1.387,29.306,-0.05827,37.907,-49.817,-9.232,-43.425,-44.855,-0.07420
1,-33.699,-33.065,0.97032,-0.14384,-45.675,18.143,28.774,44.943,0.98630,-35.399,0.91781,-11.863,-32.478,-29.79,-11.073,-0.00228,0.86758,-0.08676,42.27,6.311,-38.295,14.436,8.719,-13.082,13.658,-16.246,32.746,-9.603,-29.045,33.347,-24.324,-0.08676,32.293,-9.771
1,44.413,-0.044,-29.204,37.168,-12.539,44.775,-14.34,-32.194,0.30508,-26.21,-29.512,4.738,49.745,0.28814,0.83051,-0.35593,0.54237,-41.539,-33.027,15.166,41.603,-15.185,0.86441,-9.04,-41.252,43.031,0.352,-0.00266,38.466,-14.42,27.155,45.714,0.76271,34.383
1,-45.827,-0.939,30.762,41.676,11.367,0.22222,18.424,-6.515,15.341,0.13889,14.105,23.923,-27.441,47.308,0.58333,-48.238,42.254,0.02778,-43.309,37.462,-35.243,-24.554,-2.334,-31.428,5.992,0.08333,0.41543,-0.14256,19.451,44.336,1.06,-24.025,29.731,-0.5
1,1,-1.845,-37.873,-29.192,1,0.53810,29.318,43.908,0.45622,-7.387,-8.473,-24.048,-19.08,1,4.243,-24.296,31.155,-6.3,-13.375,-39.005,38.912,33.396,-0.88500,33.445,-50.909,0.35175,-1,-28.666,-31.665,-24.888,24.644,-19.427,-5.697,42.154
1,10.699,-0.868,0.75564,30.215,-45.336,-37.787,5.266,21.609,30.188,0.70792,0.13469,-19.671,37.414,39.129,36.114,0.82223,-2.464,-24.434,-50.269,0.67989,40.279,30.302,41.546,0.02995,9.859,-42.515,-41.99,-42.915,-36.295,-16.391,-15.646,-0.60454,-31.927,-0.62956
1,1,-25.065,-23.419,0.42904,-6.388,32.85,-2.164,4.915,0.16470,49.209,-0.13012,37.133,34.978,33.556,47.295,44.903,-23.692,4.751,-0.84014,9.904,18.322,-0.31351,-0.47412,7.226,45.016,22.256,-27.227,-5.804,44.802,30.165,16.813,-18.3,36.02,-0.24313
1,1,-25.665,47.263,26.428,29.245,-36.792,4.385,-25.494,0.15323,0.24,22.204,-42.516,24.265,32.928,29.626,35.709,10.398,-19.126,-34.159,-0.06418,34.305,19.057,-0.65079,-39.0,-0.36799,-40.135,-0.04578,-0.91221,35.303,-19.089,-45.883,47.91,3.754,-0.44173
1,1,12.46,46.636,21.143,-7.34,-2.086,25.241,0.94078,-32.943,31.914,32.558,30.381,-0.66616,-5.296,-22.383,-43.98,33.444,-29.665,-30.596,28.261,24.823,22.333,-5.12,-6.925,-0.13486,-0.88082,28.595,5.341,0.48904,43.053,0.69886,-36.428,0.76066,7.218
1,7.509,-10.767,1,0.16195,28.531,18.43,-5.638,43.064,20.305,26.837,1,-36.832,-36.964,-0.01731,0.352,-35.544,25.661,-1.124,1,-40.929,-44.811,-6.453,1,-15.698,17.797,-12.534,-28.171,-7.696,-25.33,28.896,6.224,33.691,1,-0.07439
1,1,6.901,0.95559,-27.664,11.446,-0.13244,-15.085,-0.00461,-20.177,-9.382,-0.562,-0.889,1,-18.557,0.99264,38.087,-26.806,-1.961,-32.895,-22.578,1,-36.039,22.888,46.917,-16.31,-5.748,50.379,9.856,-7.761,38.983,33.756,13.043,8.547,-0.02039
1,-3.831,-27.492,0.79378,41.293,-23.229,-18.402,-11.623,35.745,-49.538,31.041,-0.16831,0.78772,-45.255,-16.698,20.375,0.884,-0.75436,0.16755,-10.854,14.975,43.156,-49.762,-0.40637,-0.38287,26.858,8.721,-44.405,-17.893,-34.33,-0.38059,-28.102,-4.76,-48.628,12.974
1,1,18.295,-33.147,38.428,48.18,37.735,43.891,46.482,34.44,39.421,-0.29784,0.86490,42.027,27.315,-0.77106,23.094,-0.85803,25.624,-0.81641,-9.825,-3.88,-29.22,-23.601,11.163,-40.224,-0.75533,8.918,45.142,14.124,-5.575,-14.206,-0.36765,-49.294,-17.363
1,19.766,4.339,19.808,0.39286,-6.985,3.158,6.024,3.836,27.534,42.982,-0.45725,49.32,-14.664,0.04,28.929,26.813,-0.92282,4.686,-22.016,-16.841,-48.562,28.382,-0.14895,-0.88591,27.751,26.424,-27.85,-23.633,33.598,-0.40656,0.83142,-44.932,-0.974,0.27926
1,1,7.234,1,-41.475,1,26.475,-11.086,-21.863,0.88608,0.01266,-20.217,2.106,0.92405,20.765,-35.529,-8.766,0.63291,-32.634,-40.508,43.011,-48.182,0.06329,26.379,-4.698,16.157,-40.539,-23.831,4.483,44.619,-29.974,29.106,0.672,23.749,-48.291
1,1,8.697,6.785,21.451,-7.665,0.01659,-20.986,-6.329,-13.781,-37.446,-4.657,14.475,48.387,-3.41,0.77441,-48.765,0.64706,-17.165,41.39,44.769,8.864,8.091,0.444,-44.483,0.66387,45.649,0.63728,0.08296,26.065,34.739,2.517,-21.963,33.65,0.08891
1,1,0,9.879,-25.417,-4.961,-40.475,40.167,-11.152,0.92765,0.08010,38.291,-47.265,0.91161,-6.08,45.899,36.646,-31.616,7.596,-42.714,0,0.89097,-37.881,12.089,-35.99,4.44,16.074,-44.595,25.114,-45.781,6.295,43.8,-21.168,0.84258,-10.443
1,1,-22.149,-40.3,-19.769,1,-4.535,-30.174,17.97,1.683,-19.574,1,10.1,39.898,-46.825,0.99828,48.866,42.992,-33.577,4.078,-8.39,10.934,37.223,1,-25.071,14.419,29.27,0.99842,3.305,-12.637,-44.343,0.99057,-25.958,-39.321,-0.06668
1,1,0,8.261,5.574,13.898,-48.382,0.89505,-19.064,46.172,-3.681,-9.817,-0.00990,0.94059,43.308,40.825,0.03366,21.716,-41.739,-5.96,-16.857,-16.617,18.962,-23.683,2.986,44.491,-42.857,11.005,-13.77,36.161,48.939,-46.967,0.04158,-35.074,0.02376
1,15.266,0,10.017,-8.444,5.284,-0.01773,35.208,-34.244,-3.663,-45.716,-42.431,30.598,-47.757,0.01064,19.86,24.307,-15.69,15.567,0.89716,-46.47,0.86170,0.07801,1,25.699,31.573,27.983,38.891,37.776,-26.706,0.02482,-36.023,32.574,11.726,-2.77
1,-1.743,-17.912,0.39394,8.736,0.62655,0.01270,-49.02,-7.45,24.48,-43.541,38.95,17.969,0.57576,-1.18,47.169,-38.913,0.56156,0.04561,-15.835,39.386,-32.47,-37.15,2.422,-0.15152,42.8,-43.991,-43.243,0.06142,-44.287,-33.721,-7.357,-32.163,38.771,-34.64
1,1,39.457,0.86689,37.586,-1.345,29.284,15.413,38.724,-24.835,-26.292,-0.24118,6.66,-0.51763,-48.173,9.193,0.41524,-11.764,49.255,-38.447,6.592,16.807,1.141,-4.714,10.496,43.831,-36.014,-9.464,-0.53127,0.32309,23.281,0.46189,-10.814,-12.151,-46.475
1,-31.018,-18.963,23.754,48.158,18.213,0.69438,0.35916,-15.728,-1.279,-26.734,24.168,18.933,-0.67274,-17.638,-33.562,0.30356,-12.309,-24.299,-6.122,36.614,15.485,37.252,2.444,-0.73855,-38.275,-0.73856,-33.281,-0.62296,0.52414,-3.87,24.848,-47.52,-20.108,-36.133
1,1,-37.058,0.90547,10.502,-3.92,-43.035,-4.487,0.95905,-12.27,5.801,-0.52236,38.83,23.666,0.55086,7.026,-42.775,-0.93001,26.149,33.152,34.158,23.58,43.003,-17.278,8.276,-40.282,37.854,-0.086,-37.892,4.059,-8.546,0.88654,4.986,20.474,0.46301
1,16.187,0,-36.286,22.794,-25.894,-29.673,-36.021,5.463,-2.36,-36.356,-0.31527,-15.038,-23.199,-25.955,19.409,-20.993,35.556,-0.34236,11.157,22.107,-0.05419,-0.93596,-46.241,-2.958,-1.837,-33.156,0.85471,-38.796,36.459,1,-44.408,-40.178,-30.266,0.79790
1,-24.721,-10.412,48.296,-31.598,-19.78,8.378,-36.621,42.801,-0.32104,45.516,-0.45455,-24.969,-0.798,-37.921,-0.57576,-0.12121,-44.587,18.928,17.465,26.625,-16.199,-0.57576,-21.234,4.299,1,-9.937,16.038,0.12331,40.003,-11.11,36.247,0.36364,-25.862,22.345
1,27.763,0,23.472,-31.42,0.94817,-48.441,-12.292,14.767,2.407,-45.829,-6.04,0.01829,8.724,0.00915,0.95732,-48.279,9.688,3.678,-7.031,42.953,-34.748,-35.439,-24.013,35.499,0.99695,-18.813,0.89666,-17.572,-22.413,2.669,1,-41.094,-16.582,-49.96
1,-39.888,-21.334,32.488,12.594,23.706,-0.08156,-16.542,38.074,35.04,-10.138,36.107,43.774,48.971,-0.00709,-34.496,38.396,21.733,21.36,7.88,-0.00709,-13.9,-37.151,-14.863,15.394,-24.677,18.402,0.89527,17.159,0.77660,0.06738,0.92553,-9.393,24.411,0
1,1,-44.476,0.74468,-43.74,14.269,44.736,36.458,22.187,-25.974,-0.01418,0.73050,30.153,20.978,-17.978,47.917,1.385,-34.229,-26.436,9.169,35.869,0.85597,27.12,-44.721,-47.033,16.97,-13.764,3.985,49.012,-37.477,-44.456,0.81710,0.06800,-0.886,0.07173
1,-19.947,-49.246,24.919,19.983,0.89951,37.881,-16.223,-2.621,0.86335,0,0.95031,-43.094,-34.73,24.466,0.86303,38.013,37.86,-2.357,-17.446,2.635,19.392,3.925,-41.769,21.282,37.975,-22.559,41.896,44.242,0.81988,-44.425,0.80757,3.447,-45.23,0.02441
1,50.922,0,19.96,-29.312,-19.782,0.01954,-4.794,20.85,-20.058,-18.186,0.142,40.345,0.97158,39.581,47.117,0.03730,16.481,13.653,-21.941,-6.092,-43.347,-11.769,0.94494,27.459,22.885,-18.783,42.053,43.298,0.94849,0.08171,-26.534,8.263,0.98934,19.984
1,1,0,29.614,-9.905,-21.969,-20.882,18.88,-46.364,-15.907,-41.008,-48.594,-16.862,-35.363,-3.414,-6.492,-26.333,-43.525,-42.855,-8.661,-29.043,-24.296,0.00663,-21.241,-32.162,0.97127,45.628,14.936,0.01600,-38.006,5.409,-18.693,0.02099,0.98674,0.02762
1,1,0,1.427,-36.249,-17.676,0.01566,1,-21.713,-18.23,0.06264,-33.41,29.078,-17.187,42.027,43.009,-21.428,30.063,38.621,39.608,15.82,9.458,0.09396,-26.887,3.213,-46.906,0.10067,-10.882,44.609,28.144,-3.746,-23.367,0.10067,21.563,7.677
1,1,0,32.7,0.36724,-20.987,16.91,5.583,0.86399,45.378,0.93182,-2.989,11.663,39.003,-2.63,36.667,49.107,-36.737,17.391,-31.034,9.885,-31.836,45.983,-0.27377,14.462,-27.841,28.859,-0.563,-0.60678,-13.38,4.76,-47.953,35.415,-0.472,0.02823
1,1,28.126,11.598,-38.929,42.968,0.75725,39.499,3.032,33.008,0.96534,7.504,29.089,-0.81857,43.016,-0.96986,36.711,-0.91456,-0.31412,-22.649,-0.65461,-31.998,-39.121,-2.184,-17.663,38.366,7.223,-0.19,46.366,-29.267,-11.989,-10.557,-17.143,-23.478,-16.954
1,-14.816,-37.488,41.803,18.493,-43.536,0.29308,0.14020,0.74485,41.66,46.884,10.584,21.457,8.087,7.304,-30.249,-29.967,-27.232,-0.19909,1.212,47.878,-34.37,23.251,0.09345,15.068,-45.095,10.201,41.991,-27.781,0.31005,40.998,-20.756,0.20540,0.13376,-15.286
1,1,32.456,25.949,14.892,-6.575,38.533,22.613,0.85106,-29.781,-5.695,7.115,-10.129,48.316,40.44,-43.236,-38.407,21.112,14.756,-29.058,-0.86002,16.053,-0.76316,-46.212,-23.738,-45.278,-39.33,41.995,0.23713,0.45185,-41.447,0.20549,-10.304,2.492,0.74356
1,1,35.149,-7.725,29.161,0.04198,-47.733,8.195,-41.345,14.39,-35.372,2.373,0.06107,-27.927,16.29,-0.16412,30.031,-32.151,6.945,-13.318,49.449,-29.021,-0.11953,0.28626,-18.753,47.756,-15.542,-40.825,0.31092,-12.096,12.989,29.362,-6.655,-43.656,-0.33588
1,44.505,40.663,-20.579,-1.734,36.317,0,0.98982,-23.285,-39.783,0.02394,29.334,25.462,-41.971,42.012,35.2,28.007,35.91,-46.744,-3.488,-32.244,0.97738,-28.73,1,0.06241,-35.417,-29.561,0.96709,-16.228,-38.49,0.08088,-8.971,0.519,46.357,-18.206
1,1,0,-16.981,-8.044,-25.129,29.215,0.87514,33.232,49.923,-0.07514,-45.373,36.282,12.362,42.969,-20.728,23.947,0.74798,0.06705,0.78324,30.422,36.307,-3.528,0.78844,-5.747,-24.79,-23.622,35.969,7.516,-37.81,-38.011,20.781,-25.317,23.589,40.492
1,1,-12.603,35.473,38.836,0.69387,26.282,15.601,17.466,-13.574,-0.06119,18.99,-10.803,-21.846,-36.85,-17.818,11.399,0.42271,-0.26409,13.307,1.305,0.49736,2.392,14.639,-0.08989,-20.466,43.323,45.552,-15.449,-28.152,-0.10306,-9.693,4.156,48.897,4.604
1,-13.844,22.983,0.76046,-18.113,-2.788,0.00258,-27.02,5.199,45.478,-47.211,39.316,-18.544,-30.679,-44.975,0.81815,7.664,0.82777,-43.953,16.81,39.004,0.76979,35.23,-2.318,-2.098,46.058,-26.797,0.70886,39.913,0.66161,-34.137,-17.909,-34.344,-45.834,0.01525
1,1,0,3.847,-39.763,-40.992,39.162,-15.559,26.554,-11.208,-0.00273,-47.755,-0.14071,50.074,-0.48907,5.672,-24.771,22.504,-4.465,40.311,11.916,-40.238,14.611,-18.779,-20.737,34.399,23.267,-4.905,-27.245,1.485,-45.034,0.55328,0.24590,-32.274,0.48087
1,-25.402,-22.384,32.125,29.08,11.851,42.137,-16.806,15.962,0.90441,21.999,4.529,-43.24,-40.246,-41.752,-35.431,45.622,4.194,32.671,0.96639,18.506,8.819,0.01155,-7.784,0.06618,33.094,12.65,-25.979,0.00123,1,39.082,0.86660,12.472,40.039,-0.04307
1,-17.281,0,26.064,0.00419,0.95183,20.094,-17.048,-48.073,23.065,0.01606,-39.083,24.156,-14.663,38.945,-41.08,-0.01326,0.97173,7.447,40.337,27.608,47.338,-18.781,41.067,-45.11,25.285,0.433,-14.183,0.04925,0.93159,-46.832,-35.537,-27.424,30.031,-25.308
1,-36.753,1.563,0.94701,-27.151,-1.133,-12.593,7.681,39.423,15.997,0.02446,-45.552,28.635,0.92595,37.94,0.93954,-0.01461,10.828,0.02004,6.736,-10.603,0.91406,37.304,-8.723,17.364,20.753,-35.383,-47.924,-24.896,50.077,-10.972,11.998,0.00442,-3.462,23.646
1,-17.259,0,25.463,-0.01657,-37.363,-47.366,0.95691,36.921,38.734,0.00110,0.89724,-32.051,-2.559,22.844,18.995,17.495,0.91381,-20.718,-23.437,-33.746,48.667,0.01215,3.6,-18.986,-26.757,-0.02099,-0.346,24.158,-4.557,-36.392,-10.487,-16.652,-31.861,15.841
1,1,10.091,-16.409,26.54,0.73638,19.658,5.767,-40.563,-36.169,38.616,0.78735,0.06678,-42.12,9.21,5.616,-0.01054,-3.716,-4.832,8.864,-43.817,0.055,-37.368,0.71002,38.041,-11.272,23.844,34.682,-8.313,3.981,-0.00703,25.22,34.685,0.85764,43.793
