1,1,0,37.007,29.42,-37.896,25.179,-19.235,-47.538,1,0.03760,-8.411,-0.17755,0.59755,9.617,0.60536,-4.444,-23.096,-0.38542,0.58212,-0.32192,35.136,27.724,34.206,-0.47357,-32.551,25.656,-13.907,-0.46168,0.21266,1.925,0.42267,-0.54487,-15.883,-41.515
0,-36.167,0,30.16,-0.18829,0.93035,-0.36156,-10.579,47.798,1,13.029,0.50874,-0.67743,30.426,31.075,-0.51685,-14.467,23.193,5.062,31.513,-1,-0.13151,-10.038,-0.18056,-20.524,-47.069,-36.4,-0.20468,-0.18401,46.039,-0.11593,-10.531,-0.06288,-36.643,-7.583
1,1,-37.998,1,6.685,9.394,0.00485,1,-44.39,44.05,0.01198,0.73082,0.05346,48.032,0.00827,38.971,-48.286,0.83775,-0.13644,6.945,15.499,39.491,-0.27502,0.43385,-0.12062,14.447,-48.423,-8.975,4.472,0.43100,-46.496,-33.825,-39.733,0.56045,-6.558
0,1,0,1,40.714,1,1,0.71216,42.198,31.938,39.822,0,0,6.927,-22.387,-22.845,23.356,-32.62,-43.764,-22.398,-0.54467,-0.69975,-40.298,0,22.93,0.149,22.417,0.51613,7.882,-39.716,-0.20099,22.733,50.398,-0.32382,1
1,1,28.267,1,4.274,0.94140,0.06531,27.416,-0.23255,4.844,-0.16399,-18.516,-0.20275,0.56409,-0.00712,-27.789,32.84,-42.201,-0.21780,43.272,-46.495,41.992,-36.218,-42.189,-32.772,0.03286,-0.65158,0.13290,45.289,-30.768,-19.002,-0.05707,-28.75,3.345,-0.65697
0,2.973,-7.515,23.493,-0.00592,-0.09924,48.139,19.964,-0.11824,-43.152,37.107,0.03786,-32.381,0,47.781,13.684,-7.13,-0.00343,-0.10196,-0.11575,46.25,0.01838,-25.269,-37.072,5.186,-31.065,46.252,-39.608,0.09223,-0.07859,0.00732,24.723,0,-0.00039,0.12011
1,7.153,0,0.97588,-13.303,-3.343,-0.20800,-22.275,40.109,0.85996,-0.27342,-26.209,-0.47929,0.78225,-5.451,0.74628,-0.61436,0.57945,-42.123,0.37852,36.46,-20.909,-18.063,0.31898,9.257,-18.028,46.485,-4.891,-0.82510,-12.845,-0.82395,46.547,19.779,-0.13832,17.402
0,-1.081,-25.221,-40.806,33.436,0,39.839,1,-32.227,0,0,-1,-49.257,-22.005,-8.132,0,-21.357,-32.317,1,-44.022,-1,0,38.328,0,0,1,1,41.002,1,-30.439,37.335,-21.407,38.041,0,-32.219
1,1,-16.409,29.073,11.856,1,-0.14333,1,1.529,-9.265,-0.36174,0.92570,35.635,9.769,-38.94,0.90392,18.962,0.98305,-0.845,0.84537,-1.227,0.75346,-0.60589,-31.69,40.735,-22.645,-0.65440,-25.656,-0.69712,-28.259,37.761,-12.399,27.98,0.38895,-0.73420
0,-24.506,0,-2.618,20.208,0,0,0,-47.152,0.11470,-43.441,-0.45663,-34.059,0,-47.668,42.712,0.38602,25.414,7.862,0.63728,0.22115,0,-16.094,-16.008,1.476,-0.14803,6.041,-8.037,-13.516,49.345,-41.166,47.71,0.24086,-0.08208,0.38065
1,1,-39.234,1,-10.448,-28.773,16.481,1,-47.802,-17.552,-0.43107,1,-42.044,25.849,-37.818,0.90711,-0.59017,-4.558,-3.048,31.231,-0.70997,0.70645,-0.76320,37.124,-26.897,35.498,-0.89128,0.47211,-0.86500,0.40303,44.264,6.112,38.79,0.22995,41.746
0,1,0,18.503,-0.54210,1,-1,-29.439,-14.787,-14.852,0.36217,1,14.253,-16.993,1,-41.515,43.199,1,-0.29354,35.897,-0.93599,50.501,-17.672,45.611,26.928,24.934,26.37,1,13.701,1,25.892,1,29.001,1,-20.574
1,1,23.832,1,28.041,18.637,-18.42,-0.553,-27.118,-33.951,-26.335,6.162,-47.114,-11.663,-0.29785,27.108,7.424,0.94486,37.637,0.90137,-0.43383,27.964,-0.47308,0.82987,-0.51220,-39.125,-0.47137,0.76224,-0.58370,-4.597,-0.68794,-28.971,-0.64537,0.64727,43.718
0,1,0,36.404,32.648,1,13.305,0.85492,-0.39896,1,-0.12090,1,48.792,-33.262,-32.027,-0.208,20.16,1,30.281,40.735,40.724,0.61831,0.15803,-8.262,37.391,-35.109,15.744,1,0.35924,1,-0.66494,-4.803,-12.181,-45.423,-43.438
1,1,-18.772,2.447,0.07380,-24.883,-17.786,-6.936,-0.05563,-6.305,-11.11,-35.296,46.377,1,0.20328,17.526,-43.895,35.69,0.10561,49.494,0.27087,1,0.44758,1,0.41750,17.833,29.621,1,0.36743,38.377,0.48641,17.091,0.32492,-2.618,-21.198
0,-2.219,0,0.50932,5.398,-20.301,-22.312,-0.03520,1.558,35.881,-1,33.063,-16.693,0,-19.369,-1,5.553,24.595,31.157,-29.303,-1,-42.777,2.873,0,0,-0.16253,0.92236,24.219,0.26501,-23.443,-32.897,1,0.23188,-4.344,0
1,3.12,0,24.859,0.06468,-19.018,23.552,0.97811,-17.387,8.576,0.02312,0.99274,-31.598,15.372,-6.995,0.94212,6.081,-25.36,-34.065,0.86104,0.08631,-24.519,-40.269,-15.162,0.14442,0.81329,48.015,0.79476,-48.855,0.79110,5.001,-15.331,0.15930,0.70941,0.12015
0,0,0,-43.928,-43.013,-1,-26.592,1,-28.319,1.511,1,-1,5.461,14.452,18.953,1,1,-1,45.488,-1,-11.869,-30.939,9.983,-1,1,15.576,39.591,34.965,-39.201,-1,39.864,-2.013,-24.671,1,-1
1,1,0,-22.539,0.02528,35.376,0.05031,38.037,0.18761,44.297,0.34081,-8.77,-2.003,26.666,0.14285,-26.322,29.271,20.547,14.174,0.14395,49.006,0.53888,18.049,0.51420,0.22625,0.48838,-24.811,0.46167,33.682,-22.181,-17.134,-29.406,0.25792,-25.347,0.33036
0,12.588,33.057,27.445,26.843,-37.938,27.456,-40.612,0,26.635,1,0.497,-1,29.319,20.605,0,0,-9.564,4.024,-37.476,1,27.324,2.655,1,12.994,36.567,1,1,1,1,-1,1,-28.224,1,1
1,49.028,0,46.395,-0.00612,-8.253,-0.09834,1,-39.283,-20.174,-17.276,1,-21.148,38.806,-0.39489,1,-0.15616,14.436,8.614,13.741,-25.821,46.985,9.506,32.105,-36.56,0.81874,-0.40372,-34.58,-0.42231,0.75784,-0.38231,0.80448,-29.045,-9.081,-0.45039
0,0,6.972,15.64,45.955,31.694,-27.129,-4.946,-6.822,19.263,-1,0,-38.884,42.349,16.602,-43.866,34.046,-40.704,11.512,-1,1,-1,1,-37.609,0,0,0,0.693,-1,-1,-41.18,-1,1,-1,37.809
1,-42.916,0,0.96071,1.885,36.488,-2.191,35.751,-7.435,0.90169,-0.05144,41.585,-8.593,0.83250,-0.06142,6.823,27.894,20.977,0.00280,-43.035,-0.05295,27.078,-45.631,-24.754,30.469,39.64,-0.07705,0.58051,-0.02205,27.706,-0.01251,-3.514,-0.00015,0.52099,-0.00182
0,41.065,0,-1,-7.016,11.562,-30.463,-1.609,0,-1,28.245,37.31,25.706,-31.252,-17.677,43.557,0,1,-1,12.078,13.187,-24.467,1,0,0,27.46,21.549,0.187,-1,1,33.026,-22.733,1,0,0
1,1,-38.81,14.341,-24.079,1,0.02942,1,-0.05131,-42.924,-37.125,45.765,-0.11726,31.401,-7.092,0.93392,-16.748,0.69170,42.562,43.817,27.103,-27.055,-0.31558,7.915,-0.31654,-46.363,-19.618,0.72529,-0.29174,0.73094,9.946,0.54356,13.61,0.64207,-9.631
0,1,0,13.24,8.95,-16.933,5.693,20.417,41.936,-26.743,-1,-3.918,27.138,1,8.744,-15.717,-1,1,46.193,1,-1,1,30.509,5.51,-1,26.499,18.689,1,-1,25.83,-1,-6.844,-33.656,1,-1
1,1,38.043,1,-18.997,1,-0.17263,0.86635,27.913,-47.093,-43.064,0.95473,1.872,-18.548,47.092,0.87937,-0.23433,0.81051,-0.62180,-8.2,-1,-16.689,0.11053,-45.85,39.512,0.55389,29.41,-32.493,21.864,17.469,11.048,0.32984,-0.92128,-4.762,-48.411
0,0,17.21,10.118,-1,25.933,34.683,-1,44.072,1,-0.37500,0,-37.353,0,17.71,0,39.281,1,19.721,20.189,-3.049,12.18,-1,5.339,36.094,1,13.18,-1,1,23.668,-1,-43.358,-38.519,47.734,1
1,1,0,1,0.08380,-7.398,0.17387,1,-0.13308,0.98172,-23.382,4.348,11.622,7.641,40.128,21.544,0.637,1,12.363,9.684,-27.848,-5.3,1,-9.491,1,-40.317,-1.202,0.83899,-15.069,0.74822,1,25.416,-38.674,-21.369,1
0,25.956,-7.542,-1,-1,-14.47,1,-12.941,-24.561,46.814,31.097,1,18.927,-1,-47.041,-16.373,0,1,-13.75,23.778,-1,1,-1,-9.182,-1,-27.005,5.611,-47.548,-18.703,1,41.968,-1,1,-34.542,-1
1,27.059,-21.715,14.856,-1.388,1,-0.16256,45.411,0.61,-14.256,-0.07514,-27.719,-0.25010,-12.827,-0.26161,-23.128,-0.21975,44.098,-0.38606,4.184,28.544,42.559,-0.35519,1,-50.35,1,-0.47643,0.98820,-0.49687,48.967,14.988,-25.254,-29.823,1,-0.84437
0,35.346,-3.098,1,-5.296,-36.845,1,23.763,9.982,1,-1,-18.597,1.402,1,12.855,-14.815,-37.331,1,-0.736,-16.8,-27.127,1,1,11.033,-1,0,32.515,1,46.744,12.202,-0.79141,1,-21.839,1,1
1,26.156,0,25.049,18.375,0.93408,2.155,0.92100,0.132,-35.95,-17.153,0.88462,-0.31809,-21.427,-24.44,0.82116,46.094,0.80681,1.623,0.75243,-0.47022,-29.605,11.58,0.66150,-41.595,-28.406,35.726,0.56804,-0.54629,-9.666,-0.59854,15.033,-9.837,0.42189,-0.58086
0,1,-14.318,0.71253,-0.02595,-15.657,-38.98,35.546,35.917,30.476,33.734,1,-0.10951,10.657,-40.062,0.83726,25.168,-3.239,-0.17863,-46.353,-0.28257,-0.25914,0.92730,0.51933,28.076,-9.71,-0.20392,-36.236,-0.41307,-32.481,-24.159,0.86136,-0.87354,22.906,-21.069
1,-33.43,0,-6.558,31.023,-46.142,30.359,0.83443,-0.58388,-47.289,5.402,-19.167,-0.49863,0.79962,-0.12527,29.928,-35.988,-9.471,-36.113,1,46.496,0.96354,48.715,14.001,-0.91338,-12.492,0.14803,-8.585,-0.11582,1,-0.11129,-45.322,0.53372,1,31.195
0,1,0,5.356,-1,1,1,-8.565,-40.165,0.80893,7.99,32.938,37.783,1,-0.89375,39.425,16.318,14.047,43.87,1,-21.065,1,-47.169,1,5.19,1,48.031,-36.998,-40.801,7.678,-0.36250,-43.269,0.65268,1,-5.828
1,7.927,23.211,-20.398,0.00433,1,45.809,1,43.169,22.51,-0.07014,23.908,-0.06256,-32.161,-0.06544,42.139,-0.07917,0.92561,-43.508,23.418,49.254,-40.302,28.124,-21.439,-0.13565,7.777,39.613,0.89067,-1.03,0.85644,-0.18552,0.83777,-0.20101,33.953,-0.20766
0,0,0,38.041,-17.38,1,40.932,13.73,0,3.391,0,-20.044,-43.731,-42.212,1.973,0,0,-1,1,-27.154,1,3.072,-27.133,-31.792,-45.317,1,-1,1,27.495,41.821,5.298,1,-34.862,-32.243,0
1,1,0,-42.387,0.04347,19.153,0.02280,0.94705,0.05345,-30.165,-37.074,48.7,-39.512,-6.587,37.317,47.225,48.321,24.359,0.12722,20.81,0.14439,0.80983,-6.856,25.494,46.41,-22.446,0.11299,0.73550,-25.172,0.66387,0.15300,5.887,0.10754,-31.665,0.11447
0,-11.891,0,41.393,0.02461,47.586,-18.207,0.97545,0.07143,10.672,-1,-40.532,0.11147,-20.388,0.53640,6.973,0.14137,-26.237,20.744,1,-12.787,0.65850,40.165,0.60138,-4.862,0.54446,-4.125,37.53,0.16019,0.43481,-4.789,47.685,-21.21,1,-16.297
1,1,11.928,-22.496,0.06538,-29.439,0.20746,1,-0.818,39.259,0.32213,-30.359,0.39039,-21.652,-32.816,34.232,0.52321,0.65954,-21.398,0.57619,0.62999,-7.654,-42.351,0.40553,0.68840,-40.462,38.056,-47.98,36.795,0.19296,0.70682,-25.107,40.565,-32.149,0.71444
0,39.401,0,-1,-1,-27.513,1,21.293,-0.636,19.426,-10.265,-1,9.824,1,1,-26.053,46.545,-1,-1,-16.321,-1,1,-1,27.109,1,-1.567,-1,2.742,-33.387,27.708,40.377,26.786,-11.851,0,-38.533
1,1,-16.008,0.90932,-33.589,-7.378,49.514,-46.152,25.053,0.55187,-12.811,-46.966,0.36719,0.16286,-2.172,0.57620,0.46086,31.043,0.49618,0.31639,-47.399,-40.788,6.599,-25.193,-15.536,0.24856,0.56527,-42.986,0.56605,43.175,8.272,0.06927,2.027,0.12137,0.67739
0,46.101,-10.514,-6.093,-1,1,45.439,1,-1,-36.299,-30.006,-25.092,40.643,1,16.288,-38.234,4.802,1,-18.414,35.939,-1,1,-0.03393,-0.84286,-40.631,-15.314,37.35,-1.383,1,35.897,-1,1,-1,1,41.638
1,1,-42.515,26.918,23.774,0.99793,-0.13009,0.98663,-19.768,15.322,-0.25843,24.862,-0.30130,-12.86,-0.37965,0.89812,-18.431,0.84922,-0.52064,-17.798,16.932,0.79016,43.6,0.74725,26.246,-26.284,-19.003,0.65247,26.047,0.61010,13.911,30.548,48.698,-29.947,-0.83245
0,-26.143,0,0,0,-34.951,-46.763,-39.965,0,28.104,1,1,38.919,17.637,-5.254,0,5.222,44.015,-1,-35.262,-2.553,0,-12.62,28.205,0,-1,-47.423,-1,25.171,6.768,1,-28.659,0,0,-36.109
1,1,0,14.083,-0.03730,-42.249,-0.07383,0.99601,-0.11039,42.723,-0.09931,0.98941,33.377,0.96674,-0.21695,16.867,39.484,0.91236,-3.962,37.673,-6.125,-16.921,-0.34691,36.283,19.931,0.86213,-0.42990,0.83172,-9.693,-12.251,-7.731,-0.429,30.801,49.191,-32.607
0,1,0,0.94598,-0.02685,-12.197,37.682,-0.36393,0.35639,-43.33,23.187,30.421,-0.03353,-26.173,-42.782,-0.54852,-7.782,0.91921,16.37,-35.296,34.377,45.883,-0.31454,-19.51,1.82,0.83872,-0.46734,-21.143,15.945,1,-0.61393,48.397,16.296,34.629,0.41913
1,1,-3.219,0.98166,-32.888,0.98103,2.835,-29.328,7.558,0.95947,-7.168,33.616,-0.04507,25.919,-0.11102,0.93369,-34.304,7.28,31.005,0.79682,-21.493,0.88274,-0.17387,-14.83,-4.532,0.88487,-19.566,0.81813,-0.21136,-22.657,-22.818,6.665,-0.23095,3.302,-0.23902
0,1,0,0,47.881,1,6.546,-38.201,0,-25.225,-1,0,0,-20.018,23.863,1.511,-0.22414,1.563,-0.83297,-15.229,-25.617,0,-43.013,24.098,0.35668,-32.579,-16.963,15.479,3.847,-41.387,-48.176,0,0,-16.103,0
1,1,17.835,-24.751,16.392,11.42,26.074,0.93421,-31.942,0.87947,38.729,-22.86,-12.887,0.88559,14.002,34.882,38.289,47.238,-0.29520,0.86676,-0.20104,1,-1.124,-28.853,-44.091,-0.113,-0.02778,0.93358,4.449,20.569,-0.32298,0.84463,-0.25706,0.93323,-0.01425
0,0,0,38.465,1,35.71,-1,-22.616,-17.387,0,0,1,29.324,49.594,-26.108,18.963,-30.813,28.843,-10.406,-1,1,0,29.161,45.209,-26.048,1,-1,1,-22.21,32.436,29.038,13.993,-26.347,0,0
1,13.588,1.655,1,34.057,1,-36.938,27.355,1,-0.26970,-35.092,-0.83152,38.567,-22.174,1,-41.612,0.72526,-1,-0.57779,-26.475,-0.42052,-1,2.024,-0.52838,26.456,0.90014,-1.503,-28.224,-39.476,26.635,11.432,20.605,-0.34686,-7.564,0.34845
0,36.046,0,-0.67935,-1,-29.639,1,46.395,9.566,0.03515,-36.406,36.806,47.028,-5.822,14.515,0.88683,11.876,-10.824,-8.253,0.83840,47.068,10.947,-1,-1,-1,-39.395,1,1,-43.18,-1,-1,-22.037,32.144,-16.17,0.33611
1,1,14.64,0.95659,27.877,6.923,42.292,0.97165,16.517,0.96097,-0.06561,-36.662,20.276,0.95436,31.526,0.94612,-0.19497,-41.869,-5.269,0.597,12.153,-26.215,-39.977,0.90140,-0.29807,0.99899,-0.40747,21.084,-0.34586,0.92059,6.665,45.795,-39.275,37.63,-0.41173
0,1,-8.619,-2.15,12.871,0.814,31.528,-46.552,1,0.71875,-3.556,-8.349,-0.62723,40.065,26.209,-1,1,-0.02753,-43.195,38.662,-44.337,-0.74628,25.419,-1,40.224,33.751,0.23810,1,34.488,-1,-25.785,26.245,-1,-1,0.61458
1,1,0,1,-1.632,1,-8.061,23.549,-0.06682,-20.733,27.219,-29.463,12.124,1,12.06,-24.467,-0.14522,1,0.32407,37.31,-17.853,25.701,-0.18949,-30.296,42.958,1,27.537,0.87280,31.808,0.82920,43.333,-0.028,-19.497,0.73992,-0.22981
0,0,-16.682,-48.212,-37.81,1,24.499,11.24,1,0,44.765,43.635,1,-44.924,-37.295,-23.017,1,-1,-1,-8.236,-1,6.107,-1,11.332,1,14.873,27.138,-6.04,31.556,1,1,0,-28.005,12.341,-1
1,-26.743,0,1,-32.598,10.689,47.267,0.99952,0.13231,7.693,-8.341,-6.896,-16.646,0.95713,43.083,5.458,0.11224,0.90896,0.20119,-16.966,47.572,32.134,19.832,38.951,24.994,0.91667,0.22431,0.88423,0.23571,20.302,0.22511,9.155,-4.622,0.83574,0.31166
0,35.683,40.297,-19.261,-1,27.731,23.73,0,17.062,0,-18.91,-1,-45.474,0,24.668,-0.61354,-44.352,12.75,0.36146,-32.454,5.483,-4.629,0,-48.411,-0.27083,29.391,0.96250,3.286,1,-49.041,0.67708,0,-17.591,0,0
1,1,0,1,17.308,1,0.12197,26.933,20.946,0.98602,-15.977,0.94930,0.19211,-36.423,48.977,36.986,43.356,-1.194,3.615,0.83656,39.612,0.83393,-43.041,21.937,11.576,11.905,0.34658,0.68452,11.546,-37.891,0.46031,0.56791,18.18,14.723,0.50903
0,1,0,8.701,-29.155,0,-2.202,-6.3,-21.894,0,-24.027,0,0,-10.182,0,-7.419,-40.224,0.22813,-9.644,7.641,11.112,-41.234,0,0.08333,-1,-0.10625,-14.916,-7.398,19.777,-1.07,0.18854,0,24.772,40.537,-0.27292
1,5.611,24.778,48.814,0.16801,43.961,0.16334,0.94616,20.261,0.91759,-26.027,-47.634,-23.757,0.84250,-35.074,26.766,-45.549,14.641,0.48311,-27.354,-22.991,0.56553,0.58071,0.55586,0.64720,-14.987,0.55236,0.43317,0.69129,-16.016,0.76147,-13.602,30.765,0.22101,-16.916
0,1,0,26.697,1.847,0.20833,2.184,1,44.098,0.87719,-28.756,-0.66886,45.411,-15.315,48.555,-49.735,29.056,-23.354,-22.715,15.889,-28.752,0.32675,-0.43860,-1,1,-16.99,-14.827,1,-1.307,46.744,1,0.20614,40.559,1,1
1,-2.098,-37.845,1,-2.151,12.202,0.76131,19.392,0.18593,1,-0.09925,0.93844,-15.335,11.636,12.713,23.763,-36.323,0.97613,-26.773,0.80025,-29.264,0.88065,-0.19095,3.402,32.392,10.969,34.453,0.92890,-4.369,1,-0.27387,0.43970,-19.399,0.51382,36.153
0,1,0,0.84783,-36.728,1,0.39130,27.168,-17.983,2.935,-9.179,1,25.427,-9.168,47.06,-21.279,0.35507,1,-38.722,0.881,-0.43025,1,2.594,0.89130,-3.796,0.91033,14.229,25.167,0.15942,-23.749,-0.01947,13.051,-40.869,-29.311,0.37409
1,1,-14.318,-32.119,29.759,1,33.861,24.138,-7.481,-19.069,34.609,-15.082,28.354,1,0.05489,32.182,-47.117,-40.105,-0.24598,0.84371,-0.08668,1,31.814,0.99933,-10.091,1,-0.39056,0.96414,-0.02174,-36.3,0.23360,11.013,-0.22021,-23.136,35.938
0,0,0,1,-47.865,9.394,-1,1,-37.506,1,-1,30.16,-19.167,-47.021,31.082,-47.289,-1,14.075,1,1,-35.134,47.23,-36.998,1,-1,49.734,-1,-45.322,-1,-8.585,-33.774,5.684,-10.471,1,-14.492
1,39.425,0,44.161,0.67784,-0.037,0.82021,47.607,1,32.145,16.39,-0.43872,-5.176,-0.79135,-21.075,12.871,7.121,-0.39046,-0.58634,-40.471,38.354,-0.73083,-0.76339,5.813,-0.97491,-40.302,-1,-43.851,3.761,-9.307,-1,0.93570,42.846,0.98816,-41.263
0,1,23.211,1,7.927,1,-1,34.114,-44.371,1,5.072,23.93,1,1,1,-45.317,-1,50.398,-20.398,1,1,40.822,42.166,-21.387,23.476,1,46.822,5.298,-32.661,0,0,29.267,5.882,22.51,-1
1,1,0,2.973,-7.479,1,42.115,-17.38,-39.306,1,-31.993,1,-30.504,4.391,0.38643,38.041,-18.727,1,14.387,-30.1,-35.324,-27.133,0.61267,1,-42.136,-27.258,0.68326,0.89502,0.71374,0.85611,43.493,-41.468,27.351,0.71493,0.75837
0,0,18.212,1,-33.318,-36.088,1,47.259,-6.028,1,22.47,19.972,0,0,0,-19.256,48.781,1,-1,1,-26.305,45.517,47.304,6.177,-1,1,36.196,-42.299,-1,-7.975,-24.204,0,0,-40.442,23.723
1,1,0,-32.356,-17.211,48.269,-26.814,-12.237,37.316,21.572,0.35052,0.92867,-3.826,41.256,0.52517,10.883,-20.685,0.73242,-4.253,0.69003,-20.625,-12.347,0.68820,-30.743,0.76197,0.40615,40.748,0.33401,6.991,0.24944,0.86061,-22.269,0.86835,0.09048,47.452
0,1,-30.439,0.69444,29.097,-40.806,0,-8.462,-21.307,39.839,-1.081,0,0,-16.409,0,38.535,35.829,0.21032,0.19444,37.8,-31.437,0,-43.022,0,33.436,0.73413,-23.222,0.76190,0.63492,38.401,0,11.928,-25.221,-48.257,0
1,1,49.345,1,-8.192,1,0.10827,26.786,9.019,1,0.28453,0.433,0.34826,20.426,-9.883,0.94575,47.973,0.89126,28.613,21.052,0.58801,-25.425,0.59962,0.79578,0.62758,-27.847,42.016,-31.793,0.69435,2.238,-40.439,-12.38,0.71689,-38.2,0.26
0,-16.008,-13.493,1,-46.529,42.638,0,8.711,-44.172,1,-1,1,31.533,1,1,1,-48.152,-4.45,-1.599,1,1,2.476,42.048,-1,-17.094,25.887,-48.668,-25.092,5.055,-24.506,1,0,-33.677,1,-1
1,1,-29.773,40.681,16.705,1,-10.394,1,-15.69,1,6.081,0.98703,0.30889,0.92745,0.37639,15.24,35.294,35.759,45.071,0.78619,-1.913,37.287,0.56282,-18.871,0.58129,-38.563,45.698,0.58903,0.60990,0.53952,-17.943,-36.846,-40.994,0.40442,24.561
0,0,0,1,50.501,-29.439,-19.318,1,-25.966,1,-41.515,1,1,1,24.832,1,-12.787,-33.951,25.779,-1,1,43.199,1,-1,18.503,15.664,25.892,18.637,-16.993,-1,1,29.001,-19.672,24.928,-0.553
1,1,-46.423,1,5.463,-33.262,-12.134,-38.965,0.72973,-8.262,28.104,1,-42.249,21.307,27.171,29.205,0.77128,1,1,-25.143,45.39,0.74468,38.919,-28.762,-4.254,-46.116,1,0.38255,1,0.10819,8.768,-36.283,1,-0.81383,1
0,15.914,0,1,1,1,30.281,37.767,36.404,-22.665,1,0,0,-2.618,-0.208,0,48.44,41.724,33.515,-6.803,1,38.735,-12.066,-6.305,14.083,-16.821,-37.296,-24.883,1,1,1,1,-33.105,-1,1
1,1,0,1,-0.06604,47.181,0.62937,-10.197,-23.347,35.881,0.20280,35.69,-43.777,1,24.566,1,16.367,-43.023,0.04895,2.447,28.805,17.833,-0.26573,1,-1,1,47.913,1,36.607,17.091,22.821,-14.693,-8.722,1,-19.254
0,0,6.337,1,5.028,1,3.558,-31.897,-18.369,33.626,-6.098,1,1,-33.177,4.896,1,-22.301,24.863,-29.303,8.615,-1,32.121,-21.58,48.881,1,3.873,-1,1,1,-3.344,-1,1,-2.219,1,-1
1,1,0,0.92277,-48.177,-25.321,0.16251,-15.102,-42.141,24.405,0.35197,-3.468,5.269,0.70716,0.46983,-19.311,0.56476,42.405,-24.693,-39.874,0.64924,-17.012,0.66975,0.34232,-30.992,0.23693,-16.683,2.307,0.73885,-37.975,15.19,0.02735,-15.332,-49.032,0.69509
0,1,34.697,0.68198,-0.17314,0.82332,0.21908,0.46643,4.392,43.978,-22.643,1,41.585,0.01060,-14.533,0.01060,47.49,-36.575,-1.263,0.10567,0.36353,44.836,0.30745,-8.287,29.21,-0.02862,-30.361,-0.04314,-4.733,-32.672,0.10349,2.859,-0.194,47.518,-6.172
1,1,0,-32.628,-14.138,-9.683,1.415,-22.103,0.02811,0.85947,-8.262,0.63462,21.345,0.71598,5.075,13.701,-33.389,0.78550,-0.27811,0.65976,-4.655,6.257,0.06953,0.34615,-0.18639,0.65385,-18.958,-23.457,-0.06637,-26.155,-5.822,-33.005,-15.988,0.56361,-5.432
0,-8.969,0,-18.926,20.3,-5.189,-3.254,-21.516,1,0.35821,48.917,-6.469,0.13060,17.407,-6.6,0.57836,-15.802,42.27,-0.10448,0.46642,-0.11567,6.691,0.14792,0.83209,-29.25,0.47015,20.77,-9.622,0.14630,0.32463,-0.02612,-15.992,30.643,-39.721,0.12755
1,1,0,-20.553,0.04528,0.76981,8.21,-33.287,-7.528,0.66038,-0.04528,-31.754,-25.159,18.918,-0.13962,-6.205,14.264,0.76981,15.06,0.61887,0.032,-24.627,-0.23774,0.73962,-0.14717,28.944,-0.15094,28.26,12.203,0.66792,8.606,0.86415,-39.073,-5.889,-24.707
0,-40.468,-28.041,0.72727,-7.653,0.89241,0.03462,1,-32.686,-12.702,9.939,36.455,-6.567,0.81809,0.09559,-7.652,-44.108,10.457,-0.464,-35.09,17.205,1,-18.888,0.98636,-1,0.57273,0.32727,-9.538,0.14673,0.42273,0.08182,-33.797,-27.848,1,36.887
1,1,-28.654,9.422,36.375,-39.59,0,0.38431,-46.884,0.40000,-49.636,39.684,0.14118,0.46667,0.08235,-45.177,-0.05490,47.206,-19.585,0.50196,-13.591,-1.59,40.094,0.58039,46.604,39.535,28.91,0.48601,-10.332,0.46275,0.08235,-26.71,0.23529,0.43137,6.895
0,1,0,-19.754,0.12482,-15.48,-41.579,-46.657,0.27955,-44.928,-40.003,-0.824,0.36194,31.823,0.33636,-0.13350,-23.836,-2.552,-18.371,-0.34773,0.12727,43.786,0.05078,-0.18636,0.36364,-4.869,39.03,1.489,-3.632,16.862,45.642,-0.02916,-0.07464,-0.063,-0.06314
1,1,-44.549,27.675,-16.105,1,0.36373,-32.315,38.813,0.85086,0.05901,0.90558,-0.04292,5.864,0.25000,26.615,9.965,18.115,42.418,-44.174,0.39056,5.592,27.109,46.264,-16.843,0.212,0.52039,0.69811,28.1,23.59,0.58584,0.43026,0.70923,0.52361,-43.221
0,1,26.116,0.84557,-0.08580,-0.31745,-0.80553,-0.08961,45.744,-43.349,1.293,-3.987,-7.515,-0.18494,45.663,-28.049,-0.68065,-13.59,15.192,0.77979,-0.15729,-0.06959,-36.405,-14.617,-40.402,0.78932,-28.445,33.329,-0.25288,-33.248,1.706,18.738,-0.78170,-0.18494,-17.193
1,39.451,7.166,0.70870,-0.24783,-34.436,-34.003,0.45217,0.38261,-10.789,0.18261,22.966,0.26957,-9.739,-0.23043,0.50435,-4.167,20.255,-0.42609,0.36087,-0.26087,0.26957,24.167,0.53246,-18.135,36.412,-41.112,33.508,-46.15,0.48348,-31.049,0.64348,-41.295,42.823,-30.207
0,50.665,12.345,-15.917,-36.494,-45.357,0.73375,47.082,-0.13932,9.863,-0.06811,19.404,33.227,0.47368,0.08978,15.7,43.884,11.419,0.45201,0.33746,0.03406,0.50464,-42.582,-0.63777,44.137,1,41.097,0.41348,-9.982,-0.15170,-4.066,0.02399,-13.388,11.483,-0.08978
1,1,-25.404,-8.085,-1.156,0.45331,-28.284,-6.227,-3.884,0.52632,28.157,-14.831,-0.16638,44.128,-0.04754,0.55518,1.828,0.81664,25.41,7.624,-0.04244,-29.806,-12.755,-8.208,-0.20883,0.51731,-44.065,-35.219,-0.03351,0.34635,46.45,0.70798,-0.01868,0.39559,35.093
0,1,32.506,31.813,0.16851,0,20.831,49.625,-29.818,0.39468,1,0.38359,25.672,-0.02439,-45.274,43.652,0.12860,-0.02661,0.95122,-0.50998,24.522,-0.10200,20.572,-0.42572,0.23725,-33.935,-41.257,12.8,-17.64,17.142,-31.223,-30.516,0.12860,-5.362,38.0
1,1,-8.833,0.90116,0.16607,-24.47,21.465,-0.686,-4.932,20.304,-33.422,-16.32,0.81152,12.251,-41.852,35.201,48.346,-48.28,0.87396,-0.28739,0.79617,-0.46635,0.65924,18.152,14.359,-0.68159,37.43,-0.71844,0.25835,-0.72369,6.585,-0.71475,28.29,-15.441,-0.19904
1,-32.244,-14.361,40.969,13.051,-38.522,0.46259,35.893,41.066,38.591,0.84278,0.31409,0.92643,0.10289,-36.934,32.189,-1.651,-28.952,0.91624,24.772,0.79525,-0.68274,0.49508,49.171,-0.159,-0.85376,0.17849,-0.83314,-0.01358,19.947,-0.19321,15.313,-29.621,-0.59943,-41.281
0,7.865,0,23.292,-1,0,0,0.50814,9.001,40.761,0.391,-1,-29.082,0,-16.449,29.203,8.927,27.849,-36.317,0.36482,-1.477,0.97068,-1,33.619,-1,1,9.057,-15.206,-30.406,-50.858,-1,1,-25.851,0,-44.349
1,23.824,38.695,15.108,0.04974,0.79074,0.02543,0.78575,0.03793,-6.955,-39.37,0.67801,44.38,0.75934,-22.239,-48.263,-49.099,0.70681,34.113,45.783,-9.066,0.70021,-19.972,-0.442,0.12185,0.67016,0.15445,-14.36,-14.709,0.65707,0.17539,-0.279,0.14697,32.701,25.271
0,1,0,-27.536,-2.4,-38.231,0,0.77941,-0.99265,-42.725,-9.178,-0.41912,-0.94853,19.098,0,-6.947,0,25.57,35.794,-43.711,45.459,16.418,0,0.18382,-38.971,-25.433,-9.235,-48.104,-1,1,27.269,1,-1,-40.819,35.783
1,35.472,-11.53,1,0.01709,0.96215,-9.848,8.741,-34.517,1,-0.05071,-27.02,-0.07092,-38.605,23.1,23.806,-0.15727,7.498,-11.632,-0.801,-0.11813,-46.999,-27.993,1,-40.766,-7.358,-2.771,0.96490,16.409,0.94599,-30.354,0.96436,-0.22561,0.87011,-0.23296
0,0,11.94,-32.384,0,0,-37.725,9.323,0,0,-38.087,0,-24.717,0,11.97,49.41,37.716,0,44.227,9.995,7.249,0,20.806,0,0,16.668,0,-0.067,-1,0,31.048,-41.247,0,11.287,17.839
1,1,0,37.165,-30.235,-14.76,-0.12690,-18.078,-0.18242,0.97026,-26.585,0.92003,-33.165,-28.514,-27.295,49.453,-27.71,2.684,-0.21216,0.98678,22.98,48.152,8.259,0.93126,-0.39458,1,-0.19233,-46.448,11.422,2.108,27.963,0.89095,-0.31857,13.249,-0.41573
0,1,0,-42.003,-0.31818,2.458,-39.589,0.68182,-1,0.30682,-36.414,0.64394,-48.84,0.34848,-0.84848,22.878,-21.058,0.59091,-0.35985,-22.982,-40.395,-42.328,11.988,0,0,0.24242,31.64,48.081,37.088,23.621,20.455,-17.966,-48.822,0,20.377
1,1,0,-31.255,-0.49311,1,-44.34,0.98898,-0.87052,19.82,-15.559,1,-0.10104,42.273,43.557,-1.01,-28.111,44.838,-1.983,1,48.923,-33.057,-40.399,-14.167,-0.26571,-37.624,-0.29852,-23.108,-0.33304,-34.331,25.153,1,-0.40740,1,-16.031
0,1,0,0,-40.446,2.151,0,0.043,-21.059,-25.169,0,0.62195,1,17.36,0,0,46.425,0.36585,-1.635,0.56098,-23.539,38.561,0,0,35.118,-18.552,17.745,-12.132,-10.097,-14.247,-20.732,46.457,0.204,0,0
1,1,0,0.319,0.107,-37.881,-0.11313,0.88237,11.645,11.314,-0.06257,3.988,-0.07496,0.85221,-25.431,-46.906,-8.791,0.93881,-0.12977,0.98298,36.757,0.89876,47.261,0.87836,-26.057,0.93368,26.286,42.169,-22.006,-36.948,-0.16581,-32.849,-1.369,0.76586,-37.851
0,1,5.39,0.10135,-24.17,0,0,-41.5,-48.204,-14.829,0.82432,-13.578,25.738,0,31.77,22.362,24.53,0.37162,37.267,48.241,-1,0,-44.577,0,24.104,-0.42568,24.771,12.01,17.951,31.879,-0.23649,0,0,0.066,0
1,1,0,12.306,-0.57224,16.475,-38.079,0.89518,31.329,39.407,32.432,25.46,-9.072,29.451,-0.86402,2.888,6.478,-7.945,4.345,0.76771,-0.88952,0.96601,-1,0.70120,-0.74896,0.61946,14.609,0.53777,42.404,29.643,41.569,1,-1,-10.384,-50.446
0,-26.722,0,0.65909,-0.62879,0,39.034,0,39.368,-20.685,40.203,34.129,12.97,0,0,0,-0.366,0.62121,31.659,30.159,41.48,-42.051,42.759,0,0,0,19.212,1,-13.046,47.546,-0.93182,44.858,41.379,-26.293,0
1,1,0,0.86284,-30.903,0.80920,16.84,0.67203,-34.883,40.447,0.69962,-20.34,0.81533,47.812,12.597,-12.817,-2.202,13.738,-38.246,-0.34100,-29.814,-0.48199,-25.934,-0.60230,0.40996,-0.59234,5.635,-43.833,37.107,-22.012,-0.07816,-44.939,10.754,-0.42912,-0.31954
0,1,0,3.033,-44.498,24.678,0,-24.8,-1,-40.201,-4.969,0.43000,0.64000,44.722,0,-39.945,-22.775,-26.928,-7.152,0.84000,-1,30.881,0,40.077,0,-20.23,10.251,32.63,22.081,-5.925,0,2.337,0,0,0
1,1,0,1,0.23395,-19.322,0.52013,0.78020,-13.02,21.094,46.381,0.27639,-25.592,-21.453,0.88248,20.396,-16.5,-17.558,-6.233,10.296,0.64527,-0.64527,-12.314,4.886,35.634,-3.805,46.838,-0.71731,-0.11943,-0.64962,-0.28183,-16.501,-45.165,33.896,-0.53319
0,16.175,-5.223,-25.614,-12.24,-0.72973,35.719,-0.39466,0.55735,21.982,0.29730,-0.18599,-0.10241,-45.622,48.201,0.01401,-0.03403,0.01108,-0.00537,0.00342,-0.14,21.908,0.00075,30.819,-18.883,-29.079,0.00002,-3.363,-44.014,0,-13.748,-45.374,0,-40.798,-42.4
1,1,0,0.21429,-0.09524,0.33333,0.07143,-48.065,-46.518,47.107,-17.15,0.40476,0.02381,-17.686,-0.04762,0.30952,41.753,-37.786,18.115,0.33333,-36.715,-42.078,-32.624,-4.027,-5.601,1.245,-0.04762,30.793,-17.468,0.19048,-31.631,-4.086,2.884,0.14694,-0.01877
0,1,0,0.735,-0.14754,42.737,-30.506,44.294,-19.002,-5.562,-23.209,-14.995,47.526,0.72131,4.064,0.68852,12.806,0.19672,44.646,0.65558,46.929,0.67213,0.03279,1,28.665,-1.363,-0.34426,-14.454,-0.20325,35.025,-0.03279,-8.008,-5.321,0.49180,-0.06557
1,1,-33.595,0.98182,30.508,-7.401,0.03131,-22.046,0.04572,-9.54,-10.115,21.297,0.04545,-13.317,-23.983,-4.839,0.09579,-4.835,5.252,0.68182,0.12727,0.70674,-4.515,0.68604,-26.556,0.74545,5.698,21.904,1.618,0.67273,0.02727,-32.769,-33.277,0.58840,0.17077
0,1,-19.318,0.39286,0.52381,-7.802,41.715,5.869,-33.163,0.66667,0.01190,-28.883,-5.374,-0.67230,0.30729,-34.409,-0.63668,-15.919,-38.956,20.911,-6.104,-0.51830,-16.032,-0.47651,-22.992,0.32143,-2.595,17.311,-39.677,0.57143,0.39286,-10.518,-0.29915,49.019,-0.55837
1,9.315,0,17.973,-0.07111,-5.621,8.559,1,-25.239,28.973,0.00222,0.83556,-25.45,36.973,14.214,1,27.321,0.86889,0.05333,0.991,-0.03778,1,12.145,15.973,18.063,-6.722,0.03556,1,-0.14162,-23.893,-21.375,1,-7.082,1,-8.663
0,1,-10.108,0.43636,-0.12727,0.58182,-35.903,36.068,-50.25,0.34545,-13.402,-33.995,8.791,-41.177,0.29091,39.401,-0.41818,-27.794,-18.606,-0.319,-45.054,0.12727,0.49091,-27.422,0.16364,0.32727,-6.235,10.409,-0.07027,-7.258,-0.05455,0.12727,-0.36364,10.243,-33.704
1,1,-19.6,-1.049,45.701,1,-15.075,-28.164,-0.05660,-46.39,6.722,1,-45.703,32.467,0.07547,-9.81,-0.05660,29.894,46.521,36.919,-39.994,0.52830,0.07547,0.95190,-0.00112,1,-12.799,0.92192,-0.00128,40.062,39.028,-23.109,0.43396,-26.727,-0.11321
0,1,39.078,0.73810,-46.056,17.1,-40.684,-4.396,-0.14286,0.45238,1.446,-0.67285,-20.046,46.976,0,27.119,-0.07143,-16.267,0.51163,-41.465,0.02381,0.45238,-0.01,0.16667,-2.841,-0.57255,-44.994,-18.526,-0.51079,44.986,0,-0.66667,-3.609,-0.607,-0.332
1,1,17.423,42.276,0.04167,5.596,-7.612,26.232,0,0.33333,-0.06250,-43.284,-44.884,-44.257,0.10417,23.323,-17.171,45.701,27.339,0.35417,-16.824,27.125,0.08333,0.25000,0.18750,10.108,-33.327,46.749,38.52,0.41667,4.777,0.58333,-0.31250,0.33333,-0.06250
0,1,-34.047,1,1,18.952,32.62,0,0,0,0,0.47744,-0.89098,-31.519,0.45489,-0.95489,-4.597,-33.38,1,-44.156,26.116,-41.043,-14.447,1.868,0.20301,-28.849,14.305,-35.913,-15.276,46.024,-40.212,0,0,-28.408,1.847
1,-29.354,12.345,0.95217,0.06595,0.93614,19.327,0.90996,38.642,-3.697,-0.49962,33.909,-9.704,0.77937,-17.753,0.72254,0.37988,0.66145,24.458,43.273,36.697,0.53258,7.607,0.46773,-40.545,0.40440,-11.0,-34.736,-14.943,-45.204,20.868,22.7,0.39620,0.18632,0.37191
0,1,0,-27.854,50.069,47.39,0.80521,10.304,-44.313,-3.337,-9.69,34.351,0.07981,0.95824,43.896,0.91962,44.923,-12.991,-0.05206,-24.517,0.18135,11.942,39.745,12.122,-0.85755,0.28604,-0.30063,1,-36.472,-42.023,-29.729,0.87757,0.81007,15.956,0.68822
1,-32.019,0,0.95882,-1.19,-34.723,-6.764,0.98313,0.02555,-2.909,-0.09316,-14.366,43.627,26.614,35.095,47.352,-45.859,1,-8.542,0.93840,0.01557,2.766,-44.127,0.97889,-8.43,-11.906,7.043,21.788,-0.06995,28.858,0.01307,1,-0.10797,0.93144,-0.06888
0,1,0,13.142,49.06,23.336,31.875,0,0,14.51,-1,7.443,0.31385,32.246,-0.59212,19.881,-4.706,19.083,-18.359,35.136,-31.917,0,0,-0.18043,-1,38.0,-29.516,-41.064,-1,43.415,0,24.721,0.61881,-29.887,0
1,1,0,38.0,-42.719,1,0.00843,-24.276,11.999,0.97868,-14.793,0.99820,-39.384,1,-8.845,20.706,-0.02581,1,28.333,0.98485,21.091,19.723,-0.02612,-15.763,-48.202,48.455,-1.461,0.498,-5.472,33.292,-0.02478,1,-0.03855,-33.167,-0.04112
0,-32.244,25.294,20.771,0,0.98919,-2.721,13.05,49.891,-40.784,15.986,-28.474,0.07297,1,40.278,1,0.07027,40.992,37.998,-37.874,-29.285,1,-0.21081,1,34.759,34.619,0,-23.851,-28.807,0,0,-13.361,-0.25946,0.28919,-0.15676
1,1,0,0.64122,0.01403,0.34146,-0.02439,7.393,-36.015,27.044,9.775,-49.425,0.04755,40.375,-14.158,10.078,-28.668,9.292,0,0.31707,-16.376,0.26829,0.12195,0.23698,14.425,44.288,-48.912,24.485,29.259,0.17410,0.05504,0.19512,-0.842,0.233,-44.276
0,1,25.12,39.695,1,-6.618,-1,-15.001,0,32.126,0,1,-8.066,1,-1,1,35.192,1,-1.876,-24.433,-49.183,-22.312,0,-19.086,-15.123,0,-1.124,46.147,21.824,1,37.566,-27.536,-1,-39.469,0
1,1,0,-9.383,-1.196,0.46939,0.24490,0.40816,0.20408,25.319,-1.335,0.30612,0.59184,-43.411,-37.68,46.062,-46.593,-44.507,0.55102,-41.023,0.55102,22.521,0.44898,-0.28571,-6.62,-0.61224,19.322,35.317,-37.822,7.15,16.602,-8.582,0,28.003,-0.24490
0,-10.49,-11.53,0,0,7.498,33.472,16.611,0,0,0,-37.087,1,-33.482,-48.252,1,-8.115,-27.01,-1,0,-27.807,-2.55,-1.067,-39.573,-40.247,-9.817,0,1,22.19,0,0,1,-31.182,-39.597,0
1,1,11.737,8.146,10.378,50.322,9.698,0.74265,12.617,31.504,0.77941,37.907,12.177,-0.02206,-36.865,16.462,-31.561,-0.37500,0.67647,-0.5,0.47794,-0.73529,12.352,19.946,0.08824,17.096,-0.12500,-0.67925,-0.24131,-25.268,-19.469,43.786,-0.50735,-0.28676,-29.915
0,1,0,-16.393,-47.054,1.516,47.302,27.443,35.499,-0.30719,0.71242,-1,13.553,-28.213,48.793,-49.695,20.913,-0.98039,-0.83007,1.09,-0.54248,-0.04575,-43.117,0.94118,-27.989,-1,-27.101,0.74385,8.622,22.19,-30.062,-32.971,0.02614,-0.40201,-0.48241
1,1,0,-39.322,49.028,-22.899,37.326,31.795,-0.13333,0.36667,0.11667,12.555,25.539,3.175,-37.289,21.077,-18.196,-41.795,-38.424,0.41667,-0.01667,0.31667,0.20000,0.70000,23.56,47.331,-20.924,-47.659,22.932,0.40000,0.03333,0.46667,-39.555,0.41667,-0.05000
0,42.273,-32.2,-0.26667,-34.931,-24.381,19.041,-28.138,-2.054,0.06192,-0.06879,-40.12,-1.781,-0.00885,0.02726,-0.01586,-0.00166,-15.584,-16.237,-34.052,-25.171,43.684,0.00238,-14.248,0.00102,-0.00069,-0.916,0.00019,-0.00043,43.838,0.00005,-44.303,-15.167,-0.00008,0.00002
1,47.457,0,1,-0.37838,0.64865,17.658,0.64865,-0.2,0.86486,0.18919,-9.207,46.155,0.717,0,39.182,-38.776,-20.734,34.902,0.71833,-0.17666,37.468,-13.078,0.75676,0.13514,-20.381,-38.188,0.61031,17.524,2.736,-40.676,-21.809,-0.59459,-18.039,-0.24324
0,1,0.102,-24.515,-26.033,30.325,-48.11,9.323,-0.01563,42.266,0.01172,3.957,-8.602,-2.112,-21.664,-1,47.257,0.95313,-0.03516,26.692,-0.02734,-34.644,11.927,-0.93359,0.34766,0.95703,26.48,0.144,0.13758,0.90234,-0.06641,-1,-0.18750,-38.573,10.666
1,-12.889,-15.377,0.95202,-41.477,0.93757,24.447,0.93526,0.01214,39.234,-0.01734,0.96936,-37.34,48.866,-0.03064,-23.326,-0.00405,1.061,32.764,6.388,31.788,0.93584,-0.04971,-43.639,-0.02370,23.332,-0.04451,0.96215,24.088,-47.23,0.01908,19.906,24.704,25.489,0.00809
0,29.832,-8.945,8.053,-0.05529,39.407,-1,0.5,1.777,0.36111,-0.22222,40.368,-0.25712,15.545,-10.8,43.569,-0.34660,1,-0.38853,44.184,-0.42862,15.483,32.053,1,-0.50333,1,-49.963,-7.839,-0.57092,12.306,29.04,29.822,4.51,20.212,-0.65935
1,1,0,0.31034,-0.10345,44.0,-0.10345,0.20690,-0.06897,-21.384,-0.05431,41.416,-0.03689,31.904,-0.02383,47.623,-0.01482,-43.049,39.194,37.02,-26.298,-0.00003,-0.00299,-0.00028,-0.00166,5.377,-12.108,39.034,13.25,44.858,-0.366,47.675,-27.722,33.129,42.48
0,1,0,-42.575,-0.07843,0.72549,-31.096,0.60784,-0.07843,-12.149,-0.11765,0.68627,13.793,0.66667,11.603,0.64706,31.531,16.978,-3.182,2.886,10.737,0.58824,-35.636,-20.04,-0.23529,0.45098,-21.695,0.52409,-39.251,0.56863,-30.785,-43.959,39.686,-26.025,-40.22
1,1,2.613,0.25000,0.16667,40.544,9.838,0.19036,0.23966,0.07766,-5.726,24.689,0.14922,-22.798,0.10188,-20.477,0.06317,21.824,0.03458,-0.03230,30.896,-26.534,-43.885,-27.615,46.8,44.711,20.61,-41.108,-0.00586,-5.972,-25.805,-0.00089,-6.866,0.00025,-0.00291
0,1,0,-0.65625,5.783,0.06250,-45.59,0,0.06250,34.895,0.06250,-15.801,-17.414,-13.773,-21.454,45.602,0,0.15625,-44.17,0.43750,20.243,-20.236,-12.854,0,10.809,0.03125,-0.46875,-6.957,-17.217,-45.438,35.373,48.259,-3.097,0,0.09375
1,-16.996,0,1,-0.01081,1,-0.02703,-45.708,-18.948,22.859,-13.072,0.98919,-0.03243,-4.234,30.905,1,-17.31,0.95135,-28.987,0.97838,-26.533,1,-40.733,-2.363,34.762,0.97838,22.019,-41.414,-0.128,-44.374,-13.78,16.175,0.02703,1,-0.07027
0,1,-23.226,-4.629,-32.57,1,18.315,47.869,1,-41.473,0.88,-37.235,0.03876,1,-4.607,1,1,-16.631,0.04651,-47.348,34.813,-30.631,42.308,1,-1,0.80620,0.03876,31.572,0.71613,-35.917,2.974,1,-3.383,-3.242,1
1,1,0,4.967,41.721,-14.847,-14.898,1,44.809,0.93048,0.00535,44.656,-33.392,1,-18.986,-29.555,47.165,1,-8.239,0.91444,0.04278,0.96791,12.991,0.98930,5.454,0.697,47.612,-0.705,0.04452,0.87701,28.971,-7.286,0.09091,-5.24,0.06417
0,1,0,-10.545,-23.779,0.23000,0.10000,-6.731,5.314,-16.061,-22.559,20.969,-0.34617,-33.503,0.27500,-0.09500,0.21000,-10.202,21.493,-0.34187,-4.327,-6.09,-0.08000,0.29908,-33.109,-0.58000,-26.931,1.789,-10.254,-5.932,0.18500,-0.27104,30.196,-13.706,0.03050
1,1,6.035,28.695,48.798,-5.53,-5.712,0.70000,0.06667,-15.781,0,-31.766,0,-18.518,0,-21.783,0,-5.921,20.464,0.66667,0.10000,0.73333,-0.03333,-23.948,-40.065,17.424,-3.164,0.65932,-29.603,0.60000,-38.978,0.60000,41.768,0.63333,-33.894
0,1,0.111,0.05866,-45.117,-6.859,0.00838,35.973,-8.232,-25.38,8.545,14.303,-0.07542,-0.00559,0.05307,8.379,-0.03352,-18.588,0.09497,-0.06425,12.336,17.057,0.02514,-21.201,-0.00559,0.00838,18.256,27.624,-0.00838,-7.535,14.971,-33.369,0,-25.123,-0.03352
1,1,0,-18.654,-27.753,0.72554,-33.613,-49.102,-5.574,0.01267,0.89109,-0.24871,-9.588,-0.47644,-7.042,-0.75881,0.41743,38.373,-41.396,-0.65426,-13.561,9.427,-0.44000,-0.991,-36.309,-10.149,28.258,0.16085,9.434,0.36752,-28.413,9.306,-0.22535,0.50376,35.827
0,1,0,46.577,0.01437,-0.02586,39.165,-28.64,0.04598,-0.07759,0.00862,46.643,-27.227,46.605,0.04310,-0.08333,-0.04598,-2.144,0.023,-15.87,-45.651,6.743,36.414,31.977,-18.787,40.059,-0.00862,-13.582,0.01724,0.02586,-39.982,-46.987,0.01149,-0.04598,-24.115
1,1,0,0.72414,-0.01084,2.386,39.089,28.368,0.00197,0.79015,0.01084,0.429,-0.00985,44.82,-44.851,-46.038,17.879,0.80099,-0.00788,-0.078,-40.475,-40.944,-3.527,39.368,0.05517,0.72611,-20.188,0.78041,-44.885,0.74089,-15.935,0.82956,-4.7,27.623,-2.571
0,1,-41.212,26.154,-7.482,-17.188,0,0.01997,17.403,0.02140,-0.04993,-0.04850,9.699,22.796,-44.572,0,4.827,4.965,-33.168,-0.01712,26.828,41.86,-27.844,0.05136,45.241,0.05136,-43.744,0.03994,0.01569,-16.575,0.00713,25.811,-0.01854,46.294,0.01997
1,-45.108,-14.447,0.47090,0.22751,-43.732,0.33598,19.209,-30.528,-36.895,-27.913,-0.02116,-4.343,-0.34127,0.31217,-14.689,0.32540,35.583,0.06878,-34.527,-41.159,42.171,-0.14550,-0.14815,-0.38095,-0.23280,-34.044,0.03574,-0.31739,0.15873,44.807,32.869,1.004,2.114,15.347
0,1,24.05,19.283,-40.984,0.13959,-0.04119,0.10526,-0.08238,0.12586,7.104,-17.863,-0.01144,0.12357,-35.002,-42.507,-15.51,20.159,-0.04805,0.18993,0.07323,38.568,-11.442,-10.205,10.954,0.15103,12.242,0.08467,44.052,33.121,-0.06636,0.09611,-30.428,-4.429,22.397
1,1,-25.404,-8.637,0.38574,-44.537,-29.51,44.969,0.77514,-0.55941,34.027,42.918,0.42048,-37.403,0,-14.573,-0.31079,-0.38391,14.515,-0.12797,-0.69287,50.164,10.619,0.71481,40.064,-3.439,-35.778,0.60098,-3.575,0.45521,-27.847,46.589,10.089,-0.21572,0.50457
0,1,0,31.041,7.207,-45.765,-0.00846,-8.469,0.01128,0.01128,0.04372,46.355,-5.36,20.851,-1.322,25.614,0.06065,-33.06,-6.718,-0.02398,1.785,18.185,-0.02539,0.01834,27.949,35.126,-44.046,0.01834,-15.367,0.00564,-8.392,-0.01693,-12.846,0.00705,0
1,1,35.136,38.857,0.00075,0.81927,-0.05676,-31.142,28.303,0.84317,-29.426,0.86258,-29.767,0.88051,-5.498,0.78342,6.507,0.83719,-0.06796,14.657,-42.206,24.554,0.01195,25.582,37.053,0.79686,-0.01942,44.239,-18.56,49.941,32.442,13.881,20.164,0.79089,-0.09186
0,-38.349,0,-41.727,-1,1,20.706,-15.764,48.495,-39.784,-29.632,1,-1,-35.152,20.091,-1,-0.416,1,1,-7.833,1,31.322,1,-24.263,-1.494,13.007,-1,1,40.992,1,-15.763,-1,-47.154,17.723,1
1,1,-29.285,35.471,0.39252,0.38887,-1.729,40.244,-28.417,34.749,38.999,-34.006,16.485,39.548,50.053,-0.85900,-0.31044,20.11,-0.55262,-0.19260,-0.86063,13.145,-0.80496,-28.021,-0.35230,0.77814,-38.107,0.71698,25.507,0.37830,-13.778,9.982,0.66315,-24.963,0.64933
0,1,-49.858,0.158,15.367,1,10.166,23.449,-10.066,-35.05,1,24.317,0.03125,30.203,1.062,0,0,45.068,-50.01,1,27.849,1,1,7.178,1,-43.349,-15.449,9.927,1,-13.206,1,-0.94375,1,25.12,0
1,1,0,46.147,32.675,0.62745,-13.845,-1.105,1,-8.108,0.92157,-0.82353,-38.881,-1,-14.883,-0.96078,-0.33333,45.415,38.009,-0.23529,-0.86275,-1.047,-25.433,0.74510,-0.72549,37.487,-0.21569,0.052,-22.094,0.72549,-19.517,34.427,-6.045,-49.301,-27.634
0,1,-47.104,0,0,-1,-9.348,18.098,-39.819,0,-1.784,-38.971,7.498,1,1,1,-29.01,35.783,0,-9.73,-44.446,-39.231,-1,-1,1,23.806,0.43750,8.741,-1,-8.235,24.849,-44.534,27.269,15.418,1
1,1,0,34.916,7.693,0.53695,12.878,-34.705,-1.55,16.334,0.88889,-12.49,0.33333,-1,-38.198,-31.182,-0.22222,15.945,-0.77778,0.55556,-1,-40.796,-12.308,-27.03,-0.22222,0.33333,-39.597,-47.078,0.45019,-0.492,0.84353,-9.594,24.19,-0.55556,-40.247
0,20.806,11.287,-37.725,0,0,11.737,0,0,0,-19.042,0,-30.114,0,17.839,0,0,-33.154,-29.349,0,-32.384,0,37.716,48.453,0,9.995,9.323,50.41,0,0,31.048,44.227,0,11.94,-24.717
1,29.2,0,1,-26.67,1,47.152,-46.836,0.50000,0.75000,8.531,2.604,0.12094,13.444,-26.906,24.059,23.723,21.69,0.25000,-17.379,0.5,0.75000,0,1,-0.25000,-41.828,0.50000,0.73944,1.557,36.958,-27.146,-14.697,0.29074,-48.229,-41.984
0,-21.058,-23.433,-1,1,1,1,0,-39.589,21.377,-40.588,23.878,-49.121,44.838,46.081,-17.228,-16.583,25.522,0,1.458,10.988,0,0,0,-37.372,-1,48.128,-37.624,-1,38.326,32.462,-1,-1,0,0
1,44.682,-35.331,-43.303,0,-24.169,-24.108,-39.498,0.11111,-14.167,0.093,0.88889,-0.11111,-26.96,-14.469,0.77778,-0.915,0.77778,0,1,-0.11111,18.523,-0.11111,-1.14,-2.121,41.94,-34.057,18.264,18.866,1,0.11111,0.88889,-32.311,1,0
0,-38.722,0,-13.132,0,0,0,46.425,46.457,2.151,0,-40.446,0,-19.552,-1,0,-21.059,37.846,42.043,0,0,-22.539,-10.207,-21.732,1,38.561,0.043,-36.891,10.81,34.118,46.261,1,1,0,0
1,-14.377,-47.778,1,-37.118,-20.828,-0.45455,1,0.09091,4.024,-25.551,1,-8.583,32.325,5.117,1,-0.858,12.01,0.09091,1,25.771,27.484,-1.475,11.323,0.09091,1,-0.09091,-24.998,-33.7,1,0.45455,1,-0.171,32.77,-0.18182
0,1,-37.345,0.62121,-0.63636,0,0,-44.577,-8.839,25.083,0.28788,0.42803,0.39394,24.028,24.979,-41.136,0.38,-0.53788,-47.874,-24.157,-14.037,11.325,21.828,-0.57576,0.17803,48.201,-0.27273,24.788,18.376,0.43182,33.033,0.18182,-49.708,0.17045,37.85
1,30.318,43.184,1,32.421,6.141,0.23529,1,19.623,34.129,-10.63,2.888,0.23529,1,0.11765,1,0.47059,1,15.32,1,-0.11765,-7.945,0.35294,16.483,0.41176,40.368,28.705,43.569,0.20225,8.053,-0.307,39.407,0.35294,29.832,-11.871
0,1,39.034,0,43.759,-1,-0.62766,14.251,-43.879,39.283,47.441,-1,44.497,0.12766,41.889,1,-1,-21.44,0,0.82979,13.831,36.769,32.886,-42.881,-28.429,-21.458,-26.293,-0.19149,4.91,47.392,-0.48936,42.124,0.90426,-0.67553,0.45745
1,1,-26.495,-21.858,0.29167,12.574,-3.232,0.70833,2.587,11.828,-30.554,0.91667,16.47,0.83333,0.12500,0.70833,0,-42.328,0.04167,32.63,-12.693,40.744,-43.972,-19.957,-39.779,0.83333,-35.565,0.83796,0.05503,40.901,0.20833,0.70833,-39.004,-30.388,0.04167
0,1,-41.101,46.988,-0.16667,0,0,0,0,24.678,0,21.861,35.342,10.925,-6.116,-27.598,-20.44,-6.862,0,44.722,-25.8,0,0,2.562,34.204,-5.89,30.971,20.789,-0.10897,0.12500,-26.413,9.597,-0.04808,0.16827,0.19551
1,-5.988,-17.414,49.291,-44.096,-16.217,45.426,0.99246,-41.096,1,-0.33075,6.594,-0.34281,-11.902,-20.709,0.91904,-0.48170,0.73084,-22.2,-44.909,-0.63544,0.82450,-3.88,-15.4,-27.275,0.67033,-0.96296,0.48757,-0.85669,0.37941,-46.213,0.24117,-14.63,20.91,-45.616
0,35.719,-17.245,1,0.859,20.908,1,-19.883,-0.82456,-13.401,-12.845,-41.939,-17.925,18.462,0.05702,-46.358,22.274,0.72807,-0.03947,0.22807,0.53070,-29.079,0,-0.29825,30.409,1,-0.66667,31.819,-4.363,1,-0.24561,0.35088,-5.021,16.004,-31.552
1,1,0,1,-37.831,1.886,46.873,0.80244,-4.543,35.596,-42.622,0.70643,-0.24077,0.73855,-17.75,0.71492,-32.985,-14.506,-4.868,-4.474,-23.776,0.61041,-0.39328,29.492,-5.808,-48.016,-0.52142,42.093,-0.48390,3.032,-30.946,-36.606,-0.51329,0.18353,-0.46603
0,0,0,-1,-14.847,1,46.101,44.793,0,-24.067,-26.691,1,11.97,-17.986,48.558,4.064,-33.376,1,4.47,-8.287,0,43.72,-0.265,1,1,-1,-5.218,1,-2.675,-9.286,1,40.737,-1,-14.11,0
1,-21.909,-7.014,0.92247,-33.636,-4.498,-5.787,0.87024,-0.22602,5.814,-0.27070,0.79271,-10.404,-3.938,-6.66,49.398,-0.49967,0.37254,29.801,0.27070,-0.72109,21.663,-0.54172,0.33509,-0.59691,20.511,0.831,-16.29,-0.59589,-10.041,-10.889,-0.01840,-34.136,20.531,-0.47898
0,1,0,-26.17,-41.065,-0.50694,1,1,-1,1.111,0.53819,18.25,0,-29.465,-25.715,1,17.791,0,-3.297,-15.481,-21.516,-38.111,1,6.035,-5.779,-0.71528,-18.318,0.33333,-33.399,-33.061,-7.621,28.793,40.602,0.47569,1
1,1,-45.108,-17.746,0.43460,-24.885,-6.805,36.072,0.93460,8.206,-7.338,-35.01,0.61181,9.06,0.19409,-0.86709,-0.25527,-0.62869,13.631,-0.25105,7.459,-21.066,-0.86498,17.619,14.305,-32.664,11.972,0.77937,-7.524,0.64135,0.42827,-6.612,28.145,-0.00422,0.69409
0,1,0,10.952,-26.994,8.845,0,1,-1,45.626,-3.049,-9.433,1,1,-29.041,0,-10.108,36.887,-1,-5.399,1,-19.6,-49.577,40.037,-14.366,-42.468,-48.013,-34.758,1,-1.682,29.906,-1,1,0,0
1,1,0,1,0.63548,-14.83,1,37.162,-38.994,38.785,1,-4.561,-17.775,0,-43.892,45.522,1,-14.591,40.028,31.014,-29.321,-1,5.797,-21.174,-0.391,-46.036,-1,0.19235,-1,-23.109,-1,46.642,-28.161,1,-0.66667
0,0,27.568,-5.729,1,-1,-45.884,0,-46.889,-1,1,0.131,37.621,-1,-1,-1,2.589,-15.885,45.264,-1,38.078,-1,6.012,17.862,0,-39.446,-1,26.836,-40.704,1,25.833,44.986,-1.579,-0.355,0
1,1,-41.212,1,0.06843,1,22.924,27.116,-43.542,1,-33.264,-26.849,-7.113,-15.595,10.201,1,18.013,41.464,2.847,27.792,0,5.86,0.92001,1,-43.156,-16.192,-43.549,1,19.952,1,0.25000,47.309,1,1,1
0,0,-34.027,-1,-42.043,36.098,0,-34.047,-36.913,0,0,0,0,-28.408,-14.276,1,-47.108,32.62,0,0.247,41.319,0,-14.447,20.868,46.024,-30.004,-1,1,-1,15.305,-18.096,0,-4.883,24.05,0
1,-29.354,0,-14.726,-42.732,0.58264,-0.14380,19.065,-41.204,0.29796,0.04403,0.38096,-0.26339,0.28931,33.058,44.788,12.155,0.20269,38.157,-34.928,-0.29052,-4.45,-10.633,0.06556,-0.26795,44.069,22.215,7.165,32.777,-11.468,10.745,-0.04717,-0.18950,0.01336,14.865
0,1,43.654,0,0,-36.643,-45.02,-13.946,-30.155,0,-28.452,28.949,49.332,-35.557,0.26042,0,0,0,25.634,40.441,-15.356,-0.19792,-9.799,-0.16667,-3.271,45.562,0.5,0.04167,12.005,9.315,-4.879,-25.529,-0.27083,-0.19792,-0.93750
1,-7.377,7.2,1,0.05149,47.346,0.10123,0.96142,0.14756,0.95513,-0.26496,-32.359,0.54701,-45.002,31.274,-0.554,35.399,-31.25,21.118,20.78,0.29304,0.52494,0.29200,24.129,0.28476,-43.643,-12.549,0.32930,0.25553,2.063,-8.254,0.22427,18.355,-5.181,-6.554
0,1,-18.523,14.821,24.581,37.0,11.007,-1,-1,1,28.663,0.81349,21.853,48.06,-26.263,36.031,33.506,-29.413,1,-41.064,1,0.68839,-30.516,34.136,-1,0.82937,0.36508,1,7.472,44.415,-4.929,12.142,-0.32540,-1,0.72831
1,1,20.771,48.432,-48.156,-28.024,0.43204,-15.84,-0.40129,-7.902,0.16828,0.96197,18.814,0.99676,0.08172,0.91586,0.05097,-39.938,19.452,50.819,37.966,-0.567,-39.088,0.75081,-34.188,0.351,-0.02589,-13.892,32.299,40.978,0.09385,-41.944,-0.10194,0.85841,-0.14725
0,-28.285,-24.851,-36.874,33.619,1,41.156,10.786,30.203,1,-0.5,16.986,1,1,-27.668,-32.244,1,0,-14.361,41.478,1,26.294,36.175,27.849,-1,1,1,1,0.62500,-28.406,-0.75000,-0.75000,25.292,13.861,-1.494
1,1,-39.469,-48.01,0.23058,9.927,-0.78509,1,-0.10401,1,0.15414,1,-14.567,0.98120,6.796,26.12,-0.775,-6.66,-36.239,0.83584,-0.15633,-8.092,-14.169,0.99624,14.46,1.062,44.056,-15.487,9.608,-48.946,0.03885,23.824,-0.13722,0.96523,-44.467
0,1,35.783,36.935,-1,44.147,31.126,-38.307,47.062,1,-23.482,-0.13,-0.38710,-1,-0.79313,-0.09677,1,0.48684,-48.718,-21.995,-0.27461,-0.14343,38.493,-20.205,-1.055,0.03021,34.258,0.03443,-0.01186,-0.00403,-6.963,-1.408,-9.728,-15.001,-28.533
1,1,28.269,25.648,23.189,0.80804,-0.16964,-39.819,-0.07653,-10.548,-0.07398,-7.533,-46.897,24.188,0.02105,-0.802,6.523,-10.49,-43.664,-27.054,7.819,20.098,16.42,0.90306,0.30804,1,-0.14541,-36.971,-44.45,0.75638,0.07908,1,-0.18750,-7.348,-0.05740
0,0,0,-39.597,-41.247,0,9.995,-47.999,-27.807,0,0,17.839,31.048,17.611,17.668,8.249,1,1,-41.573,-30.182,0,1,-1.55,1,-1,1,1,-33.482,-9.817,35.472,12.97,1,-1,-38.087,-1.067
1,1,0,1,-0.28428,12.737,11.687,0.94623,12.203,-23.717,1.386,-25.742,8.833,-29.206,48.969,-31.627,-33.743,0.69748,-0.58019,11.883,-0.57579,0.68459,-0.70975,44.772,-0.87327,0.49214,-19.775,38.071,20.045,0.26352,-38.507,48.619,-0.73145,-29.209,-0.70000
0,24.56,0,2.458,0,-39.589,-15.393,0,0,-0.85000,-28.396,8.531,23.19,-41.287,19.94,0,1.293,-1,-1,-48.336,-1,1,-43.328,-18.729,-28.048,1,29.2,35.208,-0.20000,1,46.152,22.878,-47.904,0,0
1,21.377,0,48.081,25.613,0.95455,-0.09091,-1.034,-39.588,-37.624,-48.121,38.281,0,32.462,-21.012,0.90909,-0.04545,12.988,-16.228,1,43.682,0.86364,0.09091,44.611,-33.966,0.90909,0.04545,0.91541,0.02897,0.95455,49.219,-36.508,-23.524,-14.72,0.04545
0,0,41.273,0,0,-1.915,-13.247,39.561,-31.2,16.36,-41.164,0,0.204,-1,-1,-26.169,-0.31250,-28.96,-1,19.919,-45.303,-9.207,-1,0,-15.167,-34.331,16.745,-0.957,-1,0,-24.108,-1.01,-1,0,0
1,1,47.261,0.91176,-0.764,0.97059,0.17647,-12.308,-22.45,0.91176,-37.92,0.97059,-20.909,-37.751,0.14706,12.751,2.181,1,46.457,-39.446,46.425,0.76471,36.964,-20.176,41.323,-17.699,0.02941,0.92663,0.02600,27.426,-0.11765,36.089,0.05882,-20.916,0.05882
0,1,0,10.01,1,37.267,0.255,0.28354,-14.377,-26.46,1,-1,-2.112,48.909,1,-1,-0.23476,32.053,30.325,6.39,1,-26.312,24.771,-1,-38.573,1,-9.583,-1,24.068,1,2.024,9.323,-33.974,-47.628,1
1,1,-48.204,0.47368,-0.10526,0.83781,5.159,0.83155,0.02615,0.68421,-41.553,0.68421,24.738,0.79856,22.412,25.313,32.848,-23.436,0.47368,44.184,0.05263,-13.164,0.07631,-8.242,-37.264,-44.156,0.21053,-49.031,19.041,24.986,11.096,0.60150,0.09534,-8.265,0.163
0,1,15.378,-0.00641,-0.5,-43.051,0,19.192,1,0,0,0,33.129,38.407,39.368,-27.722,0,0,42.569,-11.793,7.983,31.951,0.377,28.476,28.51,1.888,-10.689,-0.61538,28.32,15.483,47.675,0,0,0,0
1,1,-26.293,43.48,0.45455,14.911,0.54545,42.197,32.523,1,16.338,1,0,48.434,-0.45455,-12.14,0.27273,14.251,-22.095,6.378,-0.27273,39.944,-44.845,1,0.07750,1,-0.09091,44.759,37.108,1,45.222,-38.004,39.839,0.72727,-21.167
0,0,-27.598,-6.925,-7.862,-25.495,-1,-44.203,1,0,0,1,-1,41.077,-1,-43.888,-31.096,0,-30.471,0,0,38.901,12.74,-34.44,-1,-23.775,1,32.63,-19.707,0,-3.065,3.337,0.5,-39.945,10.953
1,1,44.722,0.45455,-25.709,22.498,-20.145,0.27273,31.063,35.978,0,45.903,-0.09091,0.45455,2.522,-19.954,9.558,0.63636,-0.18182,11.264,0,-40.738,24.588,47.075,0.18182,-15.625,34.179,0.34442,-0.01768,0.27273,20.616,-5.605,0,-26.219,-0.01832
0,-12.056,0,-1,-18.01,30.819,0,-1,0.64516,-0.87097,-43.014,0,0,0,0,-6.988,48.291,0,-45.59,-17.217,0,-27.527,-22.547,-3.097,0,-40.499,0.23387,-44.374,-13.225,-12.76,21.928,5.627,-44.72,20.618,0
1,1.888,0,-45.708,18.377,1,-41.685,47.869,22.622,1,-0.14286,0.85714,-18.138,1,-0.115,1,0,-18.455,-0.14286,1,-5.187,1,34.433,-2.363,15.175,-3.956,-0.28571,-16.245,30.621,-30.631,-29.027,-12.748,0.57143,1,0
0,0,0,-29.555,29.961,0.735,-6.482,1,42.801,-7.286,-3.878,-31.624,1,-37.072,-5.256,1,3.904,1,-1,-22.226,-15.978,48.101,-47.255,35.697,-41.387,1,-1,-35.762,1,1,1,1,-16.445,1,1
1,-17.986,0,-25.821,-13.641,-23.527,48.38,0.10380,0.95275,-0.38033,-5.339,44.054,13.552,40.816,0.16731,0.643,-0.24942,-6.204,-0.63342,43.48,-0.82881,-1.487,-16.634,0.51557,-33.95,0.69274,-23.157,0.69097,5.575,0.52798,-7.89,0.25974,4.629,-0.06739,0.57552
0,48.764,-22.516,-6.014,-1,1,21.606,22.258,-5.641,1,-9.115,1,-1,7.035,-10.969,31.508,19.364,1,-5.163,1,1,-15.384,-9.34,1,-6.462,1,1,5.997,-32.441,-32.595,1,1,-2.297,1,-1
1,-39.065,0,-15.555,-34.019,0.89266,18.408,-18.457,41.8,0.83675,0.36526,-38.305,12.663,-5.859,28.501,0.66586,-6.443,-5.178,0.51752,0.645,17.313,0.48435,-7.024,-29.279,-31.843,0.33340,0.55274,0.26978,-24.628,-24.492,0.53448,0.14312,0.49124,0.11573,0.46571
0,0,0,18.105,1,1,-1,9.584,-29.041,-32.413,-24.385,0,-8.22,-20.229,-1,-7.603,9.952,-34.286,0,-18.588,14.973,7.315,-40.468,1,1,0,0,1,1,35.973,9.998,26.521,-46.108,0,14.287
1,0.318,0,0.93537,-10.296,0.93716,-6.145,0.85705,39.425,0.79039,-28.183,47.349,-46.414,0.65260,0.75000,-49.069,-1.313,-35.342,0.82742,-19.345,-27.135,-13.229,29.762,0.00494,47.411,8.772,0.79780,-0.20995,0.78004,-27.492,0.71454,-10.493,0.64363,35.412,0.55835
0,0,39.119,1,-1,-1.869,-17.775,-1,-38.994,-45.889,1,-12.591,-19.174,-25.109,31.014,-1,-45.892,37.391,1,-44.703,-1,-1,-1,-1,-1,47.642,0,7.722,-1.058,-14.83,-5.729,39.028,1,-4.561,1
1,1,-44.884,28.374,25.967,27.564,0.24323,0.64615,0.19038,18.231,-41.248,45.712,-2.115,0.25000,2.162,9.964,0.016,0.15215,44.505,38.98,0.57500,17.389,5.441,-0.08856,0.44424,4.71,0.40006,-40.645,-15.535,-0.23832,0.29541,-0.26634,0.23896,38.382,0.31154
0,-44.156,22.781,42.839,-45.549,1,-32.139,-15.595,-35.027,2.847,1,1,-1,-42.763,-6.507,47.309,-28.849,1,-18.192,1,1,1,19.952,1,-1,-35.913,-1,1,-1,27.792,-40.212,1,-1,27.116,-13.276
1,-3.883,0,0.97467,15.436,-33.106,0.20036,36.986,22.788,45.914,0.32711,-17.241,0.45217,0.72298,20.391,0.69946,-30.416,1.833,-13.778,24.538,-29.65,0.44245,0.68159,32.973,0.75622,0.26832,-45.345,38.619,-40.257,-28.333,0.80439,-0.02962,0.77702,42.216,0.74242
0,0,-4.546,0,10.957,50.665,-39.99,0,-35.08,1,-41.653,-11.442,0,-8.58,43.753,-15.375,15.137,-10.318,0,12.345,33.009,0,0,19.196,7.166,0,0,34.378,-1,0,44.039,-1,1,40.441,0
1,1,27.949,10.467,0.15451,-35.779,-15.058,0.72582,0.36790,44.36,0.56830,-29.581,-3.251,11.688,0.74676,0.31705,0.67697,0.19128,0.76818,-4.131,0.76171,-28.573,0.76969,-35.908,26.348,-14.239,-24.747,-45.408,47.148,34.658,2.291,-0.53146,7.607,-0.56231,0.35095
0,0,20.184,-31.917,0,-44.806,19.142,1,-4.362,-44.034,-1.291,31.021,-8.377,-13.822,-1,0,0,-1,22.673,20.831,-6.745,0,0,1,47.352,38.0,-8.49,-32.019,1,0,0,-19.523,-28.887,0,0
1,1,13.821,0.88804,12.388,0.65926,7.167,0.29148,0.87892,-42.795,0.90135,20.695,0.80441,-25.908,-41.499,-0.82960,-5.168,27.556,-0.08205,42.787,-0.30942,12.675,-0.55605,36.866,-30.159,0.09562,-0.61055,32.81,-34.636,35.569,24.378,0.47029,48.965,0.42152,-16.638
0,0,0,1,24.294,1,33.322,1,50.946,1,-13.361,-47.154,40.992,-39.784,-1,1,36.175,-0.416,48.495,-27.632,-1,20.706,17.723,-13.764,37.111,1,-1,-38.349,0.506,-7.833,-1,1,21.771,1,1
1,1,34.619,27.584,-38.256,0.80151,-24.748,-28.618,0.15266,0.55580,24.344,-28.285,0.21225,-49.138,40.445,16.674,13.19,-28.171,0.17287,10.429,-0.02845,29.777,40.904,0.53120,-16.001,0.94530,-35.474,0.44174,0.48200,-33.119,1,0.35070,-1.997,0.30588,0.49831
0,0,0,-44.349,25.12,22.824,-39.469,0,14.367,-14.845,0,0,0.062,-49.01,-9.066,8.927,38.695,-20.086,9.653,6.865,-0.842,0,-14.206,0,0,0,-7.618,1,1,0,0,0,0,44.068,45.147
1,-23.433,0,0.94649,0.00892,35.165,-0.00260,36.772,0.00372,0.95801,0.01598,20.038,-38.195,-39.847,0.04719,-14.015,-1.106,0.94277,0.07135,0.98551,-43.541,0.97770,-6.897,-48.219,0.07098,0.056,36.647,33.079,0.04356,-27.562,-9.721,-21.334,-1.33,47.062,-0.00260
0,0,-2.55,17.418,-8.817,-1,-1,-1,-40.597,0,0,-44.446,-1.784,-12.53,-9.348,28.269,0,0,0,-37.971,0,-29.01,1,1,8.741,-8.235,-47.104,24.19,5.498,24.849,0,21.806,-12.49,-1,-1
1,-37.087,0,38.22,34.303,0.71442,-41.232,18.549,0.02258,-47.318,0.01282,0.34615,0.05594,0.69050,0.04393,0.68101,-27.757,-39.903,16.725,-0.433,-0.04662,0.64503,16.68,0.63077,10.069,-36.885,9.504,7.848,31.131,0.38228,-34.415,0.56466,0.09046,-29.636,12.063
0,1,1.692,0.68729,1,0.91973,46.391,21.624,8.574,-29.353,0.10702,0.86789,-28.612,-25.969,12.736,-23.958,0.13712,-18.107,-0.25084,-26.341,0.18729,50.059,-32.908,0.60201,0.77425,12.94,-0.53846,0.89262,48.675,-31.673,0.53846,12.287,44.162,12.303,0.23913
1,1,20.94,-47.358,-0.07778,1,-18.426,-47.904,-0.85741,0.80000,-39.527,0.45556,-40.016,-41.287,-0.12581,1,36.491,0.49259,0.01852,23.7,-0.05926,-14.411,-42.527,-46.336,0.22037,1.99,23.296,0.92148,22.945,0.78889,28.22,37.083,-27.667,1,1.888
0,1,0,0.38521,-23.277,44.095,0.07393,-15.319,49.369,31.695,-40.032,0.19455,0.25292,0.24514,0.36965,20.466,-20.828,-0.03891,-31.831,25.573,-15.979,0.24903,43.935,47.158,-1.507,-0.02494,-38.339,11.928,19.182,-0.14786,-33.909,-37.465,0.31128,-0.19066,0.28794
1,1,0,0.57540,17.329,0.75198,-0.05357,0.61508,-14.259,-9.667,0.03373,-34.714,41.372,0.59127,-0.939,39.188,-25.158,-14.459,-18.527,0.807,0.01587,0.47817,0.015,35.709,0.03770,18.245,0.03968,2.764,-44.315,-1.393,-0.13492,0.68849,-0.01389,-27.335,-24.14
0,-0.112,36.846,0.06404,-0.15271,47.216,-21.0,0.08374,26.46,-0.01478,-40.258,46.489,0,0.12315,-38.82,0.05911,-22.539,-0.656,-37.92,-0.12808,-13.339,0.06897,0.01478,-33.582,46.487,11.889,0.16256,-21.547,0.053,41.234,-0.09360,0.04433,-20.678,0.07389,-0.10837
1,1,38.267,48.528,-47.669,0.70694,-8.652,26.474,0.01678,11.753,0.00224,6.1,22.519,0.71588,-0.00224,3.821,0.06600,-43.741,-0.16555,-24.773,-0.09060,0.62528,18.938,31.935,31.888,-36.86,24.009,0.69845,-0.01673,0.63311,10.371,-14.588,-26.05,0.65213,-0.04698
0,1,-37.345,0.25316,0.35949,0,-41.5,32.007,-1,28.832,-8.839,0.07595,-0.07342,0,0,5.141,-48.204,-24.278,24.738,0,0,-49.677,39.088,-14.089,33.127,43.081,0.423,24.586,-1,0,0,11.369,-9.945,24.46,0
1,1,7.053,44.64,-0.00857,43.468,15.354,34.07,-0.01822,0.89175,19.084,0.456,-0.10932,0.88853,0.01179,0.90782,15.346,-26.85,-0.06109,0.90782,-0.02358,0.87996,29.172,2.716,-43.176,0.90139,-12.302,29.705,47.526,0.84352,-0.12862,40.252,41.194,-25.375,-10.857
0,1,13.251,45.285,-0.5,0,-21.458,-31.096,0,48.08,0.51042,0.58958,0.02083,39.034,0,0,0,16.593,-13.231,0.59167,39.718,13.911,0,5.378,31.886,-43.403,-0.40833,-31.471,41.48,36.74,-39.761,39.203,0,-21.44,0
1,-38.945,-3.065,-5.036,0.01631,-21.855,0.01305,-42.278,0.01359,-19.815,-35.543,0.90103,-6.053,0.93040,10.943,32.56,-43.978,0.86025,-0.05057,0.89451,-0.04024,0.88418,-0.12126,22.751,-26.614,0.82980,-27.739,0.86453,-0.11808,-6.006,9.441,12.576,39.953,3.205,-0.12235
0,1,5.627,35.342,0,1,45.668,45.607,-0.02000,0,-25.8,21.618,-0.42444,1,-26.314,1,46.749,-19.236,-0.81556,24.678,-41.101,1,-0.04000,3.613,-0.18667,0,-12.76,1,-1,34.27,20.616,-14.988,10.927,31.787,-20.535
1,-44.374,-0.141,-43.908,21.965,16.027,-40.799,0.79000,0.00714,-12.946,30.776,0.87571,-17.414,-25.672,-0.06714,49.155,-6.985,0.82857,-0.05429,0.81000,-0.11857,0.76857,-45.674,0.84286,-3.147,-20.777,-17.285,0.81598,-13.143,-2.537,-0.10429,0.81429,-44.064,0.82143,-0.15143
0,1,18.234,0,0,21.908,30.572,-46.708,-42.387,34.719,-17.996,-31.631,0,-14.748,1,-17.883,-4.93,0,0,0,-17.445,-17.245,0,-42.4,0,46.869,0,1.888,1,-29.079,-5.223,-4.242,0,0,0
1,3.904,0,0.49870,0.01818,0.43117,44.697,0.50649,-0.04156,-32.123,-14.882,0.44675,47.161,-29.997,-0.11948,0.51688,41.765,-5.691,-48.315,42.291,-0.01039,-4.393,-8.32,0.226,-0.01039,-22.634,0,35.229,-38.105,-36.331,0.03377,29.506,-4.311,0.58961,-0.08571
0,0,5.47,-33.441,-14.11,0,-5.462,43.72,0,-26.691,0,47.558,0,-33.376,0,12.97,-8.287,-22.909,0,4.064,-24.067,0,-18.986,-5.61,-1.675,0,0,-14.847,0.467,0,-4.641,0,0,0,0
1,-9.34,-29.705,1,0.5,-6.014,0.25000,0.25000,-32.595,5.166,0.91180,-19.452,-9.31,-0.34107,-9.361,-22.955,41.98,-0.43663,20.531,-0.36676,-16.377,-0.26477,5.945,-0.16178,30.379,-0.07782,-3.425,48.744,-0.10242,-6.153,-0.07036,0.02224,20.564,21.28,-0.02017
0,19.25,-40.065,0,-24.715,-34.061,-6.926,1,29.095,-26.17,-1,-16.481,0,-38.111,-0.11111,-6.621,-5.779,16.791,27.521,-1,-31.399,1,1,1,-1,0.111,-7.566,1,-1,-25.385,0,12.261,0,15.973,1
1,1,-21.229,0.87048,10.332,-5.758,0.69212,8.897,-12.5,-45.148,-34.85,-0.42173,0.79346,-8.926,0.51560,-28.851,14.514,-0.81136,-0.12539,7.64,-0.38102,-0.38334,-0.62861,9.868,-34.121,0.15552,-0.66421,-18.203,16.589,-7.077,-41.767,0.56239,35.913,-33.771,0.16645
0,-27.654,0,35.887,-49.577,6.722,0,0,46.626,-1.682,-46.013,39.037,36.391,1,-26.787,-2.169,-19.72,0,-13.591,27.906,-11.433,-27.994,0,1,-1,-10.108,0,1,0.22667,0,46.522,0,0,8.845,0
1,1,0,-2.679,32.449,18.458,-39.217,-44.695,-1.634,-20.415,0.92544,46.017,0.655,-0.86443,-18.439,-16.753,-0.05338,-0.77356,-0.44707,-0.46950,-24.842,-0.10237,-0.82217,-46.625,-5.505,39.679,-0.55910,-0.147,39.783,-39.721,0.09599,0.58137,-45.314,0.34749,0.57656
1,1,4.86,1.917,0.02520,17.576,44.199,-0.206,0.74003,-0.25706,10.635,-0.10312,-44.69,26.955,0.25786,-44.703,-0.05409,-0.13117,45.12,4.709,-44.995,38.964,-42.56,38.647,-17.42,26.116,-0.06295,-15.548,-0.11876,0.27657,26.719,0.15078,0.13296,0.12197,0.20468
1,1,0,0.83427,-28.017,0.54040,-13.49,-33.016,0.89402,-0.33221,2.683,-44.856,45.619,-34.893,-16.376,-0.84442,-41.453,45.711,-0.61894,-0.19354,-0.87787,22.906,18.061,0.51109,-0.72454,16.097,25.838,-36.083,26.879,0.66592,0.49079,-7.132,0.70011,41.799,-27.054
1,1,-14.447,0.62335,-4.917,0.59085,-46.103,0.60409,36.024,23.098,0.00963,24.674,-4.62,0.67028,0.07220,0.62936,42.234,-29.679,0.09146,0.67148,33.009,39.041,1.348,0.50060,0.03129,-17.437,-30.863,0.60463,0.02019,-10.928,-34.002,33.238,-41.052,20.482,-0.09146
1,1,0,0.74449,-0.02390,7.874,0.03309,50.388,0.16912,0.79228,44.116,-13.132,-34.64,-14.738,10.962,0.70772,-3.961,1,-9.52,41.051,-40.939,19.871,44.796,0.52022,-0.25000,0.72978,-10.476,12.962,0.07124,-42.344,46.648,0.55916,33.453,15.74,0.21691
1,1,-45.02,10.159,-3.689,26.416,-25.386,0.77486,-6.718,0.65077,-28.556,0.77538,0.08000,7.939,0.05060,44.378,0.05776,-29.469,-0.08923,35.742,-35.56,-12.159,28.024,0.63878,0.08041,-14.754,-1.364,-36.055,11.343,0.55077,2.046,0.53389,0.09207,0.50609,0.09322
1,1,-44.034,0.68317,-29.833,24.521,46.354,-44.963,-33.016,0.84300,0.09901,-17.765,0.04102,0.81892,0.00585,33.314,18.148,0.80622,37.876,0.77935,20.796,-4.598,-8.481,25.423,0.00978,0.79632,-8.419,0.70824,31.032,0.62235,-29.4,20.85,0.01190,-31.273,0.01227
1,50.06,-42.064,-0.916,21.091,0.38696,0.10435,0.49130,0.06522,0.46957,6.433,12.363,-0.12609,35.593,-25.215,0.50435,0.02609,37.387,43.611,28.767,13.289,-42.306,-0.02609,-8.511,-0.11304,0.47391,-0.00870,0.41789,-16.694,-33.765,13.861,0.35217,0.14783,19.171,-5.263
1,1,20.771,-13.966,0.09417,0.78129,-2.287,0.71628,32.602,0.69320,20.118,0.65917,-40.283,40.571,-28.024,-37.381,38.696,-28.951,0.67861,47.791,-47.519,0.09599,-13.68,0.02066,50.668,-0.08748,-38.717,-0.11925,0.60696,-0.18226,0.066,25.039,0.51701,34.902,0.42467
1,1,29.203,-27.668,0.09802,1,40.729,7.849,27.18,25.095,0.53020,-15.7,-24.248,0.56937,-35.33,0.55311,10.526,9.948,0.82193,0.21137,0.79777,0.09709,-13.385,-0.01734,16.784,-0.15144,0.75596,-0.22839,35.311,39.838,-49.248,-29.809,-32.698,12.433,0.44534
1,1,0,26.014,-7.483,39.565,-39.154,0.851,0.43388,23.458,0.59975,-0.584,-8.356,0.39699,9.688,0.24266,-14.05,-19.994,45.943,-0.09159,34.954,14.165,0.66926,-1.144,0.62610,43.663,0.50489,-0.46215,-43.942,-49.513,0.27252,-0.52823,32.318,-0.48808,0.05972
1,1,35.783,0.94631,36.741,-6.037,-28.205,-37.38,-0.377,0.73678,0.63842,0.59215,0.73838,0.48698,0.83614,-9.425,-48.276,-37.791,0.93429,-22.319,0.93109,-43.722,-14.107,-1.731,19.922,-0.46534,17.183,-0.58563,-23.769,-0.67929,46.587,27.515,-40.394,-0.81210,0.26092
1,1,-44.446,23.724,0.18198,-46.243,0.35543,8.47,0.45747,35.076,-9.118,-39.093,0.74922,0.36100,-10.672,-8.191,-1.714,-27.803,-10.678,-8.399,0.77853,-2.144,0.76193,-0.43087,25.503,-30.714,0.53886,-0.60328,6.908,-0.64511,0.27338,-28.668,23.327,-0.64056,0.05394
1,38.716,16.611,0.76627,0.21106,18.478,17.049,-47.515,0.52500,9.473,-0.844,0.13753,0.59565,-34.56,31.494,0,10.482,49.135,-24.297,-41.808,11.655,-38.091,-40.385,-0.40533,0.07588,-0.38483,-0.03229,-0.33942,-0.12486,-0.27540,-38.284,-0.19962,7.002,-0.11894,11.698
1,-28.349,0,47.742,43.618,-31.53,12.493,0.81126,0.07285,0.56623,36.371,21.134,-26.807,0.50331,-18.92,28.839,0.19868,0.71854,0.42715,-26.853,0.13907,12.39,0.27815,9.219,-26.597,13.072,-29.848,-32.664,48.73,0.46216,0.28574,0.43484,0.29324,2.1,0.29942
1,1,0,1,37.44,0.70019,-0.12144,0.81594,47.177,2.005,-15.382,0.56167,20.862,-41.637,-42.162,23.464,0.03985,-47.59,-0.03416,23.885,12.157,-17.402,0.07211,-39.268,0.05882,0.53321,0.37381,-48.413,20.556,23.712,-39.264,-46.894,0.18897,3.02,0.15180
1,1,0,19.768,-38.556,0.80562,-44.326,44.608,-0.03299,-36.705,-0.06620,32.058,-0.07666,-33.384,-0.05771,-20.415,-0.06438,-31.808,0.04530,-15.516,-1.793,26.082,43.602,-27.426,-0.08453,0.47038,-0.22822,0.48659,-24.199,0.52613,-23.518,0.44277,49.032,-15.161,-40.262
1,1.043,41.273,-14.167,0.08013,0.96775,17.74,0.96683,-0.00722,0.87980,-0.03923,1,46.471,0.96186,-0.93,3.111,-18.569,0.98497,-21.049,-24.258,-0.08848,0.95016,0.18,-1.063,-35.357,-13.265,35.138,39.499,-0.03034,1,17.302,-9.279,46.391,0.92226,-0.03673
1,37.846,-25.46,-12.653,11.686,-20.305,-0.12371,-0.411,46.869,0.73196,0.07216,-21.565,-0.21649,41.788,0.15979,-0.222,-0.11856,-37.15,-33.589,0.5,-40.719,0.54639,-38.536,0.42268,0.08247,-21.832,-37.695,-25.464,-0.12447,26.639,-0.26289,0.47423,0.143,0.45361,-0.51546
1,32.325,0,0.63510,5.346,-47.012,47.939,11.624,26.131,19.605,-0.00462,0.64203,-8.5,0.79446,31.336,23.087,0.54965,-43.981,0.13857,10.958,0.21940,0.63279,-24.532,0.70951,-15.223,-47.557,0.23095,0.68775,3.201,-40.883,0.07621,38.93,0.19841,24.795,0.36721
1,1,28.832,0.50112,11.27,25.349,32.804,5.73,24.475,16.072,43.209,-8.172,-0.00449,0.71685,-37.392,0.66517,0.00899,32.877,0.02472,25.177,-0.07416,-13.321,0.14157,38.982,-49.721,0.46517,0.04944,0.632,0.00824,-8.468,28.786,0.54607,0.10562,-10.082,-0.08090
1,0.634,0,0.71521,-0.00647,0.66667,-0.04207,7.684,-0.05178,0.77994,39.449,2.561,39.132,48.322,0.15858,32.488,-43.071,15.922,33.084,19.681,-26.393,0.64725,0.14887,0.39159,42.786,0.52427,41.324,-27.271,-12.106,29.632,43.691,0.49191,39.096,0.30421,-0.05178
1,1,44.858,13.932,-20.603,-12.006,-31.062,-29.819,47.697,0.60988,-0.00494,40.691,42.598,-20.861,0.04938,-25.871,14.007,0.78272,-0.17531,0.73827,16.32,0.48642,5.388,0.60988,0.08148,0.66667,-0.12840,-20.802,36.994,0.76543,0.02222,0.61235,-39.076,-43.876,-3.112
1,-34.44,-22.775,-26.991,-0.02712,0.67119,-39.905,0.52881,-0.04407,0.50508,0.03729,40.782,-41.179,32.209,-0.02034,11.485,-5.847,-43.248,0.11864,-42.633,-0.02373,-5.437,21.868,10.286,-0.03390,25.207,11.706,-6.289,0.00750,0.58644,2.334,0.58983,30.854,0.50169,0.06780
1,1,-26.509,0.49515,0.09709,0.29612,0.05825,0.34951,34.27,0.57282,35.318,-19.654,-12.736,0.33495,2.662,-19.916,45.544,-15.518,-3.204,0.43204,5.632,0.34951,20.676,46.992,-6.731,0.31068,20.465,45.088,0.03815,-25.407,0.17476,0.26214,-17.414,11.183,-0.01942
1,-44.374,21.928,-20.559,-44.698,-12.125,0.34100,-28.24,31.171,-44.843,-13.252,0.73584,0.51879,0.55076,0.60179,0.43130,-40.135,0.177,0.70443,-16.933,0.68873,0.07515,0.73696,-26.464,0.71284,15.011,22.605,-0.16556,48.896,-0.16209,0.55805,-3.71,-43.572,-0.33483,-18.509
1,1,0,0.97905,-5.065,0.90112,0.35237,31.392,-16.959,-4.764,-37.423,-41.811,35.456,18.638,-12.916,-31.38,-3.394,0.04700,-17.141,-17.367,0.79749,-0.26180,0.80754,-0.37835,0.71676,-47.219,-41.804,0.312,0.46040,41.182,-3.948,-0.65754,47.052,-0.64134,0.02968
1,1,-20.402,12.258,0.21677,0.91966,0.47030,0.76902,0.62415,0.53312,-16.775,40.028,-41.568,0.10107,11.452,-3.478,0.89274,-48.538,-27.719,26.914,4.093,-0.55769,-41.558,-6.183,-32.584,-0.64658,0.15908,-10.851,-36.739,17.369,-19.524,-0.54615,8.147,-0.47201,-0.35032
1,41.173,29.653,16.652,0.19959,32.198,28.313,0.80514,44.38,-6.597,0.70830,0.41836,21.428,12.356,0.89489,-45.736,-2.161,-0.24742,0.83939,31.674,-3.123,0.671,2.253,-0.65515,-36.026,-0.68851,-1.9,-0.77097,0.15619,-0.75406,-0.04399,-15.577,-0.17921,-0.66932,49.144
1,1,20.136,1.834,-16.077,-28.911,0.52821,0.58167,-41.132,-22.522,14.828,0.10797,46.114,-0.20015,37.307,0.908,0.82163,-24.762,0.62867,-40.964,-32.28,-0.81262,31.785,-18.842,-0.04284,-38.542,-0.26883,-0.63237,-0.46438,-0.46422,14.126,-0.26389,46.462,-0.08937,-20.302
1,1,-42.98,0.89835,0.35157,-13.521,-18.275,-4.674,34.962,-0.03643,0.80510,-13.649,39.436,-0.25137,0.48816,-0.57377,-21.288,-11.392,0.10591,-0.47359,-5.581,-23.343,2.868,4.203,-11.399,-47.657,30.378,-30.512,-47.47,0.24321,-0.43478,0.36586,-0.30057,31.512,0.13297
1,1,43.25,-7.987,-42.798,5.641,0.17293,35.02,0.34336,0.12030,0.26316,-49.147,3.822,-0.04725,0.12767,-47.689,0.07907,-34.528,0.04097,30.792,16.351,-0.04166,-0.00280,-44.621,35.405,-0.01755,-46.115,-0.00886,-0.01475,-16.447,4.363,0.00096,36.313,5.471,-15.663
1,1,-11.311,0.58459,-0.35526,1,43.14,28.886,1.001,0.82519,47.179,-4.937,32.927,42.99,0.06391,0.69737,0.14662,0.72368,33.387,0.76128,-8.51,44.817,0.20489,26.163,-0.40977,-35.424,21.638,-39.055,-0.10571,0.52820,2.234,0.15602,-21.765,-40.911,23.651
1,1,-41.471,2.351,-15.083,0.72171,-16.7,0.65829,-16.441,-27.261,11.2,-29.18,0.20330,-5.428,0.12686,-45.26,-24.625,0.29352,24.555,0.48158,0.15756,0.32835,-22.564,0.29495,-46.523,-30.592,0.14530,-39.138,40.813,0.26429,0.16137,0.18767,0.13632,-5.851,-40.342
1,1,0,0.94080,-2.007,0.85738,-32.757,-22.678,17.279,0.76966,0.377,19.072,0.10916,-41.364,0.03027,-17.603,8.293,0.74838,-30.687,0.80019,32.157,-10.568,0.04901,-33.442,-35.901,0.77336,0.02220,-34.518,0.06235,-27.596,-25.902,0.77863,18.297,35.118,0.07508
1,1,13.067,0.87111,39.261,0.79946,0.18297,35.313,-36.215,24.654,29.275,25.222,-0.02028,0.90446,-8.684,0.89410,-10.736,-33.606,16.914,22.004,-0.00991,0.97882,-0.34024,0.78954,-37.194,-14.599,13.548,0.85967,-0.02908,9.735,0.626,14.607,0.21812,0.88238,31.878
1,1,0,0.74916,0.02549,-24.63,19.685,2.758,0.12877,16.992,-9.251,0.95842,20.922,0.97921,8.903,4.982,27.326,-0.972,0.03756,-14.015,0.02683,41.208,-0.08048,22.2,-14.94,-48.61,29.573,-23.851,0.02552,0.72435,-15.418,49.648,0.11066,0.72837,0.02750
1,1,49.349,-37.901,-32.807,47.968,-0.18343,0.62316,0.01006,30.5,24.184,28.578,0.01775,-13.672,0.27515,40.182,40.774,0.55621,2.942,0.41420,0.11538,0.52767,42.18,0.51183,-0.10651,0.47929,-6.009,42.436,4.963,0.53550,-34.622,6.304,-15.836,-29.87,-0.00296
1,-7.319,-30.715,0.59887,-20.562,47.455,-0.13936,0.85122,-0.13936,-0.402,0.02448,0.50471,-40.958,26.611,-0.04520,-22.154,-0.13748,13.29,-0.24482,42.752,-0.14313,-8.408,-0.00377,-22.963,0.06215,-21.311,-0.33145,0.61444,21.33,7.629,8.193,-35.414,-0.31262,-48.809,13.578
1,41.343,31.13,0.84713,-0.03397,0.86412,-0.08493,-2.079,-13.862,-0.186,-0.07643,37.384,-0.13588,0.74947,13.282,-0.278,26.108,0.78132,-31.474,-36.852,-0.10191,-46.133,-0.15711,-16.438,35.149,-31.323,-0.26115,-13.603,-0.23312,0.66242,-0.22293,7.414,38.369,45.096,-0.24841
1,9.473,0,25.959,9.244,12.89,14.641,0.84783,0.04076,0.77174,15.652,-43.768,-0.05707,10.051,-0.10598,0.67935,-4.714,0.88043,22.865,34.704,0.03261,-25.474,-13.098,0.97283,-0.27989,0.85054,-0.18750,-45.161,26.563,1.44,35.456,3.234,-0.10870,0.79076,-44.01
1,1,-33.483,0.74704,-21.871,-10.443,0.16996,3.332,-38.358,0.69565,-22.497,0.66798,-0.23518,0.87945,20.294,0.73715,35.781,-47.53,7.936,10.402,-0.11858,-33.056,-0.25296,0.66403,-33.1,26.351,-28.622,-3.599,36.581,0.60079,21.243,0.37549,-39.488,0.61067,-0.01383
1,9.391,21.43,0.46785,0.11308,-11.883,0.00665,-43.926,23.938,-18.611,31.468,-37.047,0.01330,0.63858,17.912,0.67849,-0.03326,-24.626,-0.13525,-44.234,-20.955,0.47894,-8.858,-41.558,-0.13525,38.339,-14.39,0.53930,-0.11455,-36.882,14.555,0.53659,24.369,0.56319,-0.04435
1,1,0,0.88116,0.27475,40.32,-4.931,-31.102,46.442,0.38825,13.722,0.09831,0.96128,-0.20097,-14.455,15.041,-29.148,22.149,0.62210,-0.78768,0.45535,-0.81856,0.19095,-0.83943,33.747,42.213,11.843,-38.075,-15.831,4.893,20.576,-21.753,31.485,-0.19312,-20.124
1,1,0,21.6,-46.722,0.79917,0.55756,0.59952,-38.865,-48.287,0.92651,-9.448,37.406,-24.914,-9.082,47.554,31.24,44.397,0.62385,11.608,-20.467,-21.851,0.06040,-0.93618,35.486,-0.83192,-0.46906,-13.602,-15.403,16.459,-0.85725,-46.674,-0.93953,0.10007,-0.94823
1,1,18.147,-8.499,1.03,0.73232,0.57816,0.34109,-24.983,22.082,1,-38.123,0.92118,-23.437,10.945,-0.69767,-16.87,-0.81422,-17.649,42.531,36.403,-0.78973,11.292,17.282,-0.45478,-0.57242,-0.67605,-37.333,34.432,-24.721,-0.86841,0.25392,-0.82127,7.186,39.123
1,1,-42.07,0.83479,1.621,40.378,-45.241,-28.172,0.68381,11.224,20.141,-37.283,7.801,-47.827,-14.078,-0.52735,0.58425,-0.70350,0.31291,-0.75821,0.03939,-0.71225,6.579,-0.58315,24.883,40.426,21.23,45.671,-7.744,14.418,-0.61488,0.25164,15.231,0.40591,-0.35339
1,-16.502,0,21.896,0.33164,0.76168,20.724,-16.57,35.09,0.21592,0.95193,-25.409,0.96167,-5.268,46.741,-0.70747,44.6,-0.87474,0.36750,35.124,-7.109,-0.89824,-0.26173,0.642,-29.927,-0.50757,23.216,-10.568,42.749,-41.678,-0.87159,-8.924,17.193,0.59407,-0.60270
1,1,28.917,-19.071,-29.097,0.65541,0.57671,0.34962,0.70677,0.17293,0.78947,-43.831,0.79886,-0.41729,0.66541,-0.68421,-18.352,-21.377,20.644,-16.842,-0.04887,-4.683,-4.551,47.937,22.078,-44.9,46.944,-26.122,-0.69706,0.22708,-27.326,-47.171,40.485,-26.116,-0.30075
1,-18.192,-25.068,0.98455,29.471,-13.358,-0.04104,12.168,-0.07635,-46.149,27.032,-48.987,-46.227,-23.111,-0.07458,0.99382,-30.623,0.97396,9.415,-26.609,-0.12224,0.99294,-0.05252,-39.155,45.564,-46.218,41.981,-4.2,-23.916,0.93469,-0.14916,0.97132,-0.15755,0.96778,-0.18800
1,1,0,0.94052,-38.249,-12.619,-14.75,0.94994,-0.01472,0.95878,-0.01060,-47.365,-7.177,0.97173,-0.01767,24.429,-0.03887,-21.828,-39.31,42.729,22.899,25.033,31.914,-42.068,-25.295,22.029,-0.04476,18.642,-0.05827,0.90342,7.66,5.73,-0.07244,-20.833,-0.07420
1,33.293,0,28.967,28.059,-33.596,-40.035,-33.146,23.644,0.98630,49.236,0.91781,15.977,0.93607,-17.178,-30.352,-0.00228,36.734,-0.08676,0.97032,-0.21233,37.435,0.10274,-35.208,-1.376,0.92466,0.06849,0.94043,-32.028,-7.124,-0.20091,48.64,42.713,0.96575,-0.21918
1,12.97,0,15.672,2.647,-33.039,0.08475,0.52542,-45.949,-47.018,-0.01695,-14.806,48.089,-11.333,0.28814,9.469,-0.35593,0.54237,-46.732,-28.736,31.088,-39.37,-19.578,34.437,0.05085,0.40678,0.15254,0.67287,-0.00266,-39.386,-0.03390,-17.464,-0.15254,-44.067,-0.10169
1,-36.843,21.073,27.412,35.179,-21.278,34.454,0.38889,0.16667,0.41667,0.13889,-26.98,-0.11111,20.942,-28.105,0.58333,44.73,-11.2,-28.245,0.25000,-0.19444,0.47222,-9.779,33.202,23.477,0.38889,0.08333,-39.632,-0.14256,17.259,10.09,-12.765,-0.14809,0.08333,-0.5
1,1,9.801,-27.511,1,1,17.134,0.71178,41.73,0.45622,0.46427,43.61,11.404,33.146,1,20.484,1,-0.33081,2.044,-11.583,-12.976,-18.551,0.71699,-0.88500,0.47894,-32.488,9.0,22.059,22.511,38.402,-0.16713,-27.517,-0.42226,3.989,-0.65557
1,1,39.339,48.935,0.49638,0.83550,-40.443,0.54916,44.52,-25.134,-2.396,-41.984,-23.156,26.129,-0.269,10.624,0.82223,-38.736,10.928,-0.68358,0.67989,43.866,0.24956,-0.79147,-28.979,-0.98988,-0.29099,-19.656,-0.32792,-0.63312,28.911,-0.34131,-46.057,40.751,-0.62956
1,1,0,-24.14,0.42904,0.72113,-14.058,0.45625,0.78115,0.16470,34.85,30.122,0.86947,22.511,0.78497,-0.59435,-26.037,-39.052,-17.327,-0.84014,0.03928,-0.62041,3.75,-0.47412,-7.908,-0.37298,-20.236,25.028,8.043,21.828,-22.042,18.215,27.294,-36.279,-26.367
1,1,28.857,0.93658,0.35107,6.957,27.404,0.45571,-29.716,0.15323,-31.025,-0.21775,-44.369,-0.56535,-8.031,13.164,0.58045,40.723,-6.627,-0.93641,-0.06418,-0.87028,-0.40949,8.569,36.05,-41.827,-0.84951,-18.65,-46.506,-44.594,-0.85762,-20.607,42.708,-25.828,-0.44173
1,1,0,27.532,0.36924,-14.159,0.68420,0.29303,0.94078,-0.11108,-23.534,-33.362,25.262,-47.854,47.284,-0.92145,45.085,-0.94315,24.048,-1,0.03191,31.174,34.973,-16.484,-0.78174,-50.012,-0.88082,-36.522,-47.229,-38.665,-31.629,45.853,-0.46048,-14.107,-0.13194
1,-10.923,18.399,-20.653,0.16195,-27.674,-0.05558,1,-17.488,40.399,0.788,1,34.521,12.183,-0.01731,1,6.639,1,-0.07157,-31.129,8.795,40.264,-0.10108,-15.943,-0.02685,24.169,-8.975,1,-0.06823,1,-42.368,-25.539,-38.229,1,-0.07439
1,1,0,-2.454,27.35,0.86421,3.344,40.611,-0.00461,-32.112,-19.901,16.633,0.10368,1,10.477,-19.409,8.351,-16.598,-0.15518,0.84013,0.61739,-41.039,-5.697,2.502,17.932,0.85741,-0.01664,0.84132,-10.202,0.82427,11.242,-27.634,-0.01957,0.78761,49.467
1,1,14.74,-39.407,1.469,21.236,0.52312,0.41319,0.68158,28.046,0.83548,-0.16831,12.994,-0.42911,0.72328,-46.359,32.517,-42.618,-14.657,-4.578,-3.196,-0.57695,-0.23503,29.247,43.431,-0.17437,30.711,0.01523,39.685,-2.019,-0.38059,-36.221,-0.23199,-6.818,-0.08036
1,-21.872,36.414,0.88085,1.247,20.819,39.334,0.34816,2.103,-17.97,0.90842,-0.29784,0.86490,-38.416,0.69590,-0.77106,0.39309,-30.574,47.254,-17.175,-0.24017,-20.235,-33.184,-0.39766,-0.68337,-13.532,3.78,45.38,-0.71504,0.40675,-24.75,32.162,13.655,0.62765,-0.13305
1,1,0,0.89589,3.321,-42.319,-4.395,-21.277,-13.286,-0.04787,6.412,-0.45725,0.84605,-11.7,34.603,-0.92819,-47.277,-23.455,-10.877,30.154,-0.48404,-45.102,-31.345,30.935,-47.837,-5.303,-0.85703,16.869,-0.68593,0.74846,-0.40656,0.83142,-18.967,0.76862,0.27926
1,1,5.408,-41.899,-8.519,36.416,-0.20253,37.196,-0.10127,47.872,0.01266,44.25,0.11392,31.77,-49.146,0.84810,-0.03797,-38.991,-0.36709,5.248,-0.01266,-33.528,0.06329,1,35.236,-45.48,-48.006,4.455,-0.05540,34.813,-0.06329,0.53165,-15.632,-15.609,-0.02532
1,22.685,0,0.74790,0.00840,34.037,-41.342,0.82638,0.02469,0.86555,0.01681,0.60504,44.206,-10.52,0.04731,-20.868,0.05407,-4.791,-29.425,28.973,-8.513,-35.36,0.07122,43.475,-27.424,0.66387,0.08403,0.63728,1.089,2.981,1.531,25.897,42.418,24.307,0.08891
1,1,-41.471,0.85013,-30.839,0.92211,24.54,0.92046,0.02180,0.92765,-15.135,-5.046,-16.41,0.91161,-45.664,0.90738,34.396,0.87339,-24.731,41.629,-6.018,0.89097,-46.599,-39.589,0.07697,19.063,0.10853,0.86923,-11.287,-21.834,-16.673,0.85198,11.172,-38.532,0.10698
1,1,-32.768,-33.244,-0.01179,1,-0.00343,1,-42.212,-29.707,-0.01565,40.218,0.352,9.948,17.242,0.99828,-28.486,-34.96,-26.027,19.221,-0.03452,33.133,-0.03881,1,8.208,1,-2.175,0.99842,-18.485,0.99400,-35.372,-22.539,-0.06497,14.63,-0.06668
1,-14.466,0,0.89505,-10.967,0.87525,0.05545,0.89505,-36.929,-14.011,-34.464,0.91287,31.776,-8.219,16.233,17.88,0.03366,35.26,13.067,0.94257,21.173,25.241,-36.5,0.88713,-8.435,24.652,29.382,1.557,0.01611,0.88119,0.00198,0.87327,13.889,0.86733,0.02376
1,-13.725,0,0.90071,21.217,1,20.879,0.90071,0.00709,0.84752,0.05674,1,-25.585,30.564,0.01064,0.97518,0.03546,-13.119,-1.918,9.805,-0.03191,4.883,40.89,1,-24.581,2.9,0.04610,28.168,40.428,0.94681,-15.382,20.588,48.754,-48.391,-15.669
1,3.818,5.984,0.39394,29.802,0.62655,-5.972,42.607,0.09091,0.63636,42.062,0.21212,-0.21212,-7.743,0.15152,0.39394,-33.003,-37.813,-9.064,-34.358,4.961,28.801,24.411,39.769,47.754,0.48526,0.05929,0.46362,0.06142,49.682,-30.745,0.41856,0.06410,-29.822,0.24242
1,-12.862,0,0.86689,47.116,-35.232,0.66667,-49.112,0.83049,21.585,0.85893,-0.24118,-0.35,-0.51763,-30.586,41.25,-13.929,-24.067,0.09898,-0.69397,25.8,-0.49488,-23.384,-0.32537,12.199,7.073,-0.59954,13.952,7.682,-40.663,-22.243,0.46189,-0.19681,0.40956,-20.691
1,1,26.295,0.89563,0.37917,0.67311,-0.229,37.023,-45.111,-0.04193,0.93345,-0.38875,39.591,-32.845,0.62078,-0.82680,0.30356,39.482,31.076,11.32,-3.241,-47.442,6.063,-1.287,-44.743,0.06911,-0.73856,13.734,-38.095,0.52414,44.017,35.795,-17.505,0.60073,0.08660
1,1,9.227,25.987,0.41113,9.127,-25.591,23.374,34.829,-4.842,0.97820,-0.52236,21.318,-0.79657,36.039,-0.96631,15.826,-0.93001,-13.294,8.607,13.974,-0.41546,-0.85205,-0.02250,-0.357,0.36318,-0.85368,27.34,-0.61959,-43.68,-0.28123,3.335,-39.459,0.75495,-33.02
1,1,0,3.605,-37.453,0.36700,35.801,25.809,-21.459,-0.27586,0.93596,-33.129,0.37685,-5.089,0.36946,13.655,21.363,-28.906,-0.34236,-11.446,8.94,-21.793,-0.93596,-44.508,-0.20443,37.439,-0.45950,22.285,-0.06831,-47.161,8.94,0.38670,0.00246,-33.671,0.79790
1,-36.481,0,-7.662,-20.393,24.323,-37.244,24.547,0.36364,-14.509,0.73062,-0.45455,0.48485,17.498,0,-0.57576,37.803,-0.33333,12.332,-42.157,-0.84848,-43.995,-19.666,6.016,-0.42424,1,-12.867,0.72961,8.514,40.569,0.57576,31.85,0.36364,-25.081,0.33333
1,1,-29.923,-14.495,-19.368,-20.5,21.157,0.93598,-5.372,16.301,0.01829,0.90244,0.01829,13.045,45.815,0.95732,0.00305,-36.4,43.024,-30.775,32.14,0.90854,0.02439,-46.1,0.05488,34.825,-15.299,0.89666,0.02226,0.90854,35.694,23.8,-20.774,0.97561,-0.01220
1,1,-46.538,0.82624,30.512,0.79078,-0.08156,0.90426,-0.01773,37.367,0.01064,0.80142,-39.493,-23.734,-14.715,-9.09,0,13.451,10.427,49.064,-0.00709,0.91489,-48.542,-12.146,16.942,0.91135,20.828,0.89527,7.265,-20.152,36.479,0.92553,-9.314,46.056,0
1,-21.813,18.147,-23.947,11.809,0.88706,-7.126,-17.176,-37.003,0.87234,-0.01418,-24.838,0.10638,0.87657,0.02912,-36.329,-37.997,44.488,0.07801,36.202,0.04255,0.85597,0.04743,0.84931,0.05178,-16.324,18.164,1.558,40.0,-8.636,21.989,-14.037,0.06800,0.80774,0.07173
1,1,-42.07,46.716,-47.434,0.89951,25.278,41.69,15.721,0.86335,0,2.281,0.07453,15.204,0.00994,40.549,6.744,0.83851,-0.06211,0.85714,0.02484,11.846,-28.648,20.936,0.01749,-40.961,21.716,7.772,0.02033,0.81988,19.36,-44.911,23.987,0.80088,0.02441
1,1,40.997,0.97513,45.913,0.98579,-10.326,1,43.964,0.99290,0.01599,18.931,20.991,2.353,-7.129,1,0.03730,-24.291,-4.775,0.98579,-29.33,37.014,0.04796,0.94494,-17.008,-16.518,0.03552,35.223,28.982,-8.336,22.694,0.99112,0.06217,0.98934,43.709
1,1,0,-25.681,-4.052,1,0.01105,1,-43.618,-25.113,-0.01436,-45.207,-0.00221,49.412,20.472,-19.63,-47.593,0.97569,0.00773,-39.129,47.62,0.98011,0.00663,-25.782,-19.884,0.97127,-4.276,-4.186,-44.618,-15.142,0.01547,0.98564,-29.39,-17.843,0.02762
1,1,-27.581,-24.251,-49.953,-46.136,0.01566,10.511,11.166,1,0.06264,0.97763,-42.952,43.024,0.02908,1,0.06488,0.98881,45.687,-23.096,0.03579,0.99776,-22.688,27.975,0.07383,-22.787,-24.968,30.498,-47.104,-18.201,-14.253,-29.551,0.10067,1,0.10067
1,1,0,0.88420,0.36724,8.406,0.67382,-47.916,21.972,17.739,-20.822,-0.35148,0.83713,-39.873,0.58842,22.159,0.38778,3.977,-0.00642,-38.927,-15.089,-0.52504,-0.53924,-13.835,-17.775,-7.131,31.238,42.037,27.39,-0.878,-0.43383,24.001,23.875,0.56286,0.02823
1,29.203,-34.112,-30.363,0.41786,-39.322,-39.276,33.877,0.95148,-0.20449,43.765,-32.49,-7.283,-35.328,49.563,-0.96986,32.396,-0.91456,47.472,-0.70163,-0.65461,23.492,15.085,0.05865,-0.94172,-35.683,-0.82154,37.176,-0.55231,12.864,-0.18725,0.87893,36.07,0.70555,0.54852
1,1,-47.323,-39.719,10.339,0.15970,0.29308,48.365,45.142,2.43,-43.91,-0.16503,-45.513,-13.772,15.396,-30.272,-0.00337,-46.981,-34.188,-0.30522,30.566,-12.122,-19.194,8.732,-0.28916,0.28307,-0.18560,0.39599,-15.429,0.31005,0.05614,0.21443,-19.677,0.13376,0.26422
1,23.415,-27.48,0.65845,35.865,0.44681,-8.976,0.05319,-36.991,-28.593,24.326,-0.68253,0.52408,-0.84211,27.15,38.574,32.387,-40.517,-12.473,-0.04759,-0.86002,20.626,-0.76316,34.798,40.401,0.74300,-0.18645,0.74758,-21.485,-27.569,0.59071,17.27,0.76764,20.888,0.74356
1,1,0,0.19466,0.05725,0.04198,-13.724,8.543,1.545,-0.18321,-0.18321,-0.41985,0.06107,9.347,-27.931,32.769,-0.30534,-24.207,-0.39695,-18.766,-26.693,-45.112,16.476,43.565,-0.16031,0.21645,5.155,0.03913,-31.177,23.021,-10.706,20.49,10.572,-18.326,-0.33588
1,-0.207,0,27.208,-26.123,-39.986,0,11.989,25.077,45.515,0.02394,0.97700,0.02130,30.082,-42.088,-37.217,-28.985,41.886,0.05713,0.93552,48.232,40.316,0.05524,1,0.06241,0.94155,0.08107,44.767,10.289,-24.529,-3.023,0.98190,-38.186,0.97247,0.08616
1,5.063,-7.419,0.82254,27.61,-29.797,17.847,0.87514,-0.01214,0.86821,9.144,0.72832,-25.095,-13.796,0.05029,29.688,30.179,0.74798,-26.491,22.465,-21.519,9.538,-36.785,0.78844,-0.06012,0.74451,-0.02370,0.76717,-0.02731,-18.818,22.897,34.723,-17.634,0.78439,0.01214
1,1,-31.983,0.35346,-0.13768,-20.462,36.7,-44.912,-0.03574,27.305,-0.06119,-25.958,-0.10467,0.62099,44.597,0.59361,-44.94,42.077,-39.418,-44.75,0.04992,0.49736,6.117,0.46241,-18.694,0.45008,-33.052,0.39146,13.861,-6.531,43.301,-8.543,-0.08637,-41.169,-0.08300
1,24.952,0,1.672,-16.013,0.86335,45.157,0.85821,26.611,32.638,0.02304,-23.484,46.617,36.467,24.345,0.81815,-14.859,0.82777,-0.06974,40.03,0.03881,-35.95,0.01148,0.75071,-14.866,-49.106,8.733,-30.217,0.01375,0.66161,-46.37,0.66298,-47.173,0.63887,0.01525
1,1,0,18.684,-11.937,0.97404,0.06831,7.198,0.50137,-37.33,-21.656,0.65164,39.258,0.40164,10.694,-28.282,0.58743,0.76776,0.31831,-16.716,0.11339,-8.27,39.211,35.536,-32.122,-9.577,0.06967,0.68656,-42.28,0.87568,23.247,18.953,-16.697,0.13934,-26.058
1,1,0,0.83508,32.185,2.364,15.562,0.84349,-5.589,-2.974,-3.456,-19.508,0.13130,0.81197,8.444,-18.596,-28.529,1,-0.02101,-31.973,0.06618,50.364,27.363,-16.781,11.327,0.95378,-0.04202,2.008,0.00123,1,-41.911,0.86660,-0.10714,11.525,3.433
1,-6.164,0,-36.838,0.00419,-35.579,40.145,0.93438,-0.01920,0.94590,0.01606,14.988,0.03281,2.247,27.978,-1.263,-0.01326,0.97173,-40.199,-2.149,0.06038,15.667,43.898,-40.932,-45.687,0.94520,29.667,-13.89,0.04925,0.93159,0.08168,21.536,12.206,0.91483,31.284
1,1,-29.716,-23.226,-0.00034,-18.657,-0.03227,0.95177,-0.03431,-31.728,0.02446,0.94124,-16.34,37.34,45.256,0.93954,47.156,0.94837,0.02004,5.473,-18.883,21.05,0.07677,-10.029,0.06148,39.623,-17.997,-12.496,0.02542,-21.95,31.619,1.819,0.00442,0.92697,2.923
1,1,0,0.90608,34.002,-13.213,16.317,0.95691,-42.935,31.941,-47.527,37.219,-10.757,0.89061,-21.586,0.90608,30.869,0.91381,-0.00884,6.275,-30.713,-4.226,0.01215,0.92155,-0.02320,0.91050,-43.001,0.89147,-5.597,-48.38,-22.705,-43.632,-0.03757,-46.077,-0.16243
1,-46.626,42.33,0.84710,43.386,0.73638,-8.34,6.287,-46.017,31.736,-5.53,-38.836,0.06678,0.80668,-0.00351,0.79262,4.365,-14.799,-0.04569,0.87170,-41.394,-15.627,-34.559,4.319,0.04394,0.86467,35.265,0.81147,46.938,35.765,-0.00703,0.75747,33.747,0.85764,-0.06151
