1,1,13.528,50.968,-0.05889,14.909,-19.004,-22.465,-0.37708,1,24.092,0.85243,-0.17755,0.59755,34.704,0.60536,-0.38223,0.84356,-40.205,0.58212,-0.32192,0.56971,-0.29674,0.36946,-9.919,0.56811,-0.51171,-27.057,11.771,0.21266,-23.355,44.084,-48.439,0.18641,-0.45300
0,15.413,-20.074,36.847,43.301,0.93035,-0.36156,-0.10868,-38.191,1,-0.04549,0.50874,-0.67743,0.34432,-0.69707,-0.51685,-7.446,0.05499,-0.62237,-7.076,-1,-23.325,-0.45300,-0.18056,11.004,-24.828,-0.26569,-4.19,33.397,-0.19040,-0.11593,-15.988,-0.06288,-0.13738,-47.099
1,1,39.739,1,-0.03365,1,0.00485,1,-0.12062,9.536,-32.814,6.329,43.158,-31.657,-20.226,0.54591,9.703,0.83775,49.858,27.523,-0.08540,0.70887,-0.27502,0.43385,-0.12062,-41.727,-44.265,0.58984,-34.766,0.43100,38.536,0.60436,-0.24180,0.56045,-0.38238
0,1,41.234,1,5.973,-32.871,-16.65,0.71216,-1,0,37.44,-34.516,0,0,0,-1,-24.66,5.578,39.153,7.107,-10.433,29.142,1,0,0,1,0.90695,0.51613,1,1,-23.97,-16.105,1,-0.32382,1
1,1,0,1,12.185,0.94140,0.06531,0.92106,-0.23255,33.546,47.222,0.52798,-38.92,-7.146,-17.282,0.34395,-39.729,0.52940,-0.21780,45.649,13.298,0.05982,19.112,12.431,-0.52879,24.996,-0.65158,0.13290,-0.53206,0.02431,-39.259,1.66,-0.59573,-0.04608,-0.65697
0,1,0,-1.874,-0.00592,-49.218,-0.11949,-0.00763,-9.234,-36.297,0.06637,-34.151,-0.06302,34.39,0,-34.4,-0.15540,-0.00343,-0.10196,38.2,-0.05414,0.01838,3.707,0.01519,-35.088,0.03513,-0.01535,41.095,0.09223,-36.925,0.00732,14.812,-7.233,-0.00039,0.12011
1,1,0,0.97588,43.182,-11.3,-0.20800,0.92806,-0.28350,35.013,-2.478,47.912,-0.47929,0.78225,-0.50764,0.74628,-0.61436,0.57945,-0.68086,-36.597,12.155,0.36324,-0.76562,0.31898,-0.79753,-18.376,14.458,0.13659,-0.82510,-36.357,-22.939,-0.04262,-6.768,-12.467,-45.034
0,0,0,-43.477,45.423,0,37.811,1,-19.755,10.848,0,-1,-1,2.421,-44.205,0,0,1,1,-48.82,36.171,-31.491,-10.392,39.394,0,1,1,1,-34.342,0,-18.101,1,1,0,0
1,-18.905,0,0.96355,14.491,1,-13.699,-24.965,-0.21313,24.792,-37.106,-29.465,41.27,0.94510,-0.40668,0.90392,15.714,0.98305,-0.35257,0.84537,-0.66020,-17.102,-0.60589,36.982,40.254,0.85106,-0.65440,0.57577,2.343,0.25435,-0.63919,0.45114,-25.361,0.38895,-0.73420
0,10.649,15.614,-13.975,-0.08459,0,35.863,0,-45.297,0.11470,-0.26810,-0.45663,-0.38172,33.252,0,39.167,0.38602,-0.37133,0.15018,0.63728,-10.667,-43.98,0,0,0,-0.14803,-24.452,0.20645,42.57,12.831,0,15.835,30.93,-0.08208,0.38065
1,37.432,0,0.193,0.06655,1,-0.18388,1,-43.103,1,-0.43107,1,42.5,0.96232,-0.51874,0.90711,30.611,0.89230,-43.922,-26.072,-0.70997,0.70645,-2.833,-10.924,-0.80544,-32.882,-0.89128,23.552,-0.86500,-49.333,-0.83675,7.251,-0.89093,26.806,-0.89158
0,1,0,1,-0.54210,1,-1,1,-36.855,-36.371,18.203,47.243,-0.41119,8.404,1,1,-1,-30.894,41.796,-38.013,-0.93599,1,1,4.641,9.848,1,-0.40888,1,-0.62745,-35.449,-33.563,1,1.628,1,48.034
1,10.518,-32.545,49.826,43.003,1,-0.10169,0.99999,-0.15197,1,30.578,0.94055,-0.35151,11.983,2.202,0.93719,-0.34412,-35.67,-46.366,0.90137,-0.43383,-31.782,-0.47308,0.82987,9.701,0.84080,17.09,-31.161,25.177,0.65723,-0.68794,0.68714,-0.64537,0.64727,-0.67226
0,1,0,27.717,-25.28,1,0.22280,-16.487,-0.39896,1,-0.12090,1,0.35147,1,-16.661,47.954,-0.14767,1,42.175,1,-1,0.61831,28.749,1,-15.476,5.327,-0.17012,1,41.044,-5.211,11.887,37.304,0.88428,-35.843,-0.18826
1,1,-40.003,1,-39.26,9.187,-35.682,-12.52,-0.05563,1,0.08764,1,0.19651,24.888,0.20328,1,0.12785,-12.238,0.10561,1,0.27087,1,0.44758,-40.84,-40.824,1,-22.034,32.285,15.682,-10.055,0.48641,-12.489,0.32492,1,0.46712
0,1,-18.656,1.797,-0.93996,1,0.26708,-0.03520,-1,1,-35.109,0.43685,-1,0,0,-1,22.01,-45.024,-18.966,16.018,-1,0,-30.173,49.035,-41.907,6.432,0.92236,-9.104,0.26501,0,45.321,23.486,0.23188,0,0
1,1,-35.958,0.99645,-22.721,33.265,-0.01236,0.97811,-41.199,24.552,30.556,0.99274,9.443,15.351,-47.904,0.94212,-38.855,-29.184,0.11120,-41.264,0.08631,11.793,0.11830,0.83668,0.14442,0.81329,0.13412,0.79476,0.13638,0.79110,0.15379,0.77122,0.15930,0.70941,-38.001
0,-34.551,0,-21.459,0,43.697,-1,1,1,-1,1,-1,1,42.59,4.332,38.79,-12.51,-8.788,-1,-1,1,-40.398,-1,-1,37.081,-1,-25.333,1,-1,-40.562,24.688,-1,-1,-24.756,-1
1,1,41.143,0.67065,-22.357,-3.07,0.05031,0.57197,0.18761,-40.461,0.34081,-1.36,-7.618,0.62099,0.14285,0.78637,35.704,0.58373,-31.835,0.14395,0.41224,0.53888,48.501,34.997,0.22625,14.957,0.23724,0.46167,0.24618,0.43433,0.25306,0.40663,40.343,-31.175,-9.676
0,0,-32.392,1,-36.611,-32.582,-21.411,0,0,15.401,37.154,1,-1,-0.71875,-34.43,0,0,-1,-47.371,43.509,-17.725,-1,1,1,0.56250,-1,-33.863,1,1,1,-5.348,1,26.088,-10.592,1
1,1,0,18.862,-0.00612,1,-0.09834,1,-0.07649,-11.201,-48.538,-21.8,-43.728,10.484,-5.41,-11.483,-4.932,-11.735,-0.31884,0.86473,-0.34534,10.521,-0.44072,0.96060,-30.183,0.81874,-0.40372,12.686,-0.42231,0.75784,-23.35,0.80448,-0.40575,0.74354,-0.45039
0,0,0,1,1,0,0,0,6.624,-36.636,-1,0,13.54,0,32.486,-1,13.085,31.576,-1,-1,-7.061,-5.672,31.024,-11.705,13.314,20.647,0,1,-1,-1,1,-45.854,1,-1,48.249
1,1,4.69,0.96071,0.757,-43.349,0.04296,-47.561,0.09313,-37.913,-1.774,0.89263,0.02580,27.722,-6.022,0.87534,20.294,-43.549,-28.14,0.75206,-0.05295,0.65961,-0.07905,0.64158,-0.05929,8.926,-35.924,28.109,-0.02205,0.49664,-0.01251,0.51310,-0.00015,0.52099,-0.00182
0,0,0,-1,1,0,0,42.567,-27.202,-1,-13.187,1,1,0.634,0,-32.703,35.818,-13.482,-1,25.797,31.653,1,1,0,19.031,-1,-1,1,-14.52,-19.645,-43.192,-1,1,0,-38.049
1,1,0,1,-32.17,1,0.02942,-12.787,-0.05131,10.895,-38.511,1,2.087,-2.461,17.862,0.93392,-0.06598,-36.836,-0.07379,0.65731,-26.42,4.924,-9.336,0.80852,-0.31654,-34.682,-0.34838,21.691,-0.29174,0.73094,-0.38576,0.54356,-0.26284,-32.694,-0.39487
0,1,0,1,-21.129,1,-38.291,1,-1,39.543,-12.512,1,-1,23.043,-1,1,-15.928,1,-1,1,-13.804,-25.991,-50.018,1,-6.368,-28.409,-1,1,-1,-34.786,27.027,1,-1,17.248,-1
1,1,2.168,13.239,-0.08714,1,-0.17263,2.424,-0.81779,-36.312,0.61053,0.95473,19.892,44.412,-0.31736,0.87937,44.668,33.326,-0.62180,0.12245,-1,21.045,25.568,0.62357,17.985,0.55389,-0.82868,0.48136,-0.86583,-34.877,13.967,0.32984,-0.92128,-7.968,-1
0,0,0,13.097,18.555,-0.942,-31.889,-1,-34.868,1,-0.37500,-43.517,1.308,0,0,0,2.197,1,-1,-1,34.111,10.36,-1,0,0,1,-1,12.402,1,-1,-38.121,0,-19.168,-32.992,1
1,-28.806,0,1,-8.445,1,0.17387,-15.783,-0.13308,0.98172,0.64520,47.433,0.47904,-40.798,0.59113,21.148,0.70758,-44.314,15.459,1,-39.029,1,1,0.98042,11.301,0.91624,12.263,37.657,1,0.74822,-40.277,0.64358,1,0.52479,27.853
0,0,0,-1,32.488,1,1,16.801,20.737,-1,1,1,1.061,28.073,-1,0,0,1,1.781,-1,6.465,1,-1,1,10.572,1,-22.34,30.687,-1,-34.616,-30.674,-1,13.441,1,12.889
1,14.168,0,1,46.447,1,6.127,1,-13.181,1,-41.294,1,-48.313,41.162,-0.26161,1,43.191,1,-0.38606,16.158,-0.46162,1,-40.058,1,30.279,1,-0.47643,12.747,-0.49687,1,-0.75820,1,32.934,-18.285,-0.84437
0,13.425,0,1,-22.799,1,1,1,-1,-20.056,-1,-45.048,4.666,1,3.531,5.585,16.513,1,1,1,-9.668,-4.566,17.719,1,-11.201,0,0,1,11.468,1,-0.79141,-23.983,1,1,1
1,1,0,0.88208,-0.14639,0.93408,40.24,0.92100,34.319,-19.515,8.77,0.88462,-0.31809,0.85269,-28.755,0.82116,37.958,20.537,-1.61,-0.708,-44.949,0.70555,28.314,0.66150,-0.50085,0.61297,-0.48086,37.521,-0.54629,0.50179,-0.59854,43.761,-5.593,0.42189,-0.58086
0,21.6,36.64,-16.565,41.761,-13.197,-0.23067,0.98019,-42.186,0.99709,-0.10236,1,-0.10951,0.58965,1,-33.508,-1,0.82270,-0.17863,0.80760,-0.28257,-0.25914,30.094,-39.461,26.415,0.65493,-0.20392,0.93124,-0.41307,-14.798,-47.763,-24.233,-0.87354,-0.23186,33.969
1,1,0,1,-0.15899,-34.414,-6.075,0.83443,-46.322,-43.502,-13.271,21.143,27.016,0.79962,-0.12527,0.76837,33.305,1,0.39337,-22.284,0.26590,37.717,-22.547,-3.592,-0.91338,1,0.14803,1,-0.11582,24.717,-0.11129,1,6.889,1,-0.57758
0,1,40.728,0.66161,-1,1,1,-27.453,16.559,0.80893,-0.40446,1,-1,1,-0.89375,-45.677,0.73393,-29.554,-46.637,1,-2.208,1,12.318,1,-1,17.308,2.589,12.147,-16.211,0.95982,-0.36250,19.103,0.65268,6.461,0.34732
1,1,0,1,0.00433,-20.668,-0.01209,-16.519,1.577,34.057,-0.07014,-17.414,38.987,-36.081,-0.06544,2.071,-0.07917,24.266,-0.13665,0.94184,10.219,0.99589,-0.14248,0.94815,1.485,0.89469,-31.232,0.89067,37.948,0.85644,-45.422,0.83777,-0.20101,0.83867,-0.20766
0,0,0,16.479,1,3.414,-1,-29.126,46.179,10.003,0,-2.487,-1,-36.221,0,0,0,-1,-8.229,1,1,-1,-29.228,-31.505,-30.407,-45.016,38.172,1,1,23.954,1,1,1,0,0
1,1,0,-36.685,0.04347,31.869,-46.158,0.94705,0.05345,-34.079,43.262,0.91911,41.614,-48.344,0.12067,0.92048,-21.509,0.88899,0.12722,0.83744,0.14439,47.274,-10.771,0.77041,28.091,0.75755,11.38,0.73550,-6.587,0.66387,0.15300,14.335,0.10754,0.65258,0.11447
0,1,10.377,1,24.011,-30.534,0.04861,0.97545,-21.61,-2.824,-3.731,0.91036,-18.174,-16.258,0.53640,0.82077,21.915,-1.994,-48.55,1,0.41003,0.65850,0.16371,0.60138,0.16516,0.54446,0.16390,-3.209,7.003,0.43481,22.318,0.38352,0.14677,1,1
1,1,0,1,-40.921,1,0.20746,1,0.26281,-23.989,0.32213,-33.532,-42.537,0.75474,-42.705,0.79555,36.208,0.65954,0.60756,0.57619,0.62999,0.47807,10.204,-15.364,0.68840,0.34384,26.072,0.27712,-43.039,24.668,-14.154,-21.181,0.72688,1.851,0.71444
0,1,45.243,-1,-1,1,22.252,-5.915,29.247,0,0,-1,35.895,1,1,32.888,-1,-1,37.38,0.08750,-1,1,-19.483,-25.009,1,2.913,18.684,1,-1,9.922,-1,38.449,1,-21.628,0
1,1,44.72,6.261,0.08791,43.842,38.1,-22.296,-10.871,16.736,-35.63,0.70207,-0.342,32.342,0.42739,0.57620,0.46086,0.51067,0.49618,0.31639,-25.062,0.37824,0.54462,0.31274,-23.918,0.24856,0.56527,0.18626,0.56605,0.12635,0.56101,0.06927,0.55061,-8.134,33.236
0,1,-31.365,-0.64286,-1,1,0.82857,1,-1,1,-0.23393,1,0.96161,2.445,-0.37679,1,17.133,1,34.785,-3.053,-27.551,-1.388,27.718,-0.84286,30.822,-37.178,0.85714,1,1,-7.371,-6.462,20.734,-38.637,1,-1
1,1,0,39.76,-8.572,0.99793,-0.13009,0.98663,-22.164,0.99374,-0.25843,-3.981,-0.30130,-24.635,-39.241,0.89812,44.034,-27.832,-18.564,0.87433,37.541,0.79016,-0.59839,0.74725,19.781,0.68282,-0.68479,0.65247,-0.73174,12.676,-0.75353,0.54752,-0.80278,46.841,-10.899
0,0,0,-27.741,0,0,0,0,0,37.931,42.843,-35.761,1,-10.792,0,0,0,-0.37500,-1,-1,-5.236,-31.908,0,-37.196,0,-15.145,-1,-27.92,-1,38.839,-24.166,19.331,-7.652,0,0
1,-34.221,0,1,-0.03730,0.307,-0.07383,6.295,-0.11039,0.99838,7.006,0.98941,-0.13814,34.934,20.104,0.95288,-34.361,0.91236,-0.34400,0.90581,-37.4,0.89991,-26.587,0.87874,-22.973,0.86213,8.39,48.165,-37.811,0.81433,-0.42593,-8.637,-0.47977,0.75115,-0.50152
0,1,-5.877,0.94598,30.855,-1,-16.787,-28.382,-6.969,0.69258,-0.63427,1,-0.03353,-0.29020,-0.00550,-18.113,0.15452,0.91921,-0.46270,-43.032,-0.50424,-27.692,-0.31454,-0.73864,0.37361,0.83872,-27.88,-36.991,-0.58130,1,27.758,9.336,40.441,-40.205,0.41913
1,1,0,0.98166,0.00874,-17.251,-0.03818,31.036,-30.691,0.95947,-0.06971,16.079,-19.64,0.94713,-4.802,-44.578,-0.12790,-27.298,-0.11583,0.79682,-17.417,0.88274,-0.17387,10.851,-0.18739,0.88487,-0.19689,-9.772,-0.21136,0.78546,-0.23864,-6.052,-14.663,21.433,-0.23902
0,1,32.952,0,19.476,1,-21.586,-49.586,0,0.10991,-12.823,0,0,0,6.935,-1,10.031,5.825,41.021,0.76940,0.63147,0,26.128,7.6,0.35668,-0.90302,7.722,1,-1,16.045,40.176,0,0,0,0
1,1,0,0.84134,-31.326,0.43644,-16.165,-45.687,-0.00267,-9.466,38.517,0.81121,-0.01789,-4.358,0.54991,24.841,-0.57486,0.75000,6.102,2.819,-0.20104,1,1,0.46610,-0.16290,-30.63,34.636,9.29,-0.01158,-24.636,-0.32298,0.84463,-10.426,0.93323,-0.01425
0,0,0,1,37.284,1,-1,0,0,0,0,28.36,1,-16.35,1,-1,-33.955,-9.098,-1,-24.123,1,0,32.14,24.411,7.667,-26.567,-1,1,36.849,28.673,-29.745,0,-21.873,0,0
1,-35.398,-31.899,1,1,-6.266,1,0.91010,-42.3,-0.26970,1,-0.83152,-36.648,-48.4,1,-1,-40.079,-1,14.944,7.985,-0.42052,-1,0.661,-0.52838,-1,0.90014,-1,-19.713,-1,1,42.836,1.605,-0.34686,1,-39.431
0,-31.284,0,-0.67935,43.691,-1,1,1,0.63317,0.03515,-1,-1,-1,1,1,0.88683,18.735,-37.681,35.102,5.188,-1.53,1,-1,-1,10.269,42.302,-4.515,1,-1,22.108,40.802,-11.415,1,-27.151,0.33611
1,45.837,49.337,43.176,0.08143,0.97487,38.978,-48.829,-0.08484,15.394,-0.06561,0.94717,-13.946,0.95436,-0.16795,0.94612,33.704,34.255,-0.32268,-13.614,-0.35902,0.91428,-0.27316,12.04,-0.29807,0.99899,-5.787,0.87244,-0.34586,0.92059,-0.30619,-37.665,-0.39061,29.37,-0.41173
0,1,0,0.08333,43.764,42.264,1,-1,4.444,-19.214,0.47173,7.418,26.331,-17.952,-3.574,-1,1,-0.02753,0.59152,-0.42113,32.584,46.134,-9.3,-25.714,-0.46801,10.036,0.23810,1,-1,-1,-0.38914,18.709,-1,-1,0.61458
1,1,0,1,-0.02259,1,25.834,1,-0.06682,1,-0.08799,-35.317,-7.831,-18.845,-17.64,-29.54,-0.14522,7.177,-45.581,17.64,-0.17639,0.99484,47.77,0.95601,-9.863,1,-1.312,0.87280,-0.21793,-1.835,2.527,0.78479,-0.22765,0.73992,-0.22981
0,-4.725,43.747,37.195,1,1,-1,-1,33.254,-45.947,0,-47.504,14.278,-1,-0.18750,1,38.124,-12.114,-1,1,3.366,2.008,-1,-4.655,1,1,-1,1,1,-28.126,17.818,0,0,-1,-1
1,21.464,0,46.772,0.05812,-20.899,22.196,0.99952,0.13231,1,-0.01911,0.94846,0.07033,-25.088,0.14644,-12.857,-36.149,0.90896,-0.367,49.094,0.16265,-6.803,0.14258,0.90784,0.16410,0.91667,-43.921,0.88423,0.23571,-25.416,0.22511,0.78324,-30.8,8.293,0.31166
0,1,0,34.453,-1,2.007,1,0,0,48.677,-5.099,39.823,1,0,17.052,33.941,1.722,0.80521,0.36146,0.51979,0.14375,-5.415,0,45.321,-0.27083,-0.84792,0.96250,26.149,1,29.289,0.67708,-49.364,-13.277,0,0
1,1,0,-26.694,-48.542,1,40.677,1,0.22574,0.98602,0.09237,0.94930,-19.417,21.462,0.24288,0.89241,10.146,0.85529,0.26721,25.464,12.218,36.046,18.598,0.74829,0.39597,0.76193,-28.52,0.68452,-21.05,47.66,0.46031,0.56791,0.47033,0.54252,-45.493
0,1,0,0.01667,-0.35625,0,0,-26.221,-33.675,-28.491,0,-0.992,0,0,-31.629,0.12292,-8.725,-14.456,31.899,1,-0.42292,0,0,0.08333,30.175,-15.879,-45.989,1,-0.76667,-0.308,9.112,0,0,-8.953,-0.27292
1,1,10.98,41.5,-27.687,0.99352,0.16334,-22.424,0.33347,1.852,-41.484,0.91408,0.37107,0.84250,-23.203,0.81011,0.49225,8.875,-11.518,1.411,0.56977,0.56553,0.58071,-13.24,0.64720,44.413,0.55236,-13.064,0.69129,0.35684,0.76147,0.33921,0.66844,-31.441,0.78685
0,1,7.167,0.63816,1,-38.042,-1,-3.989,1,0.87719,-29.681,-0.66886,-9.858,-0.05921,0.58772,0.01754,-48.927,11.787,-1,0.14254,-0.03289,33.857,-0.43860,-48.26,1,0.80921,5.907,14.562,-20.178,-14.099,2.706,0.20614,-1,1,1
1,44.502,0,1,-0.41457,1,0.76131,0.87060,0.18593,50.568,-24.136,0.93844,-20.797,3.887,31.292,1,34.074,0.97613,-4.098,-28.685,14.666,43.277,38.837,1,-0.12312,0.93593,0.10678,0.92890,-28.598,1,-0.27387,0.43970,0.19849,0.51382,45.101
0,1,-22.336,0.84783,0.10598,1,0.39130,1,-19.7,0.66938,-3.863,1,5.519,39.381,-0.599,3.588,2.68,1,34.264,0.58424,-0.43025,1,24.433,0.89130,0.26585,-29.541,-0.33333,1,0.15942,-29.331,-0.01947,1,10.719,1,40.466
1,1,49.427,1,0.28046,1,0.02477,22.128,0.07764,1,0.04317,0.98762,-6.899,3.541,0.05489,25.062,-22.314,0.95750,24.847,15.886,-11.698,1,0.04150,0.99933,37.445,1,-28.285,0.96414,29.432,-48.551,0.23360,0.94578,-0.22021,26.259,-0.07329
0,0,-30.739,1,21.777,34.124,-1,1,-1,12.231,-1,-37.204,42.999,1,-1.106,1,16.238,0.445,1,1,10.941,43.448,1,1,-1,1,-1,1,-1,1,14.344,0,-42.813,47.631,-1
1,1,0,1,38.776,0.81309,-8.487,-5.036,1,-3.307,0.80541,-0.43872,1,-0.79135,0.77092,-1,-39.507,-19.226,3.607,22.938,-0.42822,-0.73083,-13.926,33.518,23.447,0.41366,-1,0.41778,-0.93296,43.039,0.87,0.93570,-0.35222,49.974,0.03446
0,1,0,1,3.709,16.53,-1,-22.643,17.371,42.292,1,1,-13.906,1,1,37.151,20.882,1,-27.698,1,1,1,1,1,-48.452,33.96,-41.404,1,0.5,0,0,1,-1,-8.95,-9.775
1,31.594,0,1,-28.124,1,-24.442,1,-27.238,1,0.25068,1,-1.798,-33.353,35.41,1,-7.515,-21.309,0.65701,1,-0.12,1,-12.068,1,0.59457,0.89593,0.68326,0.89502,38.73,0.85611,0.67149,0.419,0.85611,0.71493,-18.792
0,0,-3.203,7.573,-32.918,-26.71,1,-1,-1,1,12.128,3.493,0,0,-44.884,-1,1,1,-49.122,1,-1,12.627,29.373,0.379,-1,1,-41.844,1,-1,-1,-1,0,-36.201,20.787,-1
1,1,0,30.0,21.158,-25.989,0.19279,0.96026,0.27451,0.98044,0.35052,-19.002,-7.752,0.86265,0.52517,0.82820,0.58794,6.685,-13.048,0.69003,0.73140,-17.106,-23.409,0.48339,32.474,0.40615,0.74689,13.472,-42.769,0.24944,-21.65,0.13756,24.761,0.09048,0.86285
0,1,0,-39.836,0.38889,0,0,-42.172,-47.901,0,-30.719,0,0,0,-27.207,-36.519,48.875,0.21032,-33.382,42.376,11.62,-22.619,0,0,0,0.73413,0.27381,0.76190,31.823,0,-40.999,0,-9.85,0,0
1,1,45.1,-11.603,0.05070,1,0.10827,1,39.952,-6.527,0.28453,1,0.34826,1,5.396,0.94575,-45.845,0.89126,0.50391,0.75906,0.58801,0.80644,-16.735,-10.497,-48.968,-0.988,0.63942,0.59417,0.69435,10.024,0.72684,0.47027,3.279,32.58,-37.905
0,0,0,1,1,-2.929,-8.19,-16.505,-6.233,1,-40.728,28.504,2.102,4.893,1,30.624,-1,1,1,1,1,17.192,1.087,31.753,48.12,1,-1,44.961,-1,1,1,0,0,1,-1
1,-34.865,-47.34,36.85,0.04078,1,0.11982,-33.936,34.88,1,0.27921,0.98703,3.378,34.925,0.37639,0.91118,0.39749,0.81939,29.438,0.78619,44.044,0.79400,0.56282,0.70331,0.58129,-24.02,0.59723,-9.022,0.60990,42.529,24.673,0.45312,38.991,0.40442,0.62658
0,0,0,1,25.149,17.6,27.925,1,1,-42.226,1,-40.186,-46.656,1,1,-7.431,46.208,1,-49.301,-19.188,1,-39.866,1,-1,1,1,-1,1,1,-1,1,23.596,9.023,22.121,1
1,1,0,1,0.24168,1,-9.169,-15.409,0.72973,38.452,-43.329,1,-16.592,-27.176,-40.619,7.359,23.605,-4.514,1,1,1,-31.166,1,-34.599,1,0.64628,1,0.38255,1,-44.253,-48.581,-0.17370,1,-0.81383,1
0,0,0,1,1,1,-5.554,1,1,-33.66,1,0,0,-28.773,1,-14.954,0,-14.428,29.191,20.81,1,17.625,-30.297,1,1,-29.468,-1,-18.044,-39.436,47.241,9.703,1,-1,-1,1
1,1,-48.355,-35.451,-0.06604,1,0.62937,1,-14.491,-3.031,45.095,1,25.79,1,35.601,-42.777,-0.15851,1,44.919,1,-0.61538,1,-32.747,1,-1,1,-0.58042,1,-0.81372,-39.715,-28.75,-44.505,-0.78555,17.333,-0.48252
0,0,-31.339,1,-1,1,1,1,43.045,10.307,1,28.03,1,44.906,29.748,1,-1,-5.743,1,39.679,-1,-5.38,31.956,-5.748,1,1,-1,1,24.609,1,23.541,-4.165,1,1,-1
1,1,-40.85,-34.234,0.07804,19.182,0.16251,0.89702,0.24618,-0.211,-8.367,38.762,-44.361,0.70716,2.591,-19.435,0.56476,0.60459,4.701,18.983,0.64924,0.39903,0.66975,0.34232,0.68343,0.23693,0.76146,-11.078,0.73885,0.09694,0.71038,44.57,18.029,-0.04023,0.69509
0,1,0,0.68198,-0.17314,-0.396,-11.341,44.63,0.32862,0.25795,0.58304,-16.227,24.66,0.01060,0.44523,0.01060,-24.041,-40.046,8.539,0.10567,0.36353,0.04325,0.30745,48.941,-25.711,9.247,-19.191,-0.04314,0.14481,-0.04779,0.10349,22.274,17.468,-0.04013,0.04586
1,-7.178,47.462,24.092,-0.02811,0.65680,34.144,0.80621,-25.91,30.077,0.02515,35.213,-43.553,-36.264,8.719,0.73077,-44.171,40.354,-0.27811,0.65976,-0.01479,0.78698,0.06953,0.34615,-3.334,0.65385,-43.885,0.61009,-0.06637,0.53550,-0.21154,0.59024,-0.14053,0.56361,0.02959
0,1,-28.396,6.265,-0.06343,-27.988,0.04328,1,1,0.35821,-5.877,0.54478,0.13060,0.61567,-50.751,0.57836,0.67910,42.598,-0.10448,-29.483,-0.11567,-21.338,-5.51,0.83209,-26.212,0.47015,-16.287,-6.035,-17.479,0.32463,-0.02612,0.39118,-3.531,0.34411,0.12755
1,1,15.415,-47.635,32.159,0.76981,-0.10566,35.982,0.03774,0.66038,16.114,-1.691,0.01132,0.66792,-0.13962,0.72075,4.476,41.292,-26.623,0.61887,19.657,0.75849,-38.565,0.73962,-0.14717,-48.987,-0.15094,0.73886,-0.05801,0.66792,0.02264,24.572,0.03774,-31.626,0.00755
0,1,2.452,47.212,-18.888,-29.022,0.03462,1,0.72727,0.66364,-0.05909,0.48182,-0.16818,39.473,33.491,0.56818,1,-37.098,0.21818,6.752,0.10000,1,-33.066,0.98636,-1,0.57273,0.32727,0.56982,0.14673,34.672,-43.829,39.528,-36.99,-12.802,1
1,1,0,0.57647,-21.985,12.211,0,0.38431,28.641,0.40000,-4.968,0.343,44.613,-36.172,0.08235,0.52549,-0.05490,0.58039,0.01569,0.50196,31.168,0.45882,0.06667,0.58039,0.08235,0.49804,0.00392,0.48601,45.825,-11.756,15.121,-17.829,2.392,-28.994,0.17255
0,1,0,0.41932,0.12482,0.35000,-28.557,0.23182,0.27955,-0.03636,-25.119,38.815,42.205,-0.19091,0.33636,-0.13350,18.604,-8.487,0.40455,-0.34773,0.12727,11.866,0.05078,-0.18636,0.36364,-0.14003,39.791,-0.09971,-31.979,-1,-19.043,-25.195,-38.936,36.926,38.048
1,48.333,20.321,0.88305,-0.21996,1,-22.233,-9.968,0.19206,-3.385,0.05901,-36.173,-14.188,0.85193,0.25000,-26.962,0.25322,0.69206,-36.182,0.71030,0.39056,0.73176,5.575,1,-7.304,0.56760,0.52039,-26.222,0.53235,0.80901,0.58584,-36.766,-33.4,0.52361,0.54185
0,1,-0.693,-36.534,-0.08580,-0.31745,-0.80553,7.016,39.671,0.80648,0.04576,0.89514,-37.521,-0.18494,9.459,-0.20019,-0.68065,29.229,-27.526,0.77979,-0.15729,-35.29,0.50810,-0.34128,-8.606,0.78932,-17.601,31.591,-26.493,0.77884,-0.14109,-0.21354,33.185,-0.18494,-0.59867
1,1,-27.395,0.70870,-0.24783,-44.869,0.04348,0.45217,-43.65,0.65217,-28.058,0.5,0.26957,-10.012,-30.864,0.50435,0.37826,-6.938,-0.42609,-16.687,-0.26087,-5.608,20.807,0.53246,-40.182,0.31304,-4.813,0.49930,-0.04264,0.48348,-0.04448,0.64348,-28.27,0.50435,9.58
0,1,0,-0.54180,15.238,-0.33746,0.73375,-21.583,-0.13932,26.447,6.998,0.20743,-19.747,0.47368,0.08978,-6.258,-0.15480,-14.268,0.45201,0.33746,-18.198,0.50464,7.007,-0.63777,-0.61610,1,0.65635,-49.173,9.587,-17.377,10.366,0.02399,0.55820,0.52632,29.971
1,1,6.397,33.244,0.13582,6.835,0.16808,0.51783,19.471,17.572,0.20883,42.378,-46.788,0.47368,-0.04754,0.55518,-31.103,0.81664,1.728,0.42445,-0.04244,0.34975,0.06621,0.28183,-12.032,0.51731,-5.275,0.50369,-0.03351,7.62,0.09847,35.372,39.342,0.39559,-0.03226
0,1,0,-30.739,-10.177,38.379,0,0.56541,0.06874,9.061,-27.745,0.38359,0.99557,-16.219,0.53215,29.91,8.485,23.898,36.801,-0.50998,0.84922,-0.10200,-9.71,-10.595,0.23725,-0.91574,0.80710,-0.34146,0.88248,-1,0.69401,-28.567,0.12860,-25.252,0
1,1,0,0.90116,-37.482,0.79299,0.37379,0.72990,-22.618,16.12,0.72997,0.44303,37.096,0.24412,33.015,0.06438,-46.549,23.285,0.87396,27.072,0.79617,-0.46635,-16.69,-0.57135,0.53805,-0.68159,2.06,-0.71844,-32.696,-22.597,0.11218,-0.11,-0.05525,-0.67699,-39.978
1,1,0,42.78,0.19049,0.82683,-6.803,0.71771,0.58732,0.47968,44.679,9.299,45.617,-28.049,-30.96,-0.13254,0.84290,-36.718,0.91624,-0.52145,0.79525,-41.487,0.49508,-6.289,0.33537,-0.85376,-36.503,33.269,-0.01358,-0.82366,-0.19321,-43.972,-21.05,-0.59943,-0.49700
0,1,-14.517,3.349,-33.284,0,28.548,-9.907,-0.78502,0.60586,0.32899,43.837,-38.918,-49.801,42.219,0,0,1,-0.26710,0.36482,-0.63518,-1.559,-1,-1,-1,24.108,-0.59609,-1,-1,-1,18.735,43.491,10.269,0,0
1,1,0,0.74084,-8.25,0.79074,49.363,0.78575,33.937,-13.296,-2.475,0.67801,0.31152,39.794,0.07348,11.782,0.08442,0.70681,-0.07853,11.774,0,20.409,0.11355,0.68183,33.381,0.67016,0.15445,15.075,0.13608,0.65707,27.134,0.59759,-5.233,0.57455,47.031
0,1,43.264,-23.714,-1,8.239,0,0.77941,-9.386,0.80882,-45.354,-0.41912,-0.94853,0,0,0,0,44.691,-0.77206,0.73529,2.841,0,0,33.189,-1,-3.664,-17.952,-31.54,-1.39,1,-20.933,1,-1,16.64,0
1,1,16.818,-47.504,0.01709,0.96215,-0.03142,1,-0.03436,-28.126,-0.05071,0.99026,-17.584,-8.671,25.789,1,-36.474,7.177,-0.14257,0.98310,-0.11813,39.195,-0.18519,48.96,-0.19272,0.98971,4.145,3.715,43.545,0.94599,-0.17123,0.96436,-0.22561,-18.975,-0.23296
0,0,0,-5.655,0,0,32.254,-36.262,0,-4.725,-11.114,0,48.126,0,0,0,0,-44.145,0,0,3.008,0,-45.947,0,0,0,7.457,14.278,21.122,0,37.124,0,0,-0.568,0
1,1,0,-4.458,-0.12095,0.63318,-0.12690,0.96365,-0.18242,0.97026,0.08460,0.92003,-5.11,31.125,-0.24719,-25.045,-0.31395,-20.852,-0.21216,-6.813,-0.21018,1,-0.27165,0.93126,34.16,-25.301,34.089,0.88793,-0.31565,21.278,-14.043,41.714,45.453,0.69531,-31.512
0,49.677,2.399,0.28409,2.689,0,0,0.68182,-1,18.588,-48.405,47.677,0.06439,20.881,34.364,0,0,0.59091,-0.35985,0.45076,-0.80682,11.886,0,25.149,0,0.24242,0.17803,-18.609,-13.516,46.382,-0.48485,17.215,-0.70076,0,0
1,1,0,-26.749,9.37,1,-0.03692,9.913,-0.87052,0.90083,0.66942,1,-0.10104,25.628,-0.12493,1,-0.15017,1,-48.816,1,-46.027,-7.175,-0.23452,1.692,-0.26571,41.555,-14.982,-45.002,-0.33304,1,-29.236,-14.773,-21.885,1,-0.44739
0,1,0,0,0,0,0,0,0,0,-28.491,0.62195,1,-9.953,0,-31.629,-33.675,0.36585,7.371,0.56098,42.93,-23.37,0,-26.221,40.5,10.98,0,32.175,0.10976,-12.001,-0.992,31.07,0,0,0
1,1,0,0.99449,-31.657,0.84082,-0.11313,-19.234,-13.96,1.75,-0.06257,-29.026,-13.572,0.85221,6.936,2.577,-49.186,-26.917,-0.12977,0.98298,-0.08935,0.89876,0.935,0.87836,-0.05882,-4.055,-0.19872,0.87579,-41.888,0.94294,-0.16581,0.80253,-0.25741,0.76586,-23.95
0,1,34.065,0.10135,0.10811,0,-29.485,0,45.155,-37.703,0.82432,13.873,1,0,0,0,0,0.37162,-1,12.633,-1,0,-47.26,0,0,6.741,-1,1,2.233,34.084,-24.273,-10.858,-21.277,-15.099,0
1,3.324,0,40.028,30.881,43.387,-23.07,24.693,-0.97450,15.911,-0.35818,1,49.336,0.62890,-0.86402,1,-0.57535,41.092,-0.79603,0.76771,42.612,11.46,-1,0.70120,-29.275,-2.978,-0.76904,0.53777,-0.77986,0.81020,-1,1,-1,0.30445,-19.461
0,1,-7.231,-10.952,4.62,0,34.237,0,38.381,37.944,1,-28.708,-0.28030,0,-30.451,0,2.541,0.62121,-4.174,0.84091,-1,1,-2.205,29.453,0,0,0,3.588,-0.93939,-0.12879,48.495,0,0,0,0
1,1,0,21.991,15.236,-42.004,0.41149,0.67203,33.682,11.777,0.69962,-21.991,26.271,0.19617,24.919,-0.04061,42.862,24.921,0.75785,-0.34100,0.65747,-0.48199,0.56092,-50.02,0.40996,-0.59234,10.198,-28.525,0.08818,-0.57241,-0.07816,-0.54866,42.249,-0.42912,-0.31954
0,39.098,-38.204,0.42000,46.021,0,0,1,-1,0.90000,1,24.852,17.878,-2.106,0,0,0,0.67000,13.398,-8.467,-1,0,0,-18.835,-30.739,0.21000,0.68000,23.777,0.22000,0,0,-0.555,0,23.917,4.193
1,1,0,49.986,-14.672,-4.553,-2.993,0.78020,0.72144,0.47660,2.712,0.27639,0.91730,0.09467,0.88248,21.663,19.285,42.439,-48.697,-0.51360,0.64527,-0.64527,0.44614,-0.74102,0.29162,-0.70838,-13.126,-0.71731,-0.11943,33.245,15.248,-40.422,-0.44505,-42.779,-0.53319
0,1,0,0.91353,0.81586,-0.72973,-8.95,-8.226,33.518,0.05405,-23.346,30.408,36.049,-0.03158,-0.08970,0.01401,-0.03403,0.01108,-0.00537,0.00342,-8.774,2.71,0.00075,-0.00003,-28.698,-0.00003,-0.325,-2.085,41.292,38.016,0,0,-34.353,0,0
1,1,13.128,0.21429,-0.09524,-31.584,-27.436,0.19048,0.19048,-12.442,19.883,0.40476,0.02381,35.333,-0.04762,13.687,-0.04762,0.28571,-24.744,-47.788,0.04762,0.30952,3.493,-27.945,-0.11905,0.35714,-19.598,0.22109,-0.02290,0.19048,0,0.16997,-0.679,0.14694,-22.328
0,1,6.573,-35.201,-0.14754,1,-44.835,-17.077,21.055,-27.054,0.01639,0.85246,-0.653,0.72131,0,0.68852,-0.16393,0.19672,-0.14754,0.65558,-0.17176,0.67213,0.03279,1,-0.29508,28.684,-0.34426,-40.32,-24.301,-2.876,-0.03279,0.27869,-14.181,-7.723,23.827
1,1,0,0.98182,0,6.839,0.03131,0.86249,0.04572,-41.043,0,-19.24,29.084,49.911,0.08436,-21.739,0.09579,-42.979,0.25455,0.68182,42.039,-40.292,-40.404,0.68604,0.13493,-32.831,0.22727,0.64581,13.288,0.67273,-26.929,0.60715,31.877,0.58840,0.17077
0,33.246,0,0.39286,0.52381,-0.78824,0.11342,2.396,-0.76378,11.505,9.541,0.82143,-22.214,-0.67230,-26.9,-0.34797,-0.63668,0.46429,0.15476,0.54762,-9.79,-0.51830,31.637,-0.47651,-17.811,-49.274,0.70238,0.51971,0.38848,40.329,-36.332,-0.54891,-31.018,-48.345,-0.55837
1,1,0,45.969,-0.07111,30.624,-7.552,1,-0.06889,0.87778,0.00222,0.83556,-0.06444,-45.274,-0.07287,-37.657,-0.20000,0.86889,27.557,33.633,-0.03778,1,43.846,-11.603,-0.18667,0.84444,5.049,1,-0.14162,0.82222,48.974,-4.233,-0.15609,-0.654,-11.735
0,-23.691,28.978,0.43636,-0.12727,44.156,-8.336,24.246,-0.67273,0.34545,-0.03636,2.378,-0.05455,0.29091,0.29091,0.36364,-0.41818,0.20000,-39.746,0.36364,0.05455,0.12727,0.49091,-16.886,-9.448,0.32727,-35.702,16.603,-0.07027,0.34545,1.047,-2.802,-0.36364,0.29091,3.602
1,1,3.069,1,9.099,1,0.75472,0.49057,-43.282,42.612,0,1,-0.00054,-34.483,0.07547,-46.717,-48.358,0.98878,-0.00085,0.52830,0,36.378,23.197,34.949,-38.867,1,0.79245,35.64,-0.00128,0.94340,-1,1,24.583,38.788,-0.11321
0,1,-31.91,25.334,7.193,-0.76190,-0.23810,0.33333,-0.14286,0.45238,-0.14286,28.252,-47.528,0.33333,-44.361,0.28571,-0.07143,-0.38214,17.112,-17.95,0.02381,0.45238,45.255,0.16667,-0.26190,-0.57255,-0.10234,-8.182,-42.129,1,0,-0.66667,-44.376,-40.924,-9.631
1,1,0,-49.143,-17.55,0.58333,-35.6,0.39583,-30.468,0.33333,-40.498,23.313,0,0.29167,-14.85,9.245,0.02083,0.43750,-5.743,0.35417,-0.22917,0.33333,-28.093,0.25000,0.18750,0.39583,-0.18750,0.44012,29.09,0.41667,-14.511,0.58333,-16.721,37.786,-0.06250
0,1,0,1,1,0,-32.66,-45.505,-43.777,-31.297,0,0.47744,-30.664,21.295,0.45489,17.67,0.28571,0.64662,-3.554,0,0,0,0,-18.424,-36.248,-1,43.87,1,-1,47.241,1,16.333,0,-48.355,0
1,-31.481,-40.715,27.742,0.06595,0.93614,27.161,0.90996,0.19152,-30.491,-0.49962,10.207,24.222,0.77937,0.34328,0.72254,-3.651,42.706,0.40844,-13.632,0.59862,0.53258,0.44088,0.46773,31.193,0.40440,0.44199,36.35,45.324,0.90330,-26.75,0.23405,0.39620,0.18632,0.37191
0,1,18.256,0.59840,0.40332,0.82809,0.80521,-5.62,0.70709,0.84010,-0.10984,0.97311,4.139,0.95824,-45.64,25.461,44.791,-10.311,-6.795,0.88673,0.18135,31.941,-0.69594,-34.29,-0.85755,0.28604,-7.049,1,0.17076,39.308,0.42677,-0.175,0.81007,0.81979,-4.477
1,1,37.974,0.95882,0.10129,10.275,-0.01918,0.98313,44.568,0.96974,-0.09316,0.98955,-0.02716,0.97980,-0.03096,-39.85,17.204,1,8.076,0.93840,24.828,0.97620,-8.812,0.97889,-0.05318,0.91567,1.965,0.95677,18.4,-19.233,0.01307,-10.56,-1.327,-23.498,-0.06888
0,23.319,17.397,47.462,0,-0.33672,0.85388,0,0,0.68869,-18.227,0.97078,-43.599,-0.26048,-19.977,-0.30241,24.0,-39.291,0.16391,0,0,0,0,43.983,47.942,0,39.568,1,-1,0,0,0.04447,9.259,-25.96,-3.147
1,1,-17.626,0.96933,0.00876,-5.03,-43.632,-7.192,-22.002,0.97868,-0.02844,0.99820,34.16,-24.938,34.566,1,-0.02581,1,-0.01175,0.98485,0.00025,1,-28.422,1,-0.04744,0.96019,-0.04527,0.99188,-44.257,0.97020,29.193,-25.667,-37.019,0.98420,41.889
0,1,-16.451,40.522,0,-27.974,-38.555,-49.741,32.059,0,-29.949,0.93243,0.07297,1,-0.20000,1,0.07027,1,-0.11351,-3.666,0,1,-0.21081,-4.658,-0.41622,-48.311,-6.528,1,-32.533,0,-2.336,1,-0.25946,6.162,-0.15676
1,1,0,-49.195,0.01403,2.793,-0.02439,0.52751,0.03466,23.903,0.12195,0.43313,0.04755,-26.49,6.133,15.708,4.498,20.102,0,-32.449,38.728,0.26829,0.12195,35.445,0.05813,0.21951,0.09756,0.19304,0.05641,0.17410,0.05504,-37.408,16.159,-36.966,0.07317
0,1,0,1,1,0.779,-1,0,2.157,34.249,0,1,1,1,-37.639,-17.28,1,1,-14.802,-18.838,31.168,-43.911,0,1,-0.27778,0,-12.219,1,38.039,47.484,1,1,-30.914,33.395,0
1,1,-29.426,-25.215,-21.766,12.536,0.24490,0.40816,-17.839,0.46939,-28.233,0.30612,0.59184,38.234,0.55102,0,0.51020,-0.06122,-4.358,-0.20408,0.55102,28.226,0.44898,45.439,12.134,-0.61224,0.22449,-0.46579,15.188,-0.59184,0.18367,-8.861,0,-0.26531,44.227
0,1,-26.92,0,38.77,-24.166,-1,0,-31.908,-36.761,0,-3.236,1,-36.196,41.59,1,37.164,1,-1,0,0,0,-38.861,1,1,-27.741,0,1,-1,-10.792,0,1,38.839,0,18.331
1,1,-9.416,-36.483,9.202,0.91176,0.37500,-25.498,0.67647,0.45588,21.1,-33.918,0.88971,-0.02206,0.86029,-0.20588,0.82353,-0.37500,0.67647,-0.5,-34.743,-14.88,-7.27,-23.457,0.08824,-0.74265,5.174,-0.67925,-37.32,-1.244,-0.42647,-0.44118,46.825,-0.28676,-0.56618
0,1,0,-28.395,-27.737,0.22222,9.582,27.615,-0.70984,-0.30719,0.71242,39.236,1,-0.81699,0.33987,33.176,-0.02614,-0.98039,-8.155,-0.60131,6.563,-0.04575,-38.343,31.823,-0.94118,-28.412,-0.43137,-16.304,-17.472,-1,0.05229,0.18301,0.02614,-6.279,-0.48241
1,-18.595,0,0.26667,-0.10000,-39.61,0,0.33333,-14.565,-6.455,0.11667,-4.125,0.01667,-44.795,0.08333,0.70000,-28.307,-16.692,0.20000,0.41667,-0.01667,0.31667,-43.832,0.70000,-30.634,0.25000,-18.099,10.45,20.744,0.40000,0.03333,-10.124,0.03333,0.41667,-0.05000
0,16.089,0,6.115,-49.186,-0.27303,0.12159,-0.17778,17.001,0.06192,-0.06879,26.172,0.02575,6.927,7.093,-0.01586,19.475,-0.00093,-0.00883,0.00470,-0.00153,0.00138,0.00238,-22.104,30.062,-11.823,-0.00050,0.00019,-0.00043,10.255,0.00005,0,39.361,32.952,0.00002
1,1,0,-30.531,41.475,0.64865,8.654,-24.603,6.154,0.86486,0.18919,8.274,-0.27027,0.51351,0,0.62162,-0.05405,0.32432,-5.46,0.71833,-0.17666,-9.723,-46.567,-30.385,0.13514,0.35135,-0.29730,2.562,38.157,0.58478,23.694,35.394,-0.59459,0.51351,-0.24324
0,1,0,-15.249,8.631,-1,-0.33203,-11.098,-0.01563,33.113,0.01172,24.345,-0.01953,-33.955,0.16406,-1,-0.00391,0.95313,-28.78,-9.247,-0.02734,-0.99219,29.79,-0.93359,-21.525,0.95703,-17.354,36.67,-27.43,0.90234,-0.06641,-1,-0.18750,-1,35.94
1,1,-23.123,9.937,-39.757,-6.328,-0.01272,0.93526,0.01214,0.96705,-0.01734,2.63,0.00520,0.95665,0.575,-35.446,-0.00405,16.517,-43.326,0.99769,0.01792,0.93584,-0.04971,-46.461,-37.672,28.33,-0.04451,0.96215,-0.01647,-39.831,-31.88,0.95434,-0.03410,0.95838,0.00809
0,5.349,11.269,42.802,-0.05529,44.836,-1,-36.181,-20.824,0.36111,-0.22222,-31.284,-28.409,0.16667,-0.11111,1,-5.862,1,19.346,1,-0.42862,0,42.241,1,44.187,35.102,-0.27778,1,-0.57092,1,-2.807,1,-0.63156,1,-0.65935
1,-48.801,11.138,0.31034,-5.483,0.24138,-0.10345,14.64,-0.06897,0.07405,-0.05431,0.03649,-14.554,-13.942,-38.528,0.00741,42.205,0.00281,-10.424,0.00078,-0.00523,-0.00003,-0.00299,44.836,23.106,-0.00031,-0.00090,33.899,-0.00048,-0.00018,-0.00024,28.548,-0.00012,39.035,-0.00006
0,1,46.88,0.62745,-2.653,50.063,3.444,33.867,10.957,0.62745,8.122,0.68627,-0.11765,0.66667,-0.13725,0.64706,-8.398,33.554,-0.11765,-16.403,-0.21569,0.58824,19.513,27.625,43.735,0.45098,-0.25490,-19.409,-0.24668,0.56863,-0.31373,0.43137,-0.21569,0.47059,-0.27451
1,1,0,0.25000,0.16667,-17.046,-0.123,0.19036,0.23966,0.07766,-30.341,2.761,0.14922,-45.929,0.10188,-0.03685,0.06317,-24.752,0.03458,6.145,-2.648,-0.02474,0.00357,-8.41,-36.319,25.868,-19.851,-0.00621,-0.00586,-0.00294,-0.00520,-0.00089,16.636,43.265,-0.00291
0,1,0,36.467,0.15625,-45.885,-11.114,0,16.881,0.62500,0.06250,0.18750,43.747,-0.03125,38.289,0.06250,47.96,4.522,-0.15625,0.43750,31.879,0,-0.09375,0,-9.662,13.309,-0.46875,-48.473,0,-6.374,0.03125,-29.157,0,0,0.09375
1,1,48.126,1,-26.056,-20.845,-0.02703,1,-31.161,0.95135,-0.01622,0.98919,22.09,-35.272,0.08649,1,-0.633,0.95135,-4.633,21.442,-0.00541,1,-44.08,-25.301,7.5,0.97838,0.09189,3.993,0.01251,-6.8,-0.03243,1,0.02703,1,-0.07027
0,35.555,-5.415,0.85271,3.061,1,0.08069,-48.364,1,0.91473,30.282,41.661,0.03876,46.772,0.27153,1,-12.806,0.81395,-5.052,0.90698,0.11628,35.281,0.50670,3.399,24.149,0.80620,48.715,1,-12.561,0.84496,0.06977,1,0.87317,1,1
1,25.628,0,0.90374,-0.01604,1,17.132,36.213,-19.593,0.93048,9.868,0.93583,-0.01604,-20.477,0,48.033,0.06417,1,40.604,0.91444,18.324,21.5,46.343,0.98930,-0.01604,0.96257,11.94,-26.724,0.04452,0.87701,0.01070,1,0.09091,0.97861,-28.803
0,-30.629,0.692,30.97,0.28750,0.23000,-45.722,-15.491,0.31750,0.32250,-28.141,0.36285,-34.022,0.09250,31.345,-0.09500,-48.429,-0.08750,0.23500,-0.34187,0.31408,-0.48000,-0.08000,9.223,-25.889,-0.58000,-8.415,0.32190,-0.28475,-46.472,0.18500,-0.27104,-0.31228,-14.279,0.03050
1,1,0,-22.77,0.03333,0.63333,0.06667,0.70000,11.047,-13.095,0.76,44.563,0,0.80000,0,0.73333,0,-27.155,1.034,0.66667,0.10000,-0.259,-0.03333,0.76667,-9.953,0.63333,0.13333,8.75,-13.395,41.1,0.13333,0.60000,-31.495,-11.368,0.16667
0,1,1.706,0.05866,-48.986,33.597,0.00838,0,7.156,0.00559,-20.156,12.319,-0.07542,-29.996,0.05307,0.06425,-0.03352,6.907,-41.615,-0.06425,-23.596,-0.04749,-10.833,0.02793,-0.00559,0.00838,0.00559,-4.885,-0.00838,0.03073,-38.253,0.04469,13.562,0.04749,-0.03352
1,-27.526,39.028,0.94653,45.442,0.72554,-14.426,0.47564,32.277,0.01267,50.459,-0.24871,0.84475,-0.47644,-23.476,-30.244,0.41743,-0.66455,0.07208,-0.65426,-0.19525,-21.802,41.956,-0.30851,-0.55089,-0.04119,-47.908,0.16085,-0.56420,34.432,-0.41901,0.46059,3.007,0.50376,14.851
0,1,0,0.05460,-29.693,-0.02586,0.04598,0.01437,40.138,10.417,-3.589,0.01724,23.731,-0.03736,-22.293,2.505,-0.04598,34.142,0.08046,-0.04023,-30.4,0.02011,0.02299,-0.03736,5.237,0.03161,-0.00862,43.511,-3.93,0.02586,0.01149,-18.674,0.01149,2.278,-0.00575
1,1,0,-0.481,49.416,0.79704,25.466,0.80000,0.00197,0.79015,15.054,0.78424,-22.367,0.83350,0.03251,0.85123,38.398,0.80099,25.085,24.853,-0.02956,-10.852,37.204,30.201,0.05517,0.72611,-0.01478,0.78041,2.548,0.74089,-7.281,0.82956,0.02956,21.918,0.00788
0,1,0,42.486,0.02568,0.00428,-30.739,0.01997,17.218,0.02140,-0.04993,41.95,-0.01284,0.01427,-0.02282,-2.106,-0.03281,-0.04708,-0.02853,-0.01712,0.03566,13.709,11.235,22.828,-27.917,0.05136,0.01854,46.671,0.01569,33.144,9.948,-0.02568,-42.832,-49.432,0.01997
1,1,38.098,0.47090,0.22751,0.42328,-5.131,0.25661,0.47619,0.01852,24.917,4.172,2.41,-40.251,-12.85,33.482,-8.981,-0.51587,-18.766,-0.5,-0.11640,-0.14815,-0.14550,-3.661,-0.38095,-0.23280,-38.201,0.03574,-0.31739,24.076,-0.21693,0.24868,-0.24339,-0.287,0.04233
0,1,0,0.08696,0.00686,0.13959,-0.04119,0.10526,18.289,0.12586,36.089,15.763,-28.71,42.905,0.07780,0.14645,48.851,0.29062,-9.998,0.18993,33.034,0.11670,-14.906,-42.292,41.29,0.15103,-0.10297,0.08467,21.896,0.11213,-49.518,-8.679,-0.07323,0.11670,-0.06865
1,1,0,0.94333,0.061,0.48263,35.669,0.21572,0.77514,-0.55941,0.64899,-2.822,38.437,-0.76051,2.709,-0.62706,-0.31079,-0.38391,-34.975,-23.771,-0.69287,-12.181,-0.63620,0.71481,-19.927,-26.769,-0.05484,0.60098,0.30384,31.049,0.60512,-7.804,-24.08,-0.875,0.50457
0,1,0,0.01975,13.135,6.614,-0.00846,0.02116,-48.11,0.01128,0.04372,19.79,-31.916,0.01975,-0.03103,-0.64,3.553,-0.04090,0.02680,-36.225,-40.848,0.04372,-0.02539,0.01834,-22.309,0,-0.01269,0.01834,-0.01128,13.383,-0.01551,-28.176,-0.02398,28.38,-44.884
1,32.712,0,-26.853,23.893,-12.919,13.081,0.77521,-0.04182,0.84317,0.09037,29.901,0.11949,0.88051,-0.06124,6.736,-19.895,-7.377,-0.06796,0.83570,-0.14190,21.953,0.01195,0.90515,0.02240,-2.407,-17.67,0.82383,-26.993,0.88125,-0.06423,-23.358,-0.01942,0.79089,-0.09186
0,1,0,-21.619,-23.51,1,1,-28.207,1,1,48.117,1,-1,-10.85,-1,-1,1,1,-29.719,42.912,1,-34.577,-39.53,1,-1,1,-1,-35.725,1,-39.999,11.838,-42.843,-42.607,-1,1
1,1,0,3.414,40.15,0.38887,0.76432,0.08858,-47.61,-39.083,0.88744,-0.76229,0.49980,4.082,0.10768,-0.85900,-0.31044,30.527,8.976,44.907,-47.134,0.28444,-2.459,0.64649,-0.35230,0.77814,-0.23324,32.963,0.21343,-12.224,-16.752,-49.399,0.66315,-0.11215,0.64933
0,1,-7.527,1,33.753,1,0.51250,0.62500,1.087,1,1,0.02500,0.03125,2.102,1,-8.19,-11.292,50.12,-1,1,1,28.504,-4.233,-17.192,1,17.192,44.961,1,1,1,-1.929,-0.94375,1,29.624,0
1,44.574,28.978,42.989,-9.062,24.691,34.997,-39.708,1,-0.49020,39.276,-0.82353,0.58824,-36.865,0.11765,-0.96078,-0.33333,3.245,34.032,-24.926,-0.86275,0.35294,-1,-46.595,-0.72549,0.92157,-0.21569,0.92874,0.21876,0.72549,0.56863,3.304,0.90196,-0.11765,0.90196
0,1,-41.186,0,23.121,-39.866,-1,44.208,1,0,0,-1,36.85,25.149,29.925,-47.301,-1,0,0,-43.226,0,-1,-48.656,-1,1,1,0.43750,-17.188,23.596,10.023,0,-1,-1,-1,-33.936
1,1,-41.619,0.44444,-15.964,-34.958,-7.523,-0.22222,1,-0.33333,0.88889,-1,-44.028,-1,-5.625,-1,-0.22222,-0.66667,36.675,0.55556,-1,-0.22222,-0.77778,7.137,-0.22222,-43.995,0,0.92120,-31.46,-27.602,23.677,-9.432,17.6,-0.55556,1
0,0,0,0,0,0,-30.468,0,0,0,0,29.191,-29.773,0,-14.428,0,-19.044,0,0,-4.554,-40.436,-32.66,-14.954,0,0,0,-17.592,-48.581,46.241,0,0,21.81,8.703,0,0
1,1,0,1,0,1,0,0.5,0.50000,-3.281,0,36.918,0.12094,-44.614,0.14210,0.86922,-32.319,0.75000,45.142,-39.965,-47.855,-35.701,0,-42.777,-31.547,-27.25,16.833,19.364,0.26388,0.75000,45.12,0.69635,0.29074,0.67493,0.30293
0,23.609,0,-1,1,31.748,1,-14.587,43.906,1,8.307,28.03,-1,1,-7.748,37.679,-1,0,0,-1,-32.339,0,24.541,0,0,-1,-1,43.045,25.79,1,-5.38,-1,-1,30.956,0
1,1,17.258,1,-8.719,-4.165,0,2.788,0.11111,1,-0.11111,0.88889,18.144,1,-35.379,0.77778,0,-10.487,-44.783,-5.743,-0.11111,0.77778,3.948,0.66667,-0.11111,-19.476,0,0.90347,-0.05352,1,0.11111,0.88889,37.862,-39.85,-1.052
0,0,0,44.543,-19.385,0,-1.219,44.164,0,0,0,0,0,-1,-1,0,-11.56,1,0.75000,9.275,18.47,0,0,16.397,1,22.319,-24.43,1,47.942,-1,-1,1,25.812,-40.232,8.127
1,1,47.462,24.344,0.45455,30.218,-0.45455,1,0.09091,1,-0.09091,1,-17.227,40.568,-26.233,1,-0.18182,1,0.09091,1,0,35.579,-0.36364,-24.938,-43.822,1,34.105,-2.147,-0.04914,1,-43.768,-35.98,-0.27273,9.64,-0.18182
0,1,0,0.62121,-7.164,-3.666,0,0,0,-29.604,-28.108,0.42803,0.39394,41.855,0.51894,-21.63,0.31439,-44.178,6.202,-26.546,-17.773,-8.159,-0.53409,-0.57576,0.17803,0.29167,-0.27273,-5.772,-0.57576,0.43182,-5.415,-49.749,-0.02273,0.17045,-0.41667
1,1,-26.71,-27.963,40.64,1,0.23529,1,16.571,1,-2.278,1,32.349,1,0.11765,-48.837,0.47059,1,-0.05882,36.208,-38.445,1,-47.958,-15.451,-31.946,1,-0.11765,1,0.20225,20.737,0.05882,1,0.35294,24.708,0.23529
0,16.415,0,-32.766,0,-1,-0.62766,1,-18.327,38.734,-14.036,-1,-0.36170,6.212,-0.59043,1,-38.137,0,0,0.82979,-0.07979,-0.25000,1,-29.744,-0.70745,4.498,0,-0.19149,-44.379,38.816,32.906,3.196,0.90426,-38.278,0.45745
1,1,0,35.166,46.016,15.872,-0.16667,0.70833,-36.389,0.87500,-0.08333,-11.303,0.04167,-28.592,0.12500,29.22,44.472,0.87500,0.04167,1,31.252,0.445,11.724,0.75000,2.323,0.83333,46.359,0.83796,0.05503,1,-18.072,0.70833,0,0.70833,0.04167
0,1,0,0.18590,41.676,0,0,12.066,0,0,-21.97,0,38.111,0.11538,-5.1,-38.861,0,0,-18.043,-8.514,-25.562,0,-28.682,-0.05128,38.704,0.07853,0.08974,0.17308,-0.10897,-25.041,0.09615,0.02564,18.283,-31.739,0.19551
1,1,0,-13.145,-0.08183,6.299,-27.854,0.99246,-4.534,-21.597,-0.33075,0.96662,-0.34281,-9.934,-37.234,0.91904,-0.48170,0.73084,-34.762,40.521,-0.63544,37.756,-0.78316,0.58829,-0.74785,0.67033,-0.96296,0.48757,-8.509,-36.817,-0.83893,0.24117,-37.967,-26.628,-0.89621
0,-34.221,-37.513,1,1,-1,1,-1,-0.82456,0.34649,0.21053,0.46053,-26.17,0.22807,0.05702,-9.065,0.34649,-36.652,-0.03947,28.6,34.498,-0.693,0,8.522,20.159,1,-0.66667,-16.564,46.333,1,-0.24561,0.35088,0.20175,7.935,-27.334
1,-4.877,0,1,0.24077,0.99815,0.00369,0.80244,9.131,-6.426,-0.23486,0.70643,39.995,0.73855,-0.30539,0.71492,-0.36078,0.47194,-28.63,31.287,-40.694,0.61041,-28.634,-4.16,-17.375,-45.272,-0.52142,0.29208,-0.48390,-43.904,-0.39143,0.15657,-27.908,-10.407,-0.46603
0,30.061,0,-1,-29.634,21.69,-1,-14.432,-19.595,-49.586,-17.225,8.066,-1,1,1,0,0,1,-1,0,0,9.988,0,1,1,-1,16.089,1,-1,-7.821,1,-23.103,-1,-18.232,26.128
1,1,1.952,-45.699,10.06,0.96419,34.487,20.347,-0.22602,0.81702,-0.27070,0.79271,-31.431,0.70302,-0.49639,42.487,-0.49967,0.37254,6.228,0.27070,32.231,0.40506,-0.54172,39.696,-0.59691,0.14750,6.638,17.138,5.786,-0.07162,-0.54928,-0.01840,-0.54074,-11.897,-0.47898
0,1,38.379,-1,22.924,-0.50694,-27.745,-26.567,-1,1,0.53819,0,6.397,-25.012,-17.195,1,-9.345,-31.531,0,9.356,1,-4.243,1,-10.169,-10.098,-0.71528,1,0.33333,-1,1,-1,0.69792,-1,30.148,1
1,1,0.605,0.84177,27.794,0.5,-46.638,0.09916,0.93460,-38.026,0.88186,-0.72363,36.461,-0.93882,0.19409,-23.99,-0.25527,22.782,-18.006,-0.25105,-0.85654,0.16245,7.802,0.51477,-0.66878,0.74895,-33.244,-21.094,32.219,0.64135,0.42827,15.836,36.909,-0.00422,0.69409
0,1,0,1,1,0,0,44.836,-1,-37.398,43.691,1,1,-39.805,-1,41.802,0,-38.779,-8.266,1,-30.899,-20.713,8.985,1,-1,-1,0.661,1,1,-44.3,-35.681,-1,1,-28.151,0
1,1,0,-37.504,11.905,1,1,0.77123,1,-0.33333,24.108,33.102,1,0,-4.515,-1,1,-33.284,0,-50.801,3.683,27.548,-3.455,18.735,42.158,-0.33333,-1,0.19235,-1,-9.415,-1,44.837,-1,1,-0.66667
0,33.259,0,-1,1,18.709,45.88,-5.38,0,-1,15.433,12.036,-1,41.219,-1,-1,1,33.899,49.337,-1,-1,10.138,1,0,0,-12.959,-1,1,-13.517,40.035,-1,1,1,-8.3,0
1,1,0,1,-16.884,-44.905,0.14211,34.005,-8.172,1,-0.12500,4.444,-24.319,1,44.46,1,0.58986,-0.37500,1,-29.54,43.264,9.239,0.92001,1,1,-1.574,1,-18.933,-1.664,1,0.25000,1,1,1,27.958
0,16.64,-9.662,-1,-1,0,-36.317,-17.513,0,-29.126,0,6.177,0,0,2.75,1,-1,0,0,-1,-1,25.879,16.818,1,1,1,-1,1,46.96,-0.39,43.747,-19.845,0,0,38.195
1,1,0,-10.465,-48.583,0.58264,-0.14380,-0.13129,-0.782,0.29796,0.04403,0.38096,21.859,0.28931,-46.267,37.158,-4.914,32.457,-0.29441,0.15196,-0.29052,13.373,-0.31525,0.06556,2.74,4.396,-44.396,-0.00046,-5.887,-0.02612,-0.21129,-0.04717,-0.18950,0.01336,47.854
0,1,0,0,34.555,0,0,0,0,0,0,-12.806,-22.178,0.16667,0.26042,0,0,20.464,45.772,-5.099,0,-0.19792,-26.52,30.123,0.90625,6.457,0.5,0.04167,-35.512,-26.274,-1,-31.221,-8.07,34.083,-0.93750
1,1,0,49.677,0.05149,0.99363,3.108,0.96142,0.14756,26.105,-0.26496,0.66026,2.946,-12.473,20.785,0.73781,17.326,-48.696,35.5,-4.818,47.326,0.52494,0.29200,0.45582,0.28476,0.39023,0.27226,0.32930,0.25553,-19.335,0.23568,46.546,0.21378,41.004,0.19083
0,1.692,0,-13.684,-0.09524,7.924,-1,-1,-29.867,1,0.31746,0.81349,12.648,17.281,-47.002,23.628,-7.175,0.47364,1,1,1,0.68839,-1,-1,-1,-26.865,0.36508,41.555,-20.477,1,0.50794,-49.639,9.538,-1,0.72831
1,1,40.5,0.93669,-0.00190,-27.884,8.522,44.853,30.669,0.93123,0.16828,-8.991,-0.901,0.99676,31.257,0.91586,-31.578,0.84628,10.727,-25.347,-0.14482,0.84871,0.26133,-15.022,-0.03641,0.84547,-0.02589,-44.949,-0.02302,0.98544,0.09385,0.78317,-0.10194,-32.817,-0.14725
0,1,-20.117,1,-1,-26.855,1,1,1,-28.99,-12.501,1,-12.497,1,1,1,-40.71,0,0.934,-22.37,1,-12.795,1,1,-1,7.907,1,1.76,-23.047,-47.978,-0.75000,-32.412,1,1,1
1,1,0,1,0.23058,1,-0.78509,1,-5.093,-46.26,0.15414,1,12.58,4.214,1.637,46.155,0.06610,0.95802,-21.467,34.901,33.374,0.97400,0.03728,-37.254,0.09242,14.562,-0.01253,0.96238,-0.04597,-14.187,0.03885,-9.858,-0.13722,8.132,-0.11717
0,1,43.502,-3.228,-23.336,-1,41.396,-0.07661,1,24.798,0.95041,0.74597,-0.38710,30.453,-29.319,-0.09677,1,0.48684,0.46502,0.31755,49.293,-0.14343,-0.20188,-24.156,0.06895,2.355,0.06639,0.03443,-0.01186,-0.00403,39.012,-29.493,40.093,14.911,0.00325
1,1,0,39.18,-0.822,-3.139,-0.16964,1,5.172,-29.47,-0.07398,-6.529,34.444,0.99745,0.02105,-10.629,0.02487,30.453,-0.13074,0.95663,2.619,1,0.00191,0.90306,-18.392,1,-0.14541,1,2.584,0.75638,10.573,1,-0.18750,-28.708,-0.05740
0,0,-27.894,-22.358,0,42.448,0,24.062,0,25.455,-49.418,0,0,1,1,1,1,26.093,32.124,0,0,50.427,38.171,22.128,-43.813,16.043,1,1,11.231,1,1,1,-1,0,0
1,1,0,23.777,-0.28428,5.193,-0.25346,39.044,-9.658,-1.106,-0.30566,10.868,-38.695,0.90818,41.557,0.75723,-0.58899,0.143,46.051,0.59623,-0.57579,0.68459,-0.70975,0.54465,-0.87327,0.49214,12.955,0.35504,-19.596,0.26352,-0.78239,17.404,-31.47,0.13994,-0.70000
0,-12.162,15.53,0,-3.513,1.87,23.917,0,-39.91,-0.85000,-1,0,0,1,-1,33.895,0,-1,-43.404,23.422,47.986,1,-1,-0.60000,-1,-48.452,1,-1,-0.20000,1,-6.467,0,43.781,0,18.371
1,1,-9.95,1,0.09091,0.95455,-2.176,0.77273,0,3.709,21.882,-22.689,-28.698,1,0.04545,0.584,-0.04545,-33.353,32.96,1,0,0.86364,-8.684,-14.133,0.09091,0.90909,0.04545,-6.916,0.02897,0.95455,41.383,0.86364,-0.09091,37.015,0.04545
0,0,35.023,0,13.128,-1,-18.551,1,0.341,-49.122,-28.508,-12.68,0,-1,12.377,-1,-22.622,18.787,29.594,-23.625,-1,1,-1,0,0,39.016,-1,-1,-29.159,0,0,1,-1,0,0
1,1,-27.71,0.91176,-40.932,-16.68,0.17647,29.196,0.08824,0.91176,-0.02941,-23.127,6.397,4.463,0.14706,0.94118,0.02941,1,-3.203,-12.738,0,-7.45,0.11765,0.88235,0.02941,-31.065,-0.591,0.92663,0.02600,-35.26,-45.001,0.97059,0.05882,0.91176,0.05882
0,1,0,40.912,1,30.712,0.15244,24.176,1,-44.607,1,-1,12.138,1,30.039,-1,-0.23476,0.28301,-1,1,1,-0.31402,-34.577,-1,-27.956,-39.53,20.072,-1,-19.966,-40.843,4.953,-1,-22.833,0.14939,1
1,1,0,-22.145,-0.10526,10.367,-9.832,0.83155,0.02615,0.68421,-36.778,0.68421,31.188,0.79856,0.05028,0.78315,39.815,0.84211,0.47368,3.562,-30.666,0.72550,0.07631,0.70301,0.08141,0.42105,0.21053,11.492,-40.909,-49.069,-0.21053,0.60150,-48.504,49.692,-27.11
0,1,0,-0.00641,-17.835,0,32.246,-0.01923,1,0,45.1,-46.274,0,0,-7.527,29.624,49.12,-38.657,-1.654,33.067,5.943,-0.35256,28.248,-0.34615,-12.1,0,0,-0.61538,-0.51282,-12.603,0,0,0,0,0
1,1,-5.233,1,0.45455,17.192,-39.182,0.81818,0.63636,4.893,-0.09091,2.102,43.961,0.81818,-0.45455,-7.554,0.27273,-16.505,1.451,1,28.705,-34.956,23.609,1,0.07750,1,-0.09091,1,-9.523,1,0.36364,1,0.63636,0.72727,-2.657
0,0,0,22.121,32.997,1,-1,40.989,-33.936,34.718,35.85,39.354,-1,44.574,-1,0,-24.691,0,0,0,0,-1,1,-47.301,-48.34,-39.866,1,1,1,24.149,0,1,0.5,3.069,0
1,1,28.925,-31.456,-18.097,0.63636,0.09091,0.27273,0.18182,0.63636,16.6,0.36364,-0.09091,-40.732,6.268,0.48612,-0.01343,0.63636,-0.18182,0.45455,-8.431,0.36364,-47.747,0.27273,0.18182,0.36364,24.505,0.34442,-0.01768,-41.346,45.208,-42.862,-44.329,10.313,-0.01832
0,1,0,-1,-44.958,-28.176,0,28.191,0.64516,-6.385,-48.581,0,-9.655,0,-35.495,-17.592,-16.409,37.452,0,0,-30.468,-1,-1,0,0,0.29839,-14.72,1,0.51613,22.834,-14.428,0,0,0,0
1,1,0,19.625,0.14286,1,45.584,1,0.71429,-31.66,-0.14286,47.098,-0.14286,-47.355,0.02534,1,0,9.132,-0.14286,1,-40.4,1,21.525,1,0,0.28571,-0.28571,-42.777,0.04891,-18.044,-36.399,-28.773,0.57143,-30.297,-4.554
0,0,0,1,10.307,1,-1,1,-26.75,27.79,1,24.609,-39.715,-3.031,-1,45.892,17.333,-13.587,41.045,1,-1,1,1,1,1,37.006,-33.481,1,1,-30.339,1,1,-44.505,1,1
1,1,0,-5.872,0.46972,0.53945,-0.231,0.10380,0.95275,-11.645,0.87916,43.167,0.58226,-7.669,31.124,-0.82417,-5.414,-0.59383,30.115,-0.24012,26.202,0.18823,-0.78699,39.194,-6.954,0.69274,24.293,0.69097,4.164,0.52798,-44.385,0.25974,0.56573,-0.06739,0.57552
0,2.122,-20.143,1,36.974,1,1,1,-1,1,25.812,1,-36.157,1,-1,45.543,-1,1,19.47,-7.719,9.127,1,-10.56,-0.219,-1,1,18.258,1,1,19.256,1,1,1,-39.85,-1
1,1,0,0.92657,0.04174,-2.255,0.15766,0.86098,-24.232,18.234,-16.862,10.081,-43.511,0.76221,0.40552,-39.567,0.48360,49.543,0.51752,40.102,22.841,0.48435,0.54212,-18.96,0.55684,0.33340,-25.407,44.433,23.886,0.22307,0.53448,0.14312,0.49124,0.11573,0.46571
0,0,34.579,1,1,1,-1,1,-1,1,-42.64,0,0,1,-1,-28.396,-6.03,34.195,8.64,0,0,-1,-25.667,-24.938,-43.222,0,0,-35.98,1,0,-21.994,-1,28.218,47.462,-8.178
1,42.93,-3.666,0.93537,32.25,0.93716,-49.677,0.85705,-6.14,0.79039,0.47127,-16.902,0.59942,0.65260,-31.608,0.50830,0.73586,0.41629,0.82742,40.778,0.85952,-16.314,0.85615,-2.331,-28.074,-0.07361,-29.151,-0.20995,0.78004,-5.989,6.587,-0.38532,0.64363,-0.47419,0.55835
0,0,-26.71,1,-1,-1,1,-1,24.708,-47.311,16.415,-31.766,1,-1,1.452,18.737,-1,36.208,7.084,-48.837,-1,-1,-39.328,-1,15.159,1,0,1,-1,-36.603,-1,-1,1,-1,5.498
1,1,0,-18.032,0.13069,-13.071,0.24323,-43.265,0.19038,0.36923,0.45577,0.44793,33.86,-11.969,39.612,0.25192,34.62,0.15215,-36.618,38.557,31.743,-0.03462,2.586,-0.31,0.44424,-0.14943,0.40006,-0.19940,0.34976,46.246,0.29541,-0.26634,-29.675,-0.23846,0.31154
0,0,0,29.511,-1,1,1,39.111,-1,1,1,1,-22.97,1,-28.426,1,-1,1,43.472,1,1,-17.043,1,1,11.066,1,44.724,16.039,-1,12.807,-27.682,-17.28,-37.639,-3.909,1
1,1,0,0.97467,-37.065,-24.621,-8.313,0.88783,0.32248,-24.276,40.166,0.85550,0.45217,-38.138,0.52284,0.69946,0.58820,0.58548,-26.251,0.48869,19.035,39.212,0.68159,0.35289,-10.036,0.26832,42.605,0.16813,-26.955,0.07497,0.80439,-0.02962,0.77702,-32.01,37.674
0,0,0,0,-4.236,1,-35.761,0,-14.145,48.333,-21.597,-35.221,5.299,1,-1,20.321,0,0,0,-34.11,0,0,-37.079,0,-7.652,8.82,0,1,-1,0,0,-1,0.307,0,-37.38
1,1,0,-8.493,0.15451,0.86399,-37.215,0.72582,-25.872,-27.312,7.674,0.57449,0.62719,40.668,0.74676,0.31705,0.67697,28.563,10.2,0.04686,-16.802,-0.12064,0.76969,-0.18479,-6.612,33.674,0.65708,-0.38798,31.468,-0.46799,0.50131,-0.53146,-27.005,-27.957,0.35095
0,0,0,-17.048,-40.143,-3.691,1,-16.225,1,0,0,-10.59,-30.634,-1,-1,-44.032,0,-1,19.69,0,0,9.988,-14.432,1,-44.512,0,0,1,-4.877,0,0,-29.24,1,-6.821,0
1,1,0,7.823,0.38138,0.65926,0.69431,-11.531,0.87892,-0.06726,15.991,-0.39597,0.80441,25.482,30.626,-20.425,-49.317,-0.78940,6.984,-0.62780,-0.30942,-0.46637,-0.55605,32.788,-0.64338,6.477,16.435,10.559,-22.587,-17.8,-0.29838,0.47029,-0.09461,0.42152,0.12556
0,-10.345,0,1,-1,1,1,-4.243,1,1,1,-30.142,1,1,6.274,40.361,2.952,-45.621,1,1,40.854,-24.252,-1,7.397,-1,1,-1,1,35.664,1,-1,20.476,24.924,39.379,1
1,1,-10.169,0.73523,-0.38293,0.80151,35.952,9.144,0.15266,0.55580,0.05252,1,0.21225,0.71947,0.28954,30.361,23.74,-27.07,8.839,0.64333,-0.02845,36.858,0.42528,-15.663,0.44872,0.94530,0.57549,0.44174,-28.263,0.12473,-20.873,-16.999,-9.601,-31.225,0.49831
0,0,0,0,27.36,-43.3,-39.779,-7.266,0,0,0,0,-37.648,0,0,32.14,0,-23.123,0,0,0,-31.899,0,0,0,0,-47.4,2.661,16.522,0,0.605,-32.955,0,8.985,0
1,-27.151,0,0.94649,0.00892,35.075,19.732,0.98922,0.00372,12.227,0.01598,0.94054,0.03530,45.663,0.04719,0.98625,-36.38,0.94277,-40.733,0.98551,-0.00706,-35.703,-20.663,0.96358,0.07098,44.769,-5.434,-1.577,0.04356,0.97473,4.357,0.97845,41.873,1,-0.00260
0,0,0,-12.959,1,-39.504,-1,-1,-1,39.035,-14.517,0,44.837,-1,-6.38,-10.415,42.491,0,0,-49.801,0,-1,1,1,1,28.548,0,15.433,41.219,0,0,22.108,-1,-33.284,-1
1,-15.952,0,0.50466,-0.16900,0.71442,46.895,0.71063,0.02258,0.68065,11.151,20.055,0.05594,-1.884,-8.256,34.58,0.05058,8.909,0.05692,44.604,-0.04662,0.64503,0.06856,33.89,0.07381,0.84033,0.18065,0.59935,-19.85,0.38228,27.026,11.6,49.428,0.54632,0.09346
0,1,0,0.298,1,44.184,-31.301,0.81773,6.221,0.76087,-2.557,0.86789,-7.656,0.70067,0.18227,0.75920,0.13712,0.93478,-24.965,4.152,0.18729,26.528,0.24582,0.60201,-16.739,1,16.101,0.89262,0.22216,-19.135,0.53846,1,32.94,0.56522,-45.666
1,1,16.818,5.129,-0.07778,-28.126,37.898,1,-0.85741,-8.862,0.06111,-48.048,-0.42778,1,32.128,1,-0.83519,48.452,-11.096,0.82222,-0.05926,0.98215,-0.19938,1,0.22037,-35.62,-0.26481,38.045,-0.24549,0.78889,0.02037,44.622,2.479,14.278,-0.57037
0,1,0,0.38521,0.15564,0.41245,-5.581,0.26459,0.24125,-25.811,0.13230,7.651,0.25292,-0.323,-4.355,0.08949,-26.072,2.969,-35.892,22.173,48.375,0.24903,0.09728,0.07782,-21.545,-0.02494,0.28482,-0.06024,20.726,-0.14786,-45.8,-44.238,0.31128,-0.19066,0.28794
1,1,25.149,0.57540,-49.396,41.575,-0.05357,-30.481,30.278,0.53968,0.03373,0.61706,-7.7,2.99,-5.123,34.908,0.01190,0.70833,0.02579,0.60317,0.01587,0.47817,45.744,0.59127,0.03770,-12.777,0.03968,35.168,-0.01237,-4.798,-0.13492,0.68849,-0.01389,-13.181,-0.03175
0,21.532,0,0.06404,-0.15271,-0.04433,0.05911,48.76,-0.02463,46.307,0.18719,0.06404,0,18.405,-0.09852,0.05911,40.555,-21.458,-0.02956,-0.12808,-19.816,17.121,-28.852,0.06897,0.02956,0.07882,12.049,35.493,46.983,9.804,-0.09360,0.04433,3.061,0.07389,-0.10837
1,1,0,0.61857,0.10850,-45.115,-14.753,0.70358,0.01678,0.74273,8.926,0.71029,31.333,-45.287,-0.00224,0.79754,-33.609,-26.857,-48.805,0.68680,-15.864,0.62528,-28.505,0.60962,0.11745,0.71253,-0.09508,0.69845,0.675,0.63311,0.04810,25.416,-8.226,0.65213,-31.676
0,1,-26.221,11.234,-9.594,0,0,-0.29620,-1,0,31.07,0.07595,-0.07342,8.09,0,0,-13.795,0,40.5,-27.855,0.934,0.00759,-22.689,-0.20000,0.33671,-0.10380,0.35696,43.986,-13.001,-0.992,0,-31.599,-1,0,0
1,1,0,13.183,-0.00857,0.89818,-0.02465,0.94105,-0.01822,0.89175,6.779,0.82208,1.596,0.88853,13.574,0.90782,-0.13719,0.87138,7.106,0.90782,-0.02358,0.87996,-41.856,-29.162,0.635,0.90139,-5.184,-19.234,-49.127,0.84352,-23.8,-12.612,-0.18542,-9.94,-0.16827
0,1,0,34.492,-0.5,0,0,0,0,0.46458,3.743,0.58958,-28.505,-29.485,45.155,-24.037,42.396,31.618,-21.731,0.59167,-47.444,0,0,33.53,14.911,0.98750,-0.40833,-1,-1,-0.27917,-0.75625,-15.099,0,0,-38.25
1,1,0,40.981,-29.692,6.168,34.25,0.92442,0.01359,0.89179,-0.10223,-21.435,-0.08428,39.959,2.578,24.729,-0.08918,3.185,-0.05057,0.89451,-0.04024,0.88418,-0.12126,-2.708,-0.11909,50.398,-0.14138,-17.835,-0.11808,0.85536,10.364,44.337,-0.12452,0.86786,-0.12235
0,1,0,-22.358,21.128,1,0.12889,0.88444,25.073,-30.451,-11.612,1,-0.42444,3.541,-1.009,1,-0.05333,1,36.355,24.062,0,1,49.387,1,-0.18667,0,38.381,-6.231,28.453,0,0,1,0.11778,-3.04,-0.09556
1,16.043,0,10.752,-30.702,0.85143,33.122,0.79000,13.695,0.79571,-0.04286,23.652,11.231,0.85571,-0.06714,0.86429,0.00286,-27.066,-0.05429,26.265,-0.11857,-48.649,-0.08429,0.84286,-0.05000,0.77000,41.93,47.447,-42.9,0.82571,-0.10429,0.81429,42.398,0.82143,-0.15143
0,1,0,23.917,0,0,-18.835,0,0,-2.106,0,0,1.87,23.422,1,5.193,-0.003,0,0,0,-39.91,0,0,-3.513,-9.307,38.098,0,-4.467,-37.204,0,17.238,0,0,0,0
1,1,0,-8.277,0.01818,0.43117,15.434,0.50649,-0.04156,0.50130,42.877,0.44675,0.05974,49.544,33.776,0.51688,-0.03636,18.898,-0.05974,0.55325,-0.01039,0.48571,-0.03377,41.783,-42.415,22.475,36.151,0.53215,-0.03280,-49.021,32.994,-14.361,-0.05455,-12.573,-0.08571
0,0,2.709,0,0,0,0,0,0,38.016,30.594,0,-2.085,0,0,0,-34.353,-28.698,0,-23.643,0,0,-19.551,0,-27.508,-0.325,-24.625,1,-1,-7.832,0,-12.68,0,0,-9.95
1,1,0,1,-0.159,1,0.25000,0.25000,-43.884,0.16851,0.91180,-0.13336,-40.04,3.151,0.60793,-28.597,0.37856,19.351,-36.034,-0.36676,13.135,-22.574,34.933,-0.16178,-0.12964,-31.995,13.25,28.352,-0.10242,0.01033,-0.07036,-48.099,-0.04142,0.02249,-0.02017
0,1,-0.621,-27.71,-26.956,0,-17.651,1,1,-1,28.039,-24.098,0,-12.738,-3.315,0,0,0,31.712,20.072,1,-7.215,1,1,22.893,0,0,1,-1,0,0,0,6.573,6.953,1
1,1,0,0.87048,0.38027,0.64099,0.69212,-22.197,0.86625,-22.658,-39.623,-42.265,-26.413,10.133,13.653,-37.536,0.22735,-0.81136,48.992,-0.67474,-0.38102,-20.314,41.284,-0.13013,-0.70762,0.15552,-0.66421,-40.614,-0.51568,0.52573,-0.29897,0.56239,-43.666,-33.062,0.16645
0,1,0,0,5.013,-48.599,0,-17.335,0,-1,1,32.246,-12.603,1,0.37333,-9.97,-0.12000,0,31.188,-1,-1,-49.596,0,3.562,8.529,39.757,0,1,0.22667,-1.654,-38.657,0,-30.719,0,0
1,1,0,0.88179,0.43491,0.59573,45.876,0.19672,0.94537,-0.24103,-16.579,26.879,0.71257,-0.86443,49.457,-47.197,32.699,-3.703,-0.44707,-0.46950,-0.73285,-11.395,-0.82217,0.26384,43.186,1.662,-0.55910,0.72147,-0.24433,0.72478,29.72,0.58137,16.581,-4.886,-6.95
1,1,0,0.32834,-24.665,34.87,0.21278,-35.716,29.718,3.635,0.92324,33.894,0.19380,-0.61352,0.25786,-0.94053,-0.05409,-0.13117,-39.871,-47.643,-0.44615,43.46,41.133,0.02668,-0.22786,0.27942,-0.06295,-7.853,23.945,0.27657,1.973,0.15078,-9.478,0.12197,0.20468
1,-33.936,3.069,0.83427,38.745,0.54040,0.78579,0.12326,0.89402,-0.33221,0.83578,-0.70086,0.59564,-0.86622,29.144,9.179,-48.543,22.524,-0.61894,45.014,23.718,0.12439,-44.116,0.51109,-0.72454,0.79143,-39.144,36.68,0.08718,-17.522,0.49079,24.524,0.70011,-0.03983,0.79444
1,1,-5.514,-15.785,16.565,0.59085,0.00481,0.60409,-0.07461,-43.697,-44.351,0.62455,-0.07461,0.67028,22.906,-40.989,-47.741,7.034,-9.563,0.67148,0,0.58965,-41.085,-7.93,-31.879,0.65945,0.14079,0.60463,0.02019,0.51384,-35.451,0.61733,-0.00963,0.61372,-0.09146
1,1,0,0.74449,-49.605,-3.846,0.03309,0.72243,0.16912,0.79228,-17.515,9.517,0.43934,0.63787,-29.768,-29.76,0.21691,-18.044,0.06066,-39.826,-32.608,0.67463,0.04228,-13.907,-0.25000,-14.224,37.294,0.61727,0.07124,0.30882,0.08640,0.55916,-28.102,0.60294,29.408
1,1,-45.505,36.622,45.081,-30.515,16.351,0.77486,0.02647,45.521,-0.10308,0.77538,0.08000,19.365,21.861,0.72322,-27.693,0.68615,-0.08923,-43.16,0.16308,-31.819,-48.28,0.63878,0.08041,0.60154,46.168,0.58803,0.08767,0.55077,0.25692,0.53389,0.09207,-35.945,0.09322
1,-39.715,-31.339,0.68317,30.802,0.84803,0.00202,31.8,-14.584,0.84300,0.09901,0.75813,26.831,10.126,0.00585,0.80738,0.00673,24.415,-0.12447,0.77935,42.009,-5.985,0.00909,0.74635,27.04,0.79632,43.864,25.25,0.01096,0.62235,-3.915,0.66624,0.01190,0.64407,0.01227
1,-7.719,0,-10.765,-20.143,0.38696,0.10435,38.465,0.06522,4.528,-0.03913,18.612,-0.12609,0.45652,2.169,0.50435,-6.354,39.035,0.19565,-34.735,0.14783,0.42174,-0.02609,0.32174,-6.856,0.47391,-0.00870,0.41789,-5.096,0.38696,-1.013,0.35217,0.14783,-44.335,0.17391
1,1,44.164,0.79830,-11.466,0.78129,0.20656,0.71628,0.28068,9.968,-40.438,0.65917,8.629,0.57898,17.866,0.49210,0.58445,0.33354,0.67861,-19.089,0.63548,0.09599,0.68104,24.833,-0.497,-24.517,0.63183,-40.352,0.60696,-0.18226,0.56015,44.288,18.987,17.124,0.42467
1,1,23.344,1,0.09802,49.942,0.25101,-42.929,29.548,9.444,34.726,0.74977,22.922,0.56937,0.71942,0.55311,-25.219,0.29452,-2.325,0.21137,48.259,0.09709,0.82162,39.551,0.79870,-0.15144,-16.471,-0.22839,0.69187,-0.31713,-43.613,34.176,0.54522,-0.42815,0.44534
1,42.93,-43.64,-25.044,-36.846,-29.079,-7.863,-49.141,6.307,-26.033,0.59975,0.54003,0.71016,0.39699,0.76161,-28.154,0.79523,0.09134,0.79598,-0.09159,0.76261,-3.868,0.66926,-0.30263,0.62610,-0.40552,0.50489,-0.46215,0.40753,-22.497,0.27252,-18.154,0.19172,-6.518,0.05972
1,1,0,0.94631,0.17498,0.90946,-16.119,-5.677,-37.828,0.73678,0.63842,41.115,32.852,-5.171,0.83614,0.30459,17.066,23.888,-28.029,-0.00701,0.93109,-0.18880,-47.417,-0.33023,0.82492,-0.46534,0.76482,-27.295,0.66335,34.529,-1.811,-33.111,0.42488,-0.81210,0.26092
1,1,0,0.91767,33.577,39.516,0.35543,0.72873,20.194,-18.234,0.69865,0.50376,0.74922,0.36100,5.316,0.15664,-49.001,0.00396,0.85210,-0.16390,0.77853,-14.162,39.801,-33.197,-36.949,-0.53140,15.954,-0.60328,0.40972,-0.64511,0.27338,-37.794,2.588,5.443,0.05394
1,1,0,0.76627,0.21106,0.63935,0.38112,-17.796,-36.114,0.15000,-29.692,0.13753,0.59565,-0.07727,28.957,0,12.293,-0.496,0.42014,-0.56136,-11.851,1.791,46.673,33.844,0.07588,-0.38483,-0.03229,-0.33942,31.044,-44.186,-0.19714,-0.19962,-29.672,-0.11894,14.767
1,1,0,0.58940,43.863,-4.055,0.55298,-21.158,0.07285,-24.599,0.16225,0.32781,0.24172,38.615,-25.439,0.63907,-8.315,0.71854,0.42715,0.54305,-28.543,0.65232,46.002,0.68874,0.07285,39.289,-17.776,0.49013,0.27687,0.46216,0.28574,12.501,-38.568,-31.499,0.29942
1,1,0,-25.92,-36.647,-27.041,-37.318,0.81594,0.09677,0.71157,39.851,0.56167,-14.222,0.69070,-36.954,-22.01,0.03985,0.53131,-10.826,-3.542,0.16888,42.57,0.07211,0.32068,0.05882,-7.119,0.37381,18.822,0.17951,37.083,0.32448,0.44141,0.18897,0.56167,0.15180
1,1,0,0.84843,0.06794,7.911,-26.263,0.77031,-0.03299,-16.897,-0.06620,0.59582,-34.186,0.67260,5.241,0.64260,8.755,-0.301,0.04530,21.033,0.01394,0.55970,-0.08039,47.867,-0.08453,0.47038,-37.608,-8.929,-35.312,-26.886,-0.08537,0.44277,-0.09621,0.42223,33.869
1,10.432,0,-6.325,0.08013,0.96775,-0.00482,0.96683,-0.00722,-4.998,30.843,1,-44.018,41.198,-0.01436,-3.732,-0.01671,0.98497,28.382,-36.601,-0.08848,0.95016,-40.167,-16.102,-0.02591,-9.609,-27.375,-27.08,-0.03034,1,-0.05843,0.92774,-0.03464,0.92226,-0.03673
1,1,0,0.47938,20.566,0.42784,29.937,0.70103,-0.39175,0.73196,-18.16,-30.371,9.772,0.49485,0.15979,0.45361,-22.222,0.42268,0.06186,0.5,-7.095,15.636,0.18557,-16.802,0.08247,-13.725,-19.399,-44.978,-0.12447,0.15464,-28.503,7.54,0.04124,0.45361,-0.51546
1,1,-46.621,0.63510,-49.63,0.76530,17.075,0.61432,33.312,0.65358,19.472,0.64203,0.08314,0.79446,-0.43418,0.72517,42.403,0.59584,26.266,0.63510,-11.603,0.63279,-31.396,0.70951,7.089,0.64665,0.23095,0.68775,10.432,39.977,7.35,7.045,0.19841,0.69053,0.36721
1,30.673,0,-4.742,-25.288,8.967,38.392,0.58876,1.968,0.58876,0.02472,-9.501,-0.00449,0.71685,-0.04719,-30.866,-10.336,0.57303,0.02472,-9.451,-0.07416,35.232,6.538,-15.619,23.888,0.46517,0.04944,0.56588,0.00824,0.47640,-0.03596,0.54607,0.10562,0.60674,-0.08090
1,1,-28.745,0.71521,-0.00647,0.66667,23.369,0.63107,-21.925,32.92,15.603,0.67314,0.09709,36.931,-22.965,0.60194,8.647,0.54369,-0.04531,0.46926,-17.45,0.64725,0.14887,0.39159,-32.738,-27.043,-0.05502,0.45105,35.85,0.31392,-0.06796,0.49191,-0.10680,27.664,-37.7
1,1,0,0.68148,44.794,-46.629,0.03457,0.65185,0.08148,44.446,-0.00494,0.79012,0.11852,0.59753,0.04938,-6.641,0.09630,-38.996,-32.075,42.541,-0.10864,9.471,0.00988,0.60988,0.687,0.66667,1.532,0.63773,-0.02451,-19.948,0.02222,-35.786,-40.876,0.51358,-43.346
1,12.269,0,-4.909,4.322,-36.01,0.04068,0.52881,-0.04407,-27.646,42.528,0.70508,-0.07797,0.57966,-32.305,0.53220,0.07797,-49.16,19.853,0.56949,-2.553,0.53220,0.00678,0.71525,34.068,0.52881,-0.03390,0.57262,0.00750,29.135,-10.419,0.58983,23.081,0.50169,0.06780
1,1,0,0.49515,0.09709,0.29612,44.895,0.34951,33.259,-4.807,-0.02427,0.58252,0.02427,11.37,0.04854,0.52427,0.00485,39.506,11.031,0.43204,19.714,0.34951,49.396,0.18932,0.25728,-13.648,-38.655,0.36547,-14.479,0.39320,14.608,42.482,33.899,0.37379,-0.01942
1,1,0,0.98822,33.027,0.93102,-45.564,9.078,0.35222,-7.553,0.48906,0.73584,0.51879,3.995,0.60179,0.43130,47.542,0.31800,-1.87,-16.668,27.647,0.07515,-23.977,-19.869,0.71284,-0.16489,0.69714,43.805,43.869,-0.16209,0.55805,-8.74,0.44195,-0.33483,0.37465
1,1,0,0.97905,0.15810,0.90112,44.099,6.998,0.48561,-16.795,-19.196,-9.074,0.73743,0.40349,-29.709,-36.065,3.598,0.04700,0.85475,-29.248,0.79749,-0.26180,-1.856,16.261,26.596,-0.51034,0.58324,-0.57587,0.071,-0.61899,0.30796,47.302,0.18345,-0.64134,0.02968
1,5.366,0,0.99701,0.21677,0.91966,-45.013,0.76902,0.62415,10.823,0.78120,0.36774,0.88291,0.10107,-48.794,-0.06827,-20.959,-17.458,0.72073,-48.941,-14.024,-0.55769,-0.489,-0.65000,17.173,-0.64658,0.15908,-11.781,-14.881,-0.64872,38.06,-0.54615,-0.22949,45.518,-0.35032
1,1,0,0.596,9.534,0.96132,0.40803,-21.685,-14.968,0.56687,30.02,46.601,39.362,0.14939,0.89489,0.05167,0.93682,-0.24742,-19.259,-0.42811,-46.314,-35.113,0.62563,-6.495,0.50428,-5.589,0.30912,-0.77097,0.15619,-0.75406,-27.87,-35.365,-0.17921,-0.66932,-0.34367
1,1,0,0.93972,0.28082,0.80486,0.52821,-21.475,0.73151,0.34961,24.193,10.511,0.90403,-0.20015,0.89335,-0.39730,0.82163,-39.036,-0.758,-7.677,7.528,-0.81262,-34.471,-0.81317,6.303,27.89,-0.26883,-0.63237,-0.46438,-6.877,-0.61446,-0.26389,-0.991,35.574,-5.39
1,1,7.961,15.159,0.35157,0.67333,26.114,0.43898,0.94353,-0.03643,0.80510,-0.22838,0.75334,-48.58,-48.54,-0.57377,0.28415,-0.66750,22.284,33.268,-0.06193,-13.614,0.364,-0.33197,-0.47592,-15.244,-0.53620,22.667,-50.409,0.24321,-0.43478,0.36586,44.289,24.935,0.13297
1,24.244,6.226,0.29073,0.10025,-9.418,0.17293,-9.075,0.34336,-42.747,-1.499,0.06266,0.21303,-40.232,0.12767,-0.06333,14.689,-0.06328,30.878,-0.05431,0.01408,-19.131,-0.00280,-23.907,20.79,-0.01755,-0.01505,-0.00886,-0.01475,22.631,-0.01250,15.542,-0.00948,0.00290,-0.00647
1,1,0,0.58459,-0.35526,1,0.35338,0.75376,-0.00564,0.82519,0.19361,-28.531,12.216,0.65977,28.838,-0.005,0.14662,-16.801,-20.525,-31.304,42.39,0.66917,9.871,9.253,-0.40977,39.953,-0.04699,-18.072,-26.762,34.185,-0.13346,0.15602,-0.12218,0.44767,-0.10309
1,1,0,0.83609,0.13215,-29.787,24.379,-42.149,-46.635,1.421,0.12961,27.932,26.024,0.49418,4.63,0.44747,0.13507,0.29352,0.02922,0.48158,0.15756,0.32835,-6.02,-20.956,13.336,0.26436,0.14530,-30.303,0.14314,0.26429,-34.607,29.486,0.13632,0.16655,0.13198
1,1,0,0.94080,-34.771,0.85738,0.01038,0.85124,0.01546,-20.126,-0.00278,1.422,-11.169,0.83289,-6.577,0.82680,0.03506,0.74838,-44.683,40.58,0.02405,0.80862,28.02,0.80259,-13.252,0.77336,0.02220,38.118,0.06235,38.495,10.06,-15.255,21.73,0.77269,0.07508
1,30.4,0,-14.574,0.04326,0.79946,36.723,-25.989,16.179,0.89455,-21.922,24.135,-32.202,43.121,-0.26724,0.89410,0.19964,0.88644,-0.04642,0.84452,-0.00991,11.946,47.99,0.78954,-0.25101,0.86661,-0.09193,0.85967,-5.659,-44.173,-0.04101,42.563,0.21812,0.88238,0.09193
1,-40.284,0,-41.686,0.072,0.98994,19.759,0.75855,15.21,0.74313,44.546,16.711,48.334,0.97921,-0.00469,0.96110,-18.284,0.91482,0.03756,0.71026,0.02683,0.81221,-0.08048,14.151,0,0.71764,-0.01207,0.82271,6.177,0.72435,42.739,0.90409,0.11066,28.209,49.113
1,1,0,0.47337,0.398,0.06213,-0.18343,0.62316,22.985,0.45562,-0.04438,0.56509,19.999,-41.735,0.27515,0.71598,-8.84,-7.331,0.12426,0.41420,0.11538,39.143,0.02842,0.51183,-0.10651,10.889,11.92,-21.426,36.974,14.946,0.25148,-45.099,-0.14497,0.34615,27.07
1,27.92,0,38.075,0.14689,-15.623,-0.13936,-15.781,-0.13936,0.80979,0.02448,0.50471,0.02825,11.364,3.244,-39.55,-16.365,-30.446,-0.24482,0.81544,-0.14313,-35.184,-0.00377,0.33333,0.06215,19.477,-0.33145,-2.566,-0.16837,0.52731,-0.02072,0.53861,8.501,-45.617,-0.22034
1,1,0,0.84713,43.111,0.86412,-0.08493,14.997,0,0.73673,16.817,0.71975,9.902,0.74947,-0.11677,-42.048,-0.18684,0.78132,-4.152,0.61996,-0.10191,50.786,26.732,-9.236,-46.061,0.84926,-0.26115,0.74115,-36.614,-21.497,-0.22293,32.588,-0.37792,39.731,-0.24841
1,1,0,-39.618,-0.08152,13.777,0.07337,0.84783,0.04076,0.77174,-0.02174,-12.339,-44.569,0.82337,-0.10598,0.67935,3.987,0.88043,-0.20924,-41.317,-13.194,24.285,21.571,0.97283,-42.079,0.85054,-0.18750,0.83705,-28.891,-47.572,-29.718,0.78533,-0.10870,0.79076,-44.227
1,1,-49.237,0.74704,-0.13241,-20.984,0.16996,0.72727,0.09486,0.69565,-24.233,32.069,-41.878,0.87945,-0.19170,-41.416,0.04150,8.268,37.62,-32.16,18.754,0.79249,-0.25296,0.66403,-28.144,0.67194,-0.10474,-13.984,-15.978,-46.392,-0.20949,0.37549,0.06917,0.61067,-0.01383
1,1,0,0.46785,0.11308,-41.83,0.00665,-14.41,48.605,0.47894,-0.13969,43.736,-28.997,0.63858,17.002,-41.164,-19.461,0.54545,9.314,48.328,-0.04656,0.47894,-0.19512,0.50776,-0.13525,-8.614,-0.20177,0.53930,-0.11455,0.59867,9.03,-20.746,44.407,0.56319,-0.04435
1,-36.697,29.32,0.88116,0.27475,0.72125,0.42881,0.61559,0.63662,22.431,0.90502,13.553,0.96128,-2.264,-23.549,-29.241,0.77500,-20.638,0.62210,-0.78768,0.45535,28.463,0.19095,8.434,-25.76,41.422,-0.26356,-0.67557,-0.45511,-0.54732,28.754,-0.30512,36.84,-0.19312,-0.75597
1,1,0,0.93147,0.29282,0.79917,0.55756,32.785,-25.795,30.529,0.92651,0.04636,26.158,-0.23237,-30.969,-0.55926,0.81018,32.721,42.778,-0.90995,0.36200,-0.92254,7.591,11.397,16.813,-0.83192,-0.46906,36.455,-1.188,-0.41223,39.36,-13.337,-0.93953,0.10007,-0.94823
1,1,-33.562,0.88241,0.30634,-46.397,0.57816,49.153,0.58527,3.559,1,49.481,27.945,-0.62403,30.982,-0.69767,33.355,-0.81422,38.704,-1,-0.00775,-37.088,-0.41085,-0.76901,34.686,-0.57242,27.765,-0.31610,-0.81876,-0.02979,-9.231,0.25392,-40.126,0.00194,-0.81686
1,1,2.916,0.83479,31.331,48.309,44.051,0.49234,-34.333,-23.331,-25.118,-0.08096,0.85011,36.894,0.77681,-0.52735,0.58425,36.875,7.89,-0.75821,-44.663,-0.71225,-30.066,-0.58315,-0.39168,-0.37199,-0.52954,-0.16950,-42.628,0.08425,-0.61488,17.663,-0.48468,0.40591,-0.35339
1,1,0,-23.01,1.893,26.426,0.62349,0.49305,-25.964,0.21592,-25.471,48.388,0.96167,-7.936,0.83590,-0.70747,0.65490,-0.87474,0.36750,-0.91814,0.05595,-32.887,-0.26173,21.633,-40.348,-0.50757,44.119,-4.214,-0.86122,0.07810,-10.82,-37.317,-0.78057,0.59407,-0.60270
1,1,0,20.671,0.31456,0.65541,0.57671,0.34962,0.70677,0.17293,31.886,-9.058,0.462,12.785,20.183,5.819,44.818,-0.74725,0.19492,-0.72180,39.103,-11.957,-0.28195,-0.49165,-10.818,-0.26577,-0.66014,-0.01530,-29.131,0.22708,-0.64428,0.43100,-22.363,1.213,-0.30075
1,1,0,0.98455,37.332,0.98058,-0.04104,12.417,-0.07635,-30.497,-37.94,14.655,-0.02604,0.98500,-0.07458,0.99382,-0.07149,23.658,4.678,0.97264,15.025,36.34,-37.865,7.288,-0.08914,0.97352,45.699,0.96653,-50.062,19.337,-0.14916,0.97132,-0.15755,0.96778,-0.18800
1,1,-18.171,0.94052,-0.01531,0.94170,0.01001,-41.775,-33.865,0.95878,-37.171,-8.659,-0.03710,16.91,-0.01767,0.97055,-6.516,0.95465,-0.04064,0.95230,-3.043,-18.926,-0.02179,0.92815,-46.44,-34.945,-0.04476,0.92695,-0.05827,45.418,-0.07479,0.91991,-0.07244,3.904,23.201
1,1,11.501,0.97032,-0.14384,0.91324,13.155,39.556,-46.207,0.98630,-43.923,0.91781,0.00228,0.93607,-0.08447,-22.669,-0.281,-16.895,-0.08676,0.97032,33.349,30.028,0.10274,0.92009,2.592,0.92466,0.06849,0.94043,-4.198,0.97032,-0.20091,0.85388,12.787,-39.089,-0.21918
1,12.007,0,-27.013,-0.03390,-9.764,0.08475,0.52542,-0.16949,0.30508,35.881,0.50847,2.052,0.64407,0.28814,0.83051,-0.35593,-35.426,0.01695,0.55932,16.788,0.59322,-10.742,-48.762,0.05085,0.40678,0.15254,48.814,-33.256,-16.112,-0.03390,0.83051,20.145,-4.973,-0.10169
1,-13.999,0,-18.205,-34.616,0.44444,0.22222,-15.965,-25.178,0.41667,-33.022,0.5,-0.11111,0.54911,-0.08443,22.072,0.33333,-18.318,0.02778,0.25000,-0.19444,0.47222,-0.05556,-31.54,-41.583,-43.568,-9.22,0.41543,-6.199,0.19444,-0.13889,0.36924,-0.14809,-48.939,-0.5
1,1,-18.255,0.51207,0.087,1,0.53810,0.71178,-3.294,0.45622,0.46427,0.33081,1,0.21249,22.127,-49.395,6.013,-21.771,0.98722,-0.61382,-32.999,-6.551,0.71699,-48.06,0.47894,-1,49.024,-47.65,0.09569,17.993,-0.16713,-1,-0.42226,-17.822,-0.65557
1,-28.29,1.857,0.75564,-39.988,0.83550,0.54301,0.54916,-43.827,-20.11,41.163,0.13469,0.94749,-13.834,0.93778,7.837,0.82223,-0.52742,0.71161,-0.68358,0.67989,-0.70163,25.29,48.092,0.02995,-14.218,41.112,4.154,-0.32792,-0.63312,-0.19185,-0.34131,-37.922,-0.19609,-0.62956
1,1,7.864,0.83789,0.42904,0.72113,0.58385,-32.855,26.36,-13.553,0.82732,11.788,0.86947,-42.128,0.78497,-13.542,0.52070,-0.78470,0.26529,-0.84014,0.03928,18.857,-0.31351,-41.349,-0.48905,-5.086,-0.67796,31.841,-0.62691,0.14690,45.115,0.37093,-0.39167,-36.831,-36.596
1,7.616,0,15.5,0.35107,-43.511,13.644,23.126,26.259,5.865,0.95776,-0.21775,0.96301,-0.56535,8.752,-0.78751,0.58045,40.178,0.26020,-39.942,-0.06418,-0.87028,-0.40949,-40.056,-0.67464,-0.36799,-32.137,-0.04578,-0.91221,0.27330,-0.85762,0.54827,-22.211,-29.36,-0.44173
1,1,0,3.75,0.36924,-38.805,16.629,27.313,0.94078,15.083,0.76527,-0.31605,0.92453,-0.66616,0.78766,-0.92145,8.347,-1.358,0.09585,4.568,46.186,-8.633,-0.66278,-0.46010,-0.78174,-8.37,-0.88082,-7.209,-28.403,43.986,-0.70247,0.69886,-0.46048,0.76066,-0.13194
1,1,0,1,-23.498,1,-0.05558,1,-41.33,1,-0.12352,-27.188,-0.01511,1,-0.01731,1,-0.06374,-25.69,-41.919,22.489,0.05900,-48.178,-0.10108,-12.898,-0.074,1,-0.22978,2.618,-0.06823,1,21.807,-24.756,14.327,36.128,-0.07439
1,1,-41.745,0.95559,-0.00155,0.86421,7.931,-31.795,-36.375,-39.086,-0.51171,7.762,0.10368,1,0.071,0.99264,-0.02542,0.95853,-19.174,0.84013,0.61739,1,-0.16321,44.237,-0.08495,-30.656,-0.337,19.064,-0.01769,0.82427,4.091,0.80634,-0.01957,43.896,-0.02039
1,1,0,0.79378,0.29492,4.495,0.52312,0.41319,0.68158,5.987,0.83548,-24.457,-24.192,-0.42911,-37.081,-0.57165,13.279,16.859,-23.792,-0.69977,48.874,1.193,10.384,-47.529,-0.38287,-0.17437,-0.52540,42.32,-0.48707,0.19030,12.778,0.31008,-0.23199,0.34572,-0.08036
1,1,-23.959,0.88085,0.35232,0.68389,-4.128,-26.543,0.79784,0.05832,0.90842,-0.29784,-12.147,-0.62635,-22.989,-0.77106,0.39309,-0.85803,15.49,-0.81641,24.968,40.93,-0.50022,-38.114,34.733,-24.467,-0.75533,0.17041,-17.477,0.40675,-0.57649,26.726,-20.274,0.62765,-0.13305
1,1,0,-40.599,0.39286,29.594,-47.266,0.29521,0.90824,47.197,0.94415,-0.152,-8.891,-33.945,0.58511,-0.92819,-36.767,20.566,-0.15315,-3.182,-31.315,-0.50931,-0.76197,-0.14895,-0.88591,13.193,-0.85703,-3.653,-0.68593,0.74846,-0.40656,0.83142,-0.07029,14.326,0.27926
1,1,0,30.652,-0.24051,1.603,33.377,0.557,-14.912,26.219,-32.32,1,0.11392,0.92405,1.338,0.84810,-0.03797,0.63291,-0.36709,0.87342,-0.01266,-6.972,0.06329,22.683,-7.592,0.62025,3.777,31.04,-0.05540,1,-0.06329,45.519,0.02532,0.83544,-0.02532
1,1,-24.19,9.192,0.00840,-21.856,0.01659,14.947,0.02469,-15.179,0.01681,0.60504,0.05882,28.248,48.347,0.77441,0.05407,0.64706,-30.189,43.387,0.04202,28.747,0.07122,0.68895,49.111,0.66387,0.08403,0.63728,9.271,0.61345,0.01681,0.58187,40.235,19.416,0.08891
1,1,0,34.326,-17.154,0.92211,32.373,0.92046,17.039,-42.593,0.08010,-7.817,0.11370,0.91161,0.04320,0.90738,0.05018,-25.402,24.723,0.95866,0,-35.868,0.07047,0.88430,0.07697,-48.906,0.10853,0.86923,15.288,0.87597,-16.567,0.85198,4.884,42.419,0.10698
1,1,0,-32.845,-30.009,23.528,-0.00343,1,-0.01565,20.463,47.768,1,-0.02809,1,-0.02187,0.99828,-45.586,6.108,20.617,-18.015,-0.03452,1,-0.03881,1,-0.05039,1,35.107,-1.752,-0.05527,-40.78,44.709,0.99057,-23.925,0.98971,-0.06668
1,1,-34.018,0.89505,-0.03168,0.87525,0.05545,0.89505,-21.959,0.92871,0.02772,0.91287,-0.00990,30.005,-0.01584,-2.595,-19.656,0.93663,-40.093,-45.772,-14.018,-13.249,0.00792,-4.139,-0.01782,-28.685,0.02376,-9.216,0.01611,0.88119,41.634,0.87327,0.04158,49.114,0.02376
1,1,0,0.90071,0.01773,1,46.987,0.90071,48.616,0.84752,0.05674,1,-5.724,0.97872,-17.136,-17.415,0.03546,1,17.39,-32.259,-0.03191,0.86170,22.186,22.919,0.09220,0.90071,0.04610,48.278,0.03247,-37.914,23.68,7.213,-46.25,0.93617,0.02128
1,33.73,0,0.39394,27.679,0.62655,0.01270,-35.793,0.09091,0.63636,0.09091,0.21212,-0.21212,49.481,-47.198,0.39394,-42.172,0.56156,46.97,-26.688,-11.189,0.78788,0.18182,8.529,-0.15152,-16.985,0.05929,0.46362,-43.547,0.33333,-0.03030,-17.907,2.444,0.39394,0.24242
1,13.215,0,-11.97,0.35950,0.72014,3.201,-45.748,0.83049,0.08646,0.85893,-22.486,0.86121,5.529,-1.859,-0.68714,-6.981,-0.77019,-20.18,-0.69397,-0.13652,-1.465,-0.42207,-0.32537,-0.57679,2.123,-0.59954,0.15360,-16.226,22.075,-0.37088,0.46189,-0.19681,40.407,0.01820
1,1,0,0.89563,-5.46,0.67311,10.984,0.35916,46.877,-45.525,-20.918,-0.737,-26.982,-0.67274,-16.555,-15.467,0.30356,-0.86150,-0.05365,28.576,-0.34275,-0.51778,-50.252,38.295,-0.73855,-14.835,45.444,0.33531,-0.62296,0.52414,-0.42086,0.61217,-0.17343,0.60073,0.08660
1,-21.056,35.664,0.90547,0.41113,0.65354,-21.743,0.017,0.95905,-0.13342,-33.635,-0.52236,0.83263,-35.457,9.885,-35.577,-4.749,-0.93001,-0.25554,-7.633,-0.59379,-0.41546,-20.95,-0.02250,-7.35,0.36318,-0.85368,-14.858,-0.61959,0.85977,-0.28123,0.88654,0.09800,-46.314,0.46301
1,1,10.403,7.346,1,0.36700,22.239,24.637,0.92713,-0.27586,0.93596,-0.31527,-1.01,-0.87192,0.36946,-0.92857,-0.08867,-0.38916,7.619,25.027,-15.94,-38.502,-0.93596,0.25616,-0.20443,0.73792,-5.137,29.497,7.056,1,23.595,0.38670,0.00246,23.566,0.79790
1,1,0,1,-12.288,-42.412,-9.318,22.695,31.201,-0.32104,0.73062,-0.45455,-49.405,20.226,0,-0.57576,14.139,-0.33333,-0.48485,-49.119,-0.84848,0.48485,-0.57576,0.57576,-48.753,1,-0.39394,0.72961,0.12331,-18.12,0.57576,44.832,0.788,33.832,0.33333
1,1,9.666,0.88110,0,0.94817,-0.02744,40.241,-0.01220,-8.211,0.01829,-17.738,-23.86,0.93902,-1.753,0.95732,0.00305,7.226,0.02744,0.94207,15.529,24.152,0.02439,0.91463,0.05488,-19.102,0.04878,15.506,0.02226,0.90854,8.414,1,-40.13,0.273,-0.01220
1,1,0,43.172,-17.444,30.089,-29.115,0.90426,-0.01773,34.586,-42.797,0.80142,0.08865,-25.71,-0.00709,0.94326,25.821,-29.607,0.20213,0.95035,-0.00709,29.689,1.189,0.80496,0.07092,-20.34,0.15957,0.89527,0.08165,0.77660,0.06738,0.92553,-31.884,0.92553,12.492
1,1,-46.718,0.74468,0.10638,0.88706,24.328,-5.722,-13.291,0.87234,-6.18,13.921,0.10638,-29.632,-34.739,0.87235,-44.669,5.46,0.07801,0.95035,0.04255,0.85597,0.04743,0.84931,0.629,-15.162,0.11348,0.83429,28.031,0.74468,-0.03546,0.81710,0.06800,28.302,0.07173
1,1,0,22.535,0.03727,38.535,0.00343,11.859,-20.891,0.86335,0,0.95031,-26.905,0.87021,0.00994,0.86303,0.01151,0.83851,-5.693,0.85714,-44.936,10.81,37.344,0.83486,0.01749,-10.483,-21.882,0.82111,39.8,-34.07,0.08696,0.80757,0.02308,42.604,0.02441
1,1,0,-31.207,0.00710,0.98579,0.01954,16.886,0.01954,0.99290,0.01599,0.95737,0.02309,0.97158,0.03552,1,0.03730,0.97869,0.02131,0.98579,19.718,30.372,-15.397,0.94494,23.304,49.293,42.252,28.456,36.605,0.94849,15.163,50.077,13.213,49.32,0.09947
1,23.975,0,1,0.01105,-6.887,0.01105,1,27.096,12.939,-0.01436,0.99448,-18.388,0.98343,0.02320,20.981,42.759,0.97569,0.00773,7.131,0.01657,16.733,-42.428,0.98122,44.659,0.97127,-41.291,0.98033,36.957,1.026,0.01547,0.98564,0.02099,0.98674,0.02762
1,1,37.476,1,0.19,1,-3.165,1,-42.184,4.289,0.06264,-7.824,0.04474,0.95973,38.644,-39.358,0.06488,0.98881,0.03356,11.41,14.447,0.99776,0.09396,0.95749,0.07383,-20.891,0.10067,11.689,0.08763,0.99105,0.08501,1,19.016,1,-45.318
1,-2.94,0,-15.343,0.36724,0.67123,-15.958,0.39613,0.86399,0.02424,0.93182,-0.35148,0.83713,-0.60316,17.482,26.102,-15.934,-0.83285,-0.00642,-0.69318,-0.32963,-0.52504,13.639,8.54,-36.568,0.00806,-0.69774,0.26028,31.255,-30.515,-0.43383,10.58,26.705,-45.728,0.02823
1,-12.226,-10.129,0.90147,-45.609,0.64131,0.75725,50.298,0.95148,-36.586,4.958,-30.24,0.81191,-0.81857,0.50949,20.661,43.248,38.159,-0.31412,-0.70163,-0.65461,-0.32354,-0.88999,0.05865,-23.101,0.44483,-43.645,0.74105,-0.55231,0.89415,-0.18725,0.87893,0.20359,-28.084,13.491
1,1,0,-27.53,0.11042,-12.951,0.29308,0.14020,38.369,-0.25131,8.557,-0.16503,0.26664,-0.63714,0.24865,22.445,-44.515,18.641,-0.19909,-44.527,-0.48886,-42.298,-0.89991,-41.705,-0.28916,0.28307,-0.18560,-41.756,-0.11498,0.31005,-40.44,-48.216,0.20540,0.13376,31.665
1,1,-46.993,0.65845,9.495,0.44681,-23.374,0.05319,0.85106,-0.32027,-20.7,-0.68253,0.52408,-50.079,-14.532,-43.248,-0.28723,-16.327,-0.71725,-0.04759,-9.888,0.23292,-33.559,17.73,-42.164,0.74300,-0.18645,0.74758,0.23713,0.45185,0.59071,43.411,0.76764,-21.468,0.74356
1,1,0,0.19466,0.05725,0.04198,-28.758,-0.10557,0.48866,-0.18321,29.18,-24.861,48.597,-0.45420,-41.751,-0.16412,-0.30534,-0.10305,-0.39695,0.18702,-2.239,-19.088,42.086,0.28626,-15.125,0.21645,29.529,9.488,44.836,-0.03817,0.26336,-0.16794,0.16794,47.497,37.171
1,1,0,0.98002,0.00075,1,0,-25.521,25.19,41.164,0.02394,38.084,17.032,0.97888,0.03073,-18.995,0.02338,0.93929,0.05713,43.089,29.373,0.97738,0.05524,-27.883,9.335,0.94155,22.124,0.96709,0.07255,14.411,-25.599,0.98190,0.08126,0.97247,-37.611
1,1,0,0.82254,-0.07572,0.80462,0.00231,0.87514,-31.932,0.86821,-0.07514,32.914,49.456,49.658,-13.151,0.83121,-0.07399,31.015,0.06705,0.78324,7.595,0.86763,-47.153,34.243,-0.06012,0.74451,-0.02370,27.791,12.306,-38.564,-0.07630,0.208,-0.04220,-7.578,0.01214
1,38.579,0,0.35346,-0.13768,0.69387,-0.02423,-25.303,-35.053,30.819,-0.06119,-22.933,28.336,0.62099,38.227,-41.426,-36.371,-33.139,-0.26409,0.58213,0.04992,0.49736,35.053,0.46241,-0.08989,0.45008,3.496,0.39146,-0.09038,-29.557,-0.10306,33.352,-0.08637,0.28943,-0.08300
1,1,0,0.76046,1.572,0.86335,0.00258,-6.605,-23.935,0.79988,-39.784,0.81504,0.12068,3.747,-26.415,0.81815,0.00854,48.444,43.505,31.807,7.616,0.76979,0.01148,18.162,0.01232,0.77138,-0.00303,0.70886,-44.688,0.66161,44.875,0.66298,37.264,0.63887,0.01525
1,23.373,0,-26.14,-0.01366,14.176,0.06831,0.49590,0.50137,0.75683,-0.00273,0.65164,-0.14071,0.40164,25.175,48.919,-9.361,0.76776,0.31831,1.352,-10.17,31.572,-0.44945,-20.851,-31.982,-37.07,0.06967,0.68656,0.17088,0.87568,0.07787,-3.438,19.763,0.13934,0.48087
1,-7.868,-0.337,0.83508,0.08298,0.73739,-0.14706,23.528,-0.05567,0.90441,-0.04622,-36.919,6.635,46.594,0.06723,45.134,35.258,-27.434,-0.02101,-10.37,15.214,0.87605,0.01155,0.77521,-31.418,0.95378,-0.04202,0.83479,0.00123,40.152,19.966,0.86660,-0.10714,0.90546,-0.04307
1,1,0,-8.655,18.407,14.654,-0.02723,0.93438,-0.01920,0.94590,-35.85,3.948,6.368,-17.229,0.07330,5.719,-0.01326,-2.024,11.418,0.94834,0.06038,0.92670,0.08412,0.93124,0.10087,-37.009,-33.836,-48.997,37.409,0.93159,0.08168,0.94066,-0.00035,0.91483,0.04712
1,1,0,0.94701,33.561,0.654,-0.03227,0.95177,-37.194,-5.521,0.02446,-18.927,-17.744,-45.47,0.04688,0.93954,44.5,0.94837,23.295,16.876,0.01393,0.91406,0.07677,0.89470,0.06148,0.93988,0.03193,0.92489,11.526,-41.803,12.897,-3.181,0.00442,0.92697,-0.00577
1,1,0,0.90608,-0.01657,-22.601,-5.756,-39.098,-46.073,0.85746,0.00110,0.89724,-36.001,-9.822,38.576,29.934,-0.04530,3.102,-0.00884,0.80773,-0.12928,14.044,0.01215,0.92155,-0.02320,-32.343,2.623,0.89147,-44.183,11.837,-0.17238,0.96022,-0.03757,0.87403,-0.16243
1,36.898,0,0.84710,0.13533,21.034,-16.835,-10.168,21.571,0.88928,-0.09139,-17.751,0.06678,0.80668,-0.00351,0.79262,-0.01054,0.85764,-49.672,0.87170,-0.03515,0.81722,-41.65,-14.289,-33.117,17.619,-19.025,0.81147,-0.04822,0.78207,-0.00703,-26.781,-0.06678,0.85764,48.079
