1,1,32.288,31.274,-30.79,-48.642,-19.131,23.999,-10.468,-40.844,-38.886,26.648,-13.078,-18.389,-0.44945,33.178,-6.849,37.649,7.277,-3.189,-0.32192,-18.241,-30.907,-27.308,-36.559,36.544,-23.412,14.623,-15.981,-1.516,-12.877,-1.525,-41.706,8.584,-43.257
0,-48.957,47.759,0.202,-41.215,-0.739,-29.731,21.152,-0.93597,-8.048,47.273,-10.243,39.331,48.059,-21.45,41.278,11.941,-31.339,38.589,27.621,2.155,-26.711,-35.525,-28.579,-0.35734,-19.801,32.949,-33.726,-16.016,-16.254,-42.836,-19.893,14.303,-22.525,-0.02447
1,-30.598,-22.497,35.08,36.076,-33.655,-23.574,50.179,-5.534,0.88965,-14.167,26.929,10.145,-21.64,18.157,34.546,46.039,-48.622,-43.461,0.75535,-25.197,-35.116,14.847,17.725,-14.314,-46.328,18.563,0.673,16.087,46.703,-42.752,39.828,30.977,-13.253,-0.38238
0,-2.766,4.59,-48.409,-47.384,-41.558,11.238,-5.489,-18.783,9.158,18.123,-24.77,3.594,5.873,-33.447,-1,3.646,35.73,48.9,39.713,-45.998,-16.865,-8.755,29.181,-18.215,13.993,-18.605,17.298,-29.032,1,-0.20099,-11.794,45.092,9.535,11.126
1,19.432,14.139,-40.288,-0.02401,38.232,-44.656,-23.018,-35.539,-39.474,-49.635,-8.489,5.367,7.564,-15.968,-46.569,42.527,-3.436,-0.21780,12.999,37.124,0.05982,30.758,27.655,-13.313,-7.779,-44.749,17.818,-42.179,21.379,-18.087,-47.639,43.848,-29.837,38.835
0,1,-38.718,-42.107,48.887,-45.404,-2.466,-34.718,-6.605,-23.348,16.602,-19.307,-24.664,5.423,-43.113,-39.318,-22.513,-28.2,-28.551,-26.922,-34.184,28.918,0.03669,-25.505,-35.555,-32.954,26.725,-40.618,0.09223,-10.96,-49.872,-11.633,44.886,11.531,20.851
1,-19.591,0,0.986,45.232,-40.646,-2.642,35.1,19.077,-27.684,8.489,17.076,1.201,-37.432,27.511,39.387,-0.61436,-20.259,37.094,-14.171,26.08,45.933,-11.029,-28.306,-28.357,-37.351,-0.81634,46.585,6.037,-21.999,-49.942,6.664,-44.942,-40.001,46.269
0,0,4.212,-26.29,-7.301,5.882,-22.317,-33.797,-1,-25.833,13.4,-24.326,29.32,34.898,-32.255,-25.727,1.096,-11.958,42.584,-0.213,29.897,0,45.491,10.561,-3.886,-6.999,10.986,-48.305,26.988,35.659,-14.875,-33.961,-32.712,-6.062,6.735
1,-7.912,-43.584,43.454,32.209,29.07,-29.824,-41.267,33.479,1,-3.258,30.398,2.188,50.392,-38.284,46.118,-23.8,-12.437,-33.825,-49.034,-35.393,-41.673,22.277,-17.218,-22.764,0.85106,-2.452,-5.454,44.902,8.57,-8.985,-21.965,-23.581,7.859,-0.73420
0,30.12,-34.386,-37.314,-26.847,-45.989,-46.425,23.47,-40.369,-8.667,-33.596,-39.068,-48.755,-47.693,0,-23.532,0.38602,-35.06,-46.097,19.192,-43.395,9.503,31.685,16.372,-8.949,15.604,-12.786,-2.096,-3.645,27.167,40.585,-9.15,-12.75,25.432,0.38065
1,1,0,-44.1,-25.052,49.369,35.091,-9.646,19.952,5.059,23.697,10.803,6.498,14.247,-23.709,40.713,14.636,-16.18,-45.501,45.195,30.061,-6.674,5.556,-20.636,-7.85,-41.723,41.716,31.712,2.512,20.091,-44.506,11.96,-40.523,0.22995,43.534
0,1,30.495,-20.01,23.603,8.955,38.351,-21.387,18.317,44.331,-41.55,50.382,-40.079,35.915,40.525,48.306,-25.099,-10.875,-41.907,-14.536,-32.67,-22.659,8.616,-30.563,1,37.427,-31.191,22.701,-38.892,41.644,3.483,19.484,-1,41.87,35.694
1,-46.557,-27.189,-23.831,-48.632,-14.653,-36.083,7.778,6.566,-9.607,-8.388,50.85,-0.35151,24.172,21.833,0.93719,-31.441,-13.713,2.738,-38.288,-48.745,41.371,23.008,9.151,40.243,39.744,-47.202,-31.395,37.621,-4.33,-9.625,43.824,-37.352,0.64727,-13.459
0,48.13,-9.297,17.812,-14.503,-11.863,17.485,38.805,10.548,-30.688,-12.383,-26.217,20.538,-11.216,25.32,-43.313,44.547,35.972,-6.54,-47.256,-24.067,0.61831,-15.022,19.91,26.435,1,48.884,21.056,0.35924,42.595,20.782,-42.163,-25.876,-37.343,36.949
1,1,-8.162,25.389,46.266,-36.548,0.03420,-21.744,-15.073,20.124,-36.542,-44.337,31.479,18.589,-33.277,22.741,-29.456,36.239,-47.609,40.142,13.85,-41.238,-15.29,-41.01,-32.178,40.953,-31.807,29.387,48.077,1.418,12.358,-47.191,0.32492,-31.852,11.169
0,1,36.209,-7.843,-45.995,-8.516,-31.751,-0.03520,36.93,-45.113,47.728,38.494,-1,-31.433,-0.82,16.491,35.791,32.568,-25.454,-17.179,-24.886,41.616,38.988,38.446,-45.032,-40.128,-30.884,-1.089,24.264,4.52,-42.457,-27.723,-2.157,8.913,11.084
1,1,-19.102,12.291,0.924,0.771,36.199,-11.152,39.364,34.822,-40.511,15.881,32.674,47.462,34.765,-7.444,18.789,-47.332,2.637,38.276,15.543,35.758,21.725,5.332,42.388,0.81329,-12.856,0.79476,20.416,-48.575,34.688,-41.217,-2.71,-30.858,-31.303
0,19.033,-14.29,-43.148,1.495,40.995,-41.623,37.635,1,40.599,16.012,-1,29.971,21.734,-4.753,-18.592,10.795,-6.657,-42.625,4.128,47.931,20.983,-21.474,0.701,-32.529,-45.155,35.052,3.452,-12.494,7.92,15.024,46.316,-1,-48.625,44.521
1,1,20.311,25.456,42.775,17.279,0.74,4.236,13.233,-7.721,33.223,-22.238,49.604,20.803,-26.853,27.391,35.964,-1.523,-45.429,9.463,19.132,7.325,-7.569,35.365,0.22625,21.312,-32.444,-14.239,-10.603,0.43433,2.571,31.944,-42.205,33.54,12.519
0,13.03,16.436,-24.026,-6.44,44.8,36.271,-19.395,-19.669,49.189,50.522,-23.766,1.458,-17.226,34.18,0,-36.218,-34.128,-38.692,10.351,-19.379,-26.899,-2.073,-1.39,-10.453,-3.588,14.619,1,-48.69,-0.914,-49.026,-48.75,-11.589,37.561,1
1,10.264,-41.844,37.806,-0.00612,-0.728,-0.09834,-41.029,23.089,-37.924,-30.717,-29.732,-13.011,-21.649,-43.199,-18.154,-2.104,-2.85,-12.855,9.262,-6.813,8.58,-49.935,31.24,-43.752,-9.272,-19.214,33.115,-28.099,-18.229,25.413,-35.281,-23.306,0.74354,35.526
0,0,-29.369,4.155,-18.597,-16.064,32.573,-35.072,21.26,-34.522,-16.832,-22.387,47.759,-31.394,39.211,-42.161,-43.72,11.916,-2.669,32.215,48.715,13.366,1,-19.727,14.212,41.794,27.29,0.202,-1,-16.519,48.318,39.008,-40.027,-11.752,-25.579
1,1,-31.598,37.07,-8.977,-34.825,-43.281,47.036,0.09313,40.126,-14.245,19.041,-49.434,32.051,15.061,-27.523,-34.557,-46.137,26.201,-21.745,-25.165,-49.297,18.887,0.725,-13.873,-4.857,49.102,-20.172,16.286,0.49664,-14.192,10.605,-23.579,-21.973,17.29
0,-33.447,9.158,-25.77,1,9.859,3.501,44.092,29.181,-50.409,50.293,17.782,-41.578,40.713,4.59,10.238,-19.511,1,4.873,-10.755,4.594,1,-2.766,-6.201,12.993,9.126,33.001,-45.932,45.272,-16.783,19.123,-19.215,-41.558,34.08,-45.454
1,-48.471,-41.288,-43.097,-30.094,6.57,-12.755,38.302,-47.634,1,42.784,-45.913,-29.908,-23.094,-7.864,-15.231,39.426,31.806,14.066,37.948,-17.668,0.94910,-35.622,-43.913,18.116,22.204,17.336,-11.326,6.708,-3.234,-0.38576,44.987,34.927,-8.375,12.153
0,1,-41.647,21.731,-49.302,49.893,27.9,-34.564,-29.197,6.423,-7.487,-33.71,-25.601,12.531,25.74,-44.305,-39.718,1,-29.45,-21.357,-33.989,28.632,-0.62796,-25.807,43.886,-22.495,-35.13,-14.961,15.535,-10.633,-20.345,-39.586,-11.881,-39.245,-3.346
1,1,47.079,7.707,-10.35,-40.592,-28.716,-48.251,-26.338,-13.601,0.61053,2.635,-2.848,-21.16,15.961,9.642,46.214,34.982,-38.836,45.692,-43.13,28.921,-27.449,7.486,-29.411,0.564,18.532,-42.632,-40.728,39.047,44.441,-20.509,-38.5,-0.13341,-40.272
0,-22.317,26.817,-0.213,-1,-12.958,-3.886,0.096,-13.875,46.491,-34.087,13.4,9.986,6.735,4.212,-6.062,-25.833,1,-1,-21.591,-33.255,-22.326,-8.301,-34.961,10.561,35.898,-50.305,34.659,-43.129,36.775,40.584,25.988,30.897,-27.29,-6.999
1,46.599,7.47,29.07,29.556,-24.727,0.17387,-28.681,-50.012,-12.439,-22.208,34.692,45.693,31.32,43.082,-7.345,-21.414,-42.584,-41.44,23.883,6.833,3.624,-41.426,-32.492,33.281,-21.5,9.316,-17.075,-33.797,50.195,-7.912,0.64358,-22.336,0.52479,-36.877
0,9.503,29.12,-1,-47.247,-1.896,1,1,30.685,-49.373,-0.798,-36.295,-35.733,-13.772,-41.369,27.167,-8.782,-2.622,-22.196,-3.302,-46.989,-5.03,14.752,-37.612,-27.762,-42.616,26.514,-46.693,-9.949,-45.425,-35.688,-10.316,17.372,-11.991,-35.386
1,1,-23.19,41.585,44.283,-24.119,-0.16256,12.65,-10.883,-20.267,35.2,40.806,6.661,5.059,48.107,1,-42.502,24.47,44.11,-42.669,12.823,43.607,-33.684,7.319,14.63,19.555,-7.857,10.791,19.728,4.377,18.93,-38.632,30.483,-16.073,29.926
0,-21.387,-23.659,41.644,6.616,-40.912,-38.668,41.87,42.331,-37.265,-1,37.694,3.483,-23.099,18.466,25.145,23.128,40.351,-6.044,-30.563,-21.866,-43.836,-10.875,-44.1,33.915,49.382,-31.734,-40.613,-14.536,37.427,-0.79141,1,48.306,22.701,20.317
1,1,-35.981,-31.275,-31.243,-23.897,8.211,-14.732,23.317,-46.674,-0.17036,23.016,2.701,-29.93,49.595,39.026,40.151,-9.801,-39.525,40.277,-15.128,7.424,6.306,39.564,-37.207,-47.855,-13.267,-46.162,7.409,-4.485,29.897,-26.719,-0.57377,-47.889,22.633
0,-25.76,0,38.663,-38.369,-43.901,34.741,-7.215,-43.258,21.183,19.954,-14.18,43.028,-22.477,22.447,11.784,43.695,-30.866,-5.719,42.403,-13.145,36.878,26.17,26.331,49.108,17.917,40.551,0.93124,18.497,-8.299,-12.435,-12.774,-0.87354,46.898,-13.262
1,-41.01,28.387,1.461,-22.903,0.72314,22.017,-31.761,-27.801,-41.238,16.53,14.579,-0.49863,-14.218,-45.462,-32.084,35.385,-47.191,46.585,12.872,-31.742,-36.584,-29.603,40.879,9.789,1,-9.149,-32.481,-48.371,25.389,31.171,20.124,-36.096,18.589,-48.292
0,1,0,-39.304,38.142,39.057,-44.056,1,40.943,5.329,-2.794,-30.806,-47.113,33.945,-16.632,-7.162,-7.618,-18.003,36.919,-8.516,-0.706,49.728,36.987,48.71,-24.886,24.999,18.344,12.084,-42.543,-31.059,38.626,38.93,-0.168,-27.723,9.26
1,1,-49.367,35.942,34.538,-30.433,21.595,39.446,-40.563,-44.032,-8.456,37.19,-12.193,16.456,34.596,47.541,20.2,-30.641,32.459,1.801,-25.634,15.884,18.594,38.363,-3.005,-18.207,-42.196,-30.533,-48.399,12.151,2.34,34.698,-0.20101,0.61,-0.20766
0,2.452,19.983,-19.474,-43.155,9.92,3.496,-43.148,0,-41.625,-12.991,40.995,4.128,-14.29,41.599,28.971,19.033,14.012,-2.753,35.052,-39.623,13.024,2.701,-1,10.795,-32.529,46.316,2.495,-48.625,-12.494,1,43.243,-18.592,-5.657,39.339
1,50.483,0,17.525,32.584,-6.84,-7.786,0.94705,-22.821,43.685,32.896,-44.691,24.849,13.117,20.854,32.458,46.993,-26.107,3.791,21.661,2.462,-31.872,45.639,36.624,-10.707,-41.706,0.803,37.371,26.738,-14.037,13.198,35.56,0.10754,7.438,20.297
0,-24.026,-12.589,-48.75,48.214,10.348,-39.644,-0.939,-2.035,-35.6,12.03,50.433,-10.904,37.446,0.53640,-18.848,-16.366,-18.625,13.771,34.18,36.681,-4.782,-47.862,20.912,-20.214,9.863,44.964,19.208,-24.606,-2.639,-2.235,-2.205,0.14677,-48.69,1
1,1,23.165,-11.537,-12.835,-41.029,-18.78,31.279,-27.414,-24.968,-22.327,-1.08,-6.077,-3.016,-32.627,8.458,-41.321,-1.069,-18.203,36.552,9.894,0.47807,-42.612,2.864,-9.402,0.34384,26.516,-22.623,33.012,36.999,-42.097,-38.81,9.124,-30.662,17.15
0,1,-15.832,-32.394,20.26,-9.752,28.29,-29.611,14.222,-19.597,47.759,-34.522,-28.369,-48.494,15.212,47.894,46.318,-1,-37.085,-19.066,-27.579,-41.72,2.155,-42.027,-18.727,-16.519,-42.161,-21.387,31.573,-36.072,11.916,-15.064,34.215,-1.669,0
1,19.149,39.211,11.001,0.08791,40.089,-46.734,-8.048,-31.432,-49.405,-42.643,-27.697,-5.047,40.171,-0.371,46.613,-13.353,-48.949,42.291,0.31639,0.213,49.557,-21.952,19.278,-23.02,-35.577,-13.629,15.308,-20.187,31.345,-24.551,16.378,-21.944,0.12137,-13.502
0,1,3.501,-0.64286,-7.201,18.292,9.987,35.001,35.109,1,5.639,27.198,-2.804,11.126,-42.955,10.859,-10.755,41.713,-24.632,-48.409,-34.447,-17.215,10.204,3.747,35.08,-44.916,44.949,50.293,-45.932,30.181,17.123,13.993,-35.655,-16.783,45.272
1,38.291,-7.811,-29.042,-49.529,45.442,-24.069,-8.031,-47.777,-40.295,-0.25843,4.522,-47.214,6.496,36.923,18.583,-35.744,43.65,16.262,7.874,20.784,-18.721,-13.383,0.74725,38.846,-11.368,17.748,-3.313,-18.196,-41.948,-16.919,35.737,-30.593,-44.229,-0.83245
0,-28.197,-23.495,-40.245,-19.345,20.731,27.632,-2.346,-41.647,-34.564,-31.989,-5.487,-33.13,44.886,-38.718,0,16.535,-12.008,-41.586,-45.097,-25.601,11.531,-26.807,5.423,-49.88,27.9,-1,11.548,-35.71,-11.881,32.114,-27.45,-15.961,14.139,0
1,-24.52,47.079,-19.839,-41.63,-37.214,-0.07383,-21.361,-43.224,-36.581,16.179,0.98941,-0.128,28.985,-49.335,-9.31,26.489,-1.522,-42.474,46.476,38.319,-38.962,-27.907,-38.393,48.516,7.569,18.931,47.28,6.431,2.495,44.912,-21.266,-0.47977,-44.554,-15.051
0,9.762,13.4,-34.015,-23.353,0.096,4.474,-22.681,0.35639,1.479,-21.225,-48.305,-25.867,45.201,35.654,-26.839,-7.146,11.48,41.122,1,34.394,6.437,33.857,37.036,-7.625,-32.873,-13.426,27.339,-29.207,1,9.372,-44.225,26.193,-28.605,31.316
1,-32.472,-22.853,-41.444,0.00874,-24.746,5.844,46.574,-13.477,30.432,-42.337,23.873,-22.167,0.94713,-8.457,-42.651,-34.925,-16.972,-23.452,-28.884,-38.069,43.373,2.45,-5.199,32.094,-31.37,-0.19689,-8.094,7.259,-14.089,27.832,45.983,-4.117,31.063,-50.118
0,-39.369,-46.247,-38.612,33.692,26.514,16.889,-1.798,-23.196,-34.276,-3.302,-8.949,-12.772,9.503,-43.616,-27.762,-46.213,28.563,-9.615,-33.964,-5.398,0,8.316,-2.362,0.35668,-10.219,0.44828,32.685,48.447,-35.688,-46.878,-48.373,-46.425,27.167,-22.416
1,1,20.225,19.396,23.286,-20.831,6.94,4.311,-0.00267,0.87947,11.788,36.086,-7.398,20.574,40.355,-16.155,-33.903,31.99,15.457,-36.429,-23.391,-42.669,10.803,-3.156,-13.154,7.219,-42.31,43.541,-25.13,-10.031,12.962,49.214,44.239,41.518,30.756
0,-45.1,21.701,25.128,-22.659,37.694,-25.099,-39.632,39.351,-21.01,-41.613,37.427,-43.836,50.382,-37.265,-1,14.226,-38.668,17.484,3.059,20.317,43.331,44.425,-6.044,-32.734,48.306,-12.875,1,-21.387,-42.912,-32.563,24.145,34.915,40.644,0
1,-9.607,8.321,-30.097,-45.73,8.616,50.909,8.865,24.214,4.213,1,-49.3,31.495,-16.536,4.019,-36.981,-12.061,-1,-0.57779,39.51,-5.407,22.482,37.205,-25.359,-48.557,41.77,-16.653,-26.189,-40.189,-47.311,-31.782,7.718,21.784,40.525,39.251
0,-7.196,0,36.458,-27.76,39.755,48.13,18.262,43.77,44.73,-14.636,-32.688,20.447,-11.262,21.186,0.88683,9.947,-13.216,-35.707,0.83840,-37.343,-11.863,-45.313,17.91,-15.657,48.865,-31.157,7.778,-9.937,19.056,24.243,-16.18,-4.54,-42.163,38.286
1,40.953,-42.238,12.828,-41.929,0.97487,-32.064,-32.509,-0.08484,25.35,-36.695,11.649,-23.054,14.533,21.573,-21.798,-37.743,-47.194,-29.907,-47.352,-9.656,32.196,-0.27316,26.713,-45.635,-31.596,-15.425,-31.98,16.466,47.112,17.283,35.811,41.204,-26.396,18.712
0,24.999,48.728,-46.03,-40.173,31.945,-7.352,-1,-1.389,-23.167,28.859,-32.627,38.361,34.239,38.142,-16.738,48.71,-32.046,-28.132,-8.583,0.04,40.87,36.93,-1.82,35.741,-19.179,-9.277,9.913,-48.714,-2.486,10.695,-1,37.057,3.52,0.61458
1,1,-31.567,-18.102,-49.389,1,34.897,37.134,38.379,1,-42.076,-41.457,-47.658,18.491,34.407,-24.49,-40.679,37.211,20.604,12.295,33.684,0.766,15.267,35.617,-12.331,15.888,-45.978,19.609,-3.087,-30.604,0.635,-44.247,32.368,-30.683,2.296
0,34.052,4.496,40.995,-48.625,48.316,-1,1.452,-39.623,0,5.128,9.92,-2.753,-34.529,39.151,47.568,-11.991,-44.148,41.243,20.983,-1,40.599,-15.29,20.033,2.495,-18.592,0.701,22.607,10.795,16.012,-19.474,-11.494,28.971,-9.386,36.415
1,1,20.734,27.605,0.05812,46.466,12.263,32.537,0.13231,-31.681,-7.828,-4.708,6.856,-44.653,-7.636,-21.926,-42.351,3.226,21.025,36.821,-41.462,25.782,42.892,13.953,-43.99,-26.079,3.888,17.497,20.418,14.91,33.108,33.323,0.986,47.767,36.947
0,34.18,-24.766,-24.854,-11.85,35.271,49.189,49.483,-2.106,-39.692,-2.39,43.8,21.311,18.719,9.319,34.237,-3.265,-18.589,-35.856,-12.07,-2.93,13.03,-16.507,-50.75,-0.27083,12.771,-0.951,1,-13.701,48.522,-4.763,-11.015,36.561,-20.379,0
1,17.436,0,26.796,-19.571,-42.283,9.473,-40.844,7.889,0.98602,8.49,-9.141,-22.708,-5.537,-27.434,31.172,37.089,-25.044,9.531,-21.813,-12.205,-32.294,-12.584,-0.98,23.561,-1.186,-3.425,3.143,-41.602,-18.359,32.748,36.544,0.47033,-49.148,-47.516
0,-14.519,-36.085,-33.505,-30.967,3.155,-18.81,12.916,0,-19.154,21.26,-41.027,-10.752,-42.804,32.573,47.882,-39.474,0.22813,48.543,-21.387,-16.487,-19.727,-29.369,-41.078,13.366,-15.939,-35.238,1,-43.486,-31.732,-49.305,14.212,33.215,-0.669,27.017
1,-30.394,41.794,0.202,16.476,-45.909,0.16334,0.94616,-28.065,-13.276,0.31,-8.134,-13.442,50.021,-23.109,-48.649,46.529,15.907,19.449,39.875,-19.028,31.784,47.899,39.767,-20.105,-22.011,40.561,-4.981,-21.805,-26.222,10.853,-24.773,-49.288,-35.604,0.78685
0,13.993,26.198,0.63816,4.501,-18.007,9.238,18.292,10.158,-30.72,44.401,-25.439,1,-17.842,-48.821,-14.162,-3.715,28.666,45.272,18.266,5.84,-33.12,-43.763,33.001,19.149,10.935,8.859,-33.655,34.018,37.109,1,40.919,48.293,-41.578,-45.932
1,1,-16.165,19.432,34.775,38.302,17.543,22.225,42.987,-29.032,-24.038,-44.515,4.074,-16.81,4.429,-34.306,-19.503,-5.225,-12.552,-43.921,-30.036,-6.931,17.494,-40.288,-9.141,-46.646,7.107,38.22,-49.544,-2.965,-0.27387,6.009,-9.556,0.51382,-42.612
0,29.9,14.139,-10.785,-10.775,-39.245,21.122,-40.647,-35.13,-32.32,-19.261,45.444,-24.33,32.114,0.60598,-1.346,-27.842,-45.913,0.02672,-43.513,-0.43025,17.535,-49.245,-39.694,-35.298,45.797,-35.043,28.632,39.651,-26.43,-12.804,13.548,-28.225,-37.718,-15.587
1,1,-14.55,12.531,38.921,20.361,-39.247,-40.592,-20.761,-36.579,-39.819,-42.126,49.225,2.68,-10.208,17.278,45.382,0.95750,27.772,46.414,-45.392,-21.045,-23.453,-41.131,7.136,-26.56,-25.91,48.043,5.402,27.608,-6.253,0.94578,-38.434,-21.554,-2.508
0,25.988,34.172,-22.326,-50.118,-24.833,-34.712,14.4,-1,31.897,45.449,-27.625,-27.544,27.817,-21.317,7.707,0.096,46.491,42.584,-43.129,-11.958,38.775,-19.591,-48.305,9.561,1,5.735,1.011,-1,9.762,4.868,-7.301,35.659,-25.29,-35.961
1,30.472,2.624,-28.681,-14.197,35.711,10.806,0.43019,1,30.526,-41.621,22.444,-21.122,-9.137,6.653,31.281,0.40268,-13.811,-42.854,-35.776,27.642,-23.584,0.023,-26.104,-50.854,-17.5,-7.062,-3.468,-8.932,42.748,-44.584,-31.319,44.862,-32.484,-23.302
0,30.12,-34.733,-21.416,26.514,9.316,-41.369,28.167,-35.386,34.692,1,-7.912,-37.612,-5.03,-33.688,8.47,-9.949,1,-0.798,-8.316,10.503,-22.196,-45.247,-36.877,-46.693,-1.302,-42.616,1,-47.873,-2.896,49.447,-11.772,44.599,-45.425,-9.782
1,1,35.275,16.752,-7.345,14.285,0.18281,32.685,16.642,-36.295,-45.738,24.47,-10.359,31.771,6.705,-41.282,-16.756,-2.622,-43.012,19.555,20.764,41.585,-22.578,45.496,3.971,-24.223,-12.308,20.583,49.083,43.463,-32.657,10.547,-25.906,40.52,0.75837
0,6.911,0,-38.632,23.145,-44.1,41.644,30.24,-8.044,22.701,48.382,43.331,-38.265,-31.563,-11.875,-42.912,16.226,37.427,-24.659,12.65,46.306,-45.586,45.425,1,3.059,19.484,-22.01,-23.099,-42.613,33.915,-32.734,-21.267,24.128,1,-40.668
1,8.955,7.616,23.092,3.105,-14.686,40.703,31.456,-47.282,-35.0,39.702,-30.168,39.366,5.345,-4.462,-29.954,-12.198,41.602,-21.696,-46.04,23.946,40.07,38.893,0.48339,0.76197,37.1,24.228,8.655,-14.698,0.24944,-26.329,-48.173,-38.321,19.408,-23.968
0,1,-8.196,-42.468,-11.873,6.778,-12.216,18.58,-8.239,44.695,-5.54,0,-15.18,21.447,37.137,40.961,-27.002,43.347,-10.413,47.594,-31.376,49.909,-36.707,25.243,6.718,11.681,17.536,-37.581,0.63492,-48.468,-31.688,20.186,-12.863,-14.657,49.054
1,1,21.741,25.389,-32.545,1,-48.147,-28.584,46.387,-31.008,35.256,-35.63,-13.288,12.872,38.333,-41.064,-8.869,-43.422,18.093,-36.789,-32.264,17.618,14.178,-14.222,0.62758,-41.571,20.695,-44.743,26.506,-26.722,-22.34,42.065,-47.474,-33.147,19.876
0,-8.162,48.728,48.71,1,37.93,-23.886,24.999,-3.389,5.52,-19.179,11.702,-14.738,12.084,1,40.142,34.239,-45.113,42.616,-21.744,1,32.282,37.057,-9.352,37.988,37.209,-48.714,-8.516,-0.539,0.18,-31.018,32.945,28.387,40.953,-29.723
1,3.526,0,-30.433,-12.09,18.491,0.11982,37.134,32.757,-48.367,-42.178,-24.503,-31.114,9.84,-47.843,-30.895,-39.568,35.481,35.403,0.78619,36.681,-30.773,16.019,-41.285,39.027,0.442,-0.889,34.45,-18.492,-44.516,-2.26,-44.579,15.525,34.938,11.922
0,-40.534,-19.592,2.701,1,29.971,20.607,1,19.736,20.033,5.496,-39.623,21.28,40.339,43.243,16.012,-7.386,-32.529,-44.148,-1,35.052,46.316,3.452,40.995,47.568,-13.29,-21.474,1.859,9.92,40.599,38.415,0.495,-13.991,-4.753,10.795
1,46.521,-32.681,13.189,16.854,-41.463,33.368,-10.494,0.72973,20.983,6.128,1,15.024,3.318,47.931,-4.657,0.77128,25.785,-44.611,-25.996,7.786,43.494,1.69,4.561,-48.625,-22.228,-40.625,-43.772,21.182,-7.674,36.854,20.56,37.635,30.723,33.54
0,0,49.483,49.189,21.311,-10.015,8.319,-9.85,37.561,-1,35.851,36.271,-1.914,27.605,-11.589,-5.44,49.522,18.719,-2.39,-8.809,21.824,-26.026,14.045,-48.75,34.18,1,12.619,-23.766,-19.379,-13.701,-35.218,45.8,-3.106,-4.073,-38.692
1,10.264,-16.507,-40.844,-1.795,1,-22.02,-18.669,23.261,33.288,13.233,1,24.796,-26.677,-0.40559,-42.283,35.818,-5.467,-25.85,-1.588,-42.645,-0.948,16.17,-18.395,7.397,-48.69,-48.606,-17.987,-13.714,-11.537,-4.771,-32.128,1.673,10.351,36.323
0,27.29,33.215,22.26,13.212,-40.027,-29.732,-14.519,-41.72,-9.09,31.279,-21.9,8.663,-37.924,31.573,1,-31.611,-35.085,-28.369,-18.727,13.366,-14.832,-0.669,-32.522,-9.752,-40.161,-19.81,-41.804,1,-48.494,-36.072,-18.154,-21.387,-15.064,-1
1,-21.497,-31.394,-4.491,31.297,16.049,49.341,40.906,16.555,-27.558,-13.842,13.704,0.42196,-48.752,-26.109,48.026,-35.26,-21.89,-22.936,48.227,-24.463,-0.399,42.464,48.101,-46.219,-49.72,-8.287,-20.565,-18.859,3.251,0.71038,0.111,39.982,-0.04023,39.919
0,27.198,10.126,-33.973,17.119,19.789,44.311,10.704,41.042,9.416,-48.826,6.873,29.029,18.159,49.739,-33.436,-13.791,34.267,-31.186,-24.665,-46.569,9.902,-13.506,-0.00083,46.286,-0.02862,-43.13,33.957,18.268,-18.263,0.10349,46.226,10.163,36.069,-42.532
1,-48.471,0,-11.302,21.327,-17.126,3.543,-41.752,-45.426,17.642,17.71,-3.131,35.277,38.007,-19.433,43.532,-44.669,-16.679,-16.443,-29.372,-7.826,4.288,5.639,-9.409,6.814,-3.311,-23.911,13.603,-6.267,-34.77,4.378,37.893,-47.723,0.56361,0.02959
0,-27.197,18.432,14.531,-44.161,-37.743,-19.302,32.114,45.444,0.35821,27.785,-33.586,-49.749,-15.345,-41.066,-11.055,-10.202,-12.116,-24.705,-29.324,-35.68,-27.794,-26.659,21.563,13.003,17.005,-46.748,39.985,-41.142,0.32463,-0.02612,29.291,-8.882,-41.303,-2.219
1,-40.592,-2.434,-38.596,-37.534,-26.79,-0.10566,-39.812,45.376,2.341,-22.09,-42.468,0.01132,45.554,-6.626,-37.494,-34.733,-44.535,28.105,-21.739,-0.07925,-22.736,-42.368,6.163,19.214,-9.414,6.712,12.27,-14.608,27.408,-25.497,-32.125,38.679,49.625,45.577
0,1,10.561,-27.898,-44.179,38.668,-22.283,36.659,-48.391,-34.297,41.525,-25.352,-21.007,-25.472,-7.205,-22.758,1,16.783,-12.74,26.656,47.179,27.817,0.796,-19.604,5.707,31.469,34.499,0.58,-28.397,7.157,46.531,9.252,-49.158,-38.862,1
1,-28.681,9.986,-17.337,-33.728,-5.658,22.883,3.008,0.12941,42.891,-22.181,0.56471,-32.113,35.365,-22.771,-25.202,-13.475,30.9,0.01569,-43.082,-3.886,1.246,5.949,30.053,13.482,-41.928,45.218,-34.311,28.171,-7.536,-23.254,45.942,-14.639,32.712,4.385
0,-7.912,-47.693,27.586,-23.071,9.853,0.12500,-8.114,-2.023,33.656,7.914,0.04517,-41.905,-46.438,0.33636,49.313,-9.043,-6.003,-33.982,-9.13,-49.752,45.399,-12.722,-22.603,8.68,-43.756,29.072,-2.996,-37.948,-2.798,-47.425,-33.501,-34.808,-34.693,-48.436
1,-25.762,-37.295,-8.066,-25.339,40.806,-45.625,-42.845,-12.799,-41.431,16.431,0.90558,15.71,-37.76,48.619,26.293,0.25322,24.162,-3.043,32.395,10.194,20.42,40.861,21.225,-40.02,43.175,45.017,-16.374,19.088,-22.381,13.871,-32.898,-9.937,0.52361,3.918
0,-44.1,35.275,12.496,47.22,-21.585,43.62,-42.002,-0.56435,24.951,0.04576,-10.98,34.907,18.299,7.551,-38.465,48.701,7.176,43.217,-38.852,21.544,-7.45,15.735,-0.34128,-20.201,-30.945,-44.874,-6.335,-39.921,4.838,23.987,31.027,39.862,-31.748,30.172
1,-47.311,7.955,-30.388,-41.861,40.168,-39.145,19.769,22.514,5.135,0.18261,-24.331,7.886,0.57826,36.197,-15.031,0.37826,-23.712,-36.407,23.842,-46.991,39.172,36.811,-4.454,40.472,23.527,2.897,-30.283,-22.43,39.835,-23.703,31.139,8.069,41.374,-15.506
0,48.13,21.447,6.236,0.14861,-9.275,19.643,-36.186,6.579,0.31889,-38.411,-31.481,-10.759,-14.184,0.08978,17.826,-26.915,-8.031,-11.764,-26.852,37.171,-47.964,25.314,10.309,49.293,-4.54,38.861,-12.373,-47.958,44.543,43.248,40.779,20.744,-31.631,-12.352
1,20.124,-27.217,-29.292,20.192,35.425,-42.069,12.39,-23.072,-32.069,24.598,17.337,-37.714,0.47368,-43.21,38.506,-44.274,-47.374,45.968,14.003,-0.04244,-13.286,-15.114,-36.348,-32.216,-44.82,49.022,-32.977,17.556,-12.516,25.91,-8.589,41.576,-47.86,-0.03226
0,22.741,-47.714,-41.219,-14.849,47.71,23.999,-17.613,0.53,40.348,1,38.441,11.698,28.363,33.477,4.757,41.745,-23.913,39.939,38.632,-31.169,-46.215,-15.35,-33.278,-22.507,34.323,32.089,35.868,0.88248,47.728,-28.029,36.93,-8.034,0,-9.516
1,3.526,-45.032,37.035,15.622,15.681,35.316,-0.756,-31.301,-39.368,11.814,-1.946,33.407,-0.576,-30.558,36.276,-41.138,-48.346,-18.228,-42.744,9.709,-12.597,11.954,33.963,18.029,-0.911,0.39951,-0.71844,0.25835,-32.147,-44.943,-9.067,38.391,-26.167,34.462
1,-2.753,47.316,42.576,37.606,5.323,1.322,19.454,2.083,22.087,29.814,0.31409,-19.548,-40.52,21.219,-43.28,34.895,-49.687,-32.613,-0.52145,-2.074,33.178,-13.795,-32.341,9.256,-41.388,-8.207,-13.824,1.687,14.189,46.375,41.57,39.002,1.852,-0.49700
0,1,45.872,-9.182,-32.893,0,19.033,-41.117,-21.056,-5.051,-46.608,-22.001,43.732,-11.494,-9.72,7.266,-19.592,-48.424,-18.228,5.858,1.436,6.099,34.388,18.983,-50.625,-36.305,-4.032,-1,40.995,18.777,8.795,-27.704,-2.043,-5.653,20.712
1,1,0,20.945,21.813,-29.562,15.757,46.789,18.292,-5.911,-48.404,-12.819,-5.758,-29.202,-10.921,27.137,47.942,-13.062,-25.849,-38.094,18.038,39.077,23.44,32.036,-46.382,-37.292,-10.975,40.542,5.638,0.65707,18.799,40.358,-26.253,-2.905,34.392
0,36.459,12.023,20.497,-31.696,23.117,2.422,29.17,-36.06,37.418,-32.174,-24.863,21.393,0,0,29.661,-18.782,30.847,-47.973,27.958,-2.893,-15.473,44.755,-23.702,-21.394,-13.839,14.204,-11.967,47.191,-8.704,16.508,-12.586,-1,39.163,10.528
1,1,46.228,7.052,-38.178,29.094,37.028,44.975,31.652,-5.937,11.901,-44.145,-33.649,-12.639,-0.09002,-47.098,-18.997,29.655,28.912,3.633,-5.687,1,17.809,-32.62,-3.933,-45.327,-10.45,50.492,12.953,-4.92,-23.031,-2.107,1.314,-29.267,13.603
0,13.591,-17.568,-42.151,-4.568,-10.094,9.628,0,-5.678,16.907,-9.328,0,12.581,-49.988,29.898,-20.728,37.576,5.484,-40.322,-8.677,15.498,37.364,4.402,0,23.135,30.249,43.097,1.377,-13.498,8.426,18.233,-12.686,-5.521,-3.025,-7.064
1,-4.091,44.564,-46.011,24.521,9.938,36.484,-42.686,-7.047,31.826,46.867,30.287,-35.239,-0.484,-28.41,-18.997,-46.399,-48.924,29.839,-6.227,-35.33,-39.729,12.7,0.93126,43.394,24.301,-28.319,-3.95,-24.788,0.81428,17.634,31.093,41.556,-48.544,-0.41573
0,15.702,0,34.925,-19.822,17.899,8.845,49.986,9.086,-17.358,29.302,29.246,11.592,-9.907,-41.944,45.318,44.44,26.989,38.892,-48.066,39.904,0,48.696,-22.397,5.239,18.466,-28.85,1,26.047,15.456,5.823,-13.052,9.093,4.218,20.05
1,-21.632,0,3.848,10.537,2.041,31.072,-39.53,-24.871,19.826,43.266,-26.727,-39.688,27.51,28.481,21.306,-4.733,-2.278,-49.048,15.587,21.126,-39.414,5.328,-14.986,-21.017,-18.94,-5.301,-26.616,-0.33304,1.929,16.613,39.55,34.564,-43.365,-0.44739
0,40.078,30.555,-38.456,0,21.452,0,-5.924,45.346,6.271,-33.801,29.268,-20.943,39.389,-46.597,29.998,-10.84,16.804,-43.372,-21.6,-2.509,9.227,-22.205,-12.435,45.629,0.624,-25.049,1,21.195,16.784,-35.149,2.396,-4.118,11.881,-44.156
1,32.052,-20.465,49.149,-46.806,37.072,-0.11313,-43.443,30.163,-0.213,6.997,-26.819,-42.839,-0.311,0.02966,50.434,-15.497,-46.409,5.364,-6.633,40.186,19.945,-21.543,-6.426,-16.69,-31.194,7.266,32.505,9.907,31.221,25.965,23.527,-24.776,-42.502,-0.27794
0,4.716,3.203,-16.036,-9.982,-15.608,48.757,6.484,0,45.34,-24.575,48.74,-41.757,30.686,0.705,-49.381,0,33.585,7.702,-46.078,-39.718,19.567,-39.538,-47.766,35.944,36.813,-15.521,-22.348,11.972,-23.091,-0.23649,-1.545,49.959,17.268,-41.425
1,1,-15.724,44.759,-0.57224,-13.586,-14.575,48.77,20.226,-6.054,12.285,-20.917,-47.852,-2.629,17.266,-3.474,37.038,24.451,40.575,0.983,23.02,-28.067,-37.143,-27.599,42.424,26.703,-0.76904,11.583,33.25,-12.806,24.427,-14.953,-41.492,35.917,-24.061
0,27.172,5.9,46.128,44.863,-3.348,47.074,-33.095,-5.264,43.474,-34.128,1,-30.335,12.1,-2.742,-0.571,-0.305,0.62121,-43.285,8.877,-1,-37.583,11.236,22.163,-0.409,-13.118,39.547,46.782,-19.351,-7.534,-49.732,-11.21,49.323,-45.88,33.082
1,-28.67,-31.014,-33.142,-13.447,-0.54,24.36,-47.968,-1.705,36.538,-13.725,12.445,30.292,0.19617,0.85671,-33.664,-32.192,2.765,0.04,33.006,45.762,-22.695,-12.706,10.08,16.209,-40.92,23.084,-35.685,42.285,43.605,-29.826,42.32,9.544,-0.42912,1.562
0,-28.252,-17.872,5.441,-12.32,15.836,0,37.014,-37.236,-19.52,17.286,17.861,46.598,7.023,47.394,45.192,-0.358,-10.384,-27.038,-13.33,22.244,33.349,-0.603,-15.696,44.813,-22.524,13.075,-20.812,0.22000,0,44.02,-44.207,45.187,43.996,15.743
1,1,36.072,13.053,45.754,13.503,27.002,4.354,-15.051,37.219,-47.168,43.443,-1.136,13.134,-20.45,-0.21980,-40.722,45.837,39.903,-46.621,-9.352,-0.391,14.729,-0.74102,36.509,-14.567,43.962,-43.794,22.491,9.287,22.235,2.252,16.601,30.535,-3.739
0,1,-48.952,21.547,-47.85,18.011,14.558,-21.743,50.011,-4.229,21.165,-20.81,10.515,25.876,17.217,-42.406,36.545,-48.2,10.876,31.512,-30.273,-21.761,-8.964,-0.00003,-7.465,-17.539,43.031,-0.00001,-19.327,19.038,21.965,17.597,41.927,-9.814,-41.863
1,1,21.487,-33.658,-7.292,-30.552,-46.565,42.719,42.13,-8.391,-11.107,-46.673,-43.365,-6.59,-3.317,-18.623,9.048,-35.656,2.865,0.33333,3.104,-35.094,-43.922,-16.562,-17.65,-16.319,-48.227,28.167,9.302,34.606,13.821,-23.959,-0.02034,-33.333,-36.905
0,-24.732,43.035,13.778,5.233,-40.428,0.04918,3.345,7.909,41.605,30.271,-40.08,-30.925,19.264,-22.854,0.68852,49.741,49.756,12.201,-6.604,-15.995,-21.332,26.892,-27.282,-46.885,13.748,-0.34426,-24.592,0.983,40.023,-49.47,-14.858,-43.383,-10.329,-24.307
1,20.726,0,-40.501,-18.422,21.236,-28.223,10.372,20.235,16.883,-16.883,49.159,-42.176,39.168,24.991,7.561,-44.205,-10.918,15.171,-4.32,-20.906,36.022,-39.515,23.187,4.671,-27.985,-16.17,6.054,-12.347,0.67273,14.495,-18.053,-4.451,-32.817,0.17077
0,31.844,0,-46.544,23.287,-18.749,-49.311,27.329,-39.134,36.055,-46.468,-36.484,0.40476,-12.626,5.801,-10.068,-39.224,48.227,-25.539,-20.453,-8.123,1.553,-5.288,-1.52,20.236,-19.95,-4.951,20.297,-3.047,44.717,39.723,-47.266,-8.037,-26.019,-0.55837
1,24.327,-38.73,48.726,7.195,22.763,-3.504,-28.961,18.554,-25.522,18.256,-27.869,38.312,-9.994,-13.57,19.038,-0.20000,6.371,-13.715,27.27,-6.611,40.761,-11.245,-36.963,39.714,46.716,-48.468,47.003,-46.646,0.82222,15.585,21.204,31.198,-30.893,-0.44222
0,31.126,44.755,-12.403,11.895,-5.488,-24.589,-18.6,38.49,27.568,34.204,-23.594,35.404,-13.295,36.9,-15.11,27.973,0.20000,22.323,-32.361,23.171,0.12727,15.695,3.041,19.66,-30.025,-10.804,0.41098,10.458,48.537,-25.825,-47.074,-35.431,-30.405,29.371
1,1,-33.62,14.156,-0.92453,12.951,6.807,-13.14,31.63,14.458,-9.704,18.508,28.655,-45.864,-33.503,-6.314,-18.896,38.048,-22.861,-5.338,1.54,-5.041,-45.06,47.18,-10.23,-19.394,-29.345,29.054,-48.1,-1.346,-39.195,-2.072,49.961,29.489,-0.11321
0,1,2.65,0.73810,-7.843,-3.787,43.737,-4.234,9.485,-17.116,-40.465,3.73,-20.6,13.925,-42.151,8.712,-3.812,-9.71,0.51163,15.736,5.507,38.028,18.281,12.748,0.115,-50.56,-12.788,18.243,29.738,30.898,37.364,-6.345,16.859,43.359,-7.04
1,-5.865,0,29.805,41.916,0.58333,-43.753,-12.102,-46.968,30.536,24.58,44.267,36.611,-27.835,-35.124,0.54167,23.322,9.742,-5.067,23.489,44.335,-40.396,-49.833,-19.747,-49.052,47.178,-10.282,-6.773,-46.186,18.288,12.888,-4.937,29.738,-24.139,-5.153
0,10.793,26.398,40.252,41.711,-10.256,10.086,30.855,8.845,-29.028,-48.517,5.716,44.427,48.181,28.798,14.441,49.59,35.287,-0.319,-28.163,-35.12,18.224,17.899,26.906,6.511,-1,43.44,-21.397,13.702,-40.095,1,-19.503,11.527,4.218,0
1,32.109,-5.003,21.259,-27.662,20.987,-13.084,-39.609,0.19152,19.774,-23.132,-39.514,-48.258,6.342,0.34328,0.72254,26.89,29.263,1.449,17.937,35.57,15.12,21.772,-15.518,-17.22,-39.183,-19.498,-23.657,3.335,-43.461,29.606,-4.349,-20.355,1.116,42.968
0,-11.435,-22.161,29.244,12.285,17.612,-3.313,-26.856,0.70709,-10.0,-42.762,-32.828,-22.125,22.41,5.414,46.548,-34.264,-37.502,45.294,-5.037,-1.328,40.063,37.854,0.86670,-45.014,0.91,-3.579,31.555,9.397,0.62958,-21.516,11.907,40.199,21.905,-45.909
1,1,-47.348,-26.825,-16.53,31.327,19.027,-31.145,-7.279,3.366,-21.637,49.144,-1.231,-0.183,29.967,-43.325,26.077,41.275,7.008,-19.527,31.068,23.701,16.345,-45.832,-15.341,0.91567,31.473,-24.093,10.015,37.141,30.292,-6.616,-43.376,8.396,-0.06888
0,1,0,-41.425,-16.137,36.902,34.068,-24.518,-38.718,-13.832,11.972,1.676,48.743,30.426,-0.59212,-43.06,50.218,49.698,-49.218,-39.538,-23.348,17.268,-25.399,-42.944,-48.766,6.484,-15.608,6.493,-2.545,-23.645,3.203,-10.046,20.186,44.793,49.959
1,-12.616,47.875,4.685,0.00876,-14.724,43.181,38.6,8.694,-39.513,-46.437,-6.056,-0.03510,42.371,11.032,-3.474,35.918,-46.62,34.018,24.894,-23.3,44.759,-29.06,26.427,26.036,-27.34,35.567,-13.586,-0.03473,-12.871,-3.282,19.13,0.177,24.435,-15.994
0,-42.058,-45.88,8.036,-48.8,-20.928,45.242,-3.159,-30.108,-5.264,-18.412,-6.473,49.396,6.9,21.0,13.236,-35.058,-35.143,45.378,39.547,-2.742,1,-0.516,-32.095,12.227,45.782,0,23.163,11.924,-38.583,33.082,43.701,-0.25946,-10.921,46.917
1,1,10.682,-33.364,-13.104,-21.872,-0.02439,-39.801,-48.605,24.143,44.3,-30.581,22.874,36.212,-29.621,-14.132,15.799,-32.689,-2.263,43.185,33.42,-0.303,9.865,26.409,0.05813,-33.404,45.202,-1.156,-34.998,-13.466,12.133,-0.213,-13.267,2.052,-29.674
0,1,12.395,-10.054,-19.42,8.023,28.477,45.958,15.743,-36.236,0,-16.872,-28.252,-13.17,-1.358,44.996,-25.748,0.397,-23.734,36.014,44.02,42.197,17.431,17.286,-44.485,2.937,47.394,46.192,22.244,-14.696,0.282,45.813,44.187,-21.812,0
1,1,9.936,31.257,22.721,-20.863,36.317,43.574,36.946,-47.541,14.732,-15.467,-13.266,-11.587,13.59,26.482,5.531,11.992,17.598,15.632,23.162,-46.393,33.798,45.893,0.32653,-42.248,2.989,-2.519,44.075,2.982,-9.813,-0.34694,39.148,-0.011,12.344
0,-3.283,0,-19.327,36.579,46.52,-10.814,21.965,-48.211,41.927,-43.077,37.217,-16.539,11.617,20.614,-19.624,0.23288,21.633,17.74,-48.952,-48.666,-21.762,-21.349,1,11.881,43.031,-3.206,-41.42,24.908,17.597,31.509,20.038,48.454,-7.465,17.307
1,1,-16.777,35.313,-18.55,0.91176,28.321,-33.129,-43.246,-8.173,-23.35,42.72,-10.313,-30.907,14.682,21.281,-16.707,-43.763,-41.186,-35.904,-36.408,2.321,-46.254,41.079,0.08824,-36.684,-48.305,8.645,13.316,-30.826,-7.623,2.543,-9.473,-47.364,-34.046
0,44.035,49.905,-7.9,0.28105,13.659,-42.79,0.429,-25.825,7.618,-30.18,-17.676,13.778,48.742,-27.942,-42.219,-24.267,-8.24,-0.83007,11.748,40.407,5.335,-4.1,10.037,-50.379,25.859,29.824,-10.077,18.634,-1,-25.679,-15.64,2.797,-23.256,-47.072
1,-32.406,20.349,-40.666,5.308,-28.197,4.536,0.33333,48.335,-18.055,15.033,35.882,0.01667,-43.584,9.593,20.89,-4.682,-21.47,19.926,22.917,-16.414,-16.567,6.99,39.075,39.695,-14.887,16.216,-18.198,0.05439,25.307,-39.608,-41.016,-42.188,-20.617,-11.595
0,-2.436,-8.182,27.229,-46.08,39.057,-17.839,43.968,-11.998,30.906,-0.06879,-20.956,-26.247,-25.703,-38.56,-12.514,-0.00166,-46.938,-38.379,-7.733,-37.307,35.39,2.073,-9.721,20.713,-5.654,-28.255,-5.738,47.763,22.764,0.00005,19.777,-5.002,-46.718,14.468
1,1,18.623,1,-39.109,20.853,-28.407,-10.345,15.488,-10.265,-13.308,-36.963,39.63,0.51351,31.354,6.115,17.984,26.715,5.286,-0.325,-48.68,7.887,-20.217,-31.137,-46.369,-49.073,47.56,23.937,45.782,46.456,-3.71,39.106,21.168,18.768,-26.643
0,30.661,48.191,23.286,2.387,22.117,26.891,-13.839,-47.216,-23.471,0.01172,-17.848,-25.79,-16.473,-32.561,33.241,19.493,0.95313,-6.105,-29.431,-13.613,43.763,15.321,-31.63,36.957,0.95703,-13.772,-34.247,-6.436,-22.983,28.324,29.126,38.975,-30.961,39.417
1,-5.937,11.951,0.95202,29.077,-9.291,-13.643,0.93526,0.01214,2.507,13.138,14.805,-33.615,-10.011,-45.166,47.181,12.019,-47.103,35.432,-8.707,-2.272,18.444,-30.187,32.625,-18.864,50.498,-22.904,-32.616,28.639,29.106,-20.375,-45.362,-5.9,-37.237,10.536
0,1,-42.151,-11.686,-50.043,1,-18.568,0.5,-20.839,15.859,-3.294,-2.741,36.803,0.544,2.539,9.426,9.282,-8.328,-5.958,-2.025,36.935,-4.568,13.341,18.994,-40.825,31.249,17.956,38.576,16.336,44.975,-7.342,7.052,29.266,44.097,-9.336
1,-48.916,-49.24,24.953,12.868,-5.279,29.264,-5.471,41.806,44.638,4.348,30.239,17.835,36.628,-10.118,-12.491,46.767,23.304,-28.136,5.484,12.576,43.788,-4.841,-43.65,-35.23,30.05,-40.73,-0.00025,-7.214,-24.473,-46.968,-19.997,-0.00012,23.135,-0.00006
0,16.396,-41.095,-34.493,-0.07843,27.011,4.218,-27.555,44.361,-6.237,17.781,-45.399,26.281,45.984,-1.457,49.951,-0.09804,18.773,9.969,-21.848,-0.21569,41.3,34.444,29.01,9.07,-9.805,11.273,31.379,14.455,-18.935,38.939,-4.659,5.023,10.264,48.421
1,-16.665,-39.587,14.837,17.149,43.063,-22.365,-4.812,-20.512,-48.439,31.308,26.521,0.14922,0.906,-40.312,-44.402,-28.965,5.525,-23.966,-4.616,-48.856,-40.544,8.848,-0.01726,2.901,-27.738,-0.00539,-19.946,18.919,20.047,-13.22,6.307,-15.99,21.332,28.599
0,46.346,-4.118,-3.934,20.463,45.691,-22.161,21.452,-5.861,0.62500,1.104,-12.247,-1.509,-38.488,-10.746,-27.553,-35.149,30.712,-0.15625,-21.505,34.597,-22.205,-46.691,11.03,28.606,11.913,38.081,-42.621,-33.801,5.552,21.117,-0.03125,39.389,28.646,39.172
1,37.231,-25.049,-26.784,0.613,17.438,26.104,32.052,16.719,30.95,-44.341,32.619,48.122,0.98919,7.551,-43.156,6.995,-45.86,19.138,0.97838,-0.00541,31.327,-15.223,23.725,10.128,-46.369,9.318,3.382,-7.292,-6.616,30.246,-0.204,-21.517,-31.128,-20.536
0,45.793,-24.518,-22.793,-25.345,50.563,-10.009,1,-38.538,6.408,49.951,-15.794,0.744,-15.137,-0.892,1,18.268,-42.454,19.614,-37.811,40.391,49.429,-40.918,4.203,-50.381,-0.739,37.277,-41.757,-22.632,34.059,0.06977,7.484,-41.891,13.972,-13.521
1,-45.409,-47.62,-46.862,-15.74,44.759,-28.953,38.614,34.046,36.543,35.95,-13.642,-15.624,26.427,-23.3,1,30.751,4.716,-7.006,-3.56,8.744,0.96791,23.472,-12.627,47.859,-39.529,-13.788,44.143,26.128,42.248,48.767,19.13,-28.209,12.024,0.06417
0,1,-3.258,-46.085,0.503,-0.075,-42.958,-32.813,-2.425,46.104,8.386,-2.985,32.736,-5.172,12.375,-22.012,24.12,-30.142,12.471,-38.925,21.515,21.683,-7.485,49.622,12.975,-11.79,42.461,45.813,-16.238,-0.47000,0.18500,-36.414,-35.441,-48.396,39.578
1,1,-13.118,44.778,-14.391,-39.695,-1.283,-30.314,-33.556,0.291,22.826,6.533,-29.747,47.874,-35.055,11.415,-22.213,-47.94,-18.312,45.771,0.10000,2.615,9.71,0.196,0,-13.007,45.603,34.007,26.273,-32.455,36.126,-1.663,-33.838,12.712,24.115
0,37.014,15.743,-13.209,-0.00838,-22.667,42.205,-0.358,44.801,-44.202,-14.209,-26.732,-15.771,-0.724,-11.001,0.06425,45.153,0,29.572,6.959,-20.344,43.949,45.217,-0.575,2.932,15.807,42.874,44.123,-29.678,-17.841,23.241,17.475,47.394,-29.204,45.925
1,10.936,16.286,-47.064,16.123,0.98,23.283,5.497,-1.228,46.191,0.89109,2.515,-20.967,43.45,-9.436,12.28,36.489,11.388,-36.164,2.919,-46.303,42.641,12.149,-12.018,-21.883,39.107,36.094,33.51,-14.422,14.651,11.976,31.37,-15.998,0.50376,-0.05980
0,-19.624,17.597,-43.023,36.593,-48.978,22.563,-7.451,36.263,-0.07759,45.528,19.055,-17.605,42.994,31.552,26.399,-48.257,18.646,25.988,20.593,10.669,0.02011,-48.643,-9.852,49.442,-42.388,17.038,41.936,20.885,-21.323,-41.624,-3.18,-4.271,-21.808,-0.00575
1,1,-16.777,3.78,27.935,-33.075,-8.618,0.80000,13.823,-6.406,-11.192,3.769,-48.19,-36.053,-43.89,-8.114,21.981,-35.141,-33.488,42.731,17.278,-18.173,-30.241,-41.115,42.584,-30.159,13.543,-18.547,-17.524,22.228,-24.179,-45.807,9.354,11.671,0.00788
0,-24.732,-3.269,-49.399,-22.829,-35.399,0,49.579,-43.408,-15.802,5.331,34.367,-30.905,7.94,-46.613,43.035,-7.293,49.858,-42.968,1.169,-16.641,30.276,-6.895,-47.026,-24.264,9.147,0.01854,12.389,-41.412,40.97,-10.814,-0.02568,13.418,2.757,-28.262
1,-40.483,-21.033,48.939,-18.433,-32.983,25.243,-18.165,-11.069,-40.914,22.996,19.705,-24.576,-42.563,5.72,-5.028,15.242,-0.51587,12.846,-29.231,35.199,9.362,-17.029,26.711,-16.779,4.303,20.192,18.578,-22.321,16.242,-0.21693,20.598,-15.38,39.962,0.04233
0,23.763,47.763,-46.393,38.382,-28.115,35.347,-26.168,-5.82,27.622,-3.498,0.23341,-46.729,44.269,-38.293,-11.807,-0.13501,-44.01,39.282,19.967,-39.568,14.585,-5.002,6.902,30.842,-20.85,-9.823,-25.609,20.726,-12.386,-5.72,-38.491,-7.811,0.11670,-18.03
1,1,-28.704,16.675,-10.744,-0.56,32.0,-10.778,-31.118,47.298,-45.855,-38.042,-49.004,-8.943,26.39,17.627,17.728,-0.38391,22.705,-20.399,-39.423,2.57,-49.139,-46.222,-3.856,39.115,39.846,-37.362,5.797,7.721,0.60512,-26.372,19.168,45.656,-12.993
0,-28.961,-25.77,44.775,28.398,-35.026,19.488,-30.675,-6.562,-13.574,27.266,0.00282,5.504,-30.333,30.095,-18.802,39.223,2.382,20.231,23.093,-13.773,0.04372,-0.02539,39.779,-12.839,-32.725,-24.457,-47.183,-15.485,21.769,34.225,-23.902,45.979,22.348,-6.07
1,14.156,-10.967,12.809,12.024,29.874,-46.373,-37.42,-48.14,49.034,-33.488,-29.275,-6.818,16.084,13.775,11.311,0.03510,-1.453,46.16,-8.869,17.367,36.34,-20.382,29.037,28.678,50.324,-0.01942,-32.796,-45.172,37.491,-5.93,2.279,31.667,30.452,-0.09186
0,38.06,-3.072,9.426,5.052,-3.568,1,42.097,3.65,-2.741,-1,-9.229,-14.63,-6.569,-1,42.975,-21.86,-41.151,1.377,38.364,-6.064,14.498,18.994,-16.568,28.898,31.249,-21.728,-17.84,14.591,-39.322,-7.677,8.628,38.576,15.907,-48.988
1,-45.968,-28.127,5.255,23.527,18.26,-48.475,13.06,-34.239,-0.42625,-11.798,-5.6,-9.595,-6.452,43.896,-0.85900,-9.638,-6.338,-41.282,23.109,4.623,24.927,45.977,-23.826,-50.269,-2.247,12.348,0.71698,18.447,-19.619,-11.915,29.564,37.274,29.939,42.524
0,-6.214,45.318,27.285,-34.12,40.252,18.736,-18.878,14.396,1,-4.091,-28.138,-46.054,5.218,-0.319,26.398,9.793,50.304,39.711,45.564,6.239,31.855,-42.649,9.617,49.696,11.086,35.64,-5.865,1,-21.397,45.44,29.259,18.899,0,-10.256
1,-26.727,8.845,15.587,-12.666,0.62745,27.51,6.328,6.563,42.106,0.92157,-20.763,31.697,27.602,11.645,-21.712,14.369,20.684,-49.557,-44.6,19.188,-40.742,-0.071,-47.772,-23.357,17.904,28.128,-16.736,-4.784,3.629,-4.015,-40.179,-15.084,-29.146,0.90196
0,22.085,39.389,-42.652,-10.84,-40.587,-28.616,27.606,46.629,-35.149,-22.205,-1,-32.801,7.271,-11.435,29.646,29.555,-24.001,0,39.078,18.925,-23.161,20.452,-39.456,-4.924,12.03,-2.841,35.972,-2.509,20.306,-40.519,37.55,-5.118,0.041,1
1,32.052,2.396,45.79,-46.367,0.53695,-24.142,7.242,10.227,-28.117,31.216,-47.597,-21.21,29.278,31.518,47.155,-7.838,-0.66667,16.006,16.994,35.231,18.824,-48.125,-43.547,29.776,-31.794,10.085,12.803,-21.493,7.634,-43.312,-7.082,1.624,-21.021,1
0,-23.645,-43.268,3.203,19.567,-15.288,0.705,0,6.484,33.214,-41.425,26.131,22.725,-42.757,0,-1.163,49.563,-24.518,5.493,17.268,-16.632,40.275,0,-38.718,-1.545,12.972,-1.204,-41.764,48.429,-25.399,-10.09,-14.521,37.239,49.959,-49.381
1,48.875,43.759,45.793,-46.409,1,34.03,-47.266,31.186,-14.974,8.702,0.91201,41.492,-38.647,-14.436,-6.185,-13.454,-3.724,25.677,36.694,49.257,4.466,18.13,24.451,35.362,-28.533,-39.992,26.823,-15.344,-15.387,43.423,-13.145,-23.057,0.67493,-27.997
0,21.2,39.547,-0.785,1,-32.095,-14.953,12.236,-3.258,-29.054,-1.305,-1.742,22.91,13.1,10.045,-22.917,-12.21,-36.143,-38.583,-46.88,41.701,-3.348,-47.62,45.491,-48.8,-1,-44.058,-34.128,21.163,-4.264,1,-24.3,11.643,45.782,37.614
1,50.323,5.9,-39.328,-1.349,10.744,33.082,46.136,-22.102,46.104,-14.536,0.88889,-0.682,48.074,-0.631,0.77778,12.078,0.77778,-35.055,-32.055,-29.859,23.604,44.067,26.838,-31.125,-32.956,-7.405,2.785,-13.694,-17.412,8.147,24.837,-13.229,-1.263,10.682
0,15.743,0,-34.005,45.192,2.937,0,45.187,-0.603,42.197,-22.734,33.347,-20.42,-18.872,-12.054,-29.67,-13.267,24.244,44.746,47.394,7.023,-0.718,15.799,-27.748,36.993,-14.17,-44.207,18.431,-1.358,43.813,-16.696,30.477,43.868,-48.64,0
1,40.148,-9.997,3.764,-11.255,16.836,-36.69,46.958,-46.017,45.02,-0.09091,44.926,46.179,-28.252,3.301,37.014,12.213,-47.01,14.374,14.039,-13.858,13.053,-22.176,37.072,5.112,34.349,16.195,-20.333,-0.04914,44.166,-15.318,-1.053,-0.019,31.91,-0.18182
0,-20.349,18.74,10.558,-43.713,0,20.868,36.579,41.927,22.956,17.884,-41.208,22.911,25.832,11.136,45.883,31.823,18.5,-20.295,20.755,26.334,-9.795,35.683,-48.787,49.632,-42.128,-17.812,-2.948,-0.57576,0.43182,43.274,12.771,17.024,36.913,-4.699
1,-42.922,-8.629,-32.48,-7.347,-6.197,-8.73,-47.666,28.358,-23.129,17.366,-29.885,-41.628,-16.531,3.174,-18.327,22.435,-29.274,13.499,22.487,-11.32,11.881,14.174,-15.777,42.351,-32.872,-49.07,1,-36.684,10.325,-48.121,1,-21.409,1,3.22
0,-21.854,-6.9,-18.933,-16.676,-36.942,40.322,-45.59,9.606,-46.998,-7.494,11.349,-35.765,1.314,-16.414,-24.732,41.529,7.926,49.905,6.21,49.479,-0.25000,3.771,-41.258,33.708,0,-30.892,-43.58,-49.906,13.213,-43.429,-45.892,-2.365,-11.496,0.45745
1,13.778,0,-20.117,-40.641,21.183,-22.17,-16.175,-16.148,25.782,22.417,-27.365,-41.441,6.242,-33.281,36.024,18.542,-23.366,-18.38,1,43.118,-41.555,19.642,-17.91,0.16667,16.916,39.57,31.093,-15.082,27.859,15.125,10.218,48.468,-24.407,-28.689
0,-38.641,-46.717,-12.312,-0.16667,-5.738,47.763,-11.954,-25.694,0,-26.273,19.777,-7.738,-4.887,-38.778,4.536,-46.48,38.375,6.79,39.33,-17.961,14.468,-5.653,-44.352,-3.502,-38.292,-9.63,31.017,-11.654,20.315,-28.158,-4.59,22.715,0.16827,27.691
1,1,2.071,19.254,7.184,-47.503,5.38,46.864,-21.299,-36.963,-49.755,19.005,-13.84,19.481,34.916,-10.075,-32.375,27.121,37.724,0.68131,-47.573,21.536,-47.287,-0.455,-11.878,-28.034,46.894,44.633,-4.336,-38.351,-38.144,23.568,-0.88846,-7.89,-21.167
0,47.003,-12.839,28.223,-5.574,-14.586,-29.353,-1,-16.298,-18.435,-29.751,30.586,20.275,2.651,-30.639,-32.374,19.843,40.489,22.302,-24.216,23.647,15.732,31.354,-14.067,-6.232,1,21.096,-24.77,-1,-25.4,-35.313,39.513,34.442,40.73,5.581
1,29.391,0,45.755,0.24077,-46.203,-38.191,14.638,49.226,18.408,11.788,46.934,-6.107,-32.881,35.154,13.871,47.831,-9.232,-0.61189,-10.562,-7.488,-32.968,-2.683,-44.604,10.201,29.901,-30.659,15.496,36.126,-23.758,1.148,28.812,28.541,-20.21,27.666
0,-49.988,13.591,-21.728,7.052,-6.064,10.951,17.994,-8.677,-48.098,-46.317,38.364,-41.322,3.65,-9.229,-22.86,-13.63,1,-5.568,43.097,-3.741,0,9.628,17.907,9.426,30.687,-4.569,38.06,14.498,-4.072,44.975,-19.84,-43.151,0,37.576
1,-23.472,0,47.704,-50.111,19.198,0.2,-3.968,-10.321,31.066,-9.598,30.69,-17.857,5.106,-41.226,-19.364,-0.49967,-5.148,4.776,44.059,29.33,23.706,28.825,24.977,41.278,12.728,35.975,-12.593,-6.274,-12.57,-3.574,-49.258,-0.54074,23.06,17.393
0,16.396,26.398,8.305,33.64,44.057,-27.163,-34.228,4.239,-21.397,-45.547,4.218,0,30.442,-8.214,-27.127,-4.091,0,0,19.224,50.304,-0.319,31.855,40.711,26.285,-44.365,-45.968,45.651,47.696,13.972,16.899,-6.167,-36.12,44.915,-18.503
1,-43.365,6.308,-19.098,10.228,20.55,31.871,-10.156,3.838,14.324,10.968,-16.71,-28.416,-5.522,28.538,10.66,0.674,-0.62869,4.907,-13.466,-49.727,-20.589,-0.86498,-17.15,27.933,9.594,38.963,-47.737,42.675,-21.991,26.938,-40.781,-39.789,-27.732,0.69409
0,-26.616,16.982,-41.652,-2.278,21.452,-22.161,-4.003,10.03,13.587,20.331,22.085,1,7.271,-39.456,45.629,38.55,-21.205,-1,19.925,1,-39.587,-24.001,-9.84,29.555,19.306,0.041,29.606,-39.519,-5.118,29.646,-34.801,-34.149,-12.435,34.972
1,3.396,29.998,-43.325,7.695,-19.465,40.078,-21.172,49.155,-25.383,-6.616,-0.376,-45.597,45.346,-45.811,6.465,-46.348,-1,11.881,-8.305,-32.794,-1,35.305,-22.544,8.893,16.451,-45.156,-1.317,18.046,-4.924,38.389,31.052,15.438,31.278,-0.66667
0,0,-41.425,-2.545,32.63,16.268,9.085,-24.518,-38.718,-44.268,27.131,-26.784,4.493,48.959,-15.521,-16.288,-0.204,0.705,0,-26.399,-43.757,18.567,31.327,48.429,40.275,13.972,-50.381,50.563,1,38.239,-17.632,-22.645,-41.764,-1.163,22.725
1,26.427,-15.608,-46.766,43.828,24.451,41.513,1,33.435,35.03,-13.741,9.702,-4.079,36.944,26.573,-6.054,45.383,30.311,-45.409,-38.538,-14.578,1,19.05,7.484,-39.492,4.203,4.716,-9.09,-15.137,-14.724,-23.098,36.612,49.757,1,44.173
0,0,-2.742,-6.264,11.236,-33.095,-38.583,39.547,0.215,12.643,-15.953,-35.128,-29.033,47.875,-47.62,22.2,-31.054,0,-45.88,41.701,-12.21,37.614,-21.917,12.045,-2.348,46.782,22.91,-35.143,44.491,-48.8,-28.3,-23.3,-13.841,-3.258,0
1,11.682,-18.412,-12.991,11.999,0.58264,45.325,-2.394,44.89,-14.126,-35.01,-12.737,5.636,47.363,-22.533,44.212,25.982,-1.147,49.029,9.895,-0.29052,33.177,1.566,8.101,-43.326,12.13,-7.656,-29.748,-40.56,23.922,21.951,-0.352,-0.76,-0.395,-0.27201
0,0.397,22.826,-17.872,-11.054,-33.623,-26.748,42.197,-0.358,-15.696,35.993,46.187,-13.601,15.909,43.129,33.347,-22.734,2.937,0,-29.67,-0.718,-44.405,-33.273,-14.337,44.902,28.477,45.692,47.435,-47.89,15.569,-21.42,-0.12500,-34.276,-31.212,-0.93750
1,-28.252,7.023,46.958,3.625,47.172,-11.609,-9.036,15.983,31.865,38.883,-15.113,44.567,43.97,-47.758,15.021,-21.059,-35.568,5.308,18.027,0.29304,0.52494,45.105,-1.597,33.634,23.634,36.287,-21.483,-13.603,12.669,12.289,16.51,0.468,2.945,0.19083
0,21.633,43.031,32.509,36.122,-42.636,-22.349,-43.42,24.908,-8.814,-42.76,13.852,36.834,19.868,-1,18.038,46.52,17.52,1,11.617,23.611,-47.523,8.936,48.454,35.742,37.408,22.882,18.597,13.589,-2.206,44.434,-1,-46.433,17.74,27.211
1,1,-8.965,-40.926,-43.924,22.095,-3.851,-47.743,21.563,-48.021,-21.594,-29.312,-24.038,14.554,3.066,3.972,-19.276,-30.039,-20.877,11.755,-17.684,-33.023,9.586,-7.878,-33.517,-10.357,41.913,-47.307,-0.02302,18.293,0.09385,-6.682,13.719,42.786,-7.344
0,41.95,-30.892,-40.428,-44.388,-34.404,8.926,28.946,2.186,1,-19.433,-46.077,35.416,43.529,-35.886,-15.676,1,-22.854,12.349,10.096,-15.777,-45.636,-45.59,-2.269,4.381,-16.531,-9.821,-5.9,14.062,1,49.155,-50.188,-34.942,50.559,-24.732
1,-41.94,20.349,1,27.09,-17.422,-22.789,20.726,14.812,-27.282,-24.961,-17.66,-15.545,17.064,-0.06861,31.255,48.534,43.993,-17.073,19.378,39.538,-20.059,-7.223,-41.225,-24.149,-39.933,12.765,0.96238,22.455,-14.225,24.946,3.771,35.178,10.475,-16.515
0,-10.545,-33.406,48.132,4.408,-6.653,3.536,-12.03,28.496,1,15.418,0.74597,-41.87,-47.717,-45.094,-25.79,-4.002,38.862,20.655,-38.27,39.056,-39.784,6.588,-46.6,-4.546,-28.224,-12.432,-26.239,-28.743,22.759,-5.755,-0.00761,-7.737,30.844,-38.367
1,8.266,-3.479,-7.384,18.637,20.585,-21.171,46.872,-31.97,21.693,38.303,-36.603,-37.756,-2.438,47.878,-37.748,-46.912,27.39,-11.261,24.283,2.148,1,0.00191,-19.368,18.931,36.388,-46.649,45.146,-17.965,-8.963,5.573,-48.424,-1.231,-27.704,-0.05740
0,0,18.038,22.341,-30.353,31.354,21.763,15.732,-29.961,39.901,-12.839,-18.782,19.497,1,-24.77,-29.696,47.003,-34.067,-1,-6.574,-32.725,40.761,35.241,24.117,4.502,31.126,-12.586,-23.444,20.204,-25.4,-47.503,-9.994,-14.497,-6.07,-13.768
1,18.508,-6.937,16.204,10.244,49.191,13.582,0.94623,-11.318,36.459,11.717,-14.546,36.119,-44.227,-47.642,30.419,26.634,-9.007,-34.2,39.759,-0.57579,2.224,28.345,-19.849,-24.759,29.148,-3.023,2.777,27.371,-29.874,12.373,49.693,27.659,0.13994,44.055
0,-39.322,13.591,-18.84,-48.098,0,-10.229,0,-22.86,36.726,-5.568,-49.988,-46.317,-12.63,8.628,-5.866,-38.195,1.65,30.687,-34.578,-6.569,-2.072,-8.064,17.394,-43.151,44.097,-2.741,7.426,16.707,12.951,-1,43.975,7.052,37.06,46.228
1,44.788,12.581,24.301,-40.638,18.826,-5.769,5.175,-24.472,-8.328,0,42.829,18.233,1,23.18,30.96,-3.07,30.898,-12.686,-48.916,24.642,1.241,-20.637,-4.748,5.575,-9.185,-17.523,-11.583,15.527,37.565,-8.586,31.112,-0.09091,38.228,-4.792
0,44.44,-46.086,0,30.202,16.899,47.782,19.224,-18.997,-1,-2.319,9.305,30.855,-6.091,33.64,-47.968,-49.552,25.398,-36.12,-21.397,-7.865,1,11.972,-35.228,26.285,46.318,-44.649,47.696,-8.214,-28.163,-28.127,45.564,28.367,5.239,40.711
1,5.218,6.308,0.91176,28.255,-15.016,-48.34,9.668,26.598,40.164,11.498,-43.394,19.874,10.764,10.233,-40.154,-22.603,1.929,-40.414,-9.256,2.903,16.16,-13.097,-26.845,-4.554,0.85294,42.626,-28.101,-19.477,50.245,28.484,15.673,-17.606,32.021,0.05882
0,46.629,14.587,4.563,-26.616,15.982,-10.687,-23.717,-39.519,33.972,7.271,-43.652,10.03,-34.149,-18.94,17.925,21.097,20.589,27.606,-3.118,-47.871,-0.31402,-40.587,27.646,-6.003,-2.278,-1,0.041,38.514,-11.435,-39.456,-21.752,-22.484,0.14939,-21.205
1,31.278,0,-7.142,-32.233,21.923,-21.526,31.387,9.253,19.73,-20.518,46.03,-44.156,1.422,0.05028,-24.266,16.496,-45.755,39.552,17.784,-5.871,30.724,7.541,7.763,-21.861,2.818,48.365,-33.147,-1.42,12.408,21.241,39.991,0.09534,-46.773,-44.228
0,20.567,0.705,31.623,30.552,-7.305,-49.381,30.308,-22.645,-46.811,40.275,36.231,-1.163,26.131,0,12.972,-25.399,-27.784,-42.764,10.399,18.198,-16.984,-23.775,-15.634,-2.011,49.563,22.725,47.814,-0.51282,-38.718,-42.757,-14.521,5.493,-43.268,0
1,-14.724,-47.766,7.484,-1.09,34.214,0.54545,-45.591,-9.454,-3.474,-40.582,38.239,48.757,31.505,49.504,42.007,35.885,-6.054,33.394,-14.608,-0.27273,9.611,-41.88,-15.137,3.794,-13.578,-39.629,45.793,-23.26,44.759,23.814,19.13,3.839,36.671,0.27273
0,-15.953,12.236,25.083,-49.8,-44.88,-30.033,42.173,-46.62,-38.583,25.427,-2.258,-4.348,-12.616,44.491,-23.3,-36.143,-35.128,21.2,-30.054,-5.264,46.875,-1.742,-20.917,22.91,-34.095,12.045,38.614,13.643,-28.3,0.215,1,0.5,-13.841,0
1,-42.058,-7.405,22.617,42.792,-10.573,-1.258,0.27273,0.18182,12.736,9.744,8.399,32.991,44.632,46.983,26.658,-0.422,2.518,-13.3,-13.185,12.078,45.468,-0.09091,-18.139,6.081,49.687,-0.662,-21.869,-0.323,39.82,-29.747,-34.691,45.782,45.759,-40.346
0,46.192,23.948,-1,-2.86,-44.207,-33.055,32.347,-0.073,-23.605,-28.67,42.197,45.187,-20.42,-26.748,42.868,2.937,35.993,15.799,-48.64,-14.17,28.477,-35.005,-33.623,0,-0.304,0.23387,23.826,-10.538,10.682,-0.358,-13.267,-31.014,-15.696,-14.424
1,1,5.021,48.394,-9.854,34.349,16.457,1,0.71429,3.764,-15.916,18.288,16.143,46.958,-2.028,45.02,-21.812,-47.582,43.853,-35.236,44.849,-16.872,-29.537,8.023,39.148,3.859,-0.032,15.283,23.293,16.836,-21.281,37.014,43.738,13.395,-11.71
0,10.617,12.589,-40.636,10.936,-8.814,24.908,-12.858,13.053,1,37.217,18.047,27.482,47.179,17.74,37.072,20.038,14.039,44.52,44.926,-47.108,-42.077,44.031,31.91,23.611,37.742,-4.206,1,1,-47.211,23.517,18.597,50.454,37.579,21.868
1,1,9.325,-47.796,-10.733,0.53945,-19.802,-43.819,22.44,20.253,18.186,30.769,-30.303,-42.784,-21.181,41.103,21.715,-48.774,-19.96,13.581,-0.82881,-30.086,-9.752,-21.246,-4.857,-48.259,2.736,11.572,13.662,-33.344,-7.067,-42.16,-23.563,-17.606,-6.621
0,-22.854,-47.077,-24.732,48.905,-15.676,1,8.926,-47.59,-40.428,35.416,-2.269,40.939,43.529,-19.933,10.096,-9.629,-45.636,-16.531,14.437,1,50.559,28.946,-34.404,4.381,-35.886,-15.777,1,-34.942,4.056,-42.388,-32.48,13.349,-5.9,-50.438
1,41.95,-18.422,-27.355,0.04174,-20.141,20.507,-9.96,-21.806,43.872,1.552,19.349,-16.481,-41.459,-24.71,-15.157,40.178,27.46,-23.724,-14.603,20.248,3.255,-42.398,30.68,0.55684,13.111,35.868,-6.99,25.449,16.306,15.451,-40.79,-30.401,0.11573,48.934
0,-46.48,-12.498,-25.273,-6.738,-10.954,21.763,-40.483,4.408,23.501,39.375,-25.694,-5.002,48.763,-39.37,14.468,-4.615,0,0,9.51,-5.738,-29.731,1,-27.254,-45.717,-11.545,-33.406,-38.641,-15.398,20.19,4.536,-19.66,38.33,6.79,-44.301
1,1,-28.704,24.262,2.207,-4.716,38.63,-31.036,31.232,-48.634,-17.49,-7.459,7.865,-20.348,-37.837,28.004,-36.569,46.288,-2.608,-10.875,-19.412,26.527,-2.623,19.782,45.034,20.638,0.79780,-47.147,6.274,-1.375,36.103,47.472,0.64363,-10.194,19.182
0,-6.574,0,-17.782,-25.444,20.763,-25.4,33.241,20.497,23.341,16.732,19.254,1,45.003,-36.067,-30.961,17.038,-36.963,-31.725,21.204,-47.504,-1,-14.768,-49.503,-11.994,6.502,-30.353,32.354,-39.73,-5.07,38.901,-14.497,24.117,-26.77,40.761
1,-6.898,-6.038,28.528,27.353,29.34,-13.342,23.426,-47.01,2.792,47.604,31.274,-17.55,20.959,44.953,0.25192,37.989,34.409,49.75,35.9,16.141,-1.791,0.42885,43.423,39.607,-30.846,15.277,-19.782,-23.515,-0.23832,30.421,-13.105,-22.554,-15.712,-47.787
0,49.152,17.662,13.337,39.008,-23.839,48.851,13.978,-32.681,-6.19,-0.625,-46.678,-45.921,36.39,-28.304,1,-21.905,-23.755,-12.415,37.231,1,-9.521,39.52,-6.795,-21.61,-9.221,25.763,-34.111,37.696,23.235,48.337,-33.059,15.27,1.306,1
1,1,8.452,-3.12,-38.608,-32.158,0.20036,24.878,12.23,-42.485,41.577,-22.253,18.506,-34.671,-15.213,33.988,4.415,32.613,-27.927,27.118,-27.706,-15.41,23.726,46.935,-39.58,-21.045,8.278,0.16813,28.927,-8.649,-48.403,-30.351,37.411,-21.681,44.885
0,-3.381,3.921,0,42.741,-10.996,1,-22.039,-42.974,42.277,35.679,-39.728,-45.555,-12.294,-1.247,-48.464,0.818,0.212,20.796,36.948,-30.567,-23.2,24.968,48.593,43.444,-38.153,33.782,11.215,-15.288,-2.183,34.951,5.889,-15.041,0,1.405
1,-44.313,-20.132,-19.358,-14.534,-18.847,-8.909,0.72582,-33.801,46.867,-49.159,-41.289,-24.516,-41.434,0.971,-15.589,39.536,-7.696,28.284,2.608,28.821,27.716,-5.659,-0.18479,-29.493,-36.915,43.758,-1.929,34.654,0.696,47.181,-30.196,25.58,-26.297,0.35095
0,0,48.62,-49.448,22.538,-11.594,1.209,-27.689,-47.284,-29.174,-28.216,0,-31.723,-26.292,-50.512,-9.483,-0.081,3.918,-2.439,39.278,-45.337,-2.395,0,4.406,47.062,-24.614,27.77,42.457,-29.698,33.472,-34.233,-34.717,38.116,-18.651,17.046
1,-7.645,-41.406,33.325,-44.432,14.95,-36.651,34.371,-24.956,37.07,-12.041,19.953,13.996,-34.476,13.769,-29.36,-16.569,39.515,-22.584,-37.777,12.172,-49.9,3.793,15.024,-10.366,-30.872,-0.61055,50.134,-0.48392,0.43227,28.236,15.638,30.268,-43.919,-21.781
0,-35.197,1.943,19.633,22.465,-2.895,28.283,37.302,14.349,-17.794,16.036,29.73,26.906,-15.414,42.005,17.342,-40.249,1,38.704,6.19,-13.629,-30.799,-1,3.897,20.729,49.408,-31.483,-34.437,29.263,-27.042,26.645,33.14,16.784,1,-35.757
1,-30.89,11.246,0.73523,36.034,-23.961,14.196,-6.587,39.259,-43.913,-32.937,-42.476,42.076,-36.194,-36.427,2.856,14.843,18.692,-17.537,0.853,-46.873,9.846,-23.336,30.569,0.44872,49.794,24.357,-34.607,-25.928,-18.944,39.408,10.89,0.49721,-45.137,17.709
0,22.759,27.153,10.225,43.571,-10.421,6.222,0.633,-33.012,-5.447,37.825,0,-3.74,5.932,1.613,19.219,-9.148,-46.038,-31.253,31.645,-42.673,18.741,12.887,-26.048,-46.169,-1.516,0,-21.124,-21.752,12.121,-46.982,15.062,-40.916,25.788,0
1,-33.299,11.521,35.02,45.451,-35.1,36.206,-10.856,3.017,-19.547,0.01598,25.359,32.896,30.299,-21.599,7.366,-21.952,-38.389,0.07135,17.242,-8.625,-14.11,9.536,5.863,-16.82,32.076,34.4,15.439,-4.705,45.295,-25.71,0.97845,15.181,6.179,-42.075
0,11.182,-11.642,18.175,27.827,24.295,-31.14,-42.765,29.529,3.982,-0.704,-24.92,20.704,37.668,-29.806,0.833,-48.515,-41.877,0,25.67,23.099,39.292,-36.404,-3.521,27.273,4.902,38.657,4.407,-46.1,0,30.867,-1,-9.975,-35.542,7.997
1,44.125,29.606,0.50466,11.458,-20.771,-1.923,-27.737,-44.136,-42.516,-21.097,45.035,-4.654,-3.769,1.905,0.68101,-5.673,19.786,-25.401,-17.115,2.083,-23.91,19.154,-30.202,-33.559,0.84033,33.593,41.517,-11.949,-36.496,-26.15,24.694,0.723,11.092,49.098
0,-8.608,8.516,23.641,-28.104,-1.049,-4.716,-44.812,-47.398,0.76087,47.658,-7.62,43.87,30.499,-29.116,49.133,-49.043,-5.125,13.824,-46.67,17.521,48.613,37.46,0.60201,-22.909,-23.588,16.713,-20.815,-39.959,47.361,0.53846,-2.519,26.535,3.048,-1.243
1,50.7,44.776,-21.145,-0.07778,48.091,-30.51,-8.555,-8.423,-14.539,7.151,26.068,24.117,13.984,33.001,16.952,26.173,0.49259,-41.41,-5.466,-34.442,-29.141,40.524,47.044,-36.707,-27.84,-23.902,-43.566,-2.304,-22.786,42.196,22.275,-11.101,-28.095,-0.57037
0,13.712,27.964,12.542,28.922,-45.81,41.972,-8.013,-20.011,38.913,3.53,-37.41,-22.614,38.689,5.648,42.639,4.02,46.016,-25.047,0.05058,-11.846,-36.559,11.63,-23.747,44.566,-3.986,-1.077,43.801,-27.306,37.323,21.464,-0.09339,0.31128,-48.271,-23.655
1,6.176,47.388,34.543,-20.658,8.603,-0.556,35.555,-49.57,-6.826,-29.117,-44.856,-28.094,40.64,-11.506,-47.065,0.01190,26.393,-8.972,-4.315,-14.032,-33.733,1.609,6.576,-48.455,9.286,25.329,0.61291,-14.315,49.054,-16.451,7.012,-44.326,0.62500,10.311
0,-36.382,18.454,-25.625,33.371,27.99,-4.344,0.08374,14.533,-29.003,0.18719,-39.697,-17.559,-17.796,-30.005,-31.429,-32.542,37.798,28.025,-42.024,9.608,0.06897,-16.255,48.381,41.316,-22.023,21.041,-15.72,16.366,-7.791,38.455,37.818,9.055,-43.267,33.239
1,48.75,31.06,0.61857,-21.463,23.347,42.23,-13.305,42.153,1.597,-35.793,-33.466,12.307,43.32,-19.751,26.464,15.666,5.559,-23.326,-11.014,14.935,-17.808,-0.01342,41.572,46.755,-24.09,22.649,-2.875,-0.01673,-33.348,3.608,-30.261,-7.004,-46.526,-39.693
0,-6.858,40.093,-6.796,0.35949,-32.409,45.415,8.582,35.268,5.373,-30.727,44.016,-37.045,-43.491,33.283,-20.714,-40.525,1.905,-14.066,38.81,-26.16,-20.674,-4.203,49.641,-13.564,48.499,-43.517,-2.529,-5.056,-13.708,-14.511,28.231,-1,0,11.932
1,45.38,39.602,31.707,33.474,0.89818,45.653,35.198,-7.916,2.73,-18.142,23.602,-1.865,38.506,20.72,28.63,-24.002,-40.887,-0.06109,-47.386,3.274,-26.58,-25.24,-5.684,27.137,0.90139,46.953,-18.7,14.728,-5.194,28.481,-47.215,44.576,-38.329,15.397
0,-9.221,17.662,-44.494,-21.11,-11.415,-34.059,49.232,-24.839,-24.29,36.508,13.567,35.411,26.763,38.52,-31.681,-1.625,43.676,-0.148,22.827,-35.295,-7.795,-7.19,-29.304,38.696,0.98750,46.928,-1,35.231,-10.8,-0.75625,-47.678,-22.793,12.337,-20.905
1,1,-28.41,-14.848,49.168,40.928,-4.082,-32.175,16.284,29.033,11.805,27.53,3.743,-20.383,-28.606,0.93094,-43.464,24.85,-49.258,45.037,31.987,-37.855,47.73,-7.835,41.131,0.82980,-15.994,-39.472,-30.439,37.489,17.924,47.418,-23.233,34.157,-21.701
0,2.405,-38.153,7.516,-35.394,-38.728,-15.912,1.702,8.432,-3.381,-42.974,1.212,43.02,-13.288,41.473,37.948,-0.05333,7.889,47.777,10.215,20.796,-47.464,34.639,-1.183,24.781,0,23.044,-44.555,-23.039,3.921,42.741,35.951,-13.177,-29.66,-0.09556
1,47.68,-0.247,-19.47,-20.095,-24.884,46.16,0.79000,0.231,-7.092,-0.04286,-18.835,-9.206,-41.008,-36.689,-0.676,-11.993,26.001,-15.96,-24.333,-14.807,-33.4,-41.951,0.84286,27.466,-5.659,2.492,-28.849,-23.287,-29.381,33.677,39.673,-49.777,-44.492,27.685
0,-28.174,-18.651,-49.512,41.457,0,0,46.062,4.918,-28.689,-24.614,27.77,1.164,-31.698,1,34.472,23.09,-0.081,39.278,-2.395,-1.439,-33.717,-12.594,43.1,-9.483,28.059,37.116,18.046,-33.233,3.406,-31.723,48.62,34.069,0.209,-49.448
1,14.204,-21.907,-9.224,28.553,0.43117,37.041,-36.642,-0.04156,32.939,-28.12,0.44675,49.89,-8.086,-16.957,-44.297,-49.47,20.876,13.132,-24.739,4.339,-25.35,-45.371,-36.855,-28.541,-33.238,-30.968,-47.752,15.135,-43.909,30.396,40.85,34.025,14.88,15.103
0,1.943,0,0,0,-12.942,36.302,-28.042,-22.502,23.465,-31.799,27.283,5.19,16.342,37.704,32.14,-3.895,15.784,-41.249,43.005,-35.437,21.729,-41.406,25.906,-12.629,2.897,27.645,29.263,47.408,28.73,-30.483,18.633,-36.757,12.482,15.036
1,1,-17.71,-18.069,-34.697,14.349,-16.164,30.288,-30.89,39.275,-36.001,17.078,2.973,38.067,37.025,8.833,14.893,-24.198,-45.276,-0.157,-36.709,-0.26477,-24.853,10.377,-7.505,48.771,11.119,41.843,-18.897,0.01033,23.712,-46.822,-35.09,-43.453,-26.43
0,-45.038,0,19.219,-26.048,12.887,12.121,-8.148,19.195,-43.673,-4.74,-1.516,-40.916,6.932,-22.863,-44.468,31.645,0.633,14.093,21.759,-32.012,38.825,-9.421,-45.169,-6.447,18.741,-31.253,11.225,-33.99,43.571,6.222,-46.982,0,28.153,1
1,35.073,1.613,7.25,45.822,-21.483,15.803,31.457,0.86625,11.482,15.394,-15.509,-33.505,4.194,-16.376,-42.883,26.016,2.201,34.193,35.534,4.798,-5.132,-22.6,16.127,-26.425,-21.491,14.398,24.804,-36.589,10.012,-0.29897,-19.942,-11.905,-8.103,0.16645
0,39.657,30.529,23.099,0,3.982,29.327,44.321,-39.332,-12.642,1,25.67,26.827,-44.1,-34.169,-25.04,-4.641,4.902,8.997,-1,2.407,-0.704,-30.14,31.867,39.292,-41.765,25.295,-36.404,20.93,-48.515,11.182,-28.806,26.273,32.86,17.175
1,-27.447,0,19.968,-4.275,-8.38,24.906,43.322,-40.931,0.392,-20.185,-37.504,12.34,-45.023,-25.881,-44.12,38.614,-34.406,1.414,-25.025,-12.765,-17.851,18.293,-25.194,-2.714,-5.164,-5.018,0.72147,0.588,0.72478,2.225,41.499,33.801,49.352,-20.909
1,47.65,0,30.127,-29.079,-21.555,8.729,0.14919,-2.779,-6.317,-44.707,-2.071,10.739,16.638,48.222,1.543,43.078,44.558,37.071,-1.786,-4.401,-29.412,25.744,47.577,29.378,0.27942,-49.243,-30.495,48.255,17.61,-24.702,-47.226,23.087,-47.32,-8.283
1,1,0,-22.803,14.466,-33.843,-29.428,-10.707,-8.714,12.651,43.011,-45.188,26.208,-24.441,46.263,26.164,-40.423,-42.026,-0.61894,-6.481,43.898,33.251,-24.573,21.912,46.366,-14.548,-7.843,41.554,-29.008,50.366,16.442,7.465,-36.227,-21.948,-8.761
1,1,-8.278,-36.185,-3.996,-27.946,3.403,-19.648,-1.437,-29.492,46.065,-47.456,24.47,-22.196,0.07220,29.396,-12.179,12.831,-1.967,-45.551,21.317,-23.235,44.367,43.05,0.03129,42.557,-37.464,5.883,38.7,28.478,38.488,12.15,-27.578,44.475,37.38
1,7.323,48.437,0.74449,5.96,-47.785,12.745,-8.275,-28.024,-24.624,35.017,0.81434,-13.864,8.489,1.642,-28.443,-16.099,-19.627,25.35,-4.308,-11.431,40.724,5.219,-43.792,-14.298,9.515,3.632,-23.325,0.07124,-45.165,-34.125,34.527,-7.291,-48.955,-47.475
1,10.815,-41.896,0.61538,-4.214,48.169,33.541,-36.607,-39.735,41.937,37.671,-6.956,-17.479,0.237,-15.95,-28.265,-29.849,-17.233,-0.08923,15.174,18.617,34.01,-16.194,48.951,-43.261,39.15,8.929,38.366,25.773,-31.991,16.673,10.877,-22.01,28.54,0.09322
1,1,-25.689,-20.888,-30.995,-38.798,12.151,23.587,-34.173,47.48,-13.909,-30.73,28.095,-6.134,-35.79,-17.626,42.611,42.942,30.936,16.379,-11.736,23.403,-24.793,-46.431,4.732,26.463,20.836,-2.865,0.866,-33.359,15.141,4.226,-19.737,0.64407,0.01227
1,1,-20.714,2.405,-26.16,0.38696,49.946,9.37,-13.642,45.884,-4.095,39.166,-0.12609,5.83,33.331,40.597,-30.701,12.288,-4.689,42.721,-32.261,-22.739,43.914,-40.203,40.849,-13.592,48.594,-43.074,-20.613,-2.198,-36.933,48.102,-43.726,-6.601,-7.685
1,1,-6.038,-0.958,-6.418,35.039,33.689,16.282,0.28068,-24.401,-27.048,45.421,29.111,28.746,36.876,-38.754,3.883,0.33354,40.281,28.018,-7.262,-48.198,31.507,-14.49,47.87,-18.102,21.34,1.719,46.284,27.079,-41.199,-48.354,44.897,14.604,-13.476
1,-21.793,22.78,1,0.404,-46.678,-34.86,-23.771,-23.534,0.80365,-9.991,36.747,39.299,47.906,44.231,0.55311,49.972,-11.121,13.8,12.548,37.029,-20.808,-24.017,-7.208,-18.784,-7.947,18.418,26.534,-19.918,38.203,-9.611,-32.084,38.163,-34.487,35.835
1,-7.724,26.629,40.902,49.286,17.14,-48.892,12.696,-15.302,0.63388,-1.025,22.775,48.561,0.39699,24.752,-32.857,-20.783,44.234,47.378,41.159,-29.558,-28.612,37.303,3.524,-27.97,-16.258,-42.87,-39.201,-22.701,-4.598,18.327,-45.449,-29.112,-21.801,0.05972
1,44.444,20.796,8.462,-40.161,-1.274,48.924,32.879,10.715,4.658,-34.755,-21.447,0.73838,28.628,-29.731,43.045,35.586,-42.795,-44.621,-3.388,25.899,22.856,-15.147,40.947,37.773,32.823,-38.963,6.304,0.66335,7.772,-13.762,0.065,-37.728,34.138,0.26092
1,-47.464,0,-13.771,-23.018,-24.874,0.579,-41.138,-36.164,-41.259,0.452,0.50376,0.961,-8.845,-19.314,-19.554,-28.829,1.409,-48.875,2.397,-33.39,-8.248,-12.532,27.085,46.815,24.641,-15.367,-0.60328,-19.871,46.035,-11.722,33.125,-45.177,-25.783,-30.153
1,1,43.1,-48.681,-28.963,0.63935,33.853,-18.166,-12.069,-49.362,0.22273,17.183,4.002,48.542,-33.271,-1.541,1.65,-0.356,-9.063,27.498,39.227,45.696,39.467,33.663,27.846,-2.78,27.804,-34.572,-1.564,-6.704,4.721,0.009,-28.935,41.339,-31.996
1,50.83,30.363,33.027,36.528,-8.868,-44.784,-36.338,-8.572,40.871,-21.744,20.677,15.431,0.50331,4.472,37.755,-28.332,0.71854,0.42715,23.081,-25.153,13.857,-27.938,-30.009,-37.273,-24.095,-30.701,-33.34,14.568,-48.972,28.82,-43.905,13.485,-47.876,15.468
1,-40.249,-41.406,-43.814,-25.721,49.108,-4.016,3.713,21.826,16.495,23.476,27.845,32.062,43.696,16.468,-12.043,-12.902,19.164,25.872,2.637,15.205,-16.111,-30.411,38.025,-27.983,-34.904,0.37381,-22.011,34.259,5.342,-31.475,29.172,12.671,0.56167,0.15180
1,37.417,-36.913,0.84843,27.713,49.654,14.491,-23.992,-18.827,-17.043,36.236,9.867,11.169,-34.525,-19.127,-23.119,39.042,13.741,-35.004,28.976,-36.743,-15.854,-43.556,-25.876,41.779,17.682,-7.604,2.655,-46.936,-36.19,-0.08537,0.652,23.686,0.42223,-31.988
1,1,37.825,-31.99,19.299,28.121,-45.448,-8.181,10.532,-41.793,-47.022,-4.447,38.422,-21.79,-0.01436,-9.462,-44.485,0.98497,-33.002,30.95,18.652,44.521,5.908,32.591,14.067,-0.534,-40.896,13.058,-31.284,-2.74,6.163,23.687,10.19,1.555,18.158
1,1,15.062,45.921,-21.77,14.915,14.987,3.714,-9.009,-11.113,34.145,31.406,-36.289,24.913,-45.878,9.94,12.769,5.322,-4.687,6.88,35.936,-45.622,-21.939,2.036,-15.005,0.70619,-25.852,-16.357,25.664,0.15464,-34.562,16.731,-21.93,34.772,-21.02
1,1,0,31.164,-42.117,0.76530,-11.612,9.611,29.687,-24.266,20.699,33.502,3.49,-24.923,-34.977,-41.04,31.417,-0.108,-44.961,5.814,26.492,-38.699,-48.77,-3.811,11.674,26.317,11.413,17.862,-28.629,23.716,4.978,4.645,40.49,45.011,25.662
1,-29.14,38.668,-8.474,-4.495,0.61124,33.426,-33.044,-26.202,-27.859,26.852,2.797,-5.729,-1.221,-43.244,49.669,-41.868,24.703,11.652,41.565,19.041,0.56854,-20.968,-11.456,0.797,43.59,0.682,-36.838,-4.701,-43.682,-0.03596,-24.912,38.762,-17.142,-36.959
1,-0.482,17.252,11.261,8.509,0.66667,1.819,-46.746,-6.111,0.77994,-24.507,30.471,47.648,17.981,48.123,30.208,-24.575,-2.976,37.169,-21.016,-0.10032,-1.321,-3.806,43.524,44.906,23.478,19.031,-30.382,46.651,-8.174,-47.51,-21.215,-49.287,2.787,26.549
1,-33.383,25.612,-28.423,-23.534,46.814,33.162,-29.562,-44.406,-28.688,-36.932,0.79012,0.11852,-14.742,-21.859,-10.206,-41.332,-8.825,-29.27,-44.892,-0.10864,48.86,-23.673,-6.956,-6.206,13.65,21.272,16.589,14.051,-39.416,27.031,41.336,47.019,42.689,49.653
1,8.09,24.545,-23.218,-30.151,-36.933,44.816,44.39,-4.005,0.50508,-12.057,-45.517,-23.653,-27.957,-36.829,21.849,-1.284,-26.928,-9.436,-19.683,-0.02373,42.43,12.163,-7.563,5.245,0.52881,37.437,-1.486,11.54,39.266,-48.084,-22.277,44.239,46.557,42.617
1,1,3.398,-10.987,-20.53,0.29612,-47.633,8.201,40.049,0.57282,5.152,-4.336,-7.341,48.772,6.033,-24.892,34.945,-43.841,25.183,2.068,-23.938,-49.209,-34.153,-13.859,4.047,28.275,-48.643,13.078,-28.155,-15.922,-14.128,38.706,8.786,-45.1,28.747
1,1,28.034,10.803,-17.537,34.278,0.34100,17.255,48.664,-8.251,-21.613,19.19,0.017,-29.356,39.15,-36.95,-17.257,-28.671,-39.057,25.969,-42.652,-41.821,-3.667,9.064,34.68,-7.896,-28.454,47.222,-31.936,37.612,-15.712,-0.34717,41.728,5.988,10.718
1,-5.953,-24.802,38.757,0.15810,23.541,-21.219,26.487,21.364,-24.972,-33.527,-30.9,0.73743,-15.597,15.857,3.811,28.902,31.107,0.85475,42.014,47.435,-20.01,43.412,15.221,-13.291,-34.491,-2.99,-47.754,12.61,-19.052,-39.338,0.197,33.707,22.102,14.587
1,6.373,11.932,41.959,-40.308,43.219,-13.237,2.674,-20.058,9.412,48.531,-35.428,-6.166,-43.39,5.555,-23.229,40.986,-0.28269,-10.98,-21.151,46.031,38.252,0.48120,-8.508,-32.053,-31.373,0.15908,-31.716,-43.851,-5.533,-2.72,-4.602,49.612,-37.444,48.252
1,48.148,28.61,-13.568,0.19959,-6.937,45.17,-47.489,36.833,-1.189,44.648,28.14,28.093,-39.097,4.193,-48.047,-13.129,33.235,0.83939,-27.888,31.582,39.1,16.191,-42.414,-25.656,44.989,0.30912,33.486,15.033,27.413,-25.138,32.531,-6.691,1.169,-14.245
1,1,26.763,21.648,-24.558,-9.716,-22.264,0.58167,48.068,23.13,38.423,-24.647,-9.317,-34.259,-5.144,-35.509,-23.043,35.643,45.008,37.933,-31.277,-0.81262,-20.716,11.523,-11.458,12.225,17.393,-0.326,-21.074,-8.26,-20.197,35.734,42.803,-18.104,48.519
1,17.27,41.25,45.041,-21.227,24.663,-1.003,37.073,0.94353,38.484,-27.605,46.354,-42.621,-7.442,-22.62,3.253,26.914,21.567,-15.747,-33.573,-30.383,17.244,47.791,35.058,-48.154,-0.12897,39.472,-4.023,-45.44,-38.496,-49.642,49.518,-29.604,12.335,0.13297
1,42.277,-15.736,-30.276,8.552,7.749,0.991,-45.517,-37.81,-35.273,-21.05,0.06266,0.21303,48.545,34.807,-8.787,0.07907,22.981,43.485,-14.342,6.903,24.926,-2.186,42.712,28.13,36.931,10.2,-28.605,33.274,-22.042,-40.349,34.952,3.911,32.03,-39.735
1,1,-0.247,-22.616,-34.524,-40.867,34.135,-19.527,0.206,21.621,-29.471,3.063,-36.898,0.65977,-45.249,46.858,-30.06,-25.011,-16.468,47.441,-48.419,-12.625,-15.701,-13.841,-9.616,-42.326,25.125,0.56836,-19.817,-11.468,1.271,-3.225,27.394,-24.695,-41.966
1,1,-33.717,-28.338,-7.755,-27.967,27.897,34.727,0.08315,3.645,28.189,39.298,0.122,49.114,17.173,-12.147,0.13507,-19.838,-31.694,-49.246,-6.272,-2.067,5.064,-33.938,-1.394,0.473,46.207,-49.211,39.421,28.034,1.325,-49.325,43.237,0.39,41.589
1,1,37.116,-32.89,-28.411,14.049,-30.688,23.389,-24.598,-36.576,15.186,21.193,-9.613,-21.074,33.502,-8.656,-30.933,0.74838,-18.631,-48.634,0.02405,-47.475,37.186,-24.49,-28.162,15.064,-37.127,41.095,30.425,-0.58,-45.245,-7.866,4.42,33.21,-44.265
1,16.036,-12.942,2.814,-27.999,28.083,13.387,43.996,15.461,16.678,28.647,-34.551,-22.522,-30.895,-26.103,0.89410,5.39,26.793,-0.04642,-15.993,34.07,3.876,-45.154,-40.617,-41.5,22.596,-3.987,38.564,28.505,49.196,-30.524,50.589,12.7,0.88238,32.232
1,-25.41,-35.049,17.091,11.272,-6.386,14.612,0.75855,28.392,24.208,23.69,-35.758,2.193,37.396,-0.00469,0.96110,-23.66,10.186,-17.672,-36.047,-16.387,39.919,-46.925,18.211,18.633,28.362,41.852,49.671,-43.45,37.026,-35.208,14.253,-18.684,-11.901,0.237
1,1,-9.148,38.298,6.417,-45.381,-42.856,-31.267,-44.458,10.68,38.364,-32.447,12.138,-32.543,-22.477,-24.047,14.054,-18.513,-1.392,10.953,-3.625,-30.726,30.066,6.444,27.046,0.47929,-36.937,-46.517,22.792,-9.886,0.884,19.06,31.5,18.541,-0.00296
1,5.899,36.209,34.918,-5.3,10.185,-22.264,15.913,-26.187,-45.228,-15.063,0.50471,-21.618,26.463,-46.214,0.80791,1.476,-8.103,43.326,3.828,31.0,-40.214,15.107,6.713,12.949,-21.41,45.11,-16.277,33.905,24.946,-34.319,-19.966,-0.31262,19.893,-12.066
1,12.182,-11.642,-3.674,-24.954,23.964,-39.417,9.816,-48.515,33.597,25.594,12.241,-36.209,-28.057,-4.865,45.096,16.988,17.038,-0.21231,29.947,-0.10191,4.774,20.547,31.423,4.868,-44.25,-34.804,-24.977,14.254,25.957,-42.296,5.905,-1.082,0.65817,3.158
1,-42.197,40.918,31.745,38.586,-29.306,-4.386,-4.876,24.17,-43.386,-28.469,39.428,-1.995,12.451,40.186,-4.03,26.268,-36.524,-33.842,-40.931,2.162,0.86413,19.056,1.606,26.547,-25.367,-0.18750,-24.621,43.023,49.863,-9.008,1.618,-0.10870,-41.086,33.407
1,-0.968,37.214,-23.841,1.729,0.53755,29.776,23.681,29.893,-0.787,43.022,3.151,-49.415,48.844,-47.633,0.73715,-21.069,-20.855,-36.882,-21.071,44.571,48.343,-0.25296,9.18,-18.036,19.758,17.147,-23.937,-12.152,-30.232,-3.729,10.921,-3.886,17.944,-6.073
1,-14.339,-45.63,0.46785,33.24,0.58980,48.381,-21.354,25.681,-8.009,13.936,-39.651,15.965,41.362,42.014,0.67849,47.057,-28.559,-44.622,-40.899,49.653,47.129,21.205,-5.78,-23.818,-9.193,-29.5,-28.556,-47.492,46.643,26.572,-23.101,-10.948,13.547,-36.971
1,43.549,-46.222,-19.371,-8.003,-29.402,-47.652,-23.209,-3.325,0.38825,27.913,-27.47,-6.604,44.065,6.171,20.959,-1.283,11.505,7.712,43.988,0.45535,-31.032,-22.676,-0.83943,-34.464,-38.388,-12.358,-24.25,43.406,-10.102,-29.145,37.166,45.388,11.34,23.789
1,-48.558,0,-47.561,-13.755,-27.394,-23.385,-15.716,0.71596,3.66,39.37,28.813,-35.841,48.204,-43.361,24.73,35.75,11.979,39.304,39.139,-20.265,-12.405,41.958,-15.239,-47.89,-8.197,3.321,-0.65165,-46.169,7.439,7.928,5.848,-2.302,28.064,-26.364
1,1,28.034,-28.106,-41.589,39.281,0.076,-17.217,34.553,-7.674,48.388,5.084,-42.42,-18.543,-31.822,-30.605,0.32558,-9.812,6.735,8.001,48.304,15.626,-29.562,-34.98,-22.557,1.064,-40.437,9.498,-5.222,25.655,36.906,33.601,-5.74,10.345,-0.81686
1,-18.749,22.744,28.889,-15.98,43.297,23.117,38.271,42.82,-3.353,-30.621,15.519,47.488,-34.532,-24.026,20.351,0.58425,13.854,-46.865,17.695,-33.942,-7.665,11.996,0.271,30.669,-16.373,-0.52954,-18.603,-37.99,25.751,-0.61488,-25.438,40.802,3.965,33.17
1,-42.491,0,41.022,45.746,48.511,-13.385,-3.563,9.721,-30.833,-1.633,5.234,-20.61,-32.881,5.558,41.592,41.617,-0.87474,-11.333,-21.6,-23.105,48.943,-5.146,-37.711,-41.066,-7.556,-40.394,-13.931,-31.588,1.983,-36.667,15.386,-0.78057,-20.119,-44.477
1,1,0,0.83367,-7.544,3.953,40.179,-27.111,-47.588,-14.338,-40.969,-6.702,2.637,27.305,15.543,32.798,-25.683,-14.648,31.021,-14.788,34.208,26.641,33.001,44.27,43.405,11.666,-25.755,28.152,38.113,15.793,45.033,-38.815,48.09,47.795,35.967
1,1,43.511,-17.03,-20.932,-22.884,-7.836,13.337,26.686,0.98720,-24.824,0.95278,-1.782,23.765,20.634,48.33,-31.752,39.67,49.136,45.352,35.875,-33.066,-19.635,38.571,-20.699,-47.125,-7.981,37.197,-6.167,1.241,-22.942,-10.444,28.452,-9.553,17.474
1,24.99,-4.095,-43.98,-0.01531,-6.248,41.26,19.004,11.893,4.786,-47.689,47.529,38.483,-32.128,-49.225,-20.608,35.351,-14.898,39.967,-37.787,-1.672,13.92,-0.02179,50.08,-23.153,-27.49,47.807,-9.294,-24.813,23.138,16.195,-28.384,26.557,0.92049,-35.186
1,9.452,0,-14.766,41.133,23.958,44.14,29.107,-8.895,-39.35,36.816,37.866,-30.319,-34.458,-22.124,-1.27,-14.29,1.685,-39.815,35.921,42.528,8.516,-43.272,0.92009,-45.608,-27.671,3.989,34.229,31.935,-20.343,-0.20091,49.447,6.802,-29.601,24.748
1,-8.206,-38.153,35.205,-0.03390,-42.025,46.765,0.52542,-0.416,43.749,-23.217,-12.786,-45.449,-19.637,-15.753,-2.551,-42.223,3.103,-34.152,-11.437,0.246,10.809,-36.317,-18.847,0.05085,-48.057,25.325,46.834,27.513,21.457,-29.698,2.235,33.629,-41.101,-16.007
1,2.164,43.1,-7.554,45.812,39.723,41.68,-19.743,-30.04,0.641,34.207,-1.041,-14.8,-48.898,-12.679,28.419,-24.81,-1.839,-31.696,-49.477,-49.707,5.39,-0.05556,-33.705,38.831,0.597,0.08333,-6.014,-25.878,28.254,-0.22,3.775,-29.322,17.129,-0.5
1,-48.434,33.472,-9.211,49.62,-17.651,37.654,15.002,-32.908,13.648,-44.873,-37.015,-36.149,4.562,31.363,15.015,-27.216,-34.161,0.98722,-10.097,1,-25.819,-47.567,-22.792,37.616,26.77,-8.293,-25.614,22.634,-1,-28.697,-2.439,-31.39,-31.617,-29.344
1,44.005,34.08,22.485,-12.446,-27.206,13.747,0.54916,21.07,-31.447,15.876,32.572,-43.393,-35.536,-15.9,-0.37604,32.962,-23.029,50.541,37.021,16.464,-42.108,3.146,26.492,12.512,-42.239,-4.186,39.601,-26.163,27.901,48.216,4.849,-45.418,-0.19609,1.313
1,42.864,18.633,37.255,-43.047,28.984,0.793,23.921,49.629,0.16470,15.863,-30.613,0.86947,-19.256,-6.591,-37.351,-36.195,-18.495,17.476,-17.254,25.945,35.681,-47.158,8.797,15.853,23.409,-35.875,-12.679,10.619,28.877,38.648,-23.391,27.253,13.832,-0.24313
1,32.645,18.741,-43.532,10.576,-36.161,11.195,12.576,1.518,0.15323,-44.485,-0.21775,-30.927,-23.318,19.029,-11.209,-3.16,-27.341,-8.888,-47.919,-19.133,-0.87028,5.523,5.571,37.15,26.785,-35.898,14.468,-33.902,2.442,29.18,-24.214,-31.949,14.841,37.967
1,13.887,45.442,0.92436,-33.929,36.929,0.68420,43.864,16.051,9.375,-45.403,18.902,-21.046,-22.791,15.85,-0.92145,-1.093,23.475,-11.75,0.613,-8.586,-33.676,-6.11,-15.548,33.291,-26.183,4.018,-21.449,24.937,6.869,22.057,-19.806,-43.133,-40.155,-46.17
1,0.296,0,-23.92,11.683,5.902,-0.05558,-10.642,-4.507,-33.542,25.171,-35.073,-48.531,-41.073,-39.349,4.982,5.115,15.487,2.941,31.529,34.378,17.257,32.759,26.67,29.3,-44.1,-29.036,32.143,-16.959,4.407,-4.666,45.321,-0.14194,-24.718,17.1
1,-42.197,26.827,-36.449,19.114,-27.583,22.967,44.075,-30.145,31.695,10.671,41.216,-26.114,9.997,38.514,-24.465,-33.658,1.791,-42.032,41.758,-8.358,1,11.464,-3.835,26.188,0.85741,38.651,2.971,-41.783,-1.114,-44.177,24.936,20.684,0.78761,0.612
1,-3.459,-47.442,30.4,2.778,-30.192,-5.201,2.274,19.767,17.475,48.8,-0.16831,48.338,-12.461,-23.865,29.227,-36.464,42.378,10.713,-25.255,-6.158,48.427,-49.415,-4.361,36.832,-21.66,-4.045,0.01523,8.029,-21.517,33.032,44.999,-17.981,-20.764,-0.08036
1,41.724,25.612,-43.606,16.304,-36.243,46.695,-47.029,-28.5,-1.91,0.90842,49.402,-0.618,-10.234,-39.485,12.212,-10.437,-16.197,0.08408,20.584,48.134,22.308,-29.605,-8.886,16.569,13.964,45.895,-23.512,-24.353,-45.223,-42.005,-28.529,-0.36765,27.228,32.994
1,1,-23.575,-22.929,12.549,-8.894,-1.34,42.471,22.225,-6.336,45.72,-30.671,-22.02,43.084,-21.323,-31.052,24.796,4.356,6.937,-35.144,11.049,-12.604,-0.76197,37.322,46.205,-46.006,-38.462,-27.036,-29.223,-6.817,26.602,45.098,-8.348,46.824,0.27926
1,-13.303,3.79,-19.252,-14.289,-24.416,42.347,-27.32,5.883,0.88608,-23.93,-10.482,-20.513,39.368,3.461,8.7,-0.03797,-48.925,8.418,39.553,-3.974,42.835,-36.745,29.766,-48.24,-15.695,27.585,40.895,12.657,-43.312,-0.06329,25.821,-45.448,-0.527,-48.106
1,-28.907,16.416,-3.656,-7.723,-42.508,48.453,-6.539,37.799,-28.285,6.34,-21.497,0.05882,0.79093,5.224,48.162,38.603,-4.271,-39.568,11.183,34.982,10.527,-34.14,0.68895,-17.843,-31.878,9.085,-47.054,-17.476,26.298,33.984,-8.416,1.724,0.051,-28.9
1,47.637,22.64,1.705,14.576,-23.88,-34.162,-15.349,-19.727,43.064,12.229,28.91,-25.576,21.79,-37.339,-30.581,0.05018,-41.022,-6.925,34.306,37.778,-46.287,-15.93,-33.097,15.677,0.83721,28.163,4.429,48.401,42.162,33.611,-2.721,25.768,19.296,0.10698
1,48.75,-40.525,41.093,40.951,32.06,-18.437,1,-32.424,1,-31.065,-20.572,-20.742,-29.727,-11.722,9.877,45.384,23.739,-43.524,-34.802,-4.091,-42.874,-39.685,6.373,-37.022,-1.585,4.673,16.024,42.549,-13.014,49.778,-12.717,-0.06497,43.289,-23.227
1,39.81,39.602,-3.989,-0.03168,-19.807,-39.191,44.835,-14.052,2.767,-25.067,-40.846,-0.00990,34.423,36.252,12.851,33.316,29.104,27.261,-26.518,3.312,0.90495,44.77,-25.273,45.66,48.041,48.626,-6.968,-6.496,2.786,-14.509,-13.028,34.299,-6.181,-48.271
1,1,37.618,21.609,0.01773,-6.898,27.704,0.90071,-1.749,44.359,-48.042,31.826,36.266,-9.542,-22.782,45.355,14.913,-17.014,0.274,23.677,49.2,-5.176,47.415,16.566,-19.49,-10.514,-20.564,13.28,-24.806,36.944,-31.656,-22.864,-34.048,39.632,28.631
1,-23.755,47.851,49.546,11.665,16.897,-7.177,0.45455,41.341,-3.459,-10.13,-34.899,39.796,-1.049,-44.769,-47.284,-20.905,-28.742,26.808,-22.594,-49.177,-20.79,38.702,-28.107,17.511,-7.31,13.037,22.699,26.691,35.723,-15.883,24.409,46.647,0.39394,0.24242
1,-37.739,0,-13.421,7.875,-34.673,-8.057,-1.811,49.423,-40.25,-44.696,-21.554,35.812,-22.557,1.494,-0.68714,-28.18,32.518,42.84,-31.261,-30.458,3.332,8.03,24.642,-16.313,36.605,43.543,28.295,-43.906,7.212,-0.37088,32.489,17.857,-32.69,23.063
1,-44.313,-39.728,-19.385,-29.285,37.622,0.906,-42.615,26.059,-0.04193,47.614,-9.595,-47.62,-37.295,21.417,-38.98,-22.897,42.583,-41.921,9.48,-0.589,-3.899,3.296,41.043,0.666,-41.794,33.941,-12.959,1.938,34.306,-34.589,0.61217,-16.214,-11.395,0.08660
1,40.278,-25.143,0.90547,0.41113,34.722,28.807,43.4,-48.489,-14.822,-30.745,40.935,-48.894,0.367,28.387,-26.701,-1.389,-16.836,-12.85,26.797,-0.675,-0.41546,16.194,-7.91,-20.649,-19.769,-3.249,0.899,-7.049,47.021,-29.455,-29.32,3.504,39.614,0.672
1,-32.83,-34.233,5.349,47.062,-18.284,-25.231,37.246,15.218,-30.974,-47.348,-31.283,30.739,-0.87192,33.842,-46.266,-0.08867,-49.823,36.795,-25.079,-22.732,-9.777,-10.419,-1.183,-28.893,15.927,-28.675,0.85471,-33.785,-36.149,49.62,28.156,4.92,-49.335,23.336
1,41.305,21.729,14.192,38.22,-40.952,43.339,-16.777,0.36364,12.883,0.73062,31.685,3.382,11.906,-31.799,-29.106,-25.957,33.746,-13.427,-41.34,-45.662,-22.017,-44.916,2.518,32.013,16.168,15.39,0.72961,49.953,21.319,-8.069,-27.8,-36.982,27.374,28.868
1,16.036,48.408,1.09,0,-17.846,28.703,-29.547,-35.45,0.90244,11.264,-45.942,36.435,-11.69,0.00915,14.306,28.266,6.19,-36.729,-42.534,16.33,37.21,41.888,26.821,39.162,-34.2,-16.365,18.108,-17.688,-2.986,-23.753,28.645,18.688,-35.741,23.452
1,1.633,23.782,-31.064,37.906,-30.462,-7.457,-9.517,-45.461,39.337,0.01064,-32.188,-18.98,-43.522,14.507,0.94326,10.539,15.025,-36.711,49.799,-9.155,19.11,31.652,0.80496,-34.978,3.08,6.381,-46.087,12.202,-25.633,30.105,-23.837,-22.571,-2.815,9.272
1,1,-22.124,-33.554,18.847,-41.786,12.897,23.644,25.803,2.486,-8.632,0.73050,-11.739,15.939,-20.476,28.025,-26.014,11.182,-32.934,25.369,-40.873,7.236,-1.469,6.781,0.05178,-45.296,34.187,5.733,45.502,-4.702,-15.123,10.304,19.287,-45.23,43.643
1,1,3.407,30.203,31.18,31.428,-28.803,-24.826,16.262,-35.21,-21.971,3.963,-4.674,-16.021,36.219,-41.21,25.682,5.74,17.112,35.176,-21.622,-38.49,25.311,-33.708,14.504,5.974,-4.564,33.681,-45.079,12.341,0.08696,-24.112,0.02308,45.122,15.135
1,-25.218,3.982,0.97513,9.004,-29.155,0.01954,1,40.937,-40.884,-11.626,39.625,26.85,-43.187,-8.94,41.292,23.137,3.108,-25.436,-36.418,38.714,31.839,26.321,-27.502,0.888,-40.781,-1.902,12.158,-48.451,0.245,0.714,-42.205,24.192,21.693,43.224
1,30.798,17.333,12.627,-12.021,34.412,1.872,38.214,-30.81,-3.465,-0.01436,49.999,-0.00221,0.98343,29.629,44.132,47.973,20.062,-4.702,-20.507,-17.732,-23.575,-3.948,-46.461,-5.703,11.517,-21.117,20.096,2.499,-23.609,-33.617,-35.893,-21.686,9.503,44.717
1,47.65,-10.83,-2.519,-0.01342,-40.428,-40.166,1,-0.00224,-8.608,48.437,41.701,14.12,-28.338,17.281,-7.488,-49.115,-0.494,-45.596,-43.487,-6.024,26.61,26.694,13.941,-1.895,47.044,-23.582,23.954,47.638,16.943,-36.842,-28.104,21.501,-46.377,-28.994
1,47.055,7.09,25.429,47.458,-27.865,-21.234,5.675,-22.774,-46.198,-26.636,11.181,12.993,44.172,42.764,-35.17,0.38778,-16.172,-9.561,-30.907,37.142,43.336,43.727,49.426,26.327,0.00806,-0.69774,-1.798,-12.701,33.573,-24.009,-7.023,-6.503,-22.304,-30.095
1,13.712,-3.961,-13.402,0.41786,28.606,4.155,-45.169,43.501,7.647,-48.593,28.212,39.256,-21.071,-36.299,-2.332,21.42,5.07,41.584,-26.118,3.136,-37.928,-49.383,0.05865,-24.767,0.44483,-14.87,-47.34,8.233,-7.384,-16.503,-10.603,38.883,-23.237,-27.645
1,26.685,-17.919,-20.299,-47.581,16.575,48.73,0.14020,-3.659,38.297,-31.622,25.124,6.59,-8.003,35.189,39.072,-43.344,47.155,-29.35,-8.037,-9.487,1.492,-45.212,-28.895,-0.28916,34.251,4.991,-33.815,10.228,-39.451,-0.446,-4.704,0.20540,37.908,-17.294
1,-24.689,12.149,9.659,41.722,38.225,-46.43,-37.329,-30.637,20.558,19.275,32.841,28.558,-22.944,25.737,-42.724,-20.036,0.384,41.419,9.767,2.699,15.833,27.291,-33.414,32.826,-15.527,48.125,15.305,46.875,0.45185,0.59071,0.20549,-29.139,-7.138,-15.257
1,-31.409,-43.874,41.157,-13.951,4.764,-20.462,-11.806,15.514,30.877,-31.232,-36.215,22.805,-34.63,42.391,42.44,5.068,-0.10305,-14.104,0.18702,-39.822,40.433,22.52,-30.441,-3.734,-24.586,-18.186,45.454,48.061,-23.199,-40.262,-21.739,-3.888,8.577,-0.33588
1,4.298,-14.066,44.92,-39.246,29.167,-26.16,50.831,11.931,37.215,-6.488,-40.782,27.282,-6.07,-20.651,-35.98,1.928,39.749,33.54,0.93552,-48.242,-3.907,-7.803,-12.901,48.665,0.94155,-43.41,46.644,-14.439,-26.503,44.843,2.82,0.08126,-1.613,33.369
1,1,0,50.054,47.072,28.527,37.62,29.485,-7.91,44.38,0.231,-18.854,-25.212,15.723,15.616,0.83121,-11.489,-19.862,-23.797,40.385,20.772,45.247,34.234,-9.732,22.72,-33.314,47.313,-17.247,38.669,31.567,-1.832,-22.092,-48.141,-5.253,36.01
1,-28.304,40.008,-15.499,12.199,-7.101,49.127,-24.157,-1.661,39.078,22.174,-24.136,-31.786,27.384,23.925,-48.614,-35.184,36.654,35.126,-22.527,-28.36,-9.723,-0.08771,-47.215,11.817,48.301,-0.00564,-44.529,-20.995,18.018,16.167,-6.868,41.164,13.267,-0.08300
1,41.107,-21.313,18.815,28.457,-21.777,-38.737,-27.738,0.00384,10.405,-15.713,35.606,-11.737,-20.747,44.15,34.107,3.836,28.969,-33.169,23.81,-8.685,0.76979,46.594,-42.624,26.642,32.799,8.449,-0.623,-4.081,-29.659,-17.104,37.297,0.01484,-25.402,-40.321
1,4.07,-26.675,0.923,-29.529,4.229,-13.831,25.829,39.171,-29.065,-14.483,-28.362,4.681,8.686,-11.372,-4.352,-0.062,35.929,-21.575,48.629,-3.323,35.916,-34.949,1,45.368,28.821,0.06967,0.68656,3.215,8.385,-25.13,-7.316,43.691,26.37,-45.113
1,9.908,-7.759,-45.451,-15.61,-4.141,4.269,-17.88,-0.05567,45.944,6.175,-14.762,47.473,6.435,-43.187,-19.828,-3.556,-41.556,17.587,23.569,-2.843,23.87,27.854,36.089,-21.509,47.091,-0.04202,44.163,28.915,23.805,48.302,9.792,18.108,-15.869,-0.04307
1,28.007,-29.251,-34.728,-20.966,26.898,5.656,36.055,46.647,-13.1,12.507,-38.071,24.62,-38.261,7.752,-35.508,22.27,0.97173,0.00140,-45.991,38.183,34.973,27.653,48.935,25.562,-34.199,12.239,-1.883,-39.094,-33.483,28.644,41.801,-38.198,0.91483,6.274
1,46.689,-26.305,0.94701,-20.928,19.92,-0.03227,38.332,-34.819,-10.187,6.634,-37.363,14.833,4.651,-18.902,36.604,17.476,-32.636,42.25,38.048,-18.48,7.65,49.587,0.89470,-13.419,-37.627,-26.878,13.268,-46.256,6.977,-21.006,30.57,12.836,19.647,28.451
1,-26.566,-8.037,9.18,-21.609,-3.852,-42.226,-35.968,-0.03646,17.002,-18.425,11.817,4.616,-10.09,-39.976,15.713,-42.918,7.357,-26.031,16.024,-26.043,29.618,26.616,-5.104,-43.94,-17.203,46.785,0.89147,26.101,-9.917,8.684,-24.574,37.972,11.614,-0.16243
1,-0.559,37.342,37.029,32.422,10.462,-41.224,35.657,-37.628,14.169,-38.506,0.78735,1.107,-29.968,-11.075,-29.423,12.338,-47.838,10.347,-30.353,33.078,-14.469,-7.192,16.606,-19.198,16.758,17.034,17.825,18.846,-20.787,-0.00703,22.552,34.638,-30.481,-0.06151
