1,1,12.562,-2.07,24.106,0.85243,0.02306,-29.53,3.993,1,0.03760,23.552,-0.17755,0.59755,-0.44945,-25.558,-0.38223,0.84356,-17.902,-23.243,-0.32192,31.735,-0.29674,0.36946,2.942,46.47,-3.111,14.132,-0.46168,-20.414,-0.34090,0.42267,-41.125,0.18641,-0.45300
0,1,-7.04,1,-12.398,0.93035,-0.36156,-0.10868,16.476,1,-0.04549,0.50874,14.271,0.34432,-0.69707,-0.51685,-0.97515,-41.074,43.756,-24.791,-1,-23.344,-9.834,20.567,-1.306,-2.145,-0.26569,-37.768,-0.18401,17.831,-40.556,-17.129,-0.06288,-0.13738,-0.02447
1,1,-47.562,-37.77,-0.03365,1,0.00485,39.923,27.714,48.435,-16.786,0.73082,0.05346,0.85443,0.00827,27.44,-44.098,20.104,-0.13644,32.356,-0.08540,0.70887,18.66,0.43385,-0.12062,0.57528,-16.162,-40.399,-0.22145,0.43100,-49.69,-2.734,-0.24180,7.208,-0.38238
0,-41.279,0,1,-0.45161,1,-14.844,0.71216,-1,0,49.276,0,0,-36.582,-16.602,-1,0.14516,42.483,-26.017,-1,-0.54467,22.465,1,23.724,-2.544,-25.849,47.045,48.706,23.429,1,-0.20099,42.964,1,-11.467,1
1,7.182,39.51,1,-0.02401,0.94140,0.06531,0.92106,15.316,-9.2,-0.16399,7.639,-0.20275,49.039,-0.00712,-28.114,39.628,0.52940,-0.21780,39.448,-0.17813,0.05982,-0.35575,10.446,-46.282,-34.063,31.084,0.13290,-0.53206,0.02431,-13.695,-0.05707,-0.59573,-34.156,42.761
0,1,0,0.02337,-0.00592,-19.207,26.47,-0.00763,-7.374,0.14706,0.06637,48.114,-7.666,47.663,0,23.408,-27.244,48.587,-0.10196,-49.447,34.376,30.252,0.03669,40.082,-20.169,26.58,-0.01535,39.607,0.09223,-0.07859,0.00732,0,0,-0.00039,0.12011
1,1,0,6.212,39.073,0.94601,-0.20800,-4.208,-0.28350,0.85996,10.688,-33.564,-0.47929,0.78225,-0.50764,0.74628,-42.535,0.57945,-0.68086,0.37852,-0.73641,43.868,-29.114,0.31898,22.891,-11.89,-30.184,0.13659,29.767,-16.336,-0.82395,23.912,4.424,-44.263,-0.80975
0,0,0,3.926,0,0,8.09,1,-1,-41.977,0,-1,27.078,0,0,6.784,0,-16.742,1,38.566,15.148,-10.916,0,20.123,9.687,36.58,1,-30.658,1,0,5.037,-22.738,1,0,6.706
1,1,-41.602,0.96355,-0.07198,31.189,33.934,15.642,-21.811,-45.27,-0.36174,0.92570,-0.43569,-42.835,-0.40668,10.486,48.823,-21.896,-2.839,-34.516,-0.734,0.75346,-0.60589,0.69637,23.957,-43.045,-0.65440,0.57577,-0.69712,0.25435,24.391,0.45114,-0.72779,0.38895,-0.73420
0,1,-2.501,-0.01864,-0.08459,-4.57,-7.784,0,-30.545,-4.119,24.439,-15.374,-0.38172,0,6.262,40.313,23.539,-0.37133,0.15018,9.486,0.22115,4.705,0,-46.879,0,-0.14803,-0.01326,0.20645,11.802,0,35.366,0.16595,0.24086,-31.463,0.38065
1,1,0,1,-36.257,17.881,6.21,45.719,32.112,1,-0.43107,1,-40.123,9.925,-31.6,0.90711,-0.59017,-11.334,-0.66474,-46.067,-0.70997,40.245,-0.76320,0.63081,-0.80544,40.203,-0.89128,0.47211,38.361,0.40303,19.144,0.30996,-29.676,0.22995,-27.912
0,46.974,0,26.039,-46.969,25.589,-1,1,-1,15.114,0.36217,1,-0.41119,1,1,26.159,-4.637,1,-0.29354,20.61,20.842,-35.345,-6.921,1,1,1,41.815,1,-27.997,19.477,-5.994,1,-1,1,44.383
1,1,16.328,8.661,42.127,1,14.55,48.422,49.503,24.857,-0.19277,0.94055,-0.35151,-29.605,7.041,11.014,-0.34412,0.94486,20.289,11.485,-0.43383,0.86043,-0.47308,0.82987,-0.51220,0.84080,-0.47137,0.76224,-0.58370,0.65723,-10.429,-13.031,12.316,0.64727,46.552
0,-5.608,0,-46.376,-0.86701,1,-33.967,-41.245,5.033,1,-0.12090,1,-4.439,27.251,-6.65,3.2,-0.14767,-42.306,-1,1,-1,0.61831,32.036,-13.002,0.62349,1,33.679,1,23.933,-16.486,-0.66494,1,-38.298,1,-0.18826
1,1,-33.195,18.552,32.267,-48.626,0.03420,1,-0.05563,6.922,-47.95,31.753,0.19651,1,-21.909,22.322,0.12785,1,-21.307,1,0.27087,1,0.44758,1,19.083,1,12.122,1,0.36743,49.607,0.48641,-24.512,50.289,37.739,0.46712
0,1,47.749,0.50932,-0.93996,36.013,-19.087,9.503,-1,1,-1,0.43685,-33.894,0,0,37.787,-14.271,-0.37681,20.897,1,-1,-43.125,28.126,29.043,15.811,-0.16253,5.67,-35.282,-36.805,0,0,1,0.23188,-46.317,0
1,25.294,0,0.99645,33.878,1,32.962,0.97811,-36.031,0.96112,11.144,-43.962,0.07808,42.034,0.10346,30.956,-1.843,0.88809,-11.664,0.86104,0.08631,-0.648,0.11830,-17.277,0.14442,-3.054,0.13412,48.33,34.584,0.79110,0.15379,0.77122,0.15930,-47.235,0.12015
0,0,-23.379,23.406,0,-1,21.364,1,17.975,26.317,-22.499,0.005,29.315,1,48.66,-32.986,1,-1,-1,-1,1,21.971,-1,-1,8.856,47.202,1,-12.301,-1,-45.313,1,-1,-1,-41.295,-1
1,-34.019,-1.789,0.67065,-39.282,-15.316,0.05031,0.57197,0.18761,-26.493,0.34081,-38.081,0.12131,0.62099,-42.017,0.78637,-49.148,0.58373,24.47,0.14395,0.41224,-27.436,0.21326,0.51420,0.22625,-27.184,0.23724,39.704,-9.703,0.43433,0.25306,-13.832,20.596,1,37.443
0,0,0,1,-11.237,0,-37.324,0,0,1,-34.965,2.723,-24.621,-0.71875,1,7.602,-33.075,-1,1,1,3.103,-33.814,-45.017,1,43.927,-1,-0.949,1,1,28.579,25.422,-47.658,5.385,1,1
1,40.213,4.16,1,-0.00612,-44.445,-0.09834,-15.163,-0.07649,1,-0.10605,1,35.442,-47.043,-6.008,1,-0.15616,-8.073,-0.31884,11.051,27.608,-17.778,-0.44072,0.96060,45.352,0.81874,42.974,0.82681,36.984,0.75784,-0.38231,19.83,-0.40575,0.74354,-26.039
0,0,0,34.053,1,0,0,0,-45.091,34.032,-35.378,0,-45.973,0,37.849,-1,-1,20.878,-41.692,-1,1,-1,27.414,-7.094,0,-4.182,0,5.269,-23.529,-1,1,-22.407,1,18.313,-41.497
1,1,32.705,0.96071,0.07088,34.896,17.634,-33.038,0.09313,-6.806,-36.595,-30.427,0.02580,0.83250,-0.06142,39.223,0.09831,0.76544,0.00280,-1.85,-0.05295,-21.002,23.997,0.64158,14.751,-23.388,-0.07705,0.58051,-18.555,0.49664,-0.01251,-43.925,-34.059,0.52099,-0.00182
0,0,0,-3.118,-9.434,0,0,-16.379,0,-25.931,-0.226,33.528,32.572,0.789,49.782,0,0,1,-1,-1,1,2.352,1,0,0,-22.689,16.419,43.075,-1,0.147,1,-1,-45.486,17.164,0
1,-7.404,-7.031,1,-0.06182,1,41.983,31.328,-11.982,14.378,31.17,1,-0.11726,39.549,-0.05202,-17.744,-0.06598,0.69170,-0.07379,-48.368,46.524,0.94910,-0.31558,0.80852,-0.31654,-2.262,-0.34838,0.72529,19.998,45.115,-48.749,0.54356,-0.26284,0.64207,46.855
0,1,0,1,0.57820,-33.943,-1,-41.296,-1,-25.542,-3.394,-32.082,-1,1,-1,1,-1,14.332,-4.688,1,16.186,26.282,21.349,1,-45.76,-15.444,-27.587,1,-17.357,1,-1,-43.321,43.335,1,-1
1,29.153,0,18.314,-0.08714,31.858,-0.17263,0.86635,-0.81779,-9.358,-45.733,0.95473,-0.41382,0.88486,-47.227,-6.882,-0.23433,19.753,-23.601,0.12245,27.411,0.90284,0.11053,0.62357,-30.413,5.487,-0.82868,38.915,-0.86583,30.077,-0.89674,-49.614,-0.92128,-0.13341,0.783
0,0,0,-1,30.926,-0.894,-24.139,-1,-29.878,1,24.169,0,0,-20.291,0,38.339,24.686,1,-34.56,-1,-1,49.711,-1,0,15.737,1,23.534,-30.046,-12.001,-1,-1,-17.167,-28.431,-1,1
1,1,0,-15.084,0.08380,1,-42.443,3.882,44.1,33.005,0.64520,1,-4.579,15.503,0.59113,1,0.70758,1,-18.356,1,35.085,28.115,-23.925,-15.2,-30.572,0.91624,19.412,0.83899,-19.199,0.74822,1,0.64358,1,22.121,1
0,0,18.87,-1,-1,-25.874,1,1,-41.242,6.996,1,1,-1,-1,-5.838,-15.537,-16.159,44.001,-41.153,-33.321,-40.555,-33.111,-1,1,-1,47.38,36.762,1,-1,17.14,-1,-5.519,1,1,-1
1,1,0,26.912,25.942,1,-0.16256,1,-0.23656,10.516,-7.047,-24.25,-0.25010,1,-49.493,12.7,-0.21975,-34.347,-0.38606,1,9.46,-34.277,-0.35519,-30.718,-35.918,1,-0.47643,0.98820,18.697,1,-21.707,1,33.277,-0.711,-0.84437
0,-25.948,0,22.427,-1,1,1,1,-1,9.017,-3.816,1,-47.711,1,1.454,1,-1,28.775,1,1,-0.85583,13.655,1,3.464,43.108,46.447,0,-32.958,33.104,9.053,-0.79141,1,17.36,-48.123,1
1,1,0,36.355,8.815,0.93408,-1.661,0.92100,28.697,-18.43,23.148,0.88462,-0.31809,3.805,-0.31463,0.82116,6.495,0.80681,-0.33632,-22.167,-12.878,-31.749,38.91,-38.202,-0.50085,0.61297,-0.48086,0.56804,-0.54629,-35.338,41.156,-4.091,-0.57377,0.42189,-0.58086
0,3.465,20.401,0.71253,-0.02595,-34.833,-24.472,-31.302,-26.6,0.99709,-0.10236,1,15.24,0.58965,-20.93,41.763,-3.489,0.82270,38.529,0.80760,-0.28257,-0.25914,0.92730,0.51933,-2.411,10.877,-0.20392,21.735,-0.41307,-39.55,-0.21901,-0.449,-0.87354,-0.23186,-1
1,1,0,-12.198,-0.15899,0.72314,0.27686,0.83443,-0.58388,-27.901,-0.28207,1,-17.997,32.784,3.91,0.76837,36.405,1,0.39337,1,32.616,0.96354,-2.181,-29.274,-0.91338,-31.643,43.418,-33.767,-0.11582,36.692,-0.11129,-4.621,21.593,21.478,-0.57758
0,1,43.978,0.66161,-1,-8.561,1,1,6.667,0.80893,-18.17,1,-1,1,12.998,1,31.13,0.17589,0.70982,-5.578,0.78036,2.215,-39.425,1,46.705,1,0.85357,37.108,-0.08571,44.969,-0.36250,-17.299,-16.979,-30.422,-19.355
1,1,0,7.916,31.495,1,-0.01209,11.455,-20.992,44.811,-12.336,0.97839,-0.06256,1,-0.06544,18.663,1.725,0.92561,-0.13665,-16.865,-0.14327,0.99589,19.156,0.94815,-0.13565,12.809,-0.20851,-44.602,-0.17909,-44.182,-0.18552,-11.771,-19.649,0.83867,-28.394
0,25.016,0,-33.321,1,-28.263,25.372,0,-17.664,0,0,4.798,-1,-11.622,0,0,-28.546,-1,1,1,3.036,20.638,-34.461,17.712,1,39.652,-23.598,22.958,1,-1,1,1,1,31.871,0
1,1.651,-0.289,0.91241,0.04347,0.94191,-24.876,0.94705,0.05345,38.075,-37.177,-40.01,0.06348,0.92766,0.12067,0.92048,-17.919,0.88899,8.37,0.83744,0.14439,0.80983,-18.785,-31.532,0.14222,0.75755,0.11299,0.069,15.054,0.66387,39.587,-40.068,-41.686,42.116,0.11447
0,1,12.562,23.7,0.02461,0.99672,0.04861,0.97545,-40.509,0.61745,-24.825,0.91036,0.11147,0.88462,0.53640,31.986,0.14137,24.934,3.567,-2.065,46.312,-29.706,4.534,-1.998,0.16516,-25.618,0.16390,-20.138,0.16019,0.43481,-17.363,0.38352,0.14677,14.721,1
1,1,-41.129,-24.123,-37.498,1,-12.003,1,0.26281,0.93051,0.32213,45.247,0.39039,21.502,-6.539,0.79555,-1.419,18.072,15.556,-39.864,0.62999,0.47807,0.67135,-22.807,-8.693,0.34384,0.72082,0.27712,0.72386,-0.756,0.70682,18.135,0.72688,-16.893,0.71444
0,1,27.834,-1,-1,1,39.923,32.601,-0.14375,18.935,-38.77,5.648,1,27.894,1,-3.159,-16.76,-1,-45.101,-49.429,-1,1,46.545,-1,20.266,-1,-17.798,-39.989,-1,-48.562,-1,1,1,0,0
1,1,46.138,-41.37,0.08791,0.86528,0.16888,43.707,0.16598,-10.591,0.68154,23.867,0.36719,49.438,24.151,0.57620,-26.388,0.51067,-2.048,0.31639,0.12967,-16.224,0.54462,-25.311,0.55826,-36.333,48.755,42.128,0.56605,0.12635,-15.283,0.06927,0.55061,22.55,0.67739
0,11.422,-34.096,42.775,-1,-8.972,0.82857,1,-1,1,-13.307,1,0.96161,1,-34.487,-44.753,14.549,1,39.649,8.111,47.475,1,38.963,39.06,1,0.53750,0.85714,1,1,1,-29.458,32.735,-1,1,5.182
1,1,0,35.42,47.605,0.99793,26.415,31.22,-0.19430,0.99374,47.817,-18.18,-0.30130,24.38,-0.37965,0.89812,-0.43796,0.84922,-0.52064,0.87433,39.069,0.79016,39.468,-19.431,-0.64615,-6.92,-7.94,-26.436,-0.73174,0.61010,-0.75353,-48.783,47.788,27.081,-0.83245
0,0,5.236,0,10.961,-44.125,0,0,0,1,1,1,-40.921,0,-5.136,23.954,0,-0.37500,-1,29.592,-17.382,23.688,-28.348,0,0,-1,42.505,-1,-1,-13.118,-28.368,40.179,0,5.238,-34.362
1,1,8.09,1,16.111,1,6.632,-40.981,-0.11039,0.99838,35.481,0.98941,-0.13814,10.654,27.861,-16.789,3.675,0.91236,-0.34400,0.90581,-0.32152,21.023,-24.085,0.87874,39.19,0.86213,-32.088,0.83172,-11.347,5.851,-0.42593,0.77919,6.304,0.75115,-0.50152
0,1,0,0.872,-0.02685,-47.27,14.904,29.825,-43.423,0.69258,-0.63427,-34.362,-0.03353,-0.29020,-0.00550,-0.54852,-21.443,0.91921,-0.46270,26.031,-2.991,-0.29735,-44.21,-0.73864,-22.505,0.83872,-0.46734,49.809,33.496,1,-0.61393,9.485,0.20477,24.538,-41.183
1,7.262,-31.381,0.98166,0.00874,0.98103,-0.03818,12.801,-0.05699,0.95947,-0.06971,0.99004,-30.59,0.94713,-46.99,0.93369,-2.629,9.791,-0.11583,0.79682,-4.426,0.88274,-4.743,0.86257,-15.105,41.534,-0.19689,0.81813,-0.21136,23.939,24.468,0.76911,4.474,-7.04,35.127
0,1,0,0,0,1,17.398,39.226,-46.765,-36.214,-1,8.962,-12.226,0,6.394,43.719,-29.009,-27.577,-0.83297,0.76940,0.63147,32.385,39.644,0.53448,0.35668,-0.90302,39.987,1,18.981,-1,0.81573,0,-39.709,-31.082,0
1,1,0,0.84134,-5.178,14.55,0.02919,46.909,-0.00267,-26.49,45.521,0.81121,-0.01789,-2.751,0.54991,19.394,-0.57486,0.75000,24.864,-7.054,21.577,1,1,0.46610,-0.16290,25.49,-46.455,0.93358,42.212,0.61582,-0.32298,20.455,-0.25706,-35.412,25.025
0,23.857,20.57,43.29,1,-8.741,9.583,-30.562,0,14.651,0,1,13.962,-12.718,1,-1,-1,50.655,-1,-1,1,0,47.225,1,9.077,1,6.661,1,8.339,-1,15.328,0,47.422,0,0
1,24.574,0,-13.002,1,-3.79,1,-16.576,1,-0.26970,1,-0.83152,1,-1,1,4.432,32.603,-1,-39.76,-1,-0.42052,-48.376,25.251,-7.136,-1,0.90014,1.2,-5.728,32.849,1,-1,-42.306,-42.447,1,-33.842
0,1,-19.212,-0.67935,-35.461,18.446,1,1,-20.779,0.03515,-28.611,48.964,-49.037,31.753,1,0.88683,-1,-1,47.18,-37.975,33.193,1,-1,-1,-34.195,18.477,12.922,1,-1,-1,-1,-26.512,-48.281,1,0.33611
1,1,0,0.95659,8.655,38.4,-1.946,16.592,-10.492,-40.758,21.386,-40.344,0.01279,-0.145,-15.525,-7.239,-0.19497,0.99630,-0.32268,0.90343,24.173,0.91428,-0.27316,0.90140,-0.29807,-38.706,-0.40747,0.87244,-0.34586,0.92059,-24.01,-21.476,-0.39061,27.795,-0.41173
0,1,-15.36,38.478,-39.549,-1,11.108,-1,1,0.71875,-13.954,-0.82143,-0.62723,-49.85,18.099,-24.297,27.648,-16.105,0.59152,-0.42113,-34.117,40.07,-1,-1,-20.532,-1,0.23810,49.027,-1,41.985,-0.38914,-1,17.751,-1,0.61458
1,1,30.302,8.384,-0.02259,-25.968,14.638,1,-0.06682,1,23.545,1,-13.459,-25.69,-0.12738,37.383,-32.622,36.378,-29.357,1,-0.17639,-48.942,-0.18949,0.95601,11.567,1,-0.92284,-47.337,-0.21793,0.82920,32.29,0.78479,-0.22765,0.73992,36.043
0,0,0,-1,1,-34.51,-1,-1,4.458,24.933,23.399,-47.997,1,-50.716,-36.117,43.714,1,-1,-1,-28.131,-1,45.071,-9.826,-30.032,-9.007,38.137,-1,1,1,3.079,23.006,0,0,-1,-1
1,1,11.438,1,39.716,0.94525,0.07418,0.99952,-47.037,-8.649,-37.428,38.201,0.07033,34.431,0.14644,-39.445,0.11224,9.738,0.20119,44.591,0.16265,0.99695,0.14258,8.992,0.16410,0.662,0.22431,-4.596,0.23571,19.005,0.22511,-5.175,-23.89,0.83574,0.31166
0,1,0,0.17188,-1,-1,6.613,-24.12,16.35,0,0,41.689,45.013,-10.971,0,-0.61354,-39.046,20.441,0.36146,0.51979,22.984,0,0,-1,19.834,-33.033,-38.397,33.47,1,37.289,41.582,-15.142,0,0,0
1,1,0,-47.005,0.09771,1,-33.391,1,0.22574,0.98602,0.09237,-40.323,-32.953,0.92992,0.24288,-13.075,-24.414,0.85529,0.26721,-41.325,0.33129,0.83393,4.83,40.72,-17.053,0.76193,-5.048,43.557,40.225,4.081,47.557,0.56791,0.47033,-25.222,0.50903
0,1,0,34.817,-3.649,0,12.053,-21.796,28.435,4.691,0,-17.599,49.562,0,-29.588,0.12292,-0.55000,24.717,0.82813,21.825,-0.42292,-12.935,25.822,0.08333,-1,-0.10625,-0.16667,30.374,-0.76667,-1,0.18854,0,30.3,-27.372,-0.27292
1,1,-45.396,1,0.16801,0.99352,0.16334,0.94616,0.33347,0.91759,29.184,-24.307,0.37107,30.338,0.46899,39.896,20.861,34.015,0.48311,0.65091,0.56977,28.956,0.58071,0.55586,13.955,0.48311,-3.9,49.839,0.69129,13.996,-44.32,-44.32,47.348,15.227,0.78685
0,-16.63,-24.681,0.63816,49.76,-20.511,-1,1,31.798,-26.964,0.30921,-0.66886,1,-0.05921,-26.018,0.01754,0.05044,-12.48,-1,0.14254,-15.793,-2.61,-0.43860,-22.396,1,0.80921,-1,1,40.923,-8.541,1,44.988,23.322,-46.43,1
1,-11.902,0,1,-0.41457,-28.299,0.76131,0.87060,-37.644,-24.084,-0.09925,0.93844,0.47990,25.696,-0.16080,1,49.927,42.663,-34.152,47.238,41.411,0.88065,-0.19095,1,-19.424,0.93593,0.10678,0.92890,-47.817,38.346,45.047,0.43970,-4.301,-10.837,-0.05402
0,33.225,0,8.416,26.91,1,15.513,4.425,-11.083,0.66938,39.181,46.408,0.27038,1,0.60598,37.843,0.35507,1,0.02672,30.213,-0.43025,1,0.63496,0.89130,0.26585,0.91033,47.045,-5.423,43.774,-33.718,10.937,1,-31.529,1,0.37409
1,-26.735,0,1,38.051,-35.248,0.02477,8.053,0.07764,1,0.04317,23.474,0.33266,45.421,0.05489,-13.793,0.04384,0.95750,-11.66,0.84371,-0.08668,1,0.04150,49.55,-23.555,42.893,-0.39056,-41.363,1.783,-7.523,0.23360,-46.907,9.09,0.80355,-0.07329
0,-45.204,0,15.042,-1,-37.728,-1,1,-1,1,-1.892,-3.909,-4.211,-7.625,1,47.489,-1,1,1,1,43.855,19.765,1,-35.129,-37.446,49.462,46.459,1,-1,1,0.65625,8.655,0,-33.906,-1
1,1,0,-15.82,0.67784,-19.291,0.82021,42.219,1,0.20619,-33.204,-40.702,-10.626,-0.79135,0.77092,-7.968,32.751,-0.39046,-0.58634,-0.97907,-0.42822,-0.73083,-0.76339,-0.37671,15.512,-2.187,-44.153,22.616,-41.555,10.459,-1,22.804,-15.907,0.98816,0.03446
0,1,-25.553,1,9.878,1,-1,-47.585,-1,1,1,-34.594,1,1,1,1,2.471,1,1,-7.245,-34.988,1,30.47,1,-5.01,24.937,1,-33.958,42.84,0,0,-34.756,-13.983,-36.264,40.44
1,1,-18.983,-44.926,0.03529,1,13.647,-3.207,30.371,33.195,0.25068,-19.461,0.28778,1,0.38643,1,21.175,1,5.938,1,0.53846,1,0.61267,-48.037,-33.872,-22.496,29.827,0.89502,8.326,0.85611,23.827,31.977,0.85611,0.71493,0.75837
0,0,0,7.64,-1,-43.737,1,-1,-1,-28.962,-1,0,29.309,16.718,-26.985,1.774,1,1,-1,1,-1,-0.75000,1,-5.692,-45.569,-48.264,-9.225,-33.478,16.826,20.24,-1,0,43.427,-16.917,-1
1,1,0,24.287,-12.519,0.96760,-2.706,0.96026,9.843,-8.189,0.35052,21.248,0.46281,0.86265,0.52517,0.82820,-18.433,0.73242,-2.721,0.69003,0.73140,-17.146,-26.616,0.48339,-29.973,16.521,-29.868,-4.61,0.83796,0.24944,0.86061,-45.959,26.297,0.09048,0.86285
0,1,0,-18.025,0.38889,0,-4.14,-0.32937,-10.719,-16.403,-13.219,21.083,42.618,0,0,0.20635,-46.341,0.21032,49.237,0.46429,32.239,0,0,0,-16.17,21.669,41.992,22.225,34.309,26.962,0,0,0,0,0
1,1,-47.856,18.491,0.05070,1,0.10827,-22.035,0.19498,1,38.19,48.751,0.34826,-21.587,-26.915,0.94575,1.883,0.89126,0.50391,0.75906,0.58801,-1.816,-13.389,0.79578,0.62758,44.015,27.325,0.59417,0.01,0.49538,-11.255,0.47027,22.021,0.33381,-29.941
0,29.984,36.972,-44.281,30.331,-7.682,0,1,-20.177,46.96,-0.863,1,1,1,1,1,2.249,1,1,1,1,1,7.548,34.914,-38.243,6.886,-1,1,-1,1,-17.77,-40.216,0,-6.806,-1
1,3.927,0,-1.639,-43.323,1,-28.597,10.559,-10.651,1,-18.429,-19.746,21.57,0.92745,0.37639,0.91118,-2.318,0.81939,0.46059,0.193,-6.345,0.79400,-28.968,0.70331,0.58129,0.67077,0.59723,0.58903,-2.127,0.53952,37.699,0.45312,0.63636,47.456,0.62658
0,36.313,35.282,1,1,-16.234,-1,45.524,48.036,43.615,1,26.37,1,39.327,1,1,1,1,-1,9.539,-38.948,-15.054,1,-13.654,1,-28.96,-1,1,-15.629,-1,6.989,-1,-16.857,-1,1
1,14.766,0,1,0.24168,50.25,-40.777,-37.139,33.837,1,-46.091,1,50.657,-46.339,1,1,0.77128,-28.77,1,1,1,-33.594,1,29.694,1,0.64628,-8.639,4.538,1,0.10819,1,47.827,9.784,-7.088,1
0,0,0,1,1,-33.736,-1,1,14.441,-1,1,24.611,25.375,1,12.755,31.458,0,0,0,17.827,-6.03,8.216,25.796,1,1.659,39.007,16.637,39.528,-21.041,1,1,1,-1,-50.378,1
1,-16.803,0,44.674,10.227,1,0.62937,15.452,-18.164,-11.538,0.20280,1,16.993,1,-0.40559,-35.729,-16.218,1,-42.586,33.892,26.867,-15.376,-0.26573,1,-1,1,-19.827,1,-0.81372,1,-1,7.736,-40.003,1,-0.48252
0,0,0,1,35.803,1,26.317,38.701,3.15,-33.453,-26.343,-14.65,1,1,-7.608,32.576,-18.267,34.74,25.54,-35.458,-1,23.084,1,1,1,1,-1,1,1,-37.538,9.966,1,1,1,-1
1,1,23.435,0.92277,0.07804,0.92679,0.16251,0.89702,13.018,0.84111,0.35197,0.78801,3.949,-32.747,0.46983,0.70796,-29.724,16.268,-19.696,-18.27,43.462,26.447,0.66975,39.518,-13.463,-6.454,37.543,0.18765,-32.107,0.09694,0.71038,0.02735,0.77072,-0.04023,-44.175
0,42.332,0,0.68198,-29.597,0.82332,-14.942,-6.904,0.32862,0.25795,-17.442,29.401,-0.15194,0.01060,46.492,0.01060,40.428,0.18681,0.41168,0.10567,6.622,0.04325,8.559,-0.00083,41.194,-0.02862,40.817,31.681,0.14481,8.794,-43.885,-0.04585,10.164,-0.04013,0.04586
1,1,-7.548,0.74852,27.904,12.053,-0.05178,0.80621,0.02811,24.471,41.45,0.63462,0.08728,0.71598,-10.244,12.465,42.104,-46.217,-0.27811,0.65976,-42.98,0.78698,0.06953,0.34615,-5.372,0.65385,0.02811,-25.22,18.345,0.53550,14.361,-30.232,-0.14053,35.11,0.02959
0,1,0,48.507,-19.613,-4.387,7.435,-3.897,13.461,-8.586,0.15299,0.54478,33.5,0.61567,-0.82090,0.57836,0.67910,0.66791,33.407,31.56,-0.11567,23.553,0.14792,-26.723,0.45522,0.47015,-4.163,0.49309,5.096,44.394,-0.02612,0.39118,0.13521,0.34411,16.424
1,1,0,33.505,-34.447,37.655,-45.941,0.77358,6.638,-10.189,-0.04528,0.64528,-42.216,0.66792,-0.13962,0.72075,-0.02264,0.76981,0.08679,0.61887,-22.534,16.793,-0.23774,0.73962,-0.14717,0.84906,-0.15094,-0.256,-31.632,-9.433,35.369,0.86415,24.565,45.554,-20.532
0,1,40.92,-22.689,-11.789,0.89241,-49.425,-12.157,31.982,0.66364,-48.777,15.028,49.715,0.81809,0.09559,0.56818,1,0.50455,0.21818,-23.41,-37.173,34.602,-0.30000,0.98636,-1,-26.943,0.32727,0.56982,-19.421,15.725,0.08182,0.48927,0.14643,1,-15.326
1,1,-0.057,0.57647,10.967,0.40392,22.72,0.38431,33.416,0.40000,-0.05882,0.56471,23.629,-5.406,0.08235,0.52549,46.113,-25.256,25.541,22.804,-36.396,-44.32,0.06667,-49.043,0.08235,0.49804,0.00392,-38.98,0.10039,-41.294,0.08235,0.45098,0.23529,0.43137,40.144
0,1,0,0.41932,0.12482,45.166,0.12500,-30.183,-0.918,-0.03636,29.978,29.62,0.36194,-0.19091,-33.92,-0.13350,0.27322,0.02727,0.40455,-0.34773,32.627,-0.20028,-12.151,6.336,-4.105,-0.14003,-27.928,-28.71,-0.3,-37.739,-46.145,-5.613,-0.07464,-0.00526,-0.06314
1,1,-24.33,0.88305,-0.21996,36.39,0.36373,0.82403,-44.31,38.73,0.05901,0.90558,16.203,-1.202,0.25000,0.77897,0.25322,-34.873,-40.104,7.675,0.39056,45.755,0.27575,1,46.135,0.56760,-0.824,0.385,2.049,-44.522,0.58584,0.43026,0.70923,-3.367,0.54185
0,1,-5.42,0.84557,-26.791,-42.343,-0.80553,-5.694,-42.415,37.095,25.181,0.89514,46.78,-0.18494,-31.085,-0.20019,-0.68065,0.85701,-0.11344,0.77979,-0.15729,-0.06959,-24.228,30.682,0.80934,2.134,-0.03718,0.70882,-0.25288,0.77884,-21.141,-0.21354,46.549,-38.168,6.682
1,1,3.706,0.70870,-0.24783,49.938,0.04348,0.45217,-18.83,0.65217,0.18261,1.569,0.26957,46.759,-29.526,-33.956,0.37826,-27.224,-15.918,0.36087,-11.346,0.26957,22.263,0.53246,-0.03845,0.31304,-0.12174,19.945,-0.04264,-48.798,-11.39,-38.169,7.118,0.50435,0.14783
0,1,0,-0.54180,0.14861,-22.653,0.73375,-0.579,-0.13932,-40.972,-8.253,37.633,-0.15170,0.47368,-23.614,0.56347,-0.15480,0.16409,-14.905,-39.367,0.03406,27.478,8.645,20.814,-11.023,-40.719,0.65635,0.41348,-2.29,-0.15170,24.643,0.02399,16.179,0.52632,-0.08978
1,39.395,18.751,0.29202,0.13582,-38.889,0.16808,0.51783,-0.00509,48.553,0.20883,0.52462,9.941,41.29,-16.125,-33.141,0.03905,27.464,-0.22411,-14.001,-23.34,-15.011,0.06621,-19.782,-49.058,0.51731,-0.03176,0.50369,-0.03351,0.34635,43.084,0.70798,19.081,0.39559,-0.03226
0,31.302,36.273,36.17,0.16851,-29.681,0,-31.911,0.06874,0.39468,1,0.38359,0.99557,7.36,15.215,0.23725,32.643,36.356,-13.069,23.123,-49.088,-0.10200,0.38803,-48.636,-26.453,-0.91574,0.80710,-0.34146,-26.085,10.768,0.69401,-1,0.12860,0,0
1,47.071,0,38.039,-49.55,-30.239,0.37379,0.72990,0.50515,0.59784,0.72997,-35.066,-9.195,0.24412,0.87493,-8.762,43.564,3.332,0.87396,-29.418,22.802,22.933,-35.271,-0.57135,2.617,-0.68159,0.39951,-0.71844,0.25835,-49.721,0.11218,24.218,-0.05525,-0.67699,-0.19904
1,44.623,0,0.97714,0.19049,0.82683,0.46259,8.802,0.58732,0.47968,0.84278,-40.079,-4.554,-5.856,19.059,-0.387,-23.343,-0.32020,12.354,39.136,0.79525,32.791,-36.914,-0.77408,0.33537,-10.503,0.17849,-0.83314,-0.01358,36.429,-47.362,-0.67289,-0.33662,-0.59943,8.332
0,1,-24.12,-1,-1,0,0,0.50814,-0.78502,44.619,20.434,4.613,-0.41368,-15.142,19.636,0,-39.36,-9.971,-0.26710,0.36482,-0.63518,17.321,39.905,-1,-33.185,43.689,-0.59609,-1,-1,-1,-1,-37.369,31.47,38.289,22.84
1,-47.005,0,40.539,0.04974,0.79074,39.997,0.78575,0.03793,0.66230,0.09948,-24.019,-25.453,0.75934,0.07348,47.843,0.08442,0.70681,42.794,0.63613,-33.145,-32.813,0.11355,0.68183,3.575,-13.297,-41.117,-4.753,0.13608,0.65707,-17.273,-41.564,0.14697,5.087,0.15114
0,1,20.825,1,29.3,34.801,25.822,0.77941,-0.99265,0.80882,0.55147,-0.41912,-13.884,0,0,0,0,-27.652,-0.77206,-28.853,-0.60294,0,-17.599,24.672,-22.796,27.435,-1,11.053,-1,50.562,-1,1,3.691,29.374,-3.293
1,21.368,0,1,-45.064,0.96215,-25.252,1,14.971,14.639,39.035,50.397,28.319,29.95,13.218,-3.453,-0.15727,1,-0.14257,0.98310,46.562,1,33.045,30.496,-0.19272,0.98971,-0.22083,0.96490,-0.20243,0.94599,-0.17123,-43.694,-0.22561,-44.526,-0.23296
0,0,-15.76,-21.396,44.781,0,-9.541,-20.719,30.798,0,-24.681,0,-11.964,0,0,0,-26.605,0,-27.841,40.984,0,0,0,0,0,0,-17.63,49.76,-1,24.322,0,0,-47.43,0,-2.937
1,-36.83,0,-10.393,45.2,0.63318,-0.12690,-18.337,37.163,42.657,46.522,0.92003,41.645,0.83543,-4.747,1,-0.31395,0.99273,-25.296,0.98678,-33.861,50.918,-0.27165,0.93126,-48.139,1,-0.19233,0.88793,-0.31565,0.81428,-13.139,25.932,-29.617,0.69531,-0.41573
0,1,3.425,0.28409,-0.31818,45.408,0,15.804,-1,-31.447,0.95833,44.258,-6.359,0.34848,-0.84848,39.097,-10.083,0.59091,-0.35985,47.829,-0.80682,36.843,-34.095,0,7.568,29.872,26.982,33.225,-0.23864,11.017,-0.48485,0.16288,-0.70076,0,0
1,1,0,42.838,-0.49311,1,-47.889,-7.402,-0.87052,-35.347,0.66942,1,-0.10104,-22.829,-11.539,-13.793,48.401,10.31,22.309,1,44.216,1,-42.562,2.804,-0.26571,1,6.754,1,37.437,1,-0.36931,-26.735,-0.40740,1,-0.44739
0,43.855,0,-8.625,0,-4.909,-36.129,0,-38.728,8.655,0,19.387,48.459,0,-0.892,-45.204,48.462,0.36585,-5.931,0.56098,45.489,0,0,0,-34.906,0,0,1,0.10976,0,0,0,14.042,0,-36.446
1,-5.968,0,-10.632,0.00526,42.63,-0.11313,33.23,-40.786,-15.829,-0.06257,0.96484,-0.07496,11.054,0.02966,-19.233,-0.20848,-1.662,-15.685,-33.026,-0.08935,0.89876,0.00075,23.076,-0.05882,0.93368,-43.352,0.87579,-0.17806,0.94294,-0.16581,22.67,-0.25741,-39.498,16.209
0,1,0,0.10135,0.10811,0,-6.01,-8.245,-35.594,4.018,-35.164,0.31081,1,0,8.878,-25.553,42.34,-34.586,40.44,0.33108,-1,-12.983,0,-37.264,0,-0.42568,-49.585,-34.756,-1,0.55405,29.234,0,0,0,23.937
1,30.144,30.101,1,-0.57224,24.147,20.125,0.89518,-0.97450,-33.466,-4.565,1,-19.216,-48.408,-0.86402,1,-46.501,1,6.817,0.76771,-0.88952,-22.426,-1,0.70120,-21.21,14.084,4.512,0.53777,-0.77986,0.81020,30.233,33.195,-1,0.30445,-0.76112
0,1,17.826,0.65909,-7.321,-44.737,0,0,0,0.77273,1,-33.478,-8.506,0,-49.264,21.24,-29.962,3.395,16.491,0.84091,-1,44.427,-1,0,0,-17.917,29.309,-43.569,-0.93939,-27.114,-0.93182,0,6.64,0,0
1,1,0,-26.441,0.19310,10.378,-45.685,0.67203,-30.057,-18.475,26.128,0.36705,-11.79,23.523,-16.834,-0.04061,0.86284,-3.584,-29.977,-0.34100,-2.241,-0.48199,16.676,-0.60230,0.40996,-0.59234,20.577,-0.63038,0.08818,-0.57241,-0.07816,-0.54866,-5.143,-9.599,-0.31954
0,1,42.618,0.42000,-0.61000,33.674,31.458,-12.219,-1,22.363,1,-45.669,42.358,0,-16.17,49.042,0,0.67000,-19.009,0.84000,19.935,0,0,-11.418,21.083,-3.93,0.68000,1,27.182,0,0,0,-16.403,0,0
1,1,0,18.491,0.23395,0.91404,0.52013,0.78020,0.72144,43.825,0.84222,48.028,-21.67,-47.761,-26.415,-0.21980,0.91404,37.564,27.441,-0.51360,0.64527,-3.267,0.44614,-0.74102,0.29162,-14.697,-30.657,-23.752,-12.102,-0.64962,-0.28183,20.792,1.009,-0.37432,-1.218
0,1,0,0.91353,0.81586,29.254,-39.216,-8.077,0.55735,0.05405,0.434,5.7,-0.10241,-0.03158,-0.08970,0.01401,-0.03403,0.01108,3.244,-37.239,0.00097,0.00048,-45.28,-0.00003,0.00019,-19.177,36.972,35.914,0,-18.77,0,45.96,29.331,-7.806,8.548
1,1,0,0.21429,-2.811,0.33333,-43.292,0.19048,0.19048,47.289,0.09524,0.40476,-20.71,21.571,2.88,-29.221,-0.04762,0.28571,-2.856,-2.306,0.04762,-18.398,0,0.21429,-0.11905,37.447,-6.863,0.22109,-0.02290,-28.526,-10.813,0.16997,-0.02034,-0.446,9.54
0,1,38.327,1,25.223,1,-39.899,45.098,-14.071,0.65574,6.005,0.85246,-0.03279,0.72131,0,37.001,-0.16393,10.736,-16.004,0.65558,-0.17176,0.67213,0.03279,1,46.741,0.31148,-0.34426,0.52385,-0.20325,-12.326,-17.267,42.893,34.84,-29.468,-16.695
1,1,0,-40.281,13.766,50.543,-47.308,29.66,0.04572,0.80000,48.001,0.69091,0.04545,0.79343,-34.254,0.77118,49.346,-29.143,0.25455,0.68182,-9.512,0.70674,0.12608,0.68604,0.13493,0.74545,-6.047,9.43,0.15088,-37.466,4.183,0.60715,0.16465,-46.502,33.278
0,1,0,0.39286,1.183,-0.78824,-34.623,-0.16628,24.033,0.66667,-49.366,0.82143,38.933,-0.67230,-21.734,-7.378,-0.63668,38.471,18.981,0.54762,0.05952,24.092,12.204,-0.47651,12.965,25.697,0.70238,0.51971,31.846,18.209,0.39286,-0.54891,-0.29915,9.471,-0.55837
1,1,27.482,33.761,-0.07111,-41.635,-0.02494,44.674,-0.06889,7.613,10.295,-17.424,17.929,1,-0.07287,1,-0.20000,0.86889,0.05333,-18.367,-16.414,1,-12.653,15.452,-0.18667,0.84444,0.03556,-38.217,-0.14162,0.82222,-0.14667,1,-16.216,-35.729,-18.246
0,1,-6.608,0.43636,10.838,37.385,-0.14545,0.18182,21.411,-16.921,-0.03636,0.29091,-34.507,-27.052,-15.359,0.36364,-36.876,0.20000,33.722,38.065,0.05455,2.277,0.49091,0.61818,0.16364,24.868,31.74,-38.127,-0.07027,0.34545,25.263,0.12727,-0.36364,0.29091,-0.29091
1,1,0,40.175,-0.92453,16.664,0.75472,0.49057,-0.05660,26.671,0,13.772,36.781,0.45283,0.07547,0.62264,23.378,43.802,3.526,-19.81,0,-32.926,0.07547,0.95190,-0.00112,-43.87,0.79245,0.92192,-32.847,-13.204,-31.289,-17.783,-6.257,0.43396,-0.11321
0,41.944,41.332,46.785,-17.192,27.64,31.486,40.373,-0.14286,-28.972,-0.14286,-44.662,0.12808,0.33333,40.623,-14.875,8.18,-0.38214,10.605,9.08,0.02381,0.45238,6.306,0.16667,-0.26190,-0.57255,-0.10234,0.24889,-7.882,1,0,-0.66667,-0.04762,0.26190,0.02381
1,1,11.735,-9.884,0.04167,-30.239,-0.10417,-25.434,0,0.33333,14.51,0.47917,0,0.29167,-5.081,35.088,0.02083,0.43750,-7.777,0.35417,-0.22917,0.33333,0.08333,-46.753,23.799,0.39583,27.744,18.852,-43.065,0.41667,-0.08333,11.98,-0.31250,41.758,41.989
0,-4.362,0,1,1,0,33.369,12.461,7.391,16.297,0,0.47744,22.007,-0.51504,0.45489,-0.95489,-27.27,48.762,-3.897,0,31.094,0,-8.945,0.62030,0.20301,32.512,-20.55,5.949,-1,1,45.07,0,-4.327,0,0
1,1,0,45.774,35.413,16.971,-9.97,-0.084,0.19152,-10.0,32.33,37.785,-30.961,0.77937,6.944,0.72254,-41.847,0.66145,0.40844,0.95472,0.59862,-20.007,-34.051,-45.367,0.44511,0.40440,-22.013,0.34374,0.43221,0.90330,1,0.23405,0.39620,24.713,0.37191
0,1,40.92,0.59840,-36.869,0.82809,-15.52,0.76001,-22.709,-26.676,14.436,-10.766,49.963,0.95824,-0.85727,0.91962,0.88444,0.95452,-0.05206,0.88673,-48.536,0.98484,-0.69594,-48.593,-0.85755,0.28604,33.301,1,-19.397,0.62958,-23.651,-12.28,32.065,16.122,0.68822
1,1,-5.873,0.901,0.10129,-24.836,33.268,0.98313,-36.371,0.96974,-0.09316,0.98955,22.693,0.97980,-0.03096,26.525,23.435,23.302,-0.05179,0.93840,0.01557,-43.802,-41.85,0.97889,-0.05318,11.898,-0.15675,40.929,-0.06995,0.90978,0.01307,1,-39.574,-48.692,46.099
0,1,-5.583,-4.468,0,-0.33672,0.85388,0,6.522,0.68869,31.5,-35.768,0.31385,-0.26048,-0.59212,-30.718,-11.546,-44.203,0.16391,29.575,-28.61,-0.228,0,-0.18043,-1,0,-34.257,-26.88,43.816,29.534,0,0.04447,0.61881,0,-1.198
1,1,0,-0.375,0.00876,1,16.254,-43.515,-3.898,-34.586,-24.358,0.99820,-0.03510,1,-0.01271,46.786,-0.02581,38.879,-45.343,0.98485,0.00025,2.517,-0.02612,-1.054,-0.361,-39.723,35.345,0.99188,-0.03473,7.935,-0.02478,1,-0.03855,0.98420,44.982
0,1,31.023,0,0,-4.43,24.908,36.477,-0.05405,-26.706,0,-20.067,0.07297,-23.736,-5.804,-36.983,-41.78,1,1.231,0,0,8.281,-0.21081,-41.025,-0.41622,0,0,1,-0.17568,0,0,48.331,46.528,-31.435,-0.15676
1,1,0,20.087,46.194,49.636,-38.837,0.52751,1.103,0.19512,0.12195,0.43313,-15.444,0.21951,7.419,0.29268,0,0.36585,-29.295,-34.144,0.07317,3.974,0.12195,0.23698,0.05813,0.21951,-11.248,0.19304,0.05641,22.32,-11.03,0.19512,-27.611,-19.042,-49.208
0,1,0,1,1,22.451,-1,0,15.621,-41.291,37.425,-9.407,25.532,-7.185,7.574,-14.357,1,1,-1,0,-41.719,0,-1.099,1,26.696,-39.705,0,1,-2.889,1,1,1,-23.315,-23.703,0
1,1,48.027,0.34694,0.20408,0.46939,0.24490,-19.655,0.20408,19.22,-15.629,0.30612,-48.258,0.12245,-33.145,0,19.609,-0.06122,0.55102,-0.20408,0.55102,42.7,-38.893,-23.583,0.32653,40.204,0.22449,-0.46579,0.14895,9.516,0.18367,38.048,-15.36,26.382,-14.67
0,1,0,11.768,-48.21,33.514,-30.681,0,-26.69,0,35.378,1,1,15.683,-0.25342,-48.937,30.535,1,-1,7.384,0,-26.968,0,1,1,0,0,1,-33.477,23.633,36.383,1,35.273,0,-14.021
1,1,0,-9.109,0.38235,0.91176,0.37500,37.88,0.67647,-48.541,-35.151,-28.94,24.289,-31.054,0.86029,45.865,0.82353,-0.37500,0.67647,-0.5,43.192,-0.73529,0.38235,-0.86029,2.167,2.715,-49.841,-0.67925,-0.24131,-0.55147,-9.253,-35.951,-0.50735,21.719,24.367
0,1,0,-1.254,0.28105,0.22222,0.15033,-24.942,32.764,39.351,0.71242,-1,1,-6.776,-40.053,-0.79085,43.597,-0.98039,17.29,-0.60131,-10.191,-0.04575,-0.83007,0.94118,-6.422,36.252,8.397,0.74385,-47.077,-1,0.05229,-37.226,0.02614,11.036,7.602
1,1,19.636,0.26667,38.189,41.438,0,0.33333,16.217,-38.002,0.11667,33.036,44.03,20.822,0.08333,6.313,-0.06667,0.53333,-14.942,0.41667,-0.01667,0.31667,0.20000,0.70000,42.689,-23.87,-32.052,23.302,0.05439,0.40000,0.03333,-10.504,0.03333,-38.943,-0.05000
0,48.096,-42.162,-26.032,0.40000,-33.419,39.92,39.794,-0.04444,0.06192,3.384,0.04461,-33.487,-0.00885,-24.67,4.497,-48.006,-0.00093,-17.458,0.00470,-0.00153,42.873,0.00238,-0.00114,-13.967,-0.00069,-0.00050,0.00019,-5.395,-41.272,0.00005,0,0.00015,-0.00008,0.00002
1,1,4.691,-20.796,11.675,30.949,0.29730,35.449,-28.616,50.427,0.18919,1,-0.27027,-29.075,0,0.62162,28.381,0.32432,24.272,0.71833,-0.17666,-2.671,0.05405,30.13,0.13514,0.35135,-0.29730,-12.325,-0.22163,0.58478,-0.23027,-16.869,20.231,0.51351,25.579
0,1,0,0.94531,-45.116,-1,13.307,-45.659,28.943,50.379,46.691,40.019,-25.24,-1,0.16406,28.496,-0.00391,0.95313,20.333,0.92188,-4.48,-0.99219,0.11719,-0.93359,33.578,0.95703,-0.00391,15.826,-45.258,0.90234,-0.06641,27.39,13.12,-1,-0.34375
1,-25.605,48.76,0.95202,-24.658,0.93757,-0.01272,0.93526,0.01214,25.289,-0.01734,-20.427,-20.714,0.95665,44.751,0.95260,-27.846,0.99480,-9.568,31.796,0.01792,0.93584,-0.04971,-11.026,-0.02370,0.97052,-0.04451,41.946,-0.01647,-1.963,0.01908,0.95434,-15.794,-46.472,-17.622
0,1,0,-11.902,49.863,-28.299,44.321,25.541,-0.11111,0.36111,-38.052,1,37.089,0.16667,-11.462,-32.65,-0.34660,-3.499,46.049,42.656,-0.42862,-25.084,41.437,1,-0.50333,-46.744,-0.27778,1,-0.57092,-18.301,-0.27778,1,-0.63156,1,-0.65935
1,4.425,0,0.31034,-0.10345,0.24138,36.739,43.821,-0.06897,7.642,-0.05431,-31.717,-0.03689,0.01707,-0.02383,0.00741,39.082,47.381,45.4,-6.423,-0.00523,-0.00003,-0.00299,-0.00028,-0.00166,26.804,-10.084,10.956,15.121,29.629,-34.095,-0.00012,-0.00012,-0.00008,32.224
0,2.804,0,45.048,37.692,0.72549,-23.829,0.60784,-0.07843,42.521,-0.11765,0.68627,-0.11765,0.66667,-27.872,-14.146,-36.346,0.54902,-0.11765,0.54902,-0.21569,0.58824,9.114,-47.186,-0.23529,-41.877,-0.25490,49.075,-8.637,0.56863,-0.31373,0.43137,-11.63,7.523,22.212
1,1,14.042,0.25000,-36.279,9.121,-38.461,0.19036,-35.89,46.567,0.19939,0.01070,0.14922,-0.02367,-34.804,48.425,-45.141,-0.03766,0.03458,-0.03230,-8.61,-0.02474,47.462,18.748,-0.894,-0.01097,-0.00539,-5.218,-0.00586,-0.00294,-0.00520,-0.00089,-0.00408,-4.909,42.852
0,1,-20.104,21.542,32.504,0.06250,0,-43.153,-6.906,-39.997,0.06250,0.18750,0,-0.03125,-11.532,0.06250,0,22.024,-0.15625,-15.117,-0.37500,0,10.108,-40.263,-34.009,-2.569,16.018,0.03125,0,41.07,0.03125,-0.03125,-16.82,0,0.09375
1,1,0,4.471,-0.01081,-7.245,-25.58,30.47,-35.821,-35.037,-0.01622,0.98919,8.846,-47.596,0.08649,-5.01,-13.047,42.392,0.09189,0.97838,-0.00541,-36.264,0.06486,1,-34.914,0.97838,0.09189,0.98556,0.01251,-34.594,42.308,24.937,0.02703,1,-0.07027
0,33.195,0,21.711,0.05426,1,13.545,1,1,-19.546,29.136,0.83721,0.03876,32.233,-18.712,1,-33.466,0.81395,23.202,0.90698,0.11628,1,0.50670,6.281,-1,-45.12,0.03876,31.101,0.71613,0.84496,-48.968,-3.207,0.87317,-22.392,8.613
1,1,0,0.90374,-0.01604,1,29.39,3.774,0.01604,0.93048,0.00535,0.93583,-0.01604,17.718,-17.917,-25.985,-29.898,18.826,-34.43,0.91444,6.683,-43.769,0.02139,-48.275,-0.01604,0.96257,21.294,0.96974,-44.524,0.87701,-6.682,44.427,0.09091,0.97861,-8.161
0,1,-27.304,23.122,-4.656,-18.791,0.10000,0.28250,-8.852,-45.774,0.35000,16.478,-0.34617,-2.806,0.27500,-0.09500,25.639,9.481,0.23500,-30.957,-17.376,-31.215,-3.491,-12.306,0.33176,-0.58000,-0.24000,0.32190,-0.28475,19.849,0.18500,-0.27104,-0.31228,0.40445,0.03050
1,1,-16.17,21.683,20.968,0.63333,42.685,49.742,21.529,27.662,0,-15.77,-46.099,0.80000,0,0.73333,0,0.70000,-13.119,-10.751,0.10000,0.73333,-18.752,0.76667,0,0.63333,41.851,0.65932,31.559,-3.54,33.807,0.60000,0.16667,0.63333,0.16667
0,1,-47.856,43.407,-0.00838,-2.555,0.00838,21.304,37.894,0.00559,-0.724,-13.972,-0.07542,-0.00559,-27.244,17.556,-30.727,0,0.09497,-12.047,47.827,-0.04749,0.02514,1.482,26.68,0.00838,0.00559,0.10335,-22.596,0.03073,-23.038,0.04469,0,0.04749,-0.03352
1,1,8.548,0.94653,-7.395,-18.044,0.67248,0.47564,0.82455,0.01267,0.89109,45.711,0.982,-0.47644,0.56079,-0.75881,0.41743,-0.66455,0.07208,28.676,3.054,36.447,35.474,5.577,-19.728,29.942,-0.64792,-37.082,-8.37,0.36752,-45.7,0.46059,-0.22535,-39.712,-0.05980
0,1,-10.813,-0.539,0.01437,-29.556,-18.662,0.01437,21.308,9.481,0.00862,0.01724,-0.06609,-0.03736,0.04310,-20.817,-43.409,-0.09483,-6.735,-0.04023,0.05172,0.02011,-28.694,-0.03736,-0.01149,0.03161,-0.00862,-2.707,-2.622,0.02586,-2.725,2.953,37.101,-0.04598,47.045
1,1,42.615,0.72414,-0.01084,0.79704,0.01084,0.80000,-15.855,0.79015,-29.949,0.78424,-0.00985,11.372,0.03251,37.164,0.01675,0.80099,-0.00788,0.79113,-16.659,0.75961,47.07,-13.307,38.382,-11.928,-0.01478,0.78041,44.53,-16.494,-0.05025,6.819,25.4,-39.158,35.29
0,1,0,49.289,0.02568,-6.27,0,0.01997,-0.01997,-47.318,-9.689,-29.818,-0.01284,-34.324,-0.02282,33.107,-0.03281,-0.04708,-38.167,49.64,28.834,0.02140,-41.259,0.05136,-47.114,0.05136,4.174,13.806,48.017,0.01997,0.00713,-0.02568,8.766,-0.01427,0.01997
1,1,11.755,25.082,0.22751,0.42328,31.794,-6.774,0.47619,0.01852,-21.546,-0.02116,38.547,-0.34127,25.687,-0.41270,0.32540,-0.51587,0.06878,8.716,-34.853,-0.14815,18.681,0.511,17.257,-0.23280,0.00265,0.03574,-0.31739,13.6,-49.595,0.24868,24.553,0.26720,38.571
0,1,-12.538,0.08696,0.00686,6.875,-17.845,-42.53,-39.3,10.419,-0.06178,0.23341,-0.01144,18.117,0.07780,-18.113,14.317,27.773,-0.04805,0.18993,-16.303,0.11670,0,0.11213,-16.062,-36.578,32.789,43.759,0.01373,-19.135,-0.06636,0.09611,-0.07323,0.11670,-0.06865
1,1,37.701,37.746,2.535,34.223,0.64534,0.21572,0.77514,-0.55941,25.189,-0.73675,-15.23,-37.218,-34.453,10.339,-0.31079,-0.38391,-0.62157,-0.12797,-0.69287,22.583,-0.63620,0.71481,-38.914,32.315,-0.05484,0.60098,-16.963,0.45521,0.60512,-6.581,25.862,-0.21572,-26.839
0,1,0,-6.672,0.00705,0.04090,-0.00846,12.793,36.792,0.01128,-30.245,-14.144,15.665,0.01975,-0.03103,42.793,-33.393,-0.04090,0.02680,23.411,-0.00423,26.092,-32.871,-18.764,0,0,-0.01269,0.01834,-20.349,0.00564,-44.886,39.158,3.503,0.00705,0
1,32.724,0,0.85736,-18.024,-6.552,-15.218,10.868,-0.04182,0.84317,-29.334,0.86258,-43.869,41.504,-0.06124,0.78342,0.03510,41.782,8.183,9.677,-0.14190,40.921,0.01195,0.90515,0.02240,0.79686,28.382,0.82383,6.221,46.928,-0.06423,0.73936,41.312,0.79089,-0.09186
0,1,41.425,1,-8.548,1,1,-1,1,1,-1,-29.822,-6.186,-1,-1,-48.003,1,1,43.052,19.412,24.611,10.735,1,1,-1,12.396,26.932,1,-9.322,1,15.573,-43.965,35.546,-1,-24.83
1,1,-4.897,34.222,16.689,0.38887,0.76432,0.08858,0.98903,33.086,0.88744,43.307,-8.445,-20.481,0.10768,-28.414,-0.31044,-0.66030,-0.55262,-0.19260,-6.222,7.676,47.31,0.64649,-0.35230,0.77814,-0.23324,23.615,12.675,31.472,5.533,0.19667,-3.664,-0.11215,0.64933
0,1,0,1,1,0.006,-41.714,7.225,-32.574,37.885,-9.849,-10.076,0.03125,45.822,-21.455,0,-45.835,1,23.527,1,1,17.034,1,33.142,1,-33.492,1,-19.539,1,1,1,-0.94375,1,35.347,0
1,-15.326,33.602,1,-12.608,0.62745,1,-49.44,1,-0.49020,-22.494,-0.82353,15.891,-1,0.11765,-0.96078,-0.33333,-0.64706,40.234,-0.23529,49.02,0.35294,-28.516,-36.528,30.529,-23.156,14.33,0.92874,0.21876,-11.013,0.56863,-19.333,0.90196,-48.835,0.90196
0,1,0,0,22.302,-1,-37.396,-1,0.943,-5.873,39.972,-1,1,1,1,47.167,9.983,-49.623,0,0,0,21.72,-45.779,-1,1,-24.836,33.724,1,24.525,23.488,0,-42.757,-40.466,-1,1
1,1,-1.198,-4.024,0.44444,0.53695,0.90763,-0.22222,1,-0.33333,0.66,-1,-28.277,-46.145,-0.11111,31.5,-0.22222,-0.66667,-31.193,-36.184,5.522,-0.22222,-0.77778,-27.103,29.353,0.33333,-12.202,45.737,0.45019,0.57454,-33.413,0.22222,1,28.979,-4.583
0,-45.331,6.965,0,0,-35.565,0,0,16.246,35.39,0,-40.683,0,0,0,45.786,0,0,0,0,-2.054,0,0,-0.313,-44.502,0,37.879,1,0,1.517,-3.891,45.023,-24.33,-1.345,0
1,-41.025,-21.0,1,46.787,8.281,0,25.635,-24.236,0.75000,0,37.2,0.12094,0.89067,-5.278,0.86922,31.185,2.095,0.25000,-41.1,0.5,48.081,-5.604,1,-0.25000,0.5,0.50000,-25.966,0.26388,-30.974,0.25000,0.69635,-37.692,0.67493,0.30293
0,19.446,-15.492,-1,1,1,1,0,0,1,-28.611,-37.813,-1,1,21.146,0.069,-30.295,-49.281,-11.345,6.37,-1,0,0,0,-11.085,-1,-1,50.295,-35.461,1,1,-20.212,2.706,0,46.18
1,1,0,1,21.451,-0.889,0,0.66667,-41.608,-7.185,-0.11111,-14.468,-1.211,-40.291,-0.22222,0.77778,37.425,0.77778,0,25.532,-0.11111,-9.629,-0.11111,0.66667,26.863,0.66667,0,0.90347,-0.05352,-21.315,-39.594,16.509,-0.11111,9.574,-23.703
0,18.751,0,0,0,10.108,0,0,-39.342,-48.85,26.648,0,-20.064,-1,-1,0,0,1,43.735,48.027,38.395,19.099,0,-17.078,-32.696,-15.36,-14.425,41.817,-1,-1,-24.297,1,1,0,0
1,1,0,1,-13.566,1,32.06,1,0.09091,-28.681,11.677,-48.937,0,1,35.105,8.384,-0.18182,1,0.09091,-25.69,-48.21,37.273,-0.36364,15.683,-26.877,24.633,-0.09091,1,-32.526,1,0.45455,1,36.11,31.302,-0.18182
0,1,0,4.079,42.078,0,2.079,0,-10.007,-30.688,0.28788,-48.569,0.39394,21.93,-8.307,0.36364,0.31439,-36.047,-28.801,23.521,-0.14773,0.01894,-0.53409,-0.57576,-49.538,0.29167,-0.27273,46.329,36.562,0.43182,0.24242,25.115,-0.02273,-35.759,-0.41667
1,1,0,-8.649,0.11765,1,-46.934,1,11.849,-4.959,8.143,-36.409,0.23529,1,0.11765,1,-23.715,1,8.77,1,-0.11765,1,18.473,40.658,0.41176,-39.393,-5.598,44.623,33.676,1,37.311,1,0.35294,1,-0.019
0,39.289,16.35,20.105,-24.12,-1,-0.62766,1,0.51064,0.07979,-0.23404,18.636,-39.722,0.12766,31.879,-9.971,-1,0,42.689,41.735,-15.221,-0.25000,1,5.783,-32.893,0,-38.369,43.822,22.372,-0.22340,-0.48936,0.74468,0.90426,-0.67553,0.45745
1,1,0,4.37,-5.103,47.93,4.346,0.70833,-41.022,40.846,-33.596,0.91667,0.04167,43.705,-24.572,-16.74,0,0.87500,0.04167,1,0.08333,-25.098,39.715,-32.395,0.16667,-41.329,-0.12500,-47.167,0.05503,1,0.20833,0.70833,-13.968,0.70833,0.04167
0,1,-28.372,24.674,-0.16667,0,0,0,25.822,-21.796,0,0,0,0.11538,-0.19071,20.825,12.053,-3.293,0,0,-17.599,0,30.3,-12.986,-0.06571,0.07853,0.08974,49.735,-0.10897,34.926,-29.492,29.399,4.643,28.603,0.19551
1,1,29.496,16.006,-0.08183,1,-0.11326,14.631,-0.29802,29.39,-0.33075,47.646,28.615,21.226,-25.694,50.325,-0.48170,39.816,-0.65224,0.68131,32.595,0.82450,-45.864,-44.808,-0.74785,0.67033,-0.96296,0.48757,-0.85669,-4.073,-45.498,13.549,-0.88846,0.29221,-0.89621
0,31.798,-20.719,1,-20.396,47.76,-14.76,-1,-18.455,0.34649,24.533,-11.504,0.07018,-24.453,0.05702,0.35088,0.34649,0.72807,-47.47,-2.709,-27.311,0,0,-0.29825,-0.16228,-8.541,-0.66667,1,-27.605,1,-0.24561,41.335,0.20175,45.61,0.07895
1,1,0,46.321,0.24077,0.99815,-25.08,50.721,-11.652,42.586,-0.23486,0.70643,-0.24077,0.73855,-0.30539,0.71492,36.985,0.47194,-34.262,-28.894,-5.05,0.61041,-0.39328,-47.213,46.11,25.281,-0.52142,-19.008,-38.313,0.12777,41.265,0.15657,-13.415,0.18353,-0.46603
0,0,0,-1,1,8.568,44.408,0,39.097,0,3.425,48.378,28.629,1,33.225,0,10.957,1,42.615,0,0,26.804,0,1,1,14.122,37.843,-9.083,-1,-32.754,1,-1,-35.095,-6.423,0
1,1,0,2.727,44.226,0.96419,-0.17674,0.87024,-42.554,42.71,9.039,-14.001,-48.141,-10.711,-0.49639,0.63338,-8.89,0.37254,-0.70729,38.041,-0.72109,22.891,-0.54172,0.33509,47.954,0.14750,-28.371,0.09312,-0.59589,-23.9,-0.54928,-0.01840,-36.789,-0.07457,6.574
0,49.462,0,-1,-5.909,-0.50694,9.655,-35.446,-46.204,0.108,0.53819,-8.625,14.042,0.23958,-1,1,1,0,0,1,1,-33.906,-37.728,0,0,-0.71528,-35.129,-4.878,17.765,48.459,41.855,0.69792,-1,46.965,1
1,1,0,0.84177,0.43460,0.5,42.551,-16.72,11.136,-0.37764,0.88186,-20.828,-42.542,-41.202,22.392,-3.468,21.613,-0.62869,-0.65612,-0.25105,-7.825,16.65,-16.42,0.51477,-0.66878,0.74895,-0.28903,0.77937,-33.93,32.989,0.42827,-11.312,0.62447,-0.00422,-39.928
0,1,0,-34.594,30.47,0,-12.983,-24.553,-1,41.34,22.937,-34.756,1,4.471,-7.01,0,0,1,-38.264,1,1,0,0,1,-1,-1,7.878,1,-47.585,-9.245,1,-35.958,1,41.44,-35.988
1,-17.983,23.156,-19.461,-45.29,8.613,1,0.77123,-48.037,-0.33333,1,-1,6.281,29.144,1,30.233,31.101,-1,-23.392,-1,20.192,-1,-0.92536,-1,-0.33333,-34.8,12.464,0.19235,31.195,1,-5.207,0,-1,1,-0.66667
0,0,6.64,-1,22.24,-35.478,-45.569,-44.737,0,-1,1,1,-1,-1,15.718,-1,-7.225,2.774,-29.962,-1,-1,-1,-16.917,0,0,1,42.427,-48.264,-25.985,18.826,28.309,-5.692,1,0,0
1,1,0,-3.944,0.06843,1,0.14211,-29.615,0.22108,24.327,25.304,10.569,-18.626,1,-17.201,1,-12.015,-31.11,21.319,1,-27.304,1,0.92001,17.115,-1.898,1,1,1,-45.096,1,0.25000,1,-8.17,-2.411,1
0,0,49.042,-1,-1,-18.719,0,0,-16.403,0,0,33.674,0,0,-46.099,1,-12.418,0,-16.17,-1,-5.14,0,0,42.718,1,-12.219,19.935,1,25.962,42.618,21.463,21.083,31.458,0,0
1,1,1.454,0.64947,-0.07896,-47.273,-0.14380,-12.114,-27.511,21.602,0.04403,0.38096,-23.298,-0.395,-31.013,0.03459,-0.18947,-2.419,-0.29441,0.15196,-0.29052,26.781,-0.31525,17.557,37.638,0.03004,-0.25124,47.751,-22.82,-0.02612,-0.21129,-0.04717,-0.18950,43.362,-14.261
0,-6.682,5.886,0,0,-40.216,0,8.548,0,0,0,1,-0.196,0.16667,3.51,35.914,0,-7.806,0,-45.281,-19.177,-0.19792,29.765,36.805,-17.864,-1,-36.743,0.04167,0.75000,29.102,-1,45.835,-0.27083,-0.19792,-0.93750
1,1,-10.813,48.051,0.05149,38.084,0.10123,0.368,0.14756,-5.86,-0.26496,0.66026,0.54701,22.066,0.25283,-17.97,0.27380,0.66775,-2.352,3.524,0.29304,-20.209,0.29200,10.015,-28.432,0.39023,-2.465,0.32930,-43.108,0.27381,-2.48,0.22427,0.21378,-29.349,0.19083
0,1,-15.857,1,44.429,-1,9.539,41.615,-1,36.282,25.688,-39.134,-16.473,37.327,-1,-1,1,-13.581,1,1,1,-29.272,-1,-1,-1,0.82937,0.36508,1,1,6.989,36.821,-1,-16.954,-13.654,47.765
1,34.107,13.766,-40.326,-0.00190,50.265,-29.338,0.92314,-34.74,0.93123,0.16828,-8.677,49.341,0.99676,0.08172,-46.175,4.207,-46.493,-38.392,0.87379,-0.14482,0.84871,0.26133,0.75081,-0.03641,0.84547,47.975,0.87293,-0.02302,0.98544,28.892,-5.491,8.682,0.85841,-0.14725
0,1,0,-48.378,-1,1,1,-21.041,1,25.796,0.159,1,18.637,1,26.375,12.755,39.528,38.007,0,1,1,25.611,1,-6.03,17.827,32.458,1,14.441,0.62500,1,8.466,-35.486,1,1,1
1,1,0,1,-19.016,-15.376,-37.514,1,-0.10401,-16.803,-12.384,1,-17.982,0.98120,-0.06861,7.736,27.549,0.95802,-0.18954,-38.381,-0.15633,11.267,0.03728,-15.063,0.09242,18.993,32.88,0.96238,-0.04597,44.586,-42.596,1,-0.13722,15.417,-0.11717
0,1,-17.267,31.945,-1,-1,-1,-0.07661,11.966,1,37.753,0.74597,-0.38710,-7.608,-0.79313,-0.09677,1,0.48684,0.46502,2.467,-0.27461,-0.14343,-0.20188,21.964,0.06895,25.348,-34.386,37.736,-27.355,-36.462,33.724,-38.545,0.00108,-15.65,24.544
1,1,0,0.79847,0.38265,0.80804,-0.16964,1,-0.07653,-31.864,39.101,0.70217,-30.082,13.769,-44.849,16.646,-18.758,-19.338,3.396,-5.735,23.512,1,0.00191,-13.244,37.089,-32.454,-0.14541,1,-0.00394,0.75638,0.07908,1,42.626,27.048,-0.05740
0,0,0,-15.161,0,0,41.332,28.401,-18.025,-29.424,0,-43.989,40.944,1,32.724,1,1,41.039,-1,6.258,40.623,1,9.251,1,9.093,1,9.842,1,0,1,1,1,-1,46.047,-7.371
1,1,23.611,1,-10.606,1,27.678,19.358,-0.35094,15.573,-43.27,-46.075,-26.321,0.90818,-0.44119,0.75723,-0.58899,0.69748,11.155,11.993,-8.123,35.23,-0.70975,0.54465,41.179,0.49214,-0.73333,0.35504,-0.76054,0.26352,-0.78239,-30.656,40.694,-5.046,-0.70000
0,1,0,0,0,12.461,31.094,0,-5.362,43.22,-1,0,16.297,1,-1,0,0,-28.555,-1,32.369,-5.897,49.115,-1,6.791,-1,34.512,1,21.898,-4.527,-7.945,-1,0,-18.55,4.949,0
1,1,0,0.006,0.09091,-9.894,-0.09091,25.3,0,1,35.347,-33.538,0,-9.101,0.04545,0.90909,44.776,1,-22.455,1,0,16.898,0.09091,0.77273,0.09091,-44.926,0.04545,-30.659,32.858,7.555,0.09091,37.749,-42.318,-19.676,0.04545
0,0,0,0,0,-24.416,-12.157,-15.326,41.92,-1,-1,-49.459,0,-1,48.883,-20.568,-37.585,14.302,32.602,1,-1,-23.078,13.546,0,-11.739,-26.516,-1,-1,30.255,-48.717,0,1,-1,0,0
1,1,23.488,-24.924,-0.08824,-38.495,0.17647,0.82353,0.08824,-40.845,-0.02941,0.97059,22.544,0.97059,0.14706,0.94118,33.316,11.983,0,1,-36.396,40.737,25.643,0.88235,0.02941,-48.77,0.02941,23.229,46.193,0.94118,-0.11765,-4.902,0.001,-43.867,0.05882
0,1,-45.145,-35.257,1,-1,0.15244,0.28354,30.534,5.522,1,-1,-1,1,33.5,-6.583,-28.115,0.28301,-1,1,45.816,-12.516,-5.468,-37.739,-1,1,-1,-1,-1.234,30.575,-31.415,-29.61,-0.552,0.14939,1
1,1,0,45.497,-0.10526,2.355,-3.873,7.797,0.02615,38.563,16.193,36.074,0,0.79856,-45.281,-43.719,0.05756,0.84211,0.47368,46.786,0.05263,-0.619,-24.254,0.70301,0.08141,-40.262,0.21053,0.65419,0.08968,0.52632,-2.265,0.60150,-0.218,0.57418,-35.468
0,1,-37.983,25.129,46.287,-31.724,0,1.326,1,0,0,0,0,0,-21.0,0,0,-42.025,0,47.645,0.92949,-0.35256,0.74359,-0.34615,-6.412,0,-41.85,-25.352,-5.932,0,-26.706,31.023,36.288,7.281,0
1,1,0,1,0.45455,1,-48.736,50.113,-14.855,23.146,-0.09091,1,-27.611,0.81818,0.614,4.342,-18.94,1,-0.63636,1,-11.618,0.90909,-0.45455,1,-29.218,-10.085,-34.552,8.37,0.08867,20.446,0.36364,-37.813,46.817,0.72727,0.27273
0,15.621,0,-1,7.574,22.451,-1,-1,1,0,24.532,1,-40.705,-0.099,-1,-10.407,0,0,-41.291,-1.889,0,-1,27.974,-40.719,-23.315,-1,-14.357,38.425,1,0,-8.185,1,-23.203,0,0
1,11.108,19.099,0.45455,18.842,0.63636,-48.759,48.3,0.18182,0.63636,-20.064,0.36364,-0.09091,0.45455,26.557,-13.939,-0.01343,0.63636,42.804,38.849,0,-22.934,-0.09091,0.27273,0.18182,0.36364,-0.09091,0.34442,-16.096,0.27273,-15.36,-33.332,-39.342,41.106,-0.01832
0,1,-49.937,-1,23.037,-29.681,36.383,-1,0.64516,-0.87097,-31.477,0,-26.968,0,32.514,30.302,0,0,-48.21,0,7.384,-27.69,-1,36.273,-14.021,0.29839,35.612,12.768,15.199,0,0,0,0,0,0
1,38.137,-49.716,1,0.14286,1,0.71429,1,-28.417,1,-0.14286,0.85714,-0.14286,-47.997,46.096,1,0,0.42857,23.257,4.458,0.03617,-7.826,-35.795,23.006,-10.007,-35.644,24.647,1,-30.983,1,42.766,1,2.651,1,0
0,11.438,0,-46.169,34.474,1,-1,0.746,1,44.623,-23.185,1,-8.649,1,-1,1,1,1,-1,-4.48,-1,-4.959,1,1,40.658,9.084,-41.393,19.12,-36.409,9.829,1,1,38.252,1,1
1,1,-15.142,43.559,0.46972,0.53945,-37.547,-24.016,33.422,19.256,0.87916,-0.73939,-10.388,-0.92099,0.16731,-0.82417,-32.435,-0.59383,-39.993,43.773,-0.82881,23.028,-0.78699,0.51557,19.531,0.69274,-0.24843,0.69097,5.718,0.52798,0.39762,16.61,41.471,-0.06739,38.864
0,47.096,0,1,-1,1,1,-41.162,-26.765,43.872,-32.145,-23.697,-34.513,1,-1,-47.005,-1,1,1,1,1,40.971,1,-40.272,38.798,4.453,-4.395,-12.968,1,1,1,1,5.513,1,-18.449
1,-11.935,-3.293,12.98,0.04174,50.455,0.15766,-20.935,0.19791,0.83675,24.854,0.80619,35.203,26.585,5.096,0.66586,-27.889,29.036,30.818,0.53392,0.52180,0.48435,-29.046,0.42546,0.55684,0.33340,0.55274,0.26978,21.367,0.22307,0.53448,29.517,-17.108,0.11573,0.46571
0,0,39.086,34.23,47.68,50.406,-45.659,16.006,-1,29.958,30.496,0,0,-44.081,-1,0,0,13.639,-25.221,0,0,-1,1,1,-3.453,20.368,0,1,1,0,0,27.39,-1,13.308,-45.396
1,1,0,0.93537,0.13645,-25.668,45.035,-23.824,0.38779,-2.146,-46.959,31.521,-15.16,-8.889,0.75000,0.50830,0.73586,24.739,0.82742,0.25539,41.844,0.13712,49.617,0.00494,0.88869,-0.07361,-19.921,-12.174,0.78004,-21.728,-16.916,-0.38532,-27.198,-0.47419,0.55835
0,0,0,1,-1,-48.744,1,48.918,38.346,-10.35,-36.83,1,-32.65,-1,-1,24.041,-1,-3.499,-18.301,-28.299,-1,45.437,40.656,40.687,-1,1,0,1,-1,1,-26.084,-13.902,46.321,-1,1
1,44.615,45.408,0.80627,0.13069,30.36,0.24323,-9.437,0.19038,11.326,32.68,15.57,0.46439,0.25000,27.377,0.25192,0.37115,-33.943,-31.235,7.47,0.57500,-0.03462,39.526,-0.08856,37.287,-0.14943,0.40006,-0.19940,-6.074,-0.23832,3.721,-0.26634,0.23896,47.14,0.31154
0,0,22.486,1,-1,-7.39,1,1,-37.248,1,1,1,47.551,-22.829,8.053,2.804,36.77,-26.735,-1,-10.414,10.31,1,1,-13.793,-43.328,1,-1,1,-1,1,45.421,42.893,-1,-46.852,1
1,1,0,0.97467,0.13082,43.796,0.20036,0.88783,47.781,-44.314,48.789,0.85550,-35.993,14.765,0.52284,0.69946,0.58820,-38.142,-35.46,-0.403,0.70398,-4.769,0.68159,46.842,-4.153,0.26832,0.76210,-34.738,-7.84,0.07497,0.80439,8.625,19.542,-0.10289,0.74242
0,0,0,-43.153,0,1,-5.968,0,-11.626,1,1,22.198,-15.555,-39.622,-21.104,10.201,0,32.348,0,-16.82,0,16.487,-2.6,21.868,0,0,0,-33.009,-1,41.789,0,-1,-39.263,0,0
1,-33.958,-25.553,0.92308,-35.439,-5.146,-35.458,-7.519,24.305,-12.277,0.56830,0.57449,0.62719,0.43270,-36.517,0.31705,0.67697,29.662,0.76818,0.04686,0.76171,41.32,0.76969,42.155,0.71327,-0.29291,0.65708,8.49,0.58553,-0.46799,-35.487,2.939,0.40732,-49.147,0.35095
0,-20.461,-49.037,0,30.101,14.464,8.613,1,1,0,0,0,5.281,-1,-1,0,0,-1,-1,0,-23.392,0,20.858,-3.207,24.156,-34.466,0,33.195,-17.983,0,-45.926,28.144,32.233,0,0
1,1,-17.917,0.88804,0.38138,0.65926,44.121,6.932,-5.813,-0.06726,0.90135,-27.381,-29.158,-35.124,0.56502,20.411,0.26906,-0.78940,17.744,-8.853,-0.30942,-0.46637,28.753,-44.901,-0.64338,0.09562,16.107,-48.96,-0.48392,0.43227,-0.29838,-44.099,-0.09461,3.196,0.12556
0,0,-12.605,26.429,-1,1,1,1,1,17.115,1,1,1,-8.17,22.327,-1.898,1,-18.021,-16.69,1,-1,1,-1,1,19.319,10.569,-4.411,1,1,-3.944,-28.304,1,-29.735,-29.615,-45.096
1,1,0,43.353,-0.38293,0.80151,-16.3,22.251,0.15266,-10.862,0.05252,-45.099,0.21225,0.71947,-3.851,42.406,49.372,-18.222,21.108,0.64333,-0.02845,0.57399,0.42528,0.53120,0.44872,-15.224,0.57549,0.44174,21.565,33.799,32.458,-12.868,27.459,0.30588,0.49831
0,0,-13.989,0,17.491,-11.982,-30.693,43.349,0,-47.856,-2.622,0,0,0,0,0,0,0,21.304,-27.297,-23.035,0,0,-0.685,1.454,26.686,0,-21.587,1,47.751,0,0,0,37.906,0
1,1,-7.806,-39.27,-37.234,37.944,-7.684,0.98922,-19.173,0.95801,45.975,0.94054,0.03530,-44.309,8.596,0.98625,0.01858,30.926,0.07135,30.316,-0.00706,6.863,0.187,36.878,0.07098,0.93274,0.08101,-17.817,0.04356,0.97473,0.00818,0.97845,3.32,1,-0.00260
0,0,0,1,-27.717,-1,-1,46.051,-3.716,-20.734,-10.813,0,0,-1,-44.364,0,0,37.09,0,9.559,21.262,-1,-28.53,1,0.407,0,0,1,-7.815,0,-2.639,-1,-19.708,-3.737,1.927
1,1,0,0.50466,-14.223,26.085,44.539,0.71063,0.02258,-15.176,0.01282,-16.283,0.05594,35.973,0.04393,0.68101,0.05058,6.659,10.596,0.63403,-39.994,47.681,0.06856,0.63077,0.07381,0.84033,-12.474,0.59935,0.08304,0.38228,38.395,-16.67,-29.87,43.161,36.406
0,1,0,29.485,-8.639,48.921,-0.76087,0.81773,-38.095,0.76087,0.10702,-46.471,-46.353,0.70067,0.18227,-29.011,0.13712,5.09,32.857,0.70736,49.438,0.64883,0.24582,0.60201,0.77425,-33.339,-6.812,9.677,13.988,-40.552,0.53846,1,49.592,0.56522,0.23913
1,1,0,39.291,-0.07778,1,-0.29630,1,-0.85741,25.411,9.277,18.093,24.369,1,-0.12581,-21.041,-0.83519,12.247,0.01852,0.82222,13.382,-6.048,-49.577,1,0.879,0.69630,-0.26481,0.92148,-34.982,0.78889,25.395,19.702,37.736,32.458,-0.57037
0,44.674,-16.376,14.837,0.15564,0.41245,-42.561,0.26459,-17.562,-18.026,0.13230,0.19455,0.25292,0.24514,0.36965,-39.128,0.22957,27.444,-36.36,6.786,0.24903,0.24903,10.39,0.07782,-12.238,-0.02494,0.28482,-0.06024,-15.797,-19.395,0.14786,32.799,0.31128,-0.19066,18.281
1,1,0,0.57540,-0.03175,0.75198,-0.05357,0.61508,-17.279,0.53968,-6.575,0.61706,33.84,22.675,-27.367,0.62698,-15.638,26.026,24.566,32.179,0.01587,0.47817,-0.02778,0.59127,-34.415,37.303,37.741,0.61291,-38.55,-35.841,-0.13492,0.68849,10.952,2.775,-0.03175
0,-17.783,0,0.06404,-6.844,-0.04433,3.586,-30.205,42.788,-0.01478,0.18719,0.06404,36.781,-32.723,-44.969,0.05911,0,15.683,-0.02956,-14.275,-0.20690,-20.269,0.01478,12.841,0.02956,0.07882,23.597,0.28079,39.126,25.989,-0.09360,-33.409,0.05419,0.07389,-0.10837
1,1,46.047,41.563,8.36,42.039,-0.06935,-43.285,0.01678,9.584,0.00224,0.71029,0.15772,0.71588,-0.00224,-17.227,0.06600,0.83669,-0.16555,0.68680,-0.09060,-6.746,40.61,0.60962,0.11745,40.752,9.998,29.1,31.707,0.63311,0.04810,-28.635,6.207,-14.509,-0.04698
0,15.573,0,-10.069,0.35949,34.546,41.425,23.315,-8.548,0,-25.83,0.07595,11.323,27.932,0,0,-30.822,0,42.052,-42.965,0,18.419,0.68101,-0.20000,0.33671,-0.10380,12.092,0.05570,-48.003,0,-5.186,0.06329,-1,0,0
1,1,-5.362,0.88103,-0.00857,8.29,-0.02465,-8.004,-0.01822,0.89175,12.334,0.82208,16.188,0.88853,33.524,0.90782,30.957,0.87138,-0.06109,-26.648,-0.02358,0.87996,33.224,0.82851,47.991,0.90139,-0.19507,-3.444,4.8,-18.707,22.769,0.88424,-5.082,44.987,-0.16827
0,1,0,-45.408,-0.5,-42.227,16.034,0,0,-31.11,-9.59,7.19,0.02083,0,24.527,0,-10.849,0.16458,-1.449,45.413,-22.638,32.829,0,0,0,0.98750,34.938,-1,-21.539,-34.771,-0.75625,0,0,36.885,0
1,1,-13.157,-10.85,49.899,0.92007,-37.26,0.92442,0.01359,0.89179,-0.10223,-48.558,-19.652,-15.395,-0.01033,32.185,-0.08918,-26.656,-0.05057,-22.522,-0.04024,0.88418,-0.12126,41.809,-0.11909,-23.248,-0.14138,34.466,-0.11808,-47.862,-0.13051,16.138,14.421,0.86786,-0.12235
0,1,0,-49.623,-44.779,1,40.101,34.171,-25.856,0,-36.396,1,-0.42444,-4.873,0.19556,-40.757,22.667,26.525,22.672,0,0,1,-0.04000,23.302,-39.653,0,46.167,0.943,-1,0,0,11.983,0.11778,0.90667,-0.09556
1,1,-4.468,0.81143,-0.191,-11.35,-0.00143,7.312,29.541,0.79571,-0.04286,-35.863,-30.415,0.85571,-0.06714,0.86429,0.00286,0.82857,-0.05429,-27.8,-1.317,0.76857,-0.08429,-44.302,-27.93,0.77000,32.431,30.391,-34.343,0.82571,-0.10429,-4.769,44.766,0.82143,-0.15143
0,1,0,-40.683,0,6.965,0,45.023,37.879,-1.345,0,0,0,34.39,1,1,0.55172,16.246,-3.891,-35.565,-2.054,1.517,-24.33,0,0,0,0,1,-43.502,45.786,-0.313,0,-45.331,0,0
1,32.023,47.331,-24.238,-37.964,0.43117,-0.09610,-41.344,-0.04156,0.50130,0.09610,-31.278,-5.36,-41.467,-0.11948,25.652,7.244,-5.077,-0.05974,0.55325,-21.01,1.831,-0.03377,0.49091,-0.01039,36.88,0,0.53215,-0.03280,0.43117,-26.672,0.54545,-0.05455,47.377,-0.08571
0,0,-29.295,0,0,19.446,0,0,-19.212,0,-38.813,22.146,7.37,0,-49.281,49.295,3.706,0,-27.611,0,-15.492,0,-11.345,-11.085,0,0,0,2.069,-1,46.18,0,-34.461,0,0,0
1,1,-41.291,1,0.5,1,0.25000,-7.935,22.451,0.16851,0.91180,-0.13336,-21.511,-0.34107,38.033,15.182,0.37856,-0.43663,-0.932,-10.774,0.00678,-0.26477,-23.794,8.412,-39.834,-41.796,-0.12744,-15.377,-0.10242,24.542,-0.07036,26.996,-0.04142,0.02249,-1.909
0,1,10.108,40.817,-48.85,19.099,-33.696,-22.297,1,-1,37.395,0,18.751,1,-0.11111,0,-20.064,-16.078,-14.425,47.027,1,-14.36,43.985,27.648,-1,0,0,1,-1,0,0,0,0,-38.342,1
1,1,0,0.87048,0.38027,-29.04,0.69212,0.31347,-25.824,7.345,0.90740,-27.39,24.427,29.597,-31.961,-0.81049,0.22735,-0.81136,14.558,35.598,-0.38102,32.131,-50.566,35.248,-0.70762,0.15552,35.719,0.38544,-0.51568,-13.495,-0.29897,0.56239,11.709,-47.695,0.16645
0,1,22.006,-35.51,0,-35.93,-8.826,0,0,-1,1,0,0,1,-48.624,-10.127,1.959,0,23.399,45.071,2.458,-49.716,24.933,-28.131,-1,-31.032,0,1,37.364,42.714,0,0,0,0,0
1,9.829,11.438,40.54,0.43491,0.59573,0.77655,18.317,0.94537,-9.89,0.92544,-0.62526,0.71257,-0.86443,-5.622,-0.92384,37.199,-0.77356,-0.44707,-24.655,-0.73285,-0.10237,42.801,-37.145,-0.77570,0.55984,7.525,-39.672,-0.499,0.72478,0.09599,0.58137,-46.78,-5.133,34.05
1,1,42.689,-14.813,0.02520,0.15236,0.21278,0.14919,20.376,38.032,-38.437,-32.288,20.299,31.856,44.271,-0.94053,-0.05409,16.219,5.47,-38.672,-0.44615,-0.11409,-0.85597,-10.944,22.612,0.27942,-24.183,41.242,-0.11876,0.27657,-0.11409,0.15078,0.13296,0.12197,0.20468
1,1,39.971,40.632,0.39121,0.54040,0.78579,47.22,43.766,-0.33221,0.83578,-25.398,0.59564,2.587,0.21909,-42.116,-33.387,-18.046,-48.624,-0.19354,-0.87787,4.637,-6.285,-25.254,-0.72454,0.79143,-0.27734,-41.332,0.08718,0.66592,-13.477,-33.138,0.70011,-0.03983,0.79444
1,1,-29.588,29.059,-0.03490,0.59085,-3.288,0.60409,11.979,30.005,0.00963,-21.172,-0.07461,-27.702,0.07220,0.62936,4.607,0.67509,0.09146,0.67148,-17.599,21.415,49.663,0.50060,-12.904,0.65945,34.942,30.905,0.02019,25.002,0.04452,0.61733,25.813,0.61372,-0.09146
1,1,-4.453,-44.337,39.062,0.70772,0.03309,29.681,0.16912,0.79228,0.07721,-24.407,0.43934,0.63787,0.00551,47.387,-44.442,16.006,0.06066,14.249,13.359,0.67463,0.04228,30.016,32.98,0.72978,-0.15809,20.986,0.07124,0.30882,0.08640,28.949,49.481,-44.793,0.21691
1,-19.719,0,0.61538,41.173,0.78157,0.01780,-14.985,0.02647,31.449,-0.10308,-23.905,-9.461,-20.657,0.05060,0.72322,-2.879,0.68615,44.692,-27.225,0.16308,0.66233,0.07573,49.399,0.08041,0.60154,-0.07231,-11.376,-17.542,0.55077,-26.348,-46.897,0.09207,24.828,0.09322
1,-36.83,37.346,46.005,0.05375,0.84803,-12.9,0.84341,0.00301,0.84300,0.09901,-24.326,0.04102,0.81892,41.662,50.726,-11.344,47.244,-33.775,-3.72,-47.78,0.76365,0.00909,0.74635,-19.291,25.838,-0.04243,42.395,0.01096,0.62235,0.11598,0.66624,-29.287,0.64407,0.01227
1,1,-6.423,3.925,7.568,0.38696,45.513,37.334,0.06522,0.46957,-0.03913,0.35652,-0.12609,0.45652,11.004,-33.591,0.02609,0.35652,27.0,-9.662,0.14783,0.42174,-0.02609,29.951,-0.11304,-31.28,47.37,15.54,32.294,39.484,0.03913,0.35217,0.14783,44.062,0.17391
1,-35.248,0,0.79830,7.147,0.78129,0.20656,0.71628,0.28068,0.69320,-23.416,0.65917,0.50122,0.57898,-41.719,0.49210,9.894,42.227,0.67861,-27.439,-7.755,48.647,38.451,0.02066,23.208,-0.08748,45.053,-11.533,0.60696,1.622,0.56015,-15.049,0.51701,-48.126,0.42467
1,1,46.489,1,0.09802,1,-38.477,0.98390,0.33044,-4.408,0.53020,-34.156,19.368,9.224,49.182,0.55311,-4.168,-36.151,-44.382,43.067,0.79777,-8.528,0.82162,-0.909,0.79870,13.891,0.75596,-0.22839,-35.437,-0.31713,48.068,-0.40291,0.54522,-0.42815,0.44534
1,1,-16.82,11.096,22.002,-6.098,-15.239,-39.833,0.43388,0.63388,-11.026,-39.723,0.71016,0.39699,-19.343,0.24266,0.79523,0.09134,33.144,-0.09159,0.76261,-0.20201,-1.931,-0.30263,-42.527,21.792,0.50489,-0.46215,42.197,-0.50314,0.27252,15.959,-33.817,-0.48808,0.05972
1,1,-34.958,30.417,-8.07,0.90946,-48.253,0.85096,-35.489,0.73678,-34.955,-12.39,0.73838,24.424,0.83614,42.645,-36.357,0.17959,0.93429,-0.00701,0.93109,-0.18880,0.89383,-0.33023,0.82492,-36.221,0.76482,-0.58563,9.542,-0.67929,0.52564,2.717,-5.585,-26.365,41.701
1,1,0,-3.289,0.18198,0.86090,31.589,0.72873,8.07,5.885,0.69865,-18.479,-45.177,0.36100,0.81795,23.312,-48.202,29.148,21.71,-0.16390,0.77853,-0.35996,14.226,-0.43087,-33.812,-0.53140,0.53886,-0.60328,30.511,31.55,-20.188,-24.049,0.13667,-0.64056,0.05394
1,-7.225,-44.569,0.76627,-6.481,0.63935,0.38112,-26.501,0.52500,0.15000,-34.255,0.13753,-44.141,-0.07727,0.44545,-49.264,0.48636,2.499,0.42014,-0.56136,21.608,-0.36591,0.18864,-0.40533,-17.841,16.333,-0.03229,6.301,29.185,43.151,17.629,-0.19962,-0.24648,-30.081,-0.27218
1,1,-17.69,23.916,-0.60927,0.85430,-26.751,0.81126,9.642,0.56623,0.16225,0.32781,0.24172,0.50331,0.12252,-18.382,0.19868,-11.886,-4.517,0.54305,-45.957,0.65232,0.27815,16.804,-3.338,-2.38,-30.468,-8.68,-30.338,0.46216,25.715,0.43484,0.29324,20.728,0.29942
1,1,0,22.083,42.732,0.70019,-0.12144,0.81594,0.09677,-10.706,0.01139,42.28,-46.177,-15.712,0.12524,0.58634,0.03985,49.574,-0.03416,27.656,-3.971,22.19,0.07211,31.778,-16.111,0.53321,21.309,0.49090,0.17951,0.15180,-12.895,0.44141,0.18897,-18.157,33.826
1,1,0,38.754,26.753,-47.05,1.431,0.77031,-0.03299,0.66725,-0.06620,18.087,-0.07666,0.67260,-0.05771,-21.945,-0.06438,48.143,43.394,-29.981,0.01394,-26.737,-14.069,0.53430,-0.08453,0.47038,-0.22822,0.48659,-0.776,-2.096,-23.12,21.747,-0.09621,0.42223,-12.08
1,1,29.984,1,0.08013,0.96775,35.909,-36.276,-0.00722,-18.297,0.098,4.249,0.01419,-6.844,8.534,-39.257,45.943,37.957,5.896,-17.858,-0.08848,0.95016,-0.02364,0.94636,-0.02591,0.98164,0.02003,0.93772,29.3,-44.281,-7.74,0.92774,-0.03464,0.92226,-0.03673
1,1,0,37.569,-10.937,47.479,-28.841,0.70103,-0.39175,0.73196,3.0,-18.445,-0.21649,0.49485,-20.574,0.45361,-0.11856,0.42268,-6.753,21.762,-0.867,0.54639,9.744,0.42268,0.08247,0.70619,-43.168,-2.203,-0.12447,0.15464,-2.978,0.47423,-2.598,-29.077,-0.51546
1,1,0,6.624,-0.04388,-15.091,35.312,0.61432,0.36028,47.69,-0.00462,0.64203,-16.546,-11.86,-0.43418,0.72517,0.54965,-29.364,0.13857,0.63510,42.834,-39.315,25.116,0.70951,0.15359,0.64665,0.23095,-16.547,0.17704,45.141,10.615,38.99,-13.856,37.003,0.36721
1,5.156,0,-37.637,8.748,-46.728,-29.756,-5.685,-47.075,29.387,0.02472,0.66742,-0.00449,0.71685,-0.04719,49.916,0.00899,0.57303,-41.238,0.64719,-0.07416,50.226,0.14157,33.683,13.73,0.46517,-9.589,0.56588,0.00824,48.477,-0.03596,-33.793,0.10562,0.60674,-0.08090
1,32.458,0,0.71521,18.82,9.883,-0.04207,0.63107,-0.05178,-48.598,0.08091,0.67314,0.09709,-21.394,24.769,0.60194,17.618,1.203,-0.04531,38.998,24.696,0.64725,0.14887,13.833,-34.52,25.899,-0.05502,12.206,0.00040,0.31392,-0.06796,38.499,-7.137,0.30421,-0.05178
1,1,0,18.675,0.10370,0.77037,43.709,-18.595,-15.978,0.60988,-42.64,0.79012,0.11852,28.08,-16.327,7.36,10.389,-17.477,32.717,-38.479,-0.10864,0.48642,-17.793,15.062,0.08148,-36.063,-0.12840,-11.9,-0.02451,0.76543,0.02222,0.61235,-0.07160,0.51358,-0.04691
1,1,0,0.60678,10.938,0.67119,0.04068,0.52881,-0.04407,-26.838,0.03729,0.70508,-0.07797,0.57966,-0.02034,-33.921,31.654,-15.01,0.11864,0.56949,33.717,0.53220,-36.451,37.518,2.116,25.069,37.667,-6.036,25.325,-16.68,-0.00339,0.58983,-38.565,0.50169,22.152
1,-32.454,0,0.49515,0.09709,0.29612,0.05825,-13.797,0,0.57282,26.024,-29.706,0.02427,0.33495,-18.734,0.52427,3.531,0.47087,-0.10680,43.245,12.777,16.013,0.05825,-6.502,23.692,-44.559,-0.15049,37.147,39.214,-19.945,0.17476,0.26214,0,-32.472,-0.01942
1,1,40.623,0.98822,40.966,40.97,0.34100,32.563,41.684,0.74706,6.747,0.73584,0.51879,0.55076,46.649,9.273,0.66237,0.31800,-6.666,0.28379,-43.3,0.07515,0.73696,-29.361,-17.312,-15.326,0.69714,-0.16556,0.60510,9.931,0.55805,7.904,0.44195,28.067,0.37465
1,1,0,0.97905,0.15810,0.90112,-42.612,24.432,-30.336,0.71760,0.64888,0.58827,0.73743,42.455,-24.998,0.25140,35.394,-5.139,0.85475,11.613,-9.524,-0.26180,28.739,-0.37835,19.128,10.886,-6.964,-0.57587,0.46040,-0.61899,-46.695,-0.65754,14.756,40.784,0.02968
1,1,0,34.509,31.311,5.869,0.47030,-4.128,0.62415,0.53312,0.78120,44.437,0.88291,-19.449,0.83312,-0.06827,-3.434,-0.28269,-26.835,15.86,8.008,-0.55769,0.48120,11.811,0.35534,-9.591,23.057,47.449,0.02277,32.721,-0.13462,-0.54615,-0.22949,-5.834,-0.35032
1,1,0,0.94331,0.19959,0.96132,0.40803,7.405,-31.008,-45.268,-10.141,0.41836,45.654,0.14939,36.241,0.05167,-19.602,-34.74,0.83939,-0.42811,0.75554,15.532,0.62563,32.174,0.50428,-0.68851,0.30912,-10.872,-42.071,23.773,36.841,-23.207,-1.174,-0.66932,-0.34367
1,17.671,0,0.93972,0.28082,-22.611,0.52821,0.58167,-18.836,0.34961,-27.251,-15.598,0.90403,-24.278,41.813,47.072,16.124,9.195,0.62867,-0.76305,0.40368,-38.085,1.351,-0.81317,-0.04284,-0.75273,-0.26883,-49.35,-0.46438,-2.129,28.162,-0.26389,-0.70835,-0.08937,14.037
1,44.743,0,0.89835,0.35157,43.744,-15.044,43.066,0.94353,-0.03643,-21.015,32.361,0.75334,-0.25137,12.686,12.182,35.246,-24.238,0.10591,-0.47359,-0.06193,-0.81056,10.45,17.318,12.534,-0.12897,17.381,0.07158,-50.109,0.24321,45.617,0.36586,-0.30057,0.42805,0.13297
1,1,4.274,0.29073,-46.131,34.824,-8.184,32.264,0.34336,-48.15,-24.006,27.605,20.138,-0.04725,0.12767,-0.06333,0.07907,-0.06328,0.04097,0.337,0.01408,-0.04166,-32.788,30.535,-0.01176,-0.01755,-0.01505,-0.00886,-1.355,2.443,34.412,0.00096,-25.765,0.00290,-0.00647
1,-45.266,0,0.58459,-0.35526,1,34.589,9.462,-0.00564,0.82519,0.19361,-29.702,-49.214,0.65977,34.992,1.32,10.989,0.72368,-0.42669,-0.754,0.04511,26.319,-9.705,-2.313,-0.40977,-8.005,-0.04699,-25.196,-0.10571,0.52820,-17.311,0.15602,39.299,0.44767,-0.10309
1,1,34.21,0.83609,0.13215,-24.673,0.06059,-35.581,35.909,47.849,38.566,0.43837,0.20330,0.49418,-7.854,-30.254,0.13507,0.29352,0.02922,-41.312,0.15756,3.481,0.14616,0.29495,-2.11,0.26436,-48.145,26.878,0.14314,20.669,0.16137,-17.993,2.425,0.16655,0.13198
1,1,0,19.276,-9.192,10.386,0.01038,0.85124,0.01546,0.76966,-41.752,15.612,29.927,-12.838,0.03027,-20.665,0.03506,0.74838,36.427,0.80019,0.02405,0.80862,36.975,2.884,18.74,0.77336,0.02220,0.79058,0.06235,0.85939,33.719,50.54,-33.729,23.471,0.07508
1,1,0,0.87111,0.04326,0.79946,0.18297,-25.733,9.887,0.89455,15.033,0.88598,6.672,-15.557,-18.672,-38.075,0.19964,0.88644,-0.04642,0.84452,13.692,0.707,-11.61,0.78954,-47.671,0.86661,-0.09193,0.85967,5.769,8.873,-38.066,-8.89,0.21812,0.88238,6.92
1,1,0,0.74916,43.106,-25.934,0.09792,19.486,-13.73,0.74313,-0.09188,0.95842,0.02482,-18.683,-0.00469,-46.658,5.215,0.91482,47.42,0.71026,-27.805,0.81221,-0.08048,-33.284,0,0.71764,-10.693,-34.252,-13.631,0.72435,-0.01073,-11.252,0.11066,-17.277,-16.251
1,1,-20.427,0.47337,0.19527,0.06213,-0.18343,-27.891,9.77,-2.379,-0.04438,0.56509,29.801,0.44675,0.27515,-34.291,46.51,0.55621,-28.836,33.913,15.407,0.52767,0.02842,0.51183,12.289,0.47929,-42.052,0.46514,-46.538,0.53550,0.25148,47.824,-25.206,9.254,-0.00296
1,1,12.05,43.973,0.14689,-37.016,-0.13936,-40.007,-0.13936,0.80979,0.02448,5.259,-18.242,-16.039,-0.04520,0.80791,-0.13748,-15.854,-0.24482,26.893,33.109,0.70245,-0.00377,0.33333,0.06215,-2.351,16.228,17.611,-0.16837,0.52731,-43.572,0.53861,-21.605,0.67420,31.343
1,-46.651,0,0.84713,17.115,0.86412,-0.08493,-19.694,0,-18.521,4.882,0.71975,-0.13588,0.74947,-0.11677,0.77495,-23.481,0.78132,32.29,0.61996,-0.10191,5.31,43.327,-30.433,-0.03397,0.84926,25.796,1.936,-18.158,-34.081,-3.272,0.72611,8.0,0.65817,-0.24841
1,1,0,0.87772,40.031,0.83424,0.07337,-23.213,-27.36,0.77174,-25.08,-16.698,-0.05707,-39.098,-0.10598,44.982,-0.00543,23.14,-0.20924,9.829,0.03261,0.86413,-32.199,0.97283,-0.27989,46.828,8.623,-14.141,-0.10211,5.339,-0.03261,35.225,27.439,0.79076,-0.00543
1,-18.523,-44.925,0.74704,-0.13241,34.425,0.16996,13.837,-35.109,-35.485,-0.11067,25.412,48.342,0.87945,-0.19170,8.259,0.04150,0.63043,30.702,38.823,-39.641,0.79249,-0.25296,0.66403,-15.732,-22.1,-0.10474,0.61847,-5.138,0.60079,-0.20949,0.37549,27.948,0.61067,-0.01383
1,1,0,0.46785,5.569,47.653,-35.935,28.896,0.06874,-4.338,-0.13969,0.52993,15.799,0.63858,-0.16186,0.67849,-0.03326,0.54545,-0.13525,-46.367,-0.04656,-3.829,-0.19512,0.50776,-0.13525,0.41463,42.823,-1.956,-0.211,-27.436,28.167,-49.07,7.288,-18.708,-0.04435
1,-34.608,0,-0.258,30.795,0.72125,-42.117,13.285,-34.049,-30.297,23.053,4.698,-43.858,-0.20097,33.027,-0.35737,0.77500,-0.65114,0.62210,-0.78768,-1.982,-0.81856,44.601,-0.83943,-0.08079,-0.78334,-44.409,-0.67557,-26.177,-0.54732,-0.60858,-0.30512,-0.66700,-0.19312,38.557
1,1,28.024,-13.205,0.29282,0.79917,0.55756,0.59952,0.71596,0.26203,0.92651,48.129,0.96748,-12.338,0.95130,-0.55926,-10.024,-39.235,-0.054,7.73,0.36200,39.885,7.408,-0.93618,-42.114,-0.83192,25.676,49.043,-0.69556,-14.977,-0.85725,-0.13590,4.312,11.161,-0.94823
1,1,0,-11.289,0.30634,-21.765,0.57816,0.34109,-37.755,18.492,1,-0.09238,0.92118,-0.62403,5.156,-13.431,0.32558,-0.81422,-25.088,26.569,-0.00775,31.931,-0.41085,-10.327,-0.45478,2.812,-0.67605,-47.895,-0.81876,8.338,-0.86841,-29.548,-1.129,37.769,-0.81686
1,1,0,-19.39,0.28993,0.69256,0.47702,0.49234,-32.556,-29.67,-6.576,45.354,0.85011,-0.35558,15.659,-0.52735,43.949,44.511,-46.719,-0.75821,-39.909,-0.71225,-0.15317,34.035,-42.709,-0.37199,-17.01,-0.16950,-0.60863,0.08425,28.84,-15.569,-0.48468,0.40591,-11.247
1,1,0,0.92870,6.657,0.76168,3.523,-11.384,10.479,0.21592,0.95193,-4.844,0.96167,-0.47202,0.83590,35.131,-33.949,-6.266,0.36750,-0.91814,0.05595,-31.177,-0.26173,-50.594,-0.54069,-0.50757,13.409,-0.22323,35.436,0.07810,44.469,38.665,-27.377,33.399,-0.60270
1,41.834,0,-30.499,0.31456,0.65541,-11.787,0.34962,10.283,0.17293,0.78947,-0.18976,0.79886,-26.424,0.66541,-0.68421,48.459,-22.801,0.19492,34.593,-0.04887,36.0,-0.19,-0.49165,-42.27,40.433,-0.66014,-0.01530,-17.21,0.22708,30.762,0.43100,34.158,0.64662,18.9
1,1,0,18.496,42.634,0.98058,-0.04104,1,29.052,0.98720,0.01456,38.406,-0.02604,45.345,-1.507,49.854,41.747,0.97396,23.307,0.97264,-0.12224,21.77,-0.05252,-15.875,-0.08914,-34.638,-0.08341,37.97,-0.12912,0.93469,-42.126,0.97132,4.453,-32.861,-0.18800
1,1,0,0.94052,-0.01531,-33.897,-20.121,0.94994,-33.253,47.734,-0.01060,0.94641,-10.712,24.612,-31.331,0.97055,-0.03887,32.386,1.974,-48.842,-23.814,0.94229,-12.806,0.92815,-28.793,11.662,17.774,0.92695,-0.05827,0.90342,-0.07479,0.91991,-2.051,0.92049,-0.07420
1,46.978,34.045,22.71,-23.183,0.91324,-0.00228,0.96575,8.79,34.561,-46.109,0.91781,-44.515,0.93607,-18.872,0.91324,-19.626,0.86758,-0.08676,0.97032,-0.21233,-8.236,30.25,19.918,-0.05251,0.92466,0.06849,0.94043,-9.141,-19.411,-0.20091,-40.62,-0.08676,0.96575,-0.21918
1,1,0,0.52542,-0.03390,0.94915,0.08475,31.407,-45.907,-3.663,-14.94,0.50847,41.369,-18.114,0.28814,0.83051,-0.35593,4.134,-6.437,0.55932,-26.422,-30.31,8.329,18.006,-7.452,-31.965,0.15254,32.505,4.429,0.66102,-0.03390,0.83051,-0.15254,0.76271,-0.10169
1,1,-30.911,32.403,-0.25000,12.582,0.22222,-21.529,9.297,0.41667,0.13889,0.5,-0.11111,0.54911,6.569,0.58333,0.33333,42.83,0.02778,-0.361,-0.19444,-42.638,29.923,24.535,-0.02778,35.752,49.101,0.41543,-0.14256,0.19444,28.12,9.55,-35.643,0.08333,-0.5
1,1,0,19.634,1,1,0.53810,4.107,15.01,-6.949,0.46427,0.33081,25.015,0.21249,1,-0.17416,1,-0.33081,-12.153,-30.102,19.158,-0.52674,-18.995,45.6,0.47894,-1,0.35175,-33.178,0.09569,40.508,22.949,19.122,-14.1,10.018,-0.65557
1,1,34.868,6.6,13.368,-39.701,-39.175,34.103,-18.377,0.35225,0.70792,0.13469,0.94749,2.632,0.93778,-0.37604,0.82223,-0.52742,0.71161,40.202,18.705,-29.712,0.24956,19.034,35.423,-0.98988,-0.29099,5.366,-0.32792,-0.63312,-0.19185,-0.34131,-0.60454,0.203,48.064
1,1,18.791,0.83789,23.947,0.72113,0.58385,0.45625,-18.569,10.632,11.412,13.511,8.845,-0.46177,0.78497,-12.545,-15.549,-26.962,0.26529,16.943,0.03928,-19.337,-0.31351,-0.47412,-0.48905,5.806,9.434,-0.05054,-0.62691,12.715,-0.45911,0.37093,-23.729,0.48319,-0.24313
1,-7.516,0,0.93658,42.415,0.75254,0.65640,0.45571,0.88576,0.15323,0.95776,-0.21775,36.318,11.762,49.579,43.229,0.58045,6.801,0.26020,29.142,-0.06418,-0.87028,-23.02,-0.65079,-17.877,39.879,-0.84951,-0.04578,-26.545,-24.296,-45.733,0.54827,20.18,-3.752,-0.44173
1,1,0,0.92436,-15.58,0.71976,10.601,0.29303,0.94078,29.373,-3.376,15.921,0.92453,-0.66616,0.78766,-0.92145,0.42314,8.933,0.09585,-20.307,-40.953,-0.66431,-0.66278,31.743,-25.738,-0.13486,-23.151,-47.968,-26.414,0.48904,-40.063,0.69886,34.199,0.76066,-48.234
1,1,-9.119,-43.857,0.16195,1,34.911,1,8.896,1,32.61,1,-6.9,1,-20.295,35.251,-0.06374,1,-0.07157,1,-40.74,1,-12.235,49.612,-6.173,-7.037,-19.691,1,-0.06823,1,-16.468,-31.489,-0.14194,1,-0.07439
1,1,0,-48.013,-1.084,0.86421,-37.721,-28.792,-0.00461,45.399,-4.038,-43.3,0.10368,21.86,44.573,49.646,36.342,0.95853,-0.15518,0.84013,0.61739,1,-0.16321,-15.497,-0.08495,-34.098,-34.04,0.84132,-0.01769,-4.426,-0.01867,0.80634,-0.01957,-28.155,-0.02039
1,1,-25.068,0.79378,41.045,0.64064,0.52312,0.41319,0.68158,39.73,0.83548,-0.16831,46.377,-17.469,42.328,-19.539,-3.003,11.027,0.16755,-0.69977,-0.09856,24.985,25.749,-35.074,-0.38287,-0.17437,-5.516,0.01523,35.496,-20.231,-0.38059,0.31008,-27.722,0.34572,-0.08036
1,1,0,-21.65,0.35232,-15.22,-42.038,0.34816,12.325,-19.521,0.90842,-0.29784,0.86490,-8.215,37.822,28.934,0.39309,30.453,0.08408,12.315,-28.504,-0.64579,-0.50022,-0.39766,-0.68337,-0.11147,34.108,-25.726,-0.71504,0.40675,4.891,0.56626,-14.239,19.063,-0.13305
1,1,0,0.89589,46.039,-40.531,0.71804,22.927,0.90824,-32.717,-28.966,-0.45725,-41.549,-0.77660,43.907,0.756,-38.68,-0.92282,-0.15315,-27.889,-0.48404,34.69,48.909,-0.14895,-44.76,0.21581,-0.85703,-15.702,7.452,9.488,-0.40656,0.83142,-0.07029,0.76862,0.27926
1,1,11.464,1,-0.24051,23.218,1.753,-33.452,13.172,0.88608,0.01266,1,-38.358,0.92405,-14.449,0.84810,-0.03797,0.63291,-20.928,35.219,-2.545,0.93671,-19.986,-9.149,0.25316,43.486,-0.37975,0.84637,-35.467,1,-20.093,0.53165,0.02532,-36.787,-0.02532
1,-0.644,0,-24.564,-39.561,0.83312,0.01659,0.82638,0.02469,0.86555,0.01681,0.60504,0.05882,38.404,-24.466,-2.594,0.05407,0.64706,-18.638,0.84034,0.04202,-24.923,0.07122,32.173,-24.113,0.66387,36.59,-15.175,12.785,42.933,0.01681,43.138,0.08757,-24.119,0.08891
1,1,40.535,12.297,0.01809,46.649,-36.507,0.92046,23.02,0.92765,48.317,-9.751,-14.417,0.91161,0.04320,-25.298,22.496,20.787,40.722,-47.171,0,0.89097,0.07047,0.88430,0.07697,48.472,-18.393,0.86923,0.08950,0.87597,0.08786,0.85198,0.10134,26.92,0.10698
1,1,-34.531,-4.711,30.195,2.048,-0.00343,-44.78,-0.01565,1,-0.01565,1,-0.02809,-16.766,9.38,-17.341,-0.03087,-32.612,7.168,0.99314,17.344,1,3.362,-17.645,-0.05039,-44.204,-0.04931,0.99842,-14.845,0.99400,-0.06304,0.99057,-0.06497,-32.214,-0.06668
1,1,47.47,0.89505,-0.03168,10.659,0.05545,0.89505,0.01386,17.6,-11.321,29.486,-0.00990,0.94059,1.146,-7.682,-1.631,15.719,0,0.94257,0.01386,0.90495,0.00792,0.88713,-0.01782,0.89307,41.338,-14.816,0.01611,0.88119,2.835,15.623,28.818,4.728,-28.033
1,1,-21.82,0.90071,0.01773,1,12.738,18.818,0.00709,44.591,35.018,47.052,17.685,0.97872,0.01064,0.97518,0.03546,13.198,-0.03191,0.89716,-0.03191,0.86170,-15.589,1,0.09220,11.411,-49.544,13.953,0.03247,0.94681,0.02482,44.071,32.6,43.563,-23.549
1,1,27.543,-32.391,-0.24242,1.018,0.01270,0.45455,0.09091,0.63636,0.09091,-25.544,-0.21212,-23.694,-8.206,-45.838,0,4.836,34.637,31.079,0.03030,35.212,32.409,0.30303,-48.422,2.931,0.05929,0.46362,0.06142,0.33333,-0.03030,20.344,0.06410,-0.946,0.24242
1,1,0,0.86689,0.35950,0.72014,0.66667,34.608,40.252,0.08646,9.567,34.687,0.86121,10.325,0.67577,-0.68714,-48.522,-0.77019,0.09898,-10.604,-1.652,0.128,-0.42207,-0.32537,-0.57679,25.622,-3.76,-30.051,-0.53127,-45.943,-0.37088,-16.716,-0.19681,-8.244,-25.747
1,1,0,3.184,-41.415,3.825,0.69438,0.35916,-17.294,-0.04193,-47.357,26.253,-7.137,-31.374,0.62078,-37.067,0.30356,-0.86150,-0.05365,-0.73564,-0.34275,33.692,46.985,-0.23428,-2.995,0.06911,35.087,0.33531,-0.62296,20.929,-0.42086,39.049,-25.568,0.60073,0.08660
1,1,0,15.673,18.746,10.182,2.829,50.061,-32.841,-9.444,0.97820,-0.52236,34.459,-0.79657,30.369,-22.458,0.15192,21.768,-0.25554,-0.71863,35.814,-0.41546,-0.85205,-0.02250,17.749,0.36318,-14.524,0.67538,-0.61959,0.85977,-0.28123,-40.862,37.024,0.75495,0.46301
1,-37.969,13.702,-37.025,6.799,0.36700,8.147,0.12993,0.92713,-0.27586,0.93596,-0.31527,0.37685,-0.87192,0.36946,-17.39,-11.359,-0.38916,14.774,-0.737,-27.549,-0.05419,-0.93596,-18.148,-0.20443,0.73792,-0.45950,-46.565,6.759,-8.649,1,7.079,9.597,0.17758,0.79790
1,1,0,-25.924,0.51515,0.45455,5.447,47.443,0.36364,-0.32104,-13.129,-0.45455,-34.59,-12.732,0,42.505,18.607,-0.33333,-0.48485,-0.09091,-0.84848,-33.799,-0.57576,0.57576,-0.42424,1,-48.013,0.72961,-27.708,-17.036,0.57576,-16.036,-13.293,-19.571,-10.348
1,1,29.783,-1.953,0,9.856,-0.02744,0.93598,-28.973,0.90244,12.413,0.90244,-46.552,0.93902,0.00915,-24.104,33.502,1,0.02744,47.491,-0.01220,0.90854,-20.403,16.206,-28.46,-41.032,0.04878,0.89666,9.782,0.90854,0.00915,1,47.559,0.97561,-35.019
1,1,0,0.82624,0.08156,12.841,-0.08156,5.658,-2.93,17.926,31.574,0.80142,-40.769,44.32,-0.00709,0.94326,0,34.185,0.20213,0.95035,-16.376,-36.8,-43.544,0.80496,16.631,-20.381,26.237,-17.375,0.08165,0.77660,0.06738,0.92553,-16.533,0.92553,0
1,1,0,9.122,43.59,0.88706,0.00982,0.88542,-23.279,18.022,4.945,-18.527,-47.545,0.87657,32.532,0.87235,0.03382,-33.786,0.07801,27.008,0.04255,-30.471,-3.002,0.84931,0.05178,0.87234,-17.812,0.83429,-20.453,0.74468,-0.03546,5.335,0.06800,2.003,0.07173
1,-26.401,0,-24.182,8.848,0.89951,40.116,0.89210,-14.973,0.86335,-24.061,0.95031,0.07453,0.87021,-39.911,0.86303,-17.459,0.83851,-0.06211,9.852,0.02484,0.84182,0.01603,23.094,0.01749,28.343,-0.04348,0.82111,4.501,45.123,46.065,-31.332,0.02308,35.241,0.02441
1,1,0,0.97513,0.00710,0.98579,24.764,1,0.01954,0.99290,-35.188,-38.565,0.02309,-43.953,0.03552,1,27.916,0.97869,30.727,0.98579,48.634,-18.552,-22.724,0.94494,0.05506,-35.196,33.923,0.97540,7.586,-14.497,13.192,-4.026,0.06217,39.176,0.09947
1,48.063,15.786,1,-28.024,0.904,0.01105,6.456,-4.793,29.19,-0.01436,0.99448,-0.00221,8.389,0.02320,1,28.351,0.97569,0.00773,-18.292,0.01657,0.98011,0.00663,0.98122,-49.585,0.97127,-46.903,-3.328,-35.925,0.97901,-2.48,0.98564,43.046,0.98674,0.02762
1,-41.546,0,-29.685,-0.01342,1,30.536,23.148,-44.147,13.669,32.197,-1.46,0.04474,-33.726,0.02908,1,0.06488,0.98881,-35.574,1,0.03579,40.311,0.09396,-43.862,0.07383,45.41,0.10067,0.99989,0.08763,0.99105,0.08501,5.6,0.10067,-0.14,-25.622
1,1,0,0.88420,-13.77,0.67123,0.67382,-0.281,27.009,0.02424,-37.57,-0.35148,41.645,8.036,0.58842,-0.78658,7.735,-42.748,-0.00642,-11.527,-0.32963,27.499,47.543,-0.27377,-0.68126,11.069,48.996,-11.845,-15.172,0.44569,-0.43383,0.54209,5.037,0.56286,0.02823
1,1,-47.579,33.622,0.11,-12.092,-24.743,0.30440,0.95148,-30.007,0.96534,-12.727,0.81191,26.75,0.50949,-0.96986,4.54,-0.91456,-0.31412,-0.70163,-0.65461,-0.32354,-0.88999,18.493,-0.94172,-22.052,-0.82154,38.508,-10.11,4.279,-0.18725,-37.461,0.20359,9.073,0.54852
1,1,45.435,0.32789,-42.207,45.375,15.175,0.14020,0.74485,34.367,0.91993,-0.16503,0.26664,-11.53,0.24865,-0.97650,-0.00337,-30.122,-16.68,-33.545,-40.437,-20.369,28.555,0.09345,-0.28916,0.28307,-47.218,0.39599,43.25,-15.511,0.05614,-7.23,0.20540,0.13376,0.26422
1,1,-26.596,0.65845,0.43617,0.44681,-11.129,0.05319,-3.853,-0.32027,0.82139,-30.962,38.829,-50.696,0.07111,-0.82811,-0.28723,-0.47032,-6.108,2.852,-35.464,14.39,-0.76316,0.56663,9.115,0.74300,-0.18645,46.088,6.563,33.257,0.59071,36.503,36.606,-0.18533,0.74356
1,1,0,-25.812,-16.456,0.04198,0.25191,-0.014,0.48866,-0.18321,34.487,-12.784,0.06107,-0.45420,0.09160,-0.16412,40.529,19.098,-31.73,0.18702,-0.17557,41.039,-0.11953,9.862,-0.16031,0.21645,-41.489,0.03913,0.31092,31.368,0.26336,-22.222,36.788,35.014,47.646
1,1,37.454,0.98002,-1.432,-15.828,0,0.98982,37.003,0.94721,23.427,42.796,0.02130,-34.633,-33.798,18.503,0.02338,49.8,0.05713,5.546,0.05279,0.97738,-41.922,1,20.839,0.94155,0.08107,0.96709,29.201,0.95701,0.08088,45.341,0.08126,43.633,0.08616
1,1,0,0.82254,-0.07572,0.80462,-23.765,32.306,-1.991,0.86821,-0.07514,24.369,1.897,0.84624,0.05029,0.83121,-49.869,47.524,-34.771,0.78324,0.06358,0.86763,10.718,0.78844,-10.735,0.74451,-12.808,0.76717,-33.266,-28.009,-0.07630,-19.431,17.777,-30.529,0.01214
1,1,33.575,34.398,-0.13768,0.69387,-18.812,-22.358,8.925,0.55717,-0.06119,0.61836,-46.397,0.62099,-0.06527,-19.03,45.905,-41.052,-0.26409,0.58213,0.04992,-8.552,-0.08771,0.46241,-44.607,-8.786,-0.00564,0.39146,-20.471,30.503,-0.10306,19.32,21.653,0.28943,-0.08300
1,-6.503,-14.923,0.76046,-18.748,31.745,-30.9,18.0,0.00384,0.79988,-45.714,4.407,0.12068,5.263,0.00744,42.323,-6.446,0.82777,-0.06974,0.76531,0.03881,0.76979,-3.957,32.582,-32.359,0.77138,-0.00303,0.70886,0.01375,-25.795,0.00849,0.66298,8.038,0.63887,0.01525
1,-20.918,9.181,0.66667,-0.01366,0.97404,24.075,12.633,35.864,0.75683,-35.497,0.65164,-31.052,0.40164,6.164,32.461,-0.023,0.76776,30.296,0.78552,-42.997,42.75,8.681,1,0.00683,0.60656,49.088,0.68656,0.17088,29.134,0.07787,0.55328,0.24590,0.13934,0.48087
1,1,0,0.83508,-7.322,-12.94,18.011,0.84349,-0.05567,-18.807,46.439,0.89391,0.13130,23.928,41.576,0.79307,-0.08929,1,19.101,11.903,-13.074,15.078,0.01155,0.77521,-29.422,24.969,20.08,0.83479,3.396,1,0.12815,0.86660,-0.10714,-31.272,-0.04307
1,1,0,0.95113,0.00419,0.95183,-0.02723,13.806,-0.01920,-38.772,0.01606,41.851,0.03281,6.786,0.07330,0.94625,-0.01326,20.798,0.00140,35.817,35.454,-18.171,48.778,0.93124,0.10087,34.499,0.01361,0.93522,6.118,-39.605,0.481,3.671,-29.011,18.94,0.04712
1,1,0,0.94701,-16.07,18.715,18.759,-22.385,-0.03431,14.597,0.02446,0.94124,-19.332,8.902,10.514,0.93954,-0.01461,0.94837,0.02004,0.93784,23.532,0.91406,6.256,0.89470,0.06148,11.524,-26.146,0.92489,10.137,0.92120,0.02242,13.492,0.00442,-11.023,-18.722
1,-7.516,0,0.90608,-0.01657,0.98122,-0.01989,0.95691,48.709,-24.776,42.065,44.914,-0.03315,41.138,-0.01436,36.261,-24.614,8.646,-4.509,21.684,-45.004,0.88729,12.34,0.92155,-22.634,-16.292,30.058,0.89147,-0.07760,0.82983,-0.17238,0.96022,-0.03757,0.87403,-0.16243
1,1,0,0.84710,10.053,0.73638,-0.06151,0.87873,0.08260,-38.471,16.145,0.78735,-22.204,0.80668,-24.959,10.669,-0.01054,0.85764,-19.353,0.87170,34.624,-15.132,-4.236,0.71002,-48.122,0.86467,-41.136,30.295,-25.611,32.985,-0.00703,0.75747,-0.06678,-47.244,-0.06151
