1,1,0,0.99539,-0.05889,36.688,0.02306,0.83398,-29.091,1,-48.989,0.85243,-10.705,0.59755,-0.44945,0.60536,-0.38223,30.95,-0.38542,0.58212,9.487,0.56971,-0.29674,-12.981,-2.985,0.56811,-30.318,-44.445,-0.46168,14.006,27.359,0.42267,-0.54487,17.405,-0.45300
0,50.493,48.635,22.05,-0.18829,0.93035,-0.36156,-27.511,-0.93597,1,-0.04549,21.562,-0.67743,36.82,-0.69707,-0.51685,-0.97515,-6.721,-44.945,-11.262,-1,-0.13151,-0.45300,-0.18056,-0.35734,34.616,-0.26569,-39.334,-0.18401,-0.19040,-3.183,-0.16626,-0.06288,-0.13738,12.17
1,1,0,-6.936,-0.03365,1,0.00485,1,-0.12062,-2.72,0.01198,43.437,0.05346,0.85443,8.465,0.54591,0.00299,0.83775,-0.13644,-28.595,-8.064,-17.763,29.106,0.43385,-0.12062,0.57528,-0.40220,0.58984,27.593,-36.135,-41.758,-44.742,-0.24180,3.788,-0.38238
0,1,0,1,-0.45161,-15.077,1,0.71216,-1,-33.575,0,0,0,0,38.669,-1,39.331,-35.061,10.747,-1,-0.54467,-0.69975,1,-11.729,42.817,1,32.187,43.178,1,12.749,-17.822,0.25682,1,38.537,1
1,1,0,1,-19.803,0.94140,0.06531,39.954,21.948,0.77152,48.501,0.52798,-0.20275,-11.856,-0.00712,0.34395,-0.27457,-21.836,-0.21780,0.45107,5.98,-46.807,-19.59,-23.782,-0.52879,0.03286,-0.65158,-44.907,-0.53206,-24.132,-34.768,-0.05707,-0.59573,-0.04608,-0.65697
0,5.518,0,0.02337,-0.00592,39.023,-0.11949,-0.00763,-0.11824,0.14706,-34.385,-10.786,-0.06302,-5.789,0,-0.04572,-25.379,-0.00343,-0.10196,37.3,-7.879,0.01838,0.03669,0.01519,0.00888,-33.198,-0.01535,-0.03240,0.09223,-0.07859,31.062,0,-3.896,36.663,22.972
1,1,0,7.381,42.193,0.94601,-0.20800,0.92806,-0.28350,-13.939,-23.115,0.79766,-0.47929,-23.696,-0.50764,0.74628,-0.61436,5.993,-0.68086,9.149,4.981,0.36324,-0.76562,0.31898,-0.79753,-39.545,34.107,0.13659,-19.014,-31.621,-0.82395,-0.04262,-0.81318,40.322,-0.80975
0,0,-37.026,0,-35.835,0,0,1,-1,0,39.597,-1,-46.822,-22.283,14.934,-34.282,0,1,1,-39.469,13.086,20.819,-28.37,0,0,1,1,1,1,8.804,0,1,1,13.534,0
1,1,-19.687,0.96355,-0.07198,21.431,-16.932,3.639,-5.901,1,23.15,-34.526,-15.869,-46.904,22.593,0.90392,-0.46381,0.98305,-0.35257,-25.033,-0.66020,0.75346,-0.60589,44.887,-0.64225,0.85106,27.038,0.57577,-0.69712,0.25435,-0.63919,0.45114,-0.72779,0.38895,-0.73420
0,-47.507,0,30.854,-0.08459,0,46.322,10.921,0,0.11470,-5.046,-21.519,17.437,-4.402,-41.792,-0.33656,0.38602,-0.37133,49.437,0.63728,0.22115,0,-21.316,0,-0.259,-0.14803,-0.01326,0.20645,-0.02294,0,0,0.16595,0.24086,-46.583,0.38065
1,1,0,28.391,0.06655,31.291,-10.012,-45.129,42.789,1,-0.43107,31.731,-0.41349,-47.836,36.724,0.90711,-0.59017,-47.422,-0.66474,0.69876,-0.70997,24.599,-0.76320,0.63081,-28.061,0.55867,-0.89128,0.47211,-0.86500,0.40303,-0.83675,0.30996,-31.306,0.22995,4.601
0,1,0,1,41.557,-43.928,-1,1,-47.568,1,0.921,31.905,7.179,27.667,1,1,-1,27.905,12.037,1,-0.93599,1,1,15.403,1,1,-0.40888,1,-0.62745,4.982,-47.008,1,-34.582,1,-1
1,1,0,-0.521,-37.348,1,-0.10169,0.99999,-0.15197,1,30.345,0.94055,-27.267,15.831,-0.29785,0.93719,-32.51,-24.271,-0.28106,-38.084,-0.43383,0.86043,-0.47308,0.82987,-37.752,6.769,15.943,0.76224,28.238,0.65723,-0.68794,0.68714,-42.317,0.64727,-0.67226
0,1,0,30.376,-43.315,3.915,10.714,-1.766,-0.39896,1,-0.12090,1,0.35147,1,0.07772,1,-0.14767,-0.592,-1,50.015,-17.285,0.61831,41.793,1,-44.599,1,20.588,1,0.35924,19.34,-44.371,1,0.88428,1,-0.18826
1,1,0,1,0.07380,1,0.03420,-47.186,34.38,1,9.238,1,0.19651,10.559,0.20328,1,49.176,-21.727,32.975,1,-12.475,1,3.079,1,36.682,1,13.56,1,0.36743,0.95603,17.439,12.024,0.32492,1,0.46712
0,1,-34.799,-18.567,-0.93996,1,4.467,-10.936,47.679,47.885,-1,0.43685,-1,48.366,0,-1,40.084,-6.963,-26.982,1,16.512,0,0,0,0,-24.031,0.92236,0.39752,0.26501,38.864,0,1,0.23188,0,0
1,1,47.957,0.99645,0.06468,1,41.997,0.97811,0.02498,0.96112,11.88,0.99274,0.07808,3.172,10.332,29.012,20.43,0.88809,0.11120,0.86104,0.08631,10.844,0.11830,0.83668,0.14442,0.81329,0.13412,0.79476,39.426,0.79110,13.659,10.525,-48.689,-6.622,0.12015
0,0,0,0,0,10.266,18.314,1,1,-20.019,1.715,-1,1,1,-1,1,1,-1,-6.806,-1,1,26.6,-47.465,-1,9.989,-1,1,28.867,-1,-1,18.308,28.367,9.055,20.965,-1
1,1,-7.63,-3.423,0.02528,30.958,-2.368,0.57197,27.961,0.08776,39.773,0.63621,0.12131,0.62099,0.14285,0.78637,31.752,12.074,-9.373,0.14395,0.41224,0.53888,0.21326,0.51420,0.22625,0.48838,0.23724,-41.785,0.24618,-40.721,16.38,-17.697,0.25792,1,0.33036
0,0,0,1,-37.417,25.878,0,0,0,1,47.872,1,-28.834,-0.71875,36.127,-20.138,4.856,-1,21.989,1,1,-1,-46.309,1,-16.512,-1,1,1,7.832,1,-45.148,1,1,-10.64,1
1,1,0,1,22.518,9.694,-0.09834,1,-0.07649,1,18.977,1,-0.11073,6.885,-26.903,1,27.6,-14.576,-0.31884,0.86473,-5.866,0.91693,-10.617,36.92,-0.46866,0.81874,-0.40372,0.82681,-0.42231,0.75784,-0.38231,-13.626,38.293,0.74354,-46.09
0,0,31.265,-16.008,1,0,0,0,-16.384,-1,14.621,0,0,-30.389,0,26.119,-33.615,12.478,-1,-25.877,1,28.34,1,0,-39.457,-26.636,0,1,4.543,-1,1,-1,1,-1,1
1,1,0,-36.975,0.07088,1,30.504,1,-28.692,-12.785,-40.4,0.89263,0.02580,-28.134,-0.06142,-47.415,46.639,0.76544,-24.399,0.75206,-0.05295,-32.913,-0.07905,0.64158,-0.05929,0.55677,-0.07705,0.58051,-0.02205,0.49664,16.758,19.557,-46.225,0.52099,-0.00182
0,0,0,-49.309,1,22.887,0,-42.949,0,-1,1,9.421,1.513,0,-10.71,-46.212,0,-28.642,41.033,-1,30.01,1,41.211,49.843,0,-1,-1,1,-1,1,1,-1,-27.021,0,0
1,1,0,1,-0.06182,1,0.02942,1,-27.365,21.428,-0.01707,-1.067,-0.11726,0.84493,-33.703,0.93392,6.874,0.69170,-46.894,0.65731,8.644,-1.442,-0.31558,0.80852,18.665,-37.633,25.57,0.72529,-0.29174,0.73094,17.49,25.652,-0.26284,0.64207,-0.39487
0,1,13.654,1,0.57820,-9.76,-1,1,-1,1,-1,24.767,-1,12.627,-1,1,-1,1,-1,1,-19.773,1,-6.419,27.041,-1,1,8.746,43.739,-1,-28.795,-1,1,-37.354,-8.2,-32.637
1,1,-47.231,1,-0.08714,1,-0.17263,0.86635,46.18,0.94817,16.708,-37.164,-0.41382,0.88486,-0.31736,0.87937,-0.23433,-21.148,36.152,-20.688,-1,0.90284,0.11053,0.62357,3.553,0.55389,-0.82868,22.942,-0.86583,0.40650,-0.961,4.491,-5.999,-6.352,-1
0,0,-34.86,-1,-20.32,-6.745,-15.173,-1,1,-9.277,-0.37500,-19.89,0,0,0,0,-15.612,30.302,43.0,-1,48.353,1,7.504,0,-47.05,1,-1,-43.373,1,-1,-1,0,0,-1,1
1,1,41.528,1,12.594,1,0.17387,49.003,-0.13308,0.98172,48.43,34.961,0.47904,1,-21.877,2.886,0.70758,-47.001,0.82777,21.07,0.95099,1,1,-26.85,34.673,13.343,1,0.83899,1,-15.83,1,0.64358,1,0.52479,1
0,0,-48.529,-1,3.881,-38.026,1,1,-1,-38.199,1,34.847,-1,32.536,-1,0,-32.421,1,1,-1,-1,1,-1,1,19.98,19.258,1,34.016,-1,35.835,-44.221,-1,1,43.553,-1
1,8.164,0,1,-0.14236,1,-0.16256,1,23.168,44.128,-0.07514,1,-0.25010,1,-0.26161,-8.144,-0.21975,1,41.615,-31.415,-0.46162,1,9.981,-8.382,40.608,1,-0.47643,41.1,17.834,1,46.459,1,34.018,1,-0.84437
0,1,-7.859,1,25.048,14.42,1,27.148,-1,1,-1,26.38,-1,1,-0.01840,28.113,-1,-43.849,1,1,-25.455,29.699,1,1,-10.747,-41.048,0,1,-30.298,24.486,-0.79141,1,1,1,1
1,1,0,0.88208,6.634,-5.565,-0.11057,-34.773,-25.516,27.191,-36.672,22.422,-0.31809,42.222,-0.31463,39.058,-0.35924,0.80681,12.986,0.75243,-0.47022,0.70555,2.956,48.942,-0.50085,0.61297,-0.48086,0.56804,-0.54629,0.50179,-22.907,0.47075,-0.57377,0.42189,-0.58086
0,-29.661,0,0.71253,-0.02595,0.41287,-4.668,37.658,-0.09473,30.393,-0.10236,1,33.504,0.58965,1,0.83726,-1,-46.605,-0.17863,0.80760,-0.28257,-30.142,0.92730,0.51933,40.402,5.733,-0.20392,8.688,48.722,0.63811,-0.21901,0.86136,28.413,-49.379,-1
1,1,-24.46,1,-0.15899,0.72314,47.827,0.83443,36.662,-20.136,-0.28207,47.6,-0.49863,11.972,-0.12527,0.76837,-39.758,1,0.39337,1,0.26590,0.96354,-0.01891,0.92599,-0.91338,35.754,23.649,15.836,-0.11582,1,-0.11129,1,2.0,4.676,0.856
0,1,16.796,45.021,-1,1,1,1,49.138,35.752,31.834,1,-1,1,20.089,1,26.752,0.17589,0.70982,1,40.822,1,0.85268,-42.47,-4.966,-4.698,0.85357,1,-0.08571,0.95982,19.951,10.714,0.65268,1,0.34732
1,1,22.102,49.009,0.00433,1,-0.01209,1,0.71,1,-1.386,-29.48,-0.06256,1,-0.06544,0.97261,-0.07917,0.92561,-0.13665,47.339,-0.14327,-10.101,-23.924,0.94815,-0.13565,-19.906,-0.20851,42.387,-0.17909,0.85644,-0.18552,-33.479,-13.233,-22.324,-0.20766
0,0,3.416,1,-20.781,16.829,-16.892,9.339,0,-20.984,0,-1,-1,0,-41.919,0,0,1.733,1,8.303,1,40.917,33.881,-1,50.535,1,-1,1,1,-1,22.305,1,1,0,0
1,1,-41.596,0.91241,-32.63,0.94191,0.02280,0.94705,0.05345,0.93582,0.01321,17.264,0.06348,-40.63,0.12067,0.92048,-32.621,0.88899,0.12722,0.83744,0.14439,0.80983,17.11,43.862,0.14222,37.312,36.319,0.73550,31.985,1.711,0.15300,0.488,0.10754,0.65258,33.747
0,1,0,-12.646,-3.927,-32.811,0.04861,-14.641,0.07143,0.61745,-1,0.91036,0.11147,0.88462,49.119,50.193,0.14137,0.76929,0.15189,1,-43.986,0.65850,0.16371,-17.076,0.16516,21.116,0.16390,-40.717,0.16019,3.563,0.15436,0.38352,-31.087,-27.211,1
1,1,36.677,1,27.438,1,0.20746,-8.211,0.26281,0.93051,0.32213,29.154,0.39039,39.725,-23.744,0.79555,0.52321,6.682,0.60756,14.161,0.62999,0.47807,-0.578,0.40553,0.68840,-48.803,0.72082,0.27712,0.72386,-46.526,0.70682,0.11372,0.81,0.06990,-44.095
0,1,0,44.733,26.657,1,1,-6.879,49.287,0,-18.259,48.707,1,1,1,-8.553,-1,-1,-1,17.377,-1,1,-1,-49.19,1,-1,-31.722,46.208,-1,-1,34.562,1,35.887,0,0
1,1,48.478,0.90932,0.08791,-32.171,17.002,1,0.16598,0.55187,-14.635,-26.417,0.36719,0.16286,0.42739,-12.739,-1.594,0.51067,0.49618,3.311,0.12967,16.094,5.607,0.31274,0.55826,0.24856,0.56527,0.18626,-38.674,0.12635,23.845,0.06927,0.55061,28.741,0.67739
0,1,0,-3.783,-1,1,0.82857,1,-1,17.76,4.899,-2.619,0.96161,1,-14.889,1,-1,-45.583,30.239,-13.057,-1,1,-5.0,2.661,1,0.53750,-40.208,1,1,1,7.918,1,47.029,1,-1
1,1,0,43.591,-0.05785,12.694,-0.13009,0.98663,-0.19430,34.516,-0.25843,0.92738,25.242,2.048,-0.37965,0.89812,44.309,0.84922,-0.52064,0.87433,-49.928,-5.792,41.27,0.74725,-29.123,0.68282,5.599,37.577,-0.73174,0.61010,-0.75353,6.441,-0.80278,0.49195,-0.83245
0,0,0,-43.391,0,0,-2.81,0,0,1,1,1,1,49.832,0,0,-34.085,-0.37500,-1,-1,-41.506,17.943,20.533,8.942,49.176,-33.451,-38.668,-1,33.842,-1,1,-42.647,0,0,0
1,1,34.78,1,-42.106,1,7.558,-29.983,32.802,-14.111,46.036,0.98941,-0.13814,40.108,-0.21695,0.95288,18.7,0.91236,-6.229,0.90581,33.536,0.89991,-0.34691,0.87874,-0.37643,-18.913,-0.42990,0.83172,-0.43122,0.81433,-0.42593,0.77919,-0.47977,0.338,-0.50152
0,1,-8.738,0.94598,-0.02685,-1,0.26131,-2.746,0.35639,39.47,-2.608,1,48.605,-0.29020,-0.00550,34.864,0.15452,0.91921,-44.991,19.88,10.023,-23.26,-0.31454,-0.73864,0.37361,0.83872,-41.339,0.52208,-0.58130,8.266,-0.61393,-0.09634,0.20477,-11.578,0.41913
1,1,30.106,-12.369,27.709,0.98103,-0.03818,14.769,-0.05699,0.95947,-0.06971,0.99004,-2.557,36.783,-0.11102,0.93369,-44.983,0.94217,-0.11583,-29.009,-0.19200,-9.645,-49.2,0.86257,-0.18739,0.88487,-0.19689,0.81813,-0.21136,0.78546,-0.23864,0.76911,16.987,-27.971,9.57
0,1,49.493,0,0,1,36.993,0,21.053,0.10991,-1,-44.322,-27.402,-3.068,-39.13,-1,48.411,-0.55711,-0.83297,12.964,0.63147,-11.593,34.819,0.53448,0.35668,-0.90302,0.44828,1,20.05,-1,0.81573,-6.776,0,0,0
1,1,0,0.84134,42.523,-41.148,-7.907,0.93421,-0.00267,0.87947,0.13795,0.81121,-0.01789,0.88559,0.54991,9.374,-0.57486,-7.229,-0.29520,0.86676,3.026,-35.566,-17.472,0.46610,29.218,0.90066,-45.374,0.93358,-0.01158,0.61582,-0.32298,28.659,-3.867,-28.417,-0.01425
0,0,0,1,1,1,30.28,-35.602,0,0,38.669,43.662,-16.621,43.817,1,37.861,10.14,1,-1,-1,1,-11.729,0,1,-1,1,-17.077,1,12.749,-1,-1,0,39.186,-33.575,0
1,1,0,1,7.158,1,1,0.91010,-11.42,-0.26970,1,-0.83152,-21.366,-35.146,1,47.665,-18.509,-1,-0.57779,-25.156,-0.42052,38.033,-1,-0.52838,-20.779,0.90014,-46.04,1,21.18,1,-47.867,-22.805,-0.34686,1,0.34845
0,1,31.055,-0.67935,36.415,-1,1,5.518,-10.191,22.887,-6.789,-26.223,-1,40.122,1,0.88683,-1,-1,1,0.83840,1,1,-4.896,-35.451,-1,-0.18856,1,-6.824,-1,-1,-1,35.664,-32.233,1,0.33611
1,1,0,0.95659,40.542,0.97487,-0.05667,9.742,-0.08484,-23.517,34.858,0.94717,0.01279,0.95436,6.237,-21.895,-0.19497,0.99630,5.395,0.90343,-0.35902,-13.884,5.141,0.90140,-0.29807,0.99899,-0.40747,43.172,-18.535,0.92059,-31.973,0.83951,-40.164,0.82166,-0.41173
0,21.819,0,0.08333,-38.676,-23.283,1,-29.37,1,0.71875,-36.554,12.712,-0.62723,-1,13.934,-46.822,1,-0.02753,-35.244,-0.42113,-0.42113,-0.74628,-1,-1,39.129,7.804,0.23810,1,13.086,-1,-0.38914,-1,-35.282,-1,0.61458
1,1,20.431,28.693,-0.02259,1,-0.04494,-34.452,-5.754,3.639,-0.08799,1,44.753,-46.849,-15.56,1,-0.14522,1,0.32407,1,-0.17639,0.99484,-0.18949,0.95601,22.799,-18.687,-0.92284,24.385,-0.21793,0.82920,-0.22370,-25.094,-0.22765,-16.049,-0.22981
0,0,-4.402,-1,1,1,-1,-1,1,0,0,-20.062,-3.778,9.921,-0.18750,1,1,29.873,16.818,1,45.322,-49.507,-1,1,1,50.286,-42.792,1,0.741,-45.501,1,0,0,-1,-22.316
1,1,0,1,0.05812,0.94525,23.966,0.99952,0.13231,38.242,30.711,28.339,43.133,0.95713,0.14644,0.94862,-27.143,0.90896,0.20119,0.96741,0.16265,0.99695,0.14258,0.90784,-45.965,31.208,5.717,0.88423,0.23571,-8.942,0.22511,-48.015,-30.12,-47.478,0.31166
0,1,14.403,0.17188,-1,-1,-43.928,0,0,0,0,-0.442,27.667,-46.008,7.59,-0.61354,-0.67708,0.80521,42.46,-46.049,0.14375,0,0,-1,-0.27083,26.057,0.96250,1,31.905,2.982,0.67708,0,-33.582,12.33,0
1,1,0,-37.986,-25.118,31.537,-1.399,1,15.099,0.98602,16.507,0.94930,0.19211,6.858,0.24288,0.89241,0.28343,-31.311,0.26721,0.83656,29.153,-36.351,-41.354,0.74829,0.39597,0.76193,-26.569,0.68452,-36.812,0.62764,0.46031,0.56791,0.47033,0.54252,0.50903
0,1,0,-16.268,-0.35625,0,-1.592,20.758,0,-2.621,0,-45.223,0,10.491,0,0.12292,-0.55000,-43.478,42.463,1,-0.42292,0,2.915,18.423,-1,-0.10625,-0.16667,30.376,-0.76667,-43.448,0.18854,0,49.015,1,-0.27292
1,1,0,17.953,34.604,0.99352,49.211,-21.781,0.33347,3.549,0.22610,11.938,0.37107,0.84250,-47.717,0.81011,13.852,0.78473,0.48311,0.65091,9.72,36.83,0.58071,0.55586,0.64720,33.353,0.55236,0.43317,0.69129,0.35684,0.76147,-12.407,0.66844,0.22101,10.345
0,1,0,-5.948,1,48.887,-1,1,49.366,0.87719,0.30921,38.195,1,46.826,0.58772,4.217,0.05044,-11.416,-1,0.14254,-0.03289,0.32675,-0.43860,16.512,-22.868,-26.209,-1,-33.799,40.365,1,1,0.20614,-20.076,1,1
1,1,0,14.505,9.339,48.957,-48.087,12.728,28.256,1,-0.09925,-6.393,39.77,10.682,-0.16080,1,0.00879,0.97613,-0.50126,0.80025,-0.24497,21.258,41.819,1,-0.12312,0.93593,0.10678,11.157,-0.07249,1,-0.27387,0.43970,2.477,0.51382,-0.05402
0,1,0,0.84783,-46.359,1,29.758,1,-1,-18.35,25.685,28.867,0.27038,11.055,11.872,1,0.35507,20.965,0.02672,19.898,8.558,1,0.63496,0.89130,0.26585,1.626,-0.33333,1,-5.647,0.37681,-0.01947,18.308,0.22464,1,0.37409
1,12.491,0,1,0.28046,1,0.02477,1,16.205,-8.554,0.04317,40.42,0.33266,1,31.697,1,30.335,0.95750,-2.665,-3.25,27.687,-17.103,-41.114,-41.247,0.27376,1,-0.39056,-6.666,-0.02174,0.86747,0.23360,0.94578,-0.22021,0.80355,-0.07329
0,0,0,21.989,-1,1,34.127,-43.148,-1,1,-37.417,1,1,1,-26.834,47.872,3.856,1,1,1,-16.074,-19.138,1,1,24.878,1,-1,1,-1,-10.64,7.488,0,-47.309,1,-1
1,36.959,0,1,0.67784,-9.363,0.82021,0.43019,1,-15.291,0.80541,27.317,1,-0.79135,-44.868,18.083,0.40268,-0.39046,-6.107,7.715,-0.42822,-0.73083,5.121,-0.37671,-0.97491,0.41366,-27.508,0.41778,-0.93296,0.25773,21.524,39.634,-14.783,0.98816,0.03446
0,1,15.621,1,1,1,-1,1,-1,-25.636,6.543,-16.008,-23.877,1,1,-31.615,-1,30.34,1,1,32.265,1,-15.384,-38.457,1,1,1,-29.389,0.5,0,27.119,1,-1,14.478,-1
1,1,46.54,1,0.03529,-39.349,0.18281,-23.402,0.26968,1,0.25068,-12.686,-37.648,17.771,0.38643,-47.29,0.31674,1,-28.128,1,0.53846,-27.966,0.61267,-45.225,0.59457,0.89593,0.68326,19.939,0.71374,0.85611,31.132,-32.829,0.85611,0.71493,0.75837
0,0,0,41.211,-1,-28.642,1,-1,-1,1,-0.487,0,-46.212,0,0,-1,50.843,-9.71,-1,1,-49.309,-0.75000,1,23.887,41.033,9.421,-43.949,30.01,-1,-1,-1,0,0,1,-29.021
1,1,0,-45.859,0.08620,0.96760,0.19279,0.96026,7.214,0.98044,-33.301,-1.139,0.46281,0.86265,-1.865,19.81,0.58794,0.73242,9.539,0.69003,18.607,0.54473,0.68820,25.592,-37.72,0.40615,0.74689,26.252,0.83796,0.24944,0.86061,-27.176,21.296,0.09048,0.86285
0,1,0,-8.505,0.38889,13.654,-5.791,-0.32937,0.69841,0,0,0,0,0,42.739,0.20635,-0.24206,26.251,23.961,0.46429,0.78175,0,-36.354,0,11.627,10.48,-31.363,-9.999,0.63492,-29.795,0,-18.773,0,0,0
1,1,0,-19.811,0.05070,37.774,0.10827,-37.119,0.19498,1,47.282,-46.231,0.34826,5.339,0.38261,0.94575,0.42881,0.89126,0.44,0.75906,0.58801,0.80644,-5.619,0.79578,-21.331,-4.411,23.1,16.692,0.69435,0.49538,0.72684,0.47027,0.71689,4.495,0.75243
0,0,-34.86,45.0,1,0,-42.373,1,-1,1,-1,-14.173,1,1,1,1,-20.32,1,1,-5.745,9.504,1,-11.277,-16.612,-1,1,-1,1,28.302,1,1,-19.89,0,50.353,-48.05
1,1,0,1,0.04078,1,0.11982,-26.83,2.047,1,-16.299,0.98703,20.379,0.92745,0.37639,0.91118,12.824,13.33,0.46059,0.78619,0.46994,-21.674,48.348,48.706,0.58129,-47.33,0.59723,0.58903,0.60990,0.53952,42.138,34.414,0.63636,0.40442,34.299
0,0,0,-31.421,1,34.536,41.553,-42.221,1,-36.199,19.258,1,1,1,1,5.881,1,-47.529,-1,32.847,1,-40.026,1,-1,1,1,33.835,1,34.016,-1,1,-1,19.98,-1,1
1,8.164,40.111,1,10.578,48.217,0.48590,1,24.134,1,1,1,1,1,-8.382,-8.144,0.77128,1,1,19.331,1,0.74468,1,0.89647,35.775,41.851,1,0.38255,1,-32.307,1,-0.17370,43.001,-0.81383,44.128
0,0,0,29.699,1,1,-1,-40.048,1,-1,27.048,0,0,26.38,1,0,0,0,0,-1,-6.859,25.148,1,1,-8.747,14.42,-25.6,1,1,28.113,-43.849,1,-32.298,-1,24.486
1,1,0,1,-0.06604,4.428,0.62937,22.537,13.418,1,6.983,1,-1,1,-25.757,1,-6.658,1,0.04895,1,-36.309,-35.502,48.015,1,-1,1,-0.58042,1,25.494,-21.309,-1,39.237,40.584,1,-0.48252
0,0,-47.427,8.757,-30.883,1,1,30.287,6.078,1,1,1,37.678,1,-1,1,48.135,1,1,1,-5.437,1,-29.661,1,41.347,1,32.614,30.396,1,1,-1,-48.148,1,1,-1
1,1,37.246,2.356,0.07804,0.92679,11.335,0.89702,0.24618,-20.295,0.35197,-39.117,1.888,4.383,0.46983,0.70796,-23.895,0.60459,0.64200,0.51247,48.199,0.39903,0.66975,35.096,0.68343,15.073,0.76146,0.18765,0.73885,0.09694,47.31,0.02735,0.77072,23.461,0.69509
0,50.812,0,0.68198,44.186,0.82332,-5.479,0.46643,17.125,0.25795,0.58304,1,9.562,0.01060,0.44523,-43.459,0.38869,0.18681,0.41168,0.10567,0.36353,0.04325,40.349,-0.00083,21.232,25.989,32.433,34.9,0.14481,-4.014,0.10349,-0.04585,20.384,-0.04013,0.04586
1,1,0,-29.71,46.369,42.154,-0.05178,0.80621,0.02811,0.85947,0.02515,0.63462,0.08728,0.71598,-11.019,0.73077,0.05178,0.78550,-21.079,-22.503,-0.01479,-33.53,-23.712,0.34615,0.553,0.65385,0.02811,0.61009,-0.06637,-0.781,21.89,48.599,-0.14053,0.56361,-13.003
0,1,7.303,0.39179,-0.06343,0.97464,49.578,1,1,0.35821,0.15299,-20.439,0.13060,0.61567,1.912,16.408,33.56,21.973,41.812,9.805,-0.11567,0.65574,-15.745,0.83209,0.45522,-41.449,0.16418,0.49309,0.14630,0.32463,3.39,0.39118,-21.646,0.34411,0.12755
1,1,0,0.67547,31.897,0.76981,-0.10566,0.553,0.03774,0.66038,-0.04528,-32.028,33.644,1.715,-41.698,0.72075,-0.02264,0.76981,0.08679,0.61887,-32.763,0.75849,-0.23774,43.831,16.198,0.84906,-0.15094,-40.857,-0.05801,17.659,36.577,0.86415,0.03774,0.73208,36.213
0,1,48.582,-30.506,-0.05000,0.89241,-44.361,1,0.72727,-33.144,-0.05909,0.48182,-0.16818,0.81809,-28.116,0.56818,1,0.50455,-3.734,21.24,0.10000,-16.678,-0.30000,0.98636,-1,0.57273,-13.318,0.56982,-41.058,0.42273,0.08182,-15.127,0.14643,50.372,4.128
1,1,0,-44.233,-0.01569,-46.315,0,0.38431,27.502,6.422,0.024,0.56471,-49.005,-8.744,13.667,0.52549,-0.05490,0.58039,0.01569,39.473,0,0.45882,-1.183,37.257,28.368,0.49804,0.00392,0.48601,-24.144,0.46275,0.08235,0.45098,0.23529,0.43137,0.17255
0,1,35.562,28.076,0.12482,0.35000,0.12500,45.965,0.27955,-8.769,0.44318,45.253,-17.897,17.099,50.043,-30.855,0.27322,0.02727,0.40455,-0.34773,0.12727,-48.39,0.05078,49.245,-7.516,-0.14003,-0.04802,-0.09971,-0.07114,-1,-1,-0.02916,-0.07464,34.882,-0.06314
1,1,0,0.88305,16.613,1,48.841,0.82403,0.19206,3.845,-32.977,0.90558,-0.04292,0.85193,-38.99,24.063,0.25322,-14.625,-1.476,0.71030,0.39056,0.73176,0.27575,6.062,0.34871,0.56760,0.52039,0.69811,0.53235,16.525,0.58584,29.05,-12.606,-26.596,0.54185
0,1,0,0.84557,-0.08580,-41.383,-0.80553,-0.08961,47.464,9.725,3.55,0.89514,30.093,-14.242,0.63966,-5.167,-0.68065,5.99,-3.732,0.77979,16.603,-46.652,0.50810,-3.481,-13.703,0.78932,-0.03718,0.70882,-0.25288,0.77884,-0.14109,-0.21354,-0.78170,-0.18494,-0.59867
1,1,0,42.577,11.448,0.64348,36.968,1.574,0.38261,0.65217,0.18261,-48.857,0.26957,45.325,-0.23043,0.50435,0.37826,-28.09,-7.008,0.36087,-0.26087,0.26957,6.011,0.53246,-0.03845,0.31304,33.4,0.49930,6.242,43.084,-0.04448,26.187,-0.25217,0.50435,0.14783
0,1,0,-0.54180,0.14861,-0.33746,0.73375,35.362,-0.13932,0.31889,-0.06811,-37.46,-0.15170,0.47368,20.623,50.395,-0.15480,-43.483,-33.633,-43.054,0.03406,-2.305,0.07121,-0.63777,-41.122,1,0.65635,18.357,-0.40116,8.79,0.11146,0.02399,0.55820,49.703,-32.54
1,1,32.912,0.29202,0.13582,0.45331,0.16808,35.298,-0.00509,0.52632,0.20883,19.476,-0.16638,0.47368,-42.116,-19.22,-15.071,0.81664,-0.22411,0.42445,-5.928,39.491,46.201,0.28183,-0.20883,0.104,-0.03176,0.50369,33.824,0.34635,0.09847,8.34,-30.998,0.39559,-0.03226
0,1,7.266,0.79157,0.16851,0,0,19.445,-40.803,10.922,-1.382,0.38359,0.99557,-0.02439,0.53215,0.23725,0.12860,-0.02661,-1.023,-0.50998,49.487,-0.10200,35.801,-0.42572,0.23725,-0.91574,-10.71,-44.87,0.88248,37.778,0.69401,-1,-8.61,-22.963,0
1,1,0,14.695,0.16607,0.79299,0.37379,0.72990,-12.845,0.59784,0.72997,0.44303,0.81152,0.24412,-43.981,0.06438,0.85038,-0.12611,-27.84,-0.28739,0.79617,27.234,10.468,16.647,-9.989,-49.708,-29.407,35.117,0.25835,-0.72369,0.11218,-3.226,-0.05525,29.429,-0.19904
1,1,49.493,0.97714,12.385,49.462,-2.605,0.71771,0.58732,0.47968,0.84278,0.31409,0.92643,-6.673,0.93945,-0.13254,0.84290,20.733,37.392,-0.52145,35.614,-0.68274,0.49508,-28.176,0.33537,20.196,-38.951,-0.83314,-44.336,-12.417,-0.19321,-0.67289,-0.33662,-0.59943,-0.49700
0,-40.585,0,-1,-1,42.706,-7.936,8.965,-0.78502,-28.745,0.32899,-1,-0.41368,0,-3.61,0,0,1,27.548,0.36482,-0.63518,0.97068,-1,-46.346,-8.979,1,-37.162,2.227,-1,-1,28.381,1,-1,-18.472,0
1,1,-11.729,0.74084,-33.525,-34.812,0.02543,0.78575,0.03793,39.848,42.916,0.67801,31.592,0.75934,0.07348,11.887,0.08442,0.70681,-0.07853,0.63613,38.669,0.70021,-17.508,0.68183,-15.955,0.67016,39.015,12.391,42.798,0.65707,0.17539,0.59759,0.14697,0.57455,0.15114
0,1,0,-21.366,-1,0,0,-46.087,-0.99265,0.80882,0.55147,-24.575,47.717,-19.779,6.158,-19.234,-34.146,0.72059,-0.77206,22.915,-24.408,0,0,-44.856,38.033,-13.42,-1,-1,-1,1,-1,1,-1,0,0
1,1,0,1,31.072,0.96215,-7.856,1,-33.267,1,4.467,-24.233,-34.522,0.99173,-0.09002,1,-0.15727,-9.824,-0.14257,0.98310,-0.11813,1,-4.081,1,-0.19272,0.98971,37.195,0.96490,-5.991,37.61,38.951,0.96436,-0.22561,0.87011,22.619
0,-14.799,0,0,0,0,0,0,42.299,0,34.923,0,0,-24.478,-39.773,0,5.718,8.77,0,-22.841,0,5.414,6.405,0,-18.189,0,0,41.461,-1,0,0,0,0,0,-31.667
1,1,0,-34.878,-0.12095,0.63318,8.677,-36.062,-0.18242,15.056,0.08460,0.92003,-0.01124,0.83543,-22.53,21.819,-0.31395,-27.377,-46.034,40.584,14.724,1,-0.27165,0.93126,13.139,-37.469,-0.19233,0.88793,-0.31565,0.81428,-0.23728,0.89095,-0.31857,-33.586,-0.41573
0,1,0,23.796,-0.31818,-5.687,0,-47.168,-1,0.30682,-24.921,0.64394,44.255,0.34848,-0.84848,-19.687,23.0,0.59091,20.071,-14.982,-0.80682,0,0,27.693,0,2.881,0.17803,1,-0.23864,0.06061,-0.48485,0.16288,-17.489,-35.452,0
1,18.818,0,-3.833,-0.49311,1,-0.03692,0.98898,-0.87052,0.90083,0.66942,1,-4.503,-20.316,-0.12493,1,-46.651,50.286,-21.239,1,-0.20491,1,-48.741,47.322,-0.26571,-40.792,-0.29852,31.873,-0.33304,1,-0.36931,1,10.513,0.741,-0.44739
0,1,0,30.291,0,0,0,-48.314,0,43.062,0,0.62195,1,0,37.242,5.493,0,0.36585,-31.135,27.952,-47.129,30.731,0,0,0,-48.798,-9.828,-26.256,0.10976,23.892,0,0,0,0,0
1,1,0,0.99449,0.00526,0.84082,-0.11313,15.285,-0.16431,13.321,-0.06257,0.96484,-0.07496,0.85221,30.935,-45.697,-0.20848,0.93881,-0.12977,0.98298,-0.08935,0.89876,0.00075,-44.05,0.5,27.839,41.9,-45.132,-0.17806,0.94294,7.424,4.784,26.41,0.76586,-33.86
0,-36.24,0,0.10135,-32.058,0,0,16.414,0,0.54730,0.82432,-26.605,15.874,0,0,0,0,0.37162,-1,0.33108,-1,5.928,0,0,0,-25.642,-1,-37.986,-1,-41.117,28.586,-1.521,0,30.537,-37.185
1,1,20.758,-15.285,17.767,3.906,-0.73371,0.89518,-0.97450,1,-44.064,42.635,-0.23229,0.62890,-0.86402,-44.223,-0.57535,1,-0.79603,0.76771,9.601,0.96601,-43.448,30.077,-0.74896,49.634,-0.76904,0.53777,-2.372,0.81020,-1,1,-3.621,0.30445,-0.76112
0,1,-12.746,0.65909,32.241,0,0,9.559,16.953,0.77273,1,1,35.984,0,49.048,0,0,35.057,-0.22727,0.84091,10.024,3.631,-49.186,-22.727,0,0,0,1,-0.93939,-0.12879,-0.93182,0,9.151,13.36,0
1,1,46.885,39.727,0.19310,0.80920,48.777,0.67203,0.55785,0.54559,0.69962,0.36705,-18.261,-26.822,0.85671,-0.04061,0.86284,-0.17241,0.75785,-0.34100,-34.141,-0.48199,0.56092,-24.47,0.40996,-0.59234,0.25747,16.882,-10.812,48.106,-6.664,-0.54866,40.228,3.77,-0.31954
0,1,0,0.42000,-0.61000,0,0,43.01,-1,0.90000,21.378,0.43000,0.64000,0,11.857,0,10.028,-48.178,-0.29000,0.84000,27.07,0,0,2.278,-7.331,10.438,14.185,1,0.22000,0,0,9.754,47.957,39.29,0
1,1,0,12.266,0.23395,0.91404,19.834,-18.239,0.72144,29.844,20.807,0.27639,0.91730,25.695,10.937,-0.21980,0.91404,-46.807,1.47,27.353,0.64527,8.343,0.44614,-0.74102,17.6,-6.515,0.03591,-0.71731,-0.11943,-0.64962,-0.28183,-0.51251,-0.44505,-0.37432,-0.53319
0,1,31.642,0.91353,0.81586,-0.72973,1,27.379,0.55735,16.181,0.29730,-0.18599,-0.10241,39.401,-0.08970,0.01401,-41.189,0.01108,-42.252,0.00342,-2.418,30.292,0.00075,-18.103,0.00019,-0.00003,11.491,-0.00001,0,-7.63,-9.554,-4.093,0,0,0
1,1,0,0.21429,-47.405,0.33333,0.07143,0.19048,-19.948,26.116,-27.739,0.40476,-44.124,0.30952,-36.464,35.437,-11.688,0.28571,-0.11905,0.33333,0.04762,-16.765,0,0.21429,46.753,0.35714,-0.04762,21.21,6.809,0.19048,0,0.16997,-0.02034,5.003,-0.01877
0,1,0,1,-45.787,1,19.132,23.098,-0.01639,6.54,0.01639,-4.669,-0.03279,9.415,0,28.444,-0.16393,0.19672,-10.323,0.65558,-0.17176,0.67213,0.03279,1,-14.726,-15.186,-0.34426,36.483,-0.20325,39.026,-0.03279,-26.229,-0.44262,0.49180,-0.06557
1,1,-26.636,0.98182,31.265,0.88627,0.03131,0.86249,-39.411,0.80000,0,0.69091,0.04545,30.133,-24.792,-16.237,0.09579,14.105,0.25455,0.68182,-32.487,0.70674,0.12608,0.68604,-30.254,27.865,0.22727,6.188,0.15088,-15.711,15.648,0.60715,0.16465,0.58840,0.17077
0,-47.29,-28.785,19.437,17.295,-0.78824,0.11342,-0.16628,-46.989,0.66667,0.01190,0.82143,0.40476,29.788,0.30729,-0.34797,-0.63668,0.46429,0.15476,0.54762,0.05952,-0.51830,-28.516,-0.47651,46.064,0.32143,-37.234,0.51971,0.38848,0.57143,-13.294,-24.951,-40.648,0.25441,-34.131
1,-28.642,0,0.86889,-0.07111,-45.212,-0.02494,-9.71,-0.06889,23.765,0.00222,0.83556,-0.06444,1,-43.021,1,-0.20000,-47.44,49.896,0.88000,-0.03778,43.033,-0.11526,-27.021,-0.18667,0.84444,0.548,30.01,-0.14162,0.82222,-0.14667,1,40.055,1,7.979
0,1,0,19.418,-0.12727,18.457,25.773,0.18182,-0.67273,0.34545,-33.688,0.29091,-2.122,7.231,20.719,0.36364,-2.809,9.048,25.09,0.36364,0.05455,0.12727,-37.991,-26.695,0.16364,0.32727,0.16364,0.41098,-0.07027,0.34545,-0.05455,0.12727,-47.183,0.29091,-0.29091
1,12.627,0,-35.354,-0.92453,1,0.75472,24.257,25.984,14.277,0,1,-0.00054,0.45283,-29.72,0.62264,-0.05660,0.98878,9.745,0.52830,0,-18.244,0.07547,0.95190,-0.00112,1,-9.968,0.92192,-31.638,-4.848,41.739,1,0.43396,0.43396,-9.313
0,1,0,0.73810,0.83333,-0.76190,-0.23810,0.33333,-6.361,-20.358,-38.262,-0.67285,0.064,0.33333,22.461,0.28571,16.026,3.779,-21.447,4.577,-47.207,-4.625,0.04762,0.16667,-0.26190,46.425,-0.10234,0.24889,-0.51079,1,0,-0.66667,36.727,0.26190,0.02381
1,-14.612,-47.05,0.43750,-34.818,0.58333,-0.10417,0.39583,-19.32,0.33333,-0.06250,49.832,0,29.594,0.10417,-6.203,0.02083,-14.735,-0.22917,0.35417,-10.506,0.33333,-19.806,0.25000,0.18750,0.39583,-0.18750,0.44012,-0.10064,0.41667,-0.08333,0.58333,8.192,44.334,-42.436
0,48.785,0,21.07,-47.001,12.51,-16.578,0,0,0,41.528,-21.991,-0.89098,-0.51504,12.882,-0.95489,0.28571,0.64662,1,0,0,33.961,33.673,0.62030,0.20301,-1,-28.83,1,47.003,1,1,1.886,0,0,0
1,1,0,0.95217,42.619,0.93614,0.13030,0.90996,0.19152,0.84881,-0.49962,0.90023,0.61320,0.77937,0.34328,34.258,0.37988,0.66145,-42.813,0.95472,0.59862,0.53258,21.421,18.726,-36.754,-32.017,5.323,34.19,0.43221,-47.626,-38.026,0.23405,35.231,33.203,0.37191
0,1,-9.382,0.59840,10.74,0.82809,0.80521,0.76001,0.70709,0.84010,-0.10984,0.97311,0.07981,42.163,-0.85727,0.91962,35.66,48.172,40.059,0.88673,23.586,0.98484,-0.69594,0.86670,-0.85755,0.28604,-0.30063,43.001,0.17076,0.62958,7.59,19.209,-8.334,43.948,-31.727
1,1,0,-8.788,-44.748,1,-0.01918,0.98313,0.02555,-23.63,25.955,0.98955,-0.02716,0.97980,26.117,1,23.433,-6.859,-0.05179,0.93840,-41.032,0.97620,13.328,0.97889,25.327,0.91567,-0.15675,28.07,-31.368,29.609,0.01307,1,-0.10797,0.93144,-0.06888
0,1,21.537,0,0,-0.33672,0.85388,-35.694,0,0.68869,-1,14.293,0.31385,-0.26048,-0.59212,47.979,0.65565,-21.367,-36.338,0,0,0,0,-0.18043,-1,26.308,3.428,7.78,-1,38.237,-6.499,-25.307,0.61881,0,41.37
1,1,0,0.96933,0.00876,1,-25.748,0.98658,-0.00763,0.97868,-0.02844,0.99820,5.043,-12.51,-0.01271,1,-0.02581,-33.551,-0.01175,-6.803,-26.333,-47.008,7.73,1,-0.04744,34.574,-0.04527,0.99188,44.662,42.561,-0.02478,24.688,36.042,0.98420,-0.04112
0,1,-21.459,0,0,0.98919,-0.22703,40.274,-0.05405,0,0,0.93243,0.07297,1,-32.375,1,0.07027,-2.736,-0.11351,5.332,0,1,-0.21081,35.483,37.373,0,-10.006,1,-40.724,41.143,-39.562,36.594,-0.25946,-41.108,-0.15676
1,1,-21.411,-34.788,0.01403,0.34146,-0.02439,0.52751,0.03466,14.664,0.12195,0.43313,-11.544,25.308,0.04878,-31.724,-48.371,-22.016,0,0.31707,0.07317,0.26829,-35.489,0.23698,-1.938,0.21951,0.09756,0.19304,36.21,0.17410,0.05504,0.19512,-7.739,0.17073,48.361
0,1,14.401,1,1,1,-1,-12.201,0,0,-4.348,-17.725,1,1,-44.618,-31.582,1,1,-1,0,0,-34.863,-22.8,1,9.327,0,0,-11.656,-33.392,43.509,1,-11.483,-1,0,0
1,18.862,-44.854,0.34694,0.20408,7.094,12.105,32.894,0.20408,0.46939,-22.519,0.30612,-47.84,0.12245,0.55102,0,-35.126,-0.06122,0.55102,-29.918,0.55102,-0.28571,-4.566,-5.061,0.32653,8.872,0.22449,-0.46579,0.14895,-0.59184,0.18367,-0.34694,-8.061,-0.26531,-0.24490
0,1.686,0,0,0,1,-12.705,0,47.249,4.69,0,1,1,-47.561,13.286,1,0.23288,1,29.024,0,0,0,14.085,1,1,0,0,21.647,-1,0,13.314,-3.672,31.576,27.528,0
1,-27.143,0,0.89706,0.38235,-43.437,-43.939,0.74265,0.67647,0.45588,0.77941,0.19118,0.88971,19.008,0.86029,-14.688,0.82353,-0.37500,0.67647,-21.145,20.673,-0.73529,-1.34,-39.675,0.08824,-0.74265,-0.12500,-0.67925,26.648,-6.512,-0.42647,7.928,-36.355,-0.28676,-0.56618
0,1,0,-1,-26.921,0.22222,0.15033,-38.806,-14.23,-0.30719,0.71242,-1,18.914,-0.183,0.33987,-0.79085,-0.02614,-0.98039,-0.83007,-0.60131,-0.54248,-26.262,-0.83007,31.594,34.877,-1,-0.43137,-13.443,26.888,-33.703,42.619,0.18301,0.02614,-44.594,-0.48241
1,1,9.895,0.26667,-0.10000,0.53333,0,0.33333,-0.13333,-13.42,0.11667,0.56667,2.221,0.71667,0.08333,0.70000,-35.598,0.53333,-33.136,0.41667,-0.01667,0.31667,-31.909,0.70000,0,-38.244,0.13333,4.437,-37.473,-2.906,-8.988,21.433,0.03333,-21.29,-0.05000
0,1,-11.512,-37.558,0.40000,-0.27303,0.12159,-0.17778,16.204,0.06192,-49.459,0.04461,0.02575,-0.00885,0.02726,-0.01586,-0.00166,-0.00093,-29.418,0.00470,-0.00153,0.00138,22.046,-0.00114,0.00102,-26.991,-12.804,38.544,-5.369,0.00026,28.027,-35.786,-14.928,-0.00008,0.00002
1,1,0,1,32.137,0.64865,43.825,0.64865,18.528,0.86486,12.428,15.864,-0.27027,0.51351,0,20.764,-0.05405,0.32432,-0.21622,0.71833,-0.17666,0.62162,44.957,-36.504,0.13514,0.35135,-0.29730,-7.224,-35.505,0.58478,1.328,0.72973,24.862,2.682,-0.24324
0,1,0,0.94531,-35.903,-1,-0.33203,-1,-0.01563,15.07,0.01172,2.242,19.535,-44.517,-31.828,-1,-37.124,10.313,-0.03516,21.228,-0.97,-0.99219,-31.772,-0.93359,0.34766,0.95703,-0.00391,3.017,35.249,0.90234,-0.06641,-1,-0.18750,-1,-0.34375
1,1,0,0.95202,0.02254,14.339,-16.796,0.93526,0.01214,0.96705,-0.01734,0.96936,20.153,0.95665,-0.03064,-40.325,-0.00405,0.99480,14.604,0.99769,0.01792,0.93584,36.768,27.791,11.239,0.97052,-0.04451,-44.352,-29.823,-40.824,-39.96,0.95434,-0.03410,0.95838,-19.16
0,1,0,11.301,-0.05529,1.781,-1,14.389,-0.11111,0.36111,-35.838,47.433,-23.597,0.16667,-0.11111,1,-8.876,34.488,-0.38853,1,-0.42862,29.687,-0.25000,-28.674,-0.50333,12.572,21.46,3.061,-0.57092,1,-0.27778,1,-0.63156,1,-0.65935
1,14.168,0,0.31034,-0.10345,0.24138,6.186,43.617,33.622,0.07405,-39.757,0.03649,30.839,0.01707,-0.02383,15.808,-0.01482,0.00281,-0.00893,0.00078,-0.00523,40.162,-41.221,-0.00028,-0.00166,12.441,-0.00090,7.464,-0.00048,-0.00018,-0.00024,-0.00012,11.758,29.073,-0.00006
0,-47.063,0,0.62745,4.507,-12.219,16.719,0.60784,-0.07843,0.62745,-0.11765,0.68627,-0.11765,0.66667,-21.936,18.16,-0.09804,-9.652,-0.11765,0.54902,14.942,0.58824,-46.244,47.256,-0.23529,0.45098,-0.25490,0.52409,10.222,0.56863,3.236,0.43137,-19.501,0.47059,-0.27451
1,-7.813,0,40.6,0.16667,0.46667,-1.007,5.857,0.23966,0.07766,0.19939,0.01070,0.14922,-0.02367,-20.954,-25.02,0.06317,19.693,-44.445,-0.03230,0.01532,8.916,0.00357,-0.01726,28.783,-0.01097,-0.00539,-0.00621,-0.00586,12.422,-1.466,-0.00089,-5.57,0.00025,-0.00291
0,1,38.318,-0.65625,0.15625,0.06250,34.483,-5.019,0.06250,-19.773,0.06250,-41.904,0,36.922,0.09375,0.06250,34.969,0.15625,29.011,0.43750,-0.37500,0,43.197,0,0,0.03125,-0.46875,0.03125,0,-25.813,-34.314,-0.03125,-28.441,20.6,0.09375
1,37.753,-23.284,1,-13.621,1,-0.02703,1,-0.06486,0.95135,-17.294,0.98919,-0.03243,-21.539,0.08649,-38.98,-45.803,0.95135,0.09189,0.97838,-0.00541,1,-15.371,1,26.404,0.97838,27.606,0.98556,0.01251,-46.544,-0.03243,37.64,0.02703,1,41.716
0,1,-16.125,0.85271,0.05426,1,0.08069,-43.502,1,0.91473,-0.00775,7.193,0.03876,1,0.27153,1,1,0.81395,23.763,0.90698,0.11628,-46.347,-4.011,-11.989,-1,20.949,-35.099,-45.677,0.71613,34.003,0.06977,12.465,-5.479,1,1
1,1,-2.989,0.90374,-0.01604,19.103,0.08021,1,11.163,0.93048,1.612,0.93583,-0.01604,1,0,18.232,-45.172,6.461,16.356,0.91444,38.17,41.696,-28.432,0.98930,-0.01604,2.698,0.05348,-28.76,0.04452,0.87701,0.01070,1,0.09091,0.97861,0.06417
0,1,0,23.136,0.28750,0.23000,0.10000,0.28250,0.31750,0.32250,0.35000,0.36285,10.016,-21.575,0.27500,-0.09500,0.21000,24.867,0.23500,-0.34187,1.935,-0.48000,46.099,-36.782,0.33176,38.47,-0.24000,0.32190,-31.309,-0.47000,1.283,-18.663,32.745,-17.115,0.03050
1,1,-29.126,-35.621,0.03333,-45.382,0.06667,0.70000,0.06667,0.70000,0,0.63333,0,0.80000,-1.487,0.73333,-46.181,10.703,0.10000,0.66667,0.10000,0.73333,-31.44,0.76667,0,-29.872,-30.094,0.65932,39.274,0.60000,-9.095,16.079,0.16667,3.047,0.16667
0,1,-49.272,30.986,-0.00838,0.06704,-10.881,0,13.615,0.00559,11.228,0.01676,-0.07542,-0.00559,0.05307,0.06425,-6.753,-37.597,0.09497,41.486,0.07542,46.417,0.02514,43.277,-0.00559,0.00838,-21.565,0.10335,27.94,-34.984,-0.00279,0.04469,0,0.04749,-0.03352
1,-2.441,6.842,0.94653,0.28713,0.72554,-2.091,-17.81,0.82455,0.01267,11.268,21.915,0.84475,-0.47644,0.56079,-22.44,-3.28,-0.66455,0.07208,-0.65426,-0.19525,-3.256,-31.97,-0.30851,-49.253,21.732,-0.64792,0.16085,-0.56420,-16.776,-0.41901,0.46059,-0.22535,0.50376,-0.05980
0,-42.763,0,0.05460,0.01437,-0.02586,-15.723,-24.905,0.04598,35.607,9.541,0.01724,-0.06609,-0.03736,-40.943,-0.08333,-14.907,23.892,0.08046,-0.04023,24.527,25.371,-34.376,-0.03736,-0.01149,0.03161,-0.00862,0.00862,0.01724,-42.902,0.01149,-43.18,0.01149,-0.04598,-0.00575
1,1,-21.295,0.72414,-0.01084,4.71,1.792,0.80000,0.00197,0.79015,32.719,0.78424,-6.925,-23.176,0.03251,22.103,38.397,0.80099,-0.00788,0.79113,-18.513,46.002,0.03350,0.74778,-21.572,0.72611,-0.01478,0.78041,0.00612,0.74089,10.872,0.82956,0.02956,20.474,0.00788
0,1,0,16.222,0.02568,0.00428,0,0.01997,-36.331,0.02140,-0.04993,-0.04850,5.339,34.909,42.954,0,44.687,-0.04708,-0.02853,-0.01712,-8.219,0.02140,0.00428,37.5,-0.02282,-10.986,-25.173,0.03994,0.01569,32.199,0.00713,29.365,-0.01854,-0.01427,37.952
1,1,0,0.47090,34.874,0.42328,0.33598,0.25661,0.47619,-24.458,0.49471,-0.73,33.099,-0.34127,-22.984,-26.963,-5.137,-0.51587,0.06878,-0.5,-2.504,-0.14815,-31.511,-37.785,-0.38095,-0.23280,0.00265,0.03574,-4.37,0.15873,-8.588,28.0,-0.24339,0.26720,0.04233
0,1,-10.066,19.821,-10.592,1.584,-0.04119,0.10526,-0.08238,0.12586,20.365,-10.544,-0.01144,-24.986,0.07780,0.14645,-22.893,-37.425,-37.3,0.18993,18.207,0.11670,0,0.11213,-0.00229,29.973,-0.10297,0.08467,0.01373,0.11213,-0.06636,0.09611,-0.07323,46.466,-0.06865
1,1,13.528,0.94333,0.38574,-47.412,-22.654,12.448,0.77514,-0.55941,-22.366,-40.556,0.42048,23.294,49.973,-0.62706,-0.31079,-0.38391,-0.62157,-9.574,-0.69287,-18.528,-0.63620,0.71481,34.777,0.73857,-0.05484,0.60098,0.30384,44.117,0.60512,0.02742,0.54479,-27.683,0.50457
0,1,0,0.01975,0.00705,-20.034,-0.00846,0.02116,0.01128,0.01128,-37.212,0.00282,0.00141,0.01975,-0.03103,-15.842,33.641,43.448,-47.048,-0.02398,11.357,14.101,35.821,0.01834,0,14.413,-0.01269,-7.389,-0.01128,0.00564,-0.01551,-0.01693,-24.649,-23.187,0
1,-41.302,0,0.85736,0.00075,9.466,-0.05676,-5.695,-0.04182,39.553,5.688,0.86258,43.224,0.88051,-32.573,0.78342,-34.509,0.83719,-0.06796,0.83570,-0.14190,-31.945,0.01195,0.90515,0.02240,0.79686,-20.254,0.82383,49.957,0.88125,9.635,0.73936,-0.01942,-3.194,-0.09186
0,9.107,0,1,-18.65,1,27.767,-24.769,40.546,1,-1,1,36.44,5.424,-44.863,-1,1,1,1,1,-33.516,-1,-8.888,1,-1,1,-1,1,1,40.739,30.841,-17.362,1,-1,1
1,1,-24.805,0.85209,41.626,0.38887,33.538,0.08858,0.98903,-0.42625,5.925,46.623,0.49980,-0.93092,0.10768,-0.85900,-0.31044,-17.935,-8.263,-0.19260,-39.498,0.28444,-0.80496,14.123,-39.07,-33.093,-0.23324,0.71698,0.21343,0.37830,-38.872,0.19667,0.66315,12.295,0.64933
0,1,0,1,46.198,1,-48.607,0.62500,40.127,2.717,1,0.02500,0.03125,-34.097,1,19.468,0,1,13.812,-8.116,1,1,1,0.31250,1,13.209,1,-35.444,25.963,35.39,1,37.372,1,0,0
1,-17.603,0,-33.355,-36.426,-36.219,1,0.01961,1,-34.679,48.036,-0.82353,0.58824,-1,-12.129,-0.96078,-0.33333,-0.64706,-0.68627,-0.23529,-0.86275,0.35294,2.67,34.898,-6.68,0.92157,-0.21569,0.92874,-1.678,0.72549,0.56863,-6.997,13.793,-0.11765,0.90196
0,1,-44.224,0,0,9.848,42.288,-1,-17.101,0,0,-1,-46.82,-1.205,1,1,-19.755,0,0,-22.115,0,-1,-1,-1,-30.491,16.275,-35.966,1,-1,-12.328,0,-1,-45.205,-1,1
1,1,45.423,0.44444,0.44444,0.53695,3.329,-26.187,1,-0.33333,0.88889,36.811,0.33333,-1,-0.11111,39.896,36.949,-0.66667,-0.77778,39.95,-1,-43.699,-0.77778,-34.564,-0.22222,-24.3,0,0.92120,15.013,3.614,0.84353,0.22222,1,-10.948,1
0,0,0,-30.39,0,0,-13.556,0,0,23.792,16.178,0,0,-13.956,0,0,-36.744,0,9.649,41.705,36.286,0,0,39.503,0,0,0,-16.856,0,-19.905,0,-24.439,0,0,0
1,-44.297,0,13.831,0,1,0,0.5,0.50000,-43.23,0,16.526,-33.32,0.89067,-42.687,0.86922,0.16228,0.75000,23.33,0.75000,0.5,0.75000,15.669,1,-0.25000,36.363,33.752,0.73944,0.26388,43.343,0.25000,0.69635,0.29074,-10.213,30.992
0,0,0,41.914,1,0.193,1,-26.771,0,-48.736,-3.07,-42.257,-1,1,35.432,-1,25.576,-32.563,6.941,-1,-1,0,0,0,0,-1,-1,1,30.201,1,-10.555,-1,45.243,0,0
1,1,0,1,0,8.404,0,49.701,0.11111,1,17.73,0.88889,-0.11111,43.089,-0.22222,-31.116,3.641,-35.672,0,1,-0.11111,0.77778,-37.482,0.66667,2.516,0.66667,0,-38.109,10.16,-34.855,0.11111,9.737,-0.11111,1,0
0,0,48.826,0,0,43.167,11.026,-32.545,0,0,0,0,-32.643,-1,-47.085,0,0,10.518,26.511,0,2.5,0,0,-1,1,0,0,-30.923,-1,29.77,-1,-35.615,1,17.561,0
1,1,46.954,44.175,36.758,1,-17.193,1,0.09091,-5.211,-0.09091,1,-17.342,1,-37.116,29.591,-0.18182,1,0.09091,5.327,0,1,12.188,1,0.09091,1,40.594,1,-0.04914,-23.413,0.45455,-15.099,-0.27273,1,-0.18182
0,1,31.285,0.62121,-0.63636,-13.489,0,0,0,0.34470,-40.953,0.42803,-10.617,15.239,0.51894,0.36364,0.31439,-0.53788,0.32955,26.838,-0.14773,-41.821,-14.055,-39.91,-39.825,0.29167,-0.27273,0.25758,-13.814,0.43182,0.24242,0.18182,23.866,8.357,-0.41667
1,1,6.594,2.288,0.11765,1,0.23529,-34.717,49.446,-43.647,-30.114,23.353,0.23529,1,-9.384,1,0.47059,1,-19.061,1,-0.11765,-17.656,0.35294,1,0.41176,1,14.9,23.486,0.20225,1,0.05882,1,0.35294,1,-21.999
0,1,23.591,0,0,44.321,-34.736,1,0.51064,0.07979,32.031,9.977,-41.586,0.12766,-38.711,1,-1,0,0,0.82979,-0.07979,-0.25000,-40.907,0.17021,-0.70745,0,-38.908,-36.15,-0.46809,9.141,30.044,0.74468,-29.168,-0.67553,0.45745
1,45.697,-25.756,0.91667,0.29167,-25.5,23.522,-47.299,0.25000,0.87500,-0.08333,0.91667,0.04167,-6.955,0.12500,0.70833,0,36.956,41.632,1,14.541,0.66667,-0.08333,-41.375,-34.384,-21.952,-13.635,0.83796,0.05503,1,0.20833,0.70833,0,0.70833,0.04167
0,1,0,0.18590,-40.715,35.594,-32.175,0,-41.398,5.332,0,0,0,-9.891,-0.19071,0,34.483,0,0,40.085,41.143,-21.459,0,-3.788,-39.628,0.07853,0.08974,0.17308,-0.10897,0.12500,0.09615,37.815,-0.04808,0.16827,0.19551
1,1,0,37.154,-0.08183,1,-35.543,49.28,-2.295,1,-0.33075,26.055,-35.954,0.85788,-0.47265,-6.82,-0.48170,0.73084,-0.65224,0.68131,-0.63544,0.82450,-0.78316,-31.428,-49.119,0.67033,-23.345,0.48757,13.612,0.37941,-0.83893,-21.17,-12.48,0.29221,-0.89621
0,-31.582,0,-11.483,-11.201,-1,1,-19.725,-13.481,0.34649,-22.59,0.46053,-43.547,0.22807,0.05702,0.35088,0.34649,0.72807,-0.03947,0.22807,0.53070,42.509,-4.348,-0.29825,-0.16228,1,-0.66667,1,-1,1,-32.637,-34.513,14.603,10.433,0.07895
1,1,0,33.486,0.24077,18.86,0.00369,10.286,-0.30133,-47.533,-0.23486,0.70643,-0.24077,-34.897,6.319,0.71492,-0.36078,-44.382,-23.58,0.40473,-0.55059,0.61041,-0.39328,12.391,-0.32681,-29.475,-0.52142,0.29208,-0.48390,-4.888,-0.39143,0.15657,-8.574,-4.592,-0.46603
0,14.085,0,26.528,1,1,-1,0,13.54,13.314,0,1,19.647,1,-10.705,-4.672,0,1,-1,0,0,0,0,1,1,-1,5.69,33.576,-1,29.024,1.686,46.249,-49.561,0,0
1,-13.482,0,0.92247,-39.009,-43.385,-0.17674,0.87024,-0.22602,-0.905,-0.27070,20.988,-0.28909,0.70302,-0.49639,19.664,-6.46,0.37254,-0.70729,0.27070,-0.72109,0.40506,-0.54172,-27.808,-21.242,0.14750,-0.63601,0.09312,7.773,26.818,-44.864,-0.01840,-0.54074,-0.07457,-36.326
0,1,-44.192,-14.52,-1,-0.50694,-13.187,1,-1,1,0.53819,0,42.567,0.23958,16.914,1,1,0,-32.703,1,-37.049,1,1,0,0,29.938,36.818,27.13,-27.216,1,-1,1.332,-1,-26.726,1
1,1,0,0.84177,0.43460,-31.609,0.76160,0.09916,0.93460,-0.37764,0.88186,-0.72363,2.816,-0.93882,4.169,-0.86709,-14.042,-38.156,-39.15,-0.25105,20.109,10.057,-9.886,-35.016,-0.66878,0.74895,-0.28903,0.77937,-3.227,0.64135,-32.908,0.31435,-21.082,-0.00422,0.69409
0,1,-14.928,1,-25.991,0,0,-36.291,-1,37.543,-1,-10.512,1,1,-1,0,0,-28.409,-6.368,1,1,-12.804,22.043,1,-1,27.027,-1,1,1,-1,17.248,-36.786,1,-49.39,0
1,1,14.864,1,45.538,1,1,0.77123,1,25.124,3.168,42.528,1,1.558,1,17.771,1,-1,0,11.239,-0.66667,31.515,-0.92536,-1,-0.33333,-35.617,-8.834,-37.068,-1,1,-1,20.142,-1,1,-0.66667
0,0,0,34.111,2.308,-1,-38.121,0,-35.868,-1,1,1,-32.889,18.555,-1,-1,10.36,0,20.306,-1.942,-1,-1,15.097,0,0,1,-1,-42.517,3.197,1,-32.992,1,1,0,0
1,1,0,1,-29.738,1,0.14211,-38.98,0.22108,1,-0.12500,1,-41.403,-15.783,0.48981,1,13.992,-0.37500,1,1,0,1,12.183,-18.168,1,1,21.148,1,-40.277,37.818,0.25000,27.853,-44.314,1,15.631
0,-35.616,-29.674,-1,-1,0,0,29.687,0,0,33.488,0,11.572,0,-8.529,1,-1,0,0,-1,20.737,0.781,0,11.301,3.061,47.433,-1,1,-24.34,0,0,0,0,0,13.889
1,1,0,6.939,-0.07896,8.047,28.929,33.56,-0.21384,0.29796,15.845,0.38096,-0.26339,31.165,43.09,0.03459,-0.18947,-39.5,-0.29441,0.15196,11.468,12.536,-0.31525,-41.153,-0.26795,0.03004,-0.25124,-0.00046,-0.23210,13.142,-0.21129,40.115,-0.18950,0.01336,-0.27201
0,1,0,0,0,16.719,0,3.549,46.59,0,0,1,14.824,0.16667,-21.539,0,0,0,0,10.468,0,-46.246,-0.21875,-10.367,0.90625,-1,-47.563,17.555,5.335,-0.22917,-1,-0.12500,-19.556,-13.142,-0.93750
1,13.425,0,1,0.05149,0.99363,9.042,0.96142,5.814,0.95513,-0.26496,0.66026,-0.913,-20.252,0.25283,29.523,0.27380,0.66775,-0.987,0.59615,-8.52,0.52494,0.29200,-44.023,0.28476,0.39023,0.27226,0.32930,0.25553,-24.709,40.586,-5.342,0.21378,19.911,0.19083
0,1,0,1,-0.09524,-1,28.167,-1,-1,-19.398,-41.774,0.81349,0.76190,-29.441,42.291,-1,1,0.47364,1,-4.019,-33.345,35.172,33.969,37.318,35.953,21.43,-24.73,1,1,1,0.50794,-1,-0.32540,-1,0.72831
1,1,0,-44.802,-0.00190,0.60761,-22.852,42.71,-0.40129,-14.505,0.16828,0.96197,0.09061,0.99676,-22.446,28.43,0.05097,37.486,-47.797,-16.404,-0.14482,0.84871,37.014,0.75081,-40.017,-12.765,-0.02589,0.87293,-0.02302,27.346,0.09385,0.78317,-0.10194,0.85841,-0.14725
0,-43.502,0,-45.677,-1,1,1,-11.989,-3.518,1,-0.5,-5.352,-15.125,1,1,1,1,0,20.143,1,24.717,1,7.356,1,-1,1,-46.347,1,0.62500,12.465,-35.887,-0.75000,34.158,1,1
1,12.147,0,1,38.358,1,-0.78509,1,-0.10401,-1.989,40.882,1,17.51,0.98120,-0.06861,1,0.06610,0.95802,-0.18954,0.83584,1.45,0.97400,0.03728,0.99624,0.09242,-28.73,-45.249,6.423,-0.04597,17.22,18.142,2.735,-0.13722,-27.488,-0.11717
0,1,0,23.709,-1,-1,-1,-0.07661,1,1,34.008,46.924,-0.38710,-18.519,-0.79313,24.857,1,-21.181,0.46502,0.31755,-31.299,10.218,-0.20188,-0.11976,0.06895,-18.362,0.06639,0.03443,-0.01186,1.617,-0.01672,39.042,0.00108,-37.081,1.101
1,16.479,0,0.79847,0.38265,3.222,-0.16964,1,-29.202,-0.505,9.929,0.70217,-45.974,0.99745,-31.386,-29.246,0.02487,1,39.042,-45.059,0.07717,-8.229,0.00191,0.90306,0.30804,-29.505,-0.14541,1,-0.00394,-35.464,0.07908,1,-0.18750,1,-0.05740
0,0,27.949,0,41.55,-49.272,0,0,0,30.927,-10.889,0,0,-36.597,1,-20.571,1,1,45.464,11.267,43.249,1,1,1,12.626,1,1,1,0,1,1,1,-7.719,-35.015,0
1,-1.731,0,1,-0.28428,1,-0.25346,0.94623,-0.35094,1,-31.836,0.92736,-3.254,0.90818,21.722,0.75723,-0.58899,0.69748,-0.58019,-16.547,9.801,0.68459,-0.70975,-21.136,20.9,0.49214,6.109,-3.343,-0.76054,0.26352,-49.484,0.16604,-0.73145,-18.145,-4.141
0,1,0,0,25.351,0,0,0,0,-0.85000,-1,24.475,0,1,-1,0,23.987,-25.919,-1,-1,-1,1,-15.861,-43.806,-1,-14.769,-41.928,-1,-43.963,-33.399,8.533,35.685,-39.986,0,0
1,1,0,1,0.09091,0.95455,-0.09091,11.695,0,1,-21.295,0.95455,21.252,1,0.04545,0.90909,-0.04545,1,0,20.684,-21.628,0.86364,-23.918,2.554,38.471,33.618,0.04545,0.91541,3.942,-17.529,0.09091,0.86364,45.152,-6.052,0.04545
0,0,42.977,0,5.352,31.179,35.895,38.449,1,-1,-1,0,29.391,36.932,-1,-26.192,-0.31250,-1,-1,1,-37.311,17.184,-12.037,0,0,1,-9.255,-1,-1,44.72,0,1,-1,0,0
1,1,32.559,0.91176,34.558,-30.395,0.17647,-4.639,0.08824,0.91176,-4.082,0.97059,-0.17647,-23.506,0.14706,0.94118,-37.608,1,0,1,-8.371,0.76471,0.11765,0.88235,27.781,0.85294,-0.68,0.92663,0.02600,0.94118,-23.414,0.97059,-26.492,0.91176,-2.329
0,1,0,-1,-9.778,-1,0.15244,0.28354,47.349,-1,1,28.822,-1,1,20.734,-1,1.21,-24.827,-1,1,1,-0.31402,-1,-38.252,-1,1,-11.066,-11.599,-0.03578,1,17.133,-38.716,-0.32317,-22.609,21.427
1,1,0,35.627,-0.10526,-22.462,0.01756,24.886,-19.001,0.68421,-0.05263,14.212,-47.894,-39.021,0.05028,0.78315,-9.388,0.84211,50.446,1,0.05263,0.72550,43.738,0.70301,0.08141,0.42105,-27.257,0.65419,12.322,0.52632,-0.21053,0.60150,-22.919,0.57418,0.09719
0,1,-24.625,-0.00641,-0.5,0,-15.822,14.393,1,0,0,0,0,43.489,0,-23.194,33.581,35.847,0,0.31410,0.92949,-0.35256,0.74359,-47.421,-20.882,0,0,-0.61538,-7.92,0,0,14.057,11.361,-37.255,0
1,1,0,1,6.053,-31.512,0.54545,-3.167,-33.908,1,-0.09091,39.709,0,0.81818,-0.45455,0.63636,43.377,1,-20.871,-31.826,8.374,0.90909,49.54,-5.471,0.07750,1,-0.09091,1,-42.214,1,0.36364,1,0.63636,10.427,0.27273
0,29.841,0,38.546,38.739,1,-10.888,-1,9.107,0,37.44,1,-1,-33.516,-1,6.424,26.767,0,-23.769,0,0,-1,1,1,-1,-17.362,-16.65,-42.863,1,0,0,1,0.5,0,0
1,1,-38.637,47.84,-17.184,0.63636,0.09091,0.27273,0.18182,-24.169,0,33.138,41.143,0.45455,-38.808,0.48612,-0.01343,0.63636,-0.18182,0.45455,0,0.36364,-0.09091,-39.182,0.18182,0.36364,4.946,12.752,-33.889,13.749,-7.71,0.36364,0,0.28985,-0.01832
0,1,0,11.209,-0.59677,0,0,-1,-48.474,-0.87097,39.316,0,0,0,0,-36.444,0,1.717,-9.116,0,24.963,-1,-1,0,0,19.766,0.23387,15.812,41.644,34.39,45.198,-35.097,0,0,0
1,1,34.153,1,-1.754,1,0.71429,1,0.71429,1,-0.14286,0.85714,-7.376,-33.355,-36.95,1,0,0.42857,12.749,-4.955,0.03617,-33.189,3.385,1,0,-18.318,-0.28571,48.115,0.04891,1,0.05182,1,-36.275,-11.246,0
0,0,0,-1.205,1,1,14.275,1,-35.403,-43.224,1,-17.755,1,1,-1,1,1,-11.328,-1,1,-1,1,1,-21.115,-46.82,-17.101,-1,44.288,1,-43.205,11.848,1,-30.491,1,1
1,1,0,0.87032,0.46972,0.53945,0.82161,0.10380,0.95275,-0.38033,0.87916,-44.216,38.394,-0.92099,0.16731,-0.82417,2.172,-0.59383,2.406,36.931,-11.221,0.18823,-0.78699,15.078,-0.57430,0.69274,-0.24843,-23.942,0.10484,39.922,41.294,-35.082,45.989,-0.06739,-25.389
0,0,0,1,-1,1,-12.556,24.792,-1,10.649,1,1,-18.856,1,40.705,1,-20.905,17.178,1,1,1,37.286,1,1,-1,1,1,40.503,-12.956,-35.744,-29.39,1,-23.439,1,-1
1,1,-42.829,0.92657,-45.255,-9.996,33.409,0.86098,0.19791,0.83675,31.055,-32.635,0.40198,0.76221,0.40552,0.66586,43.076,0.60101,16.131,0.53392,36.385,16.154,0.54212,13.256,0.55684,0.33340,0.55274,0.26978,23.622,0.22307,0.53448,-43.837,0.49124,0.11573,0.46571
0,0,31.201,43.914,1,7.941,-1,47.243,-1.807,1,1,26.576,0,-10.555,-1,0,0,0,0,0,0,-1,-42.257,1,-1.07,-49.736,-32.563,1,37.432,0,0,-1,-27.771,0,0
1,1,0,0.93537,0.13645,0.93716,0.25359,0.85705,0.38779,3.418,18.312,10.937,0.59942,0.65260,0.75000,0.50830,0.73586,-35.439,-36.544,9.103,0.85952,7.541,0.85615,0.00494,-38.124,-36.523,49.832,-32.104,0.78004,41.758,0.71454,-0.38532,4.285,-0.47419,0.55835
0,0,25.761,1,-1,-33.643,1,47.826,1,1,10.518,-35.615,1,-1,-1,-1,-1,18.561,1,-45.085,-1,-1,-1,-32.923,42.167,1,0,12.026,-1,3.5,29.77,-1,-31.545,-1,1
1,1,0,0.80627,-36.713,0.73061,0.24323,0.64615,0.19038,-15.73,-16.886,47.402,-5.747,0.25000,0.57308,-24.161,0.37115,0.15215,0.51877,-16.837,0.57500,-0.03462,41.113,4.239,0.44424,36.154,28.991,-0.19940,43.525,12.314,0.29541,-0.26634,0.23896,-0.23846,0.31154
0,0,-41.84,16.315,-1,-12.52,-10.011,-39.003,-40.334,32.285,1,1,-1,1,1,27.717,7.187,-12.489,-1,1,24.888,-12.238,1,1,-42.241,1,-1,1,-1,1,1,1,-1,1,1
1,1,0,7.569,49.165,15.959,1.488,0.88783,0.32248,0.89009,0.32711,0.85550,0.45217,-18.279,0.52284,-17.956,0.58820,0.58548,-35.048,0.48869,0.70398,-21.792,0.68159,-29.82,23.109,0.26832,0.76210,0.16813,0.78541,22.561,-43.843,-9.531,0.77702,-0.10289,0.74242
0,0,0,30.533,-35.958,1,1,0,0,10.365,24.591,0,0,1,-1,0,0,0,-38.121,0,-41.224,0,0,0,0,45.321,-34.109,1,-39.908,10.977,32.265,-1,-29.072,-41.907,0
1,24.688,44.697,-47.085,-7.634,-21.921,0.29757,-41.399,14.825,36.787,-25.188,0.57449,0.62719,0.43270,0.74676,0.31705,42.267,0.19128,0.76818,0.04686,0.76171,-0.12064,0.76969,-0.18479,-25.62,-13.803,0.65708,-34.939,0.58553,-0.46799,0.50131,-0.53146,0.40732,-0.56231,0.35095
0,0,0,0,-41.398,1,42.143,1,38.79,0,5.332,35.594,0,33.483,-33.175,-10.006,-21.459,-1,-1,0,0,0,-40.549,1,1,40.085,-3.736,-38.562,1,0,0,-1,1,0,0
1,1,-32.017,0.88804,-22.001,0.65926,-20.716,-48.08,0.87892,-0.06726,0.90135,-0.39597,0.80441,-0.64574,36.719,-0.82960,0.26906,-0.78940,-35.693,-0.62780,-0.30942,47.821,-12.148,-0.16449,-0.64338,-35.334,-2.607,0.30406,-8.223,14.901,-0.29838,0.47029,24.994,0.42152,0.12556
0,0,0,1,-1,-3.348,1,1,1,-11.483,1,-21.8,1,-33.863,-1,1,10.605,1,1,1,-1,1,-1,1,-44.618,-11.201,13.401,43.509,1,1,-33.582,-17.725,-31.392,-11.656,1
1,1,0,0.73523,-30.097,0.80151,9.587,0.78826,18.014,-4.22,-35.583,1,-4.803,12.579,0.28954,0.68798,-48.103,-7.564,32.659,0.64333,-0.02845,0.57399,0.42528,0.53120,0.44872,0.94530,0.57549,0.44174,0.48200,0.12473,1,-22.617,0.49721,-44.548,7.123
0,0,0,0,0,-11.705,0,0,47.249,0,0,-48.561,27.528,0,0,0,0,4.69,0,0,0.686,14.085,20.647,0,0,0,13.314,33.576,1,30.024,0,-4.672,0,13.54,0
1,1,20.195,0.94649,0.00892,27.862,-0.00260,0.98922,-38.811,0.95801,-5.944,0.94054,0.03530,0.97213,-20.598,0.98625,0.01858,0.94277,-14.411,0.98551,-0.00706,0.97770,-44.299,0.96358,8.44,0.93274,0.08101,0.95243,19.074,-34.873,0.00818,-0.744,-28.072,1,-44.317
0,0,26.797,1,1,-45.192,-28.202,-1,-1,0,0,0,30.653,-1,-1,35.818,0,0,0,0,42.567,-1,-12.52,18.914,-13.187,0,0,1,-1,-38.049,-26.216,-0.366,-33.703,-1,-1
1,1,-13.787,0.50466,-0.16900,-8.306,0.01513,0.71063,0.02258,0.68065,0.01282,0.34615,0.05594,10.585,-3.262,0.68101,-37.477,0.67023,0.05692,-21.073,20.919,0.64503,-33.268,-31.478,4.049,0.84033,0.18065,-34.932,-38.411,0.38228,0.06760,0.56466,2.295,0.54632,0.09346
0,1,0,0.68729,29.027,17.168,-27.751,-36.474,0.04348,0.76087,-12.697,0.86789,0.73746,0.70067,22.226,-28.65,-5.231,0.93478,-0.25084,0.70736,0.18729,0.64883,0.24582,0.60201,0.77425,1,38.005,0.89262,0.22216,-10.801,0.53846,-13.928,-35.851,-48.825,0.23913
1,1,0,-36.498,-0.07778,13.239,1.872,2.558,14.006,20.942,43.589,0.45556,-0.42778,1,-0.12581,1,-0.83519,25.95,0.01852,0.82222,32.456,0.98215,-35.483,1,0.22037,0.69630,-0.26481,45.824,-0.24549,0.78889,0.02037,-6.959,-0.27105,1,18.2
0,1,9.36,14.482,-43.361,20.718,19.629,0.26459,0.24125,1.541,0.13230,0.19455,-31.739,0.24514,-0.573,-37.031,2.427,35.072,0.36965,0.05058,0.24903,-31.64,0.09728,0.07782,-35.568,-0.02494,0.28482,-0.06024,0.26256,-0.14786,0.14786,-0.09339,0.31128,-0.19066,0.28794
1,1,36.818,0.57540,-0.03175,0.75198,-0.05357,0.61508,-0.01190,0.53968,0.03373,-29.189,0.09921,0.59127,-0.02381,0.62698,-39.968,27.562,-19.142,0.60317,0.01587,-16.305,14.603,0.59127,0.03770,-41.298,-45.275,0.61291,20.135,0.61706,11.128,14.09,-0.01389,-40.652,-0.03175
0,-34.616,0,0.06404,-0.15271,11.528,0.05911,0.08374,-0.02463,33.473,0.18719,29.752,0.781,0.12315,-0.09852,13.948,0,-29.654,-0.02956,-0.12808,1.854,10.37,0.01478,0.06897,0.02956,0.07882,-23.177,0.28079,-0.04926,-0.05911,-0.09360,0.04433,21.792,-8.455,46.324
1,1,0,0.61857,40.271,44.117,33.622,0.70358,0.01678,16.544,29.075,0.71029,12.599,0.71588,-0.00224,-40.421,0.06600,0.83669,-0.16555,0.68680,11.668,0.62528,6.276,31.485,0.11745,0.71253,-0.09508,8.163,-0.01673,0.63311,0.04810,0.78859,13.117,-39.05,-0.04698
0,1,0,0.25316,17.873,-48.063,0,-0.29620,-1,0,10.468,46.666,15.084,0,-12.944,-19.285,-21.799,0,0,0,0,0.00759,5.266,-0.20000,-9.864,-46.152,0.35696,16.774,-1,0,3.549,0.06329,-1,0,0
1,1,0,0.88103,-24.991,41.248,-0.02465,0.94105,-0.01822,0.89175,8.813,0.82208,-0.10932,-0.385,0.01179,29.693,-5.703,-43.608,-0.06109,0.90782,-0.02358,0.87996,-21.202,0.82851,-8.937,6.568,-0.19507,0.88245,12.276,0.84352,-0.12862,20.615,-0.18542,0.91747,-1.629
0,1,0,-4.592,-0.5,20.6,0,38.318,0,37.418,0.51042,0.58958,0.02083,29.167,-42.091,-34.345,0,0.16458,-0.45417,0.59167,-0.18333,0,34.969,-20.398,43.291,35.471,-0.40833,-1,-1,-0.27917,-29.197,0,0,-25.095,0
1,1,27.514,0.88853,0.01631,0.92007,0.01305,-12.686,0.01359,0.89179,-0.10223,-44.837,-0.08428,0.93040,-0.01033,0.93094,-0.08918,0.86025,-22.579,0.89451,-0.04024,0.88418,-23.406,37.642,36.52,0.82980,41.645,-14.571,-0.11808,-46.688,-0.13051,0.83524,-17.402,27.229,-40.103
0,1,0,33.158,11.465,-3.518,-6.223,0.88444,-0.02000,0,20.143,1,-0.42444,1,-15.929,1,-47.4,7.356,-0.81556,0,0,1,-0.04000,-11.989,23.53,0,-46.677,1,-1,0,-44.502,1,-35.02,0.90667,-0.09556
1,1,1.607,0.81143,0.03714,17.16,-0.00143,0.79000,0.00714,11.943,-0.04286,6.336,0,-44.381,38.06,41.592,0.00286,0.82857,17.178,0.81000,-0.11857,0.76857,-28.538,0.84286,-0.05000,0.77000,-0.06857,0.81598,-29.817,0.82571,-0.10429,-2.174,1.685,18.924,-0.15143
0,40.05,0,23.341,46.179,0,0,-31.024,0,0,0,0,0,-1,1,1,0.55172,0,0,10.362,0,0,0,-21.668,1.621,0,24.954,-16.519,2.098,0,0,-18.392,33.057,-37.081,0
1,1,0,0.49870,-36.202,0.43117,-0.09610,0.50649,-0.04156,39.674,-46.085,-28.679,-30.446,0.55844,-0.11948,0.51688,-1.523,0.52727,-0.05974,0.55325,-0.01039,0.48571,-30.262,2.905,-46.026,-30.815,0,0.53215,15.446,10.434,0.03377,0.54545,-9.283,0.58961,-0.08571
0,0,0,27.949,0,0,-35.015,0,-10.889,0,0,0,0,41.55,0,-49.272,0,0,13.626,46.464,0,30.927,0,-6.719,43.249,-37.597,0,1,10.267,-21.571,0,0,0,0,0
1,-47.702,-2.731,-16.143,0.5,1,7.092,0.25000,-17.285,21.942,-2.786,22.03,0.80454,-0.34107,0.60793,-0.43820,0.37856,-31.967,0.16709,-3.808,-2.757,-0.26477,10.287,-0.16178,-0.12964,-0.07782,-21.809,-0.02089,-0.10242,0.01033,-0.07036,0.02224,-0.04142,0.02249,-0.02017
0,1,-40.986,0,0,0,-24.919,1,1,-1,-1,-14.861,0,26.351,-0.11111,0,0,0,0,-1,-33.399,25.475,-41.928,10.533,22.987,-43.763,0,-14.769,-44.206,35.685,0,0,0,1,1
1,11.922,0,0.87048,0.38027,21.893,33.401,0.31347,-17.617,38.341,20.591,-7.337,46.036,-0.70561,0.51560,-24.82,0.22735,-0.81136,-0.12539,-0.67474,1.4,-0.38334,-22.256,-0.13013,-0.70762,0.15552,-0.66421,0.38544,-0.51568,0.52573,3.614,0.56239,-0.05938,-20.78,0.16645
0,1,0,34.895,0,16.184,0,0,-36.311,-1,30.391,0,0,1,0.37333,-8.375,-0.12000,5.352,0,-12.037,-1,0,32.179,1,-1,0,37.449,1,43.203,0,-25.192,37.932,44.72,0,0
1,1,0,-3.171,0.43491,0.59573,0.77655,-37.44,0.94537,-31.606,0.92544,-3.013,0.71257,-0.86443,-24.14,26.828,-0.05338,-1.483,-0.44707,-27.02,31.826,-0.10237,-6.285,0.26384,-9.147,0.55984,-0.55910,-22.575,-0.24433,0.72478,0.09599,0.58137,0.38915,0.34749,35.223
1,1,20.427,0.32834,29.847,46.501,0.21278,0.14919,2.185,-23.015,0.92324,-0.10312,-37.058,-0.61352,19.992,-11.718,-0.05409,-10.198,-0.14329,-0.30315,-0.44615,-0.11409,-0.85597,0.02668,-0.22786,0.27942,-0.06295,0.33737,-0.11876,0.27657,18.019,-37.565,0.13296,-10.477,-24.905
1,1,0,0.83427,0.39121,0.54040,50.758,0.12326,0.89402,-0.33221,-22.179,-0.70086,0.59564,34.287,24.273,12.683,-0.24164,-0.59714,-0.61894,-19.22,-28.346,-9.321,-0.89064,0.51109,-0.72454,0.79143,-40.096,-47.064,0.08718,-22.633,0.49079,0.37542,12.933,-0.03983,44.456
1,-46.075,0,0.62335,-0.03490,0.59085,-15.817,-24.021,-7.482,0.63177,0.00963,0.62455,14.338,-36.585,0.07220,0.62936,-0.08424,0.67509,0.09146,-19.403,0,11.951,0.10108,-22.693,43.52,36.506,0.14079,34.185,0.02019,0.51384,0.04452,0.61733,-0.00963,14.671,-0.09146
1,1,-32.826,0.74449,-0.02390,0.70772,-34.512,50.717,0.16912,0.79228,0.07721,9.461,6.037,10.337,0.00551,-19.527,0.21691,1,-3.924,0.61029,0.05147,0.67463,-6.428,39.23,-32.762,0.72978,-0.15809,0.61727,43.175,0.30882,0.08640,0.55916,-42.228,0.60294,0.21691
1,1,0,8.722,-43.674,0.78157,37.458,0.77486,0.02647,0.65077,-0.10308,-15.587,0.08000,30.581,26.818,-33.793,0.05776,0.68615,-0.08923,-23.152,0.16308,0.66233,-17.575,40.185,0.08041,0.60154,-0.07231,0.58803,0.08767,-9.337,0.25692,6.958,0.09207,40.245,0.09322
1,1,13.476,-38.034,0.05375,33.622,0.00202,0.84341,0.00301,48.229,0.09901,0.75813,0.04102,0.81892,12.413,-37.83,0.00673,0.80622,-0.12447,42.013,-0.03536,0.76365,0.00909,0.74635,5.047,-24.009,-0.04243,-7.002,0.01096,-16.652,0.11598,0.66624,-39.443,-33.227,0.01227
1,1,-49.119,0.5,34.39,0.38696,0.10435,0.49130,-9.051,-34.628,14.773,0.35652,12.083,25.42,1.764,0.50435,0.02609,-36.088,38.512,0.42174,0.14783,19.889,45.172,0.32174,-0.11304,0.47391,-0.00870,0.41789,41.196,0.38696,0.03913,0.35217,0.14783,0.44783,0.17391
1,1,-36.975,-11.448,0.09417,34.934,0.20656,0.71628,3.951,0.69320,0.41252,0.65917,-33.854,0.57898,0.60814,-18.111,0.58445,-33.856,-1.218,-5.659,0.63548,0.09599,0.68104,0.02066,-6.51,-0.08748,0.63183,-36.966,0.60696,-0.18226,0.56015,-0.25516,13.408,46.841,0.42467
1,1,0,1,-12.23,1,0.25101,-30.507,0.33044,0.80365,0.53020,11.597,0.60297,0.56937,-18.035,0.55311,0.74079,15.569,0.82193,-47.608,0.79777,0.09709,-17.28,-0.01734,0.79870,-0.15144,44.043,-2.433,-43.532,-0.31713,-21.506,-0.40291,0.54522,-44.633,-35.958
1,1,0,15.457,0.13425,-23.763,0.31543,0.78896,0.43388,41.53,0.59975,0.54003,-25.255,39.791,-9.631,0.24266,0.79523,37.263,46.219,-35.434,0.76261,-0.20201,0.66926,-0.30263,0.62610,-0.40552,0.50489,2.578,0.40753,37.308,-43.204,-0.52823,0.19172,1.933,0.05972
1,1,0,24.739,-17.681,0.90946,-24.107,40.354,0.49960,-29.654,0.63842,-19.313,0.73838,0.48698,0.83614,36.591,0.90665,0.17959,17.112,-13.963,42.636,-0.18880,0.89383,-0.33023,0.82492,-37.209,0.76482,-0.58563,10.312,-0.67929,0.52564,-0.75321,-13.131,-0.81210,0.26092
1,1,0,0.91767,0.18198,0.86090,-44.942,0.72873,0.45747,13.435,0.69865,16.117,-32.692,-42.468,0.81795,0.15664,0.83558,15.673,0.85210,-0.16390,34.03,-0.35996,-10.126,35.432,0.65385,22.549,0.53886,-44.583,0.40972,-0.64511,0.27338,30.032,42.729,-0.64056,0.05394
1,1,-49.736,-0.04,0.21106,46.883,0.38112,0.48409,0.52500,0.15000,-32.341,0.13753,0.59565,-43.334,0.44545,0,0.48636,-0.27491,36.852,-27.332,-11.187,-0.36591,0.18864,30.796,0.07588,42.529,26.544,-0.33942,-2.195,-0.27540,-0.19714,-0.19962,-0.24648,6.822,-0.27218
1,1,7.404,0.58940,-0.60927,-35.595,0.55298,0.81126,0.07285,-31.328,0.16225,10.541,-38.771,0.50331,0.12252,0.63907,3.84,0.71854,42.517,0.54305,-37.232,0.65232,0.27815,0.68874,0.07285,-35.336,9.114,0.49013,49.311,0.46216,0.28574,18.276,0.29324,3.036,0.29942
1,1,0,1,0.11385,0.70019,-0.12144,49.642,-31.826,0.71157,30.782,-31.983,-46.163,0.69070,17.686,3.086,0.03985,0.53131,-0.03416,0.69450,0.16888,43.893,0.07211,26.082,-32.584,0.53321,0.37381,0.49090,0.17951,11.177,9.843,0.44141,0.18897,0.56167,-36.463
1,1,-6.211,0.84843,0.06794,0.80562,43.152,5.098,-0.03299,-16.071,-0.06620,0.59582,-0.07666,0.67260,-0.05771,-16.699,-0.06438,0.39199,12.597,-36.131,36.318,41.244,-0.08039,0.53430,-0.08453,0.47038,-24.641,29.077,46.863,0.52613,-0.08537,-15.657,-0.09621,0.42223,-0.09808
1,1,0,-40.241,0.08013,0.96775,-0.00482,32.252,-0.00722,9.066,-0.03923,-40.84,0.01419,0.96186,-0.01436,16.274,-0.01671,-12.536,-39.324,0.91152,-0.08848,-12.539,-40.027,-12.292,-0.02591,0.98164,0.02003,24.826,-0.03034,1,-11.07,0.92774,-0.03464,27.639,-0.03673
1,1,-22.234,49.514,22.362,0.42784,6.471,0.70103,-0.39175,0.73196,-18.93,0.26289,-0.21649,0.49485,0.15979,0.45361,-0.11856,1.711,0.06186,0.5,-18.929,0.54639,0.18557,0.42268,0.08247,0.70619,22.549,0.53396,-9.626,-44.493,-0.26289,-35.242,0.04124,-29.719,14.502
1,33.265,10.977,0.63510,-0.04388,0.76530,23.621,31.147,-35.598,-41.253,-0.00462,-37.479,0.08314,-40.429,-0.43418,-38.183,45.871,0.59584,0.13857,0.63510,-33.889,-29.439,-0.25404,0.70951,0.15359,10.011,0.23095,0.68775,0.17704,0.61663,0.07621,0.66316,0.19841,0.69053,0.36721
1,-33.551,0,0.50112,-0.03596,0.61124,0.01348,24.277,0.01573,0.58876,0.02472,-25.666,-0.00449,0.71685,44.65,-12.845,14.466,-22.212,36.105,0.64719,-0.07416,-7.22,0.14157,0.57528,-0.03596,-41.659,-47.958,0.56588,0.00824,0.47640,41.555,0.54607,0.10562,-25.149,-0.08090
1,1,0,0.71521,-0.00647,0.66667,40.043,-40.766,-10.058,0.77994,0.08091,0.67314,-39.465,0.64725,0.15858,0.60194,-21.479,36.138,-0.04531,0.46926,-40.649,0.64725,-32.026,0.39159,0.21683,5.856,-0.05502,34.934,0.00040,0.31392,-0.06796,0.49191,37.683,41.447,-3.788
1,1,0,-34.93,0.10370,0.77037,-48.337,15.12,0.08148,0.60988,-32.022,0.79012,-22.264,-7.142,0.04938,0.62469,0.09630,0.78272,-0.17531,0.73827,-0.10864,48.774,0.00988,36.764,0.08148,-34.763,-21.539,0.63773,-0.02451,25.854,-11.57,0.61235,-2.068,0.51358,-0.04691
1,1,0,0.60678,-0.02712,0.67119,0.04068,0.52881,-0.04407,-18.22,-12.164,10.31,-0.07797,-43.038,-0.02034,14.933,-32.504,0.64068,0.11864,-3.778,-0.02373,0.53220,-12.476,-34.148,-0.03390,-22.272,-0.03390,0.57262,-32.384,-12.07,-0.00339,0.58983,-0.02712,43.011,0.06780
1,1,0,0.49515,0.09709,-48.136,0.05825,0.34951,0,7.197,-0.02427,-4.433,-8.036,12.195,32.534,0.52427,0.00485,-29.243,-0.10680,0.43204,17.866,0.34951,0.05825,0.18932,9.741,0.31068,-45.005,0.36547,-35.598,0.39320,0.17476,-22.706,-4.775,0.37379,-0.01942
1,1,0,48.237,0.02187,-3.741,0.34100,33.415,13.892,0.74706,0.48906,0.73584,0.51879,30.574,0.60179,-11.274,1.349,0.31800,0.70443,27.812,21.336,0.07515,0.73696,-48.497,0.71284,-0.16489,0.69714,13.149,0.60510,4.527,0.55805,-0.34717,0.44195,13.75,0.37465
1,1,0,0.97905,0.15810,-0.821,0.35237,0.82039,0.48561,0.71760,27.538,-5.372,9.107,0.40349,0.83156,0.25140,-43.466,0.04700,0.85475,-35.969,0.79749,-0.26180,-19.837,-39.193,0.71676,-0.51034,-13.899,-28.719,0.46040,-0.61899,0.30796,-45.007,0.18345,19.554,19.06
1,1,30.653,27.794,-13.97,0.91966,0.47030,0.76902,0.62415,18.447,0.78120,0.36774,0.88291,0.10107,1.468,42.498,0.89274,-0.28269,-43.471,-0.43707,0.61688,35.261,0.48120,-38.699,0.35534,-0.64658,0.15908,-27.869,0.02277,-14.169,-0.13462,-26.762,-0.22949,-33.175,-0.35032
1,-36.527,0,0.94331,-21.507,0.96132,-38.086,0.80514,0.56569,0.56687,0.70830,10.313,-8.189,0.14939,-2.411,0.05167,0.93682,-0.24742,-34.692,20.538,-31.353,-0.50251,2.83,-0.65515,-32.832,-0.68851,0.30912,-14.558,0.15619,-0.75406,-0.04399,-0.75199,3.796,-0.66932,-0.34367
1,1,16.248,0.93972,0.28082,28.832,0.52821,0.58167,0.73151,0.34961,-14.123,-37.183,22.947,-0.20015,0.89335,-5.766,0.82163,-12.1,0.62867,-0.76305,0.40368,-0.81262,-49.201,-0.81317,-0.04284,-27.743,-0.26883,-0.63237,-0.46438,38.079,-36.401,-13.068,-30.118,-0.08937,-0.71273
1,1,0,-6.936,0.35157,0.67333,0.62233,0.43898,33.459,1.521,0.80510,-0.22838,0.75334,1.917,-36.772,44.329,0.28415,-0.66750,25.563,19.669,-0.06193,-0.81056,-0.06011,-0.33197,-35.76,14.735,42.991,18.842,-0.51925,0.24321,-0.43478,0.36586,-0.30057,12.667,0.13297
1,1,-31.992,-0.651,0.10025,-43.284,0.17293,2.235,0.34336,19.675,-36.857,0.06266,0.21303,-0.04725,0.12767,-0.06333,0.07907,-31.952,0.04097,-0.05431,-35.854,1.266,20.303,-0.02876,14.085,35.093,-0.01505,-0.00886,-0.01475,-0.00280,-0.01250,9.361,-0.00948,0.00290,-0.00647
1,1,-19.168,0.58459,-0.35526,15.631,13.755,-39.226,-0.00564,20.973,0.19361,-29.305,-0.27632,0.65977,26.917,0.69737,0.14662,0.72368,-0.42669,-16.022,0.04511,37.487,0.20489,0.84774,10.853,0.64850,-45.361,0.56836,-0.10571,0.52820,-41.411,0.15602,-0.12218,-41.351,-0.10309
1,1,0,-34.78,0.913,0.72171,0.06059,47.091,29.771,33.727,-23.21,0.43837,0.20330,0.49418,0.12686,0.44747,0.13507,0.29352,0.02922,0.48158,2.219,14.217,11.718,-29.379,0.14638,0.26436,21.883,-8.293,0.14314,0.26429,0.16137,0.18767,10.438,0.16655,0.13198
1,1,6.29,0.94080,40.282,0.85738,43.421,0.85124,0.01546,0.76966,-0.00278,0.84459,30.985,0.83289,12.472,0.82680,11.793,0.74838,0.01943,0.80019,0.02405,-40.41,29.122,0.80259,0.05352,0.77336,7.487,0.79058,13.231,-38.843,0.09251,0.77863,15.872,0.77269,33.766
1,1,0,-12.073,0.04326,18.313,0.18297,17.709,0.29292,47.484,-0.08337,0.88598,-0.02028,0.90446,-10.468,0.89410,0.19964,0.88644,-21.845,0.84452,-48.073,11.447,3.209,5.375,-0.25101,0.86661,-19.377,0.85967,-0.02908,0.78774,-46.089,0.75935,0.21812,16.04,0.09193
1,1,0,0.74916,0.02549,0.98994,0.09792,13.184,0.12877,9.684,-0.09188,0.95842,-1.436,-0.295,-0.00469,-20.095,0.10195,0.91482,0.03756,20.441,28.812,0.81221,-0.08048,1,5.666,41.068,-5.578,-43.657,0.02552,0.72435,-0.01073,-7.908,-24.872,0.72837,0.02750
1,1,0,0.47337,0.19527,0.06213,43.107,0.62316,0.01006,21.056,29.123,0.56509,34.987,-24.648,0.27515,0.71598,-42.13,0.55621,0.12426,34.897,37.068,-27.913,0.02842,-33.834,-0.10651,-4.54,-0.02367,38.783,0.03259,0.53550,0.25148,0.31953,-20.543,0.34615,-0.00296
1,28.514,0,0.59887,0.14689,37.452,-0.13936,0.85122,-22.667,0.80979,26.385,-39.476,0.02825,-45.064,-13.655,0.80791,-0.13748,0.51412,-0.24482,42.602,-0.14313,0.70245,36.636,0.33333,0.06215,0.56121,-0.33145,0.61444,-23.453,0.52731,-0.02072,-47.005,-0.31262,-16.604,-15.656
1,1,-35.137,12.312,-0.03397,0.86412,-0.08493,0.81953,-47.347,0.73673,-44.578,0.71975,-0.13588,20.892,-4.634,0.77495,-0.18684,0.78132,-16.337,-12.369,33.056,0.79193,-0.15711,-45.783,-0.03397,0.84926,-0.26115,0.74115,-6.585,24.379,-0.22293,7.082,-0.37792,0.65817,-0.24841
1,1,0,0.87772,18.022,11.981,0.07337,-27.605,16.349,-2.217,-0.02174,0.77174,-0.05707,0.82337,-0.10598,0.67935,-0.00543,39.008,17.023,-44.402,0.03261,41.592,-0.05978,0.97283,-0.27989,0.85054,5.273,2.444,-0.10211,0.85870,-29.762,0.78533,1.626,0.79076,-0.00543
1,34.057,24.954,-36.334,10.229,-17.855,0.16996,0.72727,0.09486,0.69565,-0.11067,0.66798,-0.23518,24.22,-0.19170,0.73715,0.04150,-30.394,-0.00395,0.63636,-0.11858,0.79249,-0.25296,39.714,-0.28656,0.67194,-0.10474,0.61847,-17.64,0.60079,-21.877,1.997,1.167,46.789,-0.01383
1,1,-46.181,0.46785,-29.012,0.58980,39.179,0.55432,-30.159,0.47894,-1.626,-30.877,0.01330,3.052,-0.16186,0.67849,-0.03326,0.54545,-9.364,0.52993,-0.04656,0.47894,9.807,-45.508,-0.13525,0.41463,-0.20177,0.53930,15.364,0.59867,-0.02882,-35.684,-30.623,0.56319,-0.04435
1,1,0,0.88116,0.27475,-10.168,0.42881,43.865,0.63662,41.938,0.90502,-34.916,-48.311,13.425,0.89200,-0.35737,0.77500,-0.65114,0.62210,-0.78768,0.45535,-22.39,31.118,-0.83943,27.868,-0.78334,-37.861,-7.395,10.812,-0.54732,-0.60858,-0.30512,-0.66700,46.271,-0.75597
1,1,0,0.93147,0.29282,0.79917,-3.14,-2.132,11.093,-16.881,7.769,-21.635,0.96748,-0.23237,0.95130,-0.55926,0.81018,-4.174,0.62385,-3.673,0.36200,-0.92254,0.06040,-0.93618,-0.19838,-0.83192,-18.754,21.512,-0.69556,21.361,-32.388,-0.13590,-49.641,0.10007,-0.94823
1,1,-34.399,0.88241,0.30634,25.208,24.565,0.34109,0.58527,0.05717,1,-25.012,0.92118,35.061,0.71996,-0.69767,0.32558,-44.577,9.945,-16.769,-0.00775,-0.78973,-0.41085,-0.76901,-15.315,-0.57242,-43.882,-0.31610,-0.81876,25.322,-0.86841,-40.733,-43.749,0.00194,-0.81686
1,1,45.243,0.83479,0.28993,0.69256,21.729,0.49234,0.68381,11.142,-20.76,-0.08096,-17.633,-24.365,0.77681,-0.52735,-20.71,-0.70350,0.31291,-7.674,0.03939,-0.71225,-0.15317,-0.58315,37.988,-0.37199,19.154,-0.16950,3.304,32.793,-0.61488,0.25164,1.296,0.40591,-0.35339
1,30.391,0,45.649,-10.706,0.76168,35.518,0.49305,38.291,0.21592,0.95193,-0.13956,0.96167,37.46,0.83590,4.644,0.65490,-0.87474,0.36750,-0.91814,0.05595,-0.89824,-0.26173,-0.73969,15.643,31.671,-37.059,-0.22323,-26.053,43.055,-0.87159,-7.895,-0.78057,0.59407,-0.60270
1,35.646,0,-36.803,0.31456,-4.807,-22.719,28.101,-7.664,0.17293,-1.599,-0.18976,0.79886,-0.41729,0.66541,-0.68421,0.47744,-0.74725,0.19492,-0.72180,-0.04887,-0.62030,-4.335,-0.49165,-0.53463,-24.742,-0.66014,32.544,-0.69706,0.22708,-32.01,0.43100,-27.063,-0.063,-0.30075
1,1,-37.716,0.98455,20.4,0.98058,-0.04104,1,29.745,0.98720,0.01456,-9.114,-0.02604,0.98500,-0.07458,20.728,-0.07149,-21.784,-10.873,0.97264,-0.12224,0.99294,-10.651,-24.157,-37.341,0.97352,-0.08341,0.96653,1.316,0.93469,-0.14916,19.105,46.191,0.96778,-0.18800
1,1,0,0.94052,-23.315,44.603,0.01001,36.103,-27.482,13.191,-23.025,0.94641,49.935,0.97173,-0.01767,0.97055,-0.03887,0.95465,-0.04064,25.006,13.481,0.94229,-0.02179,0.92815,-0.04417,-46.974,-0.04476,-8.519,-0.05827,0.90342,-39.894,0.91991,-0.07244,-18.106,-0.07420
1,-23.625,0,0.97032,35.703,0.91324,-0.00228,0.96575,-0.17123,-6.421,14.595,0.91781,0.00228,0.93607,-23.278,0.91324,-15.824,0.86758,-0.08676,-46.104,-0.21233,1,-19.972,0.92009,-0.05251,12.286,43.557,-36.315,13.965,0.97032,-0.20091,0.85388,-0.08676,34.546,-0.21918
1,1,0,9.172,-0.03390,0.94915,-42.218,6.123,-0.16949,0.30508,-0.01695,-19.726,38.574,0.64407,-32.538,0.83051,-0.35593,0.54237,43.121,-31.952,0.03390,0.59322,-6.166,50.859,0.05085,0.40678,0.15254,0.67287,-34.547,-3.324,-0.03390,0.83051,-0.15254,0.76271,9.598
1,30.841,0,0.33333,-0.25000,6.869,0.22222,-9.499,0.16667,0.41667,-34.377,8.607,37.329,0.54911,-0.08443,40.322,0.33333,0.55556,0.02778,-16.112,-0.19444,-23.297,-0.05556,0.52778,-0.02778,0.38889,-43.78,27.183,-0.14256,0.19444,-17.789,39.916,-0.14809,0.08333,-0.5
1,1,0,-7.198,1,-37.717,33.312,0.71178,0.80833,0.45622,-24.341,0.33081,1,0.21249,1,-0.17416,-16.274,-0.33081,-32.884,-0.61382,42.234,-0.52674,48.103,-40.34,0.47894,4.037,12.759,12.476,0.09569,-39.637,-0.16713,-1,-0.42226,-0.91903,-0.65557
1,1,41.127,39.072,0.49638,2.552,45.741,0.54916,0.72063,15.164,0.70792,0.13469,0.94749,-0.09818,-35.506,-0.37604,20.29,-0.52742,25.675,-49.803,35.07,-0.70163,0.24956,-0.79147,0.02995,-10.106,-0.29099,-0.70352,-0.32792,-0.63312,-0.19185,-0.34131,-35.702,12.013,-0.62956
1,1,0,0.83789,0.42904,0.72113,-5.371,0.45625,13.673,-7.068,0.82732,-0.13012,0.86947,-2.359,0.78497,46.52,-33.668,2.886,0.26529,-0.84014,0.03928,33.532,-0.31351,-34.829,-0.48905,-0.37298,-0.67796,-0.05054,-0.62691,-18.457,-12.705,-36.475,-0.39167,-36.492,-0.24313
1,1,0,-43.269,0.35107,-35.651,0.65640,0.45571,0.88576,0.15323,-11.37,-22.333,16.238,-0.56535,0.83397,-19.542,0.58045,-0.93104,0.26020,-0.93641,-0.06418,42.417,-18.511,-2.856,-48.494,10.48,-0.84951,-31.537,-0.91221,0.27330,-0.85762,-43.676,-0.69613,0.74828,-0.44173
1,1,0,46.347,0.36924,0.71976,37.856,2.714,0.94078,-0.11108,-42.712,14.247,41.821,-0.66616,0.78766,-36.264,0.42314,-0.94315,0.09585,-1,0.03191,38.73,-0.66278,-0.46010,37.03,-0.13486,-0.88082,0.19765,2.188,-24.144,-0.70247,0.69886,-10.853,-25.204,-0.13194
1,1,0,-12.956,9.811,1,-0.05558,1,41.719,24.792,36.163,1,39.488,1,-0.01731,1,-30.454,1,-24.51,1,0.05900,-18.905,-0.10108,1,-36.771,1,-0.22978,1,-0.06823,17.178,-17.773,-12.556,-0.14194,1,-0.07439
1,1,0,-9.933,-0.00155,16.534,-0.13244,0.94982,-0.00461,0.82809,-0.51171,0.92441,35.967,-32.441,-0.14247,0.99264,-45.323,34.21,22.925,16.454,0.61739,1,-0.16321,0.87492,12.746,-41.972,-0.01664,-43.139,-0.01769,31.514,-0.01867,0.80634,42.573,0.78761,-0.02039
1,1,36.432,7.734,-26.476,-1.429,0.52312,-42.844,0.68158,43.056,47.079,-49.904,0.78772,-0.42911,0.72328,-0.57165,-0.392,-0.75436,0.16755,30.501,-0.09856,25.999,-0.23503,-0.40637,-0.38287,-0.17437,-0.52540,0.01523,-0.48707,0.19030,-0.38059,-11.245,-0.23199,-32.218,-0.08036
1,1,0,0.88085,0.35232,0.68389,18.492,0.34816,0.79784,0.05832,11.122,-0.29784,-38.148,-0.62635,0.69590,-0.77106,0.39309,-0.85803,2.712,-38.188,-36.095,48.388,41.589,3.244,-37.133,-32.005,-0.75533,0.17041,8.133,0.40675,-0.57649,0.56626,-0.36765,8.031,-0.13305
1,1,-32.643,0.89589,-32.152,0.66129,18.279,9.813,3.408,-0.04787,0.94415,48.369,0.84605,10.249,-45.5,-0.92819,26.012,-0.92282,43.013,-0.76064,-0.48404,-0.50931,-0.76197,-32.072,-0.88591,0.21581,-37.472,0.53229,-0.68593,0.74846,-0.40656,31.602,-0.07029,0.76862,0.27926
1,1,0,37.304,4.087,44.175,-24.616,0.87342,-0.10127,0.88608,0.01266,1,-17.228,13.476,-16.675,0.84810,-0.03797,0.63291,-0.36709,0.87342,-0.01266,41.621,47.017,1,0.25316,0.62025,-0.37975,-35.997,-6.267,-15.099,-0.06329,0.53165,0.02532,0.83544,28.565
1,1,0,8.935,0.00840,0.83312,31.301,0.82638,0.02469,0.86555,0.01681,-41.234,0.05882,0.79093,15.362,-12.715,-41.187,27.364,0.19328,0.84034,0.04202,0.71285,-13.449,0.68895,0.07577,24.552,-13.154,-38.697,0.08296,0.61345,-10.995,0.58187,0.08757,0.55330,-39.914
1,1,0,-43.797,0.01809,49.957,0.01456,2.208,0.02180,0.92765,0.08010,0.87597,0.11370,-18.091,0.04320,0.90738,0.05018,7.468,-22.206,0.95866,-9.502,15.909,0.07047,0.88430,0.07697,-29.335,0.10853,0.86923,22.442,-34.841,22.574,0.85198,-18.554,0.84258,0.10698
1,33.265,-41.224,1,10.965,1,-0.00343,1,-0.01565,1,-0.01565,-37.121,-0.02809,1,-41.929,0.99828,-0.03087,-34.963,-0.03238,10.358,-30.106,-33.109,-0.03881,24.591,-0.05039,1,-0.04931,46.32,-0.05527,-37.914,-0.06304,0.99057,-0.06497,0.98971,30.466
1,1,0,0.89505,-0.03168,-21.91,0.05545,-33.656,0.01386,45.626,0.02772,0.91287,-26.343,15.398,-0.01584,0.91881,36.114,0.93663,0,0.94257,0.01386,0.90495,-13.502,0.88713,-42.142,24.581,-47.984,0.89002,0.01611,0.88119,-25.754,-6.915,41.632,0.86733,0.02376
1,-2.736,37.79,6.232,0.01773,1,-39.58,0.90071,-32.168,0.84752,0.05674,-39.549,0.03546,-40.419,0.01064,0.97518,-21.424,1,-10.038,0.89716,-0.03191,40.946,35.672,1,0.09220,0.90071,0.04610,0.94305,0.03247,42.09,0.02482,1,0.01064,35.419,0.02128
1,1,0,0.39394,-0.24242,0.62655,0.01270,0.45455,0.09091,0.63636,-21.32,0.21212,24.876,0.57576,-11.44,0.39394,0,-31.455,-48.326,0.51515,0.03030,0.78788,-35.429,-7.436,-0.15152,0.48526,14.528,-21.918,-1.935,0.33333,48.257,-35.011,36.218,0.39394,0.24242
1,1,0,43.376,-32.032,0.72014,-11.535,0.37201,0.83049,0.08646,-11.798,-0.24118,-11.622,-0.51763,0.67577,-23.488,0.41524,-0.77019,0.09898,-0.69397,-0.13652,-0.49488,-0.42207,-19.05,-35.44,-0.02844,9.005,-4.194,-0.53127,0.32309,14.03,0.46189,-0.19681,-43.208,-32.564
1,1,0,7.52,12.239,33.159,0.69438,0.35916,0.88696,-35.678,0.93345,-0.38875,-44.01,-8.733,0.62078,8.657,0.30356,-5.637,-0.05365,-0.73564,-0.34275,-0.51778,-0.62443,-0.23428,-49.171,-22.899,-0.73856,0.33531,-5.638,0.52414,-0.42086,18.474,-0.17343,-29.114,0.08660
1,5.69,0,0.90547,13.951,0.65354,1.434,0.29921,-3.713,-0.13342,0.97820,-0.52236,28.361,12.518,0.55086,46.283,0.15192,-0.93001,-0.25554,-0.71863,13.491,20.232,-0.85205,32.554,-12.643,30.387,-0.85368,0.67538,-0.61959,-47.701,-0.28123,0.88654,0.09800,0.75495,0.46301
1,1,0,9.369,1,0.36700,-44.287,0.12993,0.92713,-0.27586,0.93596,-0.31527,-43.937,19.323,0.36946,-0.92857,-20.734,-0.38916,-0.34236,-0.46552,-0.82512,-6.014,-0.93596,19.287,-0.20443,0.73792,26.43,0.85471,-0.06831,-0.722,-34.847,-14.096,-28.14,0.17758,-38.016
1,1,0.634,1,0.51515,27.251,0.33333,42.627,-25.852,-0.32104,18.644,-0.45455,0.48485,-38.625,0,-33.278,-44.313,-0.33333,-14.005,-14.277,-28.051,0.48485,-0.57576,0.57576,-0.42424,1,35.424,0.72961,30.776,0.96970,0.57576,0.24242,0.36364,0.09091,0.33333
1,1,-21.707,21.847,0,-8.073,-13.814,0.93598,9.883,0.90244,0.01829,0.90244,0.01829,0.93902,-32.099,0.95732,0.00305,1,-38.467,0.94207,-0.01220,0.90854,3.999,0.91463,-33.282,3.201,-35.482,-36.631,0.02226,0.90854,0.00915,1,-3.251,0.97561,-0.01220
1,1,-37.291,28.854,0.08156,0.79078,-0.08156,0.90426,-29.427,0.92908,-14.917,0.80142,0.08865,0.94681,16.241,39.487,22.043,0.93262,0.20213,0.95035,-0.00709,-48.475,-12.797,-26.186,-11.441,0.91135,0.15957,0.89527,-35.704,0.77660,0.06738,0.92553,0.18085,0.92553,-5.368
1,1,0,19.515,0.10638,0.88706,43.537,0.88542,0.01471,0.87234,-0.01418,0.73050,0.10638,-36.384,25.486,0.87235,-7.8,0.95745,2.246,0.95035,12.281,0.85597,-35.236,0.84931,0.05178,33.388,0.11348,45.737,0.06014,0.74468,14.828,0.81710,0.06800,2.366,20.214
1,1,-0.942,0.87578,0.03727,0.89951,19.558,0.89210,-35.863,14.96,0,0.95031,20.38,0.87021,-37.111,-31.026,0.01151,0.83851,-0.06211,0.85714,0.02484,0.84182,9.376,2.143,0.01749,-31.197,-0.04348,35.932,2.217,0.81988,-43.43,0.80757,0.02308,0.80088,0.02441
1,1,0,0.97513,0.00710,0.98579,-41.258,1,0.01954,-40.806,0.01599,15.588,26.876,12.234,0.03552,1,0.03730,0.97869,0.02131,-18.182,36.875,0.97158,20.195,0.94494,0.05506,0.98401,-16.748,0.97540,-39.915,0.94849,-45.233,0.99112,0.06217,-28.817,13.501
1,30.687,46.433,1,21.748,1,0.01105,1,-23.316,0.99448,-0.01436,-34.621,-0.00221,0.98343,0.02320,3.061,0.00884,0.97569,0.00773,-28.695,0.01657,0.98011,0.00663,0.98122,-8.508,34.46,-0.00663,14.869,0.01600,12.551,0.01547,0.98564,10.322,1.768,0.02762
1,1,0,1,-0.01342,31.876,0.01566,1,40.16,34.691,0.06264,0.97763,0.04474,0.95973,0.02908,14.168,12.506,0.98881,0.03356,-40.218,0.03579,0.99776,11.852,44.368,7.539,1,15.902,-38.702,6.378,0.99105,0.08501,1,0.10067,30.073,0.10067
1,1,17.513,-18.401,0.36724,0.67123,0.67382,0.39613,0.86399,0.02424,17.651,-0.35148,47.427,-0.60316,0.58842,-0.78658,0.38778,-0.83285,-0.00642,-0.69318,-10.53,-0.52504,4.046,-22.073,-0.68126,-48.055,-0.69774,0.26028,14.551,0.44569,3.115,-45.506,-0.21542,11.031,-12.916
1,1,0,-4.665,0.41786,-43.838,0.75725,0.30440,6.618,-0.20449,20.696,-0.55483,9.752,-2.092,0.50949,-0.96986,0.10345,-0.91456,-0.31412,11.723,-0.65461,-0.32354,-9.703,0.05865,-0.94172,0.44483,39.529,-20.315,-25.535,0.89415,-0.18725,0.87893,0.20359,-0.755,29.334
1,1,0,-34.018,37.064,-28.281,0.29308,0.14020,0.74485,-0.25131,35.403,20.435,0.26664,-25.732,0.24865,-0.97650,-0.00337,-0.23227,28.968,-0.30522,-0.48886,-0.14426,-0.89991,-41.998,-0.28916,35.252,-0.18560,0.39599,38.203,-20.088,0.05614,0.21443,43.496,-4.886,0.26422
1,1,0,-39.322,42.223,0.44681,0.74804,26.414,37.604,-0.32027,0.82139,-14.293,-14.912,-0.84211,-23.213,-0.82811,36.352,-0.47032,-23.245,27.467,-18.138,0.23292,-0.76316,-46.977,-0.52128,0.74300,-0.18645,0.74758,-45.501,0.45185,0.59071,0.20549,0.76764,-0.18533,0.74356
1,21.143,6.356,-12.795,0.05725,-6.31,0.25191,-44.607,-46.188,-16.308,-0.18321,-0.41985,0.06107,-4.972,33.25,-0.16412,-0.30534,-0.10305,-47.744,0.18702,-0.17557,0.34012,-0.11953,11.751,-35.298,0.21645,0.24692,0.03913,24.028,-0.03817,0.26336,-0.16794,0.16794,-0.30153,-0.33588
1,1,0,0.98002,0.00075,1,40.728,0.98982,-0.00075,0.94721,0.02394,-44.259,17.253,0.97888,0.03073,0.99170,0.02338,0.93929,38.185,0.93552,0.05279,-2.011,-28.398,12.147,18.165,2.548,16.389,0.96709,1.808,6.418,0.08088,-28.748,0.08126,0.97247,0.08616
1,1,0,0.82254,32.982,0.80462,0.00231,0.87514,-0.01214,0.86821,23.265,-17.664,-0.11734,0.84624,0.05029,0.83121,-0.07399,0.74798,-17.452,0.78324,1.685,0.86763,1.074,0.78844,24.894,-30.279,-37.105,-20.901,-0.02731,0.74046,10.286,39.75,-0.04220,46.963,0.01214
1,1,0,2.767,-36.358,-45.322,-0.02423,-29.823,-0.03574,-29.671,-0.06119,0.61836,15.374,0.62099,-0.06527,0.59361,-0.07289,0.42271,-0.26409,0.58213,0.04992,-8.731,-46.269,39.635,-0.08989,-1.037,-0.00564,0.39146,-0.09038,0.35588,-31.51,-28.803,9.916,0.28943,-0.08300
1,1,0,0.76046,0.01092,0.86335,30.93,42.408,-49.268,14.426,0.02304,0.81504,0.12068,-34.184,0.00744,0.81815,-21.562,0.82777,43.179,-5.954,0.03881,12.037,0.01148,47.215,0.01232,0.77138,-0.00303,28.658,0.01375,0.66161,0.00849,0.66298,-37.583,-10.251,0.01525
1,1,6.842,0.66667,10.363,0.97404,0.06831,-2.236,22.275,0.75683,-48.705,0.65164,-0.14071,0.40164,-32.019,0.39208,-21.094,-2.673,0.31831,-17.5,22.277,0.47541,-0.44945,-1.763,0.00683,0.60656,0.06967,0.68656,0.17088,0.87568,-3.62,-16.59,0.24590,0.13934,0.48087
1,-42.763,0,0.83508,35.768,0.73739,-15.916,-33.556,-0.05567,25.38,-41.033,0.89391,0.13130,0.81197,0.06723,0.79307,-0.08929,26.351,-0.02101,0.96639,-43.14,0.87605,0.01155,-14.086,-24.853,0.95378,23.945,0.83479,0.00123,1,9.661,0.86660,-0.10714,-42.022,-0.04307
1,1,0,4.864,0.00419,0.95183,-0.02723,0.93438,38.361,2.727,0.01606,0.96510,32.741,0.94171,21.326,0.94625,-24.023,-5.944,0.00140,0.94834,45.303,0.92670,-18.399,20.615,11.023,0.94520,0.01361,0.93522,0.04925,-20.696,0.08168,0.94066,-0.00035,0.91483,-21.247
1,1,0,0.94701,-0.00034,38.864,-0.03227,-24.24,42.942,6.307,-8.231,45.661,-36.294,0.92595,34.942,0.93954,-0.01461,0.94837,16.204,0.93784,0.01393,0.91406,0.07677,0.89470,32.24,0.93988,0.03193,-10.112,37.474,0.92120,0.02242,0.92459,0.00442,30.318,-0.00577
1,1,-8.371,0.90608,-0.01657,0.98122,-0.01989,-30.408,-0.03646,0.85746,-4.052,0.89724,-26.584,0.89061,-0.01436,35.552,-0.04530,0.91381,-0.718,0.80773,-0.12928,28.639,0.01215,0.92155,-0.02320,-23.566,-37.658,-1.497,-0.07760,0.82983,-5.635,33.519,-23.334,0.87403,-0.16243
1,-9.778,0,0.84710,0.13533,-36.979,-0.06151,0.87873,19.816,0.88928,-0.09139,-21.971,0.06678,47.156,-0.00351,0.79262,-0.01054,-9.209,20.381,0.87170,-25.145,0.81722,-10.693,0.71002,0.04394,18.998,-37.403,0.81147,-0.04822,0.78207,-0.00703,30.579,-0.06678,2.302,-0.06151
