1,1,6.225,-36.785,35.476,-36.716,8.777,-28.209,41.093,-1.08,7.096,44.276,-20.267,40.608,-16.0,49.68,28.853,-5.255,-5.781,-32.906,20.536,-2.28,15.946,-10.622,13.346,28.789,-14.443,27.286,2.125,-9.204,-15.031,17.727,12.335,32.431,-7.114
0,18.47,20.13,-19.684,-5.935,-9.464,-21.209,-38.386,13.427,-18.916,14.576,22.549,-0.67743,17.083,-33.387,-47.566,-41.841,37.037,-46.434,-22.027,36.496,22.545,-44.101,-43.238,-11.818,-34.267,39.215,36.753,-8.571,17.204,-22.56,28.332,-39.92,-46.408,-42.537
1,38.205,-37.141,-1.101,-22.866,-10.718,31.501,-25.493,0.536,-48.635,25.851,-40.832,3.316,48.637,48.953,29.092,-24.086,-21.639,4.523,-18.136,16.413,32.725,-40.29,-40.343,5.454,-26.288,43.537,0.58984,24.874,10.748,3.423,48.502,-28.224,-25.813,-2.247
0,-35.929,41.524,-40.121,46.316,-6.005,7.326,-13.311,23.139,32.373,-36.259,-40.445,18.08,31.043,-6.61,-47.563,21.253,23.094,-38.733,2.28,7.745,31.427,-47.414,-25.823,-45.995,-24.432,22.626,-29.442,48.764,33.246,-39.724,-13.654,1,34.073,-42.968
1,10.398,44.357,8.479,41.664,-25.413,2.32,7.734,22.926,46.113,-48.958,41.554,41.673,-16.349,31.838,-36.041,30.19,0.121,47.102,22.228,46.393,34.37,-0.35575,-18.258,-43.399,20.522,40.635,46.587,11.897,48.589,12.145,-33.376,-46.001,7.976,-0.636
0,8.483,-28.679,-27.83,7.72,12.354,43.951,-48.714,32.741,5.112,-28.296,-16.45,24.782,25.662,37.898,28.526,0.534,-46.127,48.758,47.618,-7.507,6.374,8.553,-4.997,48.913,9.535,-15.216,39.801,-40.402,-19.408,31.518,19.321,0,47.451,-37.893
1,34.529,0.741,41.421,-34.214,37.018,-7.943,0.92806,-4.14,-46.996,37.957,-17.391,-12.808,-25.289,-38.951,-19.385,21.722,-38.332,-16.022,16.036,29.733,4.265,-39.382,13.784,14.167,7.095,-13.301,-40.862,-36.437,4.863,21.116,3.859,3.993,-41.58,-40.825
0,30.278,20.543,27.692,46.184,-9.431,16.906,-1.383,-41.974,-32.91,3.043,-16.626,34.445,6.25,-8.32,-43.458,21.415,-22.768,24.178,-18.774,29.446,-45.362,3.906,14.479,-12.712,-46.066,2.375,-44.425,2.177,0,-31.38,10.601,-10.604,4.076,24.429
1,20.87,39.423,-43.109,35.53,7.891,-22.943,10.327,-32.479,-31.491,-24.039,10.109,-45.476,-19.404,-15.913,44.279,5.944,-45.224,-24.117,-0.709,31.566,39.875,18.665,-29.289,-26.797,4.077,38.19,0.57577,-36.057,2.389,20.842,13.979,7.273,-16.125,-43.584
0,1,7.486,-7.249,39.165,45.093,0.387,11.801,-39.849,-4.33,-18.239,-41.894,-41.481,-27.141,28.087,-33.375,-33.681,35.819,0.032,45.435,-22.725,28.117,-0.041,-34.532,43.574,-1.683,31.803,9.788,-22.716,-41.314,-14.202,25.767,-17.188,-36.397,35.447
1,-26.676,33.359,14.402,28.827,-27.526,-18.207,38.701,-11.022,21.153,-33.027,39.138,25.707,-41.541,17.584,-31.83,-23.406,15.462,32.466,0.69876,-5.982,-17.905,0.662,-34.556,15.289,-36.334,-37.87,44.914,-43.129,25.348,7.871,-28.442,-43.785,-10.245,7.176
0,-17.839,44.091,-40.476,-30.259,1.818,-3.587,1,-43.92,-33.31,3.568,5.714,22.691,-48.748,-5.185,47.169,-29.019,-31.939,-34.811,49.97,34.063,-17.022,-36.202,-34.536,22.753,-42.483,-24.443,23.832,-0.494,44.438,-8.98,43.057,-9.345,12.287,41.758
1,-16.874,-39.897,-26.215,47.336,-38.155,2.134,-21.612,24.279,-43.539,32.101,34.892,31.994,-19.186,-31.246,3.763,1.217,-29.758,15.285,-28.116,29.688,33.164,-27.461,-28.244,4.685,-30.638,37.169,-16.529,-31.513,27.586,6.377,-2.353,19.358,24.944,-0.67226
0,-36.522,-15.19,44.238,-23.879,-9.317,18.52,-21.529,-47.555,-9.136,41.141,-18.333,2.617,28.295,7.618,29.014,32.577,-10.536,-45.987,26.171,12.214,-43.833,2.787,12.422,3.856,5.526,20.896,15.709,37.393,1,4.089,13.517,0.354,-40.949,-11.805
1,13.849,-31.259,9.288,36.284,-43.879,23.368,-47.185,45.454,-41.671,-13.54,-3.415,-21.514,-37.696,2.515,23.585,-25.307,-42.929,-34.432,-47.669,36.218,-25.426,-31.645,28.17,45.016,1,32.709,-31.045,-48.682,28.169,22.974,-4.811,-10.693,10.113,-32.45
0,-42.486,-9.014,34.277,-32.627,-22.422,-3.197,-9.114,5.285,-41.052,-15.738,33.257,48.02,-8.311,-34.561,7.429,-6.772,-47.138,-20.759,-0.301,-1,35.318,13.54,19.744,47.904,20.787,-48.582,45.242,27.46,-47.743,2.623,-14.269,17.286,24.854,2.84
1,7.713,-32.977,36.884,43.748,25.836,31.495,0.79,-40.576,-0.835,-37.699,1.566,9.911,35.622,38.971,-33.119,39.737,-33.89,45.015,-21.457,49.034,-32.947,-34.188,18.795,37.49,48.369,3.969,-1.241,-32.981,4.748,0.15379,-41.33,-35.606,-13.823,25.007
0,43.871,26.036,-12.056,-47.983,-17.15,-35.708,-29.632,-47.116,6.369,4.05,43.877,-9.87,-31.908,-35.376,15.221,40.549,39.978,-1,-38.086,21.631,25.551,-43.417,-28.325,-48.32,32.888,27.443,-39.073,1.638,35.451,13.288,-27.416,-37.707,30.915,44.06
1,0.091,-1.334,-13.261,11.579,32.444,33.622,49.116,-8.366,-14.623,-10.35,18.946,17.511,28.264,41.915,-12.246,3.793,-23.879,-37.323,-47.613,-37.799,10.225,7.271,-19.575,1.234,14.633,11.688,21.81,13.24,-3.819,13.805,37.974,9.157,-29.457,0.33036
0,-2.08,-11.46,-5.661,-1,35.535,-5.395,-9.417,43.424,-32.489,18.304,50.075,-7.099,13.101,-36.78,-14.69,-20.847,5.225,17.242,-36.568,21.857,11.879,9.754,27.875,29.797,-11.991,-14.55,15.363,42.47,-1.85,1.587,-28.042,33.245,41.01,29.221
1,1,-10.395,23.04,-46.276,-44.812,-39.956,18.47,14.545,37.958,37.39,40.48,-47.16,-19.684,-6.141,18.394,47.741,-41.591,16.419,-39.912,-43.993,-7.47,-38.718,21.091,-41.335,37.801,-20.32,-31.863,-22.781,-21.686,-43.44,23.481,-12.124,29.242,-34.514
0,-49.524,43.94,-1.101,11.317,25.095,4.659,28.546,32.016,2.597,30.043,47.783,-1.865,-41.562,-22.832,-38.141,-19.891,33.397,2.263,15.499,49.945,-23.477,-26.982,25.839,-26.863,37.205,-26.493,-25.373,4.575,-41.015,-23.089,30.497,1,-0.343,33.127
1,-13.023,-39.523,7.286,-6.539,33.373,18.123,-45.563,-41.028,-35.484,-48.465,25.031,32.272,42.119,-38.401,-45.12,-43.869,9.055,-29.956,-25.071,22.5,42.184,21.028,-6.364,-36.988,0.55677,46.69,48.345,3.258,22.215,-36.271,-39.932,-13.911,-24.911,23.156
0,0.021,0,20.777,32.845,46.454,48.565,20.489,2.255,-46.406,42.026,13.429,13.767,8.022,7.479,6.813,12.454,42.876,40.688,-49.794,46.341,10.398,48.32,-33.319,34.31,-1.409,-43.87,7.356,23.845,-15.913,45.357,29.465,-17.281,-26.354,46.571
1,-11.329,7.726,-26.853,31.449,29.572,-15.172,40.833,-41.493,48.734,-28.38,-45.124,8.399,-39.649,9.448,33.793,7.417,20.013,-28.753,48.109,25.459,45.019,-0.31558,1.498,-18.505,-15.639,-38.361,-4.287,-19.622,-47.976,-7.839,5.508,48.641,38.54,48.465
0,41.445,36.072,-14.341,-11.907,-39.015,-39.912,4.902,12.465,-39.974,-8.735,39.231,13.965,22.94,-27.071,5.806,14.657,-34.612,-16.626,4.902,-39.617,28.692,29.842,5.817,-1,-2.857,-35.108,-37.444,-41.998,-46.855,-21.131,23.337,32.529,7.867,-0.259
1,-46.066,3.043,-16.774,46.097,-1.383,3.733,31.312,16.088,14.476,-12.102,25.384,-43.872,36.33,-0.31736,-44.545,-33.144,1.987,0.753,-45.24,-32.38,7.153,-23.657,30.901,-9.105,-43.519,8.772,23.659,19.004,-11.198,19.646,4.406,13.558,21.281,-10.431
0,0,-1.554,-33.491,18.271,-16.514,32.226,-27.155,-28.985,7.408,-20.724,-23.677,-35.359,-22.799,2.134,-15.506,39.423,44.574,-24.765,27.117,-47.207,7.891,38.121,8.001,38.845,36.602,2.226,-46.04,44.375,8.327,-43.85,21.482,-32.266,8.183,-13.202
1,0.882,-17.971,-6.231,0.043,45.797,-41.263,-9.749,-1.668,46.075,10.227,-33.067,7.965,37.191,-41.913,-26.141,-16.722,-35.315,40.078,32.817,-38.898,-33.532,36.067,17.074,-21.946,-3.528,1.387,26.44,-40.1,0.74822,-21.693,-32.395,-40.314,12.326,29.087
0,-36.893,8.068,-29.752,32.131,38.701,1,21.153,43.442,0.425,-17.023,39.138,-11.474,27.76,-36.187,-42.264,33.359,-27.526,-17.611,-23.816,-6.272,15.57,12.402,-48.748,23.945,-35.979,9.708,-41.894,-35.518,23.832,-28.676,17.103,-31.738,-31.595,25.121
1,1,-32.939,35.999,33.81,45.091,4.551,-33.31,-8.582,12.287,0.743,-36.202,-2.837,-5.185,45.908,43.758,43.218,-17.839,41.671,-43.539,-30.179,49.97,-8.336,24.103,-18.618,-42.483,-41.952,-41.932,-0.363,22.753,-28.778,3.825,2.448,-23.034,-36.381
0,27.929,2.236,-28.017,46.499,33.294,-30.479,25.431,0.561,1,23.297,16.566,-4.041,38.64,41.244,-38.897,31.303,-26.215,8.54,-16.874,-31.785,-29.703,-16.291,31.122,3.753,-22.612,-20.143,6.198,-38.155,-28.074,19.212,-29.948,8.065,33.345,-25.988
1,-47.669,-47.156,28.178,-22.53,0.403,-11.728,-44.066,18.133,37.917,-19.503,4.117,-23.33,12.275,20.752,14.035,2.27,-43.644,-44.265,-9.565,-33.387,-14.485,-10.608,13.178,-42.45,33.338,-12.017,-36.954,24.624,0.50179,3.927,2.736,14.135,43.66,27.434
0,-31.093,-13.628,-20.998,-48.211,-38.283,-26.657,45.579,-34.632,-7.314,-49.151,-24.435,32.4,-31.455,-41.671,23.325,44.51,23.407,-0.17863,13.657,35.664,8.854,-10.09,27.69,36.265,8.943,-4.619,3.242,-15.151,-5.173,26.994,-30.398,22.461,-45.111,32.768
1,-2.464,17.054,45.844,48.861,-20.072,35.595,-34.931,24.271,-0.301,-42.334,9.429,3.336,-33.761,20.824,3.609,-6.283,3.623,-23.029,-8.014,0.26590,-45.798,-47.762,-14.343,-50.417,7.285,32.968,-30.687,47.788,-8.079,-43.597,14.54,0.346,20.744,26.617
0,1,34.728,-32.315,-15.532,36.887,44.683,-32.763,-41.274,39.676,-16.554,-1.036,46.556,-33.061,44.01,49.948,10.567,-22.142,7.423,1.573,25.668,-32.117,15.074,-41.101,30.507,40.685,-36.869,38.345,24.751,-0.836,17.596,-33.778,-33.654,4.957,-36.359
1,-23.463,-26.416,-41.417,8.904,-11.056,7.357,-31.908,29.886,-39.073,2.568,-36.108,-10.932,-29.632,2.984,-33.403,44.798,13.214,-34.845,27.385,44.917,-26.329,20.488,40.497,-48.251,25.445,40.769,-47.092,13.965,0.85644,43.685,26.874,33.687,-48.482,36.243
0,29.235,1.008,8.058,10.686,-29.457,12.552,-37.504,41.772,-2.85,37.567,-5.253,10.553,17.389,33.572,0,48.544,1.587,-19.089,0.091,-12.931,-11.69,-12.032,26.643,-0.334,-13.711,-39.211,12.451,13.994,17.31,22.348,-7.554,32.778,-47.757,3.683
1,1,28.221,14.732,-20.804,36.477,-37.757,44.371,40.064,-18.98,-6.086,27.794,-33.425,17.17,39.601,42.391,17.366,-10.102,-11.333,15.201,21.002,49.885,-9.298,-13.92,-28.9,-4.638,-40.753,-1.344,32.377,6.888,13.032,-14.841,8.861,-36.916,-6.547
0,-33.064,-10.395,17.738,36.983,-45.274,37.031,-44.836,-5.675,-20.067,21.676,15.532,20.242,-42.173,22.577,-21.538,-40.636,48.667,17.622,-37.278,-7.977,-42.99,-42.349,29.1,17.559,3.807,37.66,-11.23,0.16019,28.981,-46.895,-22.449,-39.711,-21.444,-31.69
1,-44.995,-1.865,-21.477,-37.076,-1.101,0.20746,-26.982,31.759,49.876,31.365,4.465,44.33,37.96,-26.362,1.453,-25.97,6.234,17.106,-48.948,-18.261,5.137,25.767,26.244,32.705,32.471,35.118,-46.286,11.041,-41.369,-23.382,-39.901,-25.647,47.853,-37.625
0,4.28,-14.023,11.429,-44.968,-39.445,33.373,-12.911,22.409,23.158,24.139,-37.385,42.524,-24.432,48.764,21.287,20.719,5.326,-34.319,41.776,-42.121,47.767,17.08,7.29,1,31.246,-26.823,-35.259,-37.929,40.286,-49.414,-38.523,-28.959,-6.61,-7.005
1,-47.707,12.767,-25.445,46.542,0.457,-16.744,47.571,6.979,-28.127,45.038,10.1,25.212,32.008,47.747,41.602,2.716,0.51067,45.837,8.339,-48.664,-42.492,8.024,-17.969,31.023,0.269,49.13,-45.219,22.343,20.615,6.917,41.945,34.861,12.575,40.511
0,49.904,4.817,30.868,-0.311,8.726,-37.184,-45.124,-20.33,-39.494,-0.23393,-4.012,-37.655,-6.453,18.944,-11.329,43.07,33.859,8.655,26.662,3.965,-27.363,48.826,27.729,-17.189,47.989,-15.631,-26.853,8.483,-14.201,46.734,10.5,-42.442,38.898,-48.855
1,-33.108,-12.485,0.99025,-38.97,-37.446,22.207,21.529,0.547,-2.863,21.682,-6.807,15.356,39.157,-8.699,-14.443,27.254,17.755,39.924,-40.1,32.958,-19.341,35.474,4.649,14.319,7.55,-26.756,-40.346,3.17,-35.002,4.053,-39.468,12.662,30.962,-16.459
0,0,-23.677,30.278,-43.458,-47.066,-2.383,4.076,-32.91,-14.506,10.601,-30.38,25.429,-26.155,21.415,35.445,30.446,-45.737,-12.604,13.479,0.375,3.906,1.177,46.184,3.043,22.178,-18.774,-24.768,-13.712,-10.431,14.528,7.25,19.87,-44.073,-45.425
1,1,-32.491,33.226,19.234,9.001,43.5,40.117,28.006,-44.042,-23.045,-34.37,-7.369,1.354,35.385,-29.032,-1.805,7.321,8.839,-19.443,-43.171,4.126,21.135,-15.635,8.951,-45.345,6.461,40.255,-14.633,-22.95,42.949,39.624,1.655,-22.048,-32.768
0,-17.023,28.087,45.743,-22.72,30.817,-32.777,-34.896,-39.492,-0.842,-18.063,26.601,-34.1,44.803,-41.319,6.937,-17.817,12.72,38.787,-40.1,-33.1,-41.734,-11.063,8.843,-26.767,0.721,15.627,36.713,-36.896,1,-0.654,-4.541,35.271,-42.565,38.12
1,-9.474,38.138,-41.912,33.368,9.689,-28.058,1.794,20.096,-26.716,-22.886,19.093,-42.965,23.779,-37.09,-35.959,13.275,-34.244,-18.727,-4.475,24.753,29.643,-49.922,-33.655,25.934,-41.379,14.373,-31.919,32.92,2.21,-0.23864,45.211,-28.983,8.811,-28.765
0,1,-34.31,44.091,48.97,-36.202,-17.504,5.198,42.057,-43.373,-8.98,34.999,-8.345,46.169,23.103,-42.476,42.534,-39.713,-0.7,3.595,3.837,-44.539,-6.185,16.1,-23.678,-3.49,43.886,-34.536,-19.839,-30.717,22.568,4.714,33.952,-32.939,11.287
1,-25.988,2.236,0.311,32.12,-30.266,37.669,-26.281,-17.293,-16.994,24.568,-2.229,4.736,-30.063,27.479,-30.012,-20.718,33.044,-0.29520,33.212,24.096,8.065,2.561,-31.013,29.959,20.904,47.471,8.474,-29.029,-21.996,-29.397,-9.292,-42.206,42.195,-39.911
0,-10.317,-19.333,33.725,3.629,-36.522,-23.384,3.232,25.171,11.422,43.238,-10.536,-14.19,19.298,-43.451,1.311,-24.012,3.265,13.709,11.517,-10.617,0,37.034,-31.917,-45.987,14.214,27.014,28.295,-47.669,-32.259,20.067,4.526,-47.156,-34.537,-43.929
1,-7.311,-25.435,-20.711,46.51,36.947,-48.049,24.244,-3.415,-15.008,-41.671,7.456,28.213,26.17,-12.628,-33.093,23.213,-49.185,35.632,-33.045,44.178,32.768,-39.696,-11.546,11.849,-43.979,-2.301,-41.052,21.585,48.904,-6.811,33.509,8.766,-25.426,0.34845
0,25.854,-3.464,16.375,-16.269,-34.117,-22.422,21.949,-42.852,-31.651,-7.429,34.318,7.429,-33.561,-34.766,-46.856,26.195,-50.504,-8.079,32.345,7.285,3.623,-47.761,18.744,-21.795,32.631,3.84,-8.014,2.835,-35.061,48.02,12.54,0.812,45.844,0.33611
1,25.836,-36.707,-36.766,-34.295,-32.788,17.902,44.655,-22.403,49.909,47.49,-33.831,34.741,-33.352,-1.964,-15.204,24.692,15.218,6.39,45.808,9.474,-41.187,0.3,-39.699,38.569,40.548,3.549,40.557,-33.323,36.808,-37.393,-1.196,36.955,-13.711,-0.41173
0,-46.983,-26.416,-24.38,25.829,6.369,22.348,-11.87,-48.32,-47.038,14.616,-40.895,2.011,-1,-31.632,42.871,-11.056,24.523,45.651,-35.129,11.867,2.303,19.631,39.978,44.409,-28.325,26.681,30.915,32.888,35.451,-33.297,-49.116,2.683,-43.417,9.514
1,-12.931,-38.211,10.686,48.521,32.778,17.259,-9.69,-4.32,7.225,-13.12,38.567,18.872,12.553,26.748,2.008,41.627,-36.504,27.967,12.451,17.213,13.988,-20.279,14.508,-3.051,34.572,6.135,-29.584,-14.929,30.064,2.363,-0.125,-1.562,0.73992,-8.784
0,-39.857,-33.489,-6.395,44.424,-13.69,34.535,-10.417,29.221,-2.08,-6.661,-9.991,9.754,-12.46,-37.756,-18.916,17.242,-16.55,-35.064,-39.866,-30.042,-7.099,31.245,40.48,13.879,21.857,13.363,41.01,38.496,50.075,14.82,41.47,-20.847,-1,-38.78
1,17.738,-22.444,-10.718,14.679,-44.866,-43.574,-42.058,-38.145,-19.684,-32.709,23.625,-26.422,4.22,17.541,18.419,20.243,26.004,28.747,-21.391,-46.108,23.037,-22.334,48.805,37.146,-39.86,28.723,-21.948,37.194,-46.164,-5.521,-9.612,-42.217,-7.552,0.31166
0,-24.432,-2.101,-46.391,9.317,47.945,-36.141,0,0.657,-45.995,34.397,-50.524,33.016,-27.982,-41.562,30.429,-19.568,9.095,-37.978,44.459,-26.719,4.659,-26.373,30.497,36.934,-2.713,-39.053,17.499,48.783,2.597,32.804,-24.089,5.575,25.839,-41.121
1,-39.445,-18.281,-32.319,-36.288,22.719,-13.901,33.246,23.384,-28.972,-13.819,-47.464,41.716,-24.893,-43.725,18.972,-6.326,47.623,-39.256,0.857,3.611,47.405,-35.942,24.887,-6.609,33.135,42.035,21.792,22.981,48.392,12.889,6.893,-36.459,0.54252,41.795
0,13.454,12.767,41.043,-49.15,-42.87,21.777,31.845,47.32,30.465,48.565,46.454,-26.354,-0.409,-16.913,41.999,44.791,34.539,10.226,-44.406,6.39,7.479,6.356,39.917,43.357,28.466,47.567,25.845,-0.76667,19.489,8.211,-28.679,37.898,3.255,-48.98
1,1.689,-12.329,-15.488,49.028,-37.623,-18.025,-14.255,7.817,-39.577,-27.627,33.773,-18.959,10.342,8.195,32.321,5.31,5.75,0.48311,-37.362,-45.554,4.467,44.651,-27.807,16.304,49.387,9.068,5.24,26.354,-41.085,-47.094,-7.114,48.12,19.542,-4.225
0,22.94,-34.108,-38.274,1.741,13.673,26.692,24.178,17.906,31.347,33.838,3.233,-39.974,-40.074,-11.897,20.56,-3.806,-16.142,21.337,-8.177,6.834,-7.408,-0.43860,-12.604,-44.362,41.254,-36.612,39.231,-41.06,-14.341,-37.444,-25.865,35.072,15.965,-19.131
1,1,9.601,31.278,-33.324,2.375,4.667,2.047,-23.491,-42.458,-2.482,31.384,-15.026,6.905,14.318,-46.066,6.9,22.391,-9.933,20.67,-45.67,-25.275,-23.959,36.602,24.306,-16.838,-43.966,3.972,4.004,47.184,35.171,-30.94,-12.514,14.042,2.08
0,-44.04,-20.349,-6.383,0.493,-41.85,-23.373,0.882,-2.554,-29.316,-22.862,-13.202,39.115,-15.514,44.18,20.271,-1.18,40.423,9.354,-31.907,8.753,22.482,45.432,29.008,6.674,8.911,31.893,1,39.281,43.752,-22.819,4.226,-35.135,-31.266,-45.833
1,1,7.486,-3.445,16.375,-32.039,14.595,32.817,35.144,38.701,0.003,-35.327,-33.734,-9.749,-22.638,27.121,25.645,-38.891,-18.217,45.937,36.104,29.087,-42.462,40.249,-34.259,-40.314,9.191,-26.177,-32.617,-17.156,-40.866,12.747,37.918,-40.633,-17.502
0,-36.979,-28.526,-48.748,-19.839,-27.752,7.068,34.359,19.153,-35.893,-23.816,14.402,45.442,34.131,1.133,25.945,-19.611,4.206,-4.272,-41.894,9.708,-41.264,-31.738,23.832,-0.182,19.103,-35.518,-34.187,-11.474,-26.676,-27.363,1.425,-42.92,1,27.76
1,-31.939,37.64,47.169,16.244,44.251,-34.716,49.401,43.758,44.297,-5.379,2.387,6.198,-30.509,35.769,-38.202,11.69,-18.412,33.366,-44.462,-41.904,3.983,-45.302,-24.411,-3.562,-19.73,20.753,-38.738,-9.278,42.314,22.103,-7.045,-34.662,31.11,0.03446
0,12.422,0,25.297,-22.012,38.034,-4.041,5.753,0.561,8.54,21.004,33.303,33.294,-40.949,-29.948,33.345,25.929,8.065,-21.612,-28.017,3.236,42.262,25.431,48.499,-26.215,-16.291,-25.988,-29.703,-30.429,-0.531,-17.874,-9.136,-40.897,-28.074,-32.479
1,26.171,2.265,-30.259,-22.349,-33.537,32.692,-43.451,27.565,-10.617,0.25068,-10.536,14.996,-31.917,13.6,-14.19,33.041,-47.669,28.671,-9.317,8.826,-46.156,21.679,-42.929,5.12,-4.915,2.995,-18.438,43.952,-36.666,3.301,19.041,13.373,-44.272,3.99
0,0,-32.045,28.213,-14.628,-41.052,-20.711,-26.435,-2.301,-41.671,43.599,-49.504,-8.311,23.334,-48.185,8.113,34.768,-3.415,26.17,-13.738,34.947,-27.176,-37.696,48.904,11.849,37.21,21.585,-48.049,-45.879,-12.018,-33.093,44.844,22.488,46.51,19.949
1,-0.796,-9.079,-30.726,-20.709,36.286,-8.821,-14.309,-32.843,-46.762,3.191,20.673,-43.023,-33.698,14.065,0.64,-2.876,27.927,0.69065,-13.842,33.551,-22.877,32.195,8.912,-35.004,6.691,25.601,2.957,-33.223,-6.18,17.915,-46.624,49.888,3.926,7.576
0,1,-37.086,-26.631,35.117,-32.977,-2.036,35.558,40.383,-33.763,3.957,-34.778,39.549,-16.15,37.345,41.184,9.591,45.114,-22.123,25.301,-36.941,38.867,-36.707,14.221,0.573,49.682,-34.033,25.649,-39.966,43.683,-34.376,17.959,7.369,47.556,-42.101
1,1,-4.253,22.348,2.689,-31.908,45.168,-33.708,-30.437,-46.757,26.727,-9.87,3.398,-23.463,-26.033,-47.037,30.344,45.768,21.134,-39.314,25.139,-48.514,26.636,42.568,14.772,-47.449,-10.051,-41.823,12.982,9.395,44.597,34.359,4.4,36.785,-11.304
0,9.686,27.643,-37.211,27.875,-20.089,2.587,18.304,6.058,19.31,16.389,14.82,-13.711,-12.032,0.091,34.572,5.225,-7.554,38.567,12.553,-1.85,49.544,-2.334,10.451,11.994,32.778,-1,2.008,12.552,-1.08,-29.457,-37.504,28.221,30.235,-14.931
1,23.04,43.424,-10.46,-33.448,-36.568,-33.944,-13.69,-5.937,-39.866,40.29,21.844,41.779,-14.623,-6.285,15.274,13.277,-36.961,-28.582,36.321,37.966,-4.601,32.807,-20.144,-10.41,-19.245,-39.26,-8.828,9.364,23.216,-42.448,49.528,0.63636,16.647,40.107
0,3.263,-22.477,-25.493,-10.718,-45.27,-1,11.317,26.095,-21.832,-9.395,-31.69,-19.684,-42.648,37.982,-41.512,-21.358,21.13,16.47,13.621,18.394,-9.387,-25.863,-39.278,37.958,17.738,46.898,-44.812,-23.089,-23.444,29.498,27.546,-6.746,-48.05,-39.777
1,42.524,-41.121,33.127,21.349,-24.432,-41.076,26.839,5.389,38.205,-37.34,32.043,-48.524,32.497,35.397,-45.563,-45.224,-0.865,33.016,-39.445,4.597,-36.397,-17.891,17.395,44.94,49.591,-26.982,-39.632,48.783,0.765,1,-2.275,-25.373,4.761,9.29
0,-18.281,-29.959,-35.259,42.688,-35.385,-14.911,-6.005,23.553,11.429,-42.968,18.08,-25.823,33.373,42.286,-33.319,41.876,3.28,-36.929,-7.61,-47.414,31.246,48.764,47.767,24.158,7.813,23.139,1.021,22.719,47.571,13.767,-38.523,-15.023,5.326,1
1,-45.124,-19.33,45.357,6.29,-44.406,0.62937,3.255,20.584,32.845,41.229,31.465,6.479,9.022,46.914,-15.913,39.675,38.898,-0.36,-25.354,-49.409,10.398,28.306,-27.679,46.734,25.845,47.985,10.5,11.64,-47.707,-43.87,46.341,20.991,47.454,33.828
0,3.902,-5.012,49.904,-28.853,-37.013,-6.453,5.806,49.86,23.337,-27.363,5.965,32.511,-14.201,18.321,-37.617,-17.488,-34.612,-46.855,-11.329,-0.311,26.662,-17.189,16.657,8.726,33.859,-1,-40.442,48.452,8.483,-8.735,-39.494,9.516,5.817,43.07
1,5.076,-40.974,15.888,27.77,-33.181,-12.323,41.342,-38.666,-14.5,-7.968,0.78801,-39.593,6.957,23.647,-14.919,4.466,31.074,-19.489,13.977,-3.208,7.266,1.411,-40.656,21.226,38.467,-37.682,33.716,-10.865,36.169,-25.361,-45.335,3.814,21.9,17.601
0,20.87,14.479,-44.743,-23.85,-43.25,30.665,46.651,-17.446,24.687,39.704,-30.38,3.754,-32.899,10.046,13.539,-46.677,35.632,-12.301,6.997,-25.792,-15.463,21.722,-9.432,35.852,2.106,30.472,-32.309,-23.623,1.129,-43.355,1.329,-2.313,19.231,0.04586
1,-6.231,-35.359,-15.765,0.359,-23.108,-46.259,9.989,38.873,28.976,3.251,9.962,43.462,-21.977,-32.96,-44.31,32.278,-42.064,6.13,44.234,7.986,-40.313,-14.132,-1.208,-1.721,-29.331,-22.918,22.092,39.357,-22.264,-20.561,-31.901,44.657,0.56361,-0.088
0,15.57,-27.141,-34.141,-34.13,27.096,-17.928,-40.314,-3.445,7.844,39.403,13.947,28.218,36.806,36.88,32.395,-17.344,26.269,15.99,0.426,11.686,-16.773,-32.448,-35.483,-42.048,-36.508,-41.273,-10.255,9.728,45.418,35.041,-39.458,38.273,0.34411,33.258
1,29.76,46.169,-33.842,1.47,20.923,-18.945,0.907,-32.7,18.763,-28.571,34.004,8.719,-27.008,-37.032,44.159,22.809,1.588,-10.388,-34.568,-5.352,0.75849,-49.986,-17.872,24.798,8.917,44.291,-1.848,-28.077,-42.226,3.228,-42.056,-28.715,-22.084,-42.257
0,-28.017,23.103,43.485,33.902,-17.129,49.005,35.999,30.849,11.951,-34.369,-40.994,-43.651,0.81809,-35.441,-5.616,3.825,-7.476,42.275,-7.677,-23.934,-28.717,37.34,-31.953,43.091,5.286,-19.816,5.767,-37.055,1.984,-39.074,32.792,15.712,22.753,-43.539
1,5.753,-30.703,-39.32,2.22,24.701,-30.948,0.38431,-28.944,7.94,32.287,-17.309,32.435,-22.545,2.711,-26.689,26.874,-30.898,-30.913,-2.539,11.422,-9.677,-41.883,-21.804,-26.905,24.929,37.038,25.657,7.165,41.725,-0.448,-22.161,47.734,-16.859,20.176
0,33.509,-10.317,0.41932,-21.586,2.661,-44.326,-34.306,-32.638,2.229,-11.093,-19.288,43.6,-37.713,-5.475,8.155,3.505,-44.96,4.93,12.866,-43.801,-47.356,-11.566,-48.856,27.659,20.927,12.469,18.198,27.943,-16.19,31.725,-31.288,22.51,14.703,-42.734
1,21.949,44.844,45.482,-4.635,37.21,45.873,28.037,27.362,23.339,-25.376,-43.973,-13.671,13.701,-49.254,-31.266,-47.931,-38.004,48.483,-48.339,-0.91,-31.361,34.044,-7.311,-26.078,49.588,-46.241,-41.354,-34.029,-10.208,0.58584,36.377,24.043,-14.215,9.655
0,48.556,8.429,0.657,-20.881,-3.782,-32.492,27.105,32.255,14.346,31.553,-8.119,-22.325,16.87,25.494,2.423,-2.477,-32.26,-34.174,-22.642,-14.69,2.771,-8.571,-48.084,7.522,0.78932,-35.803,-14.56,19.491,4.614,0.432,6.071,-44.267,35.133,-7.028
1,-41.417,3.957,8.078,37.097,25.48,-34.263,45.356,-33.38,-34.126,-34.193,0.5,-40.331,40.263,-27.556,-36.582,10.212,-41.714,39.123,35.089,12.027,14.491,-37.605,41.51,43.645,49.261,-36.828,18.458,35.845,39.351,-48.027,-32.333,-2.288,25.392,-16.002
0,1,-30.632,-40.615,-10.721,33.234,45.611,-32.387,-24.603,-10.372,25.968,-11.849,26.291,45.533,30.005,37.015,24.396,3.847,-48.868,14.482,33.923,-25.911,-34.637,-48.395,8.283,22.348,-14.054,3.052,43.469,41.621,-48.004,20.655,-3.695,49.07,2.96
1,2.008,13.82,28.513,31.914,38.021,7.226,12.071,-2.085,29.761,-2.641,-36.98,13.386,-12.559,-8.602,36.09,9.725,3.403,6.001,18.735,12.951,13.229,-20.023,-13.65,-30.666,17.907,-1.366,28.146,-37.814,-0.563,-38.113,18.012,26.857,11.847,-0.03226
0,-28.042,-43.648,-10.669,-40.697,-9.417,36.982,-37.003,-6.592,-33.094,1,39.864,-38.862,32.22,22.572,14.858,-15.422,-34.091,21.809,39.5,23.526,41.368,43.812,15.817,-14.453,36.58,-10.184,-21.189,-42.175,-7.099,-4.701,-20.916,14.492,8.754,49.075
1,26.095,-22.444,38.106,-32.524,-45.019,10.691,-25.763,-21.853,17.097,20.86,-46.607,18.282,37.202,-37.403,16.803,-27.131,-11.844,-4.872,28.211,4.059,-10.861,-22.173,47.326,-23.551,-41.459,-45.871,-0.71844,-26.604,16.67,-8.275,-21.399,28.491,-43.189,-22.676
1,48.783,-37.141,-24.455,-46.373,-1.274,-39.983,47.485,44.527,8.77,21.95,3.911,-43.041,0.10289,7.265,30.91,-18.048,31.807,49.861,-42.084,1.452,31.334,31.992,-46.769,-26.038,-39.194,-40.943,33.564,25.825,4.751,-40.208,-2.538,-49.861,4.06,41.027
0,3.255,-13.911,-1,-26.823,7.479,23.158,45.849,-7.79,-17.676,0.35,23.139,47.35,-48.414,32.246,41.688,12.767,23.553,-36.652,46.936,21.084,-32.348,-37.259,2.28,-37.929,-38.523,-7.206,-15.023,40.876,40.286,-30.959,19.08,31.373,12.429,6.813
1,45.357,30.465,41.767,37.948,-44.615,-28.654,7.142,28.61,21.151,-26.254,34.988,12.765,0.75934,-19.256,47.201,24.93,-16.206,21.698,-42.234,39.833,0.292,-48.681,10.08,-48.585,19.991,48.719,10.141,31.981,47.977,8.198,49.502,47.881,-45.549,-4.861
0,5.965,-38.013,4.902,14.657,-7.735,-47.855,-34.833,31.866,9.325,48.003,0.27,-8.402,-12.329,-38.617,48.86,7.483,-11.765,29.697,-40.706,-28.966,4.806,44.07,31.695,-28.853,-19.189,21.337,-1,-39.444,-39.494,-16.201,8.726,-17.488,25.662,4.817
1,-39.974,-11.604,22.415,0.01709,41.407,33.497,28.692,6.833,-2.857,-8.371,-33.117,-41.069,37.064,14.875,5.076,0.584,-19.131,-45.567,22.923,6.132,2.177,3.717,-14.341,16.713,39.22,-45.583,14.43,22.975,-14.68,-39.083,-39.051,-26.297,21.413,2.81
0,24.429,-32.266,-31.38,35.445,19.87,-2.383,-9.431,14.479,35.602,6.891,3.906,-15.506,-35.359,30.446,-44.073,-23.677,-47.066,2.134,-43.458,-32.91,30.278,-23.768,46.184,1.375,-12.712,-26.155,40.121,8.601,8.001,6.408,-17.774,13.528,19.271,0
1,-45.207,43.574,44.332,-16.635,-22.313,-0.245,-0.591,-45.223,45.768,-27.056,-29.065,-22.704,-6.395,39.176,-13.202,-33.353,22.474,3.014,-19.362,27.907,-40.1,-23.071,33.158,38.45,1.387,-32.683,-40.426,-24.08,-42.035,9.09,-0.644,-36.634,9.879,-0.41573
0,1,-38.928,9.866,-18.29,36.191,45.696,48.832,-5.338,-39.564,-16.471,22.784,0.024,19.854,-10.516,-20.207,-46.513,23.682,34.707,43.07,-2.629,47.191,-38.553,4.208,-37.858,26.924,8.359,-23.059,-1.341,10.1,-35.674,47.88,31.116,10.987,11.801
1,-4.692,8.918,-29.926,-31.501,-38.236,45.977,-2.442,-35.897,50.663,18.177,-43.686,47.026,-33.429,-42.456,43.675,44.072,25.444,6.678,-16.879,-6.174,19.474,-0.23452,0.777,45.018,-20.567,-22.368,-1.174,-4.157,-39.22,-15.003,24.492,-50.401,-5.37,26.129
0,3.535,-2.364,-16.649,-49.918,-17.682,8.571,14.279,-16.475,18.596,1.075,11.73,37.124,45.292,-21.017,-25.026,31.307,19.399,22.547,37.088,7.81,-31.861,-10.834,-10.53,0,46.022,-39.511,28.408,-6.315,30.956,-0.402,-30.371,12.134,-20.989,-16.944
1,-29.742,13.976,-19.723,-31.513,5.396,-5.306,-28.658,-15.518,-43.235,-13.215,-1.979,15.224,-46.27,35.798,16.686,-5.693,-36.186,33.952,-20.44,26.284,-36.301,42.318,11.757,5.55,42.929,20.141,40.529,-45.486,11.706,22.079,30.045,3.897,15.698,-0.27794
0,36.058,-11.583,16.517,-47.419,4.153,-21.768,32.627,-47.461,-47.231,-34.745,32.062,40.292,-28.328,-13.51,6.857,39.936,-24.995,1.833,23.385,-33.782,49.68,11.75,-49.395,-42.638,47.176,-6.683,28.994,19.276,-23.678,-40.296,23.571,23.973,-37.46,0
1,1,39.008,17.01,-12.628,22.526,-38.757,49.37,-1.883,-45.585,-13.134,-29.432,-36.291,-29.474,3.355,-4.39,-20.457,12.793,-43.376,-42.034,30.882,39.343,4.574,49.099,-25.969,-13.335,-44.844,23.273,-11.979,-25.24,-45.512,18.211,21.36,32.931,-36.288
0,1,-27.71,-15.75,-3.56,42.0,8.07,7.829,-33.684,28.058,-23.194,10.131,23.855,46.683,5.375,-43.352,-0.299,1.219,23.254,8.088,-47.802,-21.497,-41.018,-24.179,-5.019,4.904,-46.714,-8.362,-9.861,-30.509,22.938,17.986,44.659,-3.683,-8.018
1,-47.99,-11.239,-27.395,28.576,5.41,26.622,-30.972,-39.098,-9.776,47.424,-31.585,-19.337,21.859,-23.63,-15.799,-23.999,41.824,0.75785,-49.897,46.779,-41.48,-34.758,5.528,18.687,-46.991,-30.871,-40.466,-32.256,-36.462,48.325,-27.445,-18.84,-28.054,35.097
0,1,-3.8,-34.712,-40.584,-9.764,45.856,-14.247,11.234,-32.021,49.012,20.027,20.254,-0.488,-24.364,-13.936,31.047,31.807,8.517,-47.382,-19.93,9.646,36.981,-46.813,1.986,43.896,-38.066,35.797,-27.014,-27.362,-7.964,-18.059,38.305,13.686,-48.317
1,1,-4.326,-40.142,16.352,-12.833,-12.807,23.523,45.549,-6.602,42.195,-6.119,23.356,33.879,-47.583,11.747,18.154,-21.807,-25.59,-1.181,25.81,15.312,9.894,40.834,35.464,-43.94,37.293,-21.051,7.942,3.742,-15.223,42.157,6.799,33.48,11.601
0,28.131,37.778,33.635,-25.903,34.564,12.841,26.54,-29.367,30.5,35.978,33.794,13.828,-43.094,-41.721,-36.446,17.662,27.108,43.284,23.521,-44.202,22.808,-9.886,30.099,-15.736,-9.7,-5.498,-34.63,24.344,24.474,-38.365,-8.487,-3.958,37.013,0
1,36.728,-35.316,-49.247,7.781,-0.394,-0.666,43.987,-2.405,-27.055,18.26,29.617,-15.765,4.059,49.944,-13.977,26.052,2.993,35.206,-26.211,0.04762,43.043,-45.881,12.314,45.285,40.746,27.64,-15.944,-2.186,-41.018,34.381,-16.102,-16.534,45.61,37.287
0,-13.665,-28.701,-11.902,40.473,18.402,-5.335,-47.241,29.245,38.065,-43.827,-47.876,-34.116,46.311,-9.376,47.122,-14.093,-17.79,-6.283,46.876,-40.764,-46.4,-33.331,9.891,40.233,-5.695,-26.383,38.268,48.906,21.113,-36.252,-1.45,-41.771,15.646,-0.06557
1,-18.649,3.575,24.223,-39.061,43.84,34.41,-28.577,39.947,-15.811,-47.323,-30.053,25.526,-12.88,-9.279,32.08,47.981,0.62727,-38.997,-43.248,3.502,-10.911,24.981,7.863,21.934,15.827,49.059,-24.939,37.463,24.255,-16.523,-43.787,46.576,39.723,-5.442
0,-43.615,25.174,27.956,36.952,-25.925,28.887,-11.476,-38.647,5.315,-43.081,24.184,6.259,32.744,17.256,10.588,26.907,38.208,-15.909,-0.413,45.962,9.46,-28.138,-4.818,-13.911,-19.367,32.219,18.273,-46.675,47.03,24.217,-17.797,-0.29915,23.561,-2.655
1,-43.35,-20.659,26.49,-12.684,43.687,36.654,19.944,0.339,-39.209,23.478,40.527,-8.087,29.751,6.414,46.595,45.384,9.937,17.761,-42.548,-27.664,36.896,48.984,1,-33.197,47.196,-28.665,2.877,-37.915,-1.213,28.337,-38.068,42.759,-39.069,-22.472
0,-18.705,-35.796,35.094,4.614,43.518,-42.463,0.18182,-26.723,36.456,22.868,40.573,-20.539,17.577,35.507,-5.829,20.378,-30.702,44.564,-37.879,32.841,4.716,48.51,24.645,-39.977,49.606,9.367,48.16,34.778,-14.233,-0.94,26.147,0.55,-19.905,-36.995
1,-26.099,41.545,-35.759,-41.915,-14.923,-34.507,42.886,-22.851,-10.038,-20.528,-39.227,-19.259,0.45283,22.143,12.63,38.903,-32.948,-1.366,-8.893,48.659,-21.843,29.163,43.086,1.948,24.981,18.842,-28.954,-26.243,-26.783,6.224,27.837,-20.805,-36.418,-31.665
0,-37.359,-9.361,-3.841,-44.163,-12.677,35.45,-8.177,-28.746,-1.008,31.537,-2.107,-49.633,-43.5,-20.977,0.531,-20.341,49.081,-24.642,39.679,-18.635,21.944,-2.03,26.433,17.594,14.687,-0.10234,-46.221,-50.103,-4.17,34.926,24.566,-19.112,43.56,-4.085
1,-45.513,36.974,47.628,47.759,-14.441,-1.207,46.091,-39.411,27.015,9.977,43.099,-1.822,-19.915,0.10417,-9.126,-38.907,7.292,-27.775,-34.672,-4.567,11.32,23.174,22.39,-35.002,-23.664,23.011,-44.246,8.08,-39.454,-37.941,-37.97,19.193,4.542,48.087
0,50.762,18.474,9.918,-33.429,24.444,46.022,-14.634,-49.994,-5.969,-6.37,46.492,44.393,42.16,23.947,-1.178,-39.934,-30.361,-29.87,-5.692,19.033,-39.236,-2.174,-20.947,-17.676,-1,-4.431,45.222,-4.824,-21.07,48.127,17.508,26.577,-42.331,-39.511
1,35.081,-2.364,-15.697,-10.768,-5.489,0.13030,3.445,12.326,1.924,21.745,9.471,-29.758,32.086,23.61,-15.753,31.335,45.954,-20.58,37.079,-20.418,-31.328,36.968,-10.062,-24.581,16.219,-16.502,-17.338,19.028,-49.014,15.279,9.044,-0.006,11.294,27.78
0,-36.2,-47.778,-32.183,-12.749,42.823,-43.421,21.1,-36.753,36.608,39.544,-28.567,-31.438,27.332,9.905,-36.205,0.88444,-1.99,13.924,5.041,-45.126,-46.138,4.913,-4.326,-22.281,-5.198,28.942,-14.354,-20.547,15.561,15.725,11.756,43.127,5.375,-30.054
1,-46.527,-40.06,-4.724,23.155,17.416,-25.386,5.202,20.302,50.65,6.764,-48.405,-21.795,-34.589,-11.614,33.627,-30.156,32.751,27.942,0.93840,-13.495,24.547,-42.731,24.952,-47.515,-23.316,47.445,-27.371,38.307,35.968,39.949,5.153,11.642,40.224,2.764
0,-1.931,39.008,5.574,-24.179,-36.396,-41.948,-26.051,48.474,-15.721,-12.199,-11.805,-35.213,48.138,11.201,-12.358,-45.929,-4.449,-13.791,-44.075,-30.432,0,32.627,31.591,-26.22,-19.881,16.01,23.36,20.534,-38.023,-0.908,22.78,17.83,-44.512,-42.58
1,1,-46.714,-30.983,-5.01,10.131,44.667,-7.935,4.896,25.114,-24.223,1.596,23.446,24.869,41.988,-29.38,5.349,-8.362,-3.695,47.668,-22.497,-26.71,27.259,-45.802,-40.065,-7.058,8.025,8.821,7.212,0.671,-18.666,29.383,-33.723,18.971,-43.393
0,-26.625,48.403,-48.99,-35.319,36.405,-10.549,-40.809,-31.698,45.856,31.047,47.657,-49.483,1,-32.544,-19.152,-15.689,47.122,-24.976,-11.239,-46.398,19.277,41.786,-23.487,25.794,-26.896,-39.836,7.13,-31.304,-39.656,21.663,-34.889,-28.517,4.89,-19.087
1,35.797,-15.247,20.239,-38.732,-0.147,12.209,20.142,-39.94,-48.027,-3.678,-9.331,16.005,-27.014,8.855,-17.766,13.686,-46.447,-13.748,31.454,2.059,-0.399,-32.799,43.923,48.07,38.524,9.744,-13.743,-7.908,-48.143,37.036,-34.937,-27.362,-24.193,0.07317
0,31.099,17.24,26.165,-3.326,12.967,-7.396,-13.327,8.062,35.173,16.118,10.448,23.743,34.784,41.67,38.778,45.827,-47.466,11.135,0,43.289,-14.941,-41.142,42.575,22.161,33.855,-21.465,-25.345,-21.334,5.392,8.244,-6.079,-44.231,41.353,37.257
1,-40.631,35.294,0.34694,-26.515,30.916,23.763,12.249,-5.294,-42.593,27.546,18.002,-34.038,-2.04,-15.185,-8.487,36.191,27.07,43.285,24.27,-3.407,36.728,24.793,49.706,23.134,-30.537,-9.475,-36.926,14.079,26.343,34.164,-38.712,32.722,-44.468,-10.132
0,0.272,-26.544,45.463,-41.209,-48.461,-15.286,35.325,45.404,43.796,37.306,35.381,30.212,8.876,-28.955,-15.514,-12.669,4.749,26.687,-2.596,40.389,26.099,0,-15.272,-15.165,-15.789,12.1,19.165,1.707,-35.316,35.728,-13.665,-46.881,-27.293,-0.738
1,4.375,40.621,16.052,0.38235,41.44,-5.76,-4.642,-13.252,46.89,-5.227,-11.426,47.11,-39.274,-17.127,17.197,-46.249,-49.104,9.568,-36.719,-47.336,-41.328,-25.657,44.729,-43.755,37.002,20.66,-10.055,37.168,-34.634,28.835,48.668,-41.836,-2.016,-33.93
0,-24.585,34.378,8.979,-16.27,39.357,-30.594,22.484,3.938,-9.67,-15.899,47.832,1,-45.211,-19.31,14.29,37.286,2.595,42.124,-30.041,-39.604,-47.369,45.582,46.844,-14.615,-6.613,39.47,22.543,47.976,22.582,7.229,31.491,-43.904,25.079,24.373
1,40.691,23.306,27.83,16.849,18.287,-37.883,23.696,10.803,0.775,33.533,-44.048,-28.571,6.571,-25.053,-3.641,31.45,-15.53,-11.11,-13.018,37.728,-16.932,46.659,-0.261,0,-1.846,28.907,25.636,-43.039,36.828,-47.03,24.29,-19.655,27.96,23.426
0,-36.774,46.352,6.22,26.021,45.311,28.605,42.758,-43.472,42.749,-39.136,-27.582,9.094,1.868,17.735,35.88,-0.00166,-40.088,-35.805,-20.192,-33.012,28.753,-40.066,-12.614,-22.029,-2.036,18.943,45.596,36.679,42.915,49.099,-28.701,-20.659,-8.023,-44.35
1,-19.484,-21.239,33.786,-20.083,5.237,26.317,9.852,22.661,21.661,4.931,36.216,23.756,1.427,42.134,40.903,47.695,48.343,-38.459,-5.475,-26.227,-13.956,-40.173,-35.947,-42.183,-0.534,35.813,-30.292,49.057,45.167,17.056,35.578,34.063,-39.627,-0.24324
0,-0.434,-35.262,-0.419,-36.887,-11.661,-0.33203,-28.727,42.38,42.517,-29.864,-18.325,-36.779,-10.421,12.171,-16.923,-31.556,-26.146,-22.83,22.989,-41.018,17.057,26.954,-21.462,-22.024,30.044,38.956,-33.116,7.362,49.562,-26.309,0.949,25.045,22.981,-4.452
1,-27.603,-49.592,-18.112,-44.973,16.197,0.233,-45.535,-5.158,-1.111,17.838,32.65,21.496,-48.804,-8.541,-20.024,-18.662,-3.585,35.662,-26.548,-20.251,40.377,-25.203,50.402,23.175,44.269,-11.96,-42.872,-38.376,-38.437,-9.342,27.221,-1.495,35.885,0.00809
0,-0.103,48.15,-37.928,47.662,27.682,-45.686,47.691,-37.969,-34.828,-3.653,23.14,22.834,-39.704,-38.665,11.039,19.159,9.181,10.598,-8.668,42.191,36.974,45.446,-23.059,44.78,-0.822,-15.302,7.855,3.637,-19.207,-4.616,-45.513,-0.63156,-33.429,-35.686
1,-20.567,26.577,18.784,-22.173,-30.629,-2.278,-17.672,-5.761,17.582,44.168,-42.295,36.49,-40.203,-39.26,-0.216,-0.01482,23.495,-2.373,-21.016,-6.375,-3.824,-31.011,8.918,49.76,42.674,-49.994,-5.969,24.444,-39.511,46.022,19.033,46.014,47.127,-14.634
0,28.408,23.267,9.199,-10.609,-19.992,-16.944,12.742,-30.821,1.702,30.838,19.282,-0.11765,-31.194,10.971,0.245,-16.573,-20.44,14.161,22.794,14.716,-5.836,-17.878,31.974,-25.262,2.986,8.555,-29.847,35.878,-49.349,44.979,34.513,15.599,-10.364,-16.924
1,-28.54,26.373,5.859,-15.187,0.46667,39.92,-46.932,-5.443,-31.44,-36.925,-37.449,-37.051,-5.216,4.256,-42.675,20.403,-13.19,4.59,42.285,-47.763,-32.807,15.302,-44.243,-5.487,-21.434,29.237,13.97,-2.95,-45.311,41.99,10.762,35.764,10.879,-24.235
0,-43.075,49.68,3.497,-35.413,31.813,2.833,-30.103,35.121,20.901,23.117,-13.323,-47.527,32.596,-0.815,11.812,6.857,-47.305,-26.207,28.431,47.227,-49.395,-40.154,-28.328,4.219,23.602,37.909,-21.737,39.292,23.254,-25.335,39.905,16.416,-11.583,0.09375
1,8.247,-35.527,49.398,-42.812,17.01,-0.02703,6.574,-5.455,32.723,11.777,-43.523,21.502,49.464,-37.936,-24.22,32.562,-10.248,-13.863,-41.601,39.002,47.683,-46.52,-1.931,17.254,23.714,-19.789,-11.79,-12.043,-29.432,-36.091,-15.41,22.387,-23.179,-5.09
0,-30.953,17.986,-23.341,27.339,9.07,5.456,5.904,-29.38,0.91473,-33.692,-7.181,-46.763,-8.362,-18.37,24.869,-27.257,-21.683,7.876,24.388,-3.567,-39.998,42.507,1.598,-9.922,9.937,28.422,-42.352,-26.994,45.503,24.205,-45.714,-39.144,0.701,-9.322
1,-17.93,-31.128,31.951,46.106,27.21,-31.564,-26.625,18.293,-19.221,21.668,-34.383,46.708,5.601,-35.889,-23.862,45.921,-31.344,-46.35,-23.573,0.04278,-25.928,-49.535,7.119,41.98,-48.027,2.039,-26.392,-15.714,36.293,-27.223,-10.239,-39.745,-38.677,48.467
0,44.686,-35.132,9.441,13.973,35.027,8.907,31.419,-32.604,-38.424,48.362,-3.437,-15.593,16.05,38.58,-46.908,-13.538,36.893,34.09,-0.34187,-39.66,-18.539,19.534,-7.665,-0.336,-48.897,-24.604,-21.143,42.385,-10.234,-13.751,11.963,-0.801,20.002,-48.191
1,-25.719,4.392,34.384,-41.109,17.873,-43.165,30.799,12.201,45.527,9.448,23.376,41.575,8.862,22.439,44.023,37.257,7.944,-4.226,-19.667,35.273,38.511,11.807,-5.629,0,25.798,-14.808,12.627,-26.243,-6.479,-13.194,16.718,23.684,-47.833,41.519
0,1,-29.924,37.364,-41.64,35.361,37.022,3.749,-5.509,26.94,-3.997,-43.045,-15.811,32.716,-38.312,27.161,43.763,33.98,-36.365,30.382,24.55,-44.25,27.156,50.019,17.69,-8.478,22.813,-9.784,-34.639,13.961,35.678,-2.118,24.344,-9.652,42.7
1,-27.701,-14.665,-42.897,45.691,-15.063,36.401,-40.733,18.989,-27.281,3.599,-2.844,47.065,33.904,-0.177,-41.351,0.41743,-35.981,29.284,27.033,-14.481,-27.069,45.023,-49.77,7.326,-12.943,-16.92,26.26,-1.292,-15.798,11.681,40.849,-46.107,-16.01,35.265
0,1,46.434,-1.674,-39.237,-13.955,-48.683,40.543,8.937,40.543,47.893,3.392,-5.451,-11.655,-33.321,17.319,-41.374,-47.909,-47.243,37.704,-47.021,-6.115,-5.983,-36.257,20.774,45.621,15.146,-26.03,-34.066,37.435,-17.976,49.135,-9.365,-19.695,29.256
1,47.412,34.378,4.3,31.298,10.776,-16.053,46.703,-16.609,39.925,-25.574,25.64,-5.623,47.292,37.345,-43.079,15.098,-8.562,-29.448,0.79113,-16.58,26.24,7.211,-38.313,-44.339,5.374,48.817,24.022,23.588,-12.932,-30.794,40.731,21.828,43.744,17.762
0,-39.087,-19.688,33.454,23.849,-37.879,5.854,23.326,-44.635,-43.072,-47.114,27.515,37.731,36.442,39.669,-17.249,16.916,31.469,-13.463,-39.085,23.512,25.195,-2.092,0.459,-0.02282,-28.536,23.381,10.976,-25.121,-0.941,28.78,-11.335,27.525,-4.355,6.506
1,36.896,-0.886,43.407,-20.432,-32.588,45.931,2.133,35.692,9.087,-35.301,18.923,-21.49,-0.34127,46.664,-43.84,29.077,17.192,42.756,42.415,48.983,44.434,-28.846,-44.498,28.102,-2.268,-27.624,-7.987,25.304,-37.615,36.462,-12.365,45.341,-39.801,-20.154
0,10.203,-40.227,36.198,17.293,-20.345,0.873,20.901,47.937,-21.113,23.965,47.982,49.267,-19.581,18.127,4.888,-14.713,35.139,-0.04805,-39.951,4.662,-30.785,-6.193,26.132,22.902,42.285,26.734,-38.158,41.558,-36.591,-42.384,32.882,40.209,-25.934,34.589
1,-21.794,-4.108,-32.993,-31.166,-0.882,-36.206,-35.046,39.735,1.39,-25.593,-11.398,-36.339,-30.636,-19.259,-16.55,48.349,34.542,-2.056,25.105,-41.683,0.49909,11.371,-26.384,23.604,-3.841,-22.426,-27.126,22.371,21.946,-8.816,7.252,-19.983,42.18,29.592
0,27.266,-8.511,-38.34,-44.989,-18.617,-9.369,-15.003,-39.4,49.475,0.289,-20.267,26.683,-49.572,17.824,43.279,39.502,-46.511,31.707,-2.102,23.195,15.304,-0.02539,-25.135,35.689,-43.834,-11.928,-1.442,36.963,-5.164,-20.992,-28.62,-27.57,-19.057,-49.761
1,1,-39.871,48.048,4.209,-1.003,-38.61,-2.655,-24.101,22.983,6.945,48.58,-0.104,-19.326,44.161,48.933,23.126,9.018,8.85,-45.677,-39.07,-33.548,-9.656,-0.198,45.718,10.836,-44.706,-34.365,45.247,-3.457,10.922,-37.118,19.486,-34.236,42.528
0,2.075,26.577,-41.331,-40.236,-4.969,18.508,-7.37,32.307,1,22.492,-38.511,-50.994,23.444,48.762,-6.692,-30.008,-20.017,48.127,-16.879,43.675,-23.07,-39.22,-30.861,-3.364,-2.824,45.014,-29.87,-20.567,19.474,47.022,-3.174,-13.634,18.033,37.527
1,-15.475,15.815,-9.982,-20.596,-16.26,36.889,-49.829,-4.203,-0.42625,9.697,-11.293,45.792,13.348,23.375,11.275,-30.682,-31.403,-25.579,30.763,33.221,-6.14,-17.749,28.054,2.183,-16.904,14.698,-20.001,-0.189,40.032,9.154,18.792,11.771,22.132,15.948
0,-28.54,-28.328,-12.153,5.155,36.768,-31.005,14.601,-38.124,-14.354,-1.944,-47.753,10.91,21.34,-36.46,5.609,-45.308,42.995,-6.484,-46.527,-36.2,5.555,-46.122,-23.919,-43.226,27.373,30.242,-4.683,-41.638,43.317,11.763,10.806,-31.782,0,-21.423
1,1,35.058,24.973,23.603,-34.942,3.833,-11.563,-39.06,37.887,-12.589,15.592,48.19,19.276,-44.395,27.033,-22.101,31.104,-44.762,-1.144,5.995,50.033,10.793,-10.454,31.902,-46.54,4.003,5.082,39.511,-29.377,-48.826,23.806,40.838,-25.484,-25.149
0,-4.019,-42.58,16.01,-46.585,-43.801,-17.41,-3.931,32.772,-13.955,-38.023,21.735,-23.179,47.683,-4.39,1,22.481,48.474,22.36,-35.527,-12.056,4.574,16.211,-20.881,43.0,-24.22,-39.58,-29.432,47.398,21.534,39.008,-13.776,-37.059,6.247,33.627
1,-19.152,5.375,-31.508,0.145,8.607,18.894,-8.24,49.403,-28.043,-17.752,3.904,-23.861,-41.998,28.272,-1,-39.878,-23.164,-34.462,27.841,-29.257,44.436,-31.158,9.909,-9.144,-46.381,-3.683,-8.441,1.048,8.404,-9.478,24.357,24.869,-43.907,-45.802
0,35.416,26.21,45.856,-31.128,-35.889,31.137,1.986,-15.759,-27.625,-26.896,-27.362,-3.8,-32.344,-18.93,-31.644,31.047,46.724,-27.234,41.996,-46.398,-35.319,38.305,-49.556,-24.862,-24.487,-11.239,47.122,6.13,-39.836,4.601,21.663,18.277,-48.99,0
1,-25.345,-38.746,-20.465,-46.813,1,-48.222,41.853,16.457,20.364,-18.059,48.924,-15.126,34.745,13.828,13.103,8.969,-39.224,-34.882,-23.614,43.17,0.262,-32.921,37.981,9.396,-13.436,-13.248,44.425,-0.404,35.547,-48.067,-7.268,12.425,-9.089,19.9
0,17.696,-43.231,21.743,-19.334,-13.941,38.257,7.244,-7.079,9.062,-5.326,10.448,22.518,-5.396,23.344,24.165,15.118,22.439,-41.142,42.289,36.778,33.784,35.173,26.935,4.392,29.099,16.24,-12.327,43.827,12.967,1,40.575,10.841,-48.466,-26.719
1,1,-2.163,4.749,-9.7,38.306,27.687,35.961,43.907,-37.365,22.696,-40.743,32.611,50.991,33.758,-14.958,42.734,-48.684,13.93,-42.062,-44.314,-9.109,36.902,25.141,-36.571,-40.542,27.131,-4.594,35.627,-2.958,30.557,-29.035,-8.598,28.097,-34.63
0,8.891,40.389,-27.293,18.165,-43.844,-16.272,-0.738,29.212,46.22,-45.881,7.876,12.1,44.463,16.402,-16.165,-0.728,-34.316,-15.764,-26.544,-15.789,-40.592,-2.596,34.728,-5.135,35.325,-14.286,-27.701,-15.665,33.381,1.707,27.099,-11.902,45.404,0
1,46.59,-19.649,-25.039,3.829,-12.929,-39.706,-47.729,-47.723,-46.072,-6.097,41.528,-9.376,30.261,46.161,38.744,14.973,41.621,-5.294,-16.987,-34.083,-0.729,3.212,-46.323,49.201,38.409,-41.419,-35.219,47.836,-32.364,0.45455,21.785,14.809,-10.618,42.772
0,22.799,31.308,18.375,-17.187,-43.93,34.378,-16.611,48.832,40.246,-38.773,10.407,-13.279,45.827,25.374,46.775,23.556,-16.601,-19.358,4.769,38.987,46.478,-29.974,6.601,25.659,23.654,-31.017,25.431,-6.189,0.43182,-25.342,23.764,37.29,-44.224,-9.78
1,-39.087,0,28.544,-11.192,29.751,-42.858,38.744,-0.549,-36.883,17.007,-43.615,33.651,-12.435,-25.019,37.428,6.325,-1.096,0.349,-27.701,-20.777,11.936,-16.896,24.476,29.185,24.824,6.369,28.563,-28.386,-46.064,39.75,-3.341,23.659,32.517,-38.832
0,46.595,-43.428,-33.011,9.068,34.216,-28.254,47.352,49.61,28.563,-44.584,35.679,17.346,44.71,-2.626,-21.03,-21.196,-37.774,0,-0.056,35.816,4.491,-39.069,45.755,24.914,40.282,18.944,42.495,-13.081,42.713,-8.512,-39.396,2.781,-36.472,43.373
1,43.134,41.545,39.877,21.088,24.86,42.229,-5.485,48.269,1.789,-30.985,26.937,47.791,23.737,36.236,5.297,-26.05,18.161,-19.663,2.949,-14.495,33.453,17.966,-19.734,0.16667,35.491,-42.443,-37.405,34.903,-35.704,-40.018,-20.531,9.203,49.987,26.879
0,26.233,29.087,7.41,-27.894,-11.915,-19.259,23.981,-15.923,34.926,-1.365,-36.759,-40.99,-22.679,-31.743,-4.579,-9.421,-19.064,35.689,-4.108,-29.876,-22.371,-26.242,-35.313,-27.165,22.146,21.581,-10.488,11.898,-20.403,48.756,-33.911,-0.04808,-1.266,-36.656
1,-14.024,0.245,-7.511,-38.441,-26.546,-9.474,-17.666,46.893,44.299,-44.164,-1.111,31.337,40.299,-0.47265,27.601,-50.243,-38.68,-29.256,-48.911,14.624,48.541,-21.053,18.444,-2.208,26.937,36.011,-20.489,-45.853,-4.791,22.36,49.705,-26.042,10.332,-47.366
0,23.14,44.222,1,-0.822,3.208,46.696,-36.189,-4.255,-39.524,-44.476,11.447,-34.956,-3.596,-38.496,7.206,-46.166,48.878,26.537,8.409,-14.103,-24.059,23.091,44.985,19.343,-37.928,-0.89,-36.858,-35.429,-8.668,8.672,-3.987,-20.005,43.448,-1.024
1,1,18.474,-41.331,50.003,-4.694,31.311,25.247,13.978,-38.337,0.84,-20.861,-18.119,46.76,-2.67,-20.302,-50.354,46.486,16.896,-1.769,-6.52,45.903,-31.264,-5.838,-40.547,19.272,-40.032,-31.569,23.008,-21.942,36.136,-30.851,46.614,42.858,-11.3
0,-20.718,-6.425,19.34,24.267,-9.53,7.81,-0.402,-5.192,0,-2.944,15.932,38.653,-24.026,13.134,18.596,34.081,-48.918,29.956,8.571,15.298,27.408,13.976,37.124,3.535,14.815,23.245,-15.475,-18.682,-17.944,-15.649,-31.742,-31.371,11.108,-20.989
1,-12.153,5.609,-41.715,-47.722,-44.344,-21.6,-43.356,-5.71,30.059,4.285,23.847,10.474,42.698,-24.728,27.007,-47.622,-32.409,10.171,39.563,-6.404,-27.923,-37.666,-29.205,-32.115,-37.053,-48.414,0.09312,41.721,4.083,-38.009,11.731,-15.894,35.693,27.515
0,-29.103,35.058,-26.367,22.571,-13.283,-43.075,-34.569,31.627,-10.583,32.289,11.793,38.377,47.841,5.857,50.68,-25.051,4.153,-44.512,17.416,-20.768,21.276,22.534,2.833,-47.461,23.258,-48.395,-0.575,38.936,-34.527,-1,-12.812,-41.06,4.694,-10.199
1,1,31.772,-19.04,-42.145,42.5,-29.619,-4.92,18.146,-5.768,-45.703,47.675,-35.447,-43.74,-39.823,38.141,-25.475,21.732,4.918,22.484,-31.289,0.76,15.145,48.989,6.578,47.432,23.192,33.406,-22.418,-13.313,-15.981,-23.864,-2.307,-12.06,-37.329
0,8.829,-20.152,25.135,-42.352,-46.802,-10.322,-27.257,-25.487,-34.684,-19.641,45.659,-30.953,6.375,7.07,4.904,28.383,-7.922,47.403,-34.889,-26.71,9.131,-39.656,18.986,-1,22.869,26.285,-7.018,0.701,-10.362,-23.194,-41.998,-45.714,-3.683,46.724
1,-47.222,-27.234,-2.8,18.912,-47.99,-17.93,-14.988,46.856,-25.195,1,-28.625,-10.239,-32.344,-45.813,-40.836,47.122,5.13,31.047,-28.362,-50.223,-32.644,-32.054,-25.364,35.083,25.877,0.986,42.189,30.137,-45.398,20.663,38.305,-27.896,-34.319,3.934
0,-39.974,8.807,42.686,-6.964,32.855,12.686,12.135,-48.317,-1.488,-34.132,-12.748,33.797,-10.764,-1.667,-33.921,-40.142,-14.941,36.981,40.353,-14.936,18.614,13.234,48.012,-18.059,-42.231,-39.746,-25.345,10.646,43.67,14.957,-14.247,1,19.597,-21.465
1,1,37.778,9.062,-13.259,-6.079,12.109,5.392,24.565,34.784,41.45,17.118,7.639,44.289,24.008,31.099,-3.736,13.555,12.841,23.439,9.448,38.257,18.16,-19.334,-25.719,18.696,45.827,27.935,-5.396,-35.46,35.423,-47.466,23.743,26.165,-43.202
0,27.687,27.131,-1,41.734,-43.062,43.796,37.013,-5.498,-9.887,-2.163,3.749,35.294,2.707,-49.461,38.306,-10.7,-29.924,-38.365,48.991,-17.514,-34.63,22.808,-40.631,25.474,28.097,-9.487,-2.958,-42.209,35.681,-15.736,30.446,32.722,33.98,29.212
1,-8.376,-12.902,18.052,45.325,46.046,-43.987,37.613,-40.806,-35.018,-14.242,-0.357,-34.346,8.166,-16.592,-45.847,-6.325,34.583,40.094,0.15196,-27.584,-14.57,25.784,-16.1,35.057,-2.566,45.969,-15.789,17.933,35.702,-0.939,-28.749,8.702,12.113,-26.816
0,1,-47.814,15.081,-41.328,-5.613,-17.987,-6.006,40.528,-39.252,-11.618,-46.323,-19.983,45.756,-13.669,-48.729,-1.729,15.154,46.434,49.11,20.785,-5.583,-30.963,47.718,38.315,-34.364,4.075,-47.031,38.062,3.145,-27.039,-36.344,40.35,29.063,42.016
1,47.412,17.754,8.177,-16.012,24.235,24.957,26.442,39.283,-38.106,31.043,-28.78,47.006,-43.59,0.25283,38.482,-19.414,46.57,25.461,29.369,-4.048,-25.06,-9.071,34.834,40.186,-16.221,23.635,4.977,-43.675,22.073,-16.315,49.056,23.796,-13.493,10.169
0,1,-17.249,28.563,17.612,-38.883,-21.659,26.544,32.416,1.408,-0.643,-10.496,37.19,22.824,22.306,-29.588,-38.068,40.165,-39.087,17.949,11.936,-11.925,-23.03,-44.093,4.854,-24.307,29.117,-46.064,7.486,-12.435,-1.588,-45.615,31.191,22.476,-27.972
1,1,45.595,43.623,-33.013,-37.166,-27.194,-39.145,35.495,36.147,43.084,-41.356,-20.106,-19.487,25.703,-43.434,-43.377,37.525,4.488,43.81,-19.85,46.433,44.844,47.102,-0.922,41.127,18.918,49.972,28.46,2.862,-7.929,-35.013,-2.137,9.926,-40.288
0,39.96,22.904,18.286,25.837,1,-29.902,-32.937,43.395,42.545,25.52,-13.578,49.019,43.134,-25.05,-35.759,-20.239,-9.421,34.848,-5.193,25.027,35.658,33.786,37.111,3.588,1.914,10.203,-39.227,-37.618,19.05,-37.454,46.999,50.279,21.796,2.949
1,-0.365,-35.262,40.441,22.298,-0.434,-23.156,-48.761,-10.765,-35.852,-26.088,36.689,-18.786,-28.895,25.164,13.007,24.047,-7.553,-19.448,-30.716,21.335,-14.949,7.261,-39.994,-11.823,-21.794,-20.541,30.05,-4.154,-26.815,-27.06,-3.579,48.522,35.891,-0.11717
0,48.717,-43.834,0.614,22.199,-45.996,-16.024,49.387,-45.47,-1.078,-19.319,-48.846,-46.9,-29.603,46.398,-35.286,-24.154,-18.172,-8.896,0.31755,25.992,43.155,-39.613,-38.479,-1.391,-27.516,-5.104,17.89,-20.988,26.678,36.957,15.252,31.681,10.039,-37.854
1,1,19.506,23.889,45.666,9.726,-1.992,43.675,26.5,23.121,-34.503,-3.122,-0.017,-43.689,42.64,-0.121,-3.406,-34.026,-4.469,-37.597,44.299,7.855,48.152,-13.731,18.782,-23.059,45.55,-38.871,4.204,8.937,-38.849,11.987,-9.855,-19.207,45.957
0,0,-31.861,17.508,49.762,-21.567,1.075,-39.511,-30.87,47.127,-42.331,-2.364,-25.026,25.444,-1.174,-4.969,32.307,-9.834,-18.879,14.279,-5.692,37.527,47.022,20.033,-23.07,-39.22,-38.236,46.292,-31.008,24.492,37.124,-48.994,-7.37,-21.017,-6.425
1,11.763,30.956,-4.192,39.369,-15.475,21.991,9.517,2.184,-46.122,18.29,16.226,-11.021,34.99,-17.385,14.733,-18.271,11.805,11.554,28.004,-3.52,21.024,-21.698,0.142,-32.391,-49.426,14.198,9.165,-17.41,0.26352,15.032,23.433,-31.103,-20.578,-31.442
0,40.292,-15.354,41.995,29.242,23.054,-32.782,-5.683,5.609,-6.334,-46.308,-24.232,-47.527,5.155,3.555,-29.54,11.75,41.317,-38.46,-29.328,25.373,-24.367,15.416,-48.378,-14.153,24.571,-41.638,34.768,-44.426,-20.423,-38.2,-37.124,11.879,27.994,0
1,17.01,-13.955,-39.06,6.948,-29.148,47.511,24.746,32.627,-34.569,38.377,32.706,-44.075,36.058,-44.467,-10.674,-12.821,-34.527,20.276,-46.461,49.68,3.696,-11.108,4.991,-46.494,-48.485,-0.863,-20.853,-26.022,0.95455,4.244,40.8,-13.601,12.657,21.58
0,-30.38,-42.58,-38.023,0.598,-3.931,23.735,33.627,18.211,-1.299,-41.018,39.008,-22.497,4.574,-31.432,-20.881,-5.332,6.247,-26.22,-41.801,-6.39,6.375,22.481,-16.41,48.398,-23.179,21.36,41.0,45.683,48.474,-46.714,-11.056,30.772,0,-36.059
1,-7.018,-31.953,49.314,27.197,24.84,-18.465,8.893,4.689,-23.575,-28.287,-8.391,26.034,-2.712,-24.047,-26.769,-35.86,-9.322,24.135,-42.352,9.131,47.489,-39.538,0.88235,-40.969,29.236,-46.773,-7.995,4.93,18.928,7.712,-19.181,44.717,-32.773,-15.7
0,22.663,-32.344,30.047,32.137,-25.364,-48.069,-27.078,42.996,44.856,-30.644,11.234,-27.896,2.986,1,-19.93,-27.468,-35.036,-47.398,-45.813,14.686,-4.114,37.305,34.416,-49.99,-23.862,35.981,5.13,-31.164,-48.556,-12.239,-40.836,45.798,18.426,-26.625
1,-25.345,0,-0.015,-40.08,16.795,48.029,12.966,-0.641,44.37,-21.517,-40.458,22.439,43.468,-38.696,10.43,-15.189,42.195,-17.585,-13.941,-35.08,-9.039,-43.155,-13.045,34.879,-3.905,-6.868,-13.282,8.896,20.141,33.644,-32.32,19.693,-7.39,-48.22
0,36.681,35.173,41.568,7.562,-6.396,4.392,37.759,17.118,24.474,37.257,23.518,43.289,-13.327,33.784,-44.202,-48.466,22.743,26.935,12.281,45.757,13.577,-35.716,-0.34615,26.289,24.344,17.696,16.624,6.731,9.448,-26.719,11.841,-20.334,30.099,25.165
1,50.991,27.131,36.294,37.76,8.876,29.757,0.81818,-9.251,38.013,-4.049,33.722,-43.062,-1.345,25.645,-29.288,-5.225,4.749,-9.123,46.463,-41.904,-15.605,33.526,-33.63,30.524,-14.736,43.705,43.734,2.796,23.808,-40.845,-48.461,-37.729,-8.973,27.96
0,-27.293,-6.135,11.1,-1.728,-33.083,-44.844,-29.701,46.404,20.785,-16.165,-25.544,-36.316,-1.596,45.22,-14.286,-16.272,35.728,-40.592,37.744,17.402,-16.789,-13.665,41.389,17.165,7.891,-44.881,-11.902,35.381,-41.328,0,0.262,35.825,-9.376,-17.987
1,-47.729,24.855,-19.195,-5.522,-32.728,-39.161,37.585,29.443,-47.178,3.575,-46.96,47.794,40.983,45.499,-30.258,-5.398,41.257,-25.766,-5.552,0,-25.675,-11.708,49.382,-36.037,15.445,-14.02,46.778,37.391,15.427,-1.729,46.775,-47.072,3.664,42.936
0,1,45.903,-18.249,6.58,-16.063,-16.611,-30.44,-3.696,-20.559,24.582,-0.961,46.459,28.773,-44.394,37.744,-16.551,17.754,23.241,4.648,25.174,-29.588,-40.061,21.799,48.832,25.779,31.542,24.363,39.651,-9.363,39.901,-43.93,34.378,-13.673,9.979
1,-46.064,33.416,-42.093,-27.484,6.854,17.663,24.824,-43.9,1.408,-37.916,40.549,10.793,29.751,-2.01,-24.136,31.517,-37.454,-2.239,7.486,-21.993,-19.659,23.021,37.428,23.476,-12.328,-13.72,-39.087,27.612,-10.31,17.759,1,-38.496,-27.701,27.544
0,-40.141,-44.35,41.282,-19.196,36.896,-34.011,45.582,-39.069,5.741,10.068,-29.902,36.216,50.099,41.687,43.915,2.877,37.679,-43.318,-7.023,-1,-42.428,-19.484,-18.705,43.936,46.584,-36.796,0.114,29.483,46.595,26.621,47.352,19.944,23.904,27.02
1,27.837,24.027,-35.889,9.673,24.52,42.366,-6.089,-32.984,32.406,-8.542,-40.966,-10.079,-22.16,42.301,41.571,-26.3,35.517,-0.63342,47.779,16.457,4.777,-15.365,-29.36,1.375,35.541,34.409,1.605,-38.138,39.488,18.447,21.056,-36.138,49.212,48.324
0,-19.064,39.441,-21.794,-28.099,-35.852,-39.99,-3.108,47.659,35.926,-26.727,-25.242,-36.262,30.087,-16.923,-30.552,-50.761,-27.603,-0.434,26.233,13.007,-10.915,-17.658,36.689,6.224,-0.365,-7.511,-48.592,23.067,-18.259,1,22.491,-19.528,-21.371,-5.579
1,-36.858,45.696,-0.534,26.723,-14.131,-44.838,-19.346,31.878,50.3,0.61,18.662,-20.575,-45.708,43.704,-24.488,23.682,-1.477,26.784,-8.827,15.782,-27.062,-37.817,48.142,47.748,10.373,-19.717,-34.919,-4.628,-39.188,-45.978,-43.691,4.7,37.09,0.46571
0,18.474,-14.634,0.777,-4.969,11.987,-35.429,46.284,-25.059,-8.668,49.15,23.091,42.619,18.508,-45.686,-38.553,46.014,-49.994,-3.431,6.855,-1.103,18.506,-0.822,23.14,27.577,-35.026,-3.824,45.222,43.675,8.181,8.918,-5.338,-39.928,0,-39.871
1,1,-39.511,-41.396,-20.88,46.959,47.381,-24.169,24.832,-4.902,-39.749,1.798,-20.968,46.314,-21.32,-10.326,-30.272,8.067,11.804,-17.623,-31.001,23.629,19.889,-6.365,32.196,45.219,15.077,49.552,-1.394,36.196,-1.65,-30.132,-1.669,-39.71,-30.312
0,0,-43.009,35.882,10.211,38.073,-23.154,-23.558,16.559,19.94,6.417,-38.188,45.219,-27.682,1.117,37.715,29.913,15.25,28.626,28.549,32.143,-3.681,-47.48,-19.716,22.854,-8.643,-20.256,12.457,-48.182,-27.717,44.572,9.008,-35.373,-49.149,8.859
1,-11.45,-36.336,-0.462,41.901,21.296,5.485,-15.787,-46.498,-33.808,-42.529,23.598,-11.668,0.25000,50.017,24.107,36.561,-23.49,20.782,-39.402,-39.766,9.543,47.388,43.15,-7.46,-39.514,-13.83,27.11,29.613,48.947,-9.932,6.954,-39.607,-0.218,-19.213
0,-4.489,42.082,3.438,-2.997,2.132,-5.537,28.333,9.888,16.07,20.54,15.958,-11.499,13.954,24.685,50.744,-1.287,45.966,-14.496,-16.461,32.205,15.728,-41.131,4.244,-48.437,-2.908,-1,5.887,-50.127,17.68,-47.281,-38.52,34.152,-31.132,-9.535
1,5.459,9.348,-25.792,-2.951,4.027,14.085,27.973,-45.421,44.822,0.32711,48.845,-32.169,-48.144,-7.688,17.821,12.163,18.991,-37.542,11.381,43.149,-4.887,-40.278,5.844,-13.078,16.734,-13.211,-6.123,34.07,11.786,-23.936,17.039,14.967,-6.042,44.284
0,18.709,32.551,0,26.983,50.796,16.389,43.13,5.892,28.821,-29.443,2.937,-15.745,3.628,-26.869,-26.711,47.791,22.185,29.73,11.331,40.532,15.774,-1.488,37.672,-2.623,45.555,-38.061,-21.253,28.546,42.395,44.499,-37.689,34.041,-17.224,-42.283
1,-25.955,-36.394,24.995,34.558,-30.162,12.338,-33.308,-48.306,-2.103,-20.806,-20.346,-8.683,27.975,27.722,-6.503,-20.978,0.19128,12.915,10.114,-34.99,-49.815,22.548,-7.961,34.905,-13.061,40.549,27.587,-0.578,-42.436,-8.983,18.502,2.932,45.19,-4.013
0,46.408,43.105,36.824,-42.888,48.911,-2.532,9.7,-29.348,38.04,41.732,-10.078,32.372,-8.494,6.145,39.189,-26.726,16.514,-49.33,-38.358,32.854,-40.031,38.811,5.558,-34.685,-0.74,-26.323,-0.959,15.794,-47.684,5.687,24.878,40.477,-49.412,0
1,9.564,8.4,-35.226,-28.229,39.611,20.035,0.29148,-21.819,-46.105,-14.088,-13.322,49.792,17.311,-32.292,47.951,-25.15,36.281,0.664,-18.021,-48.978,1.174,16.55,41.334,-19.166,19.088,-0.738,-16.642,-10.596,27.021,44.876,13.541,38.393,-47.179,11.151
0,0,-44.249,-11.923,35.316,-29.434,8.324,-28.05,20.96,15.878,-40.987,43.695,32.02,-9.685,10.384,50.95,46.313,-26.466,-44.613,-48.897,-38.662,-37.91,26.955,24.403,12.99,30.294,41.118,27.076,-48.254,42.657,-32.066,32.243,-40.96,-6.025,-7.074
1,42.838,-10.502,-42.328,-32.254,-1.106,23.122,47.635,-28.35,3.319,44.329,41.738,-36.893,47.448,-42.487,1.376,9.498,47.817,9.529,-0.569,30.612,22.187,-40.753,0.53120,-22.558,6.736,-25.635,-24.534,-23.862,48.058,9.516,36.398,30.056,35.214,-30.748
0,-37.266,-48.085,-33.815,-48.117,46.058,-25.951,37.407,-13.821,31.034,10.492,-5.648,36.334,39.877,-20.803,46.426,37.033,-19.267,48.177,-39.042,-0.196,-4.147,28.975,38.46,-49.846,28.567,4.042,15.852,1,15.795,4.156,49.6,-16.923,-19.719,17.842
1,-2.173,40.756,26.611,33.873,-47.658,19.712,0.98922,33.862,-48.891,-5.489,27.87,26.269,-40.905,3.647,28.521,-26.147,9.371,-47.678,9.823,-0.919,-44.282,39.833,-3.692,-38.342,-37.434,-7.012,-1.123,37.03,3.656,29.859,3.406,4.521,-32.825,-44.164
0,-18.967,15.938,26.401,38.465,3.58,-35.327,-1.409,-0.57,38.26,11.534,18.907,-16.43,-38.082,-28.309,13.392,-5.733,-0.656,33.66,30.214,-16.121,1.972,-13.294,45.388,-31.452,-44.039,15.046,6.703,40.423,21.018,-39.059,17.824,-28.281,-26.421,-1
1,-25.391,0,12.725,35.363,-1.842,-25.335,-6.45,45.647,36.291,12.17,3.218,-28.655,46.737,0.074,-35.592,-40.368,48.619,1.045,-43.217,18.807,-27.114,-27.274,33.079,-3.951,-23.91,27.425,28.501,15.423,13.164,0.648,-41.222,-0.548,19.437,15.446
0,-10.548,44.119,-13.776,18.005,-4.893,28.162,23.109,35.206,6.042,-24.817,-43.679,26.687,-37.714,5.485,7.691,31.078,-47.776,-9.427,4.369,-49.65,15.143,-7.919,-23.696,8.805,44.991,28.579,-16.906,44.147,11.32,-46.515,7.419,-0.06522,47.298,-18.779
1,-2.906,0,-4.693,39.639,-41.524,-23.42,31.565,-31.988,4.427,49.089,8.003,-31.063,32.81,-24.731,-17.607,35.748,11.77,-47.069,-9.134,-1.978,-28.352,7.646,-33.534,17.299,27.746,-46.141,-47.894,-24.676,-12.961,-24.846,-2.001,36.738,-37.559,-6.097
0,-4.009,0.514,8.241,-5.089,33.157,34.909,-25.491,49.308,-14.444,42.228,0.19455,5.45,25.617,-29.753,-24.793,-12.208,-13.329,12.557,-29.199,-26.982,-10.277,-12.708,-13.385,-25.186,13.754,-30.435,-18.569,-7.071,19.829,12.369,-43.719,17.536,-7.902,39.013
1,-14.0,-27.586,33.24,-11.851,0.216,12.871,48.845,48.523,-26.804,20.802,-15.661,15.662,-16.127,11.454,36.2,-12.814,17.711,40.711,-33.023,18.438,28.707,-35.565,25.736,25.13,-35.273,-41.015,-16.793,17.91,-24.638,25.759,0.68849,-47.615,-25.708,-0.296
0,11.976,-36.421,-7.611,9.69,10.053,22.317,26.929,21.471,-29.761,-2.126,41.424,0,-25.429,45.563,-22.386,7.651,-16.029,-21.433,-8.281,18.733,-18.309,5.811,-5.503,29.478,-9.03,-3.47,-18.436,45.92,-41.423,-10.485,-34.229,-9.58,-26.567,-2.789
1,34.143,49.186,10.627,15.668,24.561,5.347,-19.552,-36.357,-46.44,30.915,-8.933,27.784,28.265,11.209,12.255,-22.492,-38.351,1.951,21.252,-43.1,-26.056,-46.494,14.86,-24.037,-47.437,45.477,39.413,-28.733,44.852,-36.288,39.862,34.831,8.511,-0.04698
0,1,-39.304,-33.924,0.072,23.15,-39.846,49.448,-17.434,-12.45,-40.341,5.318,20.189,44.966,-42.985,-10.228,23.855,-7.904,49.444,-14.23,-23.642,41.777,36.871,9.378,27.647,43.135,7.577,-46.632,-2.268,29.263,-19.525,47.023,-13.133,-39.364,0.02
1,-39.96,12.954,-3.608,-17.47,-41.233,31.18,-12.555,-5.957,-5.645,23.557,34.107,-32.241,2.021,14.74,-1.089,-10.672,42.954,-49.188,5.795,-39.544,11.768,2.292,-46.609,35.027,28.235,3.049,17.563,14.921,-9.655,19.411,-47.397,14.773,-2.991,-0.16827
0,43.395,43.932,-24.313,-14.334,4.459,-38.211,14.19,17.121,-4.865,6.002,43.035,-32.6,10.892,43.541,-13.973,11.711,-2.917,13.431,12.167,18.222,27.085,-48.867,-45.744,3.086,-7.223,-27.175,16.069,31.551,9.069,47.234,2.628,0,-6.291,16.466
1,34.041,-25.869,-41.394,29.746,45.419,-1.475,38.596,29.559,16.281,40.43,-14.844,11.247,3.868,-17.234,48.722,5.803,43.99,-36.739,-1.729,10.027,-29.558,15.653,-8.421,18.59,28.651,22.044,-21.388,26.865,46.41,39.761,-37.226,49.672,-25.844,-0.12235
0,-11.768,-35.752,-31.026,-48.674,28.542,-21.526,24.957,-49.432,0,34.192,3.525,45.328,-35.394,-0.968,-3.364,-20.973,-40.968,31.556,-49.694,-9.484,27.975,34.364,-33.034,-2.146,-6.82,-21.374,-25.955,20.778,12.041,27.975,20.033,12.265,-6.87,-2.905
1,5.558,-35.685,9.376,32.891,-42.037,-40.032,43.895,1.647,0.055,36.782,48.787,39.477,6.543,38.744,38.904,0.00286,-25.495,41.678,-46.874,-10.196,-37.589,7.061,-6.651,-26.776,15.564,17.446,-47.514,25.792,9.526,39.085,47.222,-30.398,-2.71,48.836
0,18.957,38.952,-47.601,-28.611,-0.127,-36.114,-31.066,-12.926,13.07,19.341,37.07,18.993,-26.42,-17.523,-9.112,45.726,-46.038,-22.698,-32.857,41.498,-16.946,0,8.4,48.781,-17.394,41.657,1.746,12.026,17.106,-37.662,38.487,26.589,-48.668,-14.989
1,31.64,27.955,-6.526,-38.892,-45.182,-49.35,23.909,-27.508,31.744,-7.978,-12.476,45.373,43.254,41.719,20.477,7.287,-41.433,-30.493,31.573,36.306,29.78,26.043,11.875,13.98,-28.458,44.277,42.65,-49.93,0.43117,14.911,-10.14,-44.303,50.54,-42.073
0,-24.975,8.516,-24.344,-31.871,-28.502,14.852,9.356,2.763,-1.212,-26.21,-31.246,46.728,29.559,-10.502,31.034,-43.063,5.791,23.019,21.613,36.048,-41.179,-23.007,46.058,46.846,47.321,40.738,35.908,-1,9.169,-42.776,-1.907,0.688,47.934,-37.105
1,18.842,-4.147,50.6,16.295,20.714,40.127,-47.835,-18.267,-33.647,0.715,-45.393,29.779,-20.06,-25.343,38.022,4.421,28.13,48.344,-14.187,-37.26,-21.068,-0.09025,-17.085,37.277,4.078,-48.244,10.471,-5.75,46.436,36.962,36.356,-49.887,-39.02,-33.845
0,1,-48.63,18.824,-2.076,-47.749,26.93,16.046,-26.309,32.864,-27.166,3.6,33.859,0.088,36.876,27.535,2.681,-7.093,-49.849,-42.878,-37.413,40.783,-43.162,-3.656,-6.505,8.838,2.427,27.234,-39.367,4.45,8.428,25.665,-3.173,41.756,30.851
1,19.891,21.018,0.215,3.252,-26.64,14.084,-13.981,-15.564,37.425,26.309,-19.389,-43.246,10.828,-15.605,-6.544,4.807,37.448,0.455,-0.245,44.007,18.524,-0.62861,33.529,-33.16,41.579,-26.086,-0.024,-39.575,-36.557,2.673,6.265,30.155,16.453,-34.16
0,33.449,8.03,18.854,17.005,-28.711,5.303,-43.851,12.782,-28.342,-35.273,-24.75,45.625,-6.161,12.53,-0.09,35.49,-27.759,35.532,14.352,26.902,0.989,27.244,-25.391,-5.024,-41.787,12.22,48.949,15.567,-2.557,-40.419,-0.639,-25.35,46.047,0
1,47.733,11.277,-28.452,6.854,5.877,44.702,-46.856,-47.765,3.42,-4.887,-8.79,-17.086,43.254,-23.961,34.239,28.87,6.158,10.162,-0.46950,30.208,-14.565,-39.236,29.381,21.516,15.054,-50.396,-18.296,-11.793,-43.823,-24.828,-13.169,26.339,-8.829,44.568
1,31.565,7.547,-34.205,-24.841,3.779,-5.244,-9.807,33.485,-31.388,-44.953,-13.566,-5.333,35.969,-30.377,48.087,-18.661,-48.946,7.702,26.746,-4.352,-38.673,38.861,-23.097,-24.658,5.477,-42.587,-24.268,31.692,17.355,36.895,-2.725,-46.954,-1.797,0.20468
1,-40.055,7.856,-24.651,35.226,49.607,14.565,-27.108,20.871,-26.087,13.057,-0.70086,39.321,-31.586,-18.29,-28.43,25.13,-5.842,-44.245,41.902,-8.211,-29.999,-15.568,-28.738,-8.435,18.017,24.868,-11.608,-4.922,-9.86,12.678,0.89,-12.105,-13.33,-24.088
1,22.495,-7.675,-34.914,48.5,-14.409,-9.63,33.268,-0.07461,-16.086,18.432,-11.195,25.819,13.595,11.55,18.552,35.489,48.905,15.654,-15.607,-26.333,-24.665,25.193,-26.843,40.717,-16.746,-0.123,-12.221,-47.581,-33.113,20.813,28.846,16.993,-35.159,-0.627
1,6.797,18.94,46.714,41.336,11.684,-25.519,-21.836,-20.087,-9.599,9.92,-28.932,-26.202,-33.635,-3.627,-1.605,27.063,-40.364,7.711,-7.543,10.148,-18.042,45.704,-21.925,29.199,-4.843,-2.839,22.875,0.07124,-47.84,-15.963,-35.862,-9.035,-20.801,-18.161
1,24.854,34.882,28.241,15.749,11.993,-24.136,46.347,-26.655,-38.537,5.314,28.324,7.939,-35.634,38.765,49.909,20.623,2.803,30.824,10.625,39.236,-45.818,0.07573,33.781,36.27,20.864,11.385,14.838,44.307,-35.785,-42.752,-46.649,-28.624,-23.136,-9.55
1,-11.45,23.15,-38.621,-10.174,-7.056,-1.266,-33.334,27.313,50.287,-39.747,45.724,9.619,50.563,23.861,0.828,0.00673,-13.424,14.834,-11.353,5.206,-9.735,-39.355,0.459,7.23,47.756,-46.73,43.947,-19.514,-3.867,-42.869,-39.675,-16.422,42.414,29.275
1,28.333,12.954,-47.781,-40.96,-5.552,-17.357,-41.64,4.953,15.198,-10.574,-5.935,3.118,19.996,35.2,-12.992,-32.106,-6.18,-48.931,33.706,23.833,-47.016,16.654,1.454,-26.88,31.679,10.879,-3.49,-1.928,-39.133,42.121,15.422,17.216,0.44783,2.612
1,12.575,-32.621,5.258,-45.65,43.227,27.292,-13.257,-7.93,44.235,44.344,-37.552,3.587,14.768,-4.721,-13.342,6.076,17.455,48.669,18.702,9.984,42.491,-29.762,11.732,17.188,13.797,-2.45,-36.808,33.158,-24.922,11.453,37.416,-48.35,-0.27339,3.053
1,41.532,43.13,-16.224,22.283,30.546,-15.494,45.483,-1.158,28.625,27.505,-41.533,-8.708,16.344,0.71942,46.108,40.633,-26.417,30.552,3.149,-1.825,5.989,19.53,-38.078,46.551,47.64,33.796,-22.481,-25.177,11.014,10.676,26.58,15.934,49.368,-0.718
1,35.404,-26.955,-6.882,-48.54,40.347,12.462,-48.905,-35.96,39.445,12.64,-6.28,-3.654,-2.412,-48.65,34.435,33.167,-30.935,-34.956,27.45,24.835,-21.122,-12.099,-21.958,7.771,-0.40552,-1.454,-9.946,-20.967,18.53,-33.762,1.997,-41.777,21.29,28.034
1,9.564,-22.698,-41.942,33.029,-25.414,-0.409,0.85096,37.324,26.615,18.153,-47.738,38.778,2.127,-37.522,-9.773,-46.777,-7.314,9.635,47.904,5.49,14.605,-29.454,-27.057,42.557,45.942,-39.266,48.402,-24.756,-10.792,6.213,-4.285,43.53,38.377,-35.424
1,32.243,-12.926,9.318,37.252,-14.128,1.101,-16.665,19.798,17.71,11.725,49.285,39.701,-35.753,30.112,-32.7,13.906,-37.658,-30.214,41.493,-16.167,-47.961,19.755,17.526,-45.384,-49.2,42.037,22.799,38.897,-29.256,0.27338,-0.784,45.311,-19.163,26.643
1,-29.434,0,-0.446,-41.776,28.594,31.021,31.504,11.909,-7.924,-28.827,14.128,20.556,-45.69,-10.057,-7.025,7.81,41.843,9.589,42.134,-27.098,-42.326,44.465,-39.315,-49.178,49.565,14.845,-44.588,36.191,-13.199,41.641,-10.885,25.83,45.194,-50.169
1,-42.063,-24.344,-27.913,14.243,9.37,-25.657,30.37,40.811,46.624,-1.745,-36.777,-22.765,-40.675,31.157,47.367,47.045,3.482,-42.349,-24.432,15.935,1.341,35.187,-31.182,-31.174,48.696,21.88,36.538,9.633,23.481,48.219,0.43484,6.084,47.729,18.141
1,40.877,-13.821,-38.042,-0.083,-19.018,-49.967,37.849,19.811,-33.104,-37.255,11.053,36.909,-25.475,-5.523,-25.365,29.015,50.131,36.3,4.737,28.736,-20.076,40.828,-44.939,-4.089,-18.734,-33.451,38.951,46.605,37.558,0.32448,-47.675,-47.896,4.717,-16.772
1,42.423,-38.367,-49.0,0.06794,27.735,39.76,34.634,11.501,9.505,-0.978,-41.282,8.351,15.718,-2.133,5.093,29.787,2.819,-48.585,-26.596,-4.642,-43.602,-3.253,19.358,-47.834,4.071,25.437,-5.018,-25.513,-6.567,27.449,-37.97,26.138,34.281,2.583
1,46.625,-37.082,-26.281,37.545,-15.153,2.867,-18.0,44.381,0.224,20.979,0.361,-5.719,-43.078,-0.423,0.95947,13.376,-15.445,5.713,5.491,-39.148,3.923,18.867,26.348,35.506,39.241,18.927,31.152,15.908,1.581,-14.353,1.358,-34.361,34.582,-32.489
1,-27.711,12.782,12.636,-26.515,1.416,16.881,0.731,-36.665,8.762,-11.476,5.566,-0.21649,4.156,44.278,-41.333,45.928,-2.134,15.402,-43.351,27.628,-24.204,12.406,36.033,-40.336,16.058,19.05,48.483,-7.285,-27.188,26.981,-27.285,-25.309,-3.571,31.933
1,31.565,43.925,-49.202,25.906,-29.87,28.953,-17.184,0.36028,-7.511,-24.928,-46.445,35.246,12.072,-6.247,31.666,-13.2,7.527,-29.195,29.752,44.211,11.242,-9.43,15.203,-18.864,-48.064,-38.183,22.979,-24.121,47.349,-44.471,5.944,6.617,-46.362,-14.096
1,-23.605,49.028,27.551,-13.499,5.809,-42.511,37.172,32.761,40.306,0.02472,37.676,-24.871,-33.817,-31.178,-37.894,-23.114,-18.034,-7.309,26.019,-5.6,-4.888,7.689,-1.343,31.774,8.311,-2.827,-9.39,17.087,-23.954,3.591,-26.685,-48.71,-45.269,-3.987
1,1.514,-5.009,-24.77,-24.889,-17.842,-7.753,20.608,-35.825,-9.746,-13.209,19.095,38.823,12.835,-29.964,0.066,49.047,12.765,-12.851,-43.156,-0.10032,14.426,-5.096,42.487,8.073,-25.231,-29.304,-14.226,-12.437,-30.406,17.157,35.327,-27.692,25.449,-41.106
1,-11.826,25.092,0.417,-47.497,-26.573,-16.683,22.147,-7.594,21.378,-17.411,46.76,48.349,18.52,48.584,41.31,25.99,0.78272,-15.175,13.663,16.894,29.935,-9.625,33.274,-35.456,-25.666,-16.406,28.867,-11.844,-32.861,9.865,16.175,-25.326,36.087,11.431
1,1,7.651,-47.542,-5.599,-46.511,-9.069,-17.849,-22.489,46.167,-10.354,-1.976,22.179,-24.972,-34.293,-29.214,-15.971,11.617,-36.302,-7.583,26.822,-19.724,-2.306,10.812,41.326,-40.835,-26.675,-3.06,-18.709,39.659,18.936,6.386,-22.586,-20.902,11.279
1,-39.341,27.626,31.408,-42.912,-28.42,44.278,24.203,-46.48,-38.615,34.858,36.773,0.02427,5.752,-23.594,5.766,-9.638,14.721,49.079,-35.904,7.864,39.064,20.321,33.332,27.806,-23.843,-12.283,-26.316,2.155,10.401,20.74,-36.111,11.457,15.933,45.552
1,1,-12.45,28.322,-39.824,-9.297,-10.158,4.083,-16.081,7.967,27.799,-45.952,29.782,-18.974,45.568,-7.473,15.62,-33.859,-42.28,24.139,50.133,-39.289,43.976,23.213,-38.591,41.605,0.41,-4.655,5.492,-14.392,-0.71,49.397,47.401,9.243,0.395
1,24.685,-49.127,-16.482,17.227,-3.007,31.557,42.903,-31.647,-5.573,17.329,15.317,-26.029,11.291,-40.128,-47.186,44.389,-42.084,-5.084,-2.119,3.235,-13.758,-38.712,34.773,-47.564,-0.51034,-9.952,-7.113,15.531,18.921,33.593,0.475,-38.028,12.313,-32.591
1,16.774,-45.744,-12.837,-30.226,-1.704,38.142,19.175,44.556,9.881,-48.085,-36.321,15.072,-8.109,12.408,4.391,17.359,11.428,-24.019,5.054,0.61688,-14.531,-2.601,26.435,48.345,-5.976,42.554,18.042,13.908,16.472,42.311,10.346,2.399,32.079,2.735
1,-0.163,0,40.835,-25.67,46.714,2.933,41.337,34.758,27.542,30.254,11.75,10.899,-26.562,-37.166,49.848,44.067,26.736,23.024,45.127,-20.899,2.435,33.666,14.734,-41.779,-17.912,6.201,47.02,27.978,28.976,-22.297,-2.24,44.32,-16.415,-9.654
1,33.372,-12.768,-1.869,-26.674,-33.229,12.569,-35.812,-35.02,-47.334,40.282,24.18,19.937,-0.20015,-1.066,34.007,28.364,-42.557,-7.148,-50.175,-20.516,-10.297,28.164,37.998,-21.417,-31.779,11.878,-7.452,-40.495,21.314,-49.289,-48.594,-5.072,-49.784,6.432
1,1.746,32.854,-41.99,-9.726,49.454,26.501,4.997,18.458,5.65,43.91,-26.552,39.942,47.659,-22.21,-30.922,-7.21,41.064,-35.579,-4.005,-25.481,-39.168,8.504,14.462,8.225,48.858,45.871,-10.041,37.521,-14.746,36.39,-26.36,-1.041,2.068,0.13297
1,14.99,45.174,19.283,-16.846,23.636,-35.941,31.28,-45.695,26.709,-41.697,38.55,17.319,19.293,0.12767,-47.664,11.105,8.337,29.335,-17.448,-12.911,-37.703,38.949,-0.156,-48.68,13.053,37.055,-32.866,41.483,14.875,-31.079,17.958,-28.62,-18.52,41.65
1,1,-8.074,7.908,44.958,-9.685,42.191,36.801,-10.508,-26.641,-41.794,-28.548,8.892,-12.263,-44.185,20.658,42.265,31.364,42.269,12.146,-49.208,-6.356,36.521,-49.049,30.61,-40.53,27.908,-24.407,-30.539,-45.085,-1.346,26.232,49.828,-38.462,44.173
1,47.846,-31.871,1.524,-1.775,16.517,5.852,30.217,2.846,15.091,21.743,46.864,-42.573,23.514,-28.376,18.289,-24.209,8.809,-19.238,-47.635,-22.849,47.649,-42.917,0.29495,46.874,35.173,48.079,31.271,-31.103,-36.841,48.338,40.926,46.194,9.522,-26.078
1,-38.042,39.877,-15.983,37.106,-3.29,-48.074,-4.797,37.048,29.336,-13.823,50.445,40.865,39.293,29.005,-25.339,4.078,-25.203,-45.24,26.465,-37.242,20.523,-0.863,-33.013,36.387,38.18,0.02220,11.282,-2.013,5.015,-0.104,-18.94,-20.732,-33.052,-49.771
1,27.234,8.838,34.73,27.578,9.227,13.575,19.897,-25.129,-2.278,3.517,40.669,29.831,-48.944,33.597,-37.472,-47.55,-26.423,-44.208,27.774,-4.666,-40.899,11.194,3.217,4.199,-6.226,14.954,-4.645,-48.66,3.469,41.382,-37.653,19.042,-15.238,0.09193
1,26.401,-0.639,38.214,30.24,5.57,-0.311,21.777,15.481,6.446,-34.418,-38.101,35.635,46.604,2.968,-31.491,18.993,-13.38,-36.236,36.242,0.457,-43.227,33.579,0.344,-5.733,-26.563,-16.442,1.403,15.964,-18.243,2.861,0.90409,-36.972,45.117,38.287
1,33.449,12.22,1.462,-11.353,-5.751,-44.035,-1.934,-28.701,31.396,-7.205,27.809,-27.325,-3.578,10.885,16.056,12.119,46.603,-24.626,-27.345,44.234,4.189,0.02842,8.542,-25.456,28.381,16.981,-39.953,5.336,19.389,-41.535,0.349,47.804,-26.045,12.779
1,1,5.281,-8.577,-18.871,-48.012,28.784,23.143,-38.699,-37.604,25.974,-13.958,-49.809,-24.249,-47.132,44.733,14.356,29.631,6.174,-28.518,46.59,-13.048,-24.301,-17.465,6.994,-7.603,43.66,-46.439,11.109,-30.108,35.142,-44.009,-2.231,31.24,7.625
1,-4.526,-24.43,49.914,-5.49,0.86412,36.924,-3.087,32.745,26.109,-18.683,-9.806,26.914,-26.481,-31.248,-6.559,7.36,5.979,3.415,-12.843,-48.917,-33.742,36.426,-22.23,48.994,17.928,31.549,-9.215,-3.109,-45.213,-42.747,-24.14,39.339,-7.053,-24.854
1,14.779,-5.009,-24.877,-18.59,-11.971,12.294,-12.442,-5.204,0.236,-29.271,-29.351,-0.05707,-24.662,19.871,-40.375,0.509,-15.398,48.021,-42.791,-27.553,-34.673,-30.779,26.118,-25.163,-11.587,12.0,18.062,34.732,39.584,18.389,42.881,-35.882,8.647,-14.683
1,-9.391,-0.264,13.671,17.79,-26.806,-47.431,-16.679,29.544,33.36,40.575,-24.587,48.3,16.442,24.9,10.58,11.519,21.398,-7.679,10.733,35.455,-15.925,27.976,-12.162,-9.921,-32.955,-0.10474,-20.785,-26.453,17.604,25.684,-14.625,21.565,46.58,-11.833
1,35.882,18.94,-2.213,-48.036,-4.983,-18.372,-15.495,-25.483,-19.777,11.072,8.181,-2.299,22.896,-36.583,-8.431,-8.186,41.906,-22.694,11.506,5.75,-42.53,-47.378,39.581,-0.13525,-22.03,-29.948,-18.177,-41.478,-33.674,44.19,46.198,-3.75,-26.078,26.801
1,-39.341,15.559,31.794,38.99,21.287,8.288,29.878,28.185,2.505,-22.737,-12.034,-35.375,-26.883,-27.825,32.785,6.017,-24.805,-7.282,-39.976,-9.188,23.035,-1.077,48.346,-0.08079,9.225,27.362,-47.156,-36.829,4.869,13.642,45.267,10.79,20.07,35.434
1,36.152,14.958,28.265,0.313,47.758,50.301,43.838,5.603,42.032,-38.919,-16.387,15.696,-0.52,-45.737,-10.787,-13.42,23.122,7.844,-5.399,3.606,22.227,27.37,-40.24,-19.723,8.746,-43.454,-13.102,48.749,-34.59,-11.356,-39.5,44.026,0.10007,-48.386
1,18.069,-6.537,-1.115,2.744,-5.207,-12.918,-37.87,-9.95,10.945,2.132,-26.859,-2.987,-25.364,42.802,8.65,33.61,42.727,-17.049,-40.52,12.946,30.415,-32.543,-49.05,-6.746,-0.57242,-41.636,19.224,16.302,15.04,15.812,-41.878,22.863,-49.125,-33.438
1,1,33.041,-44.909,27.375,33.244,-13.496,19.201,12.395,15.994,-29.575,3.005,43.245,5.136,-2.305,43.404,-48.282,-6.033,48.303,13.127,4.499,-8.923,11.422,17.823,-37.08,16.094,2.408,42.276,2.019,-13.75,13.575,37.923,-27.196,11.298,-2.977
1,3.525,-21.655,10.996,44.831,16.151,-0.865,-8.817,46.397,45.969,-33.082,5.752,35.154,11.675,-16.388,-1.871,27.63,26.108,-21.886,-10.402,-25.813,21.287,47.53,28.99,39.351,-42.79,-38.808,11.108,42.269,40.61,28.674,-15.385,49.015,28.416,-0.60270
1,1,39.477,19.867,34.718,-7.121,-35.817,38.39,-20.213,43.278,22.568,-35.941,-46.885,-50.112,-2.144,-22.058,39.288,-2.707,32.567,-31.748,-40.08,6.525,23.79,-49.904,27.44,-48.94,-42.628,-4.379,47.214,-6.593,11.396,27.973,-27.467,-12.121,-48.631
1,42.732,8.564,49.972,0.719,15.775,-25.461,18.514,4.482,14.058,19.355,-37.405,-3.558,2.625,5.612,-9.084,-0.812,-25.349,32.759,-21.726,48.659,37.817,-10.165,-6.541,-15.078,-34.711,8.617,26.845,39.06,-29.413,41.349,-41.917,46.25,-25.758,-0.18800
1,-15.946,17.106,27.529,26.061,-36.72,-17.384,38.02,7.309,-31.898,29.284,15.824,18.956,-30.094,-0.145,-35.144,-28.65,-45.083,13.95,24.355,8.353,39.43,31.221,-41.032,-47.645,11.946,-0.04476,46.101,-18.581,-47.765,36.241,39.872,17.885,-12.005,41.582
1,1,-30.434,45.247,-39.054,-40.265,30.638,-48.288,-13.094,-7.088,-44.066,42.756,42.698,43.054,-1.297,-44.7,36.045,50.818,5.704,-28.08,-50.109,48.321,31.123,10.089,-7.078,-9.578,-10.617,3.703,45.221,-26.496,11.184,-24.121,27.868,20.926,-42.206
1,47.426,-31.246,50.126,-13.854,-47.167,-1.823,9.881,0.519,21.918,15.779,48.685,-0.13559,47.372,15.14,-16.093,22.663,9.058,46.863,-36.546,-24.31,41.331,-28.197,-42.199,46.109,-25.804,-42.624,30.232,34.906,-31.21,-19.301,18.672,30.882,48.696,-23.108
1,1,-5.648,-48.297,-1.162,38.905,19.937,37.376,36.5,-47.668,-26.027,4.656,10.38,-33.266,-0.281,37.616,-49.513,-33.269,29.879,29.225,37.212,-1.603,-45.315,-25.423,39.849,-36.878,-38.959,41.172,28.424,27.729,3.904,26.034,-19.867,-4.064,-21.303
1,1,26.93,-4.993,16.046,34.864,-47.211,9.55,-43.353,-41.421,40.247,-6.762,-37.367,13.605,-13.294,18.733,-2.173,15.607,27.221,2.986,-24.421,-50.375,-15.404,1.542,38.739,40.423,4.802,7.428,-27.213,1.681,-4.823,17.824,33.436,-39.332,10.878
1,1,45.625,-36.327,3.469,-43.204,-39.876,-0.089,26.122,3.224,34.367,-38.925,36.558,30.116,5.518,14.976,1.403,-25.277,-18.256,43.705,-35.593,-33.154,-3.775,20.227,35.562,36.475,-27.572,-0.273,5.375,18.258,-34.518,-6.074,-17.035,-0.605,-1.285
1,1,15.34,48.786,-24.495,6.024,27.828,-24.894,0.811,12.322,13.609,16.874,-6.291,-42.249,31.725,43.524,8.551,-12.333,-2.292,11.38,3.701,-8.785,10.296,0.514,45.558,-26.764,-44.529,-5.863,-27.969,-27.612,27.442,-28.341,32.057,-37.931,18.611
1,-12.75,-34.534,-18.081,6.77,7.684,-28.677,11.733,44.877,44.079,36.12,-44.765,-46.124,4.716,0.83397,28.136,15.074,-18.729,37.269,28.181,-47.117,-25.168,30.156,-15.114,25.275,-31.003,-39.409,-10.002,6.933,47.006,-50.695,-48.162,-9.872,23.04,-2.36
1,-4.456,-45.876,-12.539,-48.446,33.465,27.734,0.29303,-2.965,-5.637,-12.04,3.311,37.508,-3.542,40.505,-25.788,-18.183,-28.174,49.162,-8.711,31.842,-23.788,4.535,16.618,-25.387,-24.565,-8.214,7.745,-11.377,-14.188,-43.227,49.727,-31.592,14.54,25.24
1,18.225,-12.438,26.145,0.676,20.977,15.507,-23.883,-25.741,-4.245,-30.843,-24.485,18.407,-4.009,-41.072,35.835,42.032,26.092,-0.607,18.003,-29.19,13.188,-18.61,1,38.699,-29.123,-13.52,-42.626,12.153,-34.537,7.939,-34.773,48.088,-26.586,-16.352
1,1,28.229,30.404,-11.821,-6.811,-27.476,-25.691,11.473,-15.221,-26.844,-24.33,46.073,0.736,-12.968,33.657,-9.66,-14.041,9.688,-9.551,21.385,36.573,-17.569,13.799,-16.803,22.353,26.829,-46.76,-33.644,10.921,-21.422,18.729,40.666,26.681,48.515
1,1,-5.572,42.154,-18.083,39.714,8.174,-1.9,22.939,5.938,45.055,34.714,11.764,-41.793,-17.993,-30.318,-22.03,-26.306,-7.985,-10.343,-20.355,-3.258,10.976,45.255,5.034,7.685,-34.798,18.955,-47.669,-3.442,-22.939,-42.699,-36.653,-8.764,-48.229
1,24.854,49.186,-7.024,-35.983,12.141,31.564,-38.956,-38.39,33.201,-11.224,45.274,30.128,-37.0,28.245,-24.413,15.952,1.259,10.092,-2.085,35.95,-24.8,-46.981,13.853,-29.4,5.13,26.87,20.433,38.0,0.40675,-40.917,-9.662,20.198,27.937,-26.815
1,50.744,10.888,5.783,-16.041,3.905,0.71804,24.15,-3.0,14.68,28.277,-39.822,-46.591,6.444,-39.26,14.03,49.696,-15.153,22.997,46.199,34.668,-20.034,8.816,-34.326,-1.173,41.986,-43.842,-11.918,-5.175,42.831,44.559,-45.857,43.168,-9.73,0.299
1,18.121,23.685,10.348,-49.368,-39.96,14.868,-1.124,-26.868,-31.735,16.693,32.205,-48.167,44.856,16.529,-5.689,-17.499,0.63291,-6.306,-37.338,-39.533,-31.195,2.501,13.954,-10.282,-41.511,19.16,44.388,-13.551,-5.291,-24.803,17.6,33.31,12.546,1.107
1,14.885,29.546,19.457,4.468,-44.911,5.508,12.402,18.43,3.494,-13.956,-4.724,-3.023,38.462,-2.576,-29.668,33.095,0.64706,-13.641,-48.026,42.437,3.798,27.157,48.679,3.013,-36.025,42.529,33.189,14.272,11.506,29.747,-7.629,5.979,-26.158,15.863
1,27.983,34.192,-41.433,-17.205,16.311,-38.046,50.717,40.554,46.68,45.635,-47.798,10.181,-20.743,-21.331,-21.346,-1.113,28.695,-9.456,44.088,34.404,12.222,39.962,0.88430,44.576,-14.908,-1.38,13.016,27.064,3.401,47.879,-8.459,-33.933,23.028,-25.762
1,48.911,-40.031,1,24.06,8.145,39.474,28.542,-26.97,22.778,12.025,-34.752,-47.712,-2.532,-2.831,44.104,38.78,-5.825,-49.444,-0.966,-12.802,-48.694,-48.369,33.372,-42.019,-35.394,-4.413,33.852,27.919,-30.032,-20.983,39.03,18.968,-6.787,36.758
1,1,14.794,26.773,-35.717,-29.473,-10.057,-37.463,-48.654,42.427,-42.86,9.477,8.691,-25.786,-7.51,49.906,4.592,-24.483,-0.127,14.013,-18.509,-14.084,41.74,-9.191,1.622,0.153,39.213,1.636,17.53,-25.442,-22.696,47.281,5.728,49.648,19.364
1,-37.91,23.403,0.90071,-36.097,-31.857,-46.056,30.195,8.407,37.163,39.009,-16.394,-41.925,14.969,14.888,31.995,-28.575,-15.946,17.074,32.14,-31.098,26.938,19.071,20.96,-47.508,-36.761,18.003,42.6,-12.893,27.536,11.051,39.487,37.081,8.26,45.196
1,1.688,41.838,-49.503,41.876,-0.586,5.804,43.15,45.404,44.913,-10.411,11.597,49.738,-10.11,36.199,-41.593,-12.923,-28.489,30.686,-6.51,-8.044,48.109,-24.793,-48.95,9.017,-45.128,-30.374,0.46362,-44.187,-1.574,-27.497,-40.76,21.677,3.157,28.197
1,-36.105,23.019,50.467,0.35950,30.279,29.641,47.1,-12.99,46.512,31.893,-26.451,35.77,-24.861,18.518,45.371,8.931,-43.546,46.945,-17.617,-32.007,8.861,-28.924,-31.572,14.275,47.905,-19.867,-42.91,-48.648,41.061,47.806,16.257,-19.915,-22.597,-39.024
1,29.567,-2.076,-25.27,40.162,-49.173,-33.131,20.074,-44.373,40.714,37.92,-26.34,-4.804,-4.82,-47.464,-38.093,30.155,37.599,37.353,9.756,2.084,-34.333,25.04,36.099,36.294,4.112,-0.935,-20.468,26.912,-48.106,39.456,-0.299,3.982,0.60073,-38.326
1,39.26,3.6,-2.267,6.114,15.699,19.571,-27.01,14.351,30.081,0.97820,33.341,5.283,-42.674,-37.816,-50.815,27.081,7.498,33.603,-48.468,18.314,8.422,-7.945,-5.528,15.0,-4.293,40.57,-15.445,-17.05,3.541,25.953,-13.408,-25.323,-43.407,11.997
1,-39.419,-36.273,36.61,-17.967,44.755,-0.577,3.002,38.392,4.304,-26.345,-6.048,34.036,-25.622,1.358,-1.338,-2.646,45.236,-44.382,-1.121,-0.395,0.527,-4.96,15.608,35.328,-36.345,20.559,26.256,-39.128,3.972,-6.161,-32.066,-34.324,19.068,0.79790
1,-10.548,-5.813,45.119,-41.272,-37.96,10.943,48.009,0.36364,32.128,-43.121,-0.425,-7.68,43.35,3.661,12.206,28.996,16.671,-29.196,-25.014,11.308,28.386,-27.918,5.879,26.82,13.22,30.546,19.583,46.17,9.0,-27.183,-26.149,-24.986,-14.372,15.673
1,-8.956,-47.087,47.614,-24.298,15.442,-49.865,-37.623,43.979,-8.274,-29.315,-33.631,6.437,-16.859,28.932,-0.961,11.28,8.846,-47.026,26.892,-30.648,-12.842,37.033,7.846,22.346,36.159,30.614,-41.628,-3.884,-18.109,-44.538,-23.866,-48.655,6.257,-0.01220
1,1,27.05,35.661,-25.674,-30.34,-7.792,-44.972,-48.833,-23.501,-23.113,8.349,-24.517,14.726,25.365,40.66,-2.876,-4.524,49.23,-6.383,-5.533,49.981,32.752,-12.001,36.654,-13.766,-27.071,4.522,-18.525,-12.687,-29.182,6.123,31.991,18.004,-10.526
1,39.726,-0.536,-32.882,-26.226,-34.65,-5.235,-17.624,-16.263,49.102,-24.897,-42.895,-12.331,13.098,17.254,-4.137,-13.256,-29.166,-30.642,1.465,17.045,-24.629,12.235,-34.924,-27.534,42.968,25.259,-40.22,7.916,0.74468,18.386,16.38,20.045,-46.793,25.164
1,-15.049,-12.826,0.612,26.883,-8.735,-18.375,41.577,48.54,6.66,-15.0,22.446,46.044,10.967,12.934,-24.392,29.46,-24.713,-7.738,36.43,17.947,-9.55,25.91,33.499,20.786,-20.609,-17.449,12.299,-16.698,-25.821,9.93,-11.012,0.02308,-26.543,28.253
1,-21.445,-8.153,42.335,15.566,-2.647,44.239,28.549,45.681,-46.189,22.273,-42.052,11.234,-17.745,11.012,1,-34.236,24.832,7.672,-1.327,-41.307,-8.138,-9.595,-1.736,-20.201,19.924,7.895,-4.597,-36.356,40.021,-48.067,-21.567,-29.684,35.872,5.516
1,-38.188,20.263,30.263,10.019,12.457,-10.217,46.572,-39.281,-35.341,5.227,-6.91,7.218,-27.733,20.589,31.913,36.199,-11.157,14.258,-35.394,-1.252,33.459,27.316,28.607,-40.32,-25.71,38.708,-23.174,33.159,50.165,2.132,0.98564,-19.504,-45.494,-23.615
1,1,-13.758,15.935,21.333,19.039,46.793,-2.813,-21.262,24.356,10.016,42.735,11.316,23.357,48.215,-13.362,-16.222,0.382,-47.166,-7.499,23.87,22.675,-35.334,24.265,43.718,-8.541,-31.593,46.368,9.924,-25.335,35.56,-12.782,-34.29,-32.864,-4.622
1,-43.29,-46.562,49.659,-5.68,8.783,42.92,36.566,21.002,0.499,22.127,-48.399,-8.228,33.08,-11.058,9.289,-37.796,-29.937,-30.251,16.943,10.252,-25.738,-31.483,44.313,10.92,-37.201,33.674,-15.84,-0.60678,-33.346,-46.157,-25.325,-45.49,-36.714,21.976
1,-18.771,-22.84,22.86,-35.247,-33.871,14.551,-14.624,11.332,-13.03,-14.156,45.302,11.379,-24.273,34.497,-20.234,25.632,23.087,-25.934,32.466,-0.65461,39.772,-47.931,-18.06,3.381,-26.811,41.618,3.111,-35.619,-29.693,24.774,12.656,22.072,16.892,-17.586
1,1,-19.596,15.916,46.485,-12.234,2.979,40.735,-29.546,5.241,-32.982,48.493,-4.138,1.805,49.923,9.734,43.754,-19.906,12.111,-34.237,-25.391,42.647,-47.584,-36.821,-42.252,-11.062,-40.716,-14.006,14.851,-46.851,-28.323,44.181,-12.287,-15.907,-43.524
1,2.229,33.608,-46.545,21.184,-21.537,-13.903,-49.212,-29.935,28.825,-4.802,15.111,10.442,-32.812,8.17,-0.82811,-44.514,-23.769,30.333,-49.731,17.464,37.339,-47.256,-46.656,-48.681,4.003,42.826,-5.924,29.768,8.073,-46.264,-28.969,-48.425,47.874,-31.851
1,49.754,-6.832,-10.297,29.162,-42.625,18.029,-25.297,-8.693,12.863,-25.72,5.386,6.063,-39.232,38.628,-4.243,4.086,-27.005,49.47,47.649,41.871,24.776,-37.529,-4.916,17.03,-14.432,-4.762,11.719,-39.201,-19.809,9.161,31.38,-44.469,-44.499,-0.33588
1,-47.624,40.278,17.347,-49.22,31.41,13.511,18.834,-49.069,12.556,1.36,-2.748,24.634,-30.811,3.142,-2.017,12.24,33.476,8.621,47.052,-31.923,-2.493,-16.471,-3.201,-27.005,17.085,-13.76,-25.536,-7.135,-44.35,24.568,-25.207,-48.934,-4.777,0.08616
1,35.96,12.635,-13.613,18.267,0.80462,46.851,16.435,39.511,-35.816,-16.339,-16.554,49.186,-15.867,-34.414,-41.499,-12.571,-23.938,-0.207,30.072,-23.254,5.201,-15.947,42.248,0.963,-18.366,30.289,12.585,30.859,23.22,20.128,26.037,-47.217,41.44,1.325
1,-40.389,-20.947,8.097,47.624,18.536,46.562,-48.235,-4.443,-12.029,-15.379,-18.607,33.608,-30.872,-29.447,-48.552,12.204,-26.766,43.498,-15.078,28.866,47.484,-17.423,-49.004,-2.897,35.833,-0.00564,2.214,6.79,-45.119,21.553,-3.028,-46.48,45.844,-10.861
1,32.787,-41.1,0.76046,19.807,34.129,46.016,42.345,2.374,18.665,38.48,-47.858,27.421,-21.301,-29.699,25.51,18.697,-12.159,33.302,-40.107,36.623,22.804,-9.895,38.618,-48.842,-1.788,9.808,-24.925,-33.446,17.799,-37.521,-8.104,-46.225,22.042,27.44
1,-13.04,-4.869,-33.348,-17.687,15.177,2.253,26.113,-42.201,-21.595,26.444,-43.279,-29.745,25.597,26.606,37.93,26.752,33.428,30.958,14.044,10.357,32.39,-5.925,0.469,31.295,4.103,-39.553,-13.451,33.649,-27.78,-31.134,28.505,9.657,-20.138,0.48087
1,9.909,22.296,30.592,-4.719,-26.723,32.675,40.063,-24.77,-17.576,9.182,-23.052,27.219,17.212,0.06723,47.416,39.225,-37.726,7.918,47.857,-5.036,49.409,-15.133,-23.57,-35.983,48.523,47.931,-36.308,-14.376,-35.453,46.573,-42.618,26.874,12.598,-37.982
1,-1.988,37.898,29.577,-34.786,43.107,-13.956,0.93438,10.503,47.827,25.692,-27.502,36.769,5.285,5.655,17.909,25.031,-2.64,38.689,-32.458,21.947,-48.572,35.66,-31.185,29.741,5.265,32.285,-25.999,42.3,48.88,-13.081,-20.68,4.249,-48.214,-32.402
1,9.293,-30.344,15.461,2.204,9.45,37.521,35.831,43.806,41.323,24.005,-30.719,-0.36,-9.617,1.589,39.979,12.919,7.242,13.386,-20.732,7.96,1.02,-11.474,-47.825,-37.76,47.793,23.009,-27.653,-5.509,-48.705,21.629,0.92459,-3.488,44.814,-4.094
1,1,26.97,-8.893,4.617,0.297,-42.784,-1.993,3.065,-48.776,-34.849,-34.111,36.904,-34.162,35.191,-13.039,44.127,-26.037,-1.126,-42.687,23.176,-17.692,-7.302,18.441,-30.716,-41.03,-27.574,-11.562,14.925,8.388,-33.305,-21.868,-40.33,47.108,16.517
1,43.809,33.88,48.068,23.549,32.389,10.156,-36.52,49.178,-27.004,-24.636,-36.025,49.026,24.895,29.222,45.375,31.147,-22.107,-11.225,15.11,-11.418,-6.267,18.426,0.71002,19.431,-10.303,11.767,20.565,49.839,30.572,17.955,28.92,31.002,43.158,31.934
