1,1,0,0.99539,-0.05889,46.463,31.515,0.83398,-0.37708,1,31.054,-9.454,-0.17755,0.59755,47.693,0.60536,-0.38223,0.84356,-0.38542,0.58212,-0.32192,0.56971,-0.29674,0.36946,-0.47357,15.764,-0.51171,0.41078,3.346,0.21266,-0.34090,0.42267,-0.54487,40.946,35.46
0,1,0,1,32.487,2.689,1.962,-0.10868,-0.93597,34.881,-0.04549,0.50874,-3.264,0.34432,-0.69707,-0.51685,-32.205,0.05499,-0.62237,0.33109,19.216,-0.13151,-0.45300,-0.18056,-0.35734,-31.106,-0.26569,-0.20468,-0.18401,-0.19040,-0.11593,-0.16626,-0.06288,-0.13738,-37.378
1,1,-28.793,1,-0.03365,1,0.00485,1,-0.12062,0.88965,49.584,0.73082,-32.768,0.85443,0.00827,0.54591,0.00299,0.83775,-49.281,0.75535,-0.08540,0.70887,-0.27502,0.43385,-13.67,0.57528,-15.893,25.21,-5.814,7.074,-0.17365,0.60436,-0.24180,0.56045,-0.38238
0,7.871,0,-35.562,-0.45161,1,1,0.71216,-1,13.882,0,0,0,0,0,-31.183,30.385,0.54094,3.672,-1,-0.54467,-0.69975,-19.565,-27.903,0,1,0.90695,0.51613,1,1,13.595,0.25682,1,-0.32382,1
1,1,0,-5.572,-0.02401,49.672,0.06531,0.92106,7.287,0.77152,-0.16399,0.52798,-49.194,0.56409,-0.00712,0.34395,-0.27457,0.52940,-0.21780,0.45107,-42.701,0.05982,-8.598,0.02309,-0.52879,3.783,-0.65158,-24.417,-0.53206,-49.168,-0.62197,-0.05707,-0.59573,-0.04608,-0.65697
0,1,0,-7.085,-26.594,-16.433,-0.11949,-0.00763,-0.11824,22.125,0.06637,0.03786,-0.06302,0,0,-0.04572,-34.353,-0.00343,-0.10196,-0.11575,4.868,45.258,0.03669,0.01519,0.00888,0.03513,-0.01535,-0.03240,0.09223,-30.472,0.00732,0,-7.393,-0.00039,0.12011
1,20.416,0,15.63,-0.10602,-26.655,0.207,0.92806,-0.28350,-9.239,-0.27342,0.79766,-0.47929,0.78225,-0.50764,0.74628,-0.61436,0.57945,-0.68086,-31.624,12.648,0.36324,-0.76562,0.31898,-0.79753,0.22792,-47.145,0.13659,32.211,0.04606,-0.82395,-0.04262,-0.81318,-0.13832,-0.80975
0,0,0,0,0,25.302,48.348,1,36.269,0,0,-1,-1,0,-44.569,0,0,1,1,-1,-5.752,0,0,0,0,1,-10.504,-27.727,1,-39.12,-25.405,1,1,0,0
1,-22.896,0,0.96355,-0.07198,-15.855,-0.14333,1,-0.21313,1,-0.36174,0.92570,-0.43569,-4.72,-0.40668,0.90392,9.028,3.019,26.069,46.683,-0.66020,0.75346,-0.60589,0.69637,-0.64225,0.85106,-0.65440,0.57577,-0.69712,0.25435,-0.63919,0.45114,-0.72779,3.885,-9.503
0,1,0,0.75,-0.08459,-31.459,0,0,0,0.11470,32.119,-0.45663,-0.38172,9.22,0,-45.627,0.38602,-0.37133,0.15018,0.63728,0.22115,-34.596,0,0,0,-0.14803,21.815,0.20645,-10.821,-28.763,0,0.16595,0.24086,-0.08208,0.38065
1,1,0,1,-3.599,4.938,-0.18388,40.031,-3.546,-47.708,5.891,1,-0.41349,0.96232,-0.51874,33.866,1.57,-15.042,-0.66474,0.69876,-0.70997,0.70645,-0.76320,0.63081,-0.80544,0.55867,-0.89128,0.47211,-0.86500,0.40303,-0.83675,0.30996,-0.89093,0.22995,-0.89158
0,1,0,6.435,-0.54210,-15.752,-1,1,-1,1,0.36217,1,-0.41119,1,1,-44.488,-1,4.63,-0.29354,-13.427,-0.93599,1,1,1,-8.838,-21.147,37.172,1,-0.62745,1,-1,-34.063,-1,1,-1
1,1,0,1,-0.16316,1,49.726,0.99999,-0.15197,1,-42.139,0.94055,-0.35151,0.95735,-0.29785,0.93719,-0.34412,0.94486,-0.28106,32.734,-0.43383,30.653,-0.47308,2.951,-0.51220,0.84080,-20.694,-41.291,-0.58370,-33.248,4.089,0.68714,-0.64537,0.64727,-0.67226
0,1,-12.689,-23.57,-0.86701,1,24.564,0.85492,-0.39896,-13.562,-0.12090,1,0.35147,12.024,-8.516,1,-0.14767,1,-1,-10.024,-1,0.61831,0.15803,1,0.62349,1,-0.17012,1,-10.487,1,-0.66494,1,0.88428,1,-43.003
1,1,0,48.365,0.07380,1,0.03420,2.425,-0.05563,1,-0.394,1,0.19651,1,0.20328,1,0.12785,1,0.10561,5.639,0.27087,1,0.44758,1,0.41750,31.64,42.6,1,0.36743,0.95603,34.214,-28.402,46.548,1,0.46712
0,1,0,0.50932,-0.93996,1,0.26708,2.964,9.333,1,-1,-37.626,3.658,0,0,-1,-0.34265,-0.37681,0.03623,1,-1,41.498,0,0,0,-0.16253,-22.974,0.39752,13.051,0,0,3.085,43.721,0,0
1,1,0,0.99645,0.06468,1,-0.01236,0.97811,5.527,15.627,0.02312,0.99274,0.07808,-46.849,-32.068,0.94212,0.05269,-12.842,0.11120,-17.711,0.08631,0.81633,-20.362,0.83668,0.14442,0.81329,0.13412,-40.803,0.13638,0.79110,10.911,0.77122,0.15930,0.70941,0.12015
0,0,0,0,0,-45.935,-1,1,1,-29.43,1,-1,1,11.031,43.815,25.841,1,-3.535,-1,-1,9.759,1,-1,-1,1,-1,1,1,-28.973,-18.727,1,-1,-1,1,-1
1,1,0,0.67065,0.02528,0.66626,0.05031,0.57197,0.18761,-6.863,0.34081,0.63621,11.21,-11.923,0.14285,0.78637,41.465,0.58373,0.18151,0.14395,0.41224,0.53888,0.21326,0.51420,2.554,-30.58,0.23724,0.432,11.648,-37.662,0.25306,0.40663,0.25792,1,0.33036
0,0,6.318,-30.462,-1,0,-38.446,0,9.289,1,1,1,-1,-0.71875,24.359,0,-34.131,-1,15.101,1,-31.888,-1,1,1,0.56250,12.551,1,1,1,1,-1,1,1,1,1
1,1,0,1,-0.00612,31.314,-45.823,1,-0.07649,1,-29.762,1,-0.11073,-41.101,-0.39489,1,-0.15616,0.92124,-0.31884,46.377,31.784,0.91693,-0.44072,0.96060,-0.46866,0.81874,39.733,-21.749,-0.42231,0.75784,-0.38231,0.80448,-0.40575,21.555,-0.45039
0,0,0,1,1,0,-0.09,18.758,0,-1,-1,33.767,0,0,0,-32.863,-1,-1,-1,-1,1,-1,46.862,-41.359,0,0,0,38.003,-16.544,-1,31.825,-1,1,-1,1
1,1,0,29.193,-5.305,1,0.04296,1,-48.144,25.593,-0.05144,0.89263,-18.877,0.83250,-0.06142,-34.513,0.09831,-11.515,10.634,0.75206,-0.05295,0.65961,35.824,0.64158,-0.05929,0.55677,-0.07705,0.58051,-0.02205,0.49664,-0.01251,0.51310,-0.00015,0.52099,-0.00182
0,0,-15.65,47.96,1,0,3.216,2.33,0,-1,1,1,1,0,0,0,25.866,1,-1,2.939,1,1,1,0,34.576,-39.338,-1,-13.538,-1,1,1,-1,1,0,0
1,1,0,-18.332,-0.06182,1,0.02942,1,-6.508,1,-0.01707,1,-0.11726,13.1,-0.05202,18.483,-14.026,0.69170,-0.07379,0.65731,-0.20367,0.94910,-0.31558,0.80852,-16.6,-46.328,-0.34838,0.72529,-0.29174,46.343,-0.38576,0.54356,-0.26284,0.64207,-8.033
0,1,-46.814,1,0.57820,1,-44.143,1,-1,1,-1,1,-1,22.394,30.626,1,-1,1,-1,1,-1,1,-0.62796,1,-16.339,1,-1,1,1.512,7.755,43.243,-0.104,-1,1,-1
1,1,0,33.701,-0.08714,1,-0.17263,0.86635,-0.81779,0.94817,0.61053,0.95473,12.982,10.825,-0.31736,0.87937,-0.23433,0.81051,-0.62180,1.535,-1,0.90284,0.11053,0.62357,27.139,-5.873,-0.82868,-22.233,-0.86583,30.911,-0.89674,0.32984,-0.92128,-3.965,-1
0,0,0,-1,-1.406,0,0,-1,1,1,-0.37500,-42.366,0,-2.537,4.697,27.471,0,1,-1,16.483,-1,45.732,-1,12.31,0,1,-1,-1,1,-1,-1,0,0,3.255,1
1,1,0,1,-3.516,1,2.229,1,-0.13308,0.98172,0.64520,1,-10.869,1,0.59113,1,-35.581,-23.551,0.82777,1,0.95099,-23.585,1,0.98042,1,0.91624,1,0.83899,1,-41.783,1,21.612,-12.563,0.52479,1
0,0,0,-18.023,-1,-5.001,1,1,38.507,-1,1,1,-1,-1,-16.097,-5.817,0,-2.436,1,-1,-1,1,-1,20.068,-1,1,1,-28.84,-1,1,-1,-1,-26.605,1,-1
1,1,3.8,1,-0.14236,1,-0.16256,1,-0.23656,1,-0.07514,-9.661,-29.078,1,-19.937,1,-4.729,1,35.689,1,-0.46162,1,-29.705,1,-0.59661,1,-0.47643,-17.292,-0.49687,1,-0.75820,1,5.52,1,-0.84437
0,1,10.785,1,-18.668,1,1,1,-49.659,1,-1,-15.329,-1,7.574,-0.01840,1,-1,1,1,1,-0.85583,-3.914,1,1,-1,0,0,1,5.879,1,-14.643,1,1,1,-39.492
1,1,0,0.88208,32.513,0.93408,-0.11057,-46.866,-0.16450,0.88307,-11.846,0.88462,-0.31809,0.85269,11.561,0.82116,-0.35924,0.80681,-0.33632,0.75243,-8.634,-41.296,-0.47153,29.852,35.839,0.61297,-0.48086,0.56804,41.172,0.50179,-0.59854,0.47075,-0.57377,0.42189,-0.58086
0,1,0,0.71253,-0.02595,17.3,-0.23067,0.98019,6.137,-35.051,-0.10236,1,-0.10951,0.58965,1,0.83726,-1,-41.633,37.687,0.80760,-0.28257,-26.397,0.92730,32.171,0.05456,36.964,-0.20392,0.93124,-43.892,0.63811,-0.21901,0.86136,-0.87354,-0.23186,-1
1,1,0,41.566,-0.15899,27.934,0.27686,0.83443,-13.424,1,-0.28207,1,46.817,0.79962,-0.12527,0.76837,0.14638,1,-17.255,1,0.26590,0.96354,-38.41,-25.463,-0.91338,1,0.14803,1,-0.11582,1,-0.11129,1,-11.904,-20.556,-0.57758
0,6.033,0,8.604,-1,1,1,1,-0.67321,0.80893,-0.40446,37.417,-32.447,39.816,-0.89375,42.3,0.73393,-12.029,0.70982,1,-9.444,1,0.85268,1,-1,1,0.85357,1,-0.08571,0.95982,-27.067,1,0.65268,1,0.34732
1,-9.672,0,1,0.00433,45.84,-0.01209,1,42.831,1,-1.815,0.97839,-30.49,1,-0.06544,0.97261,-0.07917,0.92561,-0.13665,0.94184,-0.14327,0.99589,-0.14248,-18.597,-0.13565,20.835,-0.20851,0.89067,-0.17909,1.054,-0.18552,0.83777,-0.20101,0.83867,-21.51
0,0,0,-28.221,1,13.964,-5.146,-23.819,0,0,40.776,-1,-1,0,0,0,0,-1,1,1,1,-1,1,-2.704,1,1,-1,1,1,-41.848,43.124,1,1,-27.483,0
1,1,0,16.89,0.04347,2.08,0.02280,0.94705,0.05345,-2.885,0.01321,22.033,0.06348,0.92766,0.12067,0.92048,22.141,0.88899,0.12722,0.83744,0.14439,0.80983,0.11849,0.77041,0.14222,0.75755,0.11299,-39.682,0.13282,33.256,-7.749,39.104,0.10754,0.65258,0.11447
0,1,0,1,0.02461,0.99672,0.04861,0.97545,-9.214,0.61745,-1,0.91036,0.11147,-36.081,-15.468,0.82077,-28.866,0.76929,0.15189,1,45.53,0.65850,29.654,0.60138,0.16516,5.428,0.16390,0.48867,20.647,0.43481,0.15436,0.38352,0.14677,-47.907,1
1,10.358,-14.782,1,0.06538,1,0.20746,1,0.26281,0.93051,0.32213,0.86773,0.39039,-46.8,0.50082,-17.712,0.52321,0.65954,0.60756,0.57619,0.62999,0.47807,17.096,-45.597,0.68840,7.594,0.72082,0.27712,0.72386,0.19296,0.70682,16.536,0.72688,0.06990,-38.449
0,1,0,-1,-1,1,12.188,1,16.205,0,0,-1,-39.249,1,1.589,14.142,-1,-16.511,-1,0.08750,-1,1,-1,19.611,1,-1,-1,21.997,-1,-1,-1,-36.425,1,0,0
1,1,0,0.90932,0.08791,0.86528,-34.931,1,0.16598,0.55187,-15.778,0.70207,0.36719,0.16286,0.42739,-27.979,-26.241,-1.471,0.49618,0.31639,31.894,-40.311,0.54462,0.31274,0.55826,0.24856,0.56527,0.18626,16.246,0.12635,-19.778,0.06927,0.55061,0.12137,0.67739
0,1,0,-0.64286,-1,1,0.82857,1,-1,1,-27.508,1,0.96161,1,-0.37679,1,-42.014,1,4.85,1,-40.423,13.137,-0.03393,-0.84286,39.963,0.53750,0.85714,-3.544,23.016,1,12.514,1,-1,1,-1
1,1,0,0.99025,-0.05785,0.99793,-0.13009,-39.001,-0.19430,0.99374,48.587,0.92738,-0.30130,16.995,-0.37965,0.89812,-0.43796,3.956,-0.52064,0.87433,-0.57075,-6.902,16.246,0.74725,-24.457,0.68282,-27.737,0.65247,5.817,0.61010,-0.75353,0.54752,-0.80278,0.49195,-0.83245
0,0,0,0,0,0,0,0,0,1,1,38.32,9.346,0,0,0,10.973,-0.37500,-1,29.141,-1,0,28.205,-16.556,0,-1,-1,-14.353,-1,-13.399,9.776,1,0,0,0
1,1,0,1,-18.798,3.694,-0.07383,0.99601,-0.11039,0.99838,-8.524,0.98941,-31.655,2.522,-0.21695,0.95288,-0.25099,0.91236,-36.776,0.90581,-0.32152,0.89991,-26.537,0.87874,-0.37643,0.86213,-0.42990,0.83172,-10.57,0.81433,-0.42593,0.77919,35.487,0.75115,-0.50152
0,1,-42.055,0.94598,-0.02685,10.183,0.26131,-0.36393,0.35639,0.69258,-5.066,1,-0.03353,-0.29020,-0.00550,-0.54852,0.15452,0.91921,-0.46270,20.364,-0.50424,-0.29735,0.03,-0.73864,0.37361,0.83872,-46.713,0.52208,21.632,1,48.141,-0.09634,0.20477,-2.605,0.41913
1,1,0,0.98166,0.00874,0.98103,-0.03818,0.97565,-0.05699,-18.029,-0.06971,16.757,-0.04507,0.94713,-0.11102,33.055,-18.038,-36.815,-0.11583,0.79682,-0.19200,0.88274,-0.17387,0.86257,28.778,-39.374,-30.976,0.81813,-0.21136,0.78546,-0.23864,10.004,-0.23095,0.74323,-0.23902
0,1,0,0,47.975,1,0.51724,23.69,0,0.10991,-1,0,-14.671,0,0,24.28,-0.22414,-0.55711,-0.83297,14.745,-7.266,0,0,0.53448,0.35668,-0.90302,46.392,24.944,-1,-1,44.519,0,0,0,0
1,1,12.324,0.84134,-0.18362,6.093,0.02919,5.808,-0.00267,0.87947,0.13795,0.81121,49.977,0.88559,-29.355,0.91714,-0.57486,0.75000,-0.29520,0.86676,-0.20104,-37.947,1,0.46610,-0.16290,0.90066,-24.815,0.93358,-0.01158,-39.675,36.269,0.84463,-0.25706,0.93323,-0.01425
0,0,-33.386,1,1,1,-0.236,0,0,0,0,29.525,1,1,1,28.946,-1,1,22.1,-1,1,0,0,1,-1,1,-43.252,1,1,-19.937,-11.356,0,0,0,-47.538
1,1,0,1,1,1,1,25.865,1,-0.26970,1,28.821,0.126,-1,1,-1,0.72526,16.036,-0.57779,-35.089,-0.42052,-1,-1,15.826,-1,0.90014,-1,1,41.21,1,-1,36.635,19.898,1,0.34845
0,1,0,-0.67935,-1,-1,1,1,0.63317,-0.232,-2.349,-1,-27.095,1,-45.679,0.88683,-1,-1,1,36.734,-19.407,1,-21.946,-1,-1,-0.18856,-10.735,18.699,-1,-1,-1,-1,1,1,0.33611
1,1,-26.741,-2.978,0.08143,-26.549,-0.05667,0.97165,-0.08484,0.96097,-0.06561,0.94717,0.01279,-32.967,-0.16795,0.94612,-0.19497,0.99630,-0.32268,0.90343,-0.35902,0.91428,-0.27316,-28.699,29.773,0.99899,-0.40747,0.87244,-0.34586,-28.07,-3.101,30.802,-0.39061,0.82166,-0.41173
0,-48.191,0,-13.966,-0.20685,-1,1,-45.174,1,0.71875,0.47173,33.239,39.279,-1,-1,-1,1,-0.02753,0.59152,-0.42113,-0.42113,-9.52,-1,-27.424,-0.46801,25.22,0.23810,1,-1,-1,-0.38914,-1,-1,28.628,0.61458
1,1,0,1,-0.02259,3.015,-0.04494,1,-0.06682,1,-0.08799,1,3.41,1,-0.12738,-33.946,6.594,1,0.32407,1,-0.17639,0.99484,-6.211,0.95601,-0.20081,9.965,-0.92284,0.87280,-14.575,0.82920,-0.22370,29.497,-0.22765,-11.581,-0.22981
0,41.275,0,-1,1,1,-1,-1,-13.737,-6.067,0,1,1,-1,-0.18750,1,1,-1,-1,3.242,-1,-1,-1,-3.477,-45.614,1,-1,1,1,-38.972,1,-43.8,46.558,-1,-1
1,1,24.991,1,0.05812,0.94525,0.07418,0.99952,-15.471,1,-0.01911,0.94846,-8.323,0.95713,-13.342,0.94862,0.11224,0.90896,-1.834,0.96741,0.16265,0.99695,0.14258,-26.051,-45.928,-35.372,0.22431,0.88423,0.23571,-3.198,0.22511,0.78324,0.29576,0.83574,0.31166
0,1,15.287,0.17188,-1,-1,1,0,-46.983,13.531,-7.168,-1,1,0,0,-0.61354,28.678,-18.466,0.36146,0.51979,0.14375,42.196,0,-1,-0.27083,2.536,0.96250,1,1,-1,0.67708,28.405,0,0,0
1,1,6.084,1,0.09771,1,0.12197,7.183,0.22574,-29.94,0.09237,0.94930,0.19211,0.92992,-35.023,0.89241,0.28343,0.85529,0.26721,0.83656,0.33129,0.83393,0.31698,-24.121,-22.826,0.76193,0.34658,21.512,2.749,0.62764,0.46031,-4.827,0.47033,0.54252,0.50903
0,1,0,0.01667,-0.35625,13.789,0,0,0,0,-42.473,47.784,0,0,0,0.12292,-0.55000,28.252,50.487,1,-0.42292,0,0,0.08333,-1,3.14,20.664,1,-0.76667,22.163,0.18854,0,0,-47.517,-0.27292
1,1,0,-18.9,-29.947,-23.067,0.16334,0.94616,0.33347,8.613,0.22610,0.91408,0.37107,0.84250,0.46899,0.81011,0.49225,0.78473,46.545,37.081,0.56977,0.56553,0.58071,0.55586,0.64720,0.48311,1.711,-45.199,0.69129,5.161,0.76147,0.33921,0.66844,0.22101,0.78685
0,1,0,-30.414,-46.932,0.20833,-1,1,-23.89,0.87719,0.30921,26.135,1,-0.05921,-20.171,0.01754,-11.227,-0.51535,-1,0.14254,42.548,-40.583,-0.43860,-8.518,1,0.80921,-1,1,-0.06140,1,1,0.20614,-1,1,1
1,40.616,0,1,-0.41457,1,0.76131,0.87060,0.18593,1,-0.09925,0.93844,-26.388,0.65452,-0.16080,1,0.00879,0.97613,-8.11,0.80025,-0.24497,0.88065,-0.19095,1,-48.699,-32.168,0.10678,-32.153,-48.241,16.629,-0.27387,0.43970,0.19849,35.828,-0.05402
0,1,0,0.84783,0.10598,1,43.949,1,-1,0.66938,0.08424,1,0.27038,-25.915,0.60598,1,22.047,5.972,0.02672,31.052,16.265,1,0.63496,0.89130,0.26585,29.374,-0.33333,-39.519,0.15942,0.37681,22.944,1,0.22464,1,0.37409
1,1,0.785,-10.8,0.28046,-18.888,0.02477,17.582,-23.216,1,0.04317,0.98762,0.33266,1,0.05489,1,0.04384,0.95750,-0.24598,0.84371,-0.08668,1,0.04150,0.99933,-49.025,1,-0.39056,0.96414,-48.687,6.831,0.23360,0.94578,-0.22021,42.695,-0.07329
0,0,0,1,-1,-1.309,-1,1,-49.132,1,-30.511,1,1,1,-10.166,1,-37.29,1,1,1,1,1,1,1,47.162,1,-14.99,1,24.831,1,0.65625,0,39.626,1,-1
1,1,0,1,0.67784,31.781,-6.071,0.43019,1,0.20619,0.80541,-14.464,1,-0.79135,0.77092,23.777,0.40268,-0.39046,-0.58634,-0.97907,38.305,-0.73083,-0.76339,-0.37671,-0.97491,-26.218,-1,0.246,10.256,0.25773,-1,0.93570,-0.35222,-6.215,0.03446
0,1,35.913,1,1,1,14.196,1,-1,1,1,-16.477,32.492,1,1,1,-36.722,4.808,1,32.017,1,1,1,1,1,1,46.61,1,0.5,0,0,-23.929,-1,1,-1
1,1,-2.587,1,0.03529,1,0.18281,1,2.593,-9.306,34.131,21.216,0.28778,1,0.38643,2.758,0.31674,1,0.65701,-30.23,0.53846,1,41.373,1,0.59457,0.89593,0.68326,0.89502,0.71374,0.85611,0.67149,0.74389,0.85611,48.858,0.75837
0,0,0,1,-1,-36.353,1,-1,31.675,25.62,-1,-30.903,0,-13.55,0,-1,1,-48.145,-33.822,1,-1,-0.75000,1,1,-1,-4.593,-1,1,-1,-1,-16.49,0,0,1,-1
1,50.572,0,0.96087,-20.479,0.96760,-27.71,0.96026,0.27451,-29.203,0.35052,0.92867,0.46281,7.505,0.52517,0.82820,0.58794,0.73242,0.69065,0.69003,0.73140,4.61,0.68820,0.48339,0.76197,0.40615,7.618,14.13,0.83796,0.24944,0.86061,0.13756,-27.924,0.09048,0.86285
0,-23.55,0,0.69444,0.38889,-8.242,0,-0.32937,0.69841,0,0,30.24,0,0,0,0.20635,-0.24206,0.21032,0.19444,0.46429,14.664,0,7.52,-42.523,0,-35.828,0.27381,-48.229,0.63492,0,0,0,3.751,0,0
1,1,-6.572,1,45.291,1,0.10827,1,0.19498,1,-16.049,1,0.34826,49.731,22.361,0.94575,0.42881,0.89126,0.50391,0.75906,0.58801,0.80644,0.59962,0.79578,0.62758,0.66643,-6.469,-6.798,0.69435,0.49538,0.72684,0.47027,-25.871,-48.858,0.75243
0,-34.198,14.655,1,1,-30.394,0.415,1,-1,20.416,-1,1,1,1,34.036,1,-1,1,1,1,1,1,-1,-1,3.922,1,-1,1,-47.329,1,1,0,0,-31.002,-1
1,1,0,1,0.04078,26.302,0.11982,1,0.16159,1,0.27921,0.98703,0.30889,-10.577,-38.744,-9.188,48.746,0.81939,0.46059,0.78619,0.46994,0.79400,0.56282,0.70331,-27.02,0.67077,0.59723,-43.98,0.60990,0.53952,0.60932,13.837,0.63636,-25.001,0.62658
0,0,0,38.269,1,-22.896,-1,1,-3.752,1,27.422,1,1,1,-27.727,1,1,1,-1,-9.769,1,-1,10.491,-1,1,1,1.035,1,1,44.837,1,-1,-1,-1,1
1,1,0,1,-28.522,-30.459,0.48590,1,0.72973,10.22,-33.596,1,1,1,1,1,0.77128,1,1,1,1,1.514,4.496,0.89647,1,-5.019,1,22.211,1,0.10819,1,-17.028,1,-0.81383,1
0,0,0,1,1,1,-1,33.959,1,-4.272,1,0,0,1,33.387,0,0,-15.934,-48.708,-1,-9.799,-1,1,40.031,3.16,1,-1,-44.29,1,1,1,1,-1,-1,1
1,1,-16.752,4.63,-0.06604,1,0.62937,1,0.09557,-44.488,0.20280,1,-1,1,-0.40559,1,-0.15851,4.938,0.04895,1,-0.61538,7.322,-0.26573,1,36.581,-2.666,-10.418,-34.063,-0.81372,1,-1,1,-0.78555,1,-0.48252
0,-41.947,0,1,30.833,-19.223,-21.147,1,1,1,1,1,1,1,-43.053,-13.427,-1,1,1,30.793,-1,1,6.435,50.828,1,1,-1,1,1,1,-1,1,1,1,-1
1,1,-24.57,-7.671,0.07804,0.92679,0.16251,-33.009,0.24618,0.84111,0.35197,0.78801,0.42196,0.70716,0.46983,-13.855,-10.459,0.60459,0.64200,2.633,0.64924,0.39903,11.694,0.34232,0.68343,0.23693,0.76146,0.18765,-10.107,0.09694,0.71038,0.02735,0.77072,4.736,0.69509
0,1,0,43.081,-0.17314,0.82332,0.21908,0.46643,-42.486,0.25795,46.806,1,30.488,0.01060,0.44523,0.01060,0.38869,0.18681,0.41168,4.744,0.36353,-12.646,34.035,-0.00083,0.24936,-0.02862,0.19405,-0.04314,24.486,1.377,0.10349,-0.04585,0.07064,-0.04013,0.04586
1,1,-0.482,13.534,-0.02811,0.65680,-0.05178,0.80621,41.526,44.349,0.02515,0.63462,0.08728,0.71598,0.07840,0.73077,-38.011,48.151,-0.27811,-23.237,-29.417,0.78698,0.06953,0.34615,-0.18639,0.65385,0.02811,0.61009,-0.06637,0.53550,-0.21154,0.59024,10.193,0.56361,0.02959
0,11.758,0,0.39179,-0.06343,0.97464,0.04328,-31.172,1,5.016,0.15299,0.54478,0.13060,3.615,-0.82090,0.57836,0.67910,-13.062,-20.585,0.46642,-0.11567,0.65574,-41.45,0.83209,0.45522,0.47015,0.16418,0.49309,0.14630,0.32463,-0.02612,-18.181,0.13521,2.429,0.12755
1,1,-47.742,25.516,0.04528,15.436,-0.10566,0.77358,0.03774,0.66038,8.714,0.64528,0.01132,0.66792,-0.13962,0.72075,-0.02264,6.271,10.118,45.434,-0.07925,0.75849,-0.23774,0.73962,-17.874,0.84906,-0.15094,0.73886,-28.031,0.66792,0.02264,0.86415,0.03774,0.73208,0.00755
0,1,0,0.72727,11.039,0.89241,0.03462,1,-44.208,-1.871,-0.05909,0.48182,2.16,-27.612,0.09559,-30.5,1,0.50455,0.21818,0.66818,0.10000,12.402,-0.30000,0.98636,-1,-37.523,0.32727,0.56982,0.14673,0.42273,0.08182,0.48927,0.14643,-5.951,1
1,1,9.289,0.57647,-0.01569,0.40392,0,0.38431,0.12941,13.951,-0.05882,0.56471,-38.304,0.46667,0.08235,0.52549,-0.085,0.58039,0.01569,0.50196,41.355,0.45882,14.167,0.58039,0.08235,0.49804,-32.884,-12.058,0.10039,0.46275,0.08235,0.45098,0.23529,23.791,0.17255
0,1,0,40.557,-41.976,0.35000,0.12500,0.23182,0.27955,-0.03636,0.44318,32.175,45.874,-0.19091,0.33636,-0.13350,0.27322,20.838,0.40455,-34.479,0.12727,-0.20028,0.05078,6.132,0.36364,-31.602,-0.04802,-0.09971,-0.07114,-1,-1,-0.02916,30.239,-0.00526,-0.06314
1,1,0,0.88305,-45.945,1,0.36373,19.583,0.19206,37.854,0.05901,-30.958,-15.587,0.85193,0.25000,0.77897,0.25322,0.69206,0.57940,0.71030,0.39056,0.73176,0.27575,-21.575,0.258,0.56760,0.52039,0.69811,0.53235,-40.55,0.58584,0.43026,-28.947,0.52361,0.54185
0,1,28.232,0.84557,-0.08580,-0.31745,45.056,-5.465,-0.56435,0.80648,0.04576,31.72,-0.00763,-0.18494,11.271,-35.588,-0.68065,0.85701,-0.11344,0.77979,-0.15729,-0.06959,0.50810,33.426,36.713,0.78932,-0.03718,0.70882,-0.25288,0.77884,-0.14109,24.478,-0.78170,-0.18494,-0.59867
1,1,0,3.039,2.968,0.64348,0.04348,0.45217,0.38261,-13.886,0.18261,0.5,0.26957,0.57826,-12.51,0.50435,0.37826,0.38696,-0.42609,0.36087,48.699,-18.633,0.11739,0.53246,-0.03845,-47.924,-15.772,0.49930,-0.04264,0.48348,-0.04448,0.64348,3.687,0.50435,0.14783
0,1,0,-38.88,0.14861,-0.33746,0.73375,0.52012,17.41,0.31889,-0.06811,0.20743,-0.15170,0.47368,0.08978,0.56347,-0.15480,-6.292,26.318,0.33746,-47.143,35.08,0.07121,-0.63777,-0.61610,1,0.65635,-15.87,-0.40116,-0.15170,0.11146,-7.614,0.55820,12.782,-0.08978
1,1,0,0.29202,0.13582,0.45331,0.16808,0.51783,-0.00509,-42.617,0.20883,0.52462,-0.16638,-46.34,-0.04754,32.181,0.03905,46.428,-0.22411,-13.536,44.201,0.34975,0.06621,0.28183,-0.20883,0.51731,-19.364,0.50369,-0.03351,2.859,0.09847,0.70798,-0.01868,7.15,-0.03226
0,1,0,-14.548,0.16851,0,-6.427,10.506,0.06874,0.39468,1,33.085,14.392,-0.02439,0.53215,28.161,0.12860,-0.02661,-0.153,-0.50998,0.84922,-0.10200,21.782,-0.42572,0.23725,-0.91574,0.80710,-0.34146,2.295,-1,0.69401,-1,0.12860,0,0
1,1,0,0.90116,12.476,0.79299,-2.163,0.324,0.50515,-3.233,0.72997,0.44303,0.81152,0.24412,0.87493,0.06438,0.85038,-0.12611,0.87396,3.968,0.79617,-0.46635,0.65924,-0.57135,5.235,44.051,-22.315,-0.71844,0.25835,-0.72369,0.11218,29.79,-0.05525,-0.67699,-0.19904
1,1,0,-2.622,0.19049,0.82683,17.945,0.71771,0.58732,0.47968,-23.742,-42.217,0.92643,0.10289,-12.623,-0.13254,0.84290,-0.32020,-41.45,-0.52145,0.79525,-0.68274,0.49508,-0.77408,0.33537,-0.85376,0.17849,-0.83314,-36.302,-0.82366,-24.744,26.798,-0.33662,-0.59943,-0.49700
0,1,0,-6.817,-1,0,0,2.563,-0.78502,0.60586,0.32899,-1,-0.41368,0,-29.84,0,0,-10.348,39.24,0.36482,18.432,-5.031,-1,-1,-1,1,-0.59609,-1,-18.023,-1,-1,1,19.969,0,0
1,1,-29.35,0.74084,0.04974,0.79074,0.02543,0.78575,0.03793,36.737,0.09948,0.67801,0.31152,0.75934,-15.024,0.74695,-10.576,0.70681,-0.07853,0.63613,-19.676,0.70021,0.11355,0.68183,3.922,-26.935,0.15445,0.64158,0.13608,0.65707,-3.261,0.59759,0.14697,-3.934,0.15114
0,1,-18.28,1,-1,0,0,0.77941,-0.99265,7.383,0.55147,-0.41912,-14.8,0,0,0,-28.828,0.72059,5.505,0.73529,-0.60294,0,4.879,0.18382,-1,-1,-1,-1,-1,-47.659,-1,1,-1,-4.914,-16.329
1,1,11.876,-7.163,0.01709,0.96215,-42.033,1,-0.03436,-39.492,10.734,0.99026,-0.07092,0.99173,-0.09002,30.19,-0.15727,1,-0.14257,42.702,-0.11813,1,-0.18519,1,-0.19272,0.98971,-0.22083,0.96490,-0.20243,-16.722,-0.17123,33.624,-0.22561,0.87011,-0.23296
0,0,36.34,0,0,-43.479,0,0,0,31.652,0,0,0,0,0,0,0,0,0,0,0,37.866,0,0,-47.787,0,0,1,-1,-26.137,0,-11.675,0,-36.048,6.232
1,1,40.566,0.95704,-0.12095,0.63318,-0.12690,0.96365,-42.638,-11.87,27.296,17.807,-0.01124,0.83543,-38.638,1,-0.31395,0.99273,-0.21216,48.303,-0.21018,1,-0.27165,0.93126,-12.832,1,-0.19233,0.88793,-0.31565,0.81428,-0.23728,37.2,-0.31857,0.69531,-0.41573
0,1,0,0.28409,-21.874,0,0,0.68182,-1,0.30682,0.95833,0.64394,0.06439,0.34848,-0.84848,0,0,0.59091,-0.35985,-25.938,38.009,0,0,0,0,-26.462,36.595,-30.447,-12.443,-17.588,-0.48485,5.196,-0.70076,0,0
1,1,0,0.94490,-0.49311,-0.745,7.906,0.98898,-0.87052,0.90083,0.66942,1,-0.10104,1,42.736,45.84,-0.15017,-9.224,-10.849,1,-0.20491,1,-0.23452,1,-0.26571,1,-0.29852,1,19.607,1,-0.36931,1,-0.40740,42.3,-30.875
0,1,-19.545,12.964,0,0,0,0,-23.819,0,0,0.62195,1,0.198,42.124,-40.848,0,0.36585,-4.865,-20.741,-1,0,0,0,0,0,0,1,0.10976,0,0,-27.483,0,0,0
1,16.977,0,0.99449,0.00526,41.617,-0.11313,0.88237,-0.16431,0.99061,-0.06257,0.96484,-7.977,0.85221,0.02966,0.87161,-1.912,0.93881,-0.12977,39.378,-40.506,0.89876,0.00075,0.87836,1.079,0.93368,-0.19872,0.87579,-0.17806,0.94294,-0.16581,0.80253,-29.478,-3.055,-0.27794
0,1,0,45.221,0.10811,0,20.487,-9.285,21.114,22.626,0.82432,29.801,33.592,0,0,0,-48.907,0.37162,-1,0.33108,-1,0,0,0,0,-0.42568,-1,1,-1,-36.412,-0.23649,0,0,0,0
1,1,0,1,-0.57224,0.99150,-0.73371,-45.107,-48.53,1,-16.362,1,-0.23229,0.62890,4.019,1,-0.57535,1,-0.79603,10.126,-29.897,0.96601,-1,-38.462,-0.74896,0.61946,15.656,0.53777,-0.77986,17.232,-1,1,-1,0.30445,-0.76112
0,1,0,0.65909,-16.139,0,0,-18.507,0,0.77273,1,12.188,-0.28030,0,0,0,0,0.62121,-15.009,0.84091,-1,1,-1,0,0,0,0,1,-0.93939,-37.553,15.416,0.589,20.997,7.25,0
1,-0.982,0,21.474,0.19310,0.80920,16.092,0.67203,0.55785,0.54559,-15.76,0.36705,0.81533,0.19617,0.85671,-0.04061,0.86284,-0.17241,0.75785,-0.34100,-39.591,-0.48199,0.56092,-0.60230,14.372,-0.59234,-34.842,-0.63038,31.852,-0.57241,-0.07816,-27.25,-0.19923,-0.42912,-0.31954
0,5.712,0,0.42000,-0.61000,-27.274,0,14.514,-1,0.90000,1,0.43000,0.64000,0,0,0,0,0.67000,-0.29000,0.84000,-1,-40.689,-28.555,-39.423,0,0.21000,0.68000,-19.339,0.22000,22.016,0,0,0,38.963,0
1,1,0,1,-4.311,0.91404,0.52013,0.78020,0.72144,0.47660,0.84222,0.27639,0.91730,0.09467,3.989,-0.21980,0.91404,-41.356,0.75517,-0.51360,0.64527,48.2,0.44614,16.103,0.29162,-0.70838,0.03591,-8.41,-27.171,-0.64962,-0.28183,15.556,-0.44505,-0.37432,11.604
0,1,10.973,0.91353,7.364,-0.72973,1,-0.39466,0.55735,0.05405,0.29730,-0.18599,-0.10241,-0.03158,37.231,0.01401,-16.59,0.01108,-0.00537,0.00342,0.00097,0.00048,30.142,-23.811,0.00019,-0.00003,0.00002,-39.988,0,-12.399,0,0,0,8.776,0
1,1,-31.517,0.21429,-0.09524,0.33333,-8.353,0.19048,0.19048,-13.115,0.09524,8.75,0.02381,0.30952,-0.04762,0.30952,-0.04762,0.28571,28.086,0.33333,0.04762,0.30952,-36.432,0.21429,-0.11905,0.35714,-0.04762,0.22109,-0.02290,0.19048,0,-26.02,2.674,36.114,-0.01877
0,1,0,-41.055,22.066,1,0.04918,0.57377,-18.777,0.65574,0.01639,0.85246,-0.03279,0.72131,0,0.68852,-0.16393,0.19672,-0.14754,49.411,1.384,0.67213,0.03279,-45.246,-0.29508,0.31148,-0.34426,0.52385,-0.20325,11.51,-0.03279,0.27869,-10.582,19.856,-0.06557
1,-17.988,0,0.98182,0.344,0.88627,0.03131,0.86249,0.04572,0.80000,0,9.925,0.04545,-17.117,0.08436,0.77118,29.061,0.62727,0.25455,-39.577,0.12727,0.70674,0.12608,0.68604,0.13493,0.74545,0.22727,0.64581,0.15088,-1.871,-37.729,-3.825,0.16465,0.58840,0.17077
0,1,0,0.39286,16.29,22.901,-30.666,-0.16628,-0.76378,0.66667,0.01190,0.82143,0.40476,-0.67230,0.30729,13.628,-0.63668,0.46429,0.15476,0.54762,0.05952,23.426,0.44961,-0.47651,-0.47594,32.443,0.70238,0.51971,0.38848,0.57143,0.39286,-0.54891,47.676,46.198,24.721
1,1,0,-39.421,-0.07111,1,-0.02494,1,-0.06889,0.87778,0.00222,13.16,5.593,1,-0.07287,-13.671,-0.20000,-29.036,0.05333,0.88000,-0.03778,1,-0.11526,-37.947,36.405,0.84444,0.03556,1,-0.14162,44.525,-0.14667,1,-8.054,1,-0.44222
0,1,0,0.43636,28.397,5.456,-0.14545,0.18182,-0.67273,0.34545,49.959,-41.961,-0.05455,0.29091,0.29091,0.36364,-10.774,-33.186,-0.01818,0.36364,0.05455,0.12727,23.59,0.61818,-47.374,0.32727,0.16364,0.41098,-0.07027,-24.441,-0.05455,0.12727,-0.36364,0.29091,-0.29091
1,1,0.764,1,-0.92453,1,0.75472,-33.599,-0.05660,0.62264,0,1,-0.00054,0.45283,0.07547,0.62264,-0.05660,36.624,29.652,0.52830,0,0.52830,0.07547,21.197,29.945,25.955,-18.144,0.048,-0.00128,0.94340,-1,1,0.43396,0.43396,-0.11321
0,1,0,0.73810,43.044,-0.76190,16.798,0.33333,-1.491,0.45238,-0.14286,15.682,0.12808,0.33333,-20.946,0.28571,-0.07143,-0.38214,0.51163,0.23810,0.02381,0.45238,0.04762,17.866,-0.529,-0.57255,-0.10234,0.24889,-0.51079,1,0,35.229,-0.04762,-25.833,0.02381
1,1,0,0.43750,0.04167,0.58333,-0.10417,-26.346,0,0.33333,-0.06250,0.47917,-20.407,0.29167,0.10417,0.54167,0.02083,-3.497,-29.219,0.35417,-0.22917,0.33333,-27.44,0.25000,0.18750,0.39583,29.883,0.44012,-0.10064,0.41667,-29.684,0.58333,-46.992,0.33333,-11.797
0,1,0,-32.921,1,0,0,0,29.963,0,0,0.47744,-0.89098,-0.51504,0.45489,-0.95489,0.28571,0.64662,-7.774,0,0,-2.795,0,0.62030,0.20301,-1,-1,-13.049,25.22,1,-43.174,0,0,-49.191,29.628
1,1,0,3.8,39.972,0.93614,0.13030,0.90996,0.19152,0.84881,-0.49962,0.90023,0.61320,0.77937,0.34328,9.687,0.37988,0.66145,0.40844,0.95472,29.311,0.53258,0.44088,0.46773,0.44511,0.40440,2.457,-5.678,-11.889,0.90330,1,-26.19,34.457,0.18632,0.37191
0,1,0,-34.348,0.40332,-42.972,-13.552,0.76001,0.70709,0.84010,-0.10984,-5.094,0.07981,0.95824,-0.85727,47.477,0.88444,42.23,-0.05206,0.88673,0.18135,0.98484,-0.69594,0.86670,-0.85755,0.28604,-0.30063,1,-4.306,0.62958,0.42677,7.617,0.81007,-45.795,0.68822
1,1,-2.035,0.95882,-26.857,1,-0.01918,0.98313,0.02555,0.96974,-0.09316,0.98955,-0.02716,-13.757,-4.115,1,-46.146,1,-40.024,0.93840,0.01557,0.97620,-36.381,0.97889,-0.05318,0.91567,-8.55,0.95677,-0.06995,0.90978,0.01307,1,-0.10797,0.93144,2.173
0,1,0,42.196,0,3.047,14.385,0,0,0.68869,-1,0.97078,0.31385,-0.26048,-0.59212,-0.30241,25.647,0.94155,0.16391,0,0,0,0,-0.18043,-1,0,0,1,-1,0,-15.604,-7.123,15.906,-13.488,-19.271
1,1,6.084,0.96933,0.00876,1,0.00843,0.98658,-5.403,0.97868,-0.02844,0.99820,-0.03510,1,-0.01271,-22.222,-0.02581,1,-0.01175,30.34,-46.983,1,28.379,1,-0.04744,0.96019,-0.04527,0.99188,-30.961,3.292,-0.02478,-23.87,-0.03855,0.98420,-0.04112
0,1,13.789,20.828,0,0.98919,-0.22703,3.435,-0.05405,0,0,0.93243,0.07297,50.659,-0.20000,1,0.07027,1,-0.11351,0,0,1,-0.21081,1,-42.89,0,0,1,6.007,0,0,29.024,-0.25946,-34.977,-48.674
1,1,0,0.64122,0.01403,0.34146,-0.02439,46.59,0.03466,-23.865,0.12195,5.237,1.206,0.21951,0.04878,0.29268,-30.115,21.196,0,0.31707,0.07317,0.26829,0.12195,0.23698,0.05813,23.382,0.09756,36.623,47.841,0.17410,0.05504,0.19512,0,0.17073,0.07317
0,1,-40.91,-46.932,1,1,-46.633,0,0,0,0,1,1,1,-1,1,-18.9,1,-1,0,7.695,0,26.804,1,-0.27778,-11.277,0,1,-1,1,1,-23.89,-8.518,0,0
1,1,-26.868,39.963,-30.848,0.46939,0.24490,0.40816,0.20408,0.46939,-48.127,0.30612,0.59184,0.12245,0.55102,0,35.825,-0.06122,-20.208,-33.286,43.132,-0.28571,0.44898,-0.28571,0.32653,-33.716,0.22449,-0.46579,0.14895,-0.59184,0.18367,-0.34694,0,-0.26531,-0.24490
0,1,0,0,0,1,-27.915,-7.608,-48.169,0,0,1,1,1,-0.25342,1,15.862,22.692,-1,-40.519,0,30.468,0,1,1,0,0,1,-1,0,0,5.972,-1,0,22.964
1,1,0,-18.991,-48.283,29.375,16.957,0.74265,0.67647,0.45588,0.77941,0.19118,0.88971,-0.02206,0.86029,0.579,0.82353,-0.37500,0.67647,-0.5,0.47794,-0.73529,0.38235,-0.86029,43.645,-0.74265,-0.12500,-49.978,-0.24131,16.143,-23.72,-0.44118,-0.50735,-0.28676,-0.56618
0,1,0,38.626,-29.23,0.22222,0.15033,-0.75693,-14.7,47.855,0.71242,-1,1,-0.81699,42.232,-0.79085,-0.02614,-0.98039,-0.83007,-0.60131,-0.54248,25.785,-0.83007,0.94118,5.023,-1,-12.231,-35.546,0.09176,-1,0.05229,0.18301,0.02614,-0.40201,-0.48241
1,1,0,0.26667,-0.10000,25.31,0,0.33333,-26.765,0.36667,-6.775,-47.565,11.206,0.71667,31.052,0.70000,-0.06667,0.53333,0.20000,0.41667,-0.01667,0.31667,0.20000,0.70000,0,0.25000,0.13333,0.46214,-11.112,0.40000,-0.139,-1.842,0.03333,0.41667,-0.05000
0,1,0,-0.26667,0.40000,-0.27303,-7.081,35.735,-0.04444,-35.66,-14.094,-24.884,0.02575,-0.00885,0.02726,-0.01586,-0.00166,-0.00093,38.725,0.00470,-0.00153,0.00138,0.00238,-0.00114,0.00102,15.195,-0.00050,0.00019,-0.00043,0.00026,0.00005,0,-17.476,-0.00008,31.017
1,-1.587,0,1,19.837,0.64865,4.105,0.64865,-0.24324,0.86486,0.18919,1,-0.27027,46.124,0,-30.608,-0.05405,0.32432,-0.21622,0.71833,47.966,0.62162,0.05405,0.75676,40.895,0.35135,-0.29730,0.61031,-10.528,0.58478,-0.23027,0.72973,-0.59459,32.006,-0.24324
0,1,0,0.94531,-37.389,-1,33.549,-1,-0.01563,0.97266,0.01172,0.93359,-5.613,1.324,-13.386,-1,32.671,0.95313,-0.03516,0.92188,1.731,-0.99219,0.11719,-0.93359,0.34766,0.95703,-0.00391,0.82041,24.758,0.90234,-0.06641,-31.903,-0.18750,-1,-0.34375
1,14.796,0,0.95202,-49.122,0.93757,-0.01272,0.93526,0.01214,5.033,-0.01734,0.96936,0.00520,0.95665,-0.03064,0.95260,-0.00405,0.99480,-0.02659,0.99769,0.01792,0.93584,-0.04971,50.51,-0.02370,0.97052,-0.04451,7.605,-30.2,0.97399,-32.802,0.95434,-28.827,-14.532,0.00809
0,1,0,1,-27.958,1,-1,0.5,-0.11111,4.112,-0.22222,1,-0.25712,-36.395,-0.11111,1,7.173,1,-0.38853,1,-0.42862,6.871,-0.25000,1,-0.50333,-7.242,13.604,31.24,-0.57092,1,-0.27778,1,-21.197,1,-0.65935
1,-41.523,0,45.55,-0.10345,-6.867,-6.676,0.20690,-0.06897,0.07405,-0.05431,0.03649,-0.03689,0.01707,-24.574,0.00741,-0.01482,0.00281,-7.401,0.00078,-49.198,48.731,-0.00299,-0.00028,-0.00166,-0.00031,-0.00090,-48.991,-0.00048,-0.00018,-0.00024,-0.00012,-0.00012,-0.00008,-0.00006
0,1,0,-33.57,-32.081,22.703,0,-45.721,-0.07843,0.62745,-16.451,0.68627,-0.11765,0.66667,-0.13725,0.64706,4.824,0.54902,-0.11765,0.54902,-0.21569,0.58824,-0.19608,0.66667,-0.23529,0.45098,-30.649,0.52409,-0.24668,0.56863,-0.31373,33.468,-0.21569,0.47059,-26.863
1,1,-39.12,0.25000,14.821,0.46667,0.26667,0.19036,0.23966,0.07766,0.19939,0.01070,0.14922,-0.02367,0.10188,-0.03685,0.06317,-0.03766,0.45,13.352,0.01532,-27.626,0.00357,-0.01726,-0.00273,19.405,-0.00539,-10.105,-0.00586,48.345,-0.00520,-0.00089,-0.00408,0.00025,-44.572
0,1,0,-0.65625,45.994,0.06250,0,0,0.06250,0.62500,0.06250,0.18750,0,-23.927,0.09375,0.06250,0,-4.596,-25.562,0.43750,-0.37500,0,-28.821,-11.504,25.302,0.03125,1.567,37.3,0,-0.71875,0.03125,-0.03125,0,0,0.09375
1,1,0,-7.769,-0.01081,1,-0.02703,1,-0.06486,27.373,-0.01622,0.98919,-0.03243,0.98919,0.08649,-15.855,-0.06486,0.95135,-5.573,0.97838,-0.00541,1,-28.698,10.22,0.04324,0.97838,0.09189,0.98556,0.01251,1,0.736,1,3.523,10.491,-0.07027
0,1,0,0.85271,-48.654,1,0.08069,1,1,0.91473,-0.00775,-44.453,-15.895,1,2.431,1,-9.799,0.81395,21.875,0.90698,0.11628,1,0.50670,1,31.387,0.80620,0.03876,1,-33.88,0.84496,0.06977,1,0.87317,-30.459,1
1,1,0,33.862,-0.01604,1,-45.408,1,-35.047,0.93048,0.00535,0.93583,-0.01604,1,0,1,0.06417,4.938,0.04813,0.91444,-3.623,0.96791,0.02139,-2.283,39.015,0.96257,0.05348,7.292,0.04452,0.87701,0.01070,-15.752,0.09091,0.97861,0.06417
0,1,0,-14.632,0.28750,-19.993,0.10000,37.864,0.31750,0.32250,0.35000,0.36285,-0.34617,0.09250,3.905,-0.09500,0.21000,-0.08750,0.23500,-0.34187,0.31408,-0.48000,-42.027,-9.539,-21.815,-0.58000,-0.24000,0.32190,-0.28475,4.965,0.18500,-0.27104,-0.31228,30.197,0.03050
1,1,31.833,0.60000,-33.872,0.63333,2.187,0.70000,0.06667,0.70000,0,0.63333,0,0.80000,0,0.73333,0,0.70000,0.10000,0.66667,0.10000,0.73333,-0.03333,0.76667,-8.594,-23.937,0.13333,50.487,0.10168,-41.453,0.13333,0.60000,4.943,11.657,0.16667
0,1,0,0.05866,-0.00838,0.06704,42.408,0,-0.01117,-42.81,-0.03911,-14.546,-0.07542,-0.00559,0.05307,0.06425,-0.03352,0,0.09497,-0.06425,0.07542,-0.04749,0.02514,0.02793,-12.695,24.349,0.00559,0.10335,1.417,-10.815,-0.00279,-10.979,4.639,0.04749,-0.03352
1,1,0,-28.455,0.28713,0.72554,0.67248,0.47564,48.19,0.01267,0.89109,-0.24871,0.84475,-0.47644,0.56079,-0.75881,0.41743,45.558,0.07208,-0.65426,-0.19525,9.808,-0.44000,-0.79,30.089,-0.04119,33.079,0.16085,-0.56420,0.36752,41.079,13.247,-0.22535,0.50376,-0.05980
0,1,0,10.812,-38.048,-0.02586,0.04598,-23.882,0.04598,-20.558,0.00862,0.01724,-0.06609,2.048,0.04310,-0.08333,-0.04598,-0.09483,0.08046,-0.04023,0.05172,0.02011,0.02299,2.962,-0.01149,0.03161,-32.18,0.00862,0.01724,4.683,0.01149,0.02586,0.01149,43.443,-0.00575
1,1,0,0.72414,-0.01084,-27.176,0.01084,0.80000,0.00197,0.79015,5.512,0.78424,44.805,-17.739,0.03251,-40.747,0.01675,0.80099,-13.738,0.79113,-0.02956,-16.967,14.699,0.74778,0.05517,0.72611,-0.01478,0.78041,0.00612,0.74089,-47.792,0.82956,0.02956,0.79015,0.00788
0,1,8.759,-31.03,0.02568,0.00428,0,10.051,-0.01997,2.349,-0.04993,-0.04850,-0.01284,-2.52,-0.02282,0,-0.03281,-0.04708,24.812,-0.01712,0.03566,0.02140,0.00428,0.05136,-0.02282,-44.884,0.01854,0.03994,-28.414,11.109,0.00713,-0.02568,-0.01854,-0.01427,0.01997
1,1,0,0.47090,0.22751,0.42328,0.33598,0.25661,-6.474,0.01852,41.85,-0.02116,0.53968,-0.34127,0.31217,-0.41270,0.32540,-0.51587,0.06878,-0.5,23.243,-0.14815,13.955,-0.14815,8.909,-38.329,11.405,-12.508,-0.347,0.15873,-0.21693,0.24868,-0.24339,0.26720,0.04233
0,1,0,0.08696,13.558,0.13959,-34.173,-38.34,-0.08238,0.12586,-31.523,0.23341,-0.01144,0.12357,0.07780,0.14645,-0.13501,0.29062,-0.04805,0.18993,0.07323,0.11670,0,0.11213,-0.00229,6.469,-0.10297,-42.016,0.01373,0.11213,-32.955,0.09611,-0.07323,30.431,40.069
1,1,0,0.94333,0.38574,21.294,0.64534,0.21572,0.77514,-0.55941,0.64899,31.393,0.42048,-30.416,0,-0.62706,-0.31079,-0.38391,-0.62157,-0.12797,-23.268,0.49909,-0.63620,0.71481,45.135,-44.986,36.949,0.511,0.30384,0.45521,-31.258,0.02742,0.54479,-0.21572,0.50457
0,19.758,45.862,0.01975,0.00705,-5.335,-15.553,0.02116,33.779,0.01128,0.04372,0.00282,0.00141,0.01975,-41.39,35.884,0.06065,-0.04090,24.718,-0.02398,-0.00423,0.04372,-0.02539,0.01834,0,0,-0.01269,30.843,-0.01128,0.00564,-0.01551,-0.01693,-0.02398,0.00705,0
1,1,0,0.85736,0.00075,0.81927,-0.05676,-11.505,-0.04182,4.782,0.09037,-47.375,0.11949,0.88051,-18.964,0.78342,2.365,11.469,-0.06796,29.068,-0.14190,0.88125,-35.376,-14.745,0.02240,0.79686,-0.01942,0.82383,-0.03678,0.88125,-0.06423,0.73936,-0.01942,0.79089,-0.09186
0,1,0,26.866,-1,1,1,-1,1,1,16.549,1,-7.456,-15.538,-1,-1,-37.338,1,1,1,1,-1,1,1,-1,1,-1,1,1,1,4.216,-8.638,35.576,-1,49.96
1,1,0,-42.291,7.147,-13.572,0.76432,0.08858,46.601,-19.758,0.88744,43.481,0.49980,-48.108,0.10768,-0.85900,-0.31044,-0.66030,-0.55262,-0.19260,-0.86063,0.28444,-0.80496,-15.637,-0.35230,0.77814,-0.23324,12.972,0.21343,0.37830,0.58310,0.19667,0.66315,-0.11215,0.64933
0,1,0,1,32.626,1,0.51250,0.62500,-1,-0.104,1,0.02500,0.03125,1,1,0,0,1,20.394,1,1,2.413,1,0.31250,-5.427,33.701,1,1,1,-45.814,3.512,-0.94375,1,-15.339,0
1,1,0,10.941,0.54902,0.62745,0.594,0.01961,1,-0.49020,-2.91,-23.538,45.321,-1,30.622,26.963,-0.33333,-0.64706,-0.68627,-0.23529,-0.86275,0.35294,-1,0.74510,-0.72549,0.92157,-0.21569,0.92874,0.21876,13.036,0.56863,0.23529,14.298,-0.11765,0.90196
0,1,0,0,0,-1,-1,-1,1,0,-2.537,-14.563,1,-41.531,1,1,-1,0,-36.289,0,0,-1,-1,3.697,28.471,1,0.43750,1,-43.366,4.255,0,-1,-1,-1,18.483
1,1,-6.001,2.5,0.44444,0.53695,0.90763,-0.22222,1,39.173,0.88889,-1,0.33333,19.969,-0.11111,-1,-0.22222,-0.66667,-4.377,0.55556,-1,-30.063,-25.329,0.77778,-0.22222,0.33333,0,-23.664,0.45019,0.57454,-10.504,0.22222,1,-0.55556,1
0,0,0,0,-3.436,0,0,0,-15.097,-17.023,0,0,-27.605,0,3.8,0,0,0,-5.817,0,0,-29.35,0,0,0,0,0,1,19.068,0,0,36.075,0,0,0
1,1,0,-17.28,0,-3.914,-19.676,-15.829,0.50000,-28.078,0,0.91201,0.12094,-9.77,-4.367,0.86922,0.16228,0.75000,0.25000,0.75000,0.5,0.75000,0,1,-0.25000,0.5,-48.159,0.73944,0.26388,7.027,0.25000,0.69635,0.29074,0.67493,0.30293
0,11.876,0,-18.668,42.719,1,5.879,0,0,1,-1,1,-1,1,-1,-1,-1,0,0,-1,-1,0,0,6.574,10.785,-1,-1,1,-1,30.19,-12.851,-41.492,-1,0,0
1,1,0,1,0,-7.163,0,0.66667,0.11111,1,-0.11111,0.88889,-47.898,1,-36.27,0.77778,0,0.77778,36.34,1,-0.11111,33.437,-0.11111,0.66667,-0.11111,-11.009,6.232,32.555,-0.05352,1,-41.891,0.88889,-0.11111,1,0
0,0,0,0,0,0,0,0,40.566,0,0,-42.455,0,-44.479,35.309,47.316,37.866,1,0.75000,0,0,0,0,-1,1,0,-26.137,-11.84,-1,-1,-1,1,17.887,0,0
1,1,0,-30.447,0.45455,37.417,-0.45455,-11.437,-26.298,1,-17.739,1,0,1,-38.664,1,-0.18182,1,0.09091,1,38.816,1,-0.36364,1,0.09091,1,-0.09091,1,-0.04914,-20.556,0.45455,1,-0.27273,28.211,-0.18182
0,1,0,-1.124,-0.63636,-26.705,5.033,0,0,0.34470,0.28788,0.42803,0.39394,-0.07576,8.461,0.36364,-30.113,19.403,0.32955,-10.103,-12.353,0.01894,-0.53409,-0.57576,0.17803,0.29167,-0.27273,0.25758,-0.57576,0.43182,0.24242,0.18182,-0.02273,0.17045,40.883
1,45.84,0,-9.672,-27.365,1,0.23529,-3.146,0.41176,1,0.05882,1,0.23529,1,0.11765,1,0.47059,13.964,-0.05882,-18.545,-21.42,1,0.35294,1,0.41176,1,42.743,1,0.20225,1,0.256,1,0.35294,1,0.23529
0,16.977,42.124,0,0,-1,-0.62766,-2.82,0.51064,-29.141,-0.23404,-1,-0.36170,-23.692,-0.59043,1,-1,0,0,41.606,-0.07979,-0.25000,-0.704,0.17021,-0.70745,0,-40.848,-0.19149,-0.46809,-0.22340,-0.48936,39.14,0.90426,-0.67553,0.45745
1,1,0,30.407,0.29167,0.83333,-0.16667,0.70833,0.25000,0.87500,20.404,0.91667,0.04167,33.425,1.263,45.828,0,-39.542,0.04167,1,0.08333,21.781,-0.08333,0.75000,0.16667,0.83333,-0.12500,0.83796,22.134,1,0.20833,0.70833,-7.902,0.70833,0.04167
0,1,0,-48.721,-47.722,-9.285,0,0,0,0,0,0,-16.004,0.11538,-0.19071,16.425,0,0,0,-29.007,-36.966,0,16.422,-0.05128,4.817,0.07853,0.08974,0.17308,-0.10897,0.12500,0.09615,0.02564,-0.04808,0.16827,0.19551
1,1,0,1,-0.08183,-38.163,-0.11326,0.99246,-0.29802,10.358,-0.33075,0.96662,-0.34281,0.85788,-0.47265,0.91904,-0.48170,0.73084,-0.65224,0.68131,-0.63544,8.075,-0.194,-17.919,-0.74785,0.67033,-38.387,0.48757,-46.859,-14.402,10.349,0.24117,-0.88846,0.29221,-0.89621
0,1,20.997,1,1,-1,1,19.611,-0.82456,0.34649,0.21053,0.46053,14.033,-15.282,0.05702,0.35088,0.34649,-39.521,-0.03947,15.908,16.879,0,0,-0.29825,-0.16228,1,-0.66667,-34.1,-1,1,-0.24561,32.115,0.20175,0.82895,0.07895
1,1,0,1,39.203,0.99815,-40.685,0.80244,-28.857,0.89919,-0.23486,0.70643,-26.942,0.73855,-0.30539,5.427,-0.36078,-1.51,-0.61189,0.40473,-17.01,0.61041,21.622,0.53176,-0.32681,0.23966,-0.52142,0.29208,-0.48390,0.12777,-20.73,0.15657,-0.51329,0.18353,-0.46603
0,0,13.514,-1,1,1,-42.014,0,12.137,48.846,0,1,-1,1,1,0,0,1,-28.274,0,0,0,0,1,1,15.844,1,-38.423,-5.544,-1,1,-1,-1,0,-7.692
1,1,0,0.92247,-0.19448,0.96419,-0.17674,0.87024,-0.22602,11.79,-0.27070,0.79271,-0.28909,16.772,-0.49639,0.63338,-0.49967,0.37254,36.613,9.047,-0.72109,0.40506,-0.54172,0.33509,-0.59691,0.14750,-24.447,3.2,-27.648,-0.07162,-40.537,6.53,-0.54074,-0.07457,-0.47898
0,1,0,27.205,-1,7.839,1,1,-1,1,30.679,0,0,0.23958,1.694,1,1,-16.556,-31.517,1,1,1,1,0,0,-26.906,-12.353,0.33333,-1,1,-13.399,0.69792,-1,0.47569,1
1,1,0,0.84177,0.43460,0.5,0.76160,-36.333,0.93460,-0.37764,0.88186,-0.72363,0.61181,-0.93882,48.949,-0.86709,-0.25527,-0.62869,-0.65612,1.304,-0.85654,0.16245,-11.004,0.51477,18.695,0.74895,-0.28903,0.77937,0.07933,-7.783,0.42827,0.31435,-41.431,-18.765,36.661
0,1,0,1,1,0,0,-16.91,-1,8.234,-1,1,1,-17.988,-1,0,11.183,1,-1,1,1,0,-4.432,1.344,-1,-1,-1,23.213,1,-3.544,-45.246,-1,1,0,0
1,1,28.965,1,0.63548,1,1,0.77123,1,-38.09,-29.779,-1,1,0,46.944,-1,1,-1,0,31.122,23.277,-1,-0.92536,-41.258,-0.33333,-0.33333,-1,15.959,-1,1,46.975,0,-1,1,-0.66667
0,-29.905,0,-1,-37.947,22.69,-1,0,0,-1,1,1,-1,-1,-15.671,-1,1,0,0,-8.898,-1,12.976,1,43.703,0,1,24.28,1,1,1,-1,1,37.592,0,0
1,1,0,1,-10.288,1,0.14211,1,0.22108,1,-24.912,1,0.39495,1,0.48981,6.657,0.58986,-0.37500,1,1,0,1,5.794,50.995,1,-46.538,1,13.324,1,1,0.25000,-39.29,1,1,-32.386
0,0,0,-1,-1,0,-42.252,0,0,0,0.764,0,23.1,0,0,30.946,-1,-18.937,0,-1,-1,28.525,0,1,1,21.245,-1,1,-1,-0.874,0,0,0,29.652,0
1,1,0,0.64947,-1.428,0.58264,-21.09,-34.221,-0.21384,0.29796,0.04403,0.38096,-0.26339,17.326,-0.31997,0.03459,-0.18947,16.557,-0.29441,0.15196,-0.29052,0.09513,-26.41,0.06556,-0.26795,0.03004,-0.25124,-0.00046,-0.23210,42.184,-0.21129,-0.04717,24.765,0.01336,35.363
0,1,0,0,0,0,0,-28.99,0,0,17.699,1,-0.33333,0.16667,0.26042,0,0,35.896,0,0,0,-0.465,-0.21875,-0.16667,-19.501,-1,-11.235,0.04167,0.75000,-46.908,-1,-4.06,-0.27083,29.873,-0.93750
1,1,0,1,0.05149,0.99363,0.10123,-26.562,29.776,0.95513,-0.26496,0.66026,0.54701,0.80426,0.25283,0.73781,0.27380,-2.127,0.28714,0.59615,-29.307,-13.524,-33.629,0.45582,0.28476,0.39023,-26.469,0.32930,0.25553,0.27381,30.198,26.445,0.21378,0.18086,0.19083
0,1,0,1,-0.09524,-1,33.061,-1,38.906,1,0.31746,0.81349,3.61,-1,-1,-1,1,0.47364,1,1,-48.191,-8.086,-45.174,-1,-1,0.82937,2.38,-11.321,1,-25.424,0.50794,-1,-0.32540,-1,0.72831
1,1,0,0.93669,-46.616,0.60761,0.43204,0.92314,-0.40129,0.93123,9.133,-33.985,0.09061,0.99676,0.08172,0.91586,0.05097,-5.22,-0.25324,0.87379,6.594,-13.509,0.26133,0.75081,-6.058,29.558,-0.02589,0.87293,-0.02302,0.98544,0.09385,0.78317,-0.10194,47.416,-0.14725
0,-9.862,0,1,-1,8.142,1,1,1,1,-0.5,21.576,-10.337,1,32.012,1,1,-43.8,0,29.857,1,1,1,1,41.265,1,1,1,0.62500,1,-0.75000,40.525,1,1,1
1,1,0,1,14.807,1,4.246,1,-0.10401,1,0.15414,1,-8.698,46.282,-0.06861,1,0.06610,0.95802,-0.18954,0.83584,45.499,0.97400,0.03728,0.99624,36.831,1,-31.838,0.96238,-0.04597,0.91165,11.544,1,12.855,0.96523,-0.11717
0,1,-5.48,0.36876,-1,-1,-1,-0.07661,40.785,-28.937,0.95041,-7.953,-44.062,-1,-0.79313,24.573,1,0.48684,0.46502,0.31755,-0.27461,-0.14343,-1.407,-0.11976,0.06895,-18.915,0.06639,0.03443,-0.01186,-0.00403,-3.945,-0.00761,0.00108,0.00015,0.00325
1,-9.174,23.116,0.79847,0.38265,20.765,-0.16964,1,-0.07653,0.98151,-0.07398,47.576,0.20663,0.99745,35.034,-26.981,0.02487,1,-0.13074,0.95663,0.07717,1,-11.906,0.90306,0.30804,1,-43.327,-30.359,-0.00394,0.75638,0.07908,1,-0.18750,1,-0.05740
0,0,0,0,0,0,0,0,0,0,0,29.863,0,1,1,1,38.22,1,41.022,0,-37.248,1,49.844,1,-1,1,1,1,-48.693,1,50.057,22.075,14.066,0,0
1,1,0,1,29.66,-13.86,25.262,35.091,-0.35094,1,-0.30566,0.92736,-0.49057,8.248,-0.44119,0.75723,-0.58899,-47.775,-0.58019,0.59623,-0.57579,0.68459,-0.70975,-8.994,-0.87327,0.49214,-0.73333,0.35504,-0.76054,0.26352,-0.78239,26.875,-0.73145,0.13994,-48.083
0,1,0,0,0,0,0,21.04,0,32.076,-1,-12.279,-12.174,1,-1,0,0,-1,-1,19.645,-1,1,-1,-0.60000,-1,-4.668,-20.28,33.874,-0.20000,1,46.33,0,1,0,0
1,1,0,-48.712,0.09091,50.404,48.565,0.77273,0,26.88,0,0.95455,9.953,1,0.04545,0.90909,-0.04545,1,0,1,0,0.86364,0.09091,-1.832,-38.417,0.90909,0.04545,50.696,0.02897,0.95455,0.09091,23.17,-0.09091,0.86364,0.04545
0,0,-26.429,-43.584,11.392,-1,1,1,1,-1,-1,0,0,45.717,-19.791,-1,-0.31250,-1,-1,1,-1,15.599,-1,0,0,1,-1,-1,-1,4.89,0,-23.338,-1,0,11.965
1,1,0,-42.917,-0.08824,0.97059,0.17647,0.82353,0.08824,1.755,-0.02941,21.912,-0.17647,7.723,0.14706,0.94118,0.02941,-7.443,0,1,0,18.762,0.11765,0.88235,0.02941,0.85294,0.02941,0.92663,-40.108,0.94118,-0.11765,0.97059,0.996,28.812,0.05882
0,1,0,-1,1,-1,0.15244,-29.103,-29.316,-1,9.715,-1,3.508,1,1,-1,-0.23476,0.28301,-28.379,1,1,2.638,-1,-1,-1,1,-1,29.324,-0.03578,1.634,-1,-14.773,-0.32317,0.14939,1
1,1,21.974,0.47368,-0.10526,0.83781,0.01756,0.83155,-35.693,0.68421,-0.05263,0.68421,0,45.213,0.05028,0.78315,-6.516,0.84211,0.47368,1,0.05263,0.72550,0.07631,0.70301,27.997,-12.446,0.21053,0.65419,0.08968,-1.762,-5.994,-7.196,0.09534,0.57418,0.09719
0,1,0,-0.00641,-36.462,0,-40.092,-0.01923,-38.915,25.452,0,0,0,0,0,0,-35.923,0,0,0.31410,0.92949,-0.35256,0.74359,-46.872,5.678,0,0,-0.61538,-0.51282,0,-24.899,-6.434,0,0,0
1,1,0,-44.564,0.45455,1,0.54545,0.81818,0.63636,1,-0.09091,1,32.795,0.81818,-0.45455,-44.026,0.27273,-32.441,-0.63636,1,-0.27273,-12.839,48.754,1,19.223,1,-0.09091,12.827,0.08867,1,0.36364,1,43.977,0.72727,0.27273
0,-38.156,0,-1,-1,1,-1,-1,1,0,-16.527,1,-1,1,-1,0,0,25.271,-0.171,-32.616,37.997,-1,1,1,-1,27.454,1,1,1,-18.674,0,1,0.5,0,15.81
1,-43.796,0,0.45455,0.09091,-16.237,49.413,0.27273,0.18182,27.153,0,0.36364,2.026,41.563,-30.988,0.48612,-0.01343,-13.684,7.531,0.45455,0,0.36364,-0.09091,0.27273,0.18182,0.36364,-0.09091,0.34442,-0.01768,0.27273,0,0.36364,0,0.28985,-0.01832
0,1,-19.039,-1,-0.59677,0,-36.282,-1,0.64516,-0.87097,1,33.565,0,0,0,29.342,0,14.088,0,0,0,-1,-1,38.221,16.728,0.29839,0.23387,1,0.51613,0,-21.858,0,26.328,0,0
1,1,14.337,-44.706,0.14286,1,0.71429,-1.724,0.71429,1,-0.14286,-47.052,-0.14286,-38.114,0.02534,1,45.25,34.548,-0.14286,1,0.03617,1,-0.28571,1,0,0.28571,-0.28571,1,-11.478,-22.856,0.05182,1,0.57143,1,0
0,0,-25.062,1,1,10.779,-1,1,1,21.365,4.672,1,1,1,-1,10.606,-15.51,1,-1,1,-1,1,1,1,27.725,1,-1,-12.49,1,1,-11.072,1,1,1,1
1,31.578,0,0.87032,1.879,-19.962,0.82161,0.10380,0.95275,-0.38033,0.87916,-0.73939,3.329,-0.92099,0.16731,-49.502,-0.24942,-0.59383,-0.63342,-0.24012,-11.091,0.18823,-0.78699,0.51557,0.125,0.69274,-0.24843,0.69097,-49.337,0.52798,0.39762,0.25974,0.56573,23.651,0.57552
0,0,0,-15.495,-1,1,1,1,-1,-46.994,1,1,-1,1,-3.598,1,-1,21.322,1,1,1,-5.911,-37.094,1,-1,1,49.06,45.427,1,2.207,1,1,1,1,-1
1,1,0,0.92657,0.04174,0.89266,-47.929,-16.388,0.19791,0.83675,0.36526,0.80619,37.144,0.76221,-28.974,0.66586,19.281,0.60101,2.709,0.53392,-29.585,0.48435,0.54212,0.42546,14.072,0.33340,0.55274,34.656,0.54214,0.22307,0.53448,0.14312,0.49124,0.11573,0.46571
0,0,0,1,1,17.947,9.43,29.107,15.1,1,41.715,0,0,1,-1,0,0,4.406,0,0,0,-1,1,1,1,-15.742,0,1,1,44.118,-40.942,-1,-1,0,0
1,1,0,0.93537,0.13645,0.93716,0.25359,0.85705,0.38779,34.926,0.47127,1.565,0.59942,0.65260,5.484,19.347,-27.981,37.334,0.82742,-23.687,0.85952,0.13712,0.85615,0.00494,0.88869,-0.07361,0.79780,-0.20995,0.78004,29.245,0.71454,-0.38532,32.528,-0.47419,0.55835
0,0,-29.171,-31.467,-1,-1,1,-43.167,1,1,1,12.619,1,-1,-1,-1,-1,1,1,7.249,-1,-1,30.056,-1,-1,23.735,0,1,-1,1,-34.142,-1,1,-11.307,1
1,1,0,0.80627,0.13069,0.73061,0.24323,0.64615,-14.514,0.36923,0.45577,-21.01,0.46439,37.773,0.57308,0.25192,0.37115,0.15215,10.752,-0.09808,0.57500,-0.03462,0.42885,-0.08856,-0.703,-0.14943,43.953,-0.19940,0.34976,-10.981,8.698,-0.26634,0.23896,-0.23846,-0.812
0,0,0,21.869,-1,31.579,1,25.927,-1,1,27.053,1,-1,1,1,1,-40.739,1,19.889,1,1,1,-20.685,1,-1,1,-1.735,1,-1,-10.885,1,1,-1,1,1
1,1,0,0.97467,0.13082,0.94120,-39.106,0.88783,0.32248,0.89009,0.32711,0.85550,0.45217,-25.897,29.899,0.69946,0.58820,0.58548,0.66893,0.48869,0.70398,-47.775,0.68159,1.342,0.75622,0.26832,0.76210,26.748,0.78541,0.07497,0.80439,-31.941,-29.053,6.053,0.74242
0,0,-25.317,0,0,1,1,0,23.173,-26.767,1,0,-23.986,1,-15.528,0,-2.277,0,-1.77,0,7.828,0,0,0,0,0,14.114,1,-1,0,0,-1,1,0,0
1,1,0,0.92308,11.953,19.542,37.707,0.72582,0.36790,0.70588,0.56830,0.57449,-35.57,0.43270,5.835,0.31705,-26.955,0.19128,6.838,0.04686,24.162,-0.12064,0.76969,-0.18479,0.71327,-0.29291,0.65708,-0.38798,0.58553,-0.46799,0.50131,-0.53146,0.40732,-0.56231,10.776
0,-36.043,-40.202,0,0,1,1,1,1,0,0,0,0,-1,-1,0,0,-30.173,-1,0,-31.194,0,0,1,-8.267,48.474,0,1,1,0,-29.429,-1,-22.074,0,-40.142
1,21.999,0,0.88804,27.607,20.337,0.69431,0.29148,32.466,-4.896,0.90135,-0.39597,0.80441,16.911,0.56502,-0.82960,0.26906,-0.78940,-0.08205,-0.62780,-0.30942,-0.46637,-0.55605,-0.16449,-32.717,0.09562,-0.61055,-29.206,-0.48392,-33.821,-0.29838,0.47029,-0.09461,0.42152,0.12556
0,0,-30.056,1,-1,30.716,1,1,1,21.951,1,1,-42.737,1,-1,1,-31.963,1,1,1,-1,1,-1,1,-1,-39.3,-1,1,16.762,1,-39.663,1,1,1.56,1
1,1,0,0.73523,-0.38293,0.80151,0.10278,0.78826,0.15266,0.55580,44.059,1,0.21225,10.049,0.28954,0.68798,0.32925,0.49672,0.17287,-39.615,-0.02845,0.57399,0.42528,3.046,34.711,12.672,0.57549,-15.264,-46.117,0.12473,1,0.35070,23.09,0.30588,0.49831
0,-48.322,0,0,30.92,0,43.421,0,0,0,24.384,0,-24.782,11.629,-47.157,0,0,0,0,45.274,0,0,30.313,0,0,0,0,1,1,0,0,0,0,0,0
1,1,0,0.94649,0.00892,0.97287,-34.253,-23.566,0.00372,0.95801,0.01598,0.94054,0.03530,0.97213,0.04719,0.98625,0.01858,0.94277,0.07135,0.98551,21.16,-29.146,44.897,0.96358,0.07098,0.93274,-34.133,0.89,0.04356,14.614,22.32,0.97845,0.07061,1,-0.00260
0,0,48.36,-5.551,1,-30.912,-10.852,-1,44.647,0,-20.32,0,0,-1,-1,0,0,-32.557,0,0,0,-1,1,1,1,-36.071,0,1,7.567,0,0,-1,-1,-1,-1
1,1,0,-35.403,4.739,0.71442,0.01513,0.71063,0.02258,0.68065,0.01282,-29.76,0.05594,0.69050,0.04393,0.68101,-27.639,0.67023,0.05692,0.63403,-0.04662,16.677,42.89,0.63077,0.07381,0.84033,0.18065,0.59935,48.084,22.401,0.06760,0.56466,0.09046,0.54632,44.336
0,-34.589,0,-24.972,1,0.91973,-0.76087,0.81773,0.04348,0.76087,0.10702,0.86789,0.73746,0.70067,0.18227,-7.173,-8.957,0.93478,-0.25084,4.836,17.713,0.64883,0.24582,0.60201,38.917,1,-0.53846,0.89262,0.22216,0.71070,0.53846,1,-26.064,46.554,0.23913
1,1,0,-21.086,-0.07778,1,-0.29630,-48.77,-0.85741,0.80000,0.06111,0.45556,-0.42778,-28.73,-0.12581,1,-0.83519,0.49259,0.01852,-36.377,-0.05926,0.98215,-0.19938,1,0.22037,0.69630,8.115,0.92148,28.986,-45.771,38.701,0.87492,-37.545,1,-0.57037
0,1,0,0.38521,0.15564,-38.022,38.054,0.26459,0.24125,0.23346,19.108,0.19455,0.25292,0.24514,-31.927,0.08949,29.928,-0.03891,0.34,-3.374,-14.68,0.24903,0.09728,0.07782,0.29961,-0.02494,0.28482,-0.06024,0.26256,-0.14786,2.473,-0.09339,0.31128,-0.19066,0.28794
1,1,0,0.57540,-0.03175,-47.286,-0.05357,0.61508,-0.01190,0.53968,0.03373,0.61706,0.09921,0.59127,-16.589,0.62698,0.01190,0.70833,0.02579,0.60317,20.334,-47.602,-0.02778,0.59127,0.03770,27.453,-33.848,0.61291,9.313,0.61706,-0.13492,-8.421,21.097,0.62500,-0.03175
0,1,0,0.06404,-0.15271,-0.04433,0.05911,0.08374,22.093,11.458,0.18719,21.051,0,0.12315,-11.029,16.579,0,0.01970,45.744,4.042,-0.20690,0.06897,0.01478,0.06897,0.02956,0.07882,-12.542,-28.05,-0.04926,-0.05911,-0.09360,0.04433,0.05419,0.07389,-0.10837
1,1,0,0.61857,0.10850,0.70694,-0.06935,0.70358,0.01678,0.74273,0.00224,0.71029,0.15772,35.969,31.729,0.79754,0.06600,-20.041,-0.16555,0.68680,-0.09060,-37.124,-18.274,46.384,0.11745,0.71253,-0.09508,0.69845,-0.01673,24.756,11.704,-32.425,-0.05145,0.65213,-0.04698
0,21.782,0,0.25316,0.35949,0,-4.65,6.077,-1,0,0,0.07595,-0.07342,0,0,0,-18.474,0,0,3.829,0,0.00759,-13.888,-0.20000,0.33671,-0.10380,0.35696,0.05570,-1,0,46.729,0.06329,47.058,-40.441,0
1,1,0,0.88103,-0.00857,28.872,47.039,0.94105,-0.01822,22.793,36.429,-41.388,-0.10932,0.88853,0.01179,0.90782,-0.13719,0.87138,-0.06109,-5.945,-0.02358,0.87996,-0.14577,0.82851,23.668,0.90139,-0.19507,0.88245,-0.14903,-14.747,33.189,0.88424,-0.18542,0.91747,-0.16827
0,1,0,23.179,-0.5,0,0,46.063,0,-26.772,0.51042,0.58958,-48.066,31.48,6.316,27.551,0,0.16458,-0.45417,0.59167,-0.18333,0,0,0,-39.292,22.859,-0.40833,-1,-1,-0.27917,-0.75625,0,0,0,0
1,1,21.729,0.88853,0.01631,0.92007,0.01305,0.92442,0.01359,0.89179,-0.10223,-47.351,-0.08428,-7.746,-30.964,0.93094,-47.176,0.86025,-0.05057,0.89451,22.322,0.88418,-21.228,0.88907,-0.11909,47.768,-0.14138,0.86453,-0.11808,0.85536,-0.13051,-29.965,-0.12452,0.86786,-0.12235
0,1,0,0,0,1,0.12889,17.997,-0.02000,0,0,2.22,-33.71,1,0.19556,1,25.848,1,-0.81556,3.436,0,1,-0.04000,1,-0.18667,0,41.709,1,-33.604,0,0,1,-23.529,0.90667,-21.628
1,1,0,0.81143,-26.342,0.85143,-0.00143,0.79000,0.00714,0.79571,-0.04286,0.87571,-14.552,0.85571,-0.06714,0.86429,-42.483,0.82857,-0.05429,0.81000,47.867,-25.996,33.548,0.84286,-0.05000,-36.247,-0.06857,0.81598,-0.08669,0.82571,-18.365,0.81429,-0.05000,-17.768,-0.15143
0,1,-16.391,0,0,0,0,0,0,17.616,0,0,43.013,-1,1,-1.382,-10.053,0,0,-4.162,0,0,0,0,0,0,-37.749,1,1,-28.093,0,42.501,0,0,0
1,1,0,-39.154,27.642,0.43117,-0.09610,0.50649,-0.04156,-21.102,0.09610,0.44675,0.05974,0.55844,-0.11948,0.51688,-0.03636,0.52727,26.905,0.55325,-0.01039,0.48571,-23.303,0.49091,-0.01039,0.59221,0,0.53215,-6.92,0.43117,31.551,0.54545,-12.211,0.58961,-39.181
0,0,0,0,0,-17.835,37.824,29.75,0,0,0,0,0,0,-19.217,15.419,0,0,0,36.283,0,0,0,-7.027,0,0,-20.561,1,-1,0,-11.112,0,0,0,0
1,1,0,1,0.5,-45.252,0.25000,0.25000,14.054,0.16851,0.91180,-0.13336,0.80454,-21.618,0.60793,-0.43820,0.37856,-40.098,0.16709,-0.36676,-20.584,-37.845,45.85,-0.16178,-0.12964,-0.07782,-0.12744,-0.02089,39.04,0.01033,-0.07036,0.02224,-2.108,0.02249,-0.02017
0,-20.147,0,0,0,-8.777,0,1,1,-1,-1,0,-15.14,1,-0.11111,0,0,4.603,44.015,-1,1,1,14.295,1,-1,-27.183,18.815,1,-1,0,0,0,0,-47.521,1
1,1,0,0.87048,0.38027,-48.341,-16.977,0.31347,0.86625,-0.03933,-7.532,-0.42173,-34.677,-0.70561,0.51560,-35.226,8.039,26.629,-0.12539,26.612,-0.38102,-0.38334,-0.62861,-0.13013,-0.70762,0.15552,-35.452,0.38544,-0.51568,0.52573,-0.29897,0.56239,-0.05938,0.51460,0.16645
0,-5.424,0,0,0,0,0,0.147,-39.506,-1,1,0,0,-26.903,0.37333,-0.12000,-0.12000,0,31.314,-1,7.455,0,0,1,-1,0,0,-8.799,-34.224,0,39.311,0,0,0,0
1,1,0,0.88179,0.43491,0.59573,0.77655,46.826,-6.848,-0.24103,0.92544,-0.62526,0.71257,-0.86443,0.33652,-0.92384,-0.05338,-0.77356,-0.44707,7.098,29.562,-13.039,-5.041,0.26384,-0.77570,0.55984,-0.55910,0.72147,-0.24433,0.72478,-40.326,15.496,-23.812,0.34749,0.57656
1,1,45.124,44.408,0.02520,0.15236,46.003,0.14919,0.74003,-46.136,0.92324,-0.10312,0.19380,-0.61352,0.25786,-0.94053,-0.05409,-0.13117,-0.14329,-0.30315,-0.44615,-0.11409,-21.133,0.02668,-47.335,17.483,-0.06295,0.33737,-0.11876,0.27657,15.918,0.15078,0.13296,44.175,0.20468
1,1,0,0.83427,35.553,0.54040,0.78579,25.917,0.89402,-0.33221,0.83578,-0.70086,0.59564,-0.86622,0.21909,9.515,12.213,-0.59714,-0.61894,-0.19354,-0.87787,0.12439,40.364,-34.727,21.331,0.79143,-0.27734,0.83008,0.08718,0.66592,-24.123,0.37542,39.417,-0.03983,0.79444
1,1,0,0.62335,-0.03490,6.544,0.00481,0.60409,-0.07461,0.63177,-47.544,-26.593,-0.07461,0.67028,33.709,0.62936,-0.08424,0.67509,0.09146,0.67148,0,0.58965,-49.013,0.50060,25.886,0.65945,0.14079,-14.002,12.971,2.623,0.04452,0.61733,-0.00963,0.61372,-0.09146
1,1,0,0.74449,-0.02390,0.70772,0.03309,0.72243,0.16912,11.374,21.725,0.81434,0.43934,0.63787,0.00551,16.255,0.21691,1,-13.926,0.61029,0.05147,-4.961,0.04228,0.52022,-0.25000,-23.482,-0.15809,0.61727,0.07124,-18.879,49.288,0.55916,0.07458,20.685,0.21691
1,20.683,0,0.61538,0.18923,-34.899,-14.046,0.77486,0.02647,0.65077,-0.10308,0.77538,0.08000,-2.001,0.05060,0.72322,0.05776,0.68615,-27.166,-0.335,45.919,0.66233,1.307,0.63878,0.08041,0.60154,-0.07231,0.58803,25.206,0.55077,0.25692,0.53389,0.09207,0.50609,0.09322
1,1,0,27.342,0.05375,0.84803,0.00202,0.84341,17.328,0.84300,0.09901,0.75813,0.04102,-33.975,0.00585,43.985,0.00673,0.80622,-5.584,36.435,-0.03536,47.707,42.72,0.74635,0.00978,0.79632,-0.04243,0.70824,0.01096,-6.074,0.11598,0.66624,0.01190,0.64407,0.01227
1,1,0,0.5,0,0.38696,-17.57,0.49130,0.06522,0.46957,-0.03913,2.252,-0.12609,0.45652,32.667,0.50435,-11.125,0.35652,0.19565,-21.335,0.14783,0.42174,-33.047,0.32174,-0.11304,0.47391,12.419,0.41789,35.943,0.38696,0.03913,0.35217,0.14783,0.44783,28.07
1,1,0,0.79830,6.687,0.78129,-30.698,0.71628,41.819,0.69320,0.41252,0.65917,0.50122,0.57898,-10.007,-38.251,0.58445,0.33354,0.67861,-4.868,0.63548,0.09599,0.68104,0.02066,0.72236,-0.086,0.63183,-39.63,0.60696,-0.18226,-22.537,-0.25516,0.51701,-0.27339,0.42467
1,1,0,-26.259,0.09802,-5.559,0.25101,0.98390,0.33044,0.80365,0.53020,0.74977,15.815,0.56937,0.71942,0.55311,0.74079,-10.492,0.82193,0.21137,-28.457,-33.197,0.82162,-0.01734,0.79870,-0.15144,0.75596,-48.513,-3.556,-0.31713,-36.705,-0.40291,0.54522,-0.42815,0.44534
1,1,0,0.89410,-19.763,0.87001,42.953,42.523,0.43388,0.63388,0.59975,0.54003,0.71016,0.39699,0.76161,0.24266,0.79523,0.09134,0.79598,-29.5,0.76261,30.432,0.66926,-0.30263,-40.145,-0.40552,45.496,-0.46215,0.40753,48.99,0.27252,-0.52823,0.19172,-2.782,0.05972
1,1,0,0.94631,0.17498,0.90946,-12.969,0.85096,0.49960,31.499,0.63842,0.59215,0.73838,0.48698,0.83614,0.30459,0.90665,0.17959,0.93429,-8.487,43.188,-0.18880,-40.907,-0.33023,0.82492,-0.46534,22.099,-42.441,42.232,-0.67929,0.52564,-0.75321,-47.614,-0.81210,0.26092
1,1,0,0.91767,0.18198,-3.431,50.243,0.72873,0.45747,7.746,0.69865,0.50376,0.74922,0.36100,0.81795,49.702,0.83558,28.861,21.428,-0.16390,0.77853,17.403,0.76193,-0.43087,0.65385,-0.53140,0.53886,-0.60328,0.40972,-0.772,0.27338,-0.65710,0.13667,-0.64056,-10.808
1,1,0,31.778,0.21106,0.63935,0.38112,0.48409,-10.812,0.15000,36.961,0.13753,0.59565,-0.07727,42.711,0,0.48636,-0.27491,0.42014,-0.56136,0.36818,45.289,5.22,-0.40533,11.581,-0.38483,12.96,-0.33942,-0.12486,-0.27540,-0.19714,-0.19962,-0.24648,45.182,-0.27218
1,1,0,0.58940,-0.60927,0.85430,0.55298,-7.888,0.07285,0.56623,0.16225,0.32781,-29.696,0.50331,0.12252,0.63907,0.19868,0.71854,0.42715,-31.282,0.13907,25.323,0.27815,0.68874,14.65,0.51872,0.26653,-0.715,0.27687,40.247,-3.643,0.43484,0.29324,-8.568,0.29942
1,1,0,1,0.11385,0.70019,-0.12144,0.81594,0.09677,-27.251,-31.348,47.435,-0.07780,0.69070,0.12524,0.58634,0.03985,20.489,23.082,0.69450,0.16888,-4.753,0.07211,0.32068,0.05882,0.53321,35.387,-18.454,0.17951,0.15180,0.32448,0.44141,0.18897,-43.114,0.15180
1,1,0,0.84843,15.134,30.669,-0.02299,0.77031,37.187,0.66725,-0.06620,0.59582,-43.258,0.67260,-0.05771,0.64260,-0.06438,0.39199,0.04530,0.71254,-37.234,0.55970,-10.255,0.53430,-0.08453,0.47038,-0.22822,21.561,-11.999,0.52613,-0.08537,0.44277,-48.789,0.42223,-0.09808
1,43.022,0,1,30.025,0.96775,-0.00482,0.96683,48.837,0.87980,-0.03923,26.515,49.071,-8.576,-0.01436,0.95947,-47.399,0.98497,0.01002,0.91152,-0.08848,0.95016,-0.02364,0.94636,-0.02591,0.98164,0.02003,0.93772,-0.03034,1,-0.05843,0.92774,26.674,-13.938,-0.03673
1,1,0,-20.801,-0.12371,0.42784,-0.12371,0.70103,-0.39175,-11.442,0.07216,7.602,-48.689,0.49485,33.086,0.45361,-0.11856,0.42268,0.06186,0.5,-0.27320,0.54639,0.18557,0.42268,34.956,0.70619,0.19588,0.53396,-0.12447,0.15464,-0.26289,-5.194,0.04124,21.494,33.629
1,1,22.306,0.63510,-0.04388,21.411,0.02968,0.61432,-38.147,0.65358,-0.00462,0.64203,10.036,0.79446,-0.43418,50.506,0.54965,26.475,0.13857,0.63510,0.21940,-11.647,47.076,0.70951,0.15359,0.64665,0.23095,0.68775,0.17704,0.61663,0.07621,-49.049,0.19841,0.69053,0.36721
1,1,0,0.50112,-0.03596,0.61124,0.01348,50.038,0.01573,0.58876,0.02472,5.557,-0.00449,49.373,-0.04719,0.66517,0.00899,0.57303,14.624,47.364,11.318,0.56854,0.14157,-25.853,-0.03596,0.46517,0.04944,-23.772,0.00824,0.47640,-0.03596,0.54607,0.10562,-1.998,-0.08090
1,1,6.752,0.71521,-0.00647,0.66667,-0.04207,21.572,-0.05178,0.77994,0.08091,0.67314,18.094,0.64725,0.15858,0.60194,-0.01942,0.54369,-43.63,0.46926,11.865,0.64725,0.14887,0.39159,-43.612,0.52427,-0.05502,0.45105,0.00040,0.31392,-40.202,28.392,-0.10680,-18.486,-0.05178
1,1,0.937,0.68148,30.428,0.77037,0.03457,-26.727,-30.234,0.60988,-0.00494,0.79012,4.627,-13.176,0.893,0.62469,0.09630,0.78272,-0.17531,0.73827,-0.10864,0.48642,0.00988,0.60988,0.08148,0.66667,2.824,0.63773,-8.467,0.76543,0.02222,0.61235,-0.07160,0.51358,-0.04691
1,1,0,-28.78,8.688,0.67119,0.04068,0.52881,-0.04407,0.50508,0.03729,0.70508,-0.07797,0.57966,-0.02034,28.448,0.07797,-5.143,-2.169,0.56949,-0.02373,0.53220,0.00678,-7.082,0.6,-6.045,-0.03390,0.57262,0.00750,0.58644,-35.722,0.58983,-0.02712,0.50169,0.06780
1,1,0,0.49515,0.09709,0.29612,0.05825,-39.742,0,22.547,-0.02427,0.58252,0.02427,0.33495,0.04854,-24.375,25.457,0.47087,-12.974,0.43204,0.00485,0.34951,-35.864,0.18932,0.25728,0.31068,-46.677,44.78,0.03815,0.39320,-39.741,0.26214,0,0.37379,-0.01942
1,1,0,-32.452,0.02187,20.077,0.34100,0.83904,33.147,0.74706,-35.473,0.73584,7.005,0.55076,0.60179,0.43130,0.66237,0.31800,0.70443,0.28379,0.68873,0.07515,-5.697,0.06338,0.71284,-0.16489,44.038,-0.16556,0.60510,-0.16209,0.55805,11.48,-44.22,-0.33483,0.37465
1,1,0,-31.637,0.15810,0.90112,0.35237,0.82039,0.48561,-15.809,49.858,0.417,26.008,0.40349,0.83156,0.25140,0.84804,38.044,0.85475,-0.12193,0.79749,-0.26180,0.80754,-0.37835,0.71676,-0.51034,-44.98,-0.57587,0.46040,-14.367,0.30796,-0.65754,0.18345,15.168,0.02968
1,-17.674,-38.156,0.99701,0.21677,0.91966,0.47030,-44.027,2.741,0.53312,0.78120,0.36774,0.88291,41.209,29.287,-0.06827,-15.981,-0.28269,0.72073,-0.43707,0.61688,-0.55769,0.48120,48.672,0.35534,-0.64658,-30.738,-0.66651,0.02277,-0.64872,-0.13462,-0.54615,-0.22949,-0.47201,-0.35032
1,27.517,0,27.271,0.19959,0.96132,0.40803,0.80514,0.56569,0.56687,0.70830,0.41836,0.83230,0.14939,0.89489,0.05167,0.93682,-0.24742,0.83939,-14.748,0.75554,-0.50251,0.62563,-0.65515,8.218,32.876,-21.549,-0.77097,0.15619,-0.75406,16.684,-0.75199,-19.218,-0.66932,13.745
1,-46.909,0,0.93972,0.28082,30.147,0.52821,0.58167,38.952,-23.507,0.80511,0.10797,-44.802,45.05,0.89335,-0.39730,0.82163,-0.58835,0.62867,-0.76305,0.40368,-0.81262,-36.093,-0.81317,-0.04284,-0.75273,-0.26883,-39.746,-0.46438,-0.46422,13.722,-0.26389,-0.70835,-0.08937,-0.71273
1,1,9.606,0.89835,-11.175,0.67333,27.347,0.43898,4.616,-0.03643,0.80510,-0.22838,0.75334,-25.313,0.48816,-3.297,0.28415,-0.66750,0.10591,-0.47359,-0.06193,-0.81056,-0.06011,9.447,-0.47592,-16.639,-0.53620,0.07158,33.6,0.24321,-0.43478,0.36586,-0.30057,0.42805,0.13297
1,1,0,1.7,0.10025,0.23308,0.17293,0.03759,0.34336,0.12030,-20.238,0.06266,20.578,-48.725,0.12767,-0.06333,-11.993,-0.06328,0.04097,-13.544,0.01408,-0.04166,-0.00280,23.689,-0.01176,-0.01755,2.732,-0.00886,-0.01475,-0.00280,-0.01250,0.00096,0.69,0.00290,-0.00647
1,1,0,0.58459,-0.35526,1,0.35338,0.75376,-0.00564,0.82519,0.19361,-15.993,-0.27632,0.65977,0.06391,0.69737,30.725,21.045,-7.338,45.188,0.04511,-48.773,0.20489,0.84774,-0.40977,0.64850,-0.04699,0.56836,-0.10571,0.52820,-10.396,0.15602,-48.116,0.44767,1.104
1,1,0,0.83609,-37.962,0.72171,0.06059,0.65829,0.08315,19.036,0.12961,0.43837,0.20330,0.49418,0.12686,0.44747,0.13507,0.29352,0.02922,0.48158,0.15756,0.32835,0.14616,0.29495,13.661,34.651,-29.234,48.297,0.14314,0.26429,0.16137,0.18767,36.879,-2.431,2.323
1,29.107,0,-16.308,0.11933,-29.25,0.01038,0.85124,-48.071,0.76966,-0.00278,0.84459,0.10916,0.83289,0.03027,0.82680,0.03506,0.74838,16.12,0.80019,10.455,0.80862,0.04901,0.80259,17.0,0.77336,0.02220,0.79058,0.06235,41.574,0.09251,5.185,0.07090,0.77269,0.07508
1,1,0,0.87111,29.62,0.79946,0.18297,-39.952,0.29292,35.03,-0.08337,-14.856,-0.02028,0.90446,-0.26724,0.89410,0.19964,5.62,0.795,0.84452,-0.00991,0.97882,31.544,0.78954,-0.25101,0.86661,-0.09193,0.85967,44.089,0.78774,-0.04101,0.75935,0.21812,37.8,0.09193
1,1,0,0.74916,0.02549,32.046,0.09792,0.75855,-33.013,0.74313,-42.259,-27.759,0.02482,19.818,11.614,0.96110,0.10195,-23.028,0.03756,0.71026,0.02683,0.81221,-0.08048,1,0,-31.749,-0.01207,0.82271,0.02552,0.72435,-0.01073,0.90409,-29.061,0.72837,0.02750
1,1,0,0.47337,0.19527,0.06213,-0.18343,0.62316,0.01006,0.45562,-0.04438,0.56509,37.541,-10.296,0.27515,9.118,-0.03846,0.55621,-21.333,0.41420,0.11538,0.52767,0.02842,6.761,-0.10651,0.47929,-0.02367,0.46514,-10.274,-14.169,0.25148,23.054,-0.14497,-0.777,-0.00296
1,1,0,0.59887,0.14689,25.626,25.914,-11.033,-0.13936,0.80979,0.02448,0.50471,0.02825,0.67420,-0.78,0.80791,-0.13748,0.51412,-0.24482,0.81544,43.41,10.936,-0.00377,0.33333,0.06215,0.56121,-0.33145,0.61444,20.721,0.52731,-0.02072,-0.608,-0.31262,0.67420,30.359
1,1,0,0.84713,-0.03397,0.86412,-26.705,0.81953,0,0.73673,-0.07643,0.71975,29.24,0.74947,-0.11677,0.77495,0.802,0.78132,-21.897,0.61996,-0.10191,0.79193,-0.15711,0.89384,26.546,0.84926,5.895,0.74115,-39.973,0.66242,-32.134,0.72611,20.492,0.65817,-0.24841
1,1,0,-38.428,-0.08152,0.83424,0.07337,0.84783,0.04076,0.77174,-0.02174,0.77174,-0.05707,0.82337,-0.10598,0.67935,-0.00543,0.88043,-0.20924,0.83424,0.03261,0.86413,-0.05978,-47.245,-0.27989,-23.135,-25.504,-26.929,-2.379,0.85870,23.141,-29.044,-0.10870,14.905,-0.00543
1,1,0,0.74704,7.696,0.53755,0.16996,0.72727,11.893,0.69565,-0.11067,0.66798,-14.763,-35.318,-0.19170,0.73715,0.04150,0.63043,-0.00395,-1.133,-0.11858,0.79249,-0.25296,19.342,-27.919,38.082,-0.10474,0.61847,-0.12041,0.60079,-0.20949,0.37549,0.06917,11.036,-0.01383
1,1,-36.043,0.46785,0.11308,0.58980,0.00665,-39.647,-9.198,-28.694,5.93,-22.544,0.01330,0.63858,-0.16186,0.67849,5.055,0.54545,-0.13525,0.52993,-0.04656,-28.95,-0.19512,23.908,-0.13525,0.41463,-0.20177,0.53930,-0.11455,0.59867,-0.02882,0.53659,-0.11752,0.56319,-0.04435
1,1,0,0.88116,0.27475,0.72125,32.016,20.294,0.63662,0.38825,0.90502,0.09831,28.187,-0.20097,0.89200,-31.552,0.77500,-0.65114,0.62210,-35.041,48.93,-0.81856,0.19095,-0.83943,-0.08079,-0.78334,-0.26356,-0.67557,-0.45511,-40.689,-5.437,-29.815,-0.66700,-0.19312,-0.75597
1,1,0,0.93147,0.29282,0.79917,0.55756,0.59952,0.71596,0.26203,0.92651,-32.027,0.96748,-0.23237,0.95130,-0.55926,0.81018,-41.033,0.62385,16.647,0.36200,-0.92254,0.06040,-0.93618,15.564,-0.83192,-33.432,20.347,-0.69556,-39.075,-0.85725,-43.872,-0.93953,0.10007,-31.004
1,1,-40.259,0.88241,0.30634,0.73232,0.57816,0.34109,34.848,0.05717,1,-0.09238,0.92118,-0.62403,3.235,-0.69767,0.32558,10.913,0.41195,-1,-0.00775,20.161,43.595,-0.76901,-0.45478,-0.012,21.917,-0.31610,-0.81876,-0.02979,28.847,0.25392,-0.82127,0.00194,-0.81686
1,31.92,0,31.148,0.28993,-15.013,12.106,0.49234,44.104,0.21991,0.86761,-0.08096,0.85011,-0.35558,0.77681,-0.52735,0.58425,-47.303,-46.844,-0.75821,0.03939,-0.71225,-0.15317,-0.58315,-0.39168,-0.37199,44.744,-0.16950,-0.60863,0.08425,-0.61488,0.25164,8.845,0.40591,-0.35339
1,22.167,-34.25,0.92870,0.269,0.76168,0.62349,0.49305,0.84266,0.21592,0.95193,-0.13956,-23.593,-0.47202,0.83590,-0.70747,-29.469,-0.87474,0.36750,-0.91814,0.05595,-0.89824,24.122,-0.73969,-0.54069,-25.29,-0.74735,-0.22323,-0.86122,0.07810,-49.194,0.36021,-0.78057,14.233,-0.60270
1,-8.852,0,0.83367,0.31456,0.65541,0.57671,0.34962,46.354,0.17293,0.78947,-0.18976,0.79886,47.943,0.66541,-34.899,0.47744,-0.74725,22.507,-33.279,-0.04887,-0.62030,-0.28195,-0.49165,-0.53463,-0.26577,-0.66014,-0.01530,-21.017,0.22708,-0.64428,8.998,-0.51206,45.494,-0.30075
1,1,0,-26.705,-0.02736,0.98058,-0.04104,1,-29.989,-29.119,-6.537,0.95278,-0.02604,0.98500,-36.146,0.99382,-0.07149,0.97396,-0.09532,48.974,-0.12224,0.99294,-0.05252,0.95278,4.819,0.97352,15.948,0.96653,-0.12912,0.93469,-0.14916,0.97132,42.663,0.96778,-0.18800
1,-8.094,0,0.94052,-0.01531,0.94170,0.01001,46.939,-0.01472,0.95878,-0.01060,0.94641,-0.03710,39.115,44.225,0.97055,-7.971,-25.044,-0.04064,0.95230,-0.04711,0.94229,21.997,0.92815,-0.04417,0.92049,-35.953,0.92695,-0.05827,0.90342,-0.07479,0.91991,-25.732,0.92049,-0.07420
1,1,0,0.97032,-21.992,9.293,4.127,-36.234,-0.17123,0.98630,0.18265,0.91781,-46.557,0.93607,-0.08447,0.91324,-0.00228,0.86758,-35.675,0.97032,-0.21233,1,-37.172,30.152,-0.05251,0.92466,0.06849,0.94043,-0.09252,0.97032,-0.20091,0.85388,17.439,0.96575,-0.21918
1,1,0,0.52542,-0.03390,38.929,0.08475,-37.909,2.155,0.30508,18.959,0.50847,-0.13559,-49.126,0.28814,0.83051,-0.35593,39.223,0.01695,0.55932,0.03390,-29.137,0.30508,0.86441,0.05085,0.40678,0.15254,0.67287,-0.00266,0.66102,29.664,-31.466,-0.15254,0.76271,-0.10169
1,1,-48.08,0.304,-0.25000,9.769,0.22222,0.38889,0.16667,0.41667,0.13889,0.5,-16.676,0.54911,-0.08443,21.694,0.33333,0.55556,0.02778,0.25000,-0.19444,0.47222,-0.05556,-33.36,-0.02778,0.38889,-3.341,0.41543,-0.14256,0.19444,-0.13889,-14.56,-0.14809,27.037,-0.5
1,1,0,0.51207,1,1,-8.572,17.232,4.978,46.23,11.937,0.33081,1,0.21249,1,21.944,1,-0.33081,0.98722,-0.61382,1,-0.52674,0.71699,-0.88500,0.47894,-1,-10.578,-1,0.09569,-1,-48.205,19.318,-0.42226,-0.91903,-0.65557
1,-17.26,-28.331,0.75564,-20.382,0.83550,0.54301,0.54916,0.72063,0.35225,0.70792,0.13469,0.94749,35.155,0.93778,-0.37604,0.82223,-0.52742,0.71161,-0.68358,21.667,-0.70163,46.024,-0.79147,11.686,-13.694,-0.29099,-0.70352,-0.32792,-0.63312,-0.19185,-0.34131,-33.818,-0.19609,-0.62956
1,1,0,47.567,0.42904,-3.929,0.58385,-39.984,0.78115,0.16470,0.82732,-37.879,0.86947,-0.46177,0.78497,-0.59435,0.52070,-0.78470,0.26529,-0.84014,31.77,20.162,-0.31351,-0.47412,-0.48905,-0.37298,-0.67796,-0.05054,-0.62691,0.14690,-0.45911,-18.103,23.732,4.313,-0.24313
1,-14.591,0,0.93658,0.35107,0.75254,0.65640,0.45571,24.678,0.15323,7.331,-0.21775,0.96301,-0.56535,0.83397,-15.357,0.58045,-0.93104,47.323,-0.93641,-0.06418,27.104,-0.40949,-0.65079,35.882,-0.36799,-0.84951,-0.04578,-0.91221,-6.579,-0.85762,0.54827,-0.69613,48.806,-0.44173
1,22.901,0,0.92436,0.36924,0.71976,22.555,33.61,-41.269,45.952,0.76527,-39.608,0.92453,-27.903,0.78766,-0.92145,0.42314,-0.94315,0.09585,-1,0.03191,-0.66431,-0.66278,-0.46010,-48.869,6.181,-0.88082,0.19765,-0.85137,0.48904,-0.70247,0.69886,-0.46048,0.76066,-0.13194
1,-7.676,0,1,-20.945,1,-0.05558,1,0.01373,1,-0.12352,1,27.536,32.48,-0.01731,1,-0.06374,1,-0.07157,-47.252,-30.742,1,-0.10108,1,22.336,23.752,-0.22978,1,-0.06823,1,0.08299,1,-0.14194,47.939,-0.07439
1,1,0,0.95559,-0.00155,0.86421,-0.13244,4.385,-0.00461,0.82809,-0.51171,0.92441,1.324,1,21.586,0.99264,-47.113,-32.327,-31.109,0.84013,0.61739,1,-0.16321,0.87492,25.816,0.85741,17.096,0.84132,-0.01769,0.82427,-0.01867,0.80634,-0.01957,0.78761,-32.624
1,1,-26.379,0.79378,0.29492,0.64064,42.233,0.41319,0.68158,0.14177,0.83548,-14.721,0.78772,-0.42911,0.72328,47.414,0.41471,-0.75436,0.16755,-0.69977,-0.09856,-0.57695,-0.23503,-0.40637,-37.4,-0.17437,-18.786,0.01523,-42.973,0.19030,-0.38059,0.31008,-0.23199,-21.186,-23.727
1,-36.749,0,0.88085,0.35232,0.68389,0.65128,-3.813,0.79784,-10.546,0.90842,-0.29784,0.86490,-0.62635,0.69590,-0.77106,-18.196,16.758,0.08408,-0.81641,-0.24017,-0.64579,-27.265,-28.49,-0.68337,-0.11147,-0.75533,0.17041,-0.71504,34.039,41.925,0.56626,-0.36765,0.62765,-0.13305
1,1,0,0.89589,0.39286,0.66129,0.71804,-38.8,0.90824,-0.04787,0.94415,-0.45725,0.84605,-7.664,32.102,-0.92819,0.25133,-0.92282,27.47,-0.76064,-0.48404,-0.50931,-0.76197,-0.14895,-0.88591,-16.175,26.107,0.53229,-0.68593,-20.855,-0.40656,43.845,-2.452,0.76862,0.27926
1,1,0,37.283,-0.24051,1,-0.20253,38.697,-0.10127,0.88608,-39.64,16.419,0.11392,0.92405,-17.772,0.84810,-0.03797,-11.523,-0.36709,0.87342,-7.039,0.93671,0.06329,1,0.25316,-22.649,-0.37975,0.84637,-0.05540,1,-11.175,0.53165,0.02532,0.83544,-0.02532
1,1,0,0.74790,0.00840,0.83312,0.01659,-20.45,45.965,0.86555,0.01681,-18.612,-20.503,-1.276,0.04731,-45.477,-20.537,0.64706,0.19328,0.84034,0.04202,0.71285,0.07122,0.68895,0.07577,0.66387,0.08403,30.387,0.08296,0.61345,0.01681,0.58187,0.08757,0.55330,39.232
1,1,0,14.145,0.01809,0.92211,-39.647,0.92046,0.02180,0.92765,13.134,0.87597,0.11370,-47.61,0.04320,0.90738,4.654,-20.273,0.02842,-36.622,0,0.89097,0.07047,0.88430,0.07697,-26.346,0.10853,0.86923,0.08950,-14.264,0.08786,0.85198,0.10134,0.84258,0.10698
1,1,0,28.287,-0.01179,1,18.812,-7.777,27.424,8.811,-0.01565,1,-0.02809,45.015,-0.02187,0.99828,-35.501,0.99528,-0.03238,0.99314,-0.03452,1,-0.03881,1,-0.05039,-33.415,-0.04931,0.99842,-0.05527,0.99400,-0.06304,-33.798,-0.06497,0.98971,-0.06668
1,1,0,0.89505,-0.03168,-8.924,-17.614,0.89505,0.01386,-33.522,0.02772,0.91287,-8.449,32.255,-0.01584,0.91881,0.18,-26.967,0,0.94257,-6.411,0.90495,0.00792,0.88713,-0.01782,0.89307,0.02376,0.89002,0.01611,0.88119,0.00198,0.87327,0.04158,-48.115,0.02376
1,1,-39.506,0.90071,0.01773,1,-0.01773,0.90071,0.00709,0.84752,0.05674,1,8.491,-23.222,0.01064,0.97518,0.03546,31.295,-0.03191,0.89716,-0.03191,-6.931,-40.344,1,0.09220,40.212,0.04610,47.572,0.03247,0.94681,0.02482,1,0.01064,15.851,0.02128
1,1,45.124,0.39394,-0.24242,-45.252,0.01270,0.45455,17.294,44.689,-4.128,0.21212,45.578,8.144,0.15152,0.39394,0,0.56156,0.04561,0.51515,0.03030,0.78788,0.18182,0.30303,43.928,0.48526,0.05929,0.46362,0.06142,0.33333,-0.03030,0.41856,-12.873,0.39394,0.24242
1,1,-47.107,42.122,0.35950,26.514,39.383,-34.867,0.83049,0.08646,0.85893,-0.24118,0.86121,-0.51763,16.708,-0.68714,0.41524,-0.77019,0.09898,-0.69397,-0.13652,-0.49488,-20.699,-0.32537,-0.57679,-0.02844,-0.59954,12.608,-0.53127,22.379,-0.37088,0.46189,-0.19681,0.40956,0.01820
1,1,0,0.89563,0.37917,0.67311,0.69438,0.35916,0.88696,-0.04193,0.93345,-49.503,0.84414,-27.89,0.62078,5.126,35.466,9.498,-0.05365,-0.73564,-0.34275,-0.51778,-0.62443,-0.23428,32.899,0.06911,-0.73856,0.33531,12.328,0.52414,-0.42086,26.467,-0.17343,-24.013,0.08660
1,1,-24.212,0.90547,0.41113,0.65354,0.74761,0.29921,0.95905,-0.13342,-18.21,-0.52236,16.38,-0.79657,0.55086,-0.96631,0.15192,-0.93001,-0.25554,-15.325,-0.59379,21.232,-14.839,20.06,-0.93788,0.36318,-0.85368,0.67538,1.49,-46.694,-0.28123,0.88654,0.09800,0.75495,0.46301
1,11.582,0,1,1,0.36700,25.18,0.12993,0.92713,0.956,0.93596,-1.267,0.37685,-0.87192,0.36946,-0.92857,-0.08867,-0.38916,-0.34236,-0.46552,-0.82512,-0.05419,-28.012,49.458,-35.885,0.73792,-0.45950,-1.886,-0.06831,-4.635,1,0.38670,0.00246,0.17758,0.79790
1,1,0,1,0.51515,0.45455,0.33333,0.06061,0.36364,-0.32104,-4.728,-35.248,0.48485,19.107,0,-0.57576,-0.12121,-0.33333,-0.48485,-0.09091,-0.84848,0.48485,-0.57576,0.57576,45.332,1,-0.39394,-5.967,47.066,-13.094,0.57576,0.24242,17.688,42.802,0.33333
1,36.656,-11.151,0.88110,0,-16.726,1.868,0.93598,-0.01220,0.90244,0.01829,33.522,12.446,0.93902,0.00915,0.95732,0.00305,1,0.02744,0.94207,-0.01220,0.90854,0.02439,0.91463,0.05488,0.99695,0.04878,0.89666,26.681,0.90854,-21.748,44.177,0.05488,0.97561,-0.01220
1,1,0,-22.271,0.08156,0.79078,-0.08,42.442,-0.01773,0.92908,-38.733,0.80142,0.08865,0.94681,-0.00709,0.94326,0,0.93262,6.795,0.95035,-0.00709,0.91489,0.00709,0.80496,-39.44,0.91135,0.15957,0.89527,0.08165,0.77660,35.941,0.92553,28.077,-32.095,0
1,1,0,-36.57,0.10638,0.88706,0.00982,0.88542,-10.6,0.87234,-0.01418,0.73050,-30.799,0.87657,-27.23,16.084,0.03382,-47.328,0.07801,0.95035,0.04255,-5.703,0.04743,0.84931,0.05178,0.87234,0.11348,0.83429,0.06014,-32.549,-5.199,0.81710,0.06800,0.80774,0.07173
1,-9.787,0,-1.419,0.03727,0.89951,0.00343,0.89210,0.00510,42.597,0,-3.298,0.07453,0.87021,45.001,0.86303,0.01151,-28.416,-0.06211,0.85714,0.02484,0.84182,0.01603,0.83486,0.01749,-28.613,-19.941,0.82111,0.02033,0.81988,0.08696,0.80757,-40.748,0.80088,0.02441
1,1,49.494,-40.825,42.645,0.98579,0.01954,-47.039,0.01954,-7.487,30.65,0.95737,0.02309,0.97158,0.03552,1,0.03730,0.97869,0.02131,0.98579,0.05684,-40.883,0.04796,42.514,-13.245,0.98401,0.03552,0.97540,0.06477,0.94849,0.08171,0.99112,0.06217,0.98934,0.09947
1,50.888,0,1,21.345,29.857,0.01105,1,49.568,0.99448,-4.306,0.99448,42.255,0.98343,0.02320,1,0.00884,0.97569,0.00773,0.97901,30.778,0.98011,0.00663,0.98122,0.02099,0.97127,-0.00663,0.98033,17.779,0.97901,0.01547,0.98564,0.02099,0.86,0.02762
1,46.301,0,43.265,-0.01342,1,0.01566,1,36.736,21.576,0.06264,0.97763,0.04474,0.95973,7.171,13.992,-10.797,0.98881,0.03356,1,0.03579,0.99776,0.09396,0.95749,0.07383,1,0.10067,0.99989,0.08763,0.99105,0.08501,-10.337,31.113,1,0.10067
1,1,0,46.539,0.36724,0.67123,0.67382,0.39613,0.86399,14.601,0.93182,-0.35148,-30.988,-0.60316,0.58842,4.244,0.38778,-0.83285,-0.00642,-0.69318,11.175,-0.52504,-0.53924,-0.27377,-1.887,-8.968,-0.69774,0.26028,-0.60678,0.44569,-9.133,0.54209,-0.21542,0.56286,39.813
1,-4.48,0,47.775,0.41786,0.64131,0.75725,0.30440,0.95148,-0.20449,0.96534,-0.55483,25.482,-0.81857,-18.436,-0.96986,0.10345,-0.91456,-43.99,-0.70163,22.462,-0.32354,-0.88999,0.05865,-0.94172,0.44483,34.192,0.74105,-0.55231,0.89415,-0.18725,-29.058,0.20359,-3.223,0.54852
1,-26.963,0,0.32789,0.11042,21.234,0.29308,-37.107,0.74485,-0.25131,0.91993,-12.073,0.26664,-0.63714,20.206,-0.97650,-0.00337,-0.23227,-0.19909,-43.487,-0.48886,29.719,-0.89991,0.09345,-0.28916,0.28307,-0.18560,0.39599,-0.11498,0.31005,0.05614,0.21443,-31.154,0.13376,-9.91
1,1,37.22,0.65845,0.43617,0.44681,0.74804,0.05319,0.85106,-0.32027,0.82139,-0.68253,49.368,41.179,-48.622,-0.82811,-0.28723,-0.47032,-0.71725,-0.04759,-0.86002,0.23292,-10.301,0.56663,14.545,0.74300,29.758,26.263,0.23713,0.45185,0.59071,0.20549,0.76764,48.871,0.74356
1,1,-12.174,0.19466,0.05725,7.381,-48.221,34.768,0.48866,-0.18321,-0.18321,-0.41985,0.06107,-0.45420,0.09160,-0.16412,-0.30534,-0.10305,-0.39695,0.18702,-0.17557,0.34012,-0.11953,-47.096,-0.16031,0.21645,0.24692,0.03913,27.02,-0.03817,33.19,33.977,-14.692,-0.30153,-0.33588
1,1,0,0.98002,0.00075,1,47.33,0.98982,-0.00075,0.94721,0.02394,23.283,0.02130,0.97888,0.03073,50.773,25.903,0.93929,0.05713,0.93552,0.05279,0.97738,-21.225,1,0.06241,21.587,21.121,-11.312,0.07255,0.95701,0.08088,0.98190,-5.587,0.97247,0.08616
1,1,9.953,0.82254,11.317,0.80462,0.00231,0.87514,-0.01214,0.86821,-0.07514,-25.7,-0.11734,0.84624,0.05029,0.83121,-0.07399,-1.856,0.06705,0.78324,0.06358,0.86763,-0.02370,0.78844,-38.568,47.462,-49.736,49.423,-0.02731,50.19,-0.07630,0.70058,-0.04220,0.78439,0.01214
1,1,0,0.35346,-0.13768,0.69387,-0.02423,-42.902,-18.826,12.522,-0.06119,0.61836,-0.10467,0.62099,-0.06527,0.59361,-0.07289,21.364,-0.26409,0.58213,27.95,0.49736,-0.08771,0.46241,-24.428,-39.684,4.884,0.39146,-0.09038,0.35588,-0.10306,0.32232,14.513,0.28943,-0.08300
1,1,-43.829,0.76046,-27.368,7.616,0.00258,0.85821,0.00384,0.79988,0.02304,0.81504,0.12068,3.783,0.00744,0.81815,0.00854,18.825,-0.06974,0.76531,0.03881,0.76979,4.519,0.75071,0.01232,1.709,-0.00303,0.70886,0.01375,-7.781,0.852,0.66298,0.01484,0.63887,0.01525
1,1,0,0.66667,-0.01366,0.97404,0.06831,0.49590,0.50137,0.75683,-5.786,0.65164,-2.429,0.40164,-0.48907,1.026,0.58743,0.76776,9.034,0.78552,-13.66,0.47541,-0.44945,1,-29.38,0.60656,-30.246,0.68656,0.17088,-6.922,30.402,0.55328,0.24590,0.13934,0.48087
1,-34.719,0,0.83508,0.08298,45.151,-0.14706,-24.055,-0.05567,-45.622,-0.04622,-5.679,28.047,0.81197,0.06723,0.79307,-0.08929,1,-0.02101,0.96639,25.518,22.85,0.01155,0.77521,0.06618,0.95378,-0.04202,0.83479,0.00123,1,0.12815,0.86660,-0.10714,-11.962,-0.04307
1,1,0,-5.483,-33.436,-38.964,-0.02723,7.42,-40.111,0.94590,0.01606,0.96510,43.373,0.94171,-35.849,0.94625,-0.01326,0.97173,0.00140,0.94834,0.06038,0.92670,-35.878,0.93124,0.10087,20.091,0.01361,0.93522,0.04925,0.93159,0.08168,0.94066,-0.00035,0.91483,0.04712
1,1,0,0.94701,-0.00034,0.93207,-0.03227,0.95177,-0.03431,0.95584,0.02446,0.94124,0.01766,-12.823,32.842,0.93954,-0.01461,0.94837,25.291,0.93784,0.01393,-43.748,0.07677,0.89470,15.871,-44.624,0.03193,0.92489,0.02542,12.748,0.02242,0.92459,49.213,0.92697,-0.177
1,1,0,0.90608,-0.01657,0.98122,2.097,0.95691,-0.03646,0.85746,0.00110,0.89724,-0.03315,0.89061,-0.01436,0.90608,-38.202,0.91381,-0.00884,0.80773,-16.656,-17.787,0.01215,0.92155,-0.02320,0.91050,-0.02099,38.888,41.031,50.152,-0.17238,0.96022,-32.654,29.328,-0.16243
1,1,-30.897,-43.948,0.13533,0.73638,-0.06151,0.87873,0.08260,14.978,-0.09139,0.78735,0.06678,-13.514,-0.00351,-16.081,-0.01054,0.85764,-19.084,0.87170,-0.03515,0.81722,-0.09490,27.038,0.04394,0.86467,-0.15114,0.81147,-0.04822,0.78207,26.51,0.75747,7.647,0.85764,-0.06151
