1,-41.063,0,-40.533,26.628,-36.184,0.02306,0.83398,-31.786,46.07,-34.752,-41.299,-0.17755,1.746,-23.12,-13.826,-2.117,-23.501,-37.719,-13.665,-0.32192,44.097,-0.29674,0.36946,-4.163,0.56811,-22.024,-47.067,21.696,-4.385,37.921,40.663,-0.54487,17.195,-0.45300
0,1,2.74,-47.279,47.243,36.402,-0.36156,17.08,-0.93597,23.724,-23.203,40.578,-42.282,0.34432,11.628,19.235,-39.592,0.05499,-48.527,-46.149,21.858,-0.13151,-16.202,-45.168,-0.35734,-0.20332,22.272,-29.048,23.698,-0.19040,-0.11593,-44.292,-27.224,28.149,-27.389
1,1,0,-39.64,-0.03365,30.411,-1.575,-19.918,-0.12062,-32.087,43.163,-31.688,-25.006,-40.255,-9.043,-0.495,0.00299,28.419,34.942,33.399,0.746,0.70887,28.629,0.43385,-19.475,0.57528,-0.40220,-2.495,-18.774,45.895,28.355,-3.015,-22.821,-35.824,-0.38238
0,-25.833,-28.831,1,-9.396,-36.043,34.643,15.725,44.791,46.647,0,46.643,37.192,0,-1.943,-1,33.308,48.552,-37.211,-1,-28.053,45.232,14.698,-13.917,-7.046,-0.536,0.90695,-40.532,13.835,44.164,-0.20099,-20.0,1,-0.32382,1
1,1,-4.123,-35.156,10.964,39.695,0.06531,-19.515,-32.132,39.106,30.035,0.52798,-0.20275,0.56409,-0.00712,-43.919,42.858,17.825,-2.825,49.015,-0.17813,26.44,49.308,-17.565,-0.52879,-49.452,-2.995,0.13290,17.903,0.02431,-40.313,14.656,18.903,-34.312,26.981
0,1,-11.419,0.578,-10.464,-33.475,-29.379,-44.057,-8.678,28.616,0.06637,-38.758,-26.24,2.083,49.352,-16.97,7.238,42.489,-0.10196,-0.11575,-0.05414,-18.728,0.03669,0.01519,-10.998,27.901,42.554,-23.534,49.679,21.757,24.836,-21.769,0,-0.00039,0.12011
1,1,0,0.97588,42.858,-8.62,-1.223,47.598,36.918,43.206,-0.27342,-10.918,9.454,28.055,43.302,0.74628,-12.935,0.57945,-0.68086,39.846,-0.73641,0.36324,-5.512,8.232,-13.338,49.92,-0.81634,-36.298,-19.595,36.862,-49.279,-13.817,-6.174,-16.995,-11.943
0,44.53,38.245,-26.433,24.68,40.699,-24.497,7.062,2.436,0,-12.23,-45.898,-35.591,-16.771,38.168,45.798,-28.616,43.517,2.264,22.588,-1,0,0,-48.576,0,0.162,1,9.76,1,0,0,10.947,-43.011,-11.281,0
1,1,-42.571,0.96355,-5.313,29.36,-0.14333,1,31.763,-21.603,-7.869,-46.451,-0.43569,-25.742,10.479,5.701,-30.699,-41.453,-6.147,0.84537,-0.739,0.75346,-24.126,0.69637,-0.64225,27.146,-14.075,29.451,-30.047,-41.997,-37.953,24.065,41.06,31.169,-0.73420
0,-29.623,-5.338,-0.01864,-0.08459,0,0,0,13.651,1.65,46.942,-0.45663,-25.112,16.519,8.106,-1.648,-46.28,-11.914,-21.275,0.63728,0.22115,-29.116,-42.519,16.416,44.808,-33.21,29.728,-14.333,-0.02294,7.199,39.187,10.639,-34.717,28.44,0.38065
1,1,2.549,49.205,-29.229,27.203,26.642,1.585,-0.27320,2.203,-14.646,1,21.94,10.51,-0.51874,0.90711,-0.59017,0.89230,-3.457,18.664,24.019,41.736,43.557,2.004,-29.491,42.804,21.021,0.47211,29.692,45.13,-0.83675,30.905,26.218,46.281,-0.89158
0,1,0,12.64,-0.54210,36.639,-24.496,1,-29.691,1,-5.494,1,-0.41119,-43.391,-27.682,25.418,-32.898,1,-0.29354,-39.011,26.094,-9.461,35.085,50.295,-16.052,38.506,48.966,-23.374,20.083,38.559,28.205,1,-35.752,37.028,26.9
1,1,-23.036,2.999,11.879,42.973,-0.10169,0.99999,-38.027,-1.184,18.608,0.94055,-0.35151,-5.101,-0.29785,-48.882,26.508,-36.953,-0.28106,-45.952,-11.688,3.153,-11.35,8.321,-8.807,36.644,2.321,-18.501,-0.58370,-8.668,-0.68794,0.68714,-28.052,15.647,-1.219
0,1,-36.048,-13.54,-21.89,-40.64,-16.473,0.85492,14.034,-5.978,-0.12090,-4.961,3.728,26.459,0.07772,3.992,-20.454,30.047,7.46,5.837,-24.525,-15.322,-48.856,21.05,36.792,1,-0.17012,1,-8.519,5.41,-35.042,1,-40.192,1,-0.18826
1,1,31.297,-28.398,-29.674,32.047,-47.76,46.879,-29.21,0.516,25.393,-24.146,6.587,12.801,0.20328,37.43,-43.916,1,0.10561,-36.144,0.27087,47.541,48.223,1,-36.22,1,0.20033,33.03,0.36743,-26.508,23.72,32.554,-30.497,1.417,0.46712
0,6.561,0,0.50932,-0.93996,14.955,42.544,-17.646,35.063,44.72,10.004,13.305,-1,28.163,26.521,38.338,-9.986,22.647,20.417,15.276,-26.136,0,0,9.048,25.008,-49.884,0.92236,6.086,-0.223,0,-8.512,1,0.23188,-8.036,12.321
1,-23.389,-4.469,-5.873,41.113,8.229,18.663,0.97811,0.02498,33.411,-19.423,-10.135,0.07808,0.89323,-47.739,3.329,-27.201,-15.672,31.147,37.112,-10.626,0.81633,40.198,27.366,-27.739,13.936,-7.486,13.341,28.494,0.79110,-28.256,0.77122,0.15930,0.70941,0.12015
0,0,-38.457,-37.578,14.625,-48.393,-1,-6.943,11.956,-27.566,39.067,-1,5.62,47.291,-45.788,1,-40.356,-1,-1,32.275,1,-17.88,15.215,-29.641,49.124,13.047,23.001,-0.46,39.833,-1,25.163,-2.321,-8.916,1,-1
1,1,39.835,0.67065,-22.568,21.719,0.05031,11.5,22.987,16.115,-36.586,0.63621,-28.631,0.62099,25.389,-44.84,0.10976,29.356,-26.971,-2.204,9.503,23.833,0.21326,0.51420,-5.491,0.48838,0.23724,-44.782,-30.608,-22.199,1.057,34.115,-28.884,15.551,26.251
0,0,-42.407,18.638,-14.373,0,8.252,33.177,0,-19.147,1,12.225,-1,29.612,33.124,31.573,35.871,-1,44.847,1,32.006,7.069,-21.778,36.247,11.326,33.711,23.368,-41.714,1,1,29.789,25.58,8.24,-24.933,1
1,1,-24.795,1,-0.00612,38.425,-11.875,-38.486,-0.07649,1,31.748,1,38.838,-19.428,-36.197,-45.862,41.565,0.92124,-42.363,0.86473,-41.511,50.46,30.301,-20.241,-0.46866,9.473,47.017,-44.615,3.582,40.711,-0.38231,-31.047,-32.895,29.705,-37.304
0,0,16.399,-11.141,-40.41,3.385,0,35.711,0,-0.385,48.138,0,-12.303,32.218,3.655,28.28,-19.595,-21.712,-1,-1,36.986,-3.494,1,35.831,43.664,-38.222,1.774,37.112,45.896,22.579,-19.536,-13.031,1,-1,1
1,1.285,0,0.96071,-46.501,31.24,14.265,1,26.326,48.893,-3.232,-34.944,0.02580,0.83250,-20.959,0.87534,35.158,17.116,0.00280,0.75206,34.019,35.975,38.744,14.983,6.532,19.35,-0.07705,26.757,19.981,-31.006,-12.381,4.662,3.915,10.742,-0.00182
0,49.15,-20.325,-49.587,1,0,29.074,-32.905,-46.077,-1,10.04,-20.015,4.939,0,0,6.662,21.226,-33.315,17.416,-49.047,-40.599,-46.844,-19.338,0,49.128,24.232,-1,22.928,47.775,1,1,14.199,-47.818,-16.806,0
1,1,-0.954,-1.558,-0.06182,-20.048,-38.911,-32.777,-23.569,-3.362,26.704,1,-32.039,0.84493,-9.28,0.93392,-0.06598,-14.252,-31.232,0.65731,47.403,7.345,37.827,-30.519,-25.808,-37.169,-0.34838,-40.554,42.286,6.55,49.177,0.54356,-0.26284,-7.74,-46.491
0,1,-13.544,-1.807,0.57820,1,25.512,45.904,-8.918,-8.103,-11.105,40.085,-1,15.482,30.409,38.685,-38.237,1,-1,-38.309,9.69,47.143,10.393,-29.515,45.312,1,-48.942,1,13.128,2.568,-13.395,-32.148,-1,-30.593,-1
1,-41.152,1.149,1,-22.757,-13.431,-0.17263,17.875,-2.552,0.94817,-3.987,0.95473,39.826,0.88486,-41.846,-36.454,-35.024,-36.226,42.906,26.81,-1,0.90284,-3.579,-23.721,-48.263,0.55389,-15.075,45.551,-32.275,-21.106,21.261,38.592,-0.92128,-0.13341,-43.063
0,35.471,2.74,-29.844,39.069,0,-15.749,-1,-47.279,-26.364,-0.37500,-47.905,22.858,0,17.189,0,47.431,-43.126,-1,-45.988,-47.48,24.882,-1,-41.605,0,1,-28.161,-24.158,1,27.286,11.325,22.724,-38.617,18.752,23.538
1,1,0,-31.976,-3.536,-31.419,-18.378,-2.085,29.278,0.98172,0.64520,28.581,-35.906,-8.051,-40.048,29.904,-40.402,-24.06,0.82777,-0.041,36.03,-19.918,1,33.624,1,0.91624,46.464,0.83899,29.529,-18.606,-21.579,1.475,44.151,-1.055,1
0,0,-36.818,47.011,-1,-27.831,47.643,16.013,-28.508,-1,46.932,1,12.698,44.791,-1,-13.917,-20.257,13.835,34.643,-42.048,45.647,1,-2.536,1,32.163,1,38.192,1,-27.833,-7.945,42.164,-38.043,-0.943,-6.046,-1
1,1,49.663,-3.123,14.571,-38.691,26.217,20.499,27.401,1,-2.682,44.132,-2.593,-43.263,29.938,-16.588,-0.21975,39.754,-32.286,11.988,-0.46162,1,16.94,-35.156,37.738,-33.266,-20.913,0.98820,-49.981,19.435,-0.75820,1,-0.75761,49.564,-0.84437
0,1,7.394,43.493,-27.177,25.828,29.468,-7.56,-39.796,1,-34.375,1,-1,28.866,49.334,-20.769,-1,-15.924,-10.006,22.836,48.731,-17.747,1,1,41.569,-23.501,-29.26,3.083,1,-10.419,-0.79141,-43.049,-9.458,1.555,1
1,1,-36.434,-4.479,-0.14639,-47.521,-11.826,-3.826,-0.16450,-12.891,46.5,-11.656,-12.638,0.85269,-0.31463,-8.745,36.456,38.009,26.936,-18.018,43.339,50.398,42.493,0.66150,7.412,0.61297,-0.48086,42.914,9.387,-10.632,-1.613,39.938,-0.57377,-16.434,-0.58086
0,1,23.588,0.71253,-26.459,-0.426,-0.23067,0.98019,44.436,0.99709,42.414,-11.23,-11.39,0.58965,-43.011,-15.934,37.168,2.087,5.883,-44.091,-0.28257,-0.25914,46.726,9.279,38.3,-33.936,24.476,-27.685,40.286,0.63811,-24.716,10.809,-49.45,3.204,-1
1,1,0,1,-0.15899,-6.784,29.152,-21.769,-0.58388,0.921,23.332,-4.794,-13.919,27.095,-23.646,42.556,11.032,29.36,-26.294,-4.241,-42.17,0.96354,-30.254,-28.424,-0.91338,-46.377,-42.423,31.78,-0.11582,5.797,-0.11129,-41.251,-36.78,1,31.399
0,1,0,0.66161,-47.666,17.416,-0.312,48.21,15.846,-4.529,28.118,2.535,-1,1,-0.89375,1,30.475,-30.447,0.70982,-33.958,45.589,11.473,0.85268,-32.062,38.187,-28.116,-13.686,-10.543,-0.08571,14.61,6.836,-41.519,-24.077,-20.425,8.453
1,1,-14.215,27.826,42.25,10.548,-0.01209,31.595,17.935,1.585,-29.366,-1.814,-0.06256,1,-0.06544,0.97261,-0.07917,22.838,44.59,3.491,24.586,23.35,26.966,0.94815,30.421,0.89469,1.165,45.211,48.026,41.886,-28.871,2.041,45.85,27.041,-0.20766
0,0,-34.752,-22.496,1,-27.691,-1,24.418,29.205,36.028,-10.461,33.085,-6.856,-17.052,0,35.639,0,10.64,1,1,50.295,-1,-23.374,19.711,-43.391,1,-29.682,1,28.9,-32.898,28.03,-39.011,38.559,49.375,37.506
1,-5.058,0,0.91241,-8.252,-9.935,35.826,0.94705,0.05345,27.788,7.504,0.373,0.06348,-1.256,12.163,-18.343,-37.836,0.88899,2.42,-37.038,2.937,-49.009,-9.207,2.769,0.14222,15.757,-11.141,0.73550,42.105,19.465,-27.254,-22.327,0.10754,-46.2,0.11447
0,1,-5.961,4.376,29.072,5.407,0.04861,0.97545,-6.906,-19.689,-35.377,3.903,0.11147,-22.64,0.53640,-35.228,0.14137,5.606,25.61,-14.94,-8.469,15.092,0.16371,-16.094,-14.375,-40.532,0.16390,20.539,0.16019,0.43481,36.323,-20.64,8.607,-48.014,-40.64
1,32.554,23.233,1,0.06538,47.541,0.20746,1.417,32.292,0.93051,0.32213,0.383,48.166,-26.709,0.50082,-43.249,0.52321,-29.088,31.655,-28.821,-47.164,-36.16,46.55,-24.741,-30.134,36.774,7.111,12.078,-36.42,0.19296,26.012,-29.04,0.72688,31.367,0.71444
0,1,25.008,-50.722,12.955,13.868,1,40.338,-25.28,23.024,26.521,-1,-8.643,6.561,1,0.17917,-9.036,-1.488,8.048,0.08750,-1,13.321,27.163,42.72,37.063,-18.61,41.277,12.004,13.276,-1,-1,21.381,-7.512,0,5.689
1,1,40.08,0.90932,-24.301,0.86528,-27.084,1,-47.677,28.909,-27.729,31.738,26.896,-16.397,-27.456,-10.136,-7.159,0.51067,36.747,13.44,12.676,-19.068,2.932,41.361,0.55826,0.24856,7.794,0.18626,19.241,-11.001,0.56101,-4.4,33.0,0.12137,-6.192
0,1,0,-0.64286,-38.578,1,47.119,11.956,21.001,49.124,-28.875,1,17.177,39.067,-19.257,-0.46,-1,-6.916,14.186,1,13.625,-6.943,-47.427,-39.3,34.275,-44.251,-40.499,-0.321,1,25.163,39.833,1,-27.566,5.62,-1
1,17.027,14.551,-29.864,22.742,-21.595,8.961,26.233,-22.828,0.99374,20.794,0.92738,-45.545,40.762,-0.37965,0.89812,-0.43796,29.622,-29.663,0.87433,25.35,-1.558,-0.59839,0.74725,-46.273,-26.47,0.119,34.361,-0.73174,23.904,-0.75353,-36.379,-6.52,11.42,-29.585
0,0,7.24,-20.147,0,8.069,0,0,32.124,1,-21.778,31.331,31.789,43.847,-25.933,35.247,31.006,-0.37500,16.638,-1,34.871,0,34.711,-42.714,33.177,23.58,-14.373,10.225,9.763,21.368,1,32.573,-42.407,8.252,0
1,29.962,-35.802,-35.854,-32.526,50.543,38.875,0.99601,37.315,-45.864,31.755,0.98941,-0.13814,31.708,3.787,-23.842,-41.416,0.91236,-32.196,-44.536,-0.32152,0.89991,-20.775,0.87874,-0.37643,48.283,-42.474,0.83172,-0.43122,40.767,-21.627,-10.997,-39.966,42.473,8.153
0,1,43.664,0.94598,-12.168,-1,0.26131,23.215,3.741,1.307,-21.17,4.655,-12.336,1.484,-0.00550,-38.77,0.15452,-1.575,35.649,-11.031,35.207,31.921,-18.91,-21.45,0.37361,17.237,35.518,29.802,35.25,50.138,-0.61393,-41.507,47.101,-0.06117,0.41913
1,-30.503,14.341,-2.199,-20.889,27.214,-0.03818,20.978,18.736,36.275,-46.642,39.813,14.177,35.019,-0.11102,5.083,30.112,0.94217,-0.11583,0.79682,47.799,27.059,-0.17387,0.86257,6.404,35.945,-36.033,0.81813,-12.58,11.006,-0.23864,0.76911,16.12,1.028,3.676
0,26.232,49.15,15.199,3.939,1,-20.498,0,0,0.10991,-48.844,9.04,21.928,0,0,-42.599,-33.129,20.668,-17.639,29.844,-47.956,6.662,-34.315,49.31,-45.72,48.225,-19.89,19.416,-49.047,-21.325,-48.002,0,0,0,0
1,-45.096,-25.492,0.84134,-0.18362,-3.926,47.636,-8.294,-0.00267,50.442,-31.021,0.81121,-23.535,0.88559,0.54991,-30.41,-8.957,0.75000,5.524,-40.412,-0.20104,39.142,0.046,0.46610,-15.107,-32.876,-38.046,-1.625,26.709,-31.306,6.073,-20.204,42.321,-38.008,-0.01425
0,14.128,-2.807,-30.593,-46.942,-6.918,-1,0,37.685,-30.515,46.312,1,32.409,1,27.512,-38.237,-1,47.143,-14.544,-1,-8.103,-12.395,-39.309,-32.148,-1,11.69,0.568,-9.105,12.021,-1,38.085,44.904,0,14.482,0
1,1,0,-23.344,23.158,-13.431,41.24,-41.153,-2.69,-0.26970,-30.409,44.238,27.687,-48.478,1,-1,0.72526,-15.247,-0.57779,-1,-37.754,-1,-22.512,37.734,42.528,-40.629,-43.152,-0.735,-5.597,18.009,0.149,-33.79,-37.383,1,-22.322
0,-46.905,2.74,-16.428,11.325,-47.48,1,-22.158,0.63317,-27.126,21.538,-1,-1,29.286,1,-40.718,-28.364,-29.844,41.069,0.83840,-43.126,1,21.858,21.724,-1,-38.805,18.189,48.431,22.882,-1,-45.988,18.752,36.471,-47.279,0.33611
1,1,0,-19.961,45.545,-31.444,28.848,-35.413,27.497,-0.619,-0.06561,-21.632,43.164,-17.598,29.243,0.94612,34.884,0.99630,-0.32268,33.547,28.17,-18.44,-33.25,-0.14,-0.29807,0.99899,-9.458,-39.767,-3.965,0.92059,-3.391,-40.27,-25.45,1.653,-0.41173
0,14.698,0,33.726,14.806,-27.833,13.835,45.643,-26.508,0.71875,0.47173,44.969,46.02,-2.536,-14.917,-38.043,1,37.165,0.59152,42.742,-0.42113,-37.564,-29.831,-42.048,-0.46801,47.011,46.17,-0.943,-1,32.163,-20.646,-8.046,-9.945,-1,0.61458
1,-38.691,-31.9,1,18.412,39.754,-0.04494,11.988,-2.41,1,-34.354,31.199,0.56173,18.295,-49.612,1,-2.752,1,49.987,44.132,-44.439,49.559,-0.18949,0.95601,-20.637,28.638,-18.511,15.586,26.162,39.164,-0.22370,-3.338,-36.384,0.73992,19.269
0,0,-18.747,-1,-20.769,-28.26,-27.177,48.352,1,42.493,0,1,1.555,27.468,1.896,1,-15.924,41.569,48.587,22.836,23.828,-45.049,-1,-37.796,-10.006,-22.501,6.394,-7.56,1,-9.458,28.866,0,-11.419,-34.375,-1
1,1,-36.434,-10.715,27.331,-3.801,0.07418,0.99952,0.13231,-17.77,36.796,0.94846,-5.29,0.95713,-16.71,0.94862,0.11224,0.90896,10.134,40.434,8.076,43.961,-9.424,-47.547,-12.156,-10.217,-12.316,47.555,49.928,38.088,-0.79,-12.991,44.105,43.181,0.31166
0,39.168,0,24.852,44.798,43.53,-33.591,8.76,23.588,-11.281,0,0.264,1,0,0,40.085,-17.448,39.05,0.36146,10.467,3.58,-24.497,6.062,-29.616,-45.169,-0.84792,43.479,0.162,-25.433,-1,-47.899,-44.011,0,-12.23,0
1,-36.314,28.875,-6.507,26.393,-46.377,0.12197,-25.687,0.22574,5.783,0.09237,-4.845,-13.228,11.816,0.24288,0.89241,-41.968,0.85529,0.26721,31.617,28.692,-29.401,-42.119,32.725,42.184,24.376,0.34658,-21.919,-42.144,-22.893,0.381,-28.782,-4.771,0.54252,0.50903
0,29.522,-34.958,29.757,-14.896,-21.425,-11.543,16.416,0,-29.116,0,-24.73,7.199,-46.666,0,47.333,-33.612,-30.394,8.934,40.187,-0.42292,-42.519,0,0.08333,-2.312,10.367,-5.505,45.808,-0.76667,-1,13.839,1.535,16.519,1,-0.27292
1,1,48.205,43.246,1.371,-27.692,46.215,45.673,0.33347,18.882,0.22610,23.268,30.966,25.572,0.46899,1.395,27.318,3.334,-28.813,-2.142,26.773,1.939,31.138,27.665,44.967,0.48311,0.55236,0.43317,0.69129,22.269,0.76147,9.887,-13.547,0.22101,41.816
0,-23.374,27.03,0.63816,28.9,0.20833,19.711,-33.752,12.64,50.252,0.30921,-0.66886,50.295,-0.05921,0.58772,-5.839,24.469,33.57,36.559,-44.249,-17.085,-23.169,-40.45,-1,1,-31.088,36.506,1,-0.06140,36.639,30.205,-10.255,-29.682,37.028,-27.691
1,1,0,1,-23.451,27.852,0.76131,3.663,-8.109,-1.184,18.702,-8.387,-49.339,8.146,-11.038,15.999,0.00879,0.43,-0.50126,-46.053,41.728,-10.374,-19.454,-36.875,-0.12312,2.935,-5.951,3.221,-27.479,-36.898,35.53,0.43970,12.241,0.51382,-0.05402
0,26.459,0,-6.13,-23.419,-13.54,3.768,9.46,-17.696,15.103,4.921,1,-40.806,-19.306,29.653,-48.014,0.35507,1,36.195,-33.793,-6.391,-40.64,0.63496,-7.987,0.26585,3.903,-0.33333,-20.023,0.15942,20.427,4.391,-14.94,-35.824,1,0.37409
1,26.305,45.879,33.03,0.28046,-43.044,0.02477,24.233,-36.56,48.776,-37.101,0.98762,-30.49,0.516,0.05489,-24.146,0.04384,-46.836,-0.24598,1.261,6.303,47.541,11.842,32.296,-28.88,1,-0.39056,-28.784,36.408,32.422,31.281,-28.452,-0.22021,-26.66,-0.07329
0,0,-34.195,13.321,-1,-7.512,-1,37.063,10.004,-8.643,-1,-23.761,-24.136,1,26.008,6.689,35.497,-7.036,44.72,0.512,43.277,26.159,27.521,27.829,-18.61,1,-50.722,1,8.048,1,14.611,28.163,-37.397,1,-1
1,1,0,4.637,-44.053,-35.265,0.82021,-12.677,-35.628,29.386,-4.41,-0.43872,1,-0.79135,34.772,-43.747,-24.618,-50.037,-0.58634,-7.554,-9.127,-28.178,-33.375,-31.74,6.889,44.981,7.871,-45.193,-11.81,0.25773,-32.984,0.93570,-12.469,49.922,0.03446
0,1,29.102,1,1,-31.307,-1.643,9.78,31.452,8.666,5.727,-19.013,1,1,15.205,-34.679,-13.534,1,-20.787,1,1,26.98,1,24.538,-46.827,40.39,1,21.886,17.191,-45.644,7.437,31.411,3.465,-42.524,-42.783
1,-31.196,36.431,-6.357,0.03529,7.997,3.802,1,43.539,27.22,35.726,1,27.98,44.881,0.38643,49.971,0.31674,-12.996,48.192,-20.165,22.968,1,-39.327,1,-46.732,32.548,10.77,13.068,0.71374,0.85611,-6.682,0.74389,-43.504,6.834,-33.666
0,38.613,-35.783,-22.815,-31.449,-26.726,-17.976,37.749,-6.176,43.961,-23.738,-40.91,19.846,0,0,0.736,-19.523,10.293,48.768,-43.021,-1,3.651,1,10.557,2.303,1,-1,1,-1,24.057,-1,15.644,-37.602,30.915,-1
1,26.397,-15.598,-0.079,30.21,44.743,42.169,0.96026,0.27451,0.98044,-44.665,-47.978,0.46281,-28.791,-15.057,0.82820,-49.126,-32.019,25.327,0.69003,-43.666,25.354,0.68820,-6.906,-4.885,-2.223,37.135,36.118,0.83796,28.998,50.86,-8.662,0.86835,-14.759,0.86285
0,1,-22.258,0.69444,-45.866,34.291,-37.731,-19.333,-23.806,-26.35,0,0,8.775,-30.621,-6.697,19.364,7.988,0.21032,0.19444,0.46429,-12.015,12.482,13.64,2.402,32.743,-27.36,-13.368,0.76190,0.63492,14.775,-49.011,43.983,-26.465,4.024,0
1,-9.211,0,23.99,0.05070,1,0.10827,26.818,8.457,1,-27.214,18.289,-31.001,-27.37,-22.933,-31.599,10.056,-37.614,-3.1,-29.769,-27.478,-1.907,0.59962,-19.056,32.128,-47.176,0.63942,-24.003,33.371,0.49538,13.857,0.47027,19.672,0.33381,-32.773
0,0,0,10.099,30.293,-35.78,-32.002,6.28,2.333,1,-8.527,-23.304,29.867,-18.765,1,32.498,-25.657,29.935,36.97,1,28.123,10.888,-1,8.833,-1,-25.401,-1,31.039,-1,-13.586,44.27,23.123,9.489,1,42.581
1,-28.421,0,-17.842,25.204,7.313,40.132,1,-8.72,1,-44.643,0.98703,45.822,47.121,-20.295,-23.013,0.39749,8.219,6.006,0.78619,0.46994,36.118,-31.27,26.98,0.58129,20.738,38.85,-31.201,18.483,-33.202,0.60932,28.768,-11.126,31.431,0.62658
0,-11.688,-33.776,26.368,-12.37,15.568,-1,-11.869,45.337,33.43,-11.165,1,1,34.846,1,34.155,13.602,1,-24.163,-13.061,2.616,-19.932,-21.145,-23.003,14.839,1,25.565,32.752,-19.007,-1,1,-1,13.609,5.918,1
1,1,6.039,-26.844,-21.32,1,-9.9,3.397,-22.795,-21.632,-34.851,1,6.219,1,-40.421,-27.869,-11.355,1,27.994,1,1,0.74468,-23.308,-17.202,50.693,-20.049,1,-3.321,-28.396,13.003,-47.051,-42.601,-14.661,-0.81383,33.259
0,0,39.987,1,26.814,3.038,-1,1,26.8,36.922,-5.51,-49.149,19.387,14.874,1,0,2.398,25.323,-8.612,-41.262,-4.237,26.118,1,-16.985,-8.021,9.142,-1,34.248,-42.335,-25.022,1,47.307,-1,44.131,27.275
1,30.778,0,18.682,-0.06604,13.025,-1.347,1,-21.256,-35.878,-16.738,1,-41.481,1,-0.40559,1,19.684,-12.136,-21.725,46.468,-0.61538,24.386,9.716,8.778,-1,-25.653,-8.27,-17.494,38.169,27.308,-46.367,17.033,-38.238,-27.08,-0.48252
0,0,-39.79,1,-19.063,48.568,36.884,-35.592,1,-48.597,14.048,16.23,1,-12.532,-6.781,43.175,-39.349,1,20.523,1,-1,43.702,30.805,-33.49,7.068,21.27,-1,9.547,30.244,30.251,-1,36.23,-12.739,-29.091,-1
1,-25.41,49.208,0.92277,-25.224,21.003,0.16251,-0.695,45.447,27.845,-20.981,0.78801,-14.707,48.591,-34.591,2.453,48.165,32.043,9.641,0.51247,11.626,-9.589,34.399,0.34232,0.68343,0.23693,33.903,-27.432,43.753,-15.609,0.71038,-30.985,0.77072,-41.317,0.69509
0,1,18.541,-24.79,14.418,-2.301,-43.602,-38.168,-33.661,18.249,-24.14,1,-37.873,3.857,0.44523,11.393,-37.285,-1.869,0.41168,0.10567,0.36353,-38.341,-27.681,24.914,32.922,-0.02862,0.19405,21.259,24.269,-0.04779,46.519,47.994,-36.356,-19.863,0.04586
1,-47.439,2.813,9.705,41.044,0.65680,-47.029,0.80621,-19.31,0.85947,-37.247,35.867,9.322,2.796,-39.267,42.429,43.296,35.695,47.553,0.65976,21.192,-45.166,-31.249,12.792,-0.18639,44.478,-36.018,0.61009,-6.242,46.778,-0.21154,0.59024,-0.14053,12.411,0.02959
0,-43.864,24.986,-6.796,21.726,32.011,41.053,-14.896,-41.45,37.533,0.15299,0.54478,0.13060,0.61567,46.519,13.856,0.67910,0.66791,43.635,-29.751,-16.447,37.04,-43.565,8.094,0.45522,-6.687,-3.976,-33.31,-4.974,0.32463,-0.02612,-25.15,9.579,33.112,0.12755
1,1,0,-14.686,1.293,-20.353,25.048,0.77358,-0.415,-23.362,30.993,0.64528,10.691,0.66792,38.037,-10.779,-36.243,26.968,-28.212,0.61887,-0.07925,-29.54,22.277,40.888,-0.14717,-0.799,-38.429,37.308,25.742,-32.686,0.02264,-4.249,0.03774,20.891,26.562
0,-43.227,9.666,0.72727,-0.05000,48.918,-10.187,45.962,0.72727,1.322,-10.725,-26.062,45.839,-12.481,0.09559,32.843,1,17.224,-23.879,0.66818,-21.871,15.908,-5.712,34.942,39.393,19.275,0.32727,-40.513,0.14673,-37.273,-0.048,0.48927,0.14643,48.237,35.046
1,1,16.434,-10.672,-0.894,49.226,0,16.274,0.12941,0.40000,48.524,0.56471,-1.257,-37.025,-24.929,-24.332,36.914,0.58039,0.01569,-6.968,0,-1.121,-9.088,0.58039,16.722,26.04,44.767,-40.758,-18.982,-16.548,-26.717,39.34,4.816,2.288,0.17255
0,17.201,17.755,44.056,0.12482,-15.999,0.12500,0.23182,0.27955,-0.03636,27.026,-11.039,40.121,-45.253,33.215,2.303,0.27322,0.02727,0.40455,-0.34773,-14.735,43.552,-16.586,-23.781,0.36364,-13.715,2.731,-42.388,10.431,-25.556,-3.184,33.2,-46.325,-8.95,-18.927
1,-45.965,0,22.892,-0.21996,1,45.702,6.499,2.106,-16.093,0.05901,-38.72,-10.603,0.85193,-37.474,31.354,23.967,-47.597,0.57940,-0.865,-10.363,0.441,0.27575,1,41.681,10.516,-2.849,-19.924,16.975,33.03,49.31,-12.362,-25.239,0.52361,0.54185
0,30.56,0,-13.173,-43.777,-18.238,33.387,-0.08961,-30.08,0.80648,0.04576,33.246,-0.00763,47.254,46.48,-0.20019,-0.68065,-14.576,-37.98,-48.243,-28.892,-0.06959,-36.308,-2.573,-37.916,18.887,-44.872,1.765,47.75,-2.217,19.859,-0.21354,-46.616,-47.151,-0.59867
1,40.554,36.249,40.695,29.742,0.64348,-7.408,32.849,-21.508,0.65217,11.05,23.928,-0.164,-20.244,-0.23043,0.791,3.038,0.38696,-8.147,-12.372,-44.478,24.795,-7.173,0.53246,-0.03845,0.31304,-35.009,-44.938,-0.04264,29.196,-25.328,0.64348,14.966,0.50435,48.03
0,1,0,-18.556,26.978,25.38,2.734,37.017,-24.9,0.31889,48.872,12.008,-1.602,-15.639,0.08978,25.723,9.685,0.16409,0.45201,0.33746,13.411,0.50464,-35.301,-0.63777,-0.61610,-13.765,33.949,-33.782,-47.364,20.045,0.678,-29.927,43.043,46.047,-37.487
1,1,0,-24.728,0.13582,0.45331,49.102,-31.467,-0.00509,34.527,0.20883,-45.086,7.698,0.47368,-44.779,4.192,-31.324,-7.882,44.344,-11.693,-0.04244,-32.262,-10.811,9.153,-36.837,-12.59,-49.679,-42.244,-27.481,0.34635,-35.98,-4.507,29.162,-6.179,-0.03226
0,1,20.886,0.79157,-0.475,30.411,25.98,29.667,0.06874,-12.139,-34.679,-21.404,24.534,-0.02439,0.53215,-19.776,4.594,7.64,0.95122,16.181,-42.674,-47.929,0.38803,32.026,-41.546,-0.91574,0.80710,-45.986,5.61,-1,8.131,7.78,14.334,-32.307,39.39
1,1,-32.196,-39.039,47.702,4.412,22.804,37.161,10.592,7.595,0.72997,35.918,0.81152,49.215,-33.549,26.285,-20.314,27.566,0.87396,-14.284,0.79617,43.415,-46.668,-7.924,43.808,-0.68159,32.051,-0.71844,-44.102,5.395,12.286,-0.71475,-0.05525,-8.034,-0.19904
1,4.303,42.961,-36.625,-43.83,30.742,-22.276,39.467,0.58732,0.47968,10.399,15.958,0.92643,49.871,-22.876,-0.13254,-29.606,38.293,0.91624,-36.305,-19.728,-0.68274,20.341,-41.685,-18.64,0.882,4.58,-0.83314,-0.01358,-6.0,9.099,-28.399,24.721,-0.59943,-0.49700
0,1,-49.714,-1,-16.582,49.999,0,0.50814,-8.174,-29.048,25.139,23.637,-49.321,0,35.784,25.397,36.388,-0.04,-15.865,0.36482,-3.265,-31.781,-6.646,-45.398,-1,-13.849,28.153,29.124,-46.015,-1,-1,-7.799,42.776,0,41.976
1,14.64,0,-23.764,-30.571,3.192,0.02543,-45.469,-28.056,8.893,44.082,0.67801,-26.038,13.241,-6.623,-21.511,0.08442,-12.935,3.946,9.411,-37.731,33.443,-18.89,15.457,0.12185,0.67016,-26.311,0.64158,-12.66,0.65707,34.467,0.59759,0.14697,-48.436,19.309
0,1,-28.37,18.289,7.262,-28.066,25.818,-37.726,17.962,0.80882,0.55147,-33.944,-0.94853,31.501,0,-3.604,0,0.72059,-33.317,-47.107,9.025,-31.349,0,-30.344,-3.714,-20.852,-1,-1,-25.598,14.13,31.676,-22.316,-11.211,22.99,-27.498
1,10.489,0,29.935,3.35,0.96215,-24.688,31.039,35.935,-13.586,9.783,-6.537,5.209,24.114,9.009,44.27,-24.462,-34.78,-0.14257,-31.019,43.463,32.498,26.938,1,-19.958,0.98971,-26.622,0.96490,-0.20243,0.94599,29.122,0.96436,-0.22561,10.758,28.634
0,-23.924,0,35.324,0,0,20.068,0,-31.833,-11.762,0,46.193,0,-33.742,26.277,38.253,0,25.164,5.545,7.399,-29.421,28.315,-44.922,-20.671,40.012,31.027,17.873,-7.882,-1,0,6.313,0,45.513,-31.79,-18.842
1,1,-22.145,26.325,44.216,0.63318,-12.996,0.96365,31.569,-12.4,-21.918,-18.012,-0.01124,33.99,-11.935,14.839,-20.321,0.99273,32.218,-11.179,-12.271,15.568,12.331,0.93126,-0.39458,-32.776,33.654,27.453,14.293,7.732,-0.23728,-22.272,-0.31857,2.312,-0.41573
0,-9.386,-20.695,0.28409,-15.979,-18.099,0,-11.444,-29.869,32.566,50.651,13.538,27.059,-35.503,-25.157,-27.844,2.397,-3.112,-23.885,-21.11,-0.80682,0,-41.421,6.039,0,-22.389,5.397,1,-29.635,0.06061,-42.912,-47.888,-0.70076,0,0
1,1,46.307,0.94490,-0.49311,-48.149,-0.03692,0.98898,-26.893,0.90083,25.992,-8.021,-6.611,9.142,26.993,34.248,-40.412,3.398,-5.414,1,25.609,3.038,-43.57,1,-8.878,40.987,25.977,14.874,-0.33304,1,25.431,20.387,-18.392,38.922,44.683
0,20.843,7.778,0,17.682,0,-21.351,-26.653,-36.878,38.983,23.386,-16.319,-0.976,12.025,26.308,-13.136,-40.481,-18.129,-0.71951,0.56098,8.981,0,16.033,-21.774,-45.367,0,-28.08,1,0.10976,-7.69,29.778,-37.453,0,45.468,0
1,48.568,0,43.17,0.00526,-33.649,29.138,6.95,-0.16431,43.693,-0.06257,-48.632,19.448,-38.938,20.299,16.102,-36.801,-12.593,29.675,-17.08,-30.18,36.129,0.00075,0.87836,12.989,0.93368,-5.98,0.87579,-0.17806,30.186,8.381,36.687,-0.25741,-12.973,-38.627
0,1,0,-26.309,-34.952,-9.988,47.884,0,-1.592,45.748,0.82432,0.31081,21.077,-15.706,10.976,-31.013,0,-20.961,-42.277,27.335,32.142,-27.619,0,49.208,0,31.013,-26.302,1,-1,9.553,42.777,33.729,-15.129,1.745,47.6
1,19.541,-38.384,1,-0.57224,0.99150,13.857,0.89518,31.698,25.124,-0.35818,-23.723,-0.23229,-37.092,20.438,-26.988,-0.57535,49.04,-44.617,-36.906,-39.524,18.957,2.846,-35.725,-34.739,0.61946,-26.241,46.953,-2.836,-19.013,-4.124,12.382,23.915,0.30445,-0.76112
0,1,-19.338,0.65909,-0.62879,0,35.232,0,2.813,-47.667,44.824,35.91,47.55,-39.346,-45.953,41.699,43.244,12.469,8.729,-46.137,-1,1,11.446,0,0,-37.272,9.235,-5.175,45.303,-36.175,1.149,-31.319,0,21.207,41.072
1,25.986,0,0.86284,7.455,10.253,-29.806,37.056,-24.983,0.54559,-6.488,37.542,14.093,47.536,-15.039,-5.161,-44.002,-4.313,0.75785,43.399,-33.146,21.308,0.56092,-43.053,31.446,-0.59234,0.25747,32.137,0.08818,-7.729,40.932,-0.54866,-0.19923,-44.142,-16.651
0,1,0,-32.934,-5.723,-11.499,26.554,1,-2.648,-23.123,-35.22,31.468,0.64000,38.176,-30.298,25.154,26.199,20.829,-21.412,26.641,-1,-38.278,0,0,10.68,0.21000,23.195,0.547,0.22000,1.247,-15.362,0,40.148,36.569,-28.298
1,-25.544,33.956,-36.696,48.26,34.96,15.429,1.438,45.684,32.752,46.849,0.27639,0.91730,47.331,0.88248,-22.191,0.91404,16.378,0.75517,-0.51360,0.64527,18.057,-10.22,-10.962,40.685,-24.806,-5.376,-44.945,-0.11943,-0.64962,-0.411,9.154,-13.744,-0.37432,-41.616
0,1,-24.857,37.883,-10.433,-27.529,5.581,-0.39466,16.992,-9.1,-7.173,25.356,-17.113,48.791,-0.08970,0.01401,-1.614,15.901,-41.25,0.00342,0.00097,-25.01,-37.491,38.889,-19.082,44.763,0.00002,-0.00001,48.583,-0.879,1.857,-1.398,16.64,0,0
1,11.502,2.779,-13.361,-0.09524,-24.223,-46.179,-14.672,33.42,0.23810,0.09524,0.40476,0.02381,0.30952,32.831,0.30952,-11.132,43.922,26.463,-44.729,-16.589,44.062,-16.349,39.974,2.318,-23.237,-8.992,16.422,-42.311,17.945,0,0.16997,-18.884,-2.037,-0.01877
0,-47.289,0,49.724,-0.14754,46.338,1.963,6.249,-0.01639,0.65574,0.01639,31.428,41.3,0.72131,-16.944,0.68852,-20.786,-39.429,9.801,24.369,-10.731,-25.276,0.03279,-9.754,-47.26,0.31148,-0.635,22.533,-3.572,0.32787,-37.757,16.721,-13.235,32.713,-1.641
1,-44.834,-2.231,20.982,-15.433,-48.137,0.03131,48.865,0.04572,-42.891,29.56,-38.034,-13.973,0.79343,-44.75,-37.095,45.936,0.62727,0.25455,-28.834,-17.794,-28.028,32.477,34.878,18.233,0.74545,-2.769,0.64581,-36.665,48.112,0.02727,0.60715,1.221,-46.378,0.17077
0,1,36.249,32.79,0.52381,14.43,-21.778,2.493,-8.485,-44.77,0.01190,40.375,48.287,22.756,-6.983,-0.34797,10.231,30.454,0.15476,0.54762,-0.374,-7.97,-24.834,-0.19,-0.47594,-34.566,-12.03,25.045,-43.828,0.57143,29.106,-0.54891,-21.121,40.241,-0.55837
1,-33.195,0,-29.082,-0.07111,37.497,-18.039,34.292,-0.06889,2.878,25.72,0.83556,25.095,1,-0.07287,27.829,-47.163,0.86889,0.05333,-36.517,-16.151,21.197,-35.487,-13.765,13.19,0.84444,45.556,1.566,48.798,-0.629,9.693,12.801,-0.15609,-23.761,42.043
0,1,-36.628,-6.138,-49.774,-11.535,-0.14545,34.183,-11.55,0.34545,-5.252,0.29091,-44.786,8.155,-32.321,-35.714,-25.438,0.20000,-27.466,29.544,8.925,0.12727,-30.872,4.255,0.16364,-8.372,-42.584,0.41098,-0.07027,-31.639,48.879,-12.98,44.204,-45.32,-0.29091
1,1,20.886,8.666,38.465,1,-47.072,-0.153,-43.58,5.35,0,1,-35.679,0.45283,32.527,0.62264,-0.05660,30.091,23.537,9.308,25.98,0.52830,-32.231,5.417,16.69,-44.644,-20.995,8.359,-0.00128,0.94340,-13.534,31.411,14.639,-41.349,-20.127
0,27.22,-34.424,0.73810,6.952,2.857,-32.434,-7.02,35.333,0.45238,-0.14286,-0.67285,0.12808,49.304,-21.165,44.167,-0.07143,-40.322,32.163,12.411,0.02381,0.45238,43.317,-44.194,-0.26190,27.12,9.985,47.784,-47.838,-12.996,-7.357,35.764,22.382,0.26190,7.021
1,16.644,9.293,9.994,3.344,0.58333,-0.10417,0.39583,4.401,-27.393,-5.239,20.325,-44.021,2.027,-20.419,0.54167,-18.955,0.43750,-0.22917,-37.248,38.384,0.33333,38.832,50.018,-22.551,-30.053,29.728,0.44012,-35.884,0.41667,42.877,-40.327,24.745,-23.482,-0.06250
0,-6.389,-45.015,-0.04,-28.654,24.637,-2.629,-32.751,0,-8.799,49.999,25.875,-0.89098,28.234,44.23,35.433,0.28571,0.64662,1,41.976,0,35.784,-44.398,30.744,-5.443,23.81,-1,-13.849,-50.714,-14.582,1,0,-15.598,-48.907,0
1,-48.011,0,13.434,0.06595,-27.158,-6.567,0.90996,-13.451,0.84881,-31.121,-21.358,15.388,0.77937,33.086,0.72254,0.37988,19.819,-18.596,0.95472,-45.656,44.516,2.842,-12.329,-25.905,34.696,-24.063,0.34374,8.663,9.678,-25.465,4.258,-37.335,0.18632,14.012
0,1,-10.211,-29.93,-38.102,-47.014,-19.047,0.76001,10.335,19.795,25.708,-27.093,0.07981,23.948,-29.227,32.42,0.88444,0.95452,8.21,-26.611,-33.344,14.115,-0.69594,33.543,-0.85755,17.575,-3.904,-23.598,-23.145,-30.72,-2.287,0.87757,0.81007,-31.725,0.68822
1,10.833,0,0.95882,-31.9,1,9.869,-25.418,5.306,-34.81,-14.679,24.112,-0.02716,4.313,-0.03096,29.935,29.24,44.27,-0.05179,0.93840,0.01557,36.946,29.947,0.97889,-24.71,-6.612,43.425,-18.809,28.797,32.408,27.136,10.099,-24.412,10.421,-0.06888
0,46.513,-11.762,-8.882,0,-24.261,29.168,20.068,0,40.701,-1,-19.701,-29.107,-0.26048,34.732,5.243,-31.177,0.94155,6.477,0,0,38.253,46.193,26.096,-19.842,-33.742,7.399,18.873,-45.922,-31.79,0,0.04447,31.646,25.164,0
1,15.568,-12.165,0.96933,44.346,1,-22.137,14.826,31.744,-10.709,32.401,0.99820,6.883,1,-12.073,2.616,-0.02581,26.368,12.59,-12.385,0.00025,1,-18.959,-11.869,-33.823,34.806,-22.048,-22.171,-0.03473,-19.037,26.54,34.155,-0.03855,0.98420,14.568
0,-23.308,0,0,-15.661,-2.714,-0.22703,-11.937,-0.05405,0,-42.427,-40.489,-22.559,1,-20.895,1,32.33,27.994,-0.11351,-23.525,12.894,-20.561,-36.062,-9.386,-29.812,-48.051,2.397,1,-18.274,-27.844,-28.869,6.219,5.779,49.982,-0.15676
1,47.307,37.922,-8.38,-17.971,27.459,2.013,0.52751,0.03466,-43.14,0.12195,-6.077,-5.19,26.02,8.19,0.29268,25.323,45.497,-40.262,0.31707,2.471,40.255,0.12195,26.051,-49.091,-8.393,0.09756,0.19304,-25.966,33.422,19.442,26.47,0,14.044,0.07317
0,1,-21.774,30.778,46.468,-6.69,-19.494,-16.941,-21.351,-45.367,9.981,1,27.308,17.033,16.682,-0.976,1,-25.653,-1,-37.453,0,0,0,-39.481,-28.358,0,-13.136,8.778,-1,24.386,39.983,20.843,11.025,-36.878,0
1,48.568,0,0.34694,29.455,0.46939,15.475,-13.124,20.474,30.274,-37.9,0.30612,0.59184,-5.659,-29.54,-36.592,-13.228,-39.851,0.55102,35.68,9.098,-0.28571,0.44898,41.89,-17.736,-0.61224,6.292,28.778,19.672,-50.189,42.886,-0.34694,13.048,-34.755,34.985
0,1,-35.06,20.077,0,-40.277,30.439,0,0,-21.333,-15.706,-25.41,1,1,1.492,48.884,49.441,46.201,32.729,8.999,-25.302,-27.619,-9.988,1,11.976,27.004,43.014,34.142,-1,47.6,-1.592,-14.129,-1,-31.013,0
1,1,18.541,22.199,-38.252,-33.078,33.048,0.74265,0.67647,24.58,-36.895,-43.63,0.88971,-0.02206,-2.264,17.786,48.863,-25.098,-35.75,-38.884,46.894,-26.207,0.38235,13.73,-27.9,3.104,-0.12500,-2.735,24.674,-0.55147,-38.147,-0.44118,-0.50735,11.095,-20.389
0,1,35.232,-38.272,-39.065,3.036,0.15033,1.324,-0.70984,-6.483,0.71242,-1,13.446,40.882,21.547,8.444,11.822,46.85,-0.83007,-0.60131,-19.881,-0.04575,45.412,-30.378,8.015,-1,-47.409,41.816,43.336,-46.953,-48.387,0.18301,34.936,-36.448,43.342
1,33.767,21.79,31.303,36.284,0.53333,0,-33.47,-30.351,-15.529,25.103,-44.298,-25.524,-41.734,0.08333,-15.632,47.273,0.53333,0.20000,-6.74,40.993,0.31667,0.20000,13.978,-7.188,0.25000,43.873,9.906,7.316,0.40000,-5.087,-3.674,-43.68,37.592,-0.05000
0,-10.499,-1.648,-0.26667,0.40000,-0.27303,0.12159,22.337,-28.343,20.221,-5.182,26.243,26.58,-0.461,36.597,-15.377,-0.00166,25.153,-21.131,-30.294,40.147,0.00138,31.041,1.246,-24.022,38.176,-33.355,0.00019,-0.00043,10.68,-36.22,25.801,-38.277,-0.00008,0.00002
1,-36.696,0,10.666,-0.37838,0.64865,0.29730,46.656,-13.543,45.827,0.847,15.908,47.756,-10.152,-24.098,34.668,-41.137,34.28,40.177,0.589,-5.588,-9.6,0.05405,-43.471,16.855,0.35135,46.939,-25.933,-0.22163,0.58478,32.045,19.432,-0.59459,-21.458,-0.24324
0,1,15.89,-0.453,-17.046,37.889,-25.189,15.434,-0.01563,-40.271,44.775,26.476,-0.01953,-38.491,-0.715,-20.082,-11.253,0.95313,1.822,17.562,36.942,-0.99219,0.11719,3.647,48.931,-8.197,-0.00391,-25.979,0.13758,0.90234,-1.647,-8.47,-0.18750,47.822,-25.355
1,-41.289,43.636,0.95202,-16.614,3.717,-0.01272,18.69,16.213,0.96705,-24.573,0.96936,-11.079,33.835,-45.092,-22.642,-0.00405,44.747,-16.376,3.434,-8.926,-13.926,-0.04971,0.93815,-46.274,0.97052,10.458,40.722,-13.592,27.556,0.01908,34.183,-0.03410,-1.226,-18.856
0,-15.944,-1.575,-9.56,-0.05529,-11.792,21.009,41.833,32.11,0.36111,-0.513,1,23.456,30.742,-0.11111,46.338,-26.295,1,48.336,-45.965,-0.42862,-3.369,-39.875,1,5.172,1,-11.031,10.948,-48.86,-19.622,-38.002,1,-0.63156,17.442,1.254
1,1,-2.231,47.75,-3.099,0.24138,-47.07,1.263,-49.092,0.07405,-17.975,-28.698,-44.872,45.857,-0.02383,0.00741,47.988,0.00281,-0.00893,-45.833,34.187,-43.691,-29.518,-14.019,-0.00166,-37.866,-36.817,18.098,-38.726,-15.433,-0.00024,32.351,29.56,-0.00008,20.0
0,1,28.713,-44.81,-0.512,0.72549,23.428,40.594,0.208,-20.195,47.764,-6.604,-0.11765,-34.221,-0.13725,11.515,-0.09804,0.54902,29.872,15.767,36.033,-43.629,-7.917,3.326,-0.23529,0.45098,-12.988,40.078,32.15,25.094,-0.31373,-21.46,-25.5,0.47059,-7.726
1,1,33.292,36.747,45.687,-34.905,-29.684,-24.57,0.23966,49.018,25.917,42.496,-1.302,-34.219,25.261,-0.03685,2.064,-0.03766,26.864,-0.03230,0.01532,-0.02474,-18.01,20.18,13.374,-14.776,-46.968,0.56,-37.403,-0.00294,-0.00520,9.839,-16.117,11.801,-0.00291
0,1,-12.117,-45.388,0.15625,0.06250,-25.02,0,-6.512,0.62500,34.063,0.18750,8.871,-36.109,0.09375,-49.585,29.18,-31.828,-0.15625,-42.31,-32.987,-5.215,-8.793,-45.611,7.864,-13.076,-0.46875,-31.332,0,2.919,48.965,-10.908,-27.447,44.568,-36.534
1,1,0,5.465,25.969,30.102,-47.854,8.666,-20.078,0.95135,39.374,0.98919,-21.82,5.716,0.08649,17.691,-45.709,24.489,-41.691,-34.7,-32.312,15.205,7.502,9.78,0.04324,33.43,-43.432,0.342,0.01251,-11.534,-0.03243,21.886,0.02703,31.411,-0.07027
0,1,48.971,-39.087,-7.302,-31.196,3.7,1,27.22,48.45,-0.00775,0.83721,0.03876,1,27.964,44.27,1,7.811,10.133,0.90698,-44.244,32.652,-6.846,-46.327,-14.996,-20.358,35.514,13.173,37.147,44.726,0.06977,7.119,-33.551,23.43,1
1,1,38.749,30.819,42.945,5.401,38.694,1,-37.586,16.575,0.00535,0.93583,-23.831,1,9.557,4.303,49.832,20.846,1.784,0.91444,-20.481,-4.208,-22.717,-26.737,9.277,-18.013,-43.967,-29.479,0.04452,25.934,-40.9,1,-35.692,0.97861,0.06417
0,31.124,0,-45.22,-44.11,0.23000,24.737,29.031,-29.336,-5.324,-2.279,42.339,-0.34617,36.48,50.274,-8.894,-49.504,-32.839,-15.347,-0.34187,-0.725,24.33,-0.08000,-14.55,0.33176,-0.58000,25.157,44.097,-7.674,-0.47000,35.969,-15.869,-0.31228,-48.502,0.03050
1,-29.621,13.64,-23.905,-12.763,33.376,-6.63,-45.555,0.06667,9.475,-26.35,8.864,2.402,-18.204,0,-36.998,-13.642,15.475,0.10000,0.66667,-26.365,0.73333,-49.044,0.76667,19.158,-27.461,34.425,-21.599,12.584,0.60000,44.116,0.60000,0.16667,4.658,0.16667
0,1,0,-31.291,-30.537,0.06704,-28.057,32.676,9.616,0.00559,31.462,0.01676,13.055,-2.719,-33.472,-32.481,-0.03352,-10.211,23.085,-23.38,25.893,-3.651,18.98,0.02793,-27.504,-28.362,0.00559,-38.402,-0.00838,-24.567,-47.845,-19.807,17.289,8.309,-0.03352
1,-18.765,3.333,24.069,36.257,32.224,-31.329,0.47564,-6.703,0.01267,10.38,-36.028,29.711,-25.133,44.142,28.177,0.41743,-0.66455,0.07208,-24.959,5.085,26.598,-0.44000,-0.30851,9.337,9.792,-15.233,29.454,29.475,0.36752,-0.41901,-25.941,8.873,43.774,-0.05980
0,1,0,-8.827,38.267,6.287,0.04598,-33.727,0.04598,-20.749,45.522,0.01724,5.479,28.277,0.04310,-29.504,17.827,-11.857,0.08046,7.359,25.215,-31.813,20.091,35.286,-31.801,26.308,-0.00862,-44.913,0.01724,-23.898,0.01149,46.219,40.024,-18.888,31.021
1,1,-12.061,-21.278,-33.787,34.643,26.576,-10.888,-22.143,0.79015,13.85,2.401,6.908,15.442,0.03251,0.85123,0.01675,-18.131,-0.00788,0.79113,-0.02956,-22.403,33.188,26.116,0.05517,-19.281,-12.884,13.383,0.00612,-11.424,-13.42,32.581,32.459,15.358,44.345
0,1,-18.099,0.03852,2.423,0.00428,12.894,0.01997,-0.01997,-27.823,-42.477,26.946,-0.01284,-24.294,-15.684,-21.561,-0.03281,-0.04708,-0.02853,-22.649,-48.015,-12.104,-35.847,5.271,-41.444,-3.652,-23.506,-20.655,6.055,0.01997,32.266,-29.422,-28.887,49.678,-10.366
1,1,45.131,0.47090,0.22751,26.699,0.33598,19.644,-48.673,-9.002,27.612,-43.357,0.53968,-0.34127,14.186,1.985,0.32540,-0.51587,25.883,-9.112,-0.11640,-18.133,-6.655,7.993,32.867,-5.47,37.925,25.358,1.72,40.146,-40.479,-25.774,-0.24339,46.575,25.843
0,1,-45.367,-36.791,38.99,0.13959,11.984,0.10526,-2.059,0.12586,-13.198,30.011,-0.01144,45.592,7.856,19.989,-21.486,-26.362,17.634,0.18993,10.055,23.503,0,0.11213,-40.483,16.184,-28.183,-16.856,-18.481,0.11213,-0.06636,-7.593,26.235,-21.657,-37.521
1,30.244,-30.091,0.94333,-17.677,13.531,9.192,-49.381,0.77514,47.009,15.879,5.331,-34.07,18.763,-5.781,29.178,-0.31079,41.792,35.263,-0.12797,19.577,29.75,-37.229,-39.075,-0.37660,0.73857,42.647,-12.931,0.30384,0.45521,-13.133,35.258,0.54479,-0.21572,-37.844
0,1,0,49.228,43.021,0.04090,8.99,20.098,-9.976,-15.695,0.04372,-41.274,0.00141,0.01975,-35.091,1.726,0.06065,-21.373,0.02680,10.953,31.434,-25.258,-15.154,27.022,33.729,-27.619,-31.025,33.16,-0.01128,47.606,-1.607,-26.427,47.86,45.208,0
1,-2.124,-38.634,0.85736,-25.471,0.81927,-37.731,0.77521,47.998,-23.88,3.937,-27.126,25.035,-42.941,-0.06124,47.199,14.626,18.829,-0.06796,0.83570,-38.526,22.183,0.01195,12.287,-33.967,0.79686,18.522,0.82383,24.087,-18.942,-36.491,33.412,-0.01942,-36.93,-2.148
0,1,-37.272,1,34.232,-38.346,-35.046,-20.338,9.956,42.072,40.699,3.08,-32.319,8.235,45.242,46.831,22.207,13.446,1,-45.978,1,-1,12.848,1,-1,3.813,-7.175,35.91,44.824,1,1,-46.953,44.244,-49.439,1
1,1,47.34,0.85209,-42.058,-43.324,-29.453,31.125,-4.131,-0.42625,-15.009,-17.094,9.944,-0.93092,21.897,-34.662,24.676,-4.801,35.831,-25.734,36.314,0.28444,31.962,0.64649,6.909,-6.41,40.777,-6.44,-44.651,0.37830,44.323,0.19667,13.941,-0.11215,0.64933
0,2.247,10.68,-10.499,1,-4.113,-27.786,0.62500,24.801,37.569,32.038,20.184,-23.991,-14.362,1,-33.354,26.554,1,-1,1,-37.278,-0.648,0.547,40.461,-35.22,23.515,-20.122,39.176,26.154,27.199,1,-0.94375,-29.298,0,0
1,49.026,-13.299,15.908,1.207,34.583,-25.544,0.01961,47.007,-0.49020,0.92157,-0.82353,40.982,-38.696,-10.548,44.001,46.903,-0.64706,-0.68627,-44.463,-41.945,34.399,-1,0.74510,17.977,10.588,-0.21569,-9.293,32.494,-21.246,17.289,-5.176,0.90196,-0.247,-23.196
0,37.969,25.542,0,-37.491,-1,3.581,-1,49.822,44.763,-17.011,-1,-40.244,-6.47,1,17.64,-1.879,-1.58,15.89,-24.857,48.583,-20.082,0.857,15.434,1,-24.011,-26.362,-0.398,-1,0,-11.249,-1,37.889,-10.154,1
1,1,0,-18.42,-23.15,-10.547,0.90763,26.36,44.636,17.421,-41.4,-15.862,-13.242,-1,-0.11111,-17.349,-24.778,1.77,9.725,0.55556,31.879,-0.22222,-2.962,0.77778,-9.167,33.562,0,17.122,40.21,-45.676,44.596,-44.84,3.779,-17.192,1
0,0,0,-3.369,1.914,-0.29,0,-16.944,-37.724,32.221,0,-20.622,45.338,-25.948,9.948,48.724,-46.965,-48.289,-39.625,-12.792,0,41.333,30.575,23.713,0,16.442,0,1,5.675,-1.575,0,22.009,-10.56,-10.754,0
1,-13.018,-46.966,35.192,0,1,-2.231,-38.225,0.50000,33.101,48.002,0.91201,0.12094,1.947,0.14210,-48.154,0.16228,46.59,-36.566,18.848,30.06,0.75000,-17.921,1,-0.25000,47.939,-37.366,-28.776,-44.571,-2.246,-43.441,-28.038,-15.142,-45.159,20.303
0,0,0,22.428,-6.29,0.567,11.867,24.525,-45.437,1,-1,-6.721,-45.217,1,-1,38.986,-1,0,39.554,-0.714,1.66,-25.284,15.218,36.249,0,-1,28.99,29.713,-8.452,-11.733,-33.887,31.397,46.882,-20.822,-21.891
1,1,0,-23.761,0.566,26.718,0,27.496,36.608,1,48.829,0.88889,-1.562,21.197,-16.335,2.778,33.292,-46.185,42.485,12.801,-0.11111,0.77778,-34.306,10.507,-37.508,0.66667,0,-29.047,-14.818,46.52,-17.903,26.048,-0.11111,-34.372,13.377
0,-44.731,0,-10.877,-25.02,0,-31.363,-27.447,-31.984,-6.575,0,-36.628,-13.108,-37.078,7.871,-8.699,-45.611,-31.612,-41.997,44.568,0,7.864,0,-13.117,49.933,-49.647,29.18,1,33.001,-1,2.637,-4.215,1,0,0
1,-34.679,-12.534,-20.787,-43.069,9.78,28.647,5.465,26.071,5.727,-45.735,1,0,-40.783,-0.27273,-46.827,16.509,33.452,0.09091,40.39,7.437,24.538,-0.36364,1,7.757,31.411,-0.09091,0.357,-20.062,1,0.45455,21.886,13.933,-31.307,-0.18182
0,1,-44.361,0.62121,21.793,0,-32.196,26.22,0,36.776,35.763,10.515,0.39394,43.805,-33.905,-46.963,0.31439,-7.894,0.32955,27.813,-40.088,0.01894,-0.53409,42.694,12.351,47.827,48.698,3.876,6.421,-6.921,-13.754,6.301,-21.187,31.822,-0.41667
1,-29.449,-44.021,-26.726,-40.793,39.613,0.23529,-36.602,0.41176,1,49.827,-17.976,4.637,43.961,-20.406,1,0.47059,2.736,-5.235,30.915,24.94,20.846,3.656,1,0.41176,1,38.631,1,-35.581,16.644,-23.756,10.557,-22.385,1,9.528
0,-44.015,-15.582,-5.646,24.637,24.397,-15.477,-6.389,0.51064,0.07979,-49.141,-50.714,49.637,0.12766,-0.59043,1,34.784,0,41.976,29.579,-8.879,-0.25000,-31.751,24.98,43.068,36.388,-44.398,-1.231,29.655,-0.22340,-3.119,0.74468,-28.749,-16.274,0.45745
1,14.64,-26.35,-23.588,19.449,33.576,12.315,0.70833,15.025,9.106,3.941,0.91667,0.04167,35.125,0.12500,0.70833,-22.258,-45.38,2.443,-29.621,0.08333,9.442,-26.549,-5.947,0.16667,-12.809,43.858,-27.256,-48.956,-36.731,0.20833,0.70833,-19.004,-12.088,0.04167
0,10.628,-3.604,0.18590,-0.16667,-28.066,-27.498,-24.598,8.262,31.501,18.955,-28.37,22.99,-2.598,-32.736,0,0,-10.211,0,-47.843,25.818,13.13,0,-19.903,-31.415,0.07853,-30.438,32.849,-0.10897,-33.4,-38.409,0.02564,17.241,-23.147,0.19551
1,4.333,-14.586,32.498,43.189,24.123,-0.11326,10.091,-0.29802,29.935,-32.332,0.96662,-25.0,27.981,4.808,-6.608,-0.48170,10.564,-36.432,10.171,28.658,-23.48,-27.185,0.58829,9.14,0.67033,42.618,0.48757,-0.85669,30.419,-20.604,0.24117,27.978,36.262,-0.89621
0,-22.924,-31.79,7.313,1,4.545,-7.882,-1,37.428,-29.075,0.21053,46.654,0.07018,0.22807,28.372,31.378,0.34649,0.72807,-44.961,40.24,0.53070,17.873,-11.762,-32.131,26.114,-32.742,44.847,1,24.164,36.324,-0.24561,7.75,-20.47,-18.013,20.147
1,1,-13.37,-10.688,-11.82,-19.009,-33.772,33.232,13.538,0.89919,-0.23486,-12.163,14.368,0.73855,26.259,-21.288,-0.36078,0.47194,-19.544,34.251,12.052,2.227,32.762,44.869,-0.32681,14.808,6.396,0.29208,31.268,25.496,-0.39143,-21.989,-12.679,0.18353,-23.629
0,0,49.693,-1,-9.386,-21.632,-1,-27.844,-48.051,-29.396,0,-11.126,-42.421,1,1,12.894,-42.427,1,-1,0,-3.703,-23.525,6.039,-27.869,27.994,-25.308,6.219,-17.099,1.397,-1,-14.661,-21.695,-22.561,-35.851,32.259
1,1,27.118,26.245,-0.19448,-39.298,44.954,9.012,25.574,-48.332,1.767,14.666,25.525,38.625,18.891,26.909,-0.49967,-17.612,-0.70729,-25.752,1.677,46.712,-0.54172,-8.686,-0.59691,0.14750,-5.873,-43.242,-0.59589,-0.07162,32.699,-0.01840,39.446,-6.584,-9.091
0,1,16.033,-1,-37.878,-13.643,1,1,-41.481,1,20.381,9.981,-16.941,-37.213,-1,-6.69,27.308,-21.351,0,-20.774,-17.494,46.468,1,17.682,-1.976,-0.71528,-27.08,-45.033,-1,13.025,22.386,39.681,28.778,-26.177,8.778
1,1,6.068,-4.94,0.43460,15.73,36.646,-49.498,-35.658,-0.37764,48.45,-0.72363,9.159,-14.471,0.19409,-14.606,-0.25527,-18.692,-35.146,28.992,-30.947,0.16245,34.365,0.51477,28.582,13.797,42.413,42.955,20.349,20.165,-37.92,0.31435,30.429,-39.794,0.69409
0,-8.988,-1.592,-24.302,1,33.142,-27.619,1,-1,-1,44.201,48.884,48.6,9.999,-22.333,33.729,43.014,1,9.976,28.004,1,31.439,-41.277,-34.06,-1,-16.129,-27.41,-30.013,1,48.208,-14.706,19.077,2.745,0,0
1,1,0,15.591,-37.748,-26.988,1,0.77123,12.382,-25.056,1,-1,-36.721,-36.426,1,-4.124,-42.821,2.846,-2.056,-20.823,-39.301,47.04,17.066,-38.674,46.082,32.34,-1,24.316,-26.472,19.541,-1,-33.99,-1,22.302,24.248
0,2.08,47.831,-40.346,1,34.232,42.244,-37.272,0,-37.046,13.446,22.207,8.235,-49.439,10.848,-1,1,-31.319,0,-1,45.242,-47.978,1,8.956,-19.338,42.699,-46.953,-5.175,42.072,1,-1,35.91,44.824,2.813,0
1,-3.141,13.278,37.384,-7.12,1,0.14211,1,22.011,8.262,-0.12500,-15.332,-33.408,42.01,31.526,-29.218,-43.123,-7.532,-14.896,-4.12,0,48.34,0.92001,1,38.175,1,1,10.444,33.767,-41.45,0.25000,44.74,-24.541,-43.864,25.986
0,0,0,-6.113,35.569,0,1.247,25.154,0,40.148,-30.298,0,-36.22,0,31.038,39.176,-1,25.801,0,19.159,21.515,-0.453,-24.023,-14.362,11.68,-32.354,-22.122,-27.298,-1,0,-11.499,26.554,-1.648,26.199,-38.278
1,1,47.237,0.64947,-44.306,17.303,-0.273,45.876,40.179,0.29796,0.04403,45.343,-10.485,18.992,-41.402,-26.509,47.836,34.158,-0.29441,0.15196,9.376,-24.002,-0.31525,0.723,-5.68,32.305,-22.223,-0.00046,-13.531,34.02,-0.21129,-10.713,-0.18950,-37.683,14.636
0,49.583,-7.47,15.89,44.763,-1.398,-0.879,0,-9.154,-1.58,-25.011,17.64,-11.582,-18.915,0.26042,0,0,0,-26.799,0,0,48.625,25.324,-0.16667,0.90625,-42.244,2.357,4.623,-24.107,-37.721,35.969,-17.136,-0.27083,38.691,15.497
1,1,-23.595,-15.349,10.554,27.576,16.302,33.84,-16.489,0.95513,-0.26496,3.097,0.54701,-45.446,0.25283,-14.124,0.27380,-18.196,43.924,-41.692,-44.769,3.304,-1.892,18.211,0.28476,40.15,-10.812,-8.615,0.25553,44.026,-24.32,33.453,0.21378,-13.394,0.19083
0,-9.56,0,46.338,-17.039,0.914,-1,-1,22.713,1,5.993,0.523,0.76190,-38.724,-21.622,47.724,-47.289,-12.318,-2.369,-24.948,31.575,0.68839,-1,-1,-2.575,22.839,41.698,-38.625,1,10.948,0.50794,-47.965,-11.079,15.442,32.949
1,1,-36.816,19.035,-15.435,-38.118,-17.489,35.115,-44.092,0.93123,0.16828,0.96197,1.147,-28.519,0.08172,46.756,29.611,33.197,-0.25324,0.87379,-2.376,-43.986,-2.735,-27.984,-47.003,0.84547,-45.86,0.87293,47.416,-36.881,20.094,-48.24,47.901,-13.16,-0.14725
0,1,0,0.567,1.66,1,-43.217,48.882,40.554,-44.437,35.749,-6.29,-11.733,1,30.99,24.428,16.218,0,-7.452,1,-19.822,1,25.525,29.713,-8.721,1,1.286,-24.284,40.611,-33.887,-0.75000,10.117,-20.891,33.397,1
1,1,33.292,26.718,-17.783,-45.963,-16.898,1,-0.10401,1,42.639,1,0.27820,-34.391,25.091,46.52,-14.699,27.787,0.377,10.676,20.041,14.351,0.03728,-23.764,-37.304,1,-34.208,49.902,-1.497,0.91165,-29.912,1,1.863,37.463,11.684
0,-43.731,-12.117,-12.739,6.864,-1,28.18,-0.07661,-31.612,1,-35.678,-26.701,-9.086,47.933,-0.79313,-0.09677,-24.02,0.48684,0.46502,9.188,-45.885,-0.14343,-0.20188,33.881,-36.009,-10.847,-31.297,44.602,-31.996,-0.00403,3.621,-42.755,-49.646,-6.574,-5.212
1,8.666,4.727,0.79847,0.38265,0.80804,-0.16964,-19.013,-0.07653,-40.802,-0.07398,-31.604,39.597,33.449,4.486,-20.805,8.805,21.886,-0.13074,15.162,0.07717,-34.679,23.54,-11.631,0.30804,17.691,-0.788,-46.827,-45.648,31.168,29.181,26.98,-0.18750,8.437,-43.581
0,31.652,-21.165,47.535,0,0,36.431,-47.327,48.971,6.997,-34.424,0,0,-31.196,1,1,13.173,28.692,-1,-39.94,10.087,44.27,7.119,-6.357,2.619,-43.361,1,-6.353,-13.996,1,27.22,1,34.475,43.881,22.43
1,1,42.961,39.749,4.117,-29.449,-22.992,0.94623,-28.077,-19.523,-24.121,50.695,-0.49057,10.201,9.115,39.371,24.468,0.69748,1.155,16.24,29.339,0.68459,-0.70975,20.391,-0.87327,0.49214,-19.709,3.658,-36.544,-43.757,-41.693,0.16604,-5.908,-37.462,-0.70000
0,1,-7.389,30.124,0,-45.015,24.637,-32.751,-1.04,24.547,-15.849,49.999,-29.654,-7.799,-1,-2.629,-49.714,27.749,34.784,-1,-16.582,42.976,-16.598,35.788,-1,1,-4.646,42.776,-44.598,1,-49.907,24.81,1,0,0
1,-11.797,0,20.158,14.866,9.73,-30.712,0.77273,-26.35,44.983,-28.094,-48.056,-37.731,-5.697,0.04545,33.652,-22.303,1,-13.642,1,0,0.86364,0.09091,9.003,2.492,0.90909,-24.459,35.207,4.053,-18.049,-46.164,13.346,13.549,-25.602,0.04545
0,13.13,32.676,-19.852,9.628,-11.211,1,-31.545,-2.604,-39.506,-1,22.99,-47.843,-24.316,-31.528,-1,-27.811,-1,-1,-30.349,-1,1,7.262,18.955,-28.066,1,-3.714,-1,-25.598,31.501,25.818,18.289,-34.525,-28.37,0
1,1,0,-23.745,43.182,0.97059,3.51,36.793,0.08824,0.91176,-24.334,-6.557,29.863,-13.615,31.645,29.877,-26.372,10.833,0,1,-19.765,29.631,23.24,30.175,-35.75,0.85294,-31.972,10.815,43.607,6.222,-0.11765,0.97059,27.182,10.401,9.157
0,1,0,5.313,21.068,-24.924,18.025,-18.558,26.164,30.027,6.545,-1,-1,1,1,6.399,-9.116,38.536,34.324,-19.671,47.193,-0.31402,-12.762,44.513,-32.833,-30.79,-1,25.277,-44.958,-28.421,27.315,-1,-34.065,0.14939,41.012
1,27.565,-13.37,0.47368,1.511,-21.307,33.864,33.261,0.02615,-33.092,-0.05263,-11.004,25.368,-11.262,33.205,15.392,0.05756,32.594,14.313,-19.007,-12.817,-18.207,-12.089,0.70301,12.684,0.42105,-22.953,0.65419,-21.913,0.52632,6.707,0.60150,44.432,15.142,0.09719
0,1,-27.844,-15.667,-4.203,6.039,-20.695,-0.01923,27.994,-21.561,32.259,-22.632,0,-42.427,-29.396,0,0,-35.851,-41.421,-23.994,6.149,-0.35256,3.141,-0.34615,-0.80769,-18.099,-48.051,-0.61538,12.382,49.693,0,-10.386,-28.869,-12.126,-23.525
1,1,45.131,26.814,38.377,47.307,0.54545,-25.204,0.63636,-8.021,-0.09091,1,2.398,27.093,-0.45455,8.778,-17.712,1,-5.874,14.874,-0.27273,28.027,25.346,1,40.064,26.323,-6.601,-48.149,2.126,-7.612,-39.899,34.248,20.024,0.72727,-43.063
0,-21.351,-21.774,-2.976,-17.941,-27.08,-19.494,-41.481,1,45.468,0,24.386,-1,1,-1,0,7.778,16.033,0,-36.878,29.778,37.983,1,-25.653,11.025,-1,10.981,20.843,1,-37.453,-7.69,-12.136,18.182,-45.367,26.308
1,-12.532,0,-17.608,42.793,-39.153,29.896,13.321,0.18182,-48.961,-38.349,0.36364,29.153,20.724,-30.182,35.716,-5.795,-33.854,-0.18182,36.339,0,29.615,-0.09091,0.27273,0.18182,15.594,8.456,42.52,19.506,6.341,0,47.932,-13.739,0.28985,-36.611
0,34.729,-25.302,-22.333,-41.874,0,8.999,-28.619,-15.061,-0.87097,1,0,0,31.439,49.208,27.004,-31.013,-15.129,20.077,0,0,42.014,32.142,-35.06,0,0.29839,11.21,48.884,48.117,-26.41,-9.988,45.201,0,1.745,-1.592
1,-26.988,-25.472,1,-36.284,4.846,0.71429,22.302,-37.92,-36.674,-43.964,0.85714,11.239,-37.384,0.02534,1,0,-19.394,18.398,-2.124,14.627,1,-0.28571,47.416,48.04,0.28571,17.706,33.673,-2.007,1,-24.671,-32.99,25.487,25.124,-37.721
0,-19.338,-39.346,1,3.08,12.848,-1,-30.319,-47.439,35.91,1,48.831,1,-45.978,-1,10.235,44.244,1,20.207,13.446,-1,42.699,44.824,1,-44.953,1,45.242,9.956,-36.272,42.072,-35.046,36.232,3.813,1,-5.175
1,48.34,-15.896,22.66,33.237,0.53945,37.206,0.10380,8.214,-44.093,-32.924,-0.73939,13.86,-8.078,-30.05,-45.689,36.926,-26.135,-0.63342,-0.24012,42.911,-42.262,40.223,0.51557,-0.57430,0.69274,-4.389,0.69097,-5.015,31.564,9.842,-6.928,-15.766,-0.06739,25.562
0,-30.298,0,1,-1,1,11.68,1,35.569,26.154,-14.362,0.547,21.515,-37.278,19.159,32.038,-12.499,1,-35.22,-23.023,27.554,1,1,-4.113,-34.354,2.247,-20.122,-27.298,39.176,-0.648,26.801,1,27.199,1,39.148
1,1,0,34.882,-10.18,45.855,47.394,0.86098,-13.101,-43.391,46.372,15.715,-23.696,-9.904,0.40552,-21.305,0.48360,0.472,32.793,10.2,0.52180,19.187,-4.87,0.42546,17.277,0.991,-25.991,40.663,-37.154,0.22307,-40.548,34.189,0.49124,48.142,0.46571
0,-39.421,-33.295,-16.475,1,1,-18.011,-43.004,19.256,16.82,49.583,-41.244,0,-48.183,-1,-3.817,0,27.505,-32.757,0,0,46.795,-45.062,1,1.15,38.889,0,44.535,-13.549,15.89,-21.288,6.726,34.505,0,48.822
1,-2.198,0,0.93537,-14.447,-9.898,-32.983,-9.537,0.38779,5.382,0.47127,48.588,0.59942,43.141,19.783,0.50830,-28.378,33.148,-33.913,25.161,0.85952,-37.695,-38.847,30.55,37.829,-0.07361,26.944,-20.701,19.003,-42.97,-42.601,29.633,0.64363,11.629,0.55835
0,26.969,49.576,-35.511,13.151,23.943,-31.703,-1,9.412,-45.563,-7.016,-22.928,-36.918,38.92,-1,-1,-8.837,1,1,1,25.482,5.294,41.404,-36.81,15.08,-19.09,0,-44.882,-10.077,1,45.792,-1,10.855,23.951,1
1,1,0,2.681,-39.719,6.284,13.69,23.864,-25.419,-46.851,0.45577,0.44793,19.626,-24.36,0.57308,6.88,-11.344,0.15215,-4.317,-0.09808,40.234,-31.176,26.078,-16.681,0.44424,24.896,7.774,39.921,0.34976,21.659,0.29541,28.501,4.299,-24.122,45.705
0,0,0,-8.507,14.319,17.585,27.25,1,-1,3.062,-41.376,-35.312,-1,-1.771,32.425,23.804,-9.97,-31.692,31.187,14.32,18.914,-41.764,1,38.926,-1,-26.209,27.373,-30.569,-1,-39.522,1,-26.543,-43.512,34.384,1
1,1,1.542,0.97467,-42.269,5.463,-19.119,0.88783,28.198,40.298,-21.567,4.752,0.45217,27.946,-0.309,34.002,35.146,14.899,6.67,41.824,0.70398,4.558,-31.392,0.35289,3.348,12.012,0.76210,0.16813,-30.117,0.07497,26.921,7.433,32.317,7.75,0.74242
0,0,-18.555,0,43.988,-27.737,50.574,-10.646,4.295,43.607,1,0,0,1,-9.581,31.888,-31.87,-32.465,24.143,48.96,-22.999,0,-27.651,-17.916,39.122,42.995,34.263,1,-0.8,6.479,0,46.181,1,28.404,-28.374
1,1,39.735,-22.665,0.157,20.699,-30.621,35.043,0.36790,-14.968,-4.71,0.57449,31.252,-25.611,4.328,4.573,0.67697,7.281,0.76818,-14.242,8.512,-35.629,0.76969,-0.18479,32.659,-21.692,21.254,35.221,0.58553,-0.46799,0.50131,46.987,26.283,8.688,0.624
0,18.324,0,0,48.912,-2.913,-33.17,1,22.559,-32.638,-10.721,-6.226,48.823,-1,-24.665,38.887,44.819,-46.877,-1,-5.889,-49.748,0,-40.334,32.404,10.741,28.179,0,40.356,-47.861,14.016,0,-18.467,1,19.755,0
1,1,0,-34.283,0.38138,-28.66,-47.831,17.121,-16.719,29.126,42.307,15.879,0.80441,8.521,-41.672,0.103,-10.605,-0.78940,49.841,-47.405,-41.186,-0.46637,-25.485,5.192,-0.64338,34.31,-12.154,-36.332,-0.48392,-49.554,2.243,0.47029,-0.09461,-25.856,-16.463
0,0,-36.051,-29.607,29.033,-15.89,39.646,11.433,1,1,13.831,-24.341,1,1,-1,23.441,1,8.936,-30.154,18.19,-1,21.959,-23.952,8.666,-1,-40.997,-1,13.74,-23.929,-8.376,-42.503,45.43,-23.93,-2.242,50.512
1,-37.625,-12.56,39.531,47.695,-14.682,0.10278,0.78826,3.826,0.55580,-20.84,-10.652,-6.65,3.329,0.28954,0.68798,-3.783,0.49672,-11.648,39.765,-0.02845,-34.18,-21.34,27.682,-17.877,-47.978,0.57549,-30.344,17.587,33.298,1,-21.139,6.823,30.687,0.49831
0,0,0,-4.673,19.157,0.295,-8.282,0,25.297,-12.166,-8.06,-43.467,0,-28.725,-3.339,-24.464,0,-18.687,-36.941,14.234,-21.195,-36.718,37.78,0,-5.626,-37.674,0,1,11.733,-19.312,0,-20.154,-20.226,40.69,0
1,1,3.94,0.94649,0.00892,15.84,10.179,-3.36,-2.504,2.693,25.702,0.94054,0.03530,41.086,0.04719,0.98625,-46.487,-11.687,0.07135,0.98551,-0.00706,27.373,-8.64,-27.155,-17.911,17.605,47.004,46.139,-33.524,22.575,40.376,22.103,20.75,-27.348,10.007
0,0,0,-23.46,4.58,-16.381,-40.778,-8.089,-32.448,0,0,0,40.794,35.645,-1,48.249,23.28,34.385,-31.984,10.561,-36.887,17.327,37.371,-42.491,1,0,-45.056,-11.916,-41.329,-23.415,-1.018,-4.661,-1,-50.05,-1
1,1,-25.568,48.827,-16.001,-44.498,-36.441,25.837,0.02258,-10.746,-11.679,0.34615,-43.986,-2.317,0.04393,0.68101,0.05058,-1.161,0.05692,0.63403,-39.256,40.594,46.391,-12.036,21.365,-3.244,0.18065,-47.373,18.227,23.549,0.06760,31.861,9.697,-17.519,46.778
0,-3.359,-6.749,43.378,-27.827,0.91973,6.874,-1.721,0.04348,0.76087,-38.609,0.86789,7.831,0.70067,35.428,-2.577,0.13712,-34.86,-7.761,19.56,48.533,-10.575,-38.118,5.55,-42.937,1,-48.418,24.595,0.22216,-1.496,0.53846,-8.191,-0.06522,-26.351,-14.65
1,29.966,-23.064,11.479,-0.07778,46.462,46.425,16.83,-12.898,0.80000,-27.091,15.34,23.087,1,31.284,-39.105,-0.83519,1.707,32.617,-13.233,-41.83,-5.244,-0.19938,1,7.996,10.677,-45.105,-3.845,-47.133,-4.474,0.02037,8.434,-0.27105,1,-0.57037
0,1,-7.101,-31.657,46.743,10.748,35.447,0.26459,0.24125,-38.365,24.232,-7.605,0.25292,0.24514,0.36965,20.463,0.22957,24.091,-1.817,-6.723,20.809,11.899,2.534,-23.176,-9.027,-0.02494,10.179,12.441,-12.748,3.024,43.663,-0.09339,-38.86,-22.597,0.28794
1,1,8.246,0.57540,41.779,-22.658,-0.05357,0.61508,-0.01190,10.893,27.461,-39.098,0.09921,41.907,37.19,-19.718,-33.498,8.565,-46.887,-42.136,0.01587,42.597,3.571,-17.003,45.273,20.067,13.164,40.542,-28.875,0.61706,-44.138,28.197,-0.01389,-46.758,-0.03175
0,1,39.591,11.11,23.325,36.39,0.05911,0.08374,21.772,16.614,-6.815,4.484,29.192,-32.577,-0.09852,-6.544,-21.946,0.01970,33.858,-41.214,-26.441,31.409,40.823,0.06897,-26.538,35.042,33.381,0.28079,-0.04926,48.414,-33.999,6.065,7.479,0.07389,-0.10837
1,1,7.5,-16.529,0.10850,9.908,23.764,0.70358,24.793,-13.666,0.00224,-29.532,-42.168,-5.166,-4.65,0.79754,49.335,-30.04,-29.814,-29.805,-0.09060,25.937,-8.488,0.60962,0.11745,0.71253,28.38,10.841,-0.01673,-24.937,17.669,5.72,36.729,17.253,40.694
0,25.975,-6.841,-19.514,-33.749,-40.654,-30.142,-44.479,-11.335,38.47,-45.184,0.07595,-11.057,8.12,0,-12.353,37.199,34.212,-49.591,0,0,0.00759,2.436,-0.20000,12.9,-0.10380,-44.817,47.578,-1,-20.779,32.992,-0.477,-1,17.793,0
1,1,18.946,43.596,49.174,-26.072,-0.02465,-0.977,-5.509,-29.159,-0.12755,-10.098,24.645,0.88853,1.321,-16.972,-0.13719,14.799,-0.06109,-36.103,47.546,19.64,6.056,46.577,-0.12433,11.037,-1.944,0.88245,19.068,-44.651,-8.088,0.88424,-32.751,0.91747,41.327
0,20.072,5.273,0.42708,-31.565,15.629,34.612,0,0,-19.616,-14.5,-36.893,0.02083,-40.558,-8.149,31.362,-32.699,0.16458,7.322,10.776,-0.18333,-32.861,40.129,0,0,-28.671,-0.40833,-13.211,-1.102,16.881,44.681,46.279,11.197,-40.676,0
1,-6.806,39.261,23.361,6.351,0.92007,0.01305,0.502,-18.082,-6.06,28.326,28.36,-0.08428,0.93040,32.781,0.93094,37.946,36.267,-0.05057,0.89451,18.14,7.698,38.004,-41.315,29.629,-37.745,-24.877,0.86453,-18.381,0.85536,-0.13051,-3.182,30.347,-30.606,15.228
0,44.535,48.555,-46.062,0,-13.549,-14.263,28.389,-0.02000,7.726,0,1,-0.42444,1,-21.093,48.795,-39.474,-16.475,-25.809,-33.295,26.62,1,-0.04000,-43.004,-24.552,35.505,-3.817,21.256,-39.539,0,15.82,-31.757,0.268,0.90667,-49.279
1,-2.198,0,-13.772,19.07,-33.889,-20.493,30.809,12.111,25.701,47.822,0.87571,18.223,31.4,-0.06714,0.86429,0.00286,5.421,-0.05429,43.299,32.613,26.915,-0.08429,-38.86,-0.05000,-32.467,-43.384,-41.822,-37.918,-28.288,-0.10429,37.754,-10.885,0.82143,-10.546
0,25.951,0,0,0,0,16.08,-20.09,-46.563,42.404,0,-35.81,0,-1,-8.077,-6.837,6.846,9.855,-23.928,8.412,-45.882,26.969,-8.016,0,14.151,46.792,0,25.943,-36.918,26.482,-36.511,49.576,39.92,-32.703,0
1,46.394,6.629,40.619,-11.697,40.09,-39.946,0.50649,23.177,19.663,0.09610,-23.437,0.05974,-46.662,-0.11948,25.562,4.023,0.52727,28.708,-30.588,1.865,13.933,-24.644,0.49091,-0.01039,26.241,-4.836,0.53215,-25.642,5.984,7.408,22.443,-0.05455,-16.003,-0.08571
0,0,0,-40.522,17.914,0,26.25,-9.507,0,22.804,32.187,-27.209,-2.771,0,-42.376,0,-27.543,33.384,2.062,15.319,-31.569,0,28.373,0,0,-36.312,16.585,-41.764,-43.512,13.32,-8.97,31.425,37.926,-32.692,0
1,1,4.116,1,39.908,-29.903,8.103,4.146,1,0.16851,0.08,7.329,12.549,-0.34107,32.148,25.678,6.38,-32.511,41.503,-0.36676,0.00678,-42.665,-19.41,34.396,-22.024,-0.07782,33.175,14.293,-0.10242,4.532,-0.07036,1.564,2.55,27.246,27.855
0,1,34.263,42.607,-32.465,0,0,-21.999,-17.555,42.988,47.96,6.479,0,1,-18.027,0,-31.87,-28.737,0,-1,48.181,25.143,1,1,3.295,28.404,31.888,40.122,-28.651,49.574,-10.646,0.2,-28.374,43.995,-7.581
1,1,20.597,20.706,-30.538,36.25,35.009,47.832,-20.532,-0.03933,0.91,-0.42173,7.883,-0.70561,9.766,-0.81049,30.853,-16.485,39.61,-26.718,-0.38102,-0.38334,-24.216,-35.638,3.548,0.15552,2.918,32.331,-5.794,-13.763,-0.026,0.56239,7.69,0.51460,26.042
0,32.404,-3.913,21.559,0,9.741,-32.638,-49.748,-10.721,-1,1,48.823,18.324,-39.334,39.729,-45.997,-6.009,-6.226,0,-49.861,-1,0,38.887,15.016,43.819,0,0,49.912,19.982,-34.17,0,0,28.179,-23.665,-17.467
1,1,-29.319,0.88179,-10.439,34.81,0.77655,0.19672,3.487,16.589,0.92544,-35.797,-49.274,-0.86443,29.529,-47.701,-0.05338,-18.371,15.828,-48.995,-12.276,-0.10237,-27.1,5.621,-25.705,-40.317,-0.55910,0.72147,-36.881,-41.512,50.019,-16.007,9.556,41.753,1.509
1,1,-25.341,0.32834,49.537,0.15236,0.21278,-41.848,-2.502,7.408,0.92324,-0.10312,44.624,-42.116,12.998,21.501,20.905,12.7,-30.75,-0.30315,-25.376,-36.165,-0.85597,-24.902,-0.22786,10.713,-23.015,-30.817,38.527,17.466,-17.004,-9.225,0.13296,8.057,30.238
1,-20.489,0,0.83427,0.39121,-34.213,0.78579,39.245,-10.927,-38.957,34.009,-0.70086,0.59564,-19.192,48.297,-16.328,-31.027,-21.49,-22.384,30.188,-4.991,-48.799,1.719,39.307,-0.72454,0.79143,-11.929,-6.032,0.08718,4.339,17.596,-12.184,7.026,27.111,0.79444
1,-35.941,-4.673,0.62335,-20.189,19.748,0.00481,-36.114,37.705,0.63177,25.307,0.62455,-8.356,-2.669,-28.653,0.62936,-8.144,0.97,-20.135,41.361,14.234,0.58965,-24.362,-5.126,10.764,-20.535,-18.546,0.60463,0.02019,-18.798,-43.423,-11.549,-37.684,0.61372,-0.09146
1,1,25.686,-7.946,26.371,15.575,40.147,-1.786,-12.461,0.79228,0.07721,21.494,-46.067,45.825,16.678,21.832,0.21691,1,21.661,-32.958,0.05147,0.67463,1.777,10.702,46.673,10.739,3.782,0.61727,-28.277,-4.041,0.08640,-17.423,40.442,-27.515,0.21691
1,1,-24.46,0.61538,10.75,-2.879,-45.038,-14.606,-31.421,-36.237,-49.154,41.57,34.465,0.73961,3.631,-6.366,36.703,-22.729,48.16,0.61692,0.16308,23.943,-0.943,0.63878,-39.698,-42.889,-12.989,0.58803,18.415,0.55077,0.25692,-39.795,-31.892,36.877,0.09322
1,1,-47.973,40.632,-1.778,-10.844,0.00202,49.166,21.295,0.84300,0.09901,-24.81,31.338,-44.394,-3.001,-35.648,-39.203,-17.259,25.002,0.77935,-12.702,47.448,-4.075,10.353,18.154,0.79632,-15.875,0.70824,-44.031,46.945,0.11598,0.66624,23.178,-10.783,0.01227
1,43.691,0,0.5,-9.191,0.38696,-26.811,-2.844,-38.651,-47.41,-11.263,0.35652,-2.333,48.803,0.04783,-14.384,-35.769,35.602,7.29,-37.942,23.85,-7.088,-2.565,0.32174,-0.11304,0.47391,7.626,19.27,-28.757,5.335,-43.672,-6.397,0.14783,-3.911,0.17391
1,-39.105,0,-44.042,-6.132,47.503,-13.849,8.276,29.247,15.578,-26.74,-4.604,45.963,0.57898,0.60814,-46.395,10.565,0.33354,0.67861,0.29587,33.234,0.09599,0.68104,-12.02,-41.048,-4.854,11.348,-0.11925,1.821,-23.246,0.56015,31.155,8.293,23.242,16.254
1,-6.799,10.336,-21.406,-7.003,1,0.25101,0.98390,12.832,0.80365,0.53020,10.644,0.60297,-31.473,44.235,3.725,-6.032,-9.032,24.922,-12.799,36.171,-23.157,24.951,46.57,21.172,-0.15144,21.316,-0.22839,-37.906,-0.31713,12.26,-39.574,0.54522,-2.615,2.882
1,1,8.246,-22.516,0.13425,42.186,0.31543,-28.073,0.43388,0.63388,-19.745,0.54003,-46.203,3.996,-41.978,27.751,-43.208,-47.291,0.79598,42.027,-16.831,45.033,8.526,10.051,40.555,-40.12,0.50489,36.751,-33.103,-0.50314,19.839,41.283,27.619,12.636,0.05972
1,1,0,0.94631,0.17498,-31.791,6.352,0.85096,7.924,0.73678,37.073,-6.011,35.701,11.533,22.633,34.192,34.125,0.17959,5.354,-21.953,32.271,16.439,0.89383,-0.33023,30.017,-34.371,-25.803,40.223,40.255,47.794,0.52564,-7.755,-40.661,-27.046,23.739
1,41.741,-30.491,-28.731,36.962,0.86090,0.35543,8.228,28.933,-7.87,-29.543,0.50376,-24.821,9.562,17.418,24.933,-5.046,-17.144,18.473,-0.16390,24.612,-0.35996,-30.115,-42.756,10.797,-0.53140,49.808,-0.60328,0.40972,4.287,0.27338,24.655,-4.511,-15.049,0.05394
1,1,-44.183,0.76627,0.21106,0.63935,2.136,18.277,-6.316,38.62,-19.545,12.701,33.588,-49.668,-9.889,-30.142,0.48636,-11.259,0.42014,-1.101,-20.411,-45.54,34.401,36.794,-40.578,-45.569,-0.03229,-34.448,-12.478,7.844,-0.19714,47.322,-0.24648,24.856,-0.27218
1,1,42.715,0.58940,0.7,0.85430,48.123,-31.754,0.07285,-29.484,0.16225,25.082,-1.676,-1.245,-5.369,19.399,6.401,-17.161,0.42715,0.54305,19.356,46.401,-45.216,-7.27,-36.938,0.51872,41.762,-26.48,10.412,49.645,19.231,-10.485,0.29324,14.336,0.29942
1,1,45.437,-14.011,-29.545,19.772,7.654,-11.395,34.709,0.71157,0.01139,-40.114,-0.07780,-39.868,10.31,5.86,11.237,0.53131,-0.03416,-32.167,-7.981,0.72676,15.701,0.32068,-32.64,0.431,40.502,0.49090,31.541,17.312,-19.756,-30.623,-37.294,46.841,0.15180
1,28.459,0,38.974,32.859,40.067,6.79,-6.181,18.148,0.66725,37.969,31.067,-31.55,36.079,6.277,-7.163,-4.082,0.39199,29.793,0.71254,0.01394,0.55970,22.392,0.53430,-18.348,28.899,-42.432,0.064,-18.187,15.877,-0.08537,-38.132,-0.09621,-24.313,-0.09808
1,36.505,-3.817,8.726,47.875,-48.215,48.55,0.96683,-14.399,27.5,-0.03923,-20.288,-46.048,-13.587,-0.01436,-23.406,-0.01671,-24.008,0.01002,-38.51,-0.08848,-43.054,-17.498,0.94636,-32.783,-32.313,0.02003,-37.601,-0.03034,16.82,43.477,1.078,-0.03464,28.427,20.22
1,1,-34.741,0.47938,-3.322,12.531,-20.615,0.70103,-0.39175,-28.382,-33.165,-10.572,47.648,18.717,0.15979,0.45361,36.821,0.42268,30.607,-37.332,-10.667,26.693,42.674,-14.16,4.675,0.70619,-43.119,-39.169,-42.763,19.187,24.643,33.206,30.06,0.45361,-0.51546
1,-8.077,-20.09,0.63510,9.811,-23.163,24.98,50.19,16.44,-45.909,-8.021,-37.276,0.08314,27.763,-33.137,25.668,42.954,0.59584,-7.699,27.117,0.21940,-45.249,-0.25404,-35.101,0.15359,6.941,40.151,0.68775,-36.334,0.61663,0.07621,9.075,14.35,47.482,0.36721
1,1,0,23.719,39.623,-15.981,-25.596,14.036,-24.595,2.464,0.02472,46.061,40.116,0.71685,4.013,-46.555,0.00899,0.57303,-23.859,22.544,-4.91,0.56854,25.791,-39.274,-0.03596,7.094,28.817,-30.575,19.17,7.85,25.009,0.54607,0.10562,-11.108,5.472
1,-41.512,17.914,0.71521,-36.318,0.66667,-0.04207,0.63107,-27.595,0.77994,-27.128,-32.019,28.47,0.64725,-2.612,2.663,16.565,23.348,-0.04531,33.853,-9.071,15.966,0.14887,-41.985,-42.548,38.45,-9.562,-40.071,31.426,26.564,-31.637,0.49191,13.213,0.30421,32.135
1,4.896,27.875,32.221,0.10370,0.77037,0.03457,-30.251,7.544,12.354,26.112,0.79012,34.677,33.9,-32.025,14.938,7.95,6.784,3.941,0.73827,2.483,27.71,0.00988,0.60988,-0.75,42.002,1.413,0.63773,4.497,0.76543,39.43,0.61235,-42.472,-18.806,-21.941
1,1,47.181,0.60678,31.861,43.666,24.183,50.102,-0.04407,43.112,0.03729,0.70508,43.91,7.059,-23.02,28.936,34.341,0.64068,39.241,4.865,-0.02373,0.53220,-10.639,0.71525,-17.95,-31.936,-31.904,49.533,-28.73,0.786,-28.378,-17.965,-27.678,-8.079,0.06780
1,1,0,48.013,30.722,-15.378,35.668,4.605,-14.289,-30.346,-0.02427,-23.005,-21.374,0.337,7.798,9.775,34.322,-25.573,-0.10680,32.378,-35.503,0.34951,3.64,-5.089,20.093,20.907,6.939,0.36547,0.03815,26.269,0.17476,0.535,0,40.109,-0.01942
1,1,9.741,22.547,-10.699,49.754,39.228,32.243,-33.818,-45.13,45.308,-48.125,28.698,-16.916,-49.147,-32.207,0.66237,-5.908,40.06,14.3,0.68873,-5.813,-39.597,0.06338,0.71284,-0.16489,19.021,-0.16556,-3.308,-23.827,49.47,-0.34717,0.44195,-0.33483,20.13
1,1,49.923,42.384,-46.619,-9.973,-48.173,0.82039,0.48561,-15.871,-10.895,0.58827,17.012,0.40349,-16.766,2.793,-28.471,5.404,0.85475,-0.12193,0.79749,16.568,-24.122,33.836,-25.561,-50.497,-36.053,-42.813,-40.416,28.574,9.474,-0.65754,1.116,-0.64134,-35.142
1,1,12.831,0.99701,0.21677,-24.009,-24.871,0.76902,-30.53,17.723,39.427,0.36774,13.623,21.06,-16.057,10.365,0.89274,44.148,-35.33,-3.679,23.058,-23.51,0.48120,-42.153,0.35534,48.865,7.825,-25.596,-41.975,-31.255,-0.13462,7.389,-0.22949,-9.848,29.683
1,-29.786,-21.489,-20.822,0.19959,-17.365,-11.413,-14.678,6.891,4.24,0.70830,-34.335,48.911,0.14939,0.89489,30.433,40.059,-0.24742,0.83939,38.368,-20.137,-0.50251,-11.026,-0.65515,-12.055,16.416,-38.316,32.402,0.15619,-0.75406,27.106,-49.675,-7.041,1.94,-4.456
1,-18.312,0,-36.001,-19.946,0.80486,19.686,-28.143,0.73151,-43.118,1.1,10.841,-19.25,-18.887,0.89335,-0.39730,0.82163,-3.927,41.318,24.534,38.183,-22.007,-8.093,-12.979,-0.04284,-6.379,13.965,-25.096,-0.46438,-0.46422,-8.674,-36.982,-0.70835,-37.763,-5.386
1,1,-2.508,4.838,40.719,0.67333,-45.884,-12.191,-17.038,-28.155,0.80510,1.507,21.433,-33.819,-3.862,25.112,47.207,-0.66750,0.10591,14.393,16.611,-0.81056,40.054,-28.68,-0.47592,-0.12897,-0.53620,-8.618,25.876,45.43,9.747,21.49,21.299,10.437,0.13297
1,19.327,0,0.29073,-6.989,-24.227,0.17293,48.286,-15.038,-31.327,0.26316,-44.993,0.21303,-36.935,-43.363,-12.98,3.659,40.731,10.602,-0.05431,0.01408,34.343,-39.781,-0.02876,-3.672,-23.432,-31.999,23.272,-0.01475,-1.021,-0.01250,-49.05,36.361,36.648,-40.336
1,1,-39.209,31.881,45.967,-24.568,-11.073,23.92,-1.837,0.82519,0.19361,-2.505,-44.318,40.608,46.748,18.842,-17.918,0.72368,-36.882,-10.931,0.04511,-47.304,21.496,-14.984,-45.622,0.64850,25.079,-12.099,48.217,10.134,-4.218,0.15602,-0.12218,0.44767,-0.10309
1,1,0,-34.959,48.478,-42.989,-3.275,35.904,-28.743,23.941,-2.409,0.43837,-4.155,-14.395,-26.789,19.3,-38.229,42.985,-9.161,-47.398,0.15756,7.422,-11.078,0.29495,0.14638,5.212,-2.061,-7.273,-6.606,0.26429,7.796,0.18767,0.13632,0.16655,-38.584
1,29.966,15.83,0.94080,0.11933,-13.198,-46.877,8.627,9.996,0.76966,14.882,47.566,10.826,2.047,-5.233,0.82680,0.03506,46.21,0.01943,-3.967,31.434,0.80862,-27.104,-39.302,0.05352,24.289,-12.018,-44.049,0.06235,-40.911,-6.133,-22.285,32.67,8.332,0.07508
1,1,46.587,-6.23,12.545,-37.799,-9.143,11.326,0.29292,-22.359,-0.08337,-5.887,20.54,0.90446,35.106,0.89410,11.85,24.986,-32.089,0.84452,-0.00991,25.109,-13.35,0.78954,2.921,-6.933,-2.279,10.754,2.408,21.161,-0.04101,44.275,-22.188,-38.289,0.09193
1,-19.345,3.599,-43.254,0.02549,43.108,13.222,0.75855,0.12877,8.99,-42.831,20.525,-28.837,-38.736,-0.00469,28.388,0.10195,-45.998,-17.556,-32.8,41.838,0.81221,-0.08048,1,0,0.71764,-23.422,42.138,37.239,-46.658,45.224,8.761,10.464,28.237,39.956
1,1,21.797,0.47337,31.535,0.06213,-34.089,0.62316,6.03,-25.778,34.919,29.757,0.01775,0.44675,7.7,17.344,-0.03846,4.976,11.17,0.41420,-6.488,0.52767,33.916,48.985,36.328,41.288,39.567,-32.235,-26.535,-6.466,33.47,-40.766,-22.091,0.34615,23.475
1,1,0,0.59887,9.348,-16.449,-0.13936,17.452,17.482,0.80979,0.02448,-29.737,10.171,-5.207,25.267,0.80791,49.132,24.348,40.496,0.81544,28.332,-13.706,-4.652,-8.141,-25.508,-29.087,-30.823,-41.711,4.764,37.308,-0.02072,25.315,-0.31262,8.174,-31.097
1,1,0,-44.337,-6.875,35.077,32.907,13.383,-12.353,-33.372,-20.855,0.71975,1.619,0.74947,-0.11677,0.235,-45.361,0.78132,-19.98,25.595,-49.692,18.584,-0.15711,-9.441,47.488,-29.293,-0.26115,0.74115,38.237,0.66242,-11.207,-39.927,-44.561,8.778,36.951
1,19.76,0,0.87772,49.101,-36.177,-5.418,-26.122,41.536,-10.148,24.732,-44.723,10.078,-17.056,-0.10598,19.896,-30.056,0.88043,-0.20924,0.83424,0.03261,14.792,-0.05978,-0.945,42.435,0.85054,47.382,2.146,-32.668,-7.1,18.913,0.78533,6.093,-0.958,45.743
1,-28.659,-15.011,0.74704,31.229,-19.543,0.16996,-7.422,40.223,17.856,-0.11067,-32.031,45.202,12.076,-31.256,0.73715,46.321,0.528,-0.00395,35.248,-12.33,0.79249,-0.25296,5.938,7.489,16.301,10.08,-40.057,-40.679,0.60079,-0.20949,-32.486,19.141,-36.872,-0.01383
1,1,15.351,28.896,-31.361,-37.985,-7.799,-24.181,-0.354,18.66,-0.13969,-6.421,0.01330,30.387,-0.16186,0.67849,6.301,0.54545,-0.13525,-3.487,-42.25,38.514,6.618,-17.588,37.99,33.206,-18.465,27.998,35.292,0.59867,22.444,0.53659,39.144,31.035,-0.04435
1,1,-3.817,-37.658,-39.146,0.72125,0.42881,44.151,-20.652,-24.605,8.631,20.355,-48.222,26.419,0.89200,-33.652,-16.7,-0.65114,-13.77,15.032,0.605,-0.81856,-43.813,47.716,-0.08079,-0.78334,27.241,47.119,35.05,-46.609,-0.60858,-24.67,-15.216,-0.19312,-33.513
1,-33.741,0,25.837,0.29282,5.391,-28.557,0.59952,0.71596,0.26203,-2.272,0.04636,-9.868,-33.469,33.683,-40.263,48.675,25.413,-42.691,17.313,37.302,-0.92254,-37.771,-0.93618,-42.836,-15.415,11.634,29.893,-21.187,18.62,-0.85725,29.883,-0.93953,-10.294,41.541
1,1,0,-7.134,0.30634,25.675,10.434,26.823,42.99,-7.78,27.969,-38.01,-23.007,24.327,0.71996,-46.579,8.737,-33.517,-19.678,-37.511,49.568,-9.866,-0.41085,13.382,-0.45478,15.507,5.618,-0.31610,-0.81876,-35.84,-0.86841,40.174,45.971,-46.561,-0.81686
1,-10.715,-4.836,0.83479,-23.594,0.69256,-25.132,0.49234,0.68381,-24.391,0.86761,1.794,0.85011,-47.576,0.77681,-31.668,6.137,22.515,0.31291,24.287,25.688,12.735,6.475,-17.176,3.668,39.287,21.368,-0.16950,28.159,-39.765,-0.61488,45.645,39.636,7.78,18.809
1,-26.543,37.926,2.99,31.757,-35.55,0.62349,26.743,-1.928,0.21592,17.537,-0.13956,0.96167,-27.681,29.209,-41.23,0.65490,12.446,0.36750,-32.488,-8.914,-10.405,17.652,-33.432,-0.54069,32.876,-0.74735,-42.599,-0.86122,0.07810,21.932,-42.404,-43.292,15.913,31.584
1,-20.894,4.116,0.83367,6.316,40.063,32.116,34.908,5.228,-19.146,0.78947,7.272,42.134,-32.491,26.782,32.619,0.47744,0.794,0.19492,11.022,27.827,13.693,-0.28195,-31.394,-0.53463,-0.26577,-1.492,7.838,1.895,4.123,-0.64428,-41.969,-0.51206,27.87,-0.30075
1,1,47.181,0.98455,24.115,43.975,42.566,-7.581,-23.076,-17.567,48.975,-9.693,-0.02604,0.98500,-28.812,32.882,43.917,40.096,-0.09532,-16.944,0.077,0.99294,-27.703,5.248,-0.08914,50.547,6.396,29.37,-0.12912,0.93469,-0.14916,-31.494,34.105,-27.406,-32.058
1,35.317,-23.588,-29.978,19.82,36.551,0.283,40.685,-26.058,21.555,-0.01060,-34.562,7.713,-20.427,-0.01767,0.973,-14.328,0.95465,31.905,0.95230,9.204,0.94229,47.496,0.92815,-0.04417,0.92049,3.537,5.183,-15.732,31.529,7.015,0.91991,25.803,-4.358,-0.07420
1,1,-23.665,32.374,48.768,-5.312,-49.751,22.525,39.184,0.98630,-10.538,-47.943,9.743,20.691,-32.723,0.91324,48.821,14.884,-5.975,0.97032,27.967,39.887,-17.364,-39.414,-0.05251,-33.245,0.06849,0.94043,-0.09252,-44.906,44.618,0.85388,18.237,-2.947,-0.21918
1,1,-46.777,34.74,-50.02,-35.687,0.08475,17.355,41.236,-24.624,5.34,50.431,-26.413,0.64407,0.28814,1.763,-11.23,0.54237,-48.508,29.752,-35.138,0.59322,-17.292,0.86441,-29.268,0.40678,2.694,-10.871,-0.00266,-15.928,16.241,9.997,-41.029,-41.474,-0.10169
1,1,-30.607,0.33333,12.581,44.875,10.656,8.054,-41.336,30.45,22.58,-22.452,38.535,0.54911,-42.082,-24.346,-25.008,-8.82,-16.862,0.25000,20.764,0.47222,7.88,13.268,-0.02778,-2.853,0.08333,17.605,-0.14256,0.19444,-0.13889,-24.559,-31.302,49.595,-36.551
1,1,-21.766,0.51207,1,40.122,-38.087,4.385,-20.085,-11.365,0.46427,48.409,-33.754,30.594,-14.484,-0.17416,1,26.82,-11.572,38.182,18.105,-49.45,-17.609,1.725,-3.634,32.173,-30.434,-1,-6.766,5.326,-21.656,-1,-0.42226,-12.571,-0.65557
1,1,0,11.489,-7.563,-19.391,0.838,0.54916,-23.743,25.65,0.70792,-21.06,-17.74,-0.09818,20.095,-8.658,41.512,-6.154,-2.627,-0.68358,0.67989,-0.70163,-11.916,-0.79147,-4.643,-37.93,-20.445,-44.171,13.906,-19.945,-37.866,-0.34131,-29.33,37.584,-37.347
1,1,16.673,15.705,21.554,0.72113,0.58385,21.135,26.467,10.346,-45.679,45.057,10.879,21.138,0.78497,46.329,40.888,-13.415,0.26529,-0.84014,-8.651,-28.739,1.422,25.921,-0.48905,-2.881,3.262,-4.4,39.487,-17.835,-34.027,0.37093,-0.39167,-27.865,-0.24313
1,1,-36.887,24.217,0.35107,-44.303,-42.835,-31.528,49.135,-40.176,4.538,40.577,0.96301,-4.226,-48.217,-40.566,37.226,-13.847,0.26020,-32.384,-24.524,-1.889,-15.791,33.734,35.696,10.193,-0.84951,-0.04578,-0.91221,-23.142,17.47,0.54827,-0.69613,-6.341,-0.44173
1,-14.832,0,-47.048,0.36924,-3.365,0.68420,-17.772,0.94078,39.837,0.76527,48.006,0.92453,-12.358,-10.639,30.375,-2.584,-46.156,9.702,-37.456,25.158,17.48,20.629,46.224,-39.991,-25.703,-0.88082,-43.844,-0.85137,23.656,-0.70247,47.021,-2.292,-11.906,-0.13194
1,19.852,48.346,-37.364,35.407,-2.336,-2.594,1,-35.781,-46.879,-15.012,1,42.676,1,-0.01731,1,-6.813,-10.224,-26.987,24.703,7.694,-42.711,-0.10108,-8.191,4.921,-3.359,6.864,1,-0.06823,1,-28.744,-6.51,-0.14194,-37.716,-2.281
1,47.722,0,2.17,-0.00155,29.831,15.697,-22.114,-0.00461,0.82809,-0.51171,24.44,10.82,1,-40.247,-40.778,32.573,32.368,45.307,0.84013,10.598,1,-47.05,8.651,-27.238,-43.983,14.868,-5.385,-12.058,0.82427,-4.785,-4.457,-14.075,8.347,-0.02039
1,-38.172,12.502,-31.249,0.29492,-8.686,0.52312,43.929,11.017,0.14177,-12.175,-0.16831,-6.314,-0.42911,0.72328,-23.825,47.002,1.682,24.297,-0.69977,35.274,-22.983,20.138,-7.18,11.267,-38.773,-2.712,-7.784,-0.48707,10.084,2.792,20.87,-0.23199,24.446,-0.08036
1,1,27.427,-41.858,13.477,-28.178,0.65128,0.34816,8.654,41.869,0.90842,-0.29784,28.374,39.303,-46.217,2.828,10.747,-44.861,45.319,-24.226,-0.24017,-20.99,-34.01,19.169,40.632,-39.826,7.491,0.17041,-0.71504,-46.976,-18.17,0.56626,36.846,0.62765,41.985
1,5.42,16.628,22.693,29.585,40.252,0.71804,31.635,24.386,10.998,0.94415,34.506,0.84605,-34.682,-25.982,-0.92819,-32.449,-0.92282,5.867,-26.994,32.735,6.916,-0.76197,33.738,-41.972,41.024,-0.85703,-6.47,-0.68593,0.74846,-7.01,49.305,-22.017,0.76862,36.714
1,1,-30.877,25.777,16.36,-29.491,-25.772,0.87342,-0.10127,0.88608,-42.313,-4.882,28.589,10.125,-29.585,0.84810,4.894,24.467,-8.841,26.185,-0.01266,0.93671,-14.345,11.143,0.25316,49.889,36.401,41.587,-30.297,8.5,-4.711,0.53165,-17.123,18.457,-0.02532
1,1,0,-33.36,-0.531,-44.351,-10.967,-43.357,-20.754,-44.308,0.01681,-19.162,25.034,-39.863,0.04731,37.974,12.618,0.64706,-12.16,0.84034,34.254,2.468,17.864,0.68895,0.07577,8.783,-49.506,48.159,-30.059,33.606,38.487,0.58187,-6.753,-9.781,0.08891
1,1,18.76,2.159,-17.862,0.92211,0.01456,-31.645,-26.948,46.676,-29.971,25.63,41.609,-0.837,-45.451,48.477,0.05018,0.87339,-36.983,43.674,19.217,50.074,19.016,14.812,0.07697,0.83721,-7.85,-10.051,-5.402,0.87597,6.29,10.987,0.10134,-1.075,0.10698
1,1,-0.102,1,-0.01179,46.437,-32.865,6.273,-0.01565,-19.081,-0.01565,18.16,11.169,35.612,-12.233,-36.484,10.154,20.067,-32.731,32.355,46.245,-39.676,7.737,1,-31.115,1,15.579,-14.012,-0.05527,-28.665,-8.213,0.99057,-40.623,41.118,-0.06668
1,1,0,-3.122,-18.127,31.347,0.05545,23.367,18.194,0.92871,-0.395,39.038,-7.816,-41.263,-0.01584,-23.816,29.782,0.93663,39.261,36.349,0.01386,33.696,-6.943,7.701,-31.492,16.244,0.02376,28.349,-38.559,7.215,0.00198,38.908,-18.222,29.296,0.02376
1,1,-14.549,-43.104,-24.975,1,-0.01773,-2.917,48.562,-23.518,43.592,1,-46.027,16.798,-21.278,48.77,-14.357,-31.757,0.118,0.89716,26.588,-16.613,-33.217,8.726,0.09220,0.90071,0.04610,28.448,0.03247,-38.474,-49.158,36.505,-38.528,0.93617,20.278
1,1,-34.741,-42.921,47.622,0.62655,0.01270,-10.38,0.09091,0.63636,37.031,0.21212,11.891,-39.127,-37.68,18.617,4.592,33.293,0.04561,31.06,26.176,19.82,42.671,25.209,-20.643,-32.752,-14.524,-2.735,-42.577,-28.781,29.988,0.41856,0.06410,0.39394,-10.152
1,1,16.08,15.018,42.764,-35.791,0.66667,-32.331,7.124,-7.751,47.651,-0.24118,-7.155,24.433,0.67577,-24.615,8.827,-0.77019,0.09898,26.275,-9.213,-0.49488,24.521,-0.32537,39.343,26.453,-47.162,-45.728,9.324,49.899,-0.37088,-35.348,-38.115,0.40956,-20.072
1,1,-4.836,-30.245,-23.505,0.67311,29.462,0.35916,0.88696,13.405,25.978,-25.998,-23.766,-40.522,0.62078,-17.419,39.962,-0.86150,23.165,44.658,3.717,6.856,4.928,21.663,39.382,0.06911,-0.73856,19.497,6.006,0.52414,25.228,-11.103,-47.394,2.476,0.08660
1,1,-8.97,0.90547,0.41113,38.58,32.934,0.29921,0.95905,13.187,-26.231,-41.045,-26.711,-43.308,33.935,15.618,-32.54,27.443,-0.25554,-0.71863,-0.59379,-0.41546,-32.421,-36.334,16.976,-42.013,-43.618,-8.832,22.184,2.921,25.969,-1.884,31.523,16.074,0.46301
1,1,39.408,35.558,1,33.67,0.06158,7.983,0.92713,-0.27586,2.478,-22.209,0.37685,-0.87192,28.245,5.073,31.451,-1.221,3.554,6.997,-0.82512,11.69,1.656,4.372,41.131,-31.336,-31.362,26.971,-42.468,1,15.313,27.61,4.524,-19.142,0.79790
1,1,-28.737,-30.87,34.778,6.934,0.33333,49.021,32.251,28.083,24.873,-0.45455,0.48485,-33.041,-22.999,-19.13,49.452,-8.915,-0.48485,-0.09091,-0.649,0.48485,3.719,0.57576,38.698,-27.374,43.594,47.911,-17.793,0.96970,-27.075,43.237,42.97,-10.555,0.33333
1,21.597,0,0.88110,7.09,1.221,-0.02744,26.811,34.305,32.848,3.6,0.90244,-14.27,5.195,39.745,-34.551,0.00305,1,19.863,0.94207,30.613,-25.135,0.02439,0.91463,-23.533,8.747,47.567,36.506,-30.896,-14.765,0.011,1,-5.224,-20.423,9.239
1,49.912,-32.638,49.649,14.098,-45.086,39.274,0.90426,18.306,0.92908,31.414,0.80142,0.08865,0.94681,-0.00709,0.94326,9.741,-22.733,21.761,-16.516,-48.868,0.91489,0.00709,-5.084,-34.099,-3.001,-6.066,45.715,-49.667,28.956,38.954,-39.408,-10.54,20.681,0
1,1,-26.278,17.575,0.10638,35.101,-36.627,-28.434,49.938,0.87234,-24.943,42.136,16.381,-16.721,0.02912,-15.716,0.03382,0.95745,-42.159,0.95035,29.235,-47.669,-46.73,-10.694,-10.822,-49.114,2.655,-34.337,-40.816,0.74468,9.131,1.75,5.425,0.80774,0.07173
1,1,-24.93,0.87578,12.868,-24.442,0.00343,13.632,0.00510,0.86335,0,21.909,17.264,-30.284,22.451,39.509,0.01151,0.83851,-36.113,-8.518,-24.904,-41.156,10.449,0.83486,-22.935,30.828,-3.285,45.252,0.02033,50.332,-41.416,-29.799,7.689,8.736,-16.865
1,-20.766,6.326,-19.918,-12.553,0.98579,-6.842,40.122,2.629,0.99290,-18.31,0.95737,-11.629,-20.518,-48.888,-14.484,-38.587,49.057,0.02131,0.98579,-30.729,28.122,0.04796,-33.809,-11.766,-3.129,0.03552,31.357,33.238,0.94849,38.878,0.99112,3.736,18.094,0.09947
1,-35.718,-12.166,1,-24.452,-20.195,-5.615,-36.674,-8.036,0.99448,-0.01436,-35.946,19.155,38.763,-3.316,1,0.00884,-17.711,-20.147,-42.488,-4.656,-19.246,10.74,0.98122,40.711,-7.311,-19.318,15.214,0.311,0.97901,-28.71,0.98564,0.02099,26.284,0.02762
1,11.009,0,1,16.659,47.923,21.14,1,-12.632,-45.506,45.249,-3.372,40.159,21.639,1.764,1,-2.443,0.98881,14.901,-32.568,0.03579,0.99776,0.09396,22.557,26.469,41.368,0.10067,-27.118,25.773,-7.699,4.025,-27.348,10.282,-16.982,0.10067
1,1,0,-14.497,23.648,37.042,0.67382,-43.095,0.86399,3.605,0.93182,-0.35148,-36.05,-25.063,0.58842,-0.78658,10.949,39.962,-23.421,-41.022,-40.108,47.724,-7.628,-49.324,-4.342,0.00806,-45.754,-0.758,-32.054,18.773,-32.417,37.187,-0.21542,-12.353,34.413
1,1,0,-14.931,-38.791,18.786,-35.699,31.601,47.636,-0.20449,22.257,9.051,-17.253,47.504,23.676,-0.96986,-2.904,-26.483,-2.145,-0.70163,-13.322,-0.32354,-0.88999,0.05865,45.381,0.44483,-12.248,40.69,-45.765,-47.079,-0.18725,-3.206,-11.488,25.832,-43.493
1,-37.716,-14.889,0.32789,18.963,0.15970,-3.043,-28.686,-47.134,-7.761,8.014,23.537,-38.098,-27.553,0.24865,-0.97650,-6.752,-2.439,-4.558,-36.1,7.146,-0.14426,47.446,-11.131,-0.28916,0.28307,-0.18560,5.344,-2.654,0.31005,-9.134,35.46,42.896,0.13376,-43.447
1,-13.055,0,8.434,47.158,1.661,46.21,-46.834,0.85106,9.66,0.82139,-0.68253,-44.316,-0.84211,-40.034,-5.595,14.597,-42.241,-0.71725,-5.311,-0.86002,-11.807,30.647,-22.497,22.994,0.74300,28.78,0.74758,0.23713,-26.701,-5.635,7.765,33.366,15.644,11.46
1,-6.101,-39.172,3.367,-2.129,-38.556,43.767,20.454,24.618,-0.18321,-6.956,-0.41985,46.648,-32.497,0.09160,-0.16412,23.794,9.791,-13.407,0.18702,-0.17557,0.34012,2.317,11.936,-0.16031,-23.037,20.62,-22.367,-7.488,-0.03817,35.636,-0.16794,10.504,-9.628,12.166
1,4.599,-17.594,-41.759,-20.344,14.124,-28.862,46.225,-0.00075,0.94721,0.02394,28.486,10.375,28.406,42.149,-45.921,41.834,8.796,0.05713,20.502,0.05279,0.97738,-47.327,1,-23.348,0.94155,0.08107,-38.748,0.07255,9.204,-43.922,-32.528,41.397,40.901,37.3
1,24.478,0,22.62,-0.07572,41.613,33.89,30.067,7.413,-40.218,31.265,35.691,-0.11734,40.437,0.05029,0.83121,-0.07399,37.182,-26.5,-5.82,0.06358,-21.079,-26.257,0.78844,-32.76,17.373,48.45,11.813,4.393,0.74046,-0.07630,-6.301,33.177,-33.121,6.033
1,1,-4.648,0.35346,-42.463,-5.188,-25.594,17.282,-14.445,-16.591,-0.06119,25.93,-0.10467,0.62099,-0.06527,0.59361,40.668,-29.226,-0.26409,25.359,0.04992,9.699,-30.33,-30.415,23.744,37.23,7.494,0.39146,-30.582,17.977,-8.577,10.465,49.183,5.221,28.392
1,39.47,0,25.736,33.003,0.86335,-12.35,0.318,0.00384,-44.384,0.02304,-44.359,-20.658,0.83096,-44.176,2.573,8.128,13.391,34.143,18.558,0.03881,48.292,37.211,0.75071,-30.13,-33.337,-10.987,-39.945,0.01375,-19.106,0.00849,-9.672,-6.826,-48.952,0.01525
1,-29.051,-26.97,46.415,10.122,0.97404,13.996,-1.253,43.216,-36.254,49.18,-4.84,19.076,19.347,41.006,0.39208,19.348,0.76776,47.888,-1.132,6.315,0.47541,-0.44945,1,-17.873,-31.959,-45.425,0.68656,-10.749,0.87568,0.07787,-7.406,1.555,24.893,0.48087
1,1,-31.065,17.995,40.211,0.73739,46.132,0.84349,11.141,6.178,-0.04622,-39.664,34.743,-39.864,-32.632,-11.418,10.095,1,31.341,-36.516,-8.083,0.87605,0.01155,0.673,45.503,16.582,-0.04202,19.907,-32.86,1,-29.531,8.642,-15.118,0.90546,-20.124
1,40.261,6.334,-37.624,0.00419,0.95183,28.401,-17.329,-0.01920,19.127,27.475,0.96510,-24.702,0.94171,38.108,-41.257,-7.819,-17.124,29.75,23.421,0.06038,31.398,-0.339,0.93124,-3.917,33.736,0.01361,0.93522,-6.902,16.282,35.488,-30.533,6.813,0.91483,38.172
1,1,43.535,0.94701,47.794,21.188,-17.507,-45.11,-0.03431,-23.409,0.174,0.94124,35.523,0.92595,-43.957,-24.054,-32.772,0.94837,-38.519,-2.88,7.74,0.91406,-33.218,28.399,-21.227,-13.452,-49.151,0.92489,-14.524,-38.5,48.578,27.545,0.00442,16.747,-0.00577
1,48.865,-20.491,0.90608,18.206,37.921,-29.134,0.95691,-42.675,-2.341,-37.831,19.93,-14.616,27.037,12.089,0.90608,-43.361,0.91381,4.583,30.826,-34.87,0.88729,0.01215,43.41,-0.02320,33.642,-10.415,25.797,-10.913,0.82983,-33.409,-38.743,30.507,0.87403,-0.16243
1,25.951,9.855,-45.035,0.13533,-37.182,-0.06151,-31.824,-35.728,27.371,-9.168,0.78735,49.643,0.80668,6.29,0.79262,16.069,15.009,26.923,0.87170,-8.051,0.81722,-7.932,9.122,-46.519,-23.063,-0.15114,43.216,24.894,0.78207,46.785,-19.333,-0.06678,40.777,-36.573
