1,1,41.962,-35.896,-44.879,0.85243,0.02306,-4.093,-0.37708,-22.167,0.03760,0.85243,6.05,8.11,-0.44945,2.62,46.034,0.84356,-0.38542,0.58212,11.503,0.56971,-0.29674,23.949,22.253,-49.356,43.454,-19.211,32.237,0.21266,-3.399,0.42267,-0.54487,-4.746,-0.45300
0,1,-19.354,1,-0.18829,0.93035,-9.723,-0.10868,-0.93597,-37.201,27.391,-47.079,-0.67743,48.143,-0.69707,15.789,7.531,-42.02,-0.62237,0.33109,-15.818,-0.13151,23.578,17.285,47.564,46.329,12.56,-0.20468,12.526,-0.19040,15.902,19.131,-0.06288,-0.13738,-0.02447
1,1,40.628,1,-0.03365,18.027,38.369,-28.702,-0.12062,8.051,0.01198,0.73082,23.989,0.85443,0.00827,-26.338,0.00299,0.83775,-30.812,-4.756,-0.08540,0.70887,24.721,47.971,0.126,0.57528,25.436,48.855,-4.405,0.43100,19.676,-12.805,-0.24180,-5.32,-0.38238
0,-8.905,-36.233,21.91,-0.45161,31.34,27.828,-27.56,-21.884,0,8.415,4.679,0,0,23.614,46.423,45.033,49.54,-0.39330,-1,-0.54467,-4.206,-27.291,0,0,1,0.90695,0.51613,1,1,19.854,0.25682,1,39.36,19.372
1,1,-18.446,-9.071,-0.02401,-5.684,-43.018,0.92106,-8.455,-38.239,-0.16399,0.52798,-0.20275,-31.419,-5.674,0.34395,-25.437,0.52940,-1.143,0.45107,-0.17813,0.05982,-44.934,36.215,-0.52879,0.03286,-39.439,-46.836,-35.54,-7.708,-3.953,-0.05707,-21.835,-0.04608,-0.65697
0,-44.694,40.156,0.02337,-4.291,-14.807,-0.11949,-0.00763,-0.11824,34.884,-28.053,19.718,-43.95,0,45.657,-0.04572,-0.15540,38.462,-0.10196,-13.352,-0.05414,29.068,-32.806,0.01519,0.00888,-4.6,-0.01535,-0.03240,-25.042,-0.07859,-9.608,0,34.425,16.048,0.12011
1,1,47.415,0.97588,15.569,0.94601,-0.20800,0.92806,-0.28350,-20.112,16.892,0.79766,-9.434,2.901,-0.50764,36.527,-0.61436,0.57945,27.698,0.37852,-23.262,0.36324,-0.76562,17.597,-9.852,9.024,-10.803,0.13659,-0.82510,6.299,39.115,11.651,-17.362,-40.806,-0.80975
0,10.93,-48.156,-0.376,0,-47.555,30.081,1,6.056,-30.852,0,-1,-1,0,-29.112,0,16.458,-17.885,1,13.22,-1,0,-36.181,-1.515,0,1,-47.599,1,49.037,0,0,-31.534,-23.326,0,25.029
1,-8.103,0,0.96355,-0.07198,1,-0.14333,1,-0.21313,22.539,-24.095,30.996,-29.496,0.94510,-6.285,0.90392,-0.46381,0.98305,-0.35257,-38.771,5.717,-17.408,-0.60589,48.432,15.03,0.85106,7.692,0.57577,-25.409,-42.32,-0.63919,-38.906,4.573,43.149,23.794
0,16.596,-38.255,-0.01864,-0.08459,-33.491,42.234,33.563,0,48.842,-0.26810,-47.622,-0.38172,-28.153,0,-0.33656,0.38602,39.514,0.15018,-29.863,-40.08,0,0,24.769,-34.672,16.768,-0.01326,0.20645,-0.02294,34.742,34.551,-17.05,-22.35,-0.08208,0.38065
1,28.256,34.906,-22.063,0.06655,34.674,-0.18388,1,-0.27320,34.686,-0.43107,41.507,-0.41349,0.96232,18.631,50.845,-33.024,0.89230,-0.66474,0.69876,-2.941,-44.522,-0.76320,14.218,36.947,5.293,-8.173,0.47211,-10.243,0.40303,-0.83675,0.30996,-3.378,-33.495,-0.89158
0,1,0,1,1.648,-8.724,-14.789,-34.879,-11.143,1,35.823,1,7.906,-39.675,1,1,-28.99,-42.629,-0.29354,1,-0.93599,1,49.716,1,1,1,-0.40888,0.633,45.878,-48.984,13.47,-28.146,-41.454,-47.536,-1
1,1,20.547,1,12.008,-46.64,8.695,-38.156,16.111,29.958,49.772,-9.065,-0.35151,-2.969,27.756,0.93719,25.59,3.595,30.602,0.90137,-0.43383,0.86043,-0.47308,0.82987,23.705,0.84080,-0.47137,0.76224,-0.58370,-39.717,20.671,0.68714,-42.763,0.64727,-0.67226
0,-27.088,33.47,-3.69,-30.604,37.521,0.22280,-24.441,-0.39896,-18.248,-25.364,1,0.35147,1,0.07772,1,40.428,-6.892,-1,1,4.447,39.09,-11.09,-44.843,40.517,-14.052,-0.17012,-28.648,0.35924,-28.61,-0.66494,1,0.88428,1,-0.18826
1,1,0,19.178,-46.6,48.486,17.728,-25.903,-0.05563,47.199,49.224,-8.142,0.19651,1,0.20328,1,34.996,1,0.10561,1,8.82,16.565,0.44758,-44.22,0.41750,1,37.835,1,-0.831,0.95603,-21.467,-6.217,0.32492,-36.791,-33.56
0,1,-48.434,0.50932,-0.93996,1,-10.218,-0.03520,18.751,1,-1,0.43685,-1,-24.141,24.99,-1,-21.749,14.876,-2.96,1,-26.958,0,0,-44.277,0,28.588,0.92236,6.826,-29.495,-11.883,0,-23.927,-41.755,-14.314,37.432
1,1,0,-38.955,-38.68,1,39.546,0.97811,4.093,10.677,38.789,0.99274,0.07808,0.89323,-0.155,-11.163,13.099,0.88809,-29.53,0.86104,-21.754,-22.64,17.469,-21.53,-42.896,-10.146,0.13412,0.79476,0.13638,0.79110,0.15379,0.77122,0.15930,-46.275,34.868
0,0,49.387,0,28.45,-15.723,34.049,42.417,1,2.867,-1.035,-1,1,11.665,-1,24.228,1,-1,26.669,15.719,1.834,1,-1,-9.74,1,-1,23.043,-23.388,-16.939,-1,1,14.6,-1,1,-21.324
1,39.063,0,-44.438,0.02528,-6.52,0.05031,0.57197,0.18761,-19.675,0.34081,-36.534,0.12131,0.62099,0.14285,0.78637,14.006,-6.037,-32.702,0.14395,0.41224,37.523,9.904,0.51420,-2.66,0.48838,18.374,-43.446,43.435,0.43433,-5.397,0.40663,6.571,40.877,12.507
0,-33.518,0,-21.82,-37.554,13.954,-34.49,0,0,11.119,47.412,-34.153,4.731,-0.71875,1,2.364,32.899,-1,1,-30.37,1,-1,1,1,-16.638,-41.832,1,1,-35.704,21.875,-38.549,1,1,3.417,1
1,-31.782,-13.543,42.192,17.611,1,48.348,39.169,-0.07649,1,-42.489,1,-0.11073,-48.346,-0.39489,1,-14.783,35.237,-27.495,19.915,-0.34534,30.257,42.441,-43.052,-0.46866,0.81874,-0.40372,0.82681,-0.42231,0.75784,-50.012,-4.684,-0.40575,-34.839,-0.45039
0,9.225,0,1,0.11,7.562,0,-14.092,0,-1,15.694,0,41.205,-36.844,0,-1,-46.244,-1,-31.837,-27.764,-30.163,20.095,1,0,-8.257,0,0,1,29.021,1.526,50.585,-47.133,1,-15.102,1
1,1,0,-30.124,-26.126,34.84,0.04296,1,0.09313,25.837,-40.979,0.89263,-18.118,-11.267,-0.06142,0.87534,0.09831,-14.065,0.00280,0.75206,-8.321,-27.137,46.353,22.361,-0.05929,-25.037,34.691,0.58051,-42.889,24.967,-47.419,0.51310,-21.209,0.52099,-0.00182
0,-25.877,0,-1,-7.756,0,0,-2.102,-18.038,-1,1,18.873,31.57,-17.475,26.072,0,0,1,-1,-1,1,1,8.332,30.883,-29.595,-22.884,-1,-19.668,18.994,49.972,-3.252,-1,38.88,3.252,0
1,1,43.934,21.702,-0.06182,7.156,-49.901,-15.89,-0.05131,-25.233,-0.01707,27.482,-22.964,-2.008,-1.043,33.497,-32.814,0.69170,6.943,0.65731,-45.377,0.94910,33.647,0.80852,-0.31654,0.84932,-0.34838,0.72529,-0.29174,9.995,33.247,0.54356,-0.26284,-20.965,-0.39487
0,-23.181,-39.812,1,-4.138,46.055,-1,1,2.03,40.97,8.309,1,-1,7.755,-1,1,-1,1,-25.151,12.028,-1,-0.278,-5.175,-43.344,-1,-40.376,29.406,1,-1,-42.891,-36.982,1,-1,1,39.497
1,23.097,0,38.665,-0.08714,50.549,-0.17263,48.984,-0.81779,0.94817,0.61053,11.736,-0.41382,0.88486,-0.31736,42.418,-0.23433,3.167,25.09,0.12245,-1,-14.608,48.395,0.62357,9.35,-22.472,-0.82868,28.163,-0.71,27.197,-5.484,-35.951,-0.92128,1.706,-1
0,0,-11.996,37.244,-10.623,0,48.558,23.373,-8.407,1,-0.37500,46.696,-19.714,44.374,0,24.679,-15.602,1,37.419,-47.25,-1,1,-31.848,0,0,1,-28.647,-1,-19.661,-1,-1,0,6.324,18.086,1
1,35.418,0,1,0.08380,42.12,0.17387,1,-0.13308,0.98172,-23.047,25.579,0.47904,-4.694,45.225,1,0.521,-25.446,-5.692,26.601,33.619,37.769,-36.576,19.127,-0.745,0.91624,1,0.83899,-25.904,0.74822,40.785,41.831,1,0.52479,1
0,0,25.947,-1,35.918,1,-21.984,1,-23.056,-1,5.701,-24.053,16.961,-1,-41.063,0,-2.998,45.537,-0.137,-1,-1,28.611,-1,1.538,21.082,14.603,1,1,-1,1,-11.55,20.415,1,1,47.247
1,19.704,0,-0.504,-0.14236,-32.522,-0.16256,24.158,29.836,27.434,-0.07514,1,-0.25010,1,-0.26161,1,-33.455,1,-4.461,19.123,-0.46162,1,41.027,-35.496,-0.59661,1,43.529,20.05,44.39,-46.33,0.47,-40.754,-19.82,1,-0.84437
0,-4.22,0,1,-1,1,-7.709,1.09,3.889,1,-22.2,1,28.641,1,-0.01840,1,18.816,1,-48.306,-14.266,-34.335,-32.093,1,-2.622,-15.384,-27.755,1.845,1,16.48,1,15.082,-37.362,1,1,1
1,-7.287,16.463,0.88208,-34.311,16.254,-0.11057,27.266,28.211,-6.936,-0.17036,48.573,30.527,0.85269,-0.31463,39.371,-0.35924,-48.312,29.117,-32.325,-0.47022,0.70555,-0.47153,-15.331,1.887,0.61297,-4.637,0.56804,-0.54629,0.50179,-0.59854,27.468,12.391,0.42189,-0.58086
0,1,0,0.71253,-11.488,36.439,42.655,-18.389,-0.09473,10.428,29.705,1,-47.666,0.58965,1,0.83726,-1.045,36.601,-0.17863,13.023,-26.278,14.808,0.92730,0.51933,49.044,39.512,-15.687,-16.536,-0.41307,31.335,23.162,0.86136,-0.87354,-0.23186,-1
1,1,-38.368,1,38.652,12.789,0.27686,32.671,-46.313,1,22.932,1,15.997,0.79962,-19.759,0.76837,0.14638,-11.281,10.45,1,40.809,0.96354,-0.01891,19.232,-0.91338,1,-18.208,36.613,-0.11582,2.283,-0.11129,29.71,0.53372,10.658,-11.57
0,1,0,0.66161,1.173,25.741,43.966,28.819,22.791,0.80893,-0.40446,-2.42,35.239,-40.198,-0.89375,27.464,49.53,-22.399,0.70982,1,0.78036,1,-9.771,1,-1,1,0.85357,45.623,-0.08571,-12.774,-27.636,1,-32.683,-11.123,25.219
1,48.902,0,1,-41.725,1,-0.01209,-47.562,-37.0,1,47.828,-18.519,-19.32,1,-11.305,0.97261,7.546,-10.053,11.541,0.94184,-1.623,0.99589,11.095,41.282,33.182,-8.988,-0.20851,0.89067,-27.515,0.85644,-0.18552,0.83777,-0.20101,-20.387,-0.20766
0,0,0,-36.223,1,1,-0.01,0,-47.184,26.634,-41.003,-1,37.985,0,-18.164,-0.467,-14.186,-4.647,-6.913,1,-12.683,-1,1,-1,34.939,33.577,-1,1,1,-19.812,1,5.94,47.843,0,-48.304
1,35.81,-41.135,-37.733,0.04347,-31.206,49.645,7.754,0.05345,-38.779,0.01321,37.766,0.06348,-3.922,0.12067,0.92048,0.06211,40.18,0.12722,-3.989,0.14439,0.80983,0.11849,5.039,-3.018,0.75755,1.481,-41.452,0.13282,37.041,0.15300,32.234,0.10754,-27.691,0.11447
0,1,-15.416,1,6.967,-11.094,0.04861,45.176,0.07143,-19.679,-1,0.91036,0.11147,0.88462,36.083,41.734,7.707,22.525,39.417,3.111,14.858,27.003,41.301,0.60138,0.16516,-26.588,0.16390,0.48867,-9.748,0.43481,-42.411,0.38352,0.14677,25.044,1
1,1,0,1,10.172,-18.709,0.743,-22.569,2.525,-28.99,6.101,0.86773,0.39039,0.75474,20.608,0.79555,0.52321,25.925,27.486,-45.925,22.917,0.47807,0.67135,46.07,0.68840,-32.843,33.289,0.27712,23.661,0.19296,24.146,0.11372,0.72688,0.06990,19.939
0,1,14.924,-1,-38.591,1,12.389,1,-0.14375,0,34.627,5.916,-17.073,-1.525,20.358,0.17917,11.537,-1,-49.836,13.012,-25.357,1,48.331,-1,1,-12.627,-1,1,-22.178,-1,-1,-35.74,-7.198,0,-25.798
1,1,0,10.904,21.353,0.86528,0.16888,35.565,43.158,0.55187,14.294,-7.106,0.36719,0.16286,26.237,35.486,0.46086,44.632,0.49618,0.31639,28.487,0.37824,0.54462,-21.307,1.284,11.134,14.704,0.18626,-47.94,33.495,0.56101,42.375,0.55061,-11.684,0.67739
0,1,41.228,-19.382,18.958,-43.533,0.82857,-7.647,24.22,1,-0.23393,46.217,0.96161,14.874,-20.869,1,-1,6.91,0.13839,22.918,-1,-36.709,-44.29,-0.84286,-43.102,0.53750,-10.688,1,1,1,1.366,1,-34.687,-48.538,-1
1,1,0,-26.154,-0.05785,23.365,6.086,0.98663,-5.288,44.526,-0.25843,3.642,41.392,-7.304,-13.903,2.821,-0.43796,0.84922,-0.52064,0.87433,14.662,0.79016,-0.59839,47.633,37.493,2.55,-28.911,0.65247,-12.029,-47.752,37.232,0.54752,-0.80278,0.49195,-0.83245
0,0,0,0,-28.155,29.558,-29.72,-16.246,9.333,1,17.351,1,1,48.117,-42.707,-18.649,7.288,-0.37500,-6.354,-1,-27.438,-21.793,0,1.471,0,26.915,-37.474,-1,-1,-1,-27.432,1,0,47.846,0
1,1,0,1,19.825,1,-0.07383,25.066,-0.11039,32.302,-0.09931,-25.518,-0.13814,0.707,-0.21695,-10.291,24.753,-20.567,40.075,32.371,-0.32152,43.235,-0.34691,0.87874,-0.37643,29.519,-0.42990,0.83172,43.564,7.909,21.168,-40.065,-17.852,-19.703,-0.50152
0,1,0,-4.116,-0.02685,-1,0.26131,14.375,-46.222,-2.829,-0.63427,1,-0.03353,-2.008,-0.00550,-0.54852,-45.527,30.265,-32.471,0.015,-0.50424,-13.107,-10.495,41.776,47.233,-5.897,20.406,-13.612,-33.602,1,-0.61393,-0.09634,-32.208,-0.06117,0.41913
1,-8.026,0,0.98166,27.33,0.98103,-0.03818,-43.113,-0.05699,0.95947,45.648,19.271,-16.448,-40.271,-4.515,-27.843,-0.12790,0.94217,-44.718,1.537,-10.142,46.269,14.349,-10.897,-0.18739,-17.307,-42.756,0.81813,-0.21136,0.78546,-0.23864,0.76911,-0.23095,11.278,-0.23902
0,1,15.43,0,42.137,1,11.283,32.047,19.209,0.10991,7.175,0,0,17.525,-13.434,20.947,-0.22414,-42.601,-18.308,19.546,0.63147,0,0,-37.414,0.35668,-0.90302,0.44828,30.928,-1,-46.713,-36.947,0,7.579,-43.422,0
1,-2.257,19.202,0.84134,-0.18362,0.43644,0.02919,0.93421,-0.00267,4.277,21.326,30.454,-0.01789,-29.376,20.013,0.91714,-47.675,0.75000,-8.032,32.608,-0.20104,-9.42,-15.661,0.46610,27.376,0.90066,-0.02778,0.93358,-0.01158,-26.119,1.722,0.84463,-21.963,22.196,7.261
0,0,0,1,1,-2.767,-1,-4.488,0,16.862,23.965,1,0.753,8.495,-14.74,-1,-1,1,-1,-16.392,-13.439,47.344,48.776,-38.655,-18.271,1,-1,1,17.933,21.665,-10.014,0,-42.266,40.62,0
1,-28.888,0,37.282,1,1,-10.871,46.895,8.896,-0.26970,-19.546,21.737,1,-1,-13.305,-31.433,-36.979,-1,-0.57779,-1,-0.42052,-1,-1,44.43,37.651,0.90014,-12.735,1,33.176,18.018,-6.95,1,11.448,1,15.496
0,-28.493,24.877,-0.67935,-1,-1,1,-28.482,0.63317,0.03515,-1,-1,14.33,1,34.603,-1.241,31.853,-1,1,33.974,1,1,-25.512,-1,-1,22.167,-16.662,-8.46,-13.567,44.244,37.925,0.278,19.337,-29.646,0.33611
1,13.994,0,0.95659,0.08143,24.896,24.618,0.97165,-0.08484,0.96097,-0.06561,0.94717,14.861,0.95436,-0.16795,12.335,22.139,11.204,46.937,-35.437,1.737,0.739,-0.27316,-10.098,-0.29807,12.274,-0.40747,-19.99,10.305,0.92059,-0.30619,44.497,-17.948,0.82166,-46.246
0,15.533,0,-9.038,-48.047,26.031,1,-1,1,15.183,0.47173,45.028,-0.62723,-22.245,-9.434,-10.349,1,45.6,0.59152,-0.42113,-0.42113,-0.74628,1.691,26.576,-0.46801,-37.783,0.23810,1,-38.521,4.463,5.645,-41.307,-38.171,-1,0.61458
1,1,24.176,1,-0.02259,21.631,28.976,-35.163,42.845,1,7.607,43.161,0.56173,-19.647,-0.12738,1,-0.14522,1,-34.585,39.976,4.082,0.99484,-28.266,-34.512,8.312,1,-0.92284,0.87280,-0.21793,47.418,-13.007,0.78479,1.765,-15.02,-0.22981
0,0,30.951,-1,1,-18.865,-1,-1,1,-23.898,34.322,1,-7.756,-1,20.945,49.972,1,-1.438,17.499,1,-1,46.456,2.252,4.913,47.925,1,-1,-13.392,-24.877,1,-40.289,7.332,0,-1,-10.219
1,1,-29.595,1,0.05812,31.828,-21.533,-19.669,-17.906,38.88,-17.494,18.822,0.07033,0.95713,33.779,-1.153,0.11224,-3.343,26.273,0.96741,0.16265,0.99695,0.14258,-20.976,-16.725,0.91667,-32.523,7.901,0.23571,0.88568,0.22511,0.78324,30.866,44.769,0.31166
0,1,32.563,-2.681,-1,-1,10.264,6.156,0,-22.847,33.962,-1,1,9.309,0,-0.61354,-0.67708,-49.125,-4.186,0.51979,0.14375,26.482,0,-27.233,-24.422,19.854,0.96250,1,31.406,-1,-44.496,-0.99,40.497,-41.376,0
1,-43.344,0,1,3.127,7.755,10.903,1.155,-43.665,-3.73,0.09237,0.94930,0.19211,45.985,-39.569,0.89241,11.311,0.85529,-35.715,26.548,-0.946,0.83393,0.31698,40.718,0.39597,0.76193,2.703,-23.496,27.218,2.467,0.46031,0.56791,0.47033,0.54252,0.50903
0,1,0,0.01667,-0.35625,46.696,0,-9.407,-15.511,0,0,41.539,37.665,-46.25,-4.587,0.12292,-0.55000,-36.052,-18.886,1,27.259,48.117,0,49.633,-24.026,10.029,38.077,1,47.518,-1,22.286,0,0,1,-12.269
1,1,-27.647,1,-9.455,26.595,0.16334,0.94616,0.33347,0.91759,-20.435,0.91408,25.05,-22.85,0.46899,0.81011,-25.954,0.78473,0.48311,39.07,19.655,-26.339,0.58071,0.55586,0.64720,44.858,-30.295,24.806,7.016,0.35684,33.43,-15.263,0.66844,-37.355,49.345
0,1,-1.745,0.63816,-4.694,0.20833,17.147,1,1,1.415,5.01,40.452,42.187,-0.05921,0.401,44.651,0.05044,33.903,-1,39.927,-0.03289,37.096,-0.43860,-1,26.947,-24.243,-1,-21.056,-0.06140,25.579,1,-2.792,-7.52,1,1
1,1,19.062,37.918,-1.552,14.603,22.843,-22.114,0.18593,1,-0.09925,0.93844,0.47990,0.65452,44.377,-39.063,0.00879,0.97613,17.46,-9.75,-0.24497,0.88065,17.932,42.383,1.105,0.93593,21.522,-0.576,-0.07249,49.247,26.16,0.43970,0.19849,0.51382,27.557
0,45.887,-49.306,0.938,-33.416,1,0.39130,-35.496,-1,-32.423,0.08424,1,30.343,-4.22,-32.873,1,0.35507,1,0.02672,5.473,-19.493,1,-46.695,-3.184,23.423,44.916,-0.33333,1,-33.076,19.081,-41.773,1,0.22464,1,0.37409
1,1,-7.819,13.965,0.28046,1,0.02477,31.845,0.07764,-14.266,-38.319,-2.635,-14.052,16.48,0.05489,27.345,15.918,0.95750,2.141,0.84371,-0.08668,30.641,0.04150,0.99933,0.27376,1,-9.099,-3.192,1.823,0.86747,-20.967,-26.809,19.596,0.80355,-0.07329
0,0,0,24.381,-1,30.453,-20.369,17.463,-1,27.997,-1,48.689,1,0.955,16.32,1,27.376,1,-10.462,-48.118,30.808,1,1,-32.078,-35.165,1,-16.993,1,-1,39.857,39.206,0,0,1,-9.287
1,1,48.989,43.886,10.336,0.81309,-18.814,0.43019,39.811,12.421,0.80541,-0.43872,-24.995,34.986,-14.712,-13.281,15.47,-0.39046,35.44,-48.535,-0.42822,29.967,-0.76339,-0.37671,-0.97491,-17.054,-1,0.41778,8.498,0.25773,-1,0.93570,9.705,0.98816,1.317
0,1,-41.198,24.214,17.495,19.306,-1,-44.729,-13.123,1,1,36.613,1,45.623,1,1,-1,1,1,32.837,-9.624,41.543,29.71,25.871,1,1,1,1,-17.856,0,0,28.819,11.066,-9.992,-39.368
1,1,42.966,1,0.03529,-8.883,0.18281,1,48.168,1,33.568,1,0.28778,-12.733,49.183,3.173,0.31674,37.239,-2.763,1,27.003,-35.97,-32.723,-18.497,24.059,12.573,0.68326,-26.379,0.71374,25.597,0.67149,0.74389,-21.719,0.71493,0.75837
0,0,-47.184,-13.186,-1,1,1,-49.562,-1,-9.979,-42.729,-27.336,11.238,-37.223,0,-1,-18.258,-20.226,-1,1,46.902,6.875,1,-0.48,3.94,41.333,-1,1,-14.683,-12.24,-1,0,38.985,1,-1
1,1,0,37.808,0.08620,5.236,0.19279,40.252,0.27451,-6.933,0.35052,0.92867,0.46281,34.802,-31.623,-17.984,0.58794,0.73242,-2.956,0.69003,50.353,-38.101,0.221,0.48339,0.76197,-17.757,47.589,-47.97,-40.165,0.24944,33.438,0.13756,27.502,1.08,0.86285
0,1,-41.135,0.69444,0.38889,1.368,0,-0.32937,-39.016,14.448,0,40.913,-4.827,0,24.044,0.20635,-0.24206,-28.133,0.19444,-11.626,0.78175,31.524,0,36.378,0,-2.426,0.27381,-4.088,-9.273,6.807,6.942,0,34.81,-42.188,0
1,23.937,26.345,8.566,0.05070,36.547,-19.6,-41.565,0.19498,1,2.395,1,44.549,1,0.38261,0.94575,0.42881,0.89126,0.50391,40.024,22.875,-29.114,22.356,0.79578,6.407,-19.63,-14.777,46.259,0.69435,0.49538,-26.405,0.47027,0.71689,41.472,0.75243
0,-2.525,12.925,1,-7.198,20.107,26.879,3.263,-47.501,1,-1,1,-10.627,1,1,1,9.107,1,1,24.439,-32.187,26.265,10.389,-1,-1,1,-24.569,1,-1,1,50.331,32.569,19.224,1.536,-1
1,1,21.265,-23.357,42.346,1,0.11982,1,7.078,-24.798,28.637,-36.604,-48.527,0.92745,0.37639,0.91118,-17.675,-35.921,0.46059,15.711,0.46994,-20.384,0.56282,44.825,0.58129,0.67077,35.507,0.58903,35.237,19.898,0.60932,12.99,35.202,0.40442,0.62658
0,0,-49.538,-19.493,1,20.958,-1,1,1,3.366,1,34.369,1,1,-10.545,10.994,1,-17.74,9.885,12.613,1,-1,-10.805,41.992,-20.62,1,-1,1,15.138,-1,1.725,24.81,-49.506,-8.809,1
1,1,0,44.532,0.24168,1,0.48590,-43.102,0.72973,-32.687,-27.226,-36.709,42.228,1,1,42.693,0.77128,-47.363,46.217,39.139,38.986,0.74468,-7.647,0.89647,14.874,22.564,1,0.38255,-43.256,0.10819,26.22,-0.17370,-43.533,5.096,1
0,0,-11.297,-27.155,-12.523,-17.649,-1,-26.144,23.367,-1,1,0,0,17.351,10.333,0,0,0,0,-1,7.216,-6.094,16.232,47.885,1,-7.231,0.922,1,49.117,3.715,1,8.288,0.867,-1,1
1,1,27.915,-25.438,24.938,41.419,0.62937,48.846,0.09557,-35.474,-20.251,-41.707,-1,1,-0.40559,1,-0.15851,8.095,0.04895,1,28.942,-27.432,-0.26573,-15.246,-1,0.74,41.755,1,-22.606,-28.72,-1,1,0.686,-4.354,-0.48252
0,0,0,-5.735,-18.372,1,-39.844,25.07,29.656,1,1,22.594,1,32.465,-1,44.995,-2.718,1,-20.48,1,18.862,1,1,-31.412,-9.18,1,30.304,-25.508,1,0.015,-12.244,47.859,1,1,-1
1,1,20.874,-11.886,0.07804,0.92679,0.16251,0.89702,0.24618,0.84111,0.35197,-13.346,-11.338,-15.696,42.984,-32.312,29.911,0.60459,0.64200,27.834,-45.032,0.39903,0.66975,-46.236,1.423,14.976,0.76146,10.722,0.73885,0.09694,-2.812,0.02735,-43.318,-32.048,-4.367
0,1,-17.475,32.729,-0.17314,-43.779,0.21908,-42.956,-9.622,0.25795,19.792,-41.559,-18.344,-41.207,0.44523,0.01060,0.38869,-45.526,18.693,-8.921,46.082,8.219,14.83,-0.00083,0.24936,-0.02862,0.19405,-0.04314,0.14481,-4.452,0.10349,-0.04585,45.457,-0.04013,-28.731
1,16.43,0,8.328,-0.02811,-37.106,-0.05178,-46.294,-26.707,0.85947,29.668,22.581,18.864,0.71598,0.07840,-41.313,0.05178,11.551,-0.27811,0.65976,-13.449,30.715,0.06953,17.871,31.555,-37.295,42.165,0.61009,-0.06637,0.53550,-0.21154,-16.071,-21.847,0.56361,0.02959
0,1,19.463,0.39179,-0.06343,4.372,48.82,1,-8.014,0.35821,21.341,-9.875,0.13060,0.61567,16.041,0.57836,-3.088,-2.589,-30.366,-7.27,19.086,0.65574,7.643,28.371,21.718,0.47015,0.16418,2.538,0.14630,0.32463,-0.02612,24.357,7.41,0.34411,0.12755
1,1,40.62,-29.757,0.04528,-13.669,7.79,0.77358,0.03774,0.66038,-42.312,-14.747,38.662,36.95,-0.13962,17.654,-0.02264,-38.885,-0.161,-16.652,-15.82,-29.13,-0.23774,23.405,-4.636,0.84906,-0.15094,0.73886,47.286,0.66792,0.02264,0.86415,0.03774,-19.814,0.00755
0,1,0,0.72727,-0.05000,-28.589,32.887,1,-5.223,0.66364,22.509,34.084,-0.16818,-11.053,-37.608,34.744,16.33,12.299,15.366,0.66818,0.10000,-29.646,-0.30000,25.863,44.985,0.57273,0.32727,45.528,-14.158,0.42273,17.1,0.48927,-11.588,1,1
1,1,-12.567,22.932,-2.144,0.40392,38.925,18.721,11.404,0.40000,45.185,-23.947,0.14118,0.46667,0.08235,0.52549,-0.05490,-17.081,-45.819,-35.839,12.994,0.45882,23.988,-8.88,0.08235,33.634,0.00392,0.48601,43.757,0.46275,0.08235,1.729,-29.258,0.43137,0.17255
0,3.691,-17.557,0.41932,10.775,0.35000,-10.875,0.23182,0.27955,-9.386,22.777,24.72,11.751,14.658,-20.908,14.331,0.27322,-20.835,0.40455,-0.34773,47.387,-0.20028,0.05078,-0.18636,46.213,10.067,2.048,-0.09971,-0.07114,-1,5.034,-0.02916,-0.07464,-0.18,-0.06314
1,1,1.993,-46.957,-0.21996,1,-36.419,0.82403,27.223,0.85086,0.05901,21.536,42.869,0.85193,42.411,6.242,0.25322,15.225,0.57940,0.71030,0.39056,-7.702,0.27575,-36.521,27.925,0.56760,0.52039,0.69811,46.16,-39.498,-8.535,0.43026,47.298,-36.648,-34.926
0,1,47.456,0.84557,-0.08580,-13.1,-42.094,-0.08961,-0.56435,0.80648,29.066,0.89514,21.124,-0.18494,-34.269,34.122,-21.327,5.116,-0.11344,39.756,-0.15729,-28.146,0.50810,-0.34128,8.505,-35.373,-0.03718,0.70882,-0.25288,9.292,46.784,-24.111,-16.541,-0.18494,23.578
1,1,0,0.70870,-29.843,0.64348,18.542,31.403,26.455,0.65217,0.18261,0.5,0.26957,-13.814,48.742,-3.747,0.37826,4.3,-0.42609,-17.677,-0.26087,0.26957,-25.76,0.094,-0.03845,0.31304,-0.12174,-8.256,-0.04264,-8.736,-19.91,7.975,-17.727,3.756,-20.52
0,1,-21.607,-0.54180,0.14861,5.818,-32.014,-21.363,-0.13932,-1.783,43.865,0.20743,33.481,-16.416,32.653,31.446,-0.15480,38.044,-25.781,0.33746,-45.139,9.769,0.07121,-0.63777,-0.61610,1,-22.19,0.41348,30.169,-0.15170,7.128,17.897,0.55820,0.52632,-0.08978
1,1,0,0.29202,-0.855,0.45331,30.574,27.0,-0.00509,9.835,0.20883,0.52462,-39.978,3.503,-24.198,0.55518,0.03905,-43.527,-50.155,0.42445,20.66,7.105,-41.31,0.28183,-0.20883,-4.03,-0.03176,-2.349,40.463,-43.545,34.061,-23.473,-0.01868,0.39559,-0.03226
0,1,10.135,0.79157,0.16851,0,26.791,11.347,41.608,28.077,-3.716,0.38359,0.99557,1.815,0.53215,0.23725,0.12860,-0.02661,-0.326,-0.50998,40.819,-0.10200,26.1,47.692,0.393,-0.91574,45.862,-0.34146,11.91,1.356,0.69401,-37.28,-35.854,48.284,0
1,1,0,-26.746,0.16607,0.79299,0.37379,-45.52,0.50515,38.842,0.72997,-11.553,25.185,-4.343,22.972,46.761,0.85038,-19.84,0.87396,-0.28739,-8.611,43.908,50.209,-23.597,-14.973,-0.68159,0.39951,36.947,0.25835,-31.571,-15.49,-0.71475,-20.716,-0.67699,-0.19904
1,1,-5.694,0.97714,0.19049,26.428,-23.23,0.71771,25.266,0.47968,0.84278,24.893,-8.696,32.771,7.264,-37.709,0.84290,48.238,0.91624,44.112,0.79525,37.736,-6.025,-0.77408,-26.111,-0.85376,-26.726,-0.83314,36.756,-2.569,18.892,-0.67289,-0.33662,-0.59943,-0.49700
0,1,-25.053,-1,47.247,0,41.12,34.926,43.752,0.60586,27.94,-3.998,25.534,0,17.961,0,0,42.187,-0.26710,0.36482,-0.63518,19.117,-1,-1,38.785,0.813,-22.652,12.603,-1,-0.462,-1,-39.063,-1,0,4.701
1,-35.496,0,22.156,0.04974,42.173,-1.479,0.78575,0.03793,0.66230,30.172,1.907,19.373,0.75934,0.07348,-0.39,0.08442,-32.815,-0.07853,18.76,-22.984,27.134,44.119,0.68183,0.12185,-18.392,22.236,37.559,0.13608,0.65707,0.17539,-9.953,0.14697,-46.755,0.15114
0,1,19.816,16.874,-1,4.889,0,-4.44,-9.701,-32.284,0.642,-49.725,43.938,23.158,-33.235,0,0,0.72059,-0.77206,0.73529,18.101,0,-4.075,0.18382,-1,-1,-1,-15.384,-39.362,1,0.845,1,-34.479,-41.754,0
1,1,0,-6.819,-21.183,0.96215,12.933,-48.118,-0.03436,1,29.59,0.99026,15.409,27.989,-3.712,-26.755,-0.15727,1,30.702,-15.009,-4.274,1,-0.18519,-33.165,-0.19272,0.98971,-0.22083,27.31,-0.20243,16.266,-15.437,0.96436,-0.22561,3.258,47.456
0,0,0,29.808,0,38.857,0,0,-8.287,-33.078,0,-19.369,0,-15.483,23.381,29.453,30.697,0,-17.467,0,28.376,0,0,-0.045,0,36.026,-11.462,39.55,15.463,0,-47.556,0,0,42.886,0
1,1,15.067,0.95704,-0.12095,0.63318,-0.12690,0.96365,-0.18242,49.96,0.08460,2.203,-0.01124,12.902,-45.976,13.215,35.464,0.99273,-0.21216,0.98678,-0.21018,1,-0.27165,-11.349,16.101,-37.368,9.466,24.102,-19.95,-25.181,9.82,0.89095,38.492,10.126,-11.408
0,1,18.306,0.28409,-41.517,0,24.871,24.146,-1,32.144,0.95833,36.257,43.03,0.34848,35.391,24.741,0,0.59091,-0.35985,0.45076,-0.80682,44.623,0,-22.575,-18.356,28.061,28.888,-9.624,-12.362,0.06061,-14.218,0.16288,-0.70076,40.543,0
1,-18.258,0,0.94490,-27.829,1,48.76,-26.285,-20.368,0.90083,2.842,1,-0.10104,1,-0.12493,27.464,47.748,-10.24,11.501,1,-3.625,12.238,-0.23452,-0.48,-33.601,-35.97,-10.181,1,-48.895,1,32.948,1,-0.40740,1,-0.44739
0,47.843,-37.223,0,0,-21.226,0,-10.979,40.333,-14.186,0,-46.562,-40.729,26.634,33.939,47.902,0,0.36585,4.221,0.56098,-1,0,7.625,0,0,-41.003,0,1,-0.357,32.577,38.985,0,0,-13.683,0
1,1,0,40.286,0.00526,0.84082,34.697,0.88237,-5.014,5.259,-0.06257,-37.681,-0.07496,-31.296,-42.158,2.239,-18.372,0.93881,-0.12977,0.98298,-0.08935,0.89876,0.991,0.87836,-3.706,-6.979,-0.19872,0.87579,-0.17806,-27.4,-18.978,37.649,-48.562,50.388,31.247
0,1,0,0.10135,-9.8,-12.09,6.942,-15.416,0,0.54730,0.82432,-4.516,1,24.044,0,21.756,0,36.749,-28.132,-40.804,39.913,6.807,41.138,0,0,-40.14,13.448,1,-1,-2.606,26.108,0,0,7.566,0
1,1,45.665,-18.709,31.996,23.929,-30.654,-19.401,19.133,1,-0.35818,6.779,-0.23229,0.62890,-0.86402,11.107,-0.57535,-45.501,34.751,0.76771,43.311,-22.603,-1,2.812,-0.74896,0.61946,21.518,-42.027,-0.77986,0.81020,38.265,1,18.224,0.30445,-0.76112
0,1,0,25.924,-0.62879,-33.187,12.925,0,11.389,0.77273,24.439,1,-0.28030,-37.591,12.537,0,-18.073,0.62121,34.4,0.84091,-1,-10.627,5.916,26.879,49.331,0,0,1,-0.93939,2.134,-0.93182,-2.525,-8.198,-21.178,0.536
1,1,0,1.588,0.19310,-48.027,0.41149,42.978,0.55785,0.54559,29.057,34.932,-10.99,21.462,0.85671,-0.04061,-6.946,-0.17241,-25.04,-37.081,44.779,18.876,0.56092,14.322,0.40996,25.218,0.25747,12.982,0.08818,-22.192,-0.07816,-24.905,34.71,-0.42912,-0.31954
0,1,-48.506,22.338,-0.61000,0,0,14.874,41.992,-17.84,1,0.43000,0.64000,19.958,-37.709,0,0,6.58,-44.392,14.978,-9.647,9.994,10.885,0,0,-20.283,0.68000,-48.538,0.22000,0,-11.545,0,2.366,33.369,0
1,1,0,-4.094,47.119,0.91404,41.748,44.312,-32.966,2.343,46.06,38.415,38.903,-44.161,23.25,41.473,-43.619,-0.34168,-27.471,-0.51360,3.36,-8.876,0.44614,-0.74102,0.29162,24.512,-48.327,-0.71731,-0.11943,-0.64962,-0.28183,-0.51251,-0.44505,-0.37432,-0.53319
0,1,0,0.91353,0.81586,-0.72973,8.288,-27.539,0.55735,48.171,-26.141,-0.18599,29.455,9.302,-18.738,0.01401,-0.03403,0.01108,-28.16,6.219,-42.706,0.00048,1.472,-11.297,15.233,-0.00003,-28.432,-0.00001,27.915,16.351,0,-13.523,1.922,0,0
1,1,0,0.21429,-0.09524,-36.14,0.07143,0.19048,0.19048,-20.216,24.165,0.40476,-17.349,28.966,-0.04762,0.05,47.798,0.28571,31.346,25.337,-16.198,-21.483,-40.844,0.21429,-0.11905,7.452,-0.04762,-29.499,-0.02290,-5.164,0,21.764,42.315,40.566,-0.01877
0,1,-10.18,1,-0.14754,-2.522,19.912,0.57377,14.723,0.65574,0.01639,30.198,-0.03279,0.72131,0,0.68852,-0.16393,-4.865,-1.866,0.65558,-0.17176,-31.336,-11.211,-5.735,43.7,31.616,-26.852,0.52385,-45.885,0.32787,-21.513,-0.706,46.416,-31.921,-0.06557
1,1.74,0,0.98182,0,-3.518,-12.778,-40.355,-44.043,-45.778,0,-13.443,0.04545,-15.61,-11.676,15.294,10.63,0.62727,-32.766,0.68182,-42.432,0.70674,0.12608,28.007,0.13493,-9.205,0.22727,43.16,-8.875,0.67273,0.02727,21.481,0.16465,0.58840,0.17077
0,16.43,-44.602,8.568,-28.253,44.598,42.25,45.552,-0.76378,0.66667,0.01190,-16.654,0.40476,-0.67230,0.30729,-0.34797,-0.63668,0.46429,-18.037,18.073,18.836,29.409,0.44961,17.805,-0.47594,-45.391,0.70238,-42.903,0.38848,32.618,0.39286,-0.54891,18.909,0.25441,21.388
1,1,-42.043,8.144,27.468,1,-0.02494,1,-0.06889,0.87778,0.00222,0.83556,-13.499,32.741,-0.07287,1,-0.20000,-37.08,-21.653,-2.377,-0.03778,30.643,-0.11526,-15.661,10.579,-36.918,0.03556,-6.737,-47.242,22.085,21.041,8.579,-0.15609,-25.735,-0.44222
0,1,0,0.43636,3.27,-3.186,-0.14545,-15.21,-17.944,0.34545,19.165,-41.975,-0.05455,-8.723,0.29091,0.36364,-0.41818,48.976,23.947,0.36364,-30.207,-10.292,-13.948,20.081,0.16364,2.372,-0.084,0.41098,-39.725,7.841,-0.05455,0.12727,-0.36364,17.153,-0.29091
1,23.568,0,1,6.971,37.282,-10.98,0.49057,40.564,12.417,0,48.344,16.932,0.45283,0.07547,-37.081,-30.49,0.98878,-0.00085,23.194,-4.488,0.52830,0.07547,-28.937,-0.00112,39.651,0.79245,0.92192,17.017,-14.797,-1,-10.871,0.43396,0.43396,-20.66
0,1,0,0.73810,33.969,-0.76190,45.006,34.509,15.188,0.45238,-0.14286,-0.67285,0.12808,33.186,-17.662,0.28571,-14.377,44.576,0.51163,15.385,-30.622,0.45238,0.04762,1.445,33.341,-30.054,45.883,0.24889,17.826,1,22.355,-6.617,24.829,0.26190,0.02381
1,1,22.334,0.43750,43.699,-45.251,-0.10417,0.39583,-36.341,0.33333,-0.06250,15.328,-12.567,-9.168,24.026,-1.586,0.02083,-24.074,-29.722,0.35417,-0.22917,10.984,0.08333,11.525,0.18750,39.321,-0.18750,0.44012,-0.10064,0.41667,2.013,0.58333,-21.174,10.541,12.931
0,1,6.034,1,1,0,0,45.85,0,0,45.627,-20.767,-0.89098,-0.51504,0.45489,4.508,47.545,12.036,3.691,-9.121,-11.0,-8.434,0,0.445,0.20301,-10.349,-1,-36.171,13.464,28.576,1,0,24.675,0,-17.557
1,43.912,1.993,-39.355,0.06595,-11.847,39.107,-34.558,14.724,0.84881,-0.49962,-46.94,24.79,0.77937,27.375,0.72254,-36.403,0.66145,0.40844,47.543,21.229,-20.114,42.602,0.46773,-37.075,-35.758,0.44199,0.34374,0.43221,0.90330,1,-15.525,0.39620,0.18632,0.37191
0,1,4.259,19.097,-8.816,-40.461,0.80521,0.76001,0.70709,21.972,8.403,0.97311,3.992,-13.434,33.465,-22.978,29.905,0.95452,7.643,47.812,0.18135,0.98484,-0.69594,0.86670,-0.85755,0.28604,-35.209,1,47.627,0.62958,-0.012,-27.199,-19.055,0.81979,0.68822
1,1,17.873,8.291,0.10129,1,-0.01918,0.98313,0.02555,0.96974,-0.09316,31.56,-0.02716,-3.272,-0.03096,27.072,30.829,31.951,-0.05179,-24.939,0.01557,49.949,-0.09284,-20.905,-17.528,0.91567,37.723,-19.711,-8.825,-28.685,-2.089,-17.038,3.144,0.93144,-0.06888
0,1,0,-45.173,0,-1.327,-25.379,-22.847,0,34.651,-3.853,0.97078,0.31385,20.442,5.564,33.331,-20.952,0.94155,0.16391,0,-32.748,-49.931,7.017,-0.18043,42.934,26.482,9.264,1,-1,0,0,0.04447,-16.271,32.563,0
1,1,-43.891,-38.842,0.00876,1,-24.172,0.98658,-0.00763,41.475,-0.02844,-34.984,45.02,10.309,-0.01271,1,-0.02581,1,-44.355,-23.166,0.00025,-40.376,30.379,4.03,-0.04744,7.716,10.983,0.99188,-4.751,40.94,-0.02478,1,-1.316,-3.563,-0.04112
0,49.117,0,-23.026,10.135,0.98919,-0.22703,26.98,27.628,49.549,37.665,1.088,1.912,1,-0.20000,1,0.07027,1,-0.11351,-4.587,22.097,1,-36.491,42.539,25.295,0,0,1,10.606,-15.511,48.284,1,2.097,0.28919,-0.15676
1,1,-30.848,0.64122,24.387,38.585,-0.02439,6.852,0.03466,0.19512,0.12195,0.43313,-19.667,0.21951,0.04878,-11.703,38.419,-9.041,0,0.31707,19.159,-27.379,48.68,0.23698,46.755,0.21951,24.776,0.19304,-46.193,-15.428,0.05504,0.19512,-9.623,-20.49,44.448
0,1,0,37.769,1,25.579,-1.187,41.187,39.785,0,0,-4.694,-25.446,1,24.601,-5.52,45.634,1,-24.692,-37.576,0,18.147,-1.745,1,-0.27778,-26.904,0,1,40.12,1,1,35.418,31.668,0,0
1,1,27.611,0.34694,0.20408,-10.081,48.492,0.40816,-22.78,0.46939,0.44898,37.224,0.59184,0.12245,26.498,21.415,22.592,4.64,0.55102,-1.341,14.154,-0.28571,0.44898,-3.284,0.864,-40.675,-24.828,17.495,44.686,-0.59184,0.18367,-22.403,0,-0.26531,-0.24490
0,-32.522,19.062,30.073,-47.33,45.887,-5.075,0,0,0,0,1,1,19.123,-0.25342,-40.754,44.239,19.704,-1,0,0,26.434,0,-18.062,24.158,0,0,-0.504,-37.496,0,0,42.383,-1,1.229,-33.235
1,1,0,16.377,0.38235,-4.308,-14.009,0.74265,0.67647,0.45588,0.87,-38.171,0.88971,-33.115,-48.445,-33.685,0.82353,29.266,-20.524,-4.122,-27.277,-0.73529,2.227,-0.86029,0.08824,19.073,15.749,-0.67925,4.647,-0.55147,-0.42647,-15.707,-0.50735,-8.995,-0.56618
0,1,16.463,-5.156,29.734,0.22222,0.15033,30.088,-16.702,12.658,16.032,25.345,27.997,-8.636,0.33987,1.597,-0.02614,-0.98039,-0.83007,-0.60131,-0.54248,38.504,-0.83007,0.94118,-0.94118,-35.165,47.257,29.12,0.09176,-1,0.05229,-8.104,0.02614,-49.52,-33.56
1,30.808,0,0.26667,38.757,-16.934,12.215,0.33333,-0.13333,-25.629,0.11667,0.56667,30.714,0.71667,0.08333,36.726,-11.528,9.964,-15.283,0.41667,-0.01667,0.31667,-19.169,36.478,-47.556,0.25000,49.123,23.843,0.05439,15.467,0.03333,0.422,42.919,0.41667,-0.05000
0,1,-18.356,-0.26667,10.457,-0.27303,16.617,18.129,-12.325,0.06192,-0.06879,0.04461,-38.342,38.802,0.02726,-0.01586,-0.00166,-0.00093,35.605,0.00470,40.542,12.068,-45.727,31.836,0.00102,1.282,9.658,0.00019,-19.635,0.00026,23.214,-10.992,0.00015,28.71,0.00002
1,1,0,1,-0.37838,36.888,28.116,0.64865,48.553,0.86486,-27.084,-9.624,24.471,0.51351,-33.336,-40.577,24.817,-13.409,-0.21622,0.71833,-3.597,2.795,0.05405,45.38,0.13514,43.317,-0.29730,0.61031,-0.22163,27.049,-12.353,24.194,-0.59459,-22.061,-0.24324
0,1,-1.48,0.94531,-19.532,6.625,10.906,-1,-36.986,0.97266,-27.324,-47.629,-0.01953,-1,0.16406,-22.226,-0.00391,0.95313,47.867,0.92188,-19.285,46.906,0.11719,-0.93359,0.34766,-10.022,40.33,0.82041,33.455,0.90234,-11.306,10.677,-0.18750,-10.883,-42.073
1,1,0,47.795,-48.282,-36.286,33.927,0.93526,0.01214,0.96705,-0.01734,0.96936,-14.181,-6.956,-0.498,-40.05,32.573,0.99480,4.914,0.99769,0.01792,27.569,-0.04971,-2.709,-18.836,0.97052,38.941,0.96215,-47.2,-17.19,-13.664,0.95434,-0.03410,1.948,0.00809
0,1,-42.188,1,-0.05529,1,35.847,0.5,-0.11111,0.36111,6.585,-38.715,36.121,39.458,34.699,1,49.275,32.524,-5.238,1,-3.588,0,-0.25000,1,-32.651,2.368,-0.27778,5.269,-0.57092,1,-5.104,-40.135,-28.975,1,-39.305
1,1,0,35.857,-0.10345,0.24138,40.81,0.20690,-0.06897,0.07405,-12.145,0.03649,-0.03689,-9.891,14.424,0.00741,-20.311,24.047,2.102,21.757,-0.00523,6.942,-0.00299,-0.00028,26.343,44.2,41.137,-0.00025,-0.00048,-15.416,-42.565,-0.00012,-27.132,39.265,7.566
0,1,22.937,-22.942,26.8,46.39,0,25.873,-0.07843,0.62745,23.322,0.68627,-0.11765,33.235,-0.13725,0.64706,22.189,10.656,-0.11765,0.54902,-33.403,-45.913,-30.116,0.66667,-0.23529,2.714,-19.964,0.52409,19.861,6.348,-0.31373,19.656,-0.21569,1.006,-0.27451
1,-36.591,-48.836,0.25000,-11.46,-36.274,49.598,0.19036,-2.286,0.07766,0.19939,-18.062,-25.649,-0.02367,12.639,-0.03685,0.06317,6.878,-8.163,-0.03230,0.01532,14.9,0.00357,-0.01726,-0.00273,11.378,-0.00539,-24.363,-0.00586,-0.00294,34.622,12.924,-21.183,0.00025,19.355
0,1,0,-0.65625,0.15625,33.431,0,0,0.06250,35.19,0.06250,0.18750,13.613,-0.03125,-48.412,28.42,-11.805,0.15625,43.965,26.247,34.534,21.265,-0.09375,42.992,0,-7.777,-0.46875,0.757,10.885,13.42,42.337,-0.03125,9.994,-21.62,0.09375
1,6.91,-11.545,46.217,-0.01081,1,-0.02703,1,-0.06486,14.825,-44.272,0.98919,-0.03243,-43.113,0.08649,1,2.301,0.95135,0.09189,-48.56,21.913,1,20.022,42.228,-18.696,0.97838,-20.401,-36.724,0.01251,-43.533,25.188,-7.647,0.02703,1,-33.757
0,1,-8.231,0.85271,38.04,-4.094,41.774,7.216,47.885,3.629,43.524,-10.46,38.178,23.367,0.27153,2.867,-47.363,0.81395,0.04651,0.90698,15.349,1,0.50670,1,-1,-12.717,0.03876,1,0.71613,0.84496,-27.075,-27.226,2.796,1,1
1,1,1.471,48.75,-0.01604,28.915,-18.568,-15.246,0.01604,-4.424,0.00535,0.93583,-0.01604,1,9.333,-35.474,0.06417,8.288,0.04813,-27.518,29.6,0.96791,16.372,-20.803,-42.723,0.96257,0.05348,0.96974,-26.394,-27.278,-29.71,1,48.208,0.97861,0.06417
0,1,31.465,-0.20500,-17.085,-20.224,42.435,0.28250,40.737,21.917,44.345,0.36285,-0.34617,0.09250,0.27500,19.767,25.214,-40.932,31.539,-21.822,0.31408,-0.48000,-0.34,0.29908,28.988,-0.58000,-11.484,0.32190,-0.28475,-0.47000,0.18500,23.799,-26.82,7.499,0.03050
1,1,-14.134,47.459,-5.028,-12.176,29.413,-9.48,-32.346,-1.018,0,43.147,0,0.80000,14.739,0.73333,0,0.70000,-46.478,0.66667,0.10000,21.607,-1.018,-32.254,-3.522,0.63333,-31.875,0.65932,-6.634,-45.082,0.13333,0.60000,0.16667,0.63333,0.16667
0,1,-42.559,-18.133,45.71,18.348,0.00838,0,-0.01117,-44.083,27.282,0.01676,-0.07542,-0.00559,-28.723,-9.886,-41.251,10.535,45.481,-16.468,0.07542,-0.04749,0.02514,0.02793,-0.00559,0.748,0.00559,-4.301,-11.768,-8.996,-0.00279,-44.557,0,0.04749,14.489
1,-41.043,0,-36.816,0.28713,0.72554,42.809,-37.473,0.82455,0.01267,0.89109,7.927,19.621,10.289,0.56079,31.288,19.626,-0.66455,22.019,-0.65426,-0.19525,-0.52475,-17.915,-46.021,29.377,17.484,14.783,7.74,-0.56420,-43.055,-0.41901,0.46059,-0.22535,-12.93,-0.05980
0,1,0,19.517,-3.242,-0.02586,0.04598,0.01437,27.585,21.186,-26.726,-7.719,-47.166,31.704,0.04310,-0.08333,-21.752,3.303,7.355,-0.04023,-30.21,0.02011,0.02299,-0.03736,-0.01149,0.03161,-10.428,0.00862,0.01724,29.669,21.199,19.228,2.056,-16.707,-0.00575
1,1,0,0.72414,48.765,0.79704,0.01084,-41.466,16.864,0.79015,0.01084,0.78424,47.334,-3.655,0.03251,0.604,-17.254,0.80099,23.958,-38.864,-0.02956,-14.981,22.699,0.74778,0.05517,0.72611,-14.454,-8.233,40.627,-3.027,-0.05025,0.82956,7.525,-14.602,16.941
0,1,-30.433,-14.267,22.594,36.286,38.651,0.01997,-0.01997,11.816,-0.04993,-5.999,-0.01284,0.01427,-0.02282,0,-0.03281,-0.04708,-29.917,7.879,0.03566,0.02140,0.00428,0.05136,34.153,-11.82,0.01854,-20.506,-11.719,46.005,-37.697,16.993,15.129,44.944,0.01997
1,-1.128,0,-12.096,0.22751,15.754,0.33598,39.181,34.079,1.297,33.348,-0.02116,0.53968,-0.34127,0.31217,-0.41270,45.57,-18.178,-30.577,32.636,-0.11640,-0.14815,-0.14550,-0.14815,-0.38095,-0.23280,22.358,24.913,18.02,-29.323,-0.21693,-24.263,-29.737,-9.193,0.04233
0,-35.341,0,0.08696,10.214,0.13959,-45.876,24.78,14.766,47.386,-0.06178,2.33,43.646,0.12357,0.07780,0.14645,-0.13501,-20.571,23.873,0.18993,-10.927,0.11670,11.389,11.387,-0.00229,0.15103,-0.10297,10.735,-17.544,0.11213,-0.06636,22.43,12.92,-0.058,-0.06865
1,1,27.031,0.94333,0.38574,-37.038,0.64534,0.21572,46.402,-0.55941,0.64899,-0.73675,0.42048,-0.76051,14.464,5.407,-21.555,-0.38391,-0.62157,45.722,13.84,0.49909,-9.07,-39.592,-37.548,0.73857,-47.895,3.292,-8.817,-8.894,-36.178,27.603,6.008,-0.21572,0.50457
0,1,4.259,0.01975,0.00705,39.017,-0.00846,20.652,46.6,-12.772,0.04372,-34.906,42.913,0.01975,24.145,42.141,2.054,-0.04090,-36.136,-28.1,29.016,0.04372,-0.02539,-20.628,0,-15.759,-0.01269,-35.449,-0.01128,0.00564,-0.01551,-0.01693,-0.02398,7.702,8.513
1,0.562,-19.865,0.85736,-23.897,0.81927,3.195,19.274,-0.04182,0.84317,0.09037,0.86258,34.442,22.013,-0.06124,0.78342,30.986,8.169,46.857,49.808,-14.534,0.88125,-25.865,0.90515,47.479,4.71,-8.775,0.82383,-0.03678,0.88125,-9.284,-40.549,-0.01942,0.79089,-0.09186
0,1,-2.102,1,16.873,44.934,31.57,-1,1,-19.668,6.017,1,-19.038,-18.475,-33.748,25.072,1,-20.607,1,34.633,1,-1,-15.89,-3.252,-1,-20.884,-1,-28.595,1,1,1,36.88,31.883,-1,1
1,1,-49.931,31.258,0.39252,40.886,0.76432,0.08858,-40.387,-0.42625,-0.103,-0.76229,9.808,-46.104,0.10768,31.704,-0.31044,-5.207,5.603,26.289,-0.86063,0.28444,33.157,-25.586,-0.35230,-2.074,-24.384,0.71698,20.916,0.37830,9.848,-22.65,0.66315,-0.11215,0.64933
0,27.791,0,-42.891,1,-38.812,3.542,45.68,-1,1,1,0.02500,-24.149,-34.982,1,11.028,0,1.155,-1,3.356,1,1,11.781,-0.965,1,1,1,2.839,40.97,26.712,1,-5.66,1,6.755,-44.344
1,1,-9.407,47.696,0.54902,48.912,-45.25,0.01961,-35.28,-16.001,-22.104,-0.82353,50.138,-1,22.215,-0.96078,-0.33333,-0.64706,-20.4,-0.23529,-12.859,38.018,-1,38.989,-5.313,0.92157,27.466,49.046,0.21876,10.861,0.56863,0.23529,42.441,-0.11765,0.90196
0,1,0,-23.692,0,31.668,-1,-1,-8.623,0,-26.904,43.374,25.679,1,20.086,-14.602,5.324,0,25.601,24.373,-37.576,-1,-27.446,-1,-19.661,-26.647,38.856,1,-1,0,-30.848,47.558,-1,-1,1
1,1,0,-24.608,0.44444,0.53695,0.90763,34.196,1,-0.33333,0.88889,40.12,0.33333,35.769,-0.11111,17.147,-6.742,-0.66667,40.409,0.55556,3.701,-22.278,-2.523,0.77778,44.411,0.871,-2.998,0.92120,40.235,0.388,-4.851,26.17,25.579,-0.55556,1
0,0,0,-40.063,27.611,44.537,0,0,0,-1.137,0,18.123,0,-1.504,22.082,-10.55,26.434,0,0,21.415,0,0,0,0,0,19.062,41.383,14.603,17.961,-22.984,48.247,0,1.229,36.918,0
1,1,30.073,1,23.158,5.889,0,0.5,-41.254,19.454,0,45.799,-47.209,0.89067,0.14210,0.86922,-49.143,-32.485,0.25000,0.75000,-4.72,-32.772,-33.479,-3.075,-0.25000,0.5,44.506,0.73944,-32.829,0.75000,0.25000,-35.8,0.381,0.67493,-18.759
0,26.345,-8.709,29.845,1,1,2.845,0,0,30.641,-15.384,-14.266,-1,-2.622,-1,-22.2,-1,0,-7.819,-1,-28.755,15.874,0,0,-4.156,-1,18.816,1,1.387,1,1,-39.362,14.48,12.965,0
1,1,-33.078,29.376,38.857,1,-15.993,30.474,-8.176,1,-19.48,-33.276,-0.156,16.32,-11.684,0.77778,47.689,-48.341,0,1,29.342,0.77778,-0.11111,0.66667,-0.11111,0.66667,0,0.90347,-0.05352,27.997,38.661,0.88889,-0.11111,17.463,23.381
0,35.778,-17.467,-19.634,1.283,-12.281,36.026,9.658,0,0,10.057,0,15.067,37.811,-1,-47.556,-15.483,1,0.75000,42.886,0,0,48.989,-1,31.697,0,-25.995,1,-1,-1,-1,1,10.431,12.215,0
1,41.543,0,1,12.521,1,-11.447,1,0.09091,-9.624,-0.09091,17.495,31.837,1,-41.471,-44.729,27.637,1,-12.032,1,24.871,1,-18.72,19.306,23.305,45.623,28.619,1,35.564,1,0.45455,-37.368,-0.27273,1,-0.18182
0,1,0,-21.954,-0.63636,-19.497,42.966,-33.336,-27.274,0.34470,0.28788,0.42803,-9.489,33.242,26.983,0.36364,48.212,11.14,-36.641,2.294,-0.14773,0.01894,-0.53409,35.664,0.17803,0.29167,-0.27273,-13.476,24.165,-2.988,0.24242,23.646,48.774,0.17045,-0.41667
1,1,0,1,11.355,-18.258,0.23529,1,-13.272,39.985,-47.125,-40.729,-1.244,1,0.11765,1,0.47059,-47.562,-27.395,1,-14.304,-9.979,0.35294,8.625,0.41176,5.94,-0.11765,1,-37.021,-20.226,-11.181,48.902,0.35294,41.333,0.23529
0,1.99,39.291,-7.913,0,-1,-0.62766,-37.645,0.51064,36.927,-41.237,-33.148,-0.829,-18.036,-48.895,1,32.939,0,46.843,-17.983,-0.07979,32.327,1,0.17021,25.926,0,0,4.077,-4.115,-0.22340,-0.48936,0.74468,50.526,-0.67553,0.45745
1,-8.908,36.378,-41.271,14.739,0.83333,-28.51,2.076,7.192,-38.84,-0.08333,0.91667,40.955,-11.257,0.12500,0.70833,31.524,-3.975,0.04167,1,0.08333,24.711,-41.219,35.56,0.16667,-3.993,-0.12500,0.83796,6.862,1,-2.952,0.70833,0,0.70833,0.04167
0,27.345,-42.565,0.18590,-0.16667,45.665,0,0,22.287,21.756,41.138,0,-19.709,0.11538,-15.607,22.937,0,-29.92,0,0,5.779,-27.132,2.111,-0.05128,35.481,-20.218,0.08974,44.374,-0.10897,0.12500,7.662,0.02564,39.217,0.16827,0.19551
1,1,0,1,-0.08183,-22.569,26.765,26.258,9.809,21.107,23.108,33.535,-0.34281,0.85788,-0.47265,0.91904,-8.679,0.73084,-47.154,-10.945,-3.161,0.82450,-0.78316,0.58829,10.641,13.595,-0.96296,49.819,-34.044,0.37941,-0.83893,2.504,18.336,0.29221,-0.361
0,1,0,1,-36.591,-1,43.306,27.358,33.803,0.34649,44.332,0.46053,-25.728,0.22807,0.05702,-20.828,21.612,0.72807,14.885,-36.512,7.447,-18.073,12.537,34.267,34.747,20.358,-0.66667,1,-25.357,1,-0.24561,0.35088,-48.634,0.82895,0.07895
1,1,25.81,1,0.24077,34.367,0.00369,0.80244,-0.30133,20.857,-0.23486,0.70643,-0.24077,-11.067,-11.85,3.081,-49.899,-21.148,-0.61189,-7.404,42.441,0.61041,-0.39328,0.53176,10.559,13.852,-0.52142,-18.447,-0.48390,10.122,13.747,-20.336,-49.019,0.18353,0.259
0,-37.709,-44.102,-34.687,1,22.918,-9.647,-28.226,13.874,-48.363,43.532,-43.256,37.139,1,6.91,0,0,38.986,-1,0,-44.533,0,45.217,1,1,-1,1,1,24.22,-1,42.228,40.693,-1,0,0
1,17.351,0,-4.172,-27.339,0.96419,7.111,0.87024,-28.381,0.81702,2.444,48.91,-0.28909,0.70302,8.837,2.556,-8.73,-18.276,5.509,-13.252,46.164,0.40506,-0.54172,0.33509,-0.59691,0.14750,14.596,0.09312,-0.59589,22.296,-0.54928,1.848,-0.54074,-0.07457,-11.776
0,2.471,-36.474,46.846,24.004,-0.50694,1,-25.438,-21.454,-41.707,42.873,0,0,0.23958,-1,-15.246,-20.793,40.419,-0.26,-4.354,1,30.558,1,0,7.095,-29.148,1,28.249,-1,1,-30.72,0.69792,-1,0.47569,1
1,1,24.07,0.84177,-40.409,31.965,-31.651,0.09916,0.93460,-0.37764,-0.836,-7.459,0.61181,43.056,0.19409,-18.24,-0.25527,-0.62869,-0.65612,-0.25105,-0.85654,-0.822,-11.045,22.109,-27.176,32.053,-0.28903,20.642,-21.4,0.64135,0.42827,0.31435,47.484,28.652,-10.55
0,1,0,-2.522,-10.76,-5.062,14.739,21.874,-1,-1,-1,28.321,1,43.514,-34.02,-45.682,0,1.74,-33.008,-11.809,30.346,0,0,1,-15.134,-1,-45.089,1,1,-17.403,1,-47.578,11.535,0,0
1,1,-28.777,1,0.63548,-42.422,1,0.77123,-8.026,-0.33333,1,17.281,1,0,1,-42.218,46.718,18.209,45.386,-43.559,-10.617,-1,31.122,-46.713,14.189,-18.525,-1,0.19235,-45.602,-3.404,-1,0,7.175,1,-18.142
0,-26.735,0,-1,1,30.741,-14.434,-37.763,0,-1,1,1,28.643,-1,9.766,6.579,1,0,0,-1,-1,41.137,-46.1,0,0,1,-38.949,-20.706,19.777,16.43,-43.043,30.928,22.947,17.525,-16.661
1,1,-30.261,-2.767,0.06843,49.776,0.14211,4.398,19.684,1,-0.12500,1,0.39495,-9.42,24.455,1,21.853,7.12,28.539,1,2.045,1,0.92001,-8.014,1,1,20.202,22.188,-6.737,17.862,0.25000,1,1,8.275,-2.257
0,0,0,-1,-18.271,38.651,47.344,-15.74,0,-14.439,36.282,22.665,-30.433,0,0,1,6.896,-4.488,0,-1,-21.546,0,0,0.753,1,1,-1,1,-16.392,40.62,16.933,-39.655,-42.266,-29.888,0
1,1,17.018,0.64947,-37.783,0.58264,-0.14380,-0.13129,44.745,33.901,-11.827,0.38096,-30.909,0.28931,32.533,-29.447,-0.18947,22.771,-0.29441,0.15196,-0.29052,34.271,-0.31525,0.06556,-6.218,-11.705,11.543,-0.00046,45.753,15.304,24.666,15.1,-14.495,0.01336,-0.27201
0,1,0,0,11.275,12.994,22.355,0,0,38.925,18.337,-28.493,-0.33333,0.16667,0.26042,43.657,0,-12.567,23.921,-24.512,-45.835,-0.19792,-0.21875,-9.627,-16.756,-37.341,0.5,0.04167,45.994,1.049,32.136,-0.12500,-0.27083,-0.19792,-3.066
1,1,-9.349,1,0.05149,0.99363,2.792,0.96142,-21.097,11.606,14.584,15.124,0.54701,0.80426,6.287,-16.82,0.099,47.928,0.28714,0.59615,22.627,0.52494,24.967,-20.406,0.28476,0.39023,2.368,0.32930,-10.744,0.27381,11.625,0.22427,0.21378,46.03,10.398
0,1,0,-46.84,-0.09524,-1,-1,-1,-1,-7.434,-8.804,6.277,43.674,-1,19.631,26.031,15.533,47.062,43.161,1,1,-34.779,-38.521,-1,-41.307,28.405,-36.806,2.993,1,1,0.50794,44.627,-37.108,-1,0.72831
1,-19.647,-28.076,-35.226,-34.911,0.60761,0.43204,0.92314,-0.40129,-40.358,39.145,0.96197,-15.669,9.51,21.214,0.91586,24.227,8.542,28.767,5.133,-0.14482,0.84871,0.26133,47.676,34.286,-11.937,-0.02589,0.87293,-0.02302,0.98544,-23.804,0.78317,47.355,0.85841,-0.14725
0,1,0,1,-5.252,1,31.951,-17.038,1,49.972,-9.719,-19.668,-24.877,4.252,1,1,1,-17.475,0,8.332,1,19.499,-18.865,1,-9.756,-13.392,-28.595,1,0.62500,1,3.163,-1.188,1,27.072,1
1,10.264,7.017,38.88,-16.659,44.934,-0.78509,1,33.529,1,0.15414,1,-1.824,0.98120,30.814,1,6.222,0.95802,-45.363,-31.912,30.414,33.537,0.03728,18.869,-21.515,-25.233,-0.01253,-20.921,-0.04597,0.91165,0.03885,1,-22.984,0.96523,-0.11717
0,-42.891,0,3.398,-1,-1,19.702,30.329,10.309,0.01,-40.426,-3.801,-50.318,-1,-0.79313,-0.09677,-23.151,34.449,0.46502,7.073,-0.27461,-2.996,-44.546,-0.11976,0.06895,-24.15,0.06639,40.531,-0.01186,-39.816,-0.01672,-0.00761,0.00108,0.00015,26.485
1,12.028,-36.28,2.637,0.38265,0.80804,-1.447,-3.716,-0.07653,49.266,-0.07398,0.70217,0.20663,42.536,-35.961,0.98214,10.806,1,2.226,0.95663,0.07717,46.055,0.00191,0.90306,48.425,1.155,-0.14541,1,39.966,0.75638,10.214,27.791,27.494,1,25.654
0,0,-46.25,-15.511,44.374,-30.848,-4.587,-20.661,0,49.549,0,-19.714,0,23.097,1,1,1,47.696,-24.026,0,0,1,1,39.244,-1,1,25.373,-26.647,37.665,1,-8.407,1,-1,-15.602,-11.996
1,45.634,0,-36.576,38.134,1,6.071,37.715,-0.35094,33.668,-0.30566,0.92736,-10.113,-5.612,-0.44119,0.75723,-0.58899,-22.995,-6.275,26.198,-0.57579,0.68459,-0.70975,25.124,-27.777,0.49214,18.352,-1.39,23.918,-26.183,-0.78239,0.16604,-0.73145,0.13994,47.858
0,1,0.538,-2.998,48.247,0,-0.187,0,13.603,17.111,-1,0,0,28.611,43.537,0,0,38.785,40.187,-1,-1,26.947,-1,40.52,-26.053,35.418,-39.063,3.701,-0.20000,1,-1,0,1,-22.056,18.147
1,1,-19.062,-21.984,30.164,-0.55,-0.09091,0.77273,0,1,21.415,20.016,0,1,0.04545,37.827,-0.04545,-46.33,22.082,1,41.383,2.092,0.09091,-9.778,26.525,-32.613,0.04545,19.039,0.02897,-35.541,-1.046,0.86364,43.915,0.86364,0.04545
0,18.704,-8.709,0,15.874,-1,2.845,45.887,1,-5.075,22.158,0,-41.754,-34.479,-50.306,-34.093,-0.31250,-1,-1,1,18.816,1,3.889,0,-5.22,-13.384,-1,-1,-39.362,0,0.09,1,-1,-33.235,0
1,1,0,0.91176,-0.08824,-26.784,-15.089,3.211,29.729,0.91176,-0.02941,-15.022,-4.333,16.451,0.14706,0.94118,0.02941,27.997,0,16.32,0,0.76471,-21.083,-33.282,-3.593,-6.966,30.874,0.92663,0.02600,0.94118,47.571,0.97059,-49.06,27.257,13.024
0,-18.369,29.808,28.453,31.697,-1,39.01,28.659,-14.483,41.886,-7.287,37.55,-1,1,-32.078,-1,-0.23476,0.28301,-18.467,1,0.955,-0.31402,35.026,-1,-1,24.381,-1,-1,16.427,1,-12.462,-1,-0.32317,0.14939,-46.556
1,13.215,35.778,-25.522,16.39,0.83781,-12.263,0.83155,0.02615,10.115,1.23,39.495,0,0.79856,0.05028,10.84,0.05756,12.908,0.47368,1,0.05263,0.72550,0.07631,10.361,15.148,49.41,-10.782,-18.98,23.304,0.52632,-45.94,0.60150,0.09534,-37.793,0.09719
0,1,0,28.704,-0.5,0,-10.624,35.594,1,18.306,0,27.819,-41.198,40.543,0,-12.123,-13.733,24.741,24.871,0.31410,0.92949,-18.708,-21.831,44.277,31.029,0,42.966,-0.61538,22.951,36.239,0,0,0,0,0
1,-8.883,48.796,48.898,2.628,-32.336,-36.425,-0.661,0.63636,-26.336,-0.09091,-47.562,0,0.81818,-19.712,0.63636,11.95,1,25.828,1,-0.27273,0.90909,-0.45455,12.238,-11.162,1,-0.09091,1,-3.331,-18.497,0.36364,1,33.954,-26.546,0.27273
0,0,-14.186,-22.226,-1,1,46.902,-1,1,4.94,0,33.577,37.985,-12.683,-48.184,-0.467,0,46.843,0,33.939,0,6.625,1,-36.223,-1,-42.729,-9.979,27.634,1,0,40.333,1,-40.503,0,0
1,1,39.291,0.45455,-28.252,0.63636,-18.073,0.27273,0.18182,-41.551,31.524,-4.486,-0.09091,-47.85,-0.09091,0.48612,-0.01343,0.63636,-38.827,50.076,1.368,37.21,-8.004,-18.54,0.18182,-31.784,-0.09091,4.613,-3.664,0.27273,0.99,0.36364,0,35.1,-0.01832
0,1,0,-40.715,-0.59677,-27.132,6.942,40.138,26.99,-0.87097,1,14.448,0,0,36.378,21.756,-9.908,6.807,-15.416,-41.135,-4.827,-1,-1,-3.16,0,24.342,41.147,1,0.51613,0,-12.09,7.566,0,0,0
1,1,0,20.224,39.408,-45.501,20.822,1,0.71429,23.287,-30.063,0.85714,1.968,11.107,0.02534,36.547,0,0.42857,-0.14286,-41.565,44.237,1,-20.582,-18.709,-23.569,0.28571,-0.28571,46.665,0.04891,1,5.831,1,0.57143,23.937,32.569
0,-37.591,6.916,1,13.925,24.439,-1,13.537,-7.198,26.265,1,-20.178,35.627,-1.525,-19.073,1,-10.627,1,-1,1,-1,1,12.389,-32.187,1,1,-1,3.263,1,50.331,1.536,1,27.879,1,1
1,1,0,0.87032,19.828,0.53945,0.82161,0.10380,0.95275,27.977,-24.919,14.185,26.392,-0.92099,42.473,-0.82417,0.476,-0.59383,-22.253,-8.049,12.784,-11.617,-0.78699,0.51557,-37.315,0.69274,-0.24843,21.956,34.67,0.52798,-23.959,35.169,44.687,-48.903,0.57552
0,21.918,0,1,-45.102,1,-10.545,1,-19.74,10.994,-36.709,6.91,18.958,1,-1,1,-1,1,15.138,-7.647,1,1,1,43.992,32.369,-19.493,11.885,3.366,1,14.874,1,1,-48.538,-47.506,-1
1,1,-8.231,0.92657,0.04174,-4.201,0.15766,0.86098,45.415,0.83675,0.36526,0.80619,38.388,23.13,0.40552,-27.56,42.177,-43.655,-47.845,0.53392,2.389,3.199,0.54212,-44.108,0.55684,25.554,0.55274,43.802,47.428,0.22307,38.673,41.371,0.49124,-33.571,0.46571
0,0,6.216,28.915,1,-41.707,6.288,-27.432,-1,16.232,49.117,-13.523,9.333,-27.155,15.351,0,0,0,0,0,0,-28.144,2.922,-10.297,-17.649,29.558,1.471,1,1,0,0,-27.438,-1,0,0
1,1,47.846,25.939,-0.123,-16.435,0.25359,-15.389,24.457,-4.564,0.47127,22.318,29.256,0.65260,0.75000,0.50830,41.155,7.511,-40.017,0.25539,0.85952,-36.337,0.85615,42.34,-28.832,-20.527,0.79780,-0.20995,0.78004,-0.33169,0.71454,31.08,-21.149,-0.47419,0.55835
0,0,-5.062,20.862,-1,-33.008,1,28.346,-5.735,-9.18,1,1,-2.522,-1,-2.718,-1,-33.412,-10.244,1,15.739,-1,-27.508,45.859,-1.985,-1,1,-45.682,-20.48,42.995,32.304,-1,-1,1,-1,1
1,1,0,-12.003,-42.428,0.73061,0.24323,-43.442,0.19038,0.36923,-40.762,27.769,-32.556,0.25000,11.108,-11.508,0.37115,-4.252,-8.508,-14.232,0.57500,42.48,-46.15,-10.039,0.44424,-0.14943,14.922,-0.19940,0.34976,-0.23832,0.29541,-0.26634,0.979,-16.642,21.185
0,21.947,0,-42.422,7.175,33.047,-43.602,-16.475,44.386,18.525,1,1,44.718,20.209,1,1,17.281,1,-1,1,1,-27.777,1,-17.192,17.777,43.137,-1,1,-1,1,1,16.43,28.928,-44.713,1
1,1,0,0.97467,-41.913,-25.794,0.20036,22.076,21.586,28.429,11.093,-20.85,8.031,-37.226,0.52284,0.69946,0.58820,0.58548,-2.588,0.48869,7.979,0.44245,30.325,-16.309,-37.006,0.26832,32.503,-7.569,0.78541,0.07497,0.80439,-13.464,0.77702,-47.203,0.74242
0,-10.42,-15.392,48.776,0,-29.261,1,0,0,-13.439,20.202,0,3.398,1,6.495,-9.014,23.965,0,19.463,0,0,0,-39.655,0,0,2.045,0,-41.266,-4.767,0,0,15.862,-16.271,0,-0.247
1,1,-15.74,8.819,22.723,0.86399,47.642,41.346,0.36790,0.70588,0.56830,0.57449,-19.919,0.43270,17.68,12.111,-11.194,0.19128,0.76818,0.04686,0.76171,38.53,-29.119,-0.18479,-11.021,-0.29291,0.65708,-38.092,0.58553,-0.46799,-29.932,-5.02,23.073,35.719,17.369
0,0,-30.646,33.603,45.985,45.959,1,-13.305,1,0,0,0,15.33,17.337,-6.95,0,0,14.147,-1,45.244,0,0,0,1,-28.482,33.136,34.176,-16.662,2.278,22.355,0,23.877,33.853,0,0
1,1,14.849,-28.605,0.38138,0.65926,0.69431,0.29148,0.87892,22.267,0.90135,-0.39597,0.80441,-21.508,-23.947,23.092,0.26906,-0.78940,10.568,12.366,-0.30942,9.741,1.54,-2.293,10.631,-12.471,-0.61055,-45.53,-9.944,0.43227,43.359,-35.871,38.83,0.42152,0.12556
0,0,-0.175,-36.171,-1,1,1,1,-16.557,3.691,-7.434,7.034,25.675,1,46.26,-10.0,28.576,15.464,6.463,1,-22.245,1,-1,-8.121,-1,-8.349,44.85,12.389,1,46.627,-1,1,1,1,1
1,1,-47.84,42.896,-0.38293,-14.958,0.10278,-35.995,-36.01,0.55580,0.05252,1,43.124,0.71947,0.28954,0.68798,-39.978,0.49672,0.17287,21.274,-31.704,-36.947,0.42528,-34.937,24.625,0.94530,27.607,5.289,-15.621,2.118,15.533,0.35070,47.086,0.30588,0.49831
0,-23.671,0,10.983,-25.592,0,0,0,38.864,0,-26.248,-43.013,0,0,-1.013,0,46.488,0,4.461,-25.335,0,0,0,-38.201,0,38.591,0,3.511,-14.999,14.479,0,-40.387,-29.319,0,-31.939
1,1,-12.869,0.94649,33.445,20.926,-0.00260,-26.119,0.00372,0.95801,44.225,0.94054,-9.371,34.937,0.04719,17.562,26.063,49.537,-26.276,35.696,13.445,0.97770,-43.879,0.96358,0.07098,18.768,0.08101,0.95243,-17.343,-1.149,0.00818,0.97845,-22.545,1,-0.00260
0,0,37.465,1,4.024,32.057,29.038,-24.21,-1,0,29.161,0,0,18.605,-1,-25.048,0,-29.813,-38.476,26.445,13.993,-1,0.497,20.963,28.456,28.324,0,-39.612,-1,27.843,0,-1,-1,-1,-1
1,1,0,10.451,-0.16900,0.71442,1.67,26.346,12.454,0.68065,12.601,-20.828,-8.508,0.69050,0.04393,0.68101,0.05058,-24.805,0.05692,-35.458,-0.04662,38.212,0.06856,-37.307,31.218,13.717,48.209,0.59935,-20.954,0.38228,9.0,0.56466,-9.734,-28.678,0.09346
0,1,-27.129,45.643,-38.206,-41.26,-0.76087,0.81773,0.04348,14.275,0.10702,0.86789,37.546,0.70067,0.18227,46.827,0.13712,-27.705,-0.25084,0.70736,0.18729,0.64883,-4.7,20.865,46.169,1,-38.148,-5.93,-35.184,35.756,-16.631,1,-9.318,0.56522,38.045
1,35.751,0,-38.941,-0.07778,0.693,-0.29630,27.419,-46.409,0.80000,0.06111,20.667,-2.661,1,-42.991,1,-0.83519,0.49259,6.99,32.516,27.737,0.98215,12.313,1,16.822,15.336,-4.292,6.87,42.103,-38.095,0.02037,0.87492,-0.27105,1,-0.57037
0,-42.916,-30.463,0.38521,11.717,-24.983,1.888,-7.263,27.486,0.23346,0.13230,0.19455,-8.366,13.323,0.36965,41.155,28.689,30.489,0.36965,0.05058,0.24903,27.458,0.09728,0.07782,0.29961,-0.02494,-43.502,-0.06024,39.346,35.341,40.84,-25.56,0.31128,-0.19066,0.28794
1,1,22.549,-17.101,-19.301,44.309,31.972,0.61508,-0.01190,43.699,44.799,27.924,0.09921,0.59127,-0.02381,-0.982,0.01190,0.70833,0.02579,0.60317,24.722,0.47817,-0.02778,0.59127,-7.002,0.5,0.03968,0.61291,36.298,-30.635,12.053,-0.124,-16.696,-21.108,-8.048
0,1,-47.212,28.202,-0.15271,-0.04433,10.391,0.08374,-0.02463,12.226,7.294,0.06404,-7.844,25.622,-0.09852,0.05911,0,-43.905,-37.137,-0.12808,30.931,-38.741,0.01478,0.06897,30.586,13.42,14.036,0.28079,-0.04926,42.576,-28.098,-9.192,0.05419,0.07389,-24.125
1,1,-47.411,38.662,24.938,0.70694,-0.06935,-17.23,47.427,47.935,0.00224,0.71029,0.15772,0.71588,-0.00224,43.734,-16.651,9.208,6.528,0.68680,-32.747,20.314,-0.01342,0.60962,19.534,-27.03,-0.09508,0.69845,-0.01673,5.143,9.792,0.78859,-8.374,0.65213,-4.965
0,1,0,-43.422,0.35949,34.683,2.286,-0.29620,-20.433,-48.041,0,-32.898,-0.07342,5.339,0,0,30.239,24.668,0,17.062,11.945,-4.621,40.978,-17.791,0.33671,28.627,0.35696,22.785,-1,0,0,0.06329,-47.474,-18.91,0
1,1,0,18.091,43.064,0.89818,-0.02465,-36.412,3.33,49.626,-0.12755,0.82208,14.071,0.88853,0.01179,21.629,-0.13719,0.87138,11.119,-1.141,17.687,22.069,-0.14577,0.82851,-16.193,-37.617,10.923,0.88245,-0.14903,26.776,-43.486,40.165,-0.18542,0.91747,35.925
0,0.93,-14.75,0.42708,-0.5,-8.398,-28.799,24.772,-39.674,-5.835,0.51042,0.58958,0.02083,20.544,0,8.684,39.537,-21.729,-0.45417,0.59167,-0.18333,0,0,0,6.641,0.98750,-0.40833,10.143,-11.472,-2.481,10.779,0,-24.027,0,-41.234
1,1,25.956,0.88853,-46.025,0.92007,0.01305,0.92442,-27.991,-13.049,-0.10223,20.828,-48.632,-9.252,-7.552,25.709,-0.08918,5.471,-23.612,-15.478,-0.04024,0.88418,-17.824,0.88907,29.978,0.82980,-35.684,48.679,-0.11808,0.85536,-0.13051,43.803,-0.12452,-14.602,-0.12235
0,1,0,-13.827,0,1,29.134,0.88444,-1.265,0,13.856,1,25.635,1,48.163,1.847,3.131,1,-27.069,-49.753,-15.256,1,-28.759,44.098,15.56,0,-21.715,1,-1,44.411,0,42.559,0.11778,-23.221,-0.09556
1,-16.8,0,0.81143,11.019,0.85143,11.2,0.79000,-26.264,0.79571,34.303,-14.939,-36.331,0.85571,-0.06714,0.86429,-19.594,-28.237,-0.05429,-37.035,-0.11857,0.76857,22.679,0.84286,32.465,0.77000,-4.365,0.81598,-0.08669,-0.91,2.298,13.688,-0.05000,46.565,-22.99
0,1,0,0,10.033,-29.019,0,12.051,-36.834,0,0,1.959,0,17.521,1,1,0.55172,36.207,24.167,0,46.454,-10.168,0,-22.279,-16.983,-41.094,0,1,-2.098,-24.126,0,0,-30.311,14.562,0.296
1,1,-23.94,-13.82,-41.044,0.43117,25.06,10.573,-0.04156,0.50130,0.09610,0.44675,26.227,0.55844,33.717,-8.747,-4.098,28.548,29.419,0.55325,-0.01039,0.48571,34.532,2.757,-0.01039,-46.569,-38.749,0.53215,-20.102,0.43117,0.03377,-32.573,-0.05455,-15.48,-0.08571
0,0,-36.134,0,-36.506,-46.865,-13.492,0,31.182,0,5.684,0,23.138,46.23,0,31.772,-10.471,0,0,30.082,13.075,0,-20.167,0,36.011,48.734,0,1,-11.365,0,0,0,-7.558,-37.167,0
1,39.783,47.177,1,0.5,1,0.25000,-46.072,1,-48.12,0.91180,8.261,-8.781,5.849,-47.413,-44.707,0.37856,-0.43663,0.16709,-0.36676,0.00678,-0.26477,-9.655,-0.16178,15.455,-38.076,-0.12744,-0.02089,29.058,0.01033,4.624,-6.154,38.384,-34.407,13.851
0,1,0,23.211,43.161,0,0,1,1,40.166,-1.851,43.198,22.476,22.51,-0.11111,-22.387,0,-21.398,-39.492,-1,-39.716,1,1,32.938,-1,6.719,-21.845,50.398,-42.298,-43.371,6.882,0,0,1,1
1,-27.154,3.391,0.87048,42.313,0.64099,0.69212,0.31347,33.981,4.033,0.90740,-36.284,0.79346,-19.749,40.337,42.011,0.22735,-0.81136,6.802,-42.887,3.917,22.546,45.193,-0.13013,27.559,0.15552,-31.456,0.38544,-0.51568,0.52573,-46.615,0.56239,-0.05938,0.51460,-32.994
0,1,0,0,-42.731,-37.088,26.495,0,-7.515,36.041,-17.38,0,0,-27.133,0.37333,-0.12000,5.057,-32.318,13.73,-1,-44.299,-32.243,-31.1,-38.575,-1,1.973,0,20.972,0.22667,0,47.781,0,0,0,46.267
1,11.054,37.196,-6.093,0.43491,0.59573,-17.479,0.19672,-12.252,-0.24103,0.92544,45.679,0.71257,-27.871,0.33652,22.546,-0.05338,45.816,-21.72,-0.46950,-0.73285,24.621,-24.026,0.26384,17.436,0.55984,-42.001,-24.584,-0.24433,-4.219,-4.932,0.58137,48.648,0.34749,0.57656
1,41.002,6.153,0.32834,0.02520,40.545,-4.076,37.19,-16.557,-0.25706,-11.968,-22.51,-21.163,-0.61352,0.25786,-49.197,-33.371,-0.13117,-0.14329,46.998,-25.667,-0.11409,-0.85597,0.02668,-0.22786,-30.947,33.373,0.33737,-0.11876,0.27657,39.725,0.15078,0.13296,20.714,-42.817
1,1,0,-31.385,-40.415,36.611,0.78579,0.12326,12.822,-0.33221,0.83578,-26.933,0.59564,37.534,0.21909,-24.34,1.501,-8.729,-1.7,28.515,-22.883,37.46,-0.89064,0.51109,-17.133,0.299,-0.27734,0.83008,0.08718,-29.773,-0.076,0.37542,0.70011,-0.03983,39.123
1,1,0,20.916,49.31,0.59085,0.00481,0.60409,47.47,26.418,0.00963,0.62455,-0.07461,-9.595,-32.315,-7.614,-0.08424,0.67509,-28.421,-37.862,0,20.016,0.10108,0.50060,-33.646,-40.507,41.518,0.60463,-43.152,-12.337,7.756,0.61733,-0.00963,9.438,28.017
1,1,-47.152,25.632,-47.692,0.70772,-41.598,0.72243,0.16912,0.79228,-5.373,-1.785,-25.652,0.63787,-25.5,0.70772,-13.276,1,0.06066,0.61029,0.05147,43.312,-39.191,0.52022,-16.258,-15.365,42.89,6.672,0.07124,0.30882,30.619,-46.97,0.07458,0.60294,1.693
1,35.897,0,-36.684,0.18923,0.78157,34.957,24.709,0.02647,-15.201,-0.10308,50.276,0.08000,0.73961,0.05060,-1.66,0.05776,40.367,-29.862,0.61692,36.656,45.763,44.687,14.967,0.08041,0.60154,-0.07231,17.253,0.08767,0.55077,-18.295,-9.98,-19.482,6.308,0.09322
1,1,17.637,-29.756,0.05375,-41.667,-18.316,-26.123,0.00301,-12.944,0.09901,44.957,-17.952,0.81892,0.00585,18.31,0.00673,0.80622,26.768,24.611,25.893,0.76365,14.673,-34.205,-18.663,0.79632,-0.04243,0.70824,-1.542,0.62235,30.117,0.66624,26.791,0.64407,0.01227
1,1,26.171,38.419,0,0.38696,20.412,-46.271,27.169,-29.189,-0.03913,-42.893,-0.12609,0.45652,-26.095,8.273,-5.228,-33.906,0.19565,44.812,0.14783,0.42174,-39.991,0.32174,-0.11304,-35.635,-12.629,0.41789,0.06908,-46.036,28.244,0.35217,5.369,0.44783,0.17391
1,-35.296,0,0.79830,0.09417,13.864,0.20656,0.71628,0.28068,0.69320,-5.391,16.573,-31.604,35.983,-8.653,31.773,37.352,0.33354,0.67861,0.29587,-17.185,41.82,-0.527,0.02066,0.72236,-13.153,0.63183,-3.737,34.122,-0.18226,40.295,-7.56,48.957,-0.27339,0.42467
1,1,-7.936,47.181,48.592,-24.883,-21.414,2.431,-10.867,38.225,0.53020,-18.022,0.60297,0.56937,35.601,17.079,30.161,0.29452,0.82193,16.302,0.79777,0.09709,0.82162,16.816,0.79870,23.67,0.75596,-0.22839,0.69187,-0.31713,-42.167,-0.40291,35.235,-0.42815,-43.577
1,1,-15.693,0.89410,25.106,-3.474,0.31543,-22.654,6.33,31.755,0.59975,0.54003,0.71016,-20.904,0.76161,-6.856,8.41,32.717,-29.507,-32.988,0.76261,-22.782,0.66926,2.57,0.62610,-0.40552,6.842,-19.831,0.40753,-3.722,0.27252,2.03,0.19172,-0.48808,0.05972
1,1,0,-39.441,0.17498,-15.193,0.33143,-25.397,0.49960,-48.255,6.667,2.712,0.73838,0.48698,15.315,0.30459,0.90665,-33.997,-24.401,-0.00701,-15.067,-0.18880,0.89383,-0.33023,0.82492,-20.484,24.329,-0.58563,24.526,47.201,-16.886,1.757,-31.251,-0.81210,5.108
1,14.452,-1.013,47.406,0.18198,0.86090,38.946,-22.943,0.45747,20.558,0.69865,34.469,17.325,0.36100,0.81795,0.15664,0.83558,-12.865,5.313,-29.483,0.77853,-0.35996,-24.83,-0.43087,-31.285,-0.53140,0.53886,-0.60328,39.274,10.338,-42.74,-0.65710,-43.792,-0.64056,-38.147
1,1,0,-8.64,0.21106,0.63935,0.38112,0.48409,-29.288,44.359,0.22273,-22.478,0.59565,-0.07727,0.44545,29.161,-26.622,-2.399,-24.628,34.149,0.36818,-23.576,0.18864,-0.40533,0.07588,13.608,-17.419,-26.687,33.311,17.56,-0.19714,25.845,-0.24648,19.844,48.322
1,1,0,-40.023,-39.085,29.179,0.55298,28.268,0.07285,-28.658,19.768,1.983,0.24172,-8.061,-37.816,0.63907,0.19868,30.756,12.859,28.386,0.13907,0.65232,0.27815,0.68874,37.538,0.016,3.291,33.547,0.27687,0.46216,26.731,0.43484,0.29324,37.975,0.29942
1,1,0,1,0.11385,0.70019,45.273,0.81594,10.044,-27.928,12.6,-38.645,-0.07780,0.69070,0.12524,-20.587,0.03985,0.53131,47.994,0.69450,-20.868,0.72676,37.878,0.32068,31.203,-34.873,46.442,0.49090,25.814,9.084,-25.151,13.318,0.18897,-9.263,-35.94
1,1,42.349,0.84843,-4.878,0.80562,14.617,-6.052,31.661,45.622,-0.06620,20.859,-27.206,0.67260,-38.942,35.688,-42.93,16.994,-17.124,37.521,0.01394,0.55970,-0.08039,0.53430,-0.08453,-37.139,-0.22822,-8.766,-0.09128,-41.654,-0.08537,0.44277,-0.09621,0.42223,13.416
1,1,0,0.693,20.292,27.386,-0.00482,28.763,27.202,0.87980,-0.03923,-3.027,0.01419,41.654,-0.01436,-44.592,-7.545,31.513,0.01002,-42.875,34.663,-38.754,-0.02364,0.94636,12.486,0.98164,0.02003,0.93772,-0.03034,-1.234,35.43,7.899,-0.03464,0.92226,5.911
1,1,-1.609,27.725,31.902,0.42784,-21.857,0.70103,-25.858,0.73196,0.07216,0.26289,-8.233,28.954,12.347,-24.942,38.965,13.501,41.127,0.5,-0.27320,0.54639,0.18557,0.42268,-8.536,-43.21,0.19588,-29.929,11.437,0.15464,-0.26289,0.47423,-0.771,2.268,-0.51546
1,1,-16.682,13.976,-0.04388,0.76530,-7.01,0.61432,7.467,0.65358,-31.257,0.64203,43.242,25.501,-0.43418,28.032,36.86,-38.214,-19.131,0.63510,0.21940,-27.372,-0.25404,-16.967,43.71,0.64665,-23.786,0.68775,44.942,0.61663,-37.032,0.66316,0.19841,0.69053,22.916
1,-8.236,-43.924,20.19,31.101,28.749,-4.904,0.58876,24.845,43.224,42.961,0.66742,-0.00449,0.71685,-0.04719,47.858,0.00899,0.57303,0.02472,10.979,-47.287,0.56854,0.14157,31.132,-0.03596,0.46517,-7.795,-32.09,0.00824,25.975,-0.03596,12.787,0.10562,14.48,-0.08090
1,1,17.062,-27.028,-0.00647,-46.744,-48.084,0.63107,47.358,7.473,0.08091,0.67314,4.607,-16.07,0.15858,0.60194,-0.01942,0.54369,-0.04531,2.755,9.644,0.64725,8.52,0.39159,22.947,0.52427,-0.05502,-7.871,19.417,0.31392,-4.697,38.535,-17.698,0.30421,-17.985
1,31.239,-32.974,0.68148,14.284,0.77037,0.03457,0.65185,12.026,0.60988,-0.00494,0.79012,0.11852,-18.836,24.717,0.62469,5.436,0.78272,21.013,29.469,40.189,0.48642,0.00988,11.728,0.08148,-43.008,-0.12840,-45.836,-2.073,-36.588,-18.888,-42.745,34.611,0.51358,-0.04691
1,18.71,0,0.60678,-0.02712,0.67119,0.04068,-15.54,8.64,11.648,0.03729,11.885,-41.311,17.79,-38.539,39.813,26.011,0.64068,24.891,0.56949,3.324,0.53220,20.728,49.449,-10.506,-39.145,43.038,0.57262,0.00750,0.58644,-0.00339,0.58983,36.067,0.50169,0.06780
1,21.544,0,-9.687,0.09709,6.937,-6.242,-17.354,0,-45.468,-14.774,-27.422,-8.374,0.33495,0.04854,0.52427,0.00485,-28.328,-0.10680,39.969,-21.889,0.34951,0.05825,0.18932,-23.77,-48.237,-0.221,-7.176,11.573,0.39320,0.17476,0.26214,0,-1.828,-0.01942
1,5.611,47.967,0.98822,0.02187,25.709,0.34100,0.83904,0.35222,0.74706,0.48906,-23.392,0.51879,-14.705,26.557,-15.039,0.66237,0.31800,0.70443,20.211,0.68873,-13.866,0.73696,0.06338,-25.541,28.84,43.665,29.931,14.461,-0.16209,-34.984,-16.72,-23.119,47.48,0.37465
1,-27.719,0,0.97905,0.15810,-25.37,-22.486,-13.006,0.48561,26.777,46.393,42.148,-17.062,0.40349,0.83156,0.25140,0.84804,44.458,0.85475,3.062,16.544,-1.507,-48.945,-0.37835,1.564,-0.51034,-21.131,42.522,-37.385,-0.61899,0.30796,-0.65754,0.18345,-29.707,0.02968
1,1,0,-14.818,0.21677,-35.412,-28.549,0.76902,-2.474,13.407,0.78120,32.883,0.88291,0.10107,12.035,-0.06827,0.89274,9.75,19.242,-0.43707,11.599,-0.55769,0.48120,-0.65000,34.701,1.756,22.922,-0.66651,-19.574,-4.945,-1.871,-30.857,-0.22949,-0.47201,35.856
1,1,0,0.94331,24.367,0.96132,0.40803,-3.257,0.56569,25.723,26.876,-21.861,15.394,0.14939,-8.369,0.05167,0.93682,-41.341,0.83939,1.838,-9.412,-0.50251,-36.208,-0.65515,0.50428,-0.68851,2.268,-0.475,-38.593,-0.75406,-17.027,45.702,-0.17921,-24.795,11.708
1,1,0,-32.179,0.28082,28.826,-23.411,0.58167,-40.331,-10.015,0.80511,0.10797,34.741,-0.20015,0.89335,-0.39730,-46.339,-0.58835,-6.93,28.716,36.415,-37.98,23.327,9.254,-0.04284,-0.75273,30.913,-14.951,-16.534,-0.46422,-20.684,-0.26389,-0.70835,34.477,-0.71273
1,1,-9.585,0.89835,0.35157,0.67333,0.62233,-13.053,49.678,29.124,0.80510,-0.22838,-19.414,-0.25137,-45.834,-37.08,0.28415,-36.802,-47.915,45.756,-46.927,-35.24,-0.06011,-10.803,29.606,31.643,-0.53620,-48.217,-0.51925,0.24321,12.64,0.36586,-0.30057,6.112,0.13297
1,39.783,0,14.162,-44.169,-5.943,0.17293,0.03759,0.34336,43.281,32.202,-21.783,-39.279,8.347,0.12767,-0.06333,0.07907,-0.06328,-9.524,4.64,0.01408,-38.04,-0.00280,15.556,38.414,-0.01755,-0.01505,6.71,6.175,-0.00280,-40.728,0.00096,-0.00948,47.18,-0.00647
1,40.822,33.114,-32.576,-0.35526,7.882,0.35338,23.964,-0.00564,0.82519,43.392,46.323,21.233,-0.191,-41.234,0.69737,0.14662,23.653,-22.813,-20.637,0.04511,0.66917,0.20489,-42.523,-0.40977,41.814,49.351,0.56836,6.821,0.52820,-0.13346,0.15602,22.354,0.44767,-0.10309
1,-18.044,0,0.83609,0.13215,-27.432,28.327,4.731,0.08315,-35.624,0.12961,0.43837,0.20330,-30.298,42.948,0.44747,42.067,0.29352,-32.214,-41.73,0.15756,0.32835,-42.585,14.025,0.14638,0.26436,0.14530,-18.143,-46.173,4.562,26.656,0.18767,-27.997,0.16655,3.523
1,1,0,2.914,24.843,0.85738,0.01038,20.823,0.01546,5.947,-0.00278,0.84459,0.10916,47.1,-43.269,-30.274,-39.54,24.218,-37.068,-6.174,0.02405,0.80862,48.308,48.584,0.05352,-31.545,-7.492,0.79058,46.366,0.85939,0.09251,0.77863,-25.234,0.77269,37.116
1,1,-18.256,0.87111,6.196,0.79946,0.18297,-4.038,0.29292,-16.403,-0.08337,-26.12,-0.02028,0.90446,46.322,-11.997,0.19964,21.478,18.165,-20.428,-41.452,0.97882,40.053,0.78954,-0.25101,-22.337,-4.381,0.85967,-0.02908,0.78774,-4.985,0.75935,-12.979,38.079,10.146
1,38.041,-22.005,-20.608,0.02549,0.98994,0.09792,0.75855,33.565,48.045,-31.319,-29.48,-42.997,-24.241,-1.086,40.963,-40.704,0.91482,0.03756,0.71026,0.02683,-31.407,38.248,-47.257,0,0.71764,-0.01207,0.82271,0.02552,0.72435,39.828,-21.502,-33.206,0.72837,0.02750
1,20.426,37.335,0.47337,41.572,36.133,38.217,29.331,11.938,0.45562,-0.04438,-15.844,0.01775,-0.046,0.27515,-37.817,-10.304,28.665,0.12426,-23.082,-26.117,0.52767,0.02842,2.254,-0.10651,-7.653,-0.59,0.46514,0.03259,-31.851,0.25148,0.31953,-0.14497,0.34615,-0.00296
1,1,0,-24.907,1.623,0.69868,5.915,9.675,-33.816,0.80979,-43.148,26.291,0.02825,-12.176,7.666,0.80791,-0.13748,0.51412,-0.24482,-7.428,-0.14313,-27.81,-41.17,-15.675,49.407,0.56121,-0.33145,0.61444,-47.837,48.072,20.272,0.53861,-0.31262,-12.819,-0.22034
1,-1.599,-41.631,31.38,-26.126,0.86412,42.553,0.81953,-5.45,-17.815,-39.31,43.768,-0.13588,45.85,-0.11677,0.77495,-16.281,-28.991,-0.21231,0.61996,-0.10191,-46.737,-0.15711,0.89384,-0.03397,-46.303,-0.26115,0.74115,-0.23312,0.66242,36.27,35.666,-2.761,25.545,-0.24841
1,1,23.934,40.559,-0.08152,0.83424,0.07337,0.84783,-18.632,6.574,-0.02174,0.77174,29.944,45.434,16.559,0.67935,44.193,-41.635,-0.20924,15.499,0.03261,50.365,14.269,-9.541,-0.27989,27.629,-0.18750,0.83705,-0.10211,35.756,-37.332,-18.789,-0.10870,0.79076,-15.857
1,1,0,0.74704,-0.13241,0.53755,-29.489,27.831,-5.159,27.588,-13.898,28.873,-0.23518,-45.883,-18.51,26.665,17.678,-29.809,-0.00395,-0.917,-35.07,0.79249,-0.25296,0.66403,-0.28656,0.67194,-27.071,18.121,23.711,0.60079,-0.20949,0.37549,-39.896,-17.383,-0.01383
1,21.307,-9.262,31.749,0.11308,-33.672,0.00665,-12.066,39.804,0.47894,-0.13969,37.297,44.403,0.63858,-36.271,-42.571,-0.03326,-31.56,37.783,13.612,-0.04656,26.65,-0.19512,0.50776,7.633,0.41463,-0.20177,0.53930,5.107,-25.544,-46.452,0.53659,-0.11752,0.56319,-0.04435
1,-12.066,0,16.972,-25.608,-17.099,-0.78,-6.689,36.041,0.38825,0.90502,-36.197,0.96128,-0.20097,0.89200,-0.35737,0.77500,-0.65114,0.62210,-4.405,-21.209,32.696,-5.612,33.851,-8.017,-19.555,-0.26356,47.765,-0.45511,-0.54732,41.116,-0.30512,-0.66700,15.721,-0.75597
1,1,0,0.93147,-23.15,17.632,0.55756,46.78,25.688,0.26203,2.373,16.572,3.84,-43.009,33.577,-0.55926,0.81018,-0.73329,35.505,-4.129,0.36200,36.498,0.06040,-12.134,-0.19838,-0.83192,-44.492,47.842,-0.69556,29.008,-16.55,23.685,-0.93953,0.10007,-0.94823
1,1,-7.098,-48.109,0.30634,0.73232,-33.598,6.237,0.58527,6.086,-18.369,7.522,0.92118,-0.62403,0.71996,30.424,0.32558,-23.394,0.41195,-31.303,-20.026,47.091,-0.41085,-0.76901,5.883,-0.57242,-5.02,-0.31610,1.74,23.833,-0.86841,-21.047,-33.718,0.00194,-0.81686
1,-39.387,-26.248,-42.178,-15.709,24.256,-16.934,0.49234,0.68381,-15.883,0.86761,-0.08096,0.85011,-0.35558,5.624,-0.52735,0.58425,-32.642,0.31291,-32.434,-25.296,-38.914,14.326,-0.58315,-0.39168,-0.37199,-0.52954,-0.16950,-0.60863,2.204,1.896,-23.42,-29.804,46.894,-0.35339
1,34.965,26.045,0.92870,0.33164,-43.167,20.577,0.49305,-12.026,0.21592,14.404,-0.13956,0.96167,-0.47202,39.427,17.128,49.249,37.99,0.36750,-26.51,0.05595,15.677,-0.26173,-0.73969,-2.665,3.953,-0.74735,-0.22323,-0.86122,0.07810,-1.885,44.569,-0.78057,11.577,-10.009
1,-28.813,-22.616,0.83367,0.31456,-24.393,0.57671,19.955,27.152,0.17293,29.114,13.803,0.79886,-17.804,38.131,-0.68421,35.187,-0.74725,30.233,-23.931,-0.04887,32.816,-0.28195,27.351,-0.53463,-0.26577,28.501,19.948,-27.805,0.22708,-0.64428,0.43100,-26.859,0.64662,-0.30075
1,1,25.635,0.98455,-0.02736,0.478,-0.04104,1,-38.552,-36.951,-29.21,3.977,12.562,0.98500,27.382,0.99382,-0.07149,0.97396,32.961,0.97264,12.31,-24.482,1.603,-7.612,-40.701,0.97352,-0.08341,-35.125,-0.12912,0.93469,30.995,0.97132,-21.331,38.535,-0.18800
1,1,0,0.94052,13.499,-20.095,0.01001,46.345,37.791,-5.863,-0.01060,-16.223,47.991,-41.208,8.915,0.97055,-35.445,0.95465,35.005,-8.3,12.829,0.94229,46.046,0.92815,-0.04417,-38.286,-0.04476,-8.897,-28.698,0.90342,-0.07479,10.867,-0.07244,0.92049,-0.07420
1,17.602,-39.704,7.942,36.665,0.91324,12.51,6.914,-5.117,0.98630,0.18265,0.91781,-27.127,0.93607,-0.08447,0.91324,14.638,0.86758,-37.696,0.97032,44.743,1,0.10274,0.92009,42.296,0.92466,0.06849,21.203,-0.09252,0.664,-39.085,32.548,27.709,-41.9,-0.21918
1,1,0,35.277,13.044,31.477,-3.943,26.944,-25.565,0.30508,-45.569,-1.725,-7.664,0.64407,0.28814,0.83051,-8.975,0.54237,0.01695,39.643,0.03390,41.285,-43.482,36.353,0.05085,-43.509,20.364,27.882,-0.00266,0.66102,-0.03390,0.83051,-0.15254,2.577,-0.10169
1,25.706,43.557,27.578,-0.25000,-7.572,12.41,-1.22,0.16667,-21.317,-25.328,-30.752,31.915,0.54911,36.226,0.58333,41.398,0.55556,0.02778,0.25000,28.265,0.47222,-0.05556,0.52778,-17.704,-30.074,0.08333,-0.397,-0.14256,22.743,-0.13889,0.36924,-0.14809,11.645,-0.5
1,1,30.556,43.147,1,11.332,-23.479,0.71178,0.80833,0.45622,-8.772,0.33081,-15.682,-43.712,-18.269,-28.179,1,-39.14,14.328,-0.61382,28.306,-0.52674,0.71699,-0.88500,43.638,-1,45.117,-1,13.969,-38.108,-0.16713,-8.04,-0.42226,6.188,-0.65557
1,1,0,20.445,7.189,0.83550,-7.301,28.687,20.137,25.851,0.70792,0.13469,0.94749,-0.09818,-16.996,24.454,-31.834,42.409,0.71161,-47.896,0.67989,3.808,0.24956,-5.709,0.02995,8.754,30.846,-0.70352,-17.045,46.559,-0.19185,-0.34131,11.636,-0.19609,-0.62956
1,1,40.297,0.83789,-18.481,48.131,-17.008,-27.287,31.02,0.16470,23.557,-0.13012,0.86947,-48.503,-7.537,-0.59435,0.52070,-33.759,-46.208,1.446,0.03928,-0.62041,-0.31351,16.588,-47.9,37.67,-0.67796,-19.484,-0.62691,0.14690,-0.45911,8.742,-5.02,0.48319,-0.24313
1,1,0,18.147,-43.324,0.75254,21.845,25.124,26.818,-1.896,0.95776,34.465,0.96301,-0.56535,21.555,-0.78751,14.761,4.408,-43.097,-0.93641,-0.06418,11.075,10.771,-0.65079,-0.67464,35.726,-0.84951,43.026,-38.266,11.391,-0.85762,0.54827,-0.69613,29.479,-0.44173
1,1,-39.674,25.696,0.36924,18.43,-40.549,-15.776,0.94078,-38.63,0.76527,-0.31605,49.658,-0.66616,0.78766,-0.92145,-10.049,-9.342,0.09585,38.537,3.38,-0.66431,5.978,10.683,-2.984,-0.13486,-0.951,0.19765,38.43,0.48904,-0.70247,12.234,-0.46048,9.445,-0.13194
1,-20.894,0,-14.47,-6.138,1,-0.05558,1,0.01373,1,-0.12352,-27.799,-24.042,-47.548,-0.01731,-45.041,-7.605,1,-23.633,1,4.67,20.927,-0.10108,1,-0.02685,-9.182,-0.22978,-13.75,-35.611,1,0.08299,-27.005,20.402,-12.941,-17.778
1,1,42.968,48.77,-0.00155,0.86421,-0.13244,0.94982,-0.00461,4.012,-29.23,26.88,0.10368,27.059,13.714,31.09,44.386,-23.17,-0.15518,0.84013,-14.638,1,-0.16321,0.87492,24.693,-15.515,47.951,-25.412,-0.01769,0.82427,-0.01867,29.812,-13.846,16.534,-0.02039
1,-0.245,-17.8,-48.959,-28.77,-37.204,0.52312,0.41319,35.028,43.24,0.83548,-0.16831,-0.948,-0.42911,23.487,-0.57165,0.41471,-0.75436,45.911,-23.539,0.748,-0.57695,-21.95,-0.40637,-4.679,-0.17437,-0.52540,2.417,41.072,0.19030,-26.652,0.31008,-0.23199,32.861,-0.08036
1,1,0.296,0.88085,0.35232,-9.484,11.633,0.34816,0.79784,-3.04,-29.402,-16.113,12.067,-36.958,0.69590,-0.77106,-28.626,23.309,0.08408,-0.81641,-19.837,-0.64579,45.953,35.809,-0.68337,9.921,-0.75533,13.044,-0.71504,-23.719,-0.57649,0.56626,-41.462,19.149,-0.13305
1,-37.749,34.566,0.89589,0.39286,-13.657,28.739,-15.775,-40.154,-0.04787,26.1,-17.44,0.84605,11.275,-3.477,-0.92819,0.25133,-0.92282,-0.15315,-0.76064,14.078,1.756,-0.76197,-0.14895,-0.88591,0.21581,-23.136,0.53229,-0.68593,-19.321,-0.40656,-36.002,1.889,26.936,-8.984
1,1,31.182,11.067,-0.24051,1,-36.709,-23.066,-0.10127,30.365,-7.546,1,36.125,32.696,0.06329,0.84810,5.646,34.469,-47.528,-12.618,-10.377,24.074,0.06329,1,0.25316,30.702,-0.37975,0.84637,-0.05540,-32.119,-0.06329,-36.636,0.02532,49.57,-0.02532
1,1,0,0.74790,-44.261,-9.638,0.01659,0.82638,-9.561,9.26,-48.272,0.60504,-47.962,-37.207,0.04731,0.77441,-46.268,-19.52,-35.941,-33.59,-9.523,0.71285,0.07122,0.68895,0.07577,13.739,0.08403,46.867,38.865,-46.252,0.01681,6.772,29.248,0.55330,0.08891
1,-20.845,0,0.85013,0.01809,-42.449,0.01456,0.92046,0.02180,0.92765,32.019,0.87597,15.698,0.91161,43.241,22.417,0.05018,0.87339,-0.822,-39.757,4.694,-20.507,43.231,48.062,13.948,-38.654,0.10853,0.86923,0.08950,39.301,-6.088,0.85198,0.10134,7.561,-41.191
1,1,28.267,4.391,22.918,1,-0.00343,1,-35.878,5.298,-0.01565,50.398,33.086,23.476,-22.409,0.99828,4.042,0.99528,39.789,7.876,-0.03452,-32.161,-0.03881,-45.317,-0.05039,46.822,-0.04931,0.99842,23.155,7.921,-0.06304,42.156,-0.06497,0.98971,-0.06668
1,-6.515,-43.299,0.89505,-42.244,0.87525,-28.099,37.936,-30.778,14.659,0.02772,-41.818,-0.00990,0.94059,-0.01584,27.413,-18.346,0.93663,0,-38.633,0.01386,0.90495,41.94,0.88713,42.803,0.89307,0.02376,0.89002,0.01611,-27.252,-31.098,-18.17,2.015,-31.376,0.02376
1,1,24.723,20.873,0.01773,1,-0.01773,24.37,-37.08,-31.471,5.234,19.212,0.03546,-5.996,0.01064,48.756,0.03546,1,-0.03191,0.89716,-0.03191,0.86170,-18.178,38.196,0.09220,-24.405,0.04610,0.94305,-23.171,47.251,46.292,1,48.269,-40.506,-5.006
1,1,0,0.39394,47.059,0.62655,0.01270,0.45455,-4.853,0.63636,0.09091,10.266,-21.485,0.57576,-4.137,-16.903,0,-32.755,37.087,-26.491,40.032,-20.569,0.18182,-12.588,40.241,-12.712,0.05929,0.46362,0.06142,0.33333,-31.257,21.01,46.653,6.547,0.24242
1,1,39.839,-31.352,0.35950,34.157,38.995,12.3,-7.302,0.08646,0.85893,-0.24118,36.932,-0.51763,-15.733,-24.183,37.751,-0.77019,-48.158,-0.69397,-0.13652,-30.933,-1.503,-22.732,-0.57679,-0.02844,-0.59954,0.15360,-43.553,0.32309,-41.177,0.46189,-22.202,-24.811,0.01820
1,1,0,0.89563,26.165,0.67311,42.071,0.35916,0.88696,19.384,48.478,-0.38875,-9.421,-0.67274,0.62078,-1.393,28.413,7.963,-0.05365,-0.73564,-0.34275,-1.01,-26.856,-0.23428,-33.125,38.47,19.554,0.33531,-0.62296,-27.989,-38.954,29.32,-0.17343,-12.25,1.829
1,1,0,0.90547,-15.683,0.65354,6.802,0.29921,0.95905,-0.13342,31.511,-14.015,8.544,-0.79657,-7.692,-26.472,-47.0,42.118,49.09,-0.71863,-0.59379,-43.588,-48.52,-0.02250,-48.467,0.36318,-16.862,-1.924,-0.61959,-32.817,-0.28123,0.88654,1.574,-40.411,0.46301
1,1,45.101,-14.852,1,-41.264,-5.389,25.017,0.92713,-0.27586,-1.447,-0.31527,-25.715,-0.87192,40.051,-0.92857,-0.08867,-0.38916,-0.34236,-30.238,35.668,-0.05419,4.866,-18.296,-0.20443,17.402,-39.693,0.85471,-37.367,35.939,1,0.38670,42.64,0.17758,-9.716
1,1,0,1,0.51515,17.957,30.334,0.06061,0.36364,14.007,-29.708,-0.45455,-18.187,-0.57576,0,-0.57576,25.807,23.601,14.179,44.52,25.93,0.48485,-18.569,0.57576,-0.42424,45.199,-19.968,50.23,-13.664,0.96970,-41.94,0.24242,27.256,0.09091,35.23
1,1,-46.763,27.052,0,-34.003,-0.02744,-11.684,37.906,0.90244,-26.948,0.90244,0.01829,0.93902,-39.956,-28.701,23.835,29.205,0.02744,8.71,-5.266,6.13,0.02439,-0.638,0.05488,-17.321,0.04878,28.0,0.02226,0.90854,0.00915,18.637,0.05488,45.366,-0.01220
1,1,0,-8.435,13.164,-0.418,-0.08156,21.211,-0.01773,49.369,0.01064,0.80142,35.493,-35.162,-0.00709,0.94326,0,0.93262,39.937,0.95035,41.717,-25.228,31.288,0.80496,0.07092,37.678,-43.09,0.89527,0.08165,-33.485,15.981,-45.498,33.696,0.92553,-32.105
1,1,0,38.166,0.10638,-43.135,-3.608,0.88542,0.01471,-4.931,-0.01418,-10.467,0.10638,-6.428,-18.742,0.87235,-25.849,-12.108,16.604,47.131,0.04255,0.85597,-7.889,-20.815,29.472,-16.948,0.11348,-35.461,0.06014,0.74468,-0.03546,0.81710,16.159,35.498,0.07173
1,1,0,0.87578,0.03727,-31.997,48.497,-2.327,1.452,3.422,-30.303,0.95031,0.07453,33.496,0.00994,25.835,-4.333,24.66,-42.839,7.195,0.02484,3.715,16.849,0.83486,0.01749,35.676,-0.04348,0.82111,0.02033,-22.623,0.08696,-14.885,5.919,0.80088,0.02441
1,1,4.847,0.97513,-31.669,7.014,-17.392,24.564,0.01954,0.99290,-48.976,24.82,2.143,0.97158,0.03552,1,7.652,-15.124,-19.997,0.98579,0.05684,0.97158,-19.321,-33.232,-22.524,32.105,0.03552,0.97540,0.06477,0.94849,47.962,0.99112,-7.036,0.98934,-21.201
1,1,-25.335,47.488,0.01105,3.511,0.01105,-14.999,-25.569,11.978,14.465,0.99448,-40.389,0.98343,-23.648,1,0.00884,-25.272,0.00773,-0.034,-31.922,-28.339,4.467,0.98122,0.02099,0.97127,-0.00663,0.98033,0.01600,39.57,38.88,0.98564,-42.992,-37.215,0.02762
1,1,44.209,1,48.581,1,0.01566,1,-9.408,-26.108,17.898,-21.638,-2.079,0.95973,-12.84,1,0.06488,34.425,-43.895,1,0.03579,0.99776,26.139,17.533,0.07383,34.965,-26.246,0.99989,0.08763,14.443,-17.302,20.953,0.10067,1,34.811
1,1,-29.813,0.88420,19.973,0.67123,0.171,0.39613,0.86399,0.02424,0.93182,37.114,0.83713,-39.079,30.626,-0.78658,14.381,-0.83285,-0.00642,19.27,-0.32963,-0.52504,-0.53924,2.75,26.775,0.00806,-25.746,28.103,-23.816,-40.166,27.891,33.599,28.946,27.008,0.02823
1,13.432,0,13.49,9.35,-37.297,0.75725,48.333,0.95148,-0.20449,0.96534,1.1,0.81191,-21.856,31.653,-0.96986,25.738,-0.91456,-0.31412,-21.875,-0.65461,-0.32354,-0.88999,0.05865,9.005,0.44483,-0.82154,-24.734,-29.777,-8.93,37.38,13.755,-35.888,-7.859,0.54852
1,37.809,0,0.32789,45.505,-39.047,0.29308,-17.029,0.74485,-0.25131,21.183,-0.16503,-4.679,-29.277,0.24865,45.091,-0.00337,-37.842,44.756,-0.30522,-0.48886,-0.14426,12.615,-6.729,-0.28916,-41.897,-0.18560,0.39599,-35.521,35.356,0.05614,38.02,-26.924,-9.119,0.26422
1,32.694,-42.866,0.352,-3.591,0.44681,-38.136,0.05319,13.363,-0.32027,-38.882,-0.68253,-45.028,-0.84211,20.283,13.812,-0.28723,41.878,-0.71725,-0.04759,-0.86002,16.835,-0.76316,0.56663,-0.52128,0.74300,5.762,-1.486,34.989,0.45185,7.562,26.624,28.564,-0.18533,0.74356
1,-42.787,41.065,0.19466,0.05725,0.04198,0.25191,-0.10557,-24.907,-0.18321,30.345,-0.41985,11.623,-0.45420,-8.527,-44.08,38.778,1.711,35.092,-30.276,-0.17557,27.585,-0.11953,28.746,-0.16031,0.21645,0.24692,-7.489,0.31092,40.654,27.473,-0.16794,0.16794,-25.768,12.742
1,1,0,0.98002,43.557,1,-0.813,-20.743,-0.00075,44.106,-19.246,-15.705,0.02130,0.97888,-7.986,0.99170,36.334,25.645,32.083,0.93552,12.24,0.97738,0.05524,1,44.827,28.248,0.08107,-6.073,22.621,-0.652,0.08088,-30.27,0.08126,-16.704,0.08616
1,1,0,-37.987,-0.07572,-23.212,42.638,0.87514,12.228,31.425,-0.07514,-43.196,-0.11734,0.84624,-7.794,0.83121,-9.31,0.74798,-37.041,0.78324,13.405,-46.345,-0.02370,28.926,31.077,0.74451,7.083,14.64,-0.02731,26.239,-28.081,0.70058,10.29,0.78439,0.01214
1,20.417,9.744,0.35346,-0.13768,7.387,-17.958,0.68195,8.336,0.55717,4.448,-27.124,-5.022,-32.035,-47.476,43.53,-0.07289,0.42271,37.779,20.271,-16.667,47.69,-0.08771,25.292,-8.412,0.45008,-0.00564,0.39146,-0.09038,0.35588,-0.10306,0.32232,47.323,0.28943,-0.08300
1,1,-48.041,41.058,0.01092,0.86335,11.947,3.144,30.243,0.79988,0.02304,0.81504,0.12068,-16.76,0.00744,35.501,24.676,-32.146,-19.503,17.828,0.03881,0.76979,-4.617,29.482,0.01232,0.77138,-0.00303,23.439,0.01375,-43.013,-46.465,0.66298,-18.895,5.978,0.01525
1,-37.519,43.072,-42.691,25.919,0.97404,0.06831,0.49590,0.50137,0.75683,39.278,49.386,-0.14071,11.582,13.691,36.486,0.58743,18.478,0.31831,0.78552,21.302,0.47541,-16.518,1,0.00683,3.955,20.79,0.68656,0.17088,-1.173,11.196,0.55328,17.456,-37.214,0.48087
1,1,0,0.83508,0.08298,0.73739,-0.217,0.84349,11.087,0.90441,-0.04622,21.438,-6.169,7.453,-28.732,-7.605,-0.08929,1,-0.02101,0.96639,-10.406,9.56,-21.883,-38.899,-41.167,40.491,-0.04202,-13.915,-24.026,1,24.9,12.402,-2.309,0.90546,-0.04307
1,-27.005,0,5.562,19.932,0.95183,-0.02723,-47.613,-0.01920,-34.597,0.01606,-12.976,0.03281,0.94171,0.07330,0.94625,-0.01326,0.97173,24.78,-15.424,-10.122,26.882,-15.386,-6.61,-45.94,48.76,42.981,-22.626,30.146,-16.772,0.08168,0.94066,-0.00035,0.91483,0.04712
1,1,-49.753,0.94701,29.005,-12.895,44.379,0.95177,-0.03431,0.95584,-1.221,0.94124,0.01766,0.92595,-15.209,0.93954,-0.01461,-27.77,0.02004,0.93784,0.01393,0.91406,-24.051,42.454,0.06148,16.686,43.13,26.984,-21.689,4.105,0.02242,14.781,-26.249,48.894,0.841
1,35.346,-17.8,-21.933,22.747,0.98122,-0.01989,0.95691,10.945,0.85746,0.00110,0.89724,-0.03315,46.634,-36.346,0.90608,32.47,0.91381,-4.305,-18.789,-0.12928,13.761,11.214,-28.144,-0.02320,-0.826,-37.866,0.89147,-0.07760,0.82983,2.23,-25.311,-0.03757,-14.941,-0.16243
1,37.207,0,0.84710,-2.963,24.904,-0.06151,0.87873,0.08260,0.88928,11.96,0.78735,18.588,0.80668,-0.00351,-23.333,-36.844,0.85764,-0.04569,-29.439,9.998,47.271,-17.078,-21.569,0.04394,-28.154,-41.245,0.81147,0.248,-9.386,14.555,2.717,-0.06678,0.85764,-0.06151
