0,1,22.061,3.5,-39.407,0.2
0,2,4.9,-22.37,49.34,0.2
0,-19.845,4.7,3.2,47.619,0.2
0,4,15.652,38.929,1.5,0.2
0,47.97,52.168,3.6,1.4,0.2
0,32.122,5.4,-35.809,1.7,0.4
0,7,4.6,32.687,1.4,-3.561
0,8,6.843,3.4,12.371,0.2
0,9,4.4,2.9,36.983,-43.907
0,10,4.9,21.381,19.68,0.1
0,11,-31.195,3.7,1.5,-22.486
0,12,-23.902,24.091,1.6,0.2
0,-34.58,54.78,3,1.4,0.1
0,14,15.334,-32.728,1.1,0.1
0,-11.171,5.8,4,1.2,4.446
0,16,-32.854,-41.684,1.5,0.4
0,17,-37.367,-39.203,1.3,0.4
0,18,-7.947,3.5,20.741,0.3
0,2.395,5.7,3.8,-36.479,0.3
0,37.705,5.1,3.8,-32.464,0.3
0,21,-32.231,-31.889,1.7,0.2
0,22,5.1,25.195,-32.245,0.4
0,70.943,4.6,3.6,19.215,0.2
0,24,5.1,-42.775,1.7,27.04
0,25,4.8,43.4,-36.772,0.2
0,26,5,-46.485,-0.836,0.2
0,27,5,27.359,1.6,27.749
0,28,20.303,46.95,1.5,0.2
0,29,5.2,3.4,-34.25,-15.016
0,30,10.946,9.562,1.6,0.2
0,31,4.8,3.1,-22.706,4.299
0,7.015,5.4,-1.905,1.5,0.4
0,33,5.2,4.1,40.386,-31.533
0,34,44.495,4.2,-40.862,0.2
0,4.179,4.9,3.1,1.5,15.189
0,36,32.253,4.876,1.2,0.2
0,37,-35.226,46.088,1.3,0.2
0,38,3.523,3.6,34.529,0.1
0,39,1.531,42.162,1.3,0.2
0,56.038,22.368,3.4,1.5,0.2
0,36.346,5,3.5,1.3,34.752
0,42,36.832,2.3,7.321,0.3
0,4.2,4.4,3.2,30.59,0.2
0,44,5,-14.581,-37.949,0.6
0,38.228,5.1,-45.159,1.9,0.4
0,90.529,4.8,3,1.4,28.172
0,37.322,5.1,3.8,46.882,0.2
0,58.342,4.6,-5.719,1.4,0.2
0,93.692,47.274,3.7,1.5,0.2
0,50,5,3.3,-12.166,7.001
1,51,7,-24.372,42.337,1.4
1,90.741,6.4,3.2,-6.611,1.5
1,97.029,6.9,-17.377,4.9,1.5
1,54,-41.326,2.3,4,14.179
1,55,-39.721,2.8,35.249,1.5
1,56,5.7,42.282,54.202,1.3
1,57,6.3,-30.927,15.564,1.6
1,58,-1.159,-25.636,3.3,1
1,59,-3.808,13.053,4.6,1.3
1,60,-17.838,2.7,-27.058,1.4
1,61,18.059,27.794,3.5,1
1,62,5.9,11.474,-9.89,1.5
1,63,-6.271,2.2,10.596,1
1,86.282,-42.576,2.9,4.7,1.4
1,65,45.807,2.9,-17.467,1.3
1,66,-36.593,2.384,4.4,1.4
1,67,27.807,3,4.5,31.064
1,38.938,5.8,-20.971,4.1,1
1,69,-13.478,2.2,46.545,1.5
1,70,46.602,2.5,3.9,-31.918
1,71,-21.642,3.2,4.8,-21.319
1,87.196,47.416,2.8,4,1.3
1,73,-39.91,-5.298,4.9,1.5
1,74,28.637,2.8,4.7,0.573
1,41.64,6.4,2.9,11.851,1.3
1,76,4.405,3,-43.47,1.4
1,77,-30.414,2.8,4.8,33.42
1,35.128,6.7,25.979,5,1.7
1,79,8.483,-46.748,4.5,1.5
1,80,50.26,-15.562,3.5,1
1,81,5.5,-18.761,43.579,1.1
1,82,5.5,2.4,-23.903,50.422
1,83,20.519,2.7,3.9,-39.865
1,84,-18.734,-5.809,5.1,1.6
1,85,5.4,16.899,-18.84,1.5
1,86,4.231,-33.442,4.5,1.6
1,87,-29.204,0.768,4.7,1.5
1,88,6.3,-39.084,34.989,1.3
1,89,5.6,3,-44.732,38.303
1,90,5.5,2.5,1.209,-35.541
1,51.806,5.5,13.33,4.4,1.2
1,92,6.1,3,-42.542,-31.168
1,120.054,5.8,51.45,4,1.2
1,94,4.511,2.3,3.3,44.814
1,95,-14.266,2.7,14.123,1.3
1,96,5.7,42.51,-16.816,1.2
1,63.987,5.7,-4.265,4.2,1.3
1,98,6.2,-34.994,37.078,1.3
1,99,28.147,2.5,3,1.141
1,139.15,5.7,-0.54,4.1,1.3
2,101,6.3,35.831,-15.736,2.5
2,102,5.8,-16.431,5.1,11.079
2,131.927,7.1,3,5.9,44.771
2,146.542,37.864,2.9,5.6,1.8
2,147.517,6.5,3,27.503,2.2
2,88.821,7.6,3,23.913,2.1
2,107,4.9,2.5,52.606,-46.004
2,108,7.3,2.9,35.876,-15.725
2,109,6.7,22.953,5.8,18.431
2,110,42.957,3.6,27.615,2.5
2,111,6.5,38.636,-7.438,2
2,112,6.4,33.145,-37.171,1.9
2,113,6.8,19.828,5.5,-36.918
2,114,-12.399,-10.693,5,2
2,82.199,-15.402,2.8,5.1,2.4
2,116,51.622,3.2,2.017,2.3
2,117,41.508,3,-20.76,1.8
2,90.143,-33.536,3.8,6.7,2.2
2,119,7.7,-6.032,6.9,27.657
2,120,17.688,2.807,5,1.5
2,121,6.9,9.792,5.7,28.233
2,122,5.6,2.8,40.397,7.452
2,123,35.221,2.8,-30.604,2
2,124,31.112,2.7,8.084,1.8
2,125,11.247,3.3,-27.129,2.1
2,126,7.057,3.2,-7.901,1.8
2,111.735,-14.487,2.8,4.8,1.8
2,174.512,6.1,48.887,4.9,1.8
2,129,6.4,-21.522,5.6,11.661
2,130,-8.065,9.405,5.8,1.6
2,131,7.4,-20.142,6.1,34.504
2,132,19.034,3.8,-20.707,2
2,104.448,6.4,24.484,5.6,2.2
2,131.802,6.3,2.8,18.552,1.5
2,166.951,6.1,-19.801,5.6,1.4
2,179.239,7.7,3,-42.85,2.3
2,137,-35.886,-15.951,5.6,2.4
2,117.014,6.4,3.1,-27.147,1.8
2,107.196,6,3,15.474,1.8
2,140,42.662,22.652,5.4,2.1
2,141,16.021,3.1,-12.69,2.4
2,142,-32.542,3.1,5.1,11.917
2,132.066,55.079,2.7,5.1,1.9
2,98.618,6.8,3.2,-20.106,2.3
2,145,6.7,-43.721,45.528,2.5
2,146,-31.525,42.771,5.2,2.3
2,147,-12.013,2.5,29.204,1.9
2,148,-32.813,3,-31.587,2
2,149,2.542,10.951,5.4,2.3
2,150,19.022,13.735,5.1,1.8
